max_pf 112 min_pf 16
individual T0 sigma disp_rate r0 patch_no mut_eff
2 323.107 7.83399 0.01 1 111 0
9 310.595 7.93816 0.01 1 72 0
10 307.105 8.37803 0.01 1 72 0
100 292.442 8.4795 0.01 1 18 0
116 296.269 8.4795 0.01 1 18 0
190 305.755 8.15698 0.01 1 72 0
232 292.442 8.4795 0.01 1 17 0
273 312.355 7.74053 0.01 1 72 0
276 296.475 8.4795 0.01 1 18 0
334 297.468 8.4795 0.01 1 17 0
400 310.943 7.76716 0.01 1 72 0
410 311.343 7.59845 0.01 1 72 0
477 308.102 8.24616 0.01 1 72 0
483 323.107 7.83399 0.01 1 112 0
520 292.442 8.4795 0.01 1 17 0
538 323.715 8.04105 0.01 1 110 0
611 297.468 8.4795 0.01 1 18 0
687 292.442 8.4795 0.01 1 18 0
753 297.468 8.4795 0.01 1 16 0
754 308.102 8.24616 0.01 1 72 0
773 312.355 7.74053 0.01 1 72 0
800 308.964 7.93859 0.01 1 72 0
817 298.295 8.46836 0.01 1 18 0
821 292.442 8.4795 0.01 1 17 0
898 297.889 8.4795 0.01 1 18 0
921 308.102 8.24616 0.01 1 72 0
962 292.442 8.4795 0.01 1 17 0
978 307.997 8.24616 0.01 1 72 0
1065 298.637 8.4795 0.01 1 17 0
1179 297.468 8.4795 0.01 1 18 0
1206 298.549 8.4795 0.01 1 18 0
1212 292.681 8.4795 0.01 1 17 0
1243 312.355 7.74053 0.01 1 72 0
1268 297.768 8.4795 0.01 1 18 0.000926256
1323 292.681 8.4795 0.01 1 18 0
1334 298.295 8.46836 0.01 1 17 0.00176853
1447 292.442 8.4795 0.01 1 18 0
1473 305.755 8.14567 0.01 1 72 0
1532 292.681 8.5491 0.01 1 18 0.0011363
1587 297.954 8.4795 0.01 1 18 0
1685 310.789 7.75394 0.01 1 72 0
1721 298.549 8.64378 0.01 1 18 0
1785 297.163 8.4795 0.01 1 18 0
1796 297.889 8.4795 0.01 1 18 0
1814 292.442 8.4795 0.01 1 18 0
1839 308.989 7.90276 0.01 1 72 0
1852 292.681 8.4795 0.01 1 17 0
1859 307.516 8.14567 0.01 1 72 0
1930 298.506 8.40389 0.01 1 18 0
1938 324.411 7.69295 0.01 1 110 0
2026 307.86 8.24616 0.01 1 72 0
2036 324.033 7.8004 0.01 1 110 0
2039 326.768 7.78725 0.01 1 110 0
2073 298.506 8.40389 0.01 1 16 0
2239 298.549 8.64378 0.01 1 18 0
2391 309.125 7.83482 0.01 1 72 0
2443 324.411 7.79879 0.01 1 110 0
2450 298.506 8.56669 0.01 1 18 0
2502 306.568 8.29757 0.01 1 72 0
2524 311.249 8.2598 0.01 1 72 0
2597 322.73 8.03606 0.01 1 110 0
2666 298.506 8.4795 0.01 1 18 0
2669 323.107 8.03606 0.01 1 111 0
2673 322.73 8.03606 0.01 1 111 0
2707 298.549 8.4795 0.01 1 18 0
2714 292.442 8.4795 0.01 1 18 0
2715 293.971 8.4795 0.01 1 18 0
2779 308.266 8.07584 0.01 1 72 0
2826 308.462 7.95639 0.01 1 72 0
2898 308.663 8.91041 0.01 1 72 0
2899 298.549 8.66686 0.01 1 17 0
2923 297.477 8.26079 0.01 1 18 0
2973 324.302 8.03606 0.01 1 111 0
3025 298.506 8.60152 0.01 1 18 0
3087 298.549 8.4795 0.01 1 18 0
3117 297.468 8.61407 0.01 1 18 0
3124 298.549 8.66686 0.01 1 18 0
3263 297.468 8.57929 0.01 1 17 0
3273 322.73 8.03606 0.01 1 110 0
3282 298.506 8.4795 0.01 1 18 0
3365 297.468 8.4795 0.01 1 18 0
3433 297.477 8.26079 0.01 1 16 0
3448 310.532 7.65853 0.01 1 72 0
3459 308.462 7.95639 0.01 1 72 0
3554 311.249 8.2598 0.01 1 72 0
3563 297.468 8.61407 0.01 1 18 0
3588 309.049 7.77627 0.01 1 72 0
3620 309.539 7.78839 0.01 1 72 -6.72042e-06
3638 297.889 8.4795 0.01 1 18 0
3769 323.107 7.83399 0.01 1 112 0
3840 296.475 8.4795 0.01 1 18 0
3873 308.964 7.93859 0.01 1 72 0
4039 298.5 8.4795 0.01 1 18 0
4056 323.107 7.83399 0.01 1 111 0
4060 297.468 8.61407 0.01 1 18 0
4077 297.889 8.4795 0.01 1 18 0
4159 298.549 8.4795 0.01 1 18 0
4218 292.442 8.4795 0.01 1 18 0
4323 309.015 7.94419 0.01 1 72 0
4380 305.755 8.15698 0.01 1 72 0
4542 298.506 8.4795 0.01 1 17 0
4630 307.968 8.11363 0.01 1 72 0
4670 323.107 7.89133 0.01 1 111 0
4692 292.442 8.4795 0.01 1 18 0
4739 305.755 8.15698 0.01 1 72 0
4793 307.451 8.24616 0.01 1 72 -0.00230318
4794 292.442 8.4795 0.01 1 18 0
4828 292.442 8.4795 0.01 1 18 0
4832 308.989 7.74405 0.01 1 72 0
4907 297.477 8.26079 0.01 1 18 0
4914 310.898 7.84423 0.01 1 72 0
4968 307.719 8.27502 0.01 1 72 0
5023 323.107 7.83399 0.01 1 111 0
5097 306.753 8.14567 0.01 1 72 0
5098 323.107 8.03606 0.01 1 111 0
5120 308.989 7.74405 0.01 1 72 0
5156 298.549 8.4795 0.01 1 18 0
5285 307.79 7.77627 0.01 1 72 0
5312 307.516 8.14567 0.01 1 72 0
5331 307.79 7.77627 0.01 1 72 0
5353 297.889 8.4795 0.01 1 17 0
5444 312.382 7.73327 0.01 1 72 0
5461 295.591 8.66686 0.01 1 17 0
5568 292.442 8.4795 0.01 1 18 0
5735 297.477 8.26079 0.01 1 18 0
5742 297.468 8.4795 0.01 1 17 0
5803 307.968 7.91449 0.01 1 72 0
5833 298.506 8.4795 0.01 1 18 0
5866 298.549 8.4795 0.01 1 18 0
5911 298.549 8.64378 0.01 1 18 0
5923 298.549 8.4795 0.01 1 18 0
5955 307.116 8.14567 0.01 1 72 0
6008 306.568 8.29757 0.01 1 72 0
6031 292.681 8.4795 0.01 1 17 0
6133 310.789 7.74991 0.01 1 72 0
6218 298.549 8.5335 0.01 1 17 0
6301 292.442 8.4795 0.01 1 18 0
6330 292.442 8.4795 0.01 1 17 0
6424 298.549 8.4795 0.01 1 18 0
6451 307.28 8.35762 0.01 1 72 0
6462 298.637 8.4795 0.01 1 17 0
6480 298.549 8.66686 0.01 1 16 0
6523 309.125 7.77864 0.01 1 72 0
6524 292.681 8.4795 0.01 1 18 0
6585 296.157 8.4795 0.01 1 18 0
6658 307.355 8.39237 0.01 1 72 0
6670 298.506 8.4795 0.01 1 17 0
6754 309.125 7.73327 0.01 1 72 0
6827 307.892 7.9886 0.01 1 72 0
6837 297.468 8.4795 0.01 1 18 0
6842 297.716 8.4795 0.01 1 18 -0.00258579
6844 307.968 7.77499 0.01 1 72 0
6886 323.107 7.83399 0.01 1 112 0
6895 292.442 8.4795 0.01 1 18 0
6910 298.549 8.4795 0.01 1 18 0
6942 297.468 8.4795 0.01 1 18 0
6991 308.699 7.96401 0.01 1 72 0
7109 297.468 8.4795 0.01 1 18 0
7171 323.107 7.89133 0.01 1 111 0
7340 297.393 8.4795 0.01 1 17 0
7421 298.549 8.64378 0.01 1 18 0
7433 298.506 8.4795 0.01 1 18 0
7479 323.217 7.88613 0.01 1 111 0
7493 324.302 8.03606 0.01 1 111 0
7573 309.125 8.02956 0.01 1 72 0
7585 311.169 8.02018 0.01 1 72 0
7636 298.506 8.4795 0.01 1 18 0
7801 292.442 8.4795 0.01 1 17 0
7873 298.549 8.43242 0.01 1 17 0
7875 323.217 7.88613 0.01 1 111 0
7906 324.411 7.69295 0.01 1 110 0
7921 323.107 7.83399 0.01 1 112 0
7926 292.442 8.4795 0.01 1 16 0
7983 309.015 8.19629 0.01 1 72 0
8009 297.477 8.26079 0.01 1 18 0
8068 309.015 8.19629 0.01 1 72 0
8106 297.876 8.63774 0.01 1 17 0
8161 297.889 8.4795 0.01 1 17 0
8162 297.477 8.26079 0.01 1 18 0
8187 310.406 7.86724 0.01 1 72 0
8242 298.614 8.4795 0.01 1 18 -0.000437755
8268 306.363 8.24503 0.01 1 72 0
8326 310.423 7.84423 0.01 1 72 0
8347 296.475 8.46568 0.01 1 17 0
8356 324.694 7.83928 0.01 1 110 0
8401 297.672 8.4795 0.01 1 18 0
8429 323.107 7.89133 0.01 1 111 0
8468 298.549 8.4795 0.01 1 18 0
8475 310.423 7.84423 0.01 1 72 0
8516 292.442 8.4795 0.01 1 17 0
8553 292.442 8.4795 0.01 1 18 0
8567 309.125 7.73327 0.01 1 72 0
8599 310.789 7.74991 0.01 1 72 0
8604 292.442 8.4795 0.01 1 18 0
8623 310.898 7.84423 0.01 1 72 0
8661 307.968 7.77499 0.01 1 72 0
8662 306.011 8.25706 0.01 1 72 0
8716 297.468 8.4795 0.01 1 18 0
8822 309.015 7.87584 0.01 1 72 0
8955 298.549 8.4795 0.01 1 18 0
9002 298.506 8.4795 0.01 1 16 0
9055 292.442 8.4795 0.01 1 18 0
9082 297.163 8.4795 0.01 1 18 0
9084 306.363 8.24503 0.01 1 72 0
9093 298.506 8.40389 0.01 1 18 0
9106 326.768 7.78725 0.01 1 110 0
9130 292.442 8.4795 0.01 1 18 0
9162 297.468 8.4795 0.01 1 18 0
9187 310.532 7.65853 0.01 1 72 0
9203 298.549 8.4795 0.01 1 18 0
9227 308.989 7.90276 0.01 1 72 0
9244 309.015 7.95639 0.01 1 72 0
9246 324.411 7.69295 0.01 1 110 0
9282 310.595 8.02018 0.01 1 72 0
9362 292.681 8.4795 0.01 1 18 0
9365 306.363 8.24503 0.01 1 72 0
9368 292.442 8.4795 0.01 1 17 0
9500 292.442 8.4795 0.01 1 18 0
9503 310.789 7.75394 0.01 1 72 0
9509 307.567 7.95639 0.01 1 72 0
9542 323.107 8.03606 0.01 1 110 0
9575 323.107 7.89133 0.01 1 111 0
9605 297.477 8.26079 0.01 1 18 0
9621 297.876 8.4795 0.01 1 17 0.00455621
9700 307.981 8.38379 0.01 1 72 0
9726 297.468 8.4795 0.01 1 18 0
9736 300.73 8.4795 0.01 1 18 0
9753 291.206 8.4795 0.01 1 18 0
9807 323.107 7.89133 0.01 1 111 0
9885 297.393 8.4795 0.01 1 17 0
9929 310.789 7.78223 0.01 1 72 0
9943 309.125 7.77864 0.01 1 72 0
10001 298.506 8.4795 0.01 1 17 0
10045 323.217 7.88613 0.01 1 110 0
10084 307.968 7.77499 0.01 1 72 0
10108 297.468 8.4795 0.01 1 18 0
10129 324.033 7.8004 0.01 1 110 0
10213 310.943 7.76716 0.01 1 72 0
10276 324.302 8.03606 0.01 1 111 0
10286 308.415 8.53822 0.01 1 72 0
10294 297.468 8.4795 0.01 1 17 0
10302 297.889 8.4795 0.01 1 16 0
10337 296.475 8.46568 0.01 1 17 0
10413 309.125 7.77864 0.01 1 72 0
10443 297.468 8.4795 0.01 1 18 0
10472 297.468 8.4795 0.01 1 17 0
10486 292.746 8.4795 0.01 1 17 -0.000837497
10546 323.107 8.08389 0.01 1 110 0
10645 309.015 8.19629 0.01 1 72 0
10736 297.163 8.4795 0.01 1 18 0
10747 298.506 8.4795 0.01 1 17 0
10820 323.217 7.88613 0.01 1 110 0
10845 298.506 8.4795 0.01 1 18 0
10974 323.217 7.88613 0.01 1 110 0
10986 292.681 8.4795 0.01 1 17 0
11042 297.468 8.5787 0.01 1 18 0
11127 323.107 8.03606 0.01 1 111 0
11158 324.302 8.12386 0.01 1 111 0.000509307
11163 297.468 8.4795 0.01 1 17 0
11207 293.072 8.4795 0.01 1 17 -0.00858136
11216 296.475 8.46568 0.01 1 17 0
11273 298.328 8.4795 0.01 1 18 0
11345 297.468 8.4795 0.01 1 18 0
11531 297.163 8.4795 0.01 1 18 0
11590 297.468 8.4795 0.01 1 18 0
11655 307.719 8.27502 0.01 1 72 0
11660 292.442 8.4795 0.01 1 18 0
11678 296.269 8.4795 0.01 1 18 0
11684 313.025 7.74053 0.01 1 72 0
11691 299.301 8.4795 0.01 1 17 0
11706 323.107 7.83399 0.01 1 112 0
11738 292.442 8.4795 0.01 1 18 0
11744 310.595 8.02018 0.01 1 72 0
11828 310.423 7.84423 0.01 1 72 0
11836 296.475 8.4795 0.01 1 17 0
11845 298.506 8.4795 0.01 1 17 0
11854 322.424 7.88613 0.01 1 110 0
11863 297.468 8.4795 0.01 1 18 0
11878 311.343 7.59845 0.01 1 72 0
11895 308.102 8.24616 0.01 1 72 0
11928 311.249 8.2598 0.01 1 72 0
12114 298.549 8.66686 0.01 1 18 0
12138 297.468 8.57929 0.01 1 17 0
12207 324.302 8.03606 0.01 1 111 0
12216 323.107 7.83399 0.01 1 111 0
12245 307.516 8.1245 0.01 1 72 0
12299 307.355 8.36027 0.01 1 72 0
12353 308.989 7.90276 0.01 1 72 0
12372 321.781 7.88613 0.01 1 111 -0.020538
12427 323.715 8.04105 0.01 1 111 0
12500 297.468 8.4795 0.01 1 18 0
12517 292.442 8.4795 0.01 1 18 0
12533 309.125 7.83482 0.01 1 72 0
12665 292.442 8.4795 0.01 1 18 0
12683 296.475 8.46568 0.01 1 18 0
12713 293.099 8.4795 0.01 1 18 0
12789 308.917 7.94419 0.01 1 72 -1.0401e-05
12803 297.393 8.4795 0.01 1 17 0
12805 297.672 8.4795 0.01 1 18 0
12817 297.163 8.4795 0.01 1 18 0
12834 323.107 8.03606 0.01 1 111 0
12871 310.423 7.84423 0.01 1 72 0
12900 308.415 8.50202 0.01 1 72 0
12902 308.989 7.90276 0.01 1 72 0
12940 292.442 8.4795 0.01 1 18 0
12963 292.442 8.4795 0.01 1 18 0
13008 310.423 7.84423 0.01 1 72 0
13069 298.018 8.66686 0.01 1 18 0
13125 297.468 8.4795 0.01 1 16 0
13172 292.442 8.4795 0.01 1 17 0
13181 323.107 7.83399 0.01 1 112 0
13182 298.506 8.4795 0.01 1 17 0
13207 292.442 8.4795 0.01 1 18 0
13233 296.475 8.46568 0.01 1 18 0
13252 298.295 8.46836 0.01 1 18 0
13265 296.269 8.4795 0.01 1 18 0
13287 296.269 8.4795 0.01 1 18 0
13370 309.125 8.02956 0.01 1 72 0
13382 323.107 8.03606 0.01 1 110 0
13391 298.549 8.43242 0.01 1 18 0
13557 311.249 8.2598 0.01 1 72 0
13610 310.406 7.595 0.01 1 72 0
13639 310.789 7.74991 0.01 1 72 0
13668 298.5 8.4795 0.01 1 18 0
13741 292.442 8.53117 0.01 1 18 0.000856444
13742 292.442 8.4795 0.01 1 18 0
13812 307.86 8.24616 0.01 1 72 -0.000715718
13872 298.637 8.4795 0.01 1 17 0
13877 296.475 8.46568 0.01 1 17 0
13924 323.437 8.03606 0.01 1 111 -0.0104346
13975 298.549 8.4795 0.01 1 18 0
14001 312.355 7.74053 0.01 1 72 0
14032 298.549 8.4795 0.01 1 17 0
14042 298.506 8.4795 0.01 1 18 0
14157 298.549 8.4795 0.01 1 18 0
14192 309.049 7.77553 0.01 1 72 0
14201 309.474 7.91001 0.01 1 72 0
14205 305.755 8.14567 0.01 1 72 0
14261 298.549 8.4795 0.01 1 18 0
14312 323.107 8.03606 0.01 1 111 0
14324 310.898 7.84423 0.01 1 72 0
14338 298.549 8.4795 0.01 1 18 0
14436 323.107 8.03606 0.01 1 110 0
14466 292.442 8.4795 0.01 1 17 0
14505 309.541 7.69131 0.01 1 72 0
14532 292.442 8.4795 0.01 1 17 0
14536 323.107 7.88613 0.01 1 111 0
14541 308.708 8.53822 0.01 1 72 0
14584 307.921 8.42283 0.01 1 72 0
14647 292.442 8.4795 0.01 1 18 0
14651 298.549 8.43242 0.01 1 18 0
14657 293.099 8.4795 0.01 1 18 0
14678 297.468 8.4795 0.01 1 17 0
14735 309.015 7.87584 0.01 1 72 0
14748 310.038 7.7589 0.01 1 72 0
14806 306.363 8.26737 0.01 1 72 0
14822 308.989 7.90276 0.01 1 72 0
14835 297.136 8.4795 0.01 1 18 0
14843 297.954 8.4795 0.01 1 18 0
14862 292.442 8.4795 0.01 1 18 0
14865 309.125 7.83482 0.01 1 72 0
14879 309.548 8.07584 0.01 1 72 0
14905 310.789 7.82789 0.01 1 72 0.000102237
14976 297.468 8.74186 0.01 1 18 0.00258827
15029 309.049 7.77627 0.01 1 72 0
15055 292.442 8.4795 0.01 1 18 0
15064 298.637 8.4795 0.01 1 17 0
15125 298.018 8.65972 0.01 1 18 -0.000101417
15238 298.549 8.66686 0.01 1 17 0
15245 311.249 8.2598 0.01 1 72 0
15248 297.468 8.61407 0.01 1 18 0
15287 297.468 8.5787 0.01 1 18 0
15334 292.681 8.4795 0.01 1 18 0
15469 309.015 7.77627 0.01 1 72 0
15495 307.921 8.42283 0.01 1 72 0
15502 298.549 8.66686 0.01 1 18 0
15570 292.442 8.4795 0.01 1 18 0
15588 298.549 8.66686 0.01 1 18 0
15607 296.269 8.4795 0.01 1 18 0
15611 297.876 8.63774 0.01 1 18 0
15681 324.033 7.8004 0.01 1 110 0
15699 310.898 7.84423 0.01 1 72 0
15819 307.921 8.42283 0.01 1 72 0
15851 308.699 7.96401 0.01 1 72 0
15862 297.163 8.4795 0.01 1 18 0
15878 297.672 8.4795 0.01 1 18 -0.00155067
15934 324.033 7.8004 0.01 1 110 0
15986 308.346 8.24616 0.01 1 72 0
16001 292.681 8.4795 0.01 1 18 0
16038 297.477 8.26079 0.01 1 18 0
16111 298.549 8.66686 0.01 1 18 0
16172 310.789 7.74991 0.01 1 72 0
16231 297.468 8.4795 0.01 1 18 0
16361 292.442 8.4795 0.01 1 18 0
16405 310.789 7.74991 0.01 1 72 0
16415 309.474 7.98583 0.01 1 72 0
16471 309.015 7.95639 0.01 1 72 0
16473 297.954 8.4795 0.01 1 18 0
16500 309.687 7.95949 0.01 1 72 0
16654 298.506 8.4795 0.01 1 18 0
16686 298.549 8.66686 0.01 1 17 0
16700 310.595 8.02018 0.01 1 72 0
16752 309.015 8.19629 0.01 1 72 0
16756 323.715 8.04105 0.01 1 110 0
16763 311.249 8.2598 0.01 1 72 0
16777 299.301 8.66239 0.01 1 18 0
16798 292.442 8.4795 0.01 1 17 0
16825 323.107 8.08389 0.01 1 110 -2.72244e-05
16850 310.898 7.84423 0.01 1 72 0
16865 292.442 8.5189 0.01 1 17 0.000666521
16880 309.474 8.09119 0.01 1 72 0
16905 306.363 8.24503 0.01 1 72 0
16970 292.681 8.4795 0.01 1 17 0
16978 298.506 8.4795 0.01 1 17 0
16981 298.506 8.40389 0.01 1 18 0
17005 296.475 8.4795 0.01 1 18 0
17064 311.973 7.90176 0.01 1 72 0
17072 298.549 8.66686 0.01 1 18 0
17240 310.898 7.84423 0.01 1 72 0
17261 297.468 8.61407 0.01 1 18 0
17278 326.768 7.78725 0.01 1 110 0
17279 297.468 8.4795 0.01 1 18 0
17362 297.876 8.63774 0.01 1 17 0
17374 310.789 7.74991 0.01 1 72 0
17385 308.102 8.24616 0.01 1 72 0
17517 298.128 8.4795 0.01 1 18 0
17649 323.217 7.88613 0.01 1 110 0
17702 308.862 7.73224 0.01 1 72 0
17730 323.107 8.08752 0.01 1 110 0
17751 310.789 7.78223 0.01 1 72 0
17754 297.468 8.61407 0.01 1 18 0
17789 297.468 8.4795 0.01 1 18 0
17795 293.099 8.4795 0.01 1 18 0
17844 297.712 8.39095 0.01 1 18 0
17977 298.549 8.66686 0.01 1 18 0
18002 295.591 8.66686 0.01 1 17 0
18102 310.789 7.74991 0.01 1 72 0
18116 310.038 7.7589 0.01 1 72 0
18164 323.715 8.04105 0.01 1 110 0
18171 292.442 8.4795 0.01 1 17 0
18177 310.038 7.7589 0.01 1 72 0
18233 292.442 8.4795 0.01 1 17 0
18249 298.549 8.5335 0.01 1 17 0
18290 297.468 8.4795 0.01 1 18 0
18344 307.968 7.91449 0.01 1 72 0
18364 292.442 8.4795 0.01 1 18 0
18372 309.687 7.93351 0.01 1 72 0
18407 307.921 8.42283 0.01 1 72 0
18495 309.125 7.73327 0.01 1 72 0
18506 298.506 8.40389 0.01 1 16 0
18579 297.468 8.39476 0.01 1 18 -0.00124956
18603 305.755 8.14567 0.01 1 72 0
18638 292.999 8.4795 0.01 1 18 -0.00741246
18707 297.876 8.63774 0.01 1 17 0
18843 292.442 8.4795 0.01 1 18 0
18965 297.876 8.63774 0.01 1 18 0
19009 310.789 7.74991 0.01 1 72 0
19012 323.208 7.75948 0.01 1 110 -0.00100082
19073 323.107 7.83399 0.01 1 111 0
19076 297.876 8.4795 0.01 1 17 0
19143 322.73 8.03606 0.01 1 111 0
19145 298.549 8.66686 0.01 1 17 0
19157 295.591 8.60482 0.01 1 17 0
19187 306.363 8.24503 0.01 1 72 0
19312 308.699 7.98341 0.01 1 72 0
19386 309.125 8.02956 0.01 1 72 0
19410 310.595 8.02018 0.01 1 72 0
19419 307.968 8.11363 0.01 1 72 6.3628e-05
19446 310.423 7.84423 0.01 1 72 0
19478 297.468 8.4795 0.01 1 16 0
19499 292.442 8.4795 0.01 1 18 0
19567 292.442 8.4795 0.01 1 18 0
19568 322.73 8.03606 0.01 1 111 0
19594 292.442 8.4795 0.01 1 17 0
19614 298.549 8.4795 0.01 1 18 0
19648 298.637 8.4795 0.01 1 17 0
19663 292.442 8.4795 0.01 1 16 0
19665 293.099 8.4795 0.01 1 18 -0.00895081
19680 298.549 8.4795 0.01 1 18 0
19691 309.474 7.98583 0.01 1 72 0
19727 310.789 7.53486 0.01 1 72 0
19775 297.889 8.4795 0.01 1 18 0
19808 311.249 8.2598 0.01 1 72 0
19842 306.363 8.24503 0.01 1 72 0
19940 297.477 8.4795 0.01 1 18 0
19965 296.475 8.46568 0.01 1 18 0
19975 308.989 7.90276 0.01 1 72 0
20001 298.506 8.4795 0.01 1 17 0
20014 324.411 7.69295 0.01 1 110 0
20194 307.116 8.14567 0.01 1 72 0
20211 296.475 8.46568 0.01 1 18 0
20226 323.107 7.83399 0.01 1 112 0
20284 297.672 8.4795 0.01 1 18 0
20306 297.468 8.4795 0.01 1 18 0
20346 297.468 8.4795 0.01 1 18 0
20353 299.301 8.66239 0.01 1 18 0
20361 296.361 8.4795 0.01 1 17 0.00903926
20365 298.549 8.4795 0.01 1 17 0
20587 298.506 8.4795 0.01 1 17 0
20622 307.921 8.42283 0.01 1 72 0
20658 311.973 7.90176 0.01 1 72 0
20734 323.217 7.88613 0.01 1 110 0
20852 297.468 8.5787 0.01 1 18 0
20996 292.442 8.4795 0.01 1 18 0
21001 292.442 8.4795 0.01 1 16 0
21019 307.968 7.95639 0.01 1 72 0
21125 291.206 8.4795 0.01 1 18 0
21160 324.101 7.83928 0.01 1 110 -0.00621095
21172 298.549 8.4795 0.01 1 18 0
21257 292.442 8.4795 0.01 1 17 0
21259 298.549 8.4795 0.01 1 18 0
21455 292.442 8.4795 0.01 1 18 0
21510 303.951 8.25706 0.01 1 72 -0.0212841
21531 292.442 8.4795 0.01 1 16 0
21574 311.169 8.02018 0.01 1 72 0
21612 297.477 8.4795 0.01 1 18 0
21628 298.549 8.66686 0.01 1 17 0
21640 307.921 8.42283 0.01 1 72 0
21652 309.015 7.87584 0.01 1 72 0
21676 312.355 7.74053 0.01 1 72 0
21730 323.107 7.80399 0.01 1 112 -0.000326097
21784 292.442 8.43076 0.01 1 18 -0.000814937
21789 310.789 7.74991 0.01 1 72 0
21826 307.105 8.37803 0.01 1 72 0
21904 298.506 8.4795 0.01 1 16 0
21974 295.591 8.60482 0.01 1 18 0
21997 310.898 7.84423 0.01 1 72 0
22025 292.681 8.4795 0.01 1 17 0
22026 324.101 7.83928 0.01 1 110 0
22028 298.549 8.5335 0.01 1 18 0
22045 298.549 8.66686 0.01 1 18 0
22109 297.468 8.57929 0.01 1 18 0
22116 308.699 7.96401 0.01 1 72 0
22150 309.015 7.87584 0.01 1 72 0
22169 322.73 8.03606 0.01 1 110 0
22265 307.921 8.42283 0.01 1 72 0
22296 296.269 8.4795 0.01 1 18 0
22345 309.474 7.91001 0.01 1 72 0
22388 297.876 8.63774 0.01 1 17 0
22465 300.038 8.4795 0.01 1 18 -0.0129619
22570 307.355 8.39237 0.01 1 72 0
22582 292.681 8.4795 0.01 1 18 0
22611 297.468 8.5787 0.01 1 18 0
22652 310.789 7.74991 0.01 1 72 0
22716 296.269 8.4795 0.01 1 18 0
22755 323.107 8.03606 0.01 1 111 0
22778 297.468 8.4795 0.01 1 18 0
22848 323.217 7.88613 0.01 1 110 0
22857 308.699 7.98341 0.01 1 72 0
23045 297.876 8.4795 0.01 1 17 0
23118 292.681 8.4795 0.01 1 18 0
23128 323.107 7.96721 0.01 1 111 -0.000618905
23182 324.033 7.8004 0.01 1 110 0
23220 297.163 8.4795 0.01 1 17 0
23270 322.73 8.03606 0.01 1 110 0
23284 296.938 8.4795 0.01 1 17 0
23298 323.107 8.03606 0.01 1 111 0
23357 309.125 7.77864 0.01 1 72 0
23441 297.468 8.61407 0.01 1 18 0
23446 310.898 7.84423 0.01 1 72 0
23466 298.506 8.4795 0.01 1 17 0
23472 326.768 7.78725 0.01 1 110 0
23474 292.442 8.4795 0.01 1 17 0
23479 306.568 8.29757 0.01 1 72 0
23523 297.468 8.4795 0.01 1 17 0
23572 323.107 7.83399 0.01 1 112 0
23587 309.125 8.02956 0.01 1 72 0
23600 308.699 7.96401 0.01 1 72 0
23645 322.73 8.03606 0.01 1 111 0
23646 297.468 8.5787 0.01 1 18 0
23680 323.715 8.04105 0.01 1 110 0
23709 312.355 7.74053 0.01 1 72 0
23763 323.107 8.03606 0.01 1 110 0
23810 323.107 8.03606 0.01 1 110 0
23965 296.475 8.4795 0.01 1 18 0
24031 297.468 8.4795 0.01 1 18 0
24067 297.468 8.61407 0.01 1 18 0
24072 323.107 7.83399 0.01 1 112 0
24113 292.442 8.4795 0.01 1 18 0
24192 298.549 8.4795 0.01 1 18 0
24261 309.687 7.95949 0.01 1 72 0
24324 296.611 8.63774 0.01 1 17 0
24353 298.506 8.56669 0.01 1 18 0.00122914
24417 309.049 7.77627 0.01 1 72 0
24429 297.468 8.4795 0.01 1 18 0
24525 292.442 8.4795 0.01 1 18 0
24561 295.591 8.66686 0.01 1 17 0
24563 296.475 8.4795 0.01 1 18 0
24574 297.163 8.4795 0.01 1 18 0
24578 296.157 8.4795 0.01 1 18 0
24589 292.442 8.4795 0.01 1 17 0
24623 311.689 7.90039 0.01 1 72 0
24668 292.442 8.4795 0.01 1 17 0
24676 292.681 8.4795 0.01 1 17 0
24710 310.038 7.7589 0.01 1 72 0
24741 298.549 8.4795 0.01 1 18 0
24744 323.107 7.83399 0.01 1 112 0
24773 306.363 8.24503 0.01 1 72 0
24833 306.439 8.20585 0.01 1 72 0
24943 324.101 7.83928 0.01 1 110 0
24962 308.462 8.05849 0.01 1 72 0
25007 308.415 8.50202 0.01 1 72 0
25025 323.107 8.03606 0.01 1 111 0
25034 292.442 8.4795 0.01 1 18 0
25050 297.468 8.4795 0.01 1 17 0
25065 309.687 7.93351 0.01 1 72 0
25142 309.687 7.93351 0.01 1 72 -4.82798e-06
25242 310.532 7.65853 0.01 1 72 0
25260 310.789 7.74991 0.01 1 72 0
25398 292.442 8.4795 0.01 1 18 0
25508 311.249 8.2598 0.01 1 72 0
25510 307.968 7.95639 0.01 1 72 0
25523 310.532 7.65853 0.01 1 72 0
25533 322.12 8.03606 0.01 1 111 -0.0085645
25553 292.681 8.4795 0.01 1 18 0
25628 308.862 7.77627 0.01 1 72 0
25709 307.921 8.42283 0.01 1 72 0
25716 292.442 8.4795 0.01 1 18 0
25742 297.468 8.4795 0.01 1 16 0
25757 306.363 8.24503 0.01 1 72 0
25810 322.73 8.03606 0.01 1 110 0
25847 299.301 8.66239 0.01 1 18 0
25976 298.549 8.5335 0.01 1 17 0
26064 293.099 8.4795 0.01 1 18 0
26080 326.768 7.78725 0.01 1 110 0
26131 312.369 7.74597 0.01 1 72 0
26462 292.681 8.4795 0.01 1 18 0
26510 292.442 8.4795 0.01 1 18 0
26537 324.101 7.83928 0.01 1 110 0
26599 296.493 8.4795 0.01 1 18 0
26638 292.442 8.4795 0.01 1 18 0
26655 309.015 7.77627 0.01 1 72 0
26693 298.506 8.4795 0.01 1 18 0
26696 297.468 8.5787 0.01 1 18 0
26733 297.468 8.4795 0.01 1 18 0
26779 323.107 8.03606 0.01 1 111 0
26941 297.136 8.4795 0.01 1 18 0.00275256
26964 308.989 7.90276 0.01 1 72 0
27094 297.468 8.61407 0.01 1 18 0
27126 308.712 8.14567 0.01 1 72 0
27187 296.157 8.4795 0.01 1 18 0
27197 298.549 8.4795 0.01 1 18 0
27283 307.105 8.37803 0.01 1 72 0
27383 308.238 8.07428 0.01 1 72 0
27411 308.708 8.53822 0.01 1 72 0
27438 298.5 8.4795 0.01 1 18 0
27491 326.659 7.78725 0.01 1 110 -0.000453576
27514 308.989 7.74405 0.01 1 72 0
27551 309.125 7.77864 0.01 1 72 0
27555 323.107 7.88613 0.01 1 112 0
27566 298.295 8.46836 0.01 1 17 0
27626 292.442 8.4795 0.01 1 18 0
27627 297.477 8.26079 0.01 1 17 0
27702 326.768 7.78725 0.01 1 110 0
27729 307.71 8.18522 0.01 1 72 -0.000922963
27798 298.549 8.41753 0.01 1 18 0
27895 292.442 8.4795 0.01 1 18 0
27897 292.442 8.4795 0.01 1 18 0
27898 298.549 8.66686 0.01 1 18 0
27916 305.755 8.14567 0.01 1 72 0
27977 292.681 8.4795 0.01 1 17 0
28018 297.468 8.4795 0.01 1 18 0
28028 292.442 8.4795 0.01 1 18 0
28085 310.595 8.02018 0.01 1 72 0
28092 324.101 7.83928 0.01 1 110 0
28188 298.506 8.41542 0.01 1 17 -0.000805244
28208 297.468 8.4795 0.01 1 17 0
28221 309.015 8.19629 0.01 1 72 0
28243 322.73 8.03606 0.01 1 111 0
28272 297.468 8.4795 0.01 1 16 0
28285 308.808 8.01739 0.01 1 72 0
28316 307.516 8.14567 0.01 1 72 0
28321 307.968 7.95639 0.01 1 72 0
28388 310.789 7.74991 0.01 1 72 0
28396 297.468 8.4795 0.01 1 17 0
28416 296.475 8.4795 0.01 1 18 0
28418 292.681 8.4795 0.01 1 18 0
28471 292.442 8.4795 0.01 1 18 0
28618 310.943 7.76716 0.01 1 72 0
28647 297.163 8.4795 0.01 1 18 0
28648 306.26 8.14567 0.01 1 72 -0.00351268
28668 292.681 8.4795 0.01 1 17 0
28670 296.611 8.63774 0.01 1 17 0
28813 298.155 8.43624 0.01 1 17 0
28955 307.28 8.35762 0.01 1 72 0
28978 308.983 7.68958 0.01 1 72 0
29081 292.442 8.4795 0.01 1 18 0
29117 309.474 7.98583 0.01 1 72 0
29158 311.169 8.02018 0.01 1 72 0
29204 310.789 7.74991 0.01 1 72 0
29219 297.163 8.4795 0.01 1 18 0
29429 309.015 7.95639 0.01 1 72 0
29630 298.549 8.39379 0.01 1 18 0
29644 297.477 8.26079 0.01 1 18 0
29720 308.862 7.77627 0.01 1 72 0
29725 298.549 8.66686 0.01 1 16 0
29824 309.539 7.84423 0.01 1 72 0
29895 308.862 7.77627 0.01 1 72 0
29932 308.102 8.24616 0.01 1 72 0
29994 306.753 8.14567 0.01 1 72 0
30164 307.355 8.39237 0.01 1 72 0
30261 298.506 8.4795 0.01 1 18 0
30400 298.506 8.4795 0.01 1 18 0
30456 297.468 8.4795 0.01 1 18 0
30475 324.072 7.80337 0.01 1 110 0
30519 323.217 7.88613 0.01 1 110 0
30566 310.789 7.74991 0.01 1 72 0
30629 292.442 8.4795 0.01 1 18 0
30649 296.475 8.4795 0.01 1 18 0
30675 311.169 8.02018 0.01 1 72 0
30691 298.256 8.4795 0.01 1 18 -0.00601077
30705 292.442 8.4795 0.01 1 18 0
30823 298.506 8.4795 0.01 1 16 0
30873 292.442 8.4795 0.01 1 18 0
30882 308.862 7.77627 0.01 1 72 0
30928 292.681 8.4795 0.01 1 18 0
30948 297.468 8.4795 0.01 1 17 0
31037 292.442 8.4795 0.01 1 18 0
31050 310.532 7.65853 0.01 1 72 0
31114 298.506 8.4795 0.01 1 17 0
31162 296.475 8.4795 0.01 1 18 0
31217 308.102 8.24616 0.01 1 72 0
31235 292.442 8.4795 0.01 1 17 0
31256 308.989 7.74405 0.01 1 72 0
31271 323.107 8.03606 0.01 1 110 0
31320 308.712 8.14567 0.01 1 72 0
31401 297.468 8.4795 0.01 1 18 0
31403 297.468 8.4795 0.01 1 18 0
31437 309.125 8.02956 0.01 1 72 0
31446 310.595 8.02018 0.01 1 72 0
31497 297.468 8.4795 0.01 1 16 0
31519 311.689 7.90039 0.01 1 72 0
31546 292.681 8.4795 0.01 1 17 0
31592 292.442 8.4795 0.01 1 18 0
31601 296.269 8.4795 0.01 1 18 0
31636 308.102 8.24616 0.01 1 72 0
31711 298.506 8.40389 0.01 1 17 0
31724 298.549 8.43242 0.01 1 16 0
31788 292.442 8.4795 0.01 1 18 0
31807 298.506 8.4795 0.01 1 18 0
31812 296.493 8.4795 0.01 1 18 0
31875 322.73 8.03606 0.01 1 111 0
31953 292.681 8.4795 0.01 1 18 0
32036 298.506 8.40389 0.01 1 18 0
32089 299.301 8.4795 0.01 1 17 0
32123 307.79 7.77627 0.01 1 72 0
32142 323.208 7.88613 0.01 1 110 0
32221 292.442 8.4795 0.01 1 18 0
32229 324.694 7.83928 0.01 1 110 0
32235 310.595 8.02018 0.01 1 72 0
32366 297.889 8.4795 0.01 1 17 0
32370 308.989 7.90276 0.01 1 72 0
32435 292.442 8.4795 0.01 1 18 0
32459 307.997 8.24616 0.01 1 72 0
32532 309.474 7.98583 0.01 1 72 0
32648 310.789 7.74991 0.01 1 72 0
32668 293.099 8.4795 0.01 1 18 0
32693 308.238 8.07428 0.01 1 72 0
32713 299.301 8.66239 0.01 1 18 0
32714 324.411 7.69295 0.01 1 110 0
32741 298.549 8.66686 0.01 1 18 0
32816 306.439 8.20585 0.01 1 72 0
32847 310.437 7.66457 0.01 1 72 0
32991 297.163 8.4795 0.01 1 18 0
33000 297.468 8.5787 0.01 1 18 0
33003 298.549 8.4795 0.01 1 18 0
33066 292.442 8.4795 0.01 1 18 0
33112 297.876 8.4795 0.01 1 18 0
33127 307.921 8.42283 0.01 1 72 0
33218 298.549 8.4795 0.01 1 18 0
33241 308.699 7.96401 0.01 1 72 0
33251 309.548 8.07584 0.01 1 72 0
33265 291.817 8.4795 0.01 1 18 0.00857735
33284 292.442 8.4795 0.01 1 18 0
33317 298.256 8.4795 0.01 1 18 0
33345 322.73 8.03606 0.01 1 110 0
33355 323.107 7.83399 0.01 1 112 0
33362 307.968 7.95639 0.01 1 72 0
33437 298.549 8.4795 0.01 1 18 0
33501 307.86 8.24616 0.01 1 72 0
33581 296.157 8.4795 0.01 1 18 0
33609 297.468 8.4795 0.01 1 18 0
33653 298.549 8.66686 0.01 1 18 0
33705 309.178 7.96401 0.01 1 72 9.21935e-05
33711 308.964 7.93859 0.01 1 72 0
33778 292.442 8.4795 0.01 1 16 0
33878 310.898 7.84423 0.01 1 72 0
33923 298.549 8.66686 0.01 1 17 0
33956 297.468 8.4795 0.01 1 18 0
33982 298.549 8.4795 0.01 1 18 0
34006 308.712 8.14567 0.01 1 72 0
34033 291.817 8.4795 0.01 1 18 0
34061 323.217 7.88613 0.01 1 111 0
34107 310.423 7.77742 0.01 1 72 -5.5477e-05
34186 298.506 8.4795 0.01 1 17 0
34205 297.468 8.4795 0.01 1 17 0
34267 298.637 8.4795 0.01 1 17 0
34273 297.468 8.4795 0.01 1 17 0
34311 292.442 8.4795 0.01 1 18 0
34331 297.876 8.4795 0.01 1 17 0
34429 310.789 7.75394 0.01 1 72 0
34436 322.039 7.89133 0.01 1 112 0
34458 311.249 8.2598 0.01 1 72 0
34509 297.393 8.4795 0.01 1 17 0
34563 308.862 7.77627 0.01 1 72 0
34730 298.506 8.40389 0.01 1 18 0
34761 310.789 7.74991 0.01 1 72 0
34773 308.102 8.24616 0.01 1 72 0
34777 308.238 8.07428 0.01 1 72 0
34861 323.217 7.88613 0.01 1 110 0
34904 310.595 8.02018 0.01 1 72 0
34928 298.506 8.4795 0.01 1 17 0
34959 324.302 8.03606 0.01 1 111 0
34961 307.28 8.35762 0.01 1 72 0
34995 323.107 8.03606 0.01 1 111 0
35042 311.973 7.90176 0.01 1 72 0
35045 310.898 7.84423 0.01 1 72 0
35108 292.442 8.4795 0.01 1 18 0
35252 323.107 8.08752 0.01 1 110 0
35263 307.968 7.95639 0.01 1 72 0
35343 324.033 7.8004 0.01 1 110 0
35393 308.989 7.90276 0.01 1 72 0
35397 308.989 7.74405 0.01 1 72 0
35410 310.789 7.53486 0.01 1 72 0
35453 309.015 7.95639 0.01 1 72 0
35483 323.107 7.83399 0.01 1 112 0
35491 297.889 8.35189 0.01 1 18 0
35504 297.954 8.4795 0.01 1 18 0
35558 297.889 8.4795 0.01 1 16 0
35571 307.355 8.39237 0.01 1 72 0
35612 297.468 8.4795 0.01 1 18 0
35693 307.116 8.2157 0.01 1 72 0
35694 292.442 8.4795 0.01 1 18 0
35754 292.442 8.4795 0.01 1 18 0
35775 298.549 8.4795 0.01 1 18 0
35833 292.442 8.4795 0.01 1 17 0
35907 298.506 8.4795 0.01 1 18 0
35973 309.2 7.95639 0.01 1 72 -6.24359e-05
36001 298.328 8.4795 0.01 1 18 0
36122 297.468 8.4795 0.01 1 18 0
36130 298.549 8.4795 0.01 1 18 0
36145 308.347 8.1889 0.01 1 72 0
36216 312.355 7.74053 0.01 1 72 0
36219 323.107 8.03606 0.01 1 111 0
36224 297.876 8.63774 0.01 1 17 0.00215625
36253 299.017 8.66686 0.01 1 18 -0.00318122
36272 308.699 7.98341 0.01 1 72 0
36330 311.169 8.02018 0.01 1 72 0
36376 307.355 8.39237 0.01 1 72 0
36417 310.595 8.02018 0.01 1 72 0
36454 307.968 7.91449 0.01 1 72 0
36473 298.549 8.4795 0.01 1 17 0
36512 296.269 8.67213 0.01 1 18 0
36559 297.468 8.61407 0.01 1 18 0
36597 292.442 8.4795 0.01 1 18 0
36604 323.107 7.89133 0.01 1 111 0
36663 323.217 7.88613 0.01 1 110 0
36687 306.363 8.24503 0.01 1 72 0
36699 295.591 8.66686 0.01 1 18 0
36714 308.989 7.74405 0.01 1 72 0
36727 296.269 8.4795 0.01 1 18 0
36754 323.107 7.83399 0.01 1 112 0
36814 292.681 8.4795 0.01 1 17 0
36862 296.475 8.4795 0.01 1 18 0
36890 293.099 8.4795 0.01 1 18 0
36923 292.442 8.4795 0.01 1 18 0
36964 298.506 8.4795 0.01 1 17 0
36974 298.506 8.28657 0.01 1 18 0
36985 312.355 7.74053 0.01 1 72 0
37141 306.363 8.24503 0.01 1 72 0
37156 292.442 8.4795 0.01 1 18 0
37169 307.116 8.14567 0.01 1 72 0
37212 292.442 8.4795 0.01 1 17 0
37274 297.672 8.4795 0.01 1 18 0
37287 308.102 8.24616 0.01 1 72 0
37294 307.719 8.27502 0.01 1 72 0
37308 298.549 8.4795 0.01 1 18 0
37317 292.442 8.4795 0.01 1 18 0
37351 292.442 8.4795 0.01 1 18 0
37365 298.018 8.66686 0.01 1 18 0
37392 308.462 7.95639 0.01 1 72 0
37464 297.468 8.61407 0.01 1 18 0
37571 296.938 8.4795 0.01 1 17 0
37602 326.768 7.78725 0.01 1 110 0
37623 310.038 7.7589 0.01 1 72 0
37728 306.797 7.96401 0.01 1 72 0
37779 306.363 8.24503 0.01 1 72 0
37788 292.442 8.4795 0.01 1 18 0
37798 291.98 8.4795 0.01 1 18 0.00632437
37816 296.475 8.46568 0.01 1 18 0
37889 323.107 8.03606 0.01 1 111 0
37927 312.355 7.74053 0.01 1 72 0
37929 298.549 8.4795 0.01 1 18 0
37934 292.442 8.4795 0.01 1 18 0
37941 305.755 8.15698 0.01 1 72 0
37950 297.163 8.4795 0.01 1 17 0
37952 295.591 8.66686 0.01 1 17 0
38096 310.789 7.78223 0.01 1 72 0
38145 297.468 8.4795 0.01 1 17 0
38168 297.468 8.61407 0.01 1 18 0
38188 308.712 8.14567 0.01 1 72 0
38259 292.442 8.4795 0.01 1 18 0
38279 297.468 8.4795 0.01 1 16 0
38294 308.145 7.95639 0.01 1 72 0
38325 309.049 7.77627 0.01 1 72 0
38369 298.549 8.4795 0.01 1 16 0
38396 292.681 8.4795 0.01 1 18 0
38403 323.107 7.83399 0.01 1 112 0
38480 307.981 8.38379 0.01 1 72 0
38508 309.049 7.77627 0.01 1 72 0
38551 291.817 8.4795 0.01 1 18 0
38712 298.155 8.43624 0.01 1 17 -0.000598378
38745 308.983 7.68958 0.01 1 72 0
38752 297.468 8.4795 0.01 1 18 0
38761 297.89 8.4795 0.01 1 17 0.00490428
38778 311.249 8.2598 0.01 1 72 0
38883 310.789 7.74991 0.01 1 72 0
38916 310.406 7.595 0.01 1 72 0
38925 296.269 8.4795 0.01 1 18 0
38933 324.694 7.83928 0.01 1 110 0
39032 292.681 8.4795 0.01 1 18 0
39066 297.393 8.4795 0.01 1 17 0
39100 312.355 7.74053 0.01 1 72 0
39119 297.468 8.4795 0.01 1 18 0
39159 297.468 8.4795 0.01 1 18 0
39254 298.506 8.60152 0.01 1 18 0
39407 309.687 7.93351 0.01 1 72 0
39483 297.468 8.4795 0.01 1 18 0
39542 297.876 8.4795 0.01 1 18 0
39669 297.393 8.4795 0.01 1 18 0
39709 298.506 8.4795 0.01 1 18 0
39718 296.475 8.46568 0.01 1 17 0
39787 298.506 8.4795 0.01 1 18 0
39861 308.712 8.14567 0.01 1 72 0
39915 310.789 7.74991 0.01 1 72 0
39950 291.206 8.4795 0.01 1 18 0
39964 297.468 8.4795 0.01 1 18 0
40017 323.107 7.89133 0.01 1 111 0
40066 309.125 7.73327 0.01 1 72 0
40090 322.73 8.01789 0.01 1 111 0
40203 298.549 8.4795 0.01 1 18 0
40245 297.163 8.4795 0.01 1 18 0
40263 308.346 8.24616 0.01 1 72 0
40287 323.107 7.83399 0.01 1 112 0
40299 298.549 8.66686 0.01 1 18 0
40307 310.789 7.78223 0.01 1 72 0
40340 309.474 7.92738 0.01 1 72 -5.1856e-06
40361 309.015 7.77627 0.01 1 72 0
40399 310.423 7.84423 0.01 1 72 0
40437 307.968 7.91449 0.01 1 72 0
40468 323.107 7.83399 0.01 1 112 0
40554 291.817 8.4795 0.01 1 18 0
40562 293.142 8.4795 0.01 1 18 0
40610 298.506 8.40389 0.01 1 18 0
40618 297.889 8.4795 0.01 1 17 0
40673 322.73 8.03606 0.01 1 110 0
40674 323.107 8.03606 0.01 1 110 0
40694 292.442 8.4795 0.01 1 17 0
40771 292.681 8.4795 0.01 1 17 0
40797 292.442 8.4795 0.01 1 18 0
40801 297.468 8.5787 0.01 1 18 0
40854 307.719 8.27502 0.01 1 72 0
40864 310.789 7.74991 0.01 1 72 0
40907 324.072 7.86829 0.01 1 110 0
40938 296.157 8.4795 0.01 1 18 0
40981 307.921 8.42283 0.01 1 72 0
41040 309.049 7.77627 0.01 1 72 0
41045 292.681 8.4795 0.01 1 18 0
41187 308.415 8.53822 0.01 1 72 0
41219 310.038 7.7589 0.01 1 72 0
41248 308.415 8.50202 0.01 1 72 0
41332 297.876 8.63774 0.01 1 16 0
41378 312.922 7.6075 0.01 1 72 0
41451 308.346 8.24616 0.01 1 72 0
41467 292.681 8.4795 0.01 1 18 0
41482 297.468 8.4795 0.01 1 18 0
41499 297.889 8.4795 0.01 1 17 0
41512 292.681 8.4795 0.01 1 17 0
41696 310.423 7.84423 0.01 1 72 0
41793 309.015 7.77627 0.01 1 72 0
41827 296.475 8.46568 0.01 1 18 0
41858 298.506 8.4795 0.01 1 16 0
41889 292.442 8.4795 0.01 1 18 0
41897 297.468 8.4795 0.01 1 18 0
41910 292.681 8.4795 0.01 1 18 0
41921 292.442 8.4795 0.01 1 17 0
41937 298.549 8.66686 0.01 1 18 0
41940 309.687 7.95949 0.01 1 72 0
41974 297.468 8.4795 0.01 1 17 0
41979 292.442 8.4795 0.01 1 18 0
41998 292.681 8.4795 0.01 1 17 0
42003 298.549 8.4795 0.01 1 18 0
42023 323.107 8.18696 0.01 1 111 0.00131033
42027 292.442 8.4795 0.01 1 18 0
42032 307.921 8.42283 0.01 1 72 0
42042 292.442 8.4795 0.01 1 18 0
42185 292.442 8.4795 0.01 1 18 0
42208 323.107 7.83399 0.01 1 112 0
42242 323.217 7.88613 0.01 1 110 0
42279 297.468 8.4795 0.01 1 18 0
42334 308.415 8.53822 0.01 1 72 0
42401 307.567 7.95639 0.01 1 72 0
42445 323.107 8.03606 0.01 1 111 0
42471 308.964 7.93859 0.01 1 72 0
42549 310.423 7.84423 0.01 1 72 0
42768 307.921 8.42283 0.01 1 72 0
42830 296.475 8.46568 0.01 1 17 0
42890 308.238 8.07428 0.01 1 72 0
42931 298.506 8.4795 0.01 1 17 0
42951 297.468 8.4795 0.01 1 18 0
42977 292.442 8.4795 0.01 1 18 0
43048 292.442 8.4795 0.01 1 18 0
43060 307.516 8.1245 0.01 1 72 0
43067 310.898 7.84423 0.01 1 72 0
43097 298.549 8.46836 0.01 1 18 0
43132 298.549 8.39379 0.01 1 18 0
43141 293.042 8.4795 0.01 1 16 -0.00745116
43213 298.549 8.5335 0.01 1 17 0
43219 292.442 8.65587 0.01 1 18 0.00289139
43273 292.442 8.4795 0.01 1 18 0
43283 292.442 8.4795 0.01 1 18 0
43289 292.442 8.4795 0.01 1 18 0
43327 297.889 8.4795 0.01 1 17 0
43362 298.549 8.4795 0.01 1 17 0
43396 298.328 8.4795 0.01 1 18 0
43398 298.549 8.66686 0.01 1 17 0
43439 297.468 8.4795 0.01 1 17 0
43441 323.107 7.88613 0.01 1 112 0
43453 297.889 8.4795 0.01 1 17 0
43473 297.477 8.26079 0.01 1 18 0
43482 312.355 7.74053 0.01 1 72 0
43592 298.506 8.40389 0.01 1 16 0
43598 298.549 8.5335 0.01 1 16 0
43636 307.981 8.24616 0.01 1 72 0
43681 296.082 8.44959 0.01 1 18 0
43702 293.099 8.4795 0.01 1 18 0
43826 292.442 8.4795 0.01 1 18 0
43850 298.637 8.4795 0.01 1 17 0
43859 298.549 8.4795 0.01 1 18 0
43918 309.474 7.98583 0.01 1 72 0
44007 297.477 8.26079 0.01 1 16 0
44077 298.506 8.4795 0.01 1 18 0
44145 297.393 8.39866 0.01 1 18 0
44185 323.208 7.88613 0.01 1 110 0
44415 297.668 8.4795 0.01 1 18 -0.00159804
44486 309.015 7.77627 0.01 1 72 0
44491 308.663 8.91041 0.01 1 72 0
44519 311.249 8.2598 0.01 1 72 0
44539 292.681 8.4795 0.01 1 18 0
44641 292.442 8.4795 0.01 1 18 0
44713 292.442 8.4795 0.01 1 18 0
44746 309.125 7.77864 0.01 1 72 0
44770 322.73 8.01789 0.01 1 111 0
44816 308.64 7.84423 0.01 1 72 0.003033
44879 292.442 8.4795 0.01 1 18 0
44887 292.442 8.4795 0.01 1 18 0
44916 309.474 7.98583 0.01 1 72 0
44933 323.107 8.03606 0.01 1 111 0
44953 308.699 7.96401 0.01 1 72 0
44957 292.681 8.4795 0.01 1 18 0
44984 298.549 8.4795 0.01 1 17 0
45112 309.125 7.77864 0.01 1 72 0
45123 308.964 7.93859 0.01 1 72 0
45168 295.591 8.60482 0.01 1 18 0
45258 324.411 7.79879 0.01 1 110 0.000523701
45313 296.269 8.4795 0.01 1 18 0
45349 323.107 7.89133 0.01 1 111 0
45389 292.442 8.4795 0.01 1 18 0
45479 298.549 8.4795 0.01 1 18 0
45517 296.157 8.4795 0.01 1 18 0
45538 292.442 8.4795 0.01 1 18 0
45556 310.789 7.75394 0.01 1 72 0
45572 292.681 8.4795 0.01 1 18 0
45587 297.393 8.48278 0.01 1 17 4.65699e-05
45641 310.943 7.76716 0.01 1 72 0
45650 310.595 8.02018 0.01 1 72 0
45675 310.789 7.78223 0.01 1 72 0
45729 298.506 8.4795 0.01 1 17 0
45760 297.163 8.4795 0.01 1 18 0
45761 298.128 8.4795 0.01 1 18 0
45872 292.442 8.4795 0.01 1 18 0
45906 309.474 7.91001 0.01 1 72 0
45933 310.789 7.74991 0.01 1 72 0
45945 305.755 8.15698 0.01 1 72 0
46037 311.249 8.2598 0.01 1 72 0
46039 297.163 8.4795 0.01 1 18 0
46079 298.549 8.4795 0.01 1 18 0
46131 308.989 7.74405 0.01 1 72 0
46169 305.865 8.15698 0.01 1 72 0.000968009
46192 323.715 8.04105 0.01 1 111 0
46219 292.442 8.4795 0.01 1 17 0
46252 298.549 8.62156 0.01 1 18 0
46275 297.468 8.4795 0.01 1 18 0
46298 309.049 7.77627 0.01 1 72 0
46300 308.989 7.90276 0.01 1 72 0
46317 309.125 7.77864 0.01 1 72 0
46346 292.442 8.4795 0.01 1 18 0
46490 297.163 8.4795 0.01 1 18 0
46495 292.442 8.4795 0.01 1 18 0
46525 297.477 8.26079 0.01 1 18 0
46553 296.475 8.46568 0.01 1 18 0
46559 309.125 8.02956 0.01 1 72 0
46562 298.549 8.4795 0.01 1 18 0
46621 292.442 8.4795 0.01 1 18 0
46633 308.35 7.92774 0.01 1 72 0
46669 292.442 8.4795 0.01 1 18 0
46720 297.393 8.4795 0.01 1 18 0
46846 309.539 7.84423 0.01 1 72 0
46876 307.355 8.39237 0.01 1 72 0
46911 297.468 8.4795 0.01 1 17 0
46934 292.681 8.4795 0.01 1 17 0
47010 292.681 8.4795 0.01 1 18 0
47081 297.163 8.4795 0.01 1 18 0
47133 324.033 7.8004 0.01 1 110 0
47146 309.125 7.77864 0.01 1 72 0
47167 296.475 8.46568 0.01 1 17 0
47400 292.442 8.4795 0.01 1 17 0
47413 292.442 8.4795 0.01 1 18 0
47441 292.442 8.4795 0.01 1 18 0
47461 311.249 8.2598 0.01 1 72 0
47500 292.442 8.4795 0.01 1 17 0
47512 298.549 8.4795 0.01 1 18 0
47528 297.468 8.4795 0.01 1 18 0
47531 292.442 8.4795 0.01 1 18 0
47545 310.789 7.74991 0.01 1 72 0
47586 307.981 8.24616 0.01 1 72 0
47599 308.415 8.50202 0.01 1 72 0
47702 292.442 8.4795 0.01 1 18 0
47732 292.442 8.4795 0.01 1 18 0
47818 308.663 8.91041 0.01 1 72 0
47841 326.768 7.78725 0.01 1 110 0
47858 310.789 7.74991 0.01 1 72 0
47887 292.442 8.4795 0.01 1 18 0
47900 308.699 7.96401 0.01 1 72 0
47904 297.468 8.4795 0.01 1 18 0
47953 307.921 8.42283 0.01 1 72 0
47960 298.549 8.4795 0.01 1 18 0
48007 296.269 8.4795 0.01 1 18 0
48013 297.163 8.4795 0.01 1 18 0
48191 297.889 8.4795 0.01 1 16 0
48217 308.102 8.24616 0.01 1 72 0
48220 296.157 8.4795 0.01 1 17 0
48410 298.549 8.66686 0.01 1 17 0
48420 292.681 8.4795 0.01 1 17 0
48435 309.125 7.77864 0.01 1 72 0
48451 298.549 8.5335 0.01 1 17 0
48553 297.889 8.4795 0.01 1 17 0
48559 307.921 8.42283 0.01 1 72 0
48583 292.442 8.4795 0.01 1 18 0
48596 297.163 8.4795 0.01 1 18 0
48653 307.719 8.27502 0.01 1 72 0
48685 326.768 7.78725 0.01 1 110 0
48702 296.475 8.46568 0.01 1 18 0
48738 310.532 7.65853 0.01 1 72 0
48755 305.755 8.14567 0.01 1 72 0
48806 308.989 7.74405 0.01 1 72 0
48865 308.862 7.77627 0.01 1 72 0
48897 292.681 8.4795 0.01 1 17 0
48961 298.506 8.40389 0.01 1 18 0
48997 310.789 7.78223 0.01 1 72 0
49078 310.532 7.65853 0.01 1 72 0
49117 292.442 8.4795 0.01 1 18 0
49121 292.442 8.4795 0.01 1 18 0
49126 296.157 8.4795 0.01 1 17 0
49133 292.442 8.4795 0.01 1 18 0
49180 324.411 7.79879 0.01 1 110 0
49245 312.285 7.7182 0.01 1 72 0
49271 308.917 7.94419 0.01 1 72 0
49291 291.206 8.4795 0.01 1 18 0
49343 308.964 7.93859 0.01 1 72 0
49350 297.163 8.4795 0.01 1 18 0
49436 309.474 7.91001 0.01 1 72 0
49472 292.681 8.4795 0.01 1 18 0
49509 292.681 8.4795 0.01 1 18 0
49561 298.549 8.47349 0.01 1 17 0
49565 293.099 8.4795 0.01 1 18 0
49596 292.442 8.4795 0.01 1 18 0
49625 292.681 8.4795 0.01 1 18 0
49656 324.302 8.03606 0.01 1 112 0
49673 297.468 8.4795 0.01 1 17 0
49815 311.249 8.14189 0.01 1 72 0
49827 292.681 8.4795 0.01 1 17 0
49872 298.549 8.4795 0.01 1 18 0
49901 297.889 8.4795 0.01 1 17 0
49954 305.755 8.15698 0.01 1 72 4.0397e-05
50073 322.73 8.03606 0.01 1 111 0
50108 297.163 8.4795 0.01 1 18 0
50124 292.442 8.4795 0.01 1 18 0
50156 297.468 8.4795 0.01 1 18 0
50201 296.475 8.46568 0.01 1 17 0
50380 323.107 8.03606 0.01 1 111 0
50381 292.442 8.4795 0.01 1 17 0
50388 322.73 8.03606 0.01 1 110 0
50515 310.595 8.02018 0.01 1 72 0
50541 310.789 7.74991 0.01 1 72 0
50563 309.125 7.77864 0.01 1 72 0
50586 296.157 8.35333 0.01 1 18 -0.00204805
50588 292.681 8.4795 0.01 1 17 0
50702 296.269 8.4795 0.01 1 18 0
50714 297.876 8.63774 0.01 1 17 0
50845 298.549 8.43242 0.01 1 17 0
50901 323.107 7.83399 0.01 1 112 0
51004 298.549 8.4795 0.01 1 18 0
51114 297.468 8.61407 0.01 1 18 0
51117 296.475 8.4795 0.01 1 18 0
51125 298.506 8.4795 0.01 1 17 0
51145 309.049 7.77553 0.01 1 72 0
51214 323.107 8.03606 0.01 1 111 0
51265 298.758 8.4795 0.01 1 18 -0.00139443
51277 308.145 7.95639 0.01 1 72 0
