max_pf 110 min_pf 18
individual T0 sigma disp_rate r0 patch_no mut_eff
9 296.672 8.7164 0.01 1 20 0
98 307.981 7.51097 0.01 1 72 0
128 296.189 8.7164 0.01 1 20 0
162 295.388 8.7164 0.01 1 19 0
177 293.079 8.7164 0.01 1 20 0
256 308.176 7.85368 0.01 1 72 0
277 293.079 8.7164 0.01 1 19 0
278 295.388 8.7164 0.01 1 20 0
282 293.079 8.7164 0.01 1 20 0
475 307.128 8.4355 0.01 1 72 0
642 309.543 8.06234 0.01 1 72 0
730 308.85 8.53387 0.01 1 72 0
837 307.749 7.88561 0.01 1 72 0
848 310.111 8.05375 0.01 1 72 0
861 296.672 8.7164 0.01 1 20 0
903 296.049 8.7164 0.01 1 20 0
912 296.672 8.7164 0.01 1 18 0
931 307.155 7.818 0.01 1 72 0
969 321.383 8.77573 0.01 1 110 0
989 296.277 8.7164 0.01 1 20 0
1035 296.672 8.66343 0.01 1 20 0
1046 294.363 8.7164 0.01 1 20 0
1066 297.466 8.94479 0.01 1 20 0
1212 321.295 8.80598 0.01 1 109 0
1248 309.246 8.15627 0.01 1 72 0
1304 321.383 8.77573 0.01 1 108 0
1347 296.672 8.7164 0.01 1 20 0
1449 307.964 8.1279 0.01 1 72 0
1472 306.91 7.72039 0.01 1 72 0
1639 321.383 8.71247 0.01 1 108 0
1653 296.672 8.7164 0.01 1 20 0
1776 308.523 7.96754 0.01 1 72 0
1802 296.189 8.79712 0.01 1 20 0
1840 296.672 8.7164 0.01 1 20 0
1851 293.079 8.7164 0.01 1 20 0
1904 321.383 8.52354 0.01 1 109 0
1925 296.672 8.7164 0.01 1 19 0
2000 309.246 8.3607 0.01 1 72 0
2023 296.672 8.79897 0.01 1 20 0
2038 309.638 8.22707 0.01 1 72 0
2074 321.383 9.02096 0.01 1 108 0
2079 296.907 8.64492 0.01 1 20 0
2105 296.672 8.7164 0.01 1 20 0
2199 310.588 7.8527 0.01 1 72 0
2202 309.246 8.15627 0.01 1 72 0
2204 296.672 8.7164 0.01 1 20 0
2218 306.852 7.93024 0.01 1 72 0
2222 296.672 8.7164 0.01 1 20 0
2264 298.864 8.7164 0.01 1 20 -0.0201469
2344 296.672 8.7164 0.01 1 19 0
2352 293.079 8.7164 0.01 1 20 0
2374 295.388 8.7164 0.01 1 20 0
2378 306.852 7.72254 0.01 1 72 0
2385 296.672 8.7164 0.01 1 20 0
2419 296.672 8.7164 0.01 1 20 0
2511 296.672 8.7164 0.01 1 20 0
2540 296.672 8.69405 0.01 1 20 -0.000359438
2567 297.42 8.7164 0.01 1 20 0
2579 309.07 8.20789 0.01 1 72 0
2583 296.672 8.7164 0.01 1 20 0
2596 293.079 8.76184 0.01 1 19 0
2754 296.672 8.7164 0.01 1 20 0
2776 297.42 8.7164 0.01 1 19 0
2787 310.402 8.4753 0.01 1 72 0
2824 296.049 8.67567 0.01 1 20 -0.000679873
2839 321.383 8.77573 0.01 1 110 0
2855 296.672 8.7164 0.01 1 20 0
2930 311.826 7.90514 0.01 1 72 0
2934 295.774 8.69305 0.01 1 20 0
2941 296.672 8.7164 0.01 1 18 0
2961 298.63 8.7164 0.01 1 19 0
3043 293.079 8.7164 0.01 1 19 0
3065 310.588 7.96033 0.01 1 72 0
3126 309.479 8.29622 0.01 1 72 0
3130 299.648 8.7164 0.01 1 20 0
3157 296.511 8.7164 0.01 1 20 0
3172 308.523 7.76827 0.01 1 72 -8.9705e-06
3298 321.295 8.80598 0.01 1 110 0
3334 296.672 8.7164 0.01 1 20 0
3354 307.647 7.3707 0.01 1 72 0
3365 310.111 8.05375 0.01 1 72 0
3371 310.588 7.84829 0.01 1 72 0
3439 293.079 8.7164 0.01 1 20 0
3440 297.42 8.7164 0.01 1 20 0
3455 310.588 7.80705 0.01 1 72 0
3459 295.388 8.7164 0.01 1 20 0
3578 296.672 8.7164 0.01 1 20 0
3734 296.672 8.7164 0.01 1 20 0
3963 295.388 8.7164 0.01 1 20 0
4009 306.852 8.11873 0.01 1 72 0
4041 308.027 7.83221 0.01 1 72 0
4060 296.189 8.79712 0.01 1 19 0
4133 321.312 8.80598 0.01 1 109 0
4134 295.774 8.7164 0.01 1 18 0
4147 297.42 8.7164 0.01 1 20 0
4150 296.672 8.7164 0.01 1 20 0
4183 309.651 8.24099 0.01 1 72 0
4193 296.672 8.79897 0.01 1 20 0
4332 309.638 8.29236 0.01 1 72 0
4341 296.672 8.7164 0.01 1 20 0
4348 309.191 8.43906 0.01 1 72 0
4352 309.246 8.3607 0.01 1 72 0
4376 296.672 8.7164 0.01 1 20 0
4389 296.594 8.7164 0.01 1 18 0
4417 293.079 8.76184 0.01 1 19 0
4461 293.079 8.7164 0.01 1 20 0
4484 312.489 7.93818 0.01 1 72 0
4520 299.648 8.7164 0.01 1 19 0
4547 321.383 8.77573 0.01 1 108 0
4585 296.672 8.7164 0.01 1 20 0
4587 311.509 7.82266 0.01 1 72 0
4650 295.774 8.7164 0.01 1 20 0
4651 296.672 8.7164 0.01 1 18 0
4657 306.91 7.39035 0.01 1 72 0
4731 321.383 8.77573 0.01 1 110 0
4743 321.383 8.74741 0.01 1 108 0
4770 295.774 8.7164 0.01 1 20 0
4818 307.964 8.1279 0.01 1 72 0
4836 309.543 8.06234 0.01 1 72 0
4838 296.672 8.7164 0.01 1 20 0
4925 295.497 8.7164 0.01 1 20 0
4933 296.672 8.7164 0.01 1 20 0
5135 296.672 8.7164 0.01 1 18 0
5145 308.916 7.89614 0.01 1 72 0
5177 321.312 8.80598 0.01 1 109 0
5216 321.383 8.52354 0.01 1 109 0
5220 321.383 8.77573 0.01 1 108 0
5233 306.91 7.39035 0.01 1 72 0
5296 295.047 8.7164 0.01 1 20 0
5319 296.672 8.82051 0.01 1 20 0
5370 296.277 8.7164 0.01 1 20 0
5395 296.672 8.7164 0.01 1 20 0
5400 293.079 8.7164 0.01 1 19 0
5487 321.295 8.80598 0.01 1 109 0
5555 295.497 8.7164 0.01 1 19 0
5570 310.588 7.84829 0.01 1 72 0
5592 296.672 8.7164 0.01 1 20 0
5606 294.024 8.7164 0.01 1 20 0
5758 296.672 8.7164 0.01 1 19 0
5831 296.189 8.79712 0.01 1 20 0
5852 321.295 8.80598 0.01 1 109 0
5868 296.049 8.7164 0.01 1 20 0
5983 294.925 8.7164 0.01 1 19 0.00142358
6060 293.079 8.7164 0.01 1 20 0
6121 293.079 8.7164 0.01 1 19 0
6168 308.027 7.83221 0.01 1 72 0
6176 294.363 8.7164 0.01 1 20 0
6181 308.027 7.83221 0.01 1 72 0
6197 297.694 8.7164 0.01 1 20 0
6350 310.588 7.8527 0.01 1 72 0
6367 299.648 8.62094 0.01 1 18 -0.00127658
6373 309.331 7.95211 0.01 1 72 0
6401 297.127 8.7164 0.01 1 20 -0.00463861
6427 309.543 7.85898 0.01 1 72 0
6438 321.383 8.52354 0.01 1 110 0
6486 295.774 8.7164 0.01 1 20 0
6495 310.111 8.05375 0.01 1 72 0
6544 295.388 8.7164 0.01 1 20 0
6592 296.672 8.7164 0.01 1 20 0
6636 321.383 8.77573 0.01 1 108 0
6645 308.523 7.76827 0.01 1 72 0
6654 309.638 8.21133 0.01 1 72 0
6657 295.774 8.7164 0.01 1 20 0
6661 320.514 8.96544 0.01 1 108 0
6687 293.079 8.7164 0.01 1 19 0
6696 321.383 8.77573 0.01 1 110 0
6714 296.672 8.7164 0.01 1 19 0
6729 293.079 8.7164 0.01 1 20 0
6758 293.079 8.7164 0.01 1 19 0
6763 296.672 8.7164 0.01 1 20 0
6772 293.079 8.7164 0.01 1 20 0
6861 295.774 8.7164 0.01 1 20 0
6895 309.857 8.06234 0.01 1 72 -0.00100994
6933 295.388 8.7164 0.01 1 20 0
6936 296.672 8.7164 0.01 1 18 0
6942 321.383 8.68537 0.01 1 108 -0.00047718
6990 292.309 8.7072 0.01 1 20 0
7011 299.786 8.7164 0.01 1 19 -0.0181108
7017 295.774 8.7164 0.01 1 20 0
7030 309.479 8.29622 0.01 1 72 0
7055 309.06 8.50118 0.01 1 72 0
7084 293.079 8.7164 0.01 1 20 0
7170 296.672 8.7164 0.01 1 19 0
7190 308.508 7.85368 0.01 1 72 0
7206 296.672 8.7164 0.01 1 20 0
7247 296.672 8.66343 0.01 1 20 0
7375 295.774 8.7164 0.01 1 20 0
7467 321.383 8.71247 0.01 1 108 0
7476 296.672 8.7164 0.01 1 19 0
7488 296.672 8.7164 0.01 1 20 0
7489 321.295 8.80598 0.01 1 110 0
7534 306.015 7.79306 0.01 1 72 0
7554 295.047 8.7164 0.01 1 19 0
7576 295.774 8.7164 0.01 1 20 0
7581 310.588 7.80705 0.01 1 72 0
7668 294.363 8.7164 0.01 1 19 0
7671 295.047 8.7164 0.01 1 20 0
7731 309.894 7.74347 0.01 1 72 0
7801 309.246 8.3607 0.01 1 72 0
7836 294.363 8.7164 0.01 1 19 0
8049 296.672 8.7164 0.01 1 20 0
8063 296.672 8.7164 0.01 1 20 0
8075 296.672 8.70253 0.01 1 20 0
8097 299.648 8.77386 0.01 1 20 0
8117 321.427 8.77573 0.01 1 110 0.00056462
8142 295.774 8.7164 0.01 1 20 0
8184 309.254 8.20789 0.01 1 72 0
8288 295.774 8.7164 0.01 1 19 0
8295 310.588 7.96033 0.01 1 72 0
8392 296.672 8.7164 0.01 1 20 0
8399 296.672 8.7164 0.01 1 20 0
8412 310.447 8.26462 0.01 1 72 0
8437 299.202 8.7164 0.01 1 20 0
8493 308.85 8.53387 0.01 1 72 0
8600 296.672 8.7164 0.01 1 20 0
8607 295.047 8.7164 0.01 1 18 0
8633 295.774 8.7164 0.01 1 19 0
8660 296.672 8.7164 0.01 1 19 0
8777 322.411 8.70399 0.01 1 109 0.00950518
8833 309.07 8.20789 0.01 1 72 0
8844 294.363 8.7164 0.01 1 19 0
8848 307.128 8.4355 0.01 1 72 0
8863 321.383 8.77573 0.01 1 108 0
8888 299.648 8.7164 0.01 1 20 0
8945 295.774 8.7164 0.01 1 20 0
8983 321.605 8.80598 0.01 1 109 0
9039 310.607 7.95211 0.01 1 72 0
9069 309.07 8.20789 0.01 1 72 0
9144 310.171 8.26462 0.01 1 72 0
9305 296.672 8.7164 0.01 1 20 0
9320 321.383 8.52354 0.01 1 109 0
9390 296.672 8.7164 0.01 1 20 0
9410 297.42 8.7164 0.01 1 19 0
9418 292.309 8.7072 0.01 1 20 0
9550 299.648 8.7164 0.01 1 20 0
9600 295.774 8.7164 0.01 1 20 0
9612 296.672 8.7164 0.01 1 20 0
9712 320.514 8.96544 0.01 1 109 0
9718 295.774 8.7164 0.01 1 18 0
9728 310.385 7.97059 0.01 1 72 0
9746 296.672 8.7164 0.01 1 20 0
9807 309.07 8.20789 0.01 1 72 0
9861 296.672 8.7164 0.01 1 20 0
9864 296.672 8.7164 0.01 1 20 0
9893 299.202 8.7164 0.01 1 20 0
9938 295.774 8.7164 0.01 1 20 0
9968 307.749 7.88561 0.01 1 72 0
10008 299.648 8.7164 0.01 1 19 0
10012 309.224 7.85368 0.01 1 72 0
10030 296.672 8.7164 0.01 1 20 0
10032 310.959 8.19963 0.01 1 72 0
10053 293.079 8.7164 0.01 1 20 0
10055 296.672 8.7164 0.01 1 18 0
10067 296.672 8.7164 0.01 1 20 0
10165 296.672 8.7164 0.01 1 20 0
10167 307.964 8.1279 0.01 1 72 0
10296 296.672 8.7164 0.01 1 20 0
10311 298.711 8.7164 0.01 1 20 0.00172095
10357 310.306 8.39028 0.01 1 72 0
10360 296.672 8.61965 0.01 1 20 -0.00159054
10401 309.638 8.22707 0.01 1 72 0
10426 308.599 8.39199 0.01 1 72 0
10493 296.672 8.82051 0.01 1 20 0
10502 295.774 8.7164 0.01 1 20 0
10524 296.672 8.7164 0.01 1 18 0
10539 296.672 8.7164 0.01 1 20 0
10565 311.826 7.90514 0.01 1 72 0
10571 309.77 7.85368 0.01 1 72 0
10593 305.977 7.93024 0.01 1 72 0
10617 296.672 8.7164 0.01 1 19 0
10682 293.079 8.76184 0.01 1 20 0
10752 296.672 8.7164 0.01 1 19 0
10787 296.672 8.7164 0.01 1 20 0
10875 294.363 8.7164 0.01 1 20 0
10879 294.187 8.7164 0.01 1 19 0
10943 296.672 8.7164 0.01 1 20 0
10985 292.749 8.7164 0.01 1 20 0
11003 310.306 8.39028 0.01 1 72 0
11020 296.672 8.7164 0.01 1 20 0
11073 308.599 8.39199 0.01 1 72 0
11128 295.388 8.7164 0.01 1 20 0
11181 309.095 7.85368 0.01 1 72 0
11195 321.605 8.80598 0.01 1 109 0
11236 296.672 8.7164 0.01 1 20 0
11272 308.849 7.90322 0.01 1 72 0
11309 296.672 8.7164 0.01 1 20 0
11310 296.672 8.79897 0.01 1 20 0
11361 295.774 8.7164 0.01 1 19 0
11383 321.605 8.80598 0.01 1 109 0
11392 297.466 8.7164 0.01 1 20 0
11393 296.672 8.7164 0.01 1 20 0
11500 309.6 8.42534 0.01 1 72 0
11529 308.85 8.53387 0.01 1 72 0
11579 297.127 8.7164 0.01 1 20 0
11639 296.672 8.7164 0.01 1 20 0
11641 299.648 8.7164 0.01 1 20 0
11685 310.588 7.80705 0.01 1 72 0
11722 299.648 8.77386 0.01 1 20 0
11816 306.852 7.83522 0.01 1 72 0
11881 296.672 8.76172 0.01 1 20 0
11901 295.388 8.7164 0.01 1 19 0
11924 296.672 8.7164 0.01 1 20 0
11970 296.672 8.81005 0.01 1 20 0
12013 293.079 8.7164 0.01 1 20 0
12017 297.42 8.7164 0.01 1 19 0
12050 296.672 8.7164 0.01 1 20 0
12067 308.849 7.90322 0.01 1 72 0
12081 296.907 8.64492 0.01 1 18 0
12084 296.139 8.81005 0.01 1 20 0
12175 309.638 8.22707 0.01 1 72 0
12264 307.749 7.88561 0.01 1 72 0
12274 293.079 8.7164 0.01 1 20 0
12318 296.139 8.81005 0.01 1 20 0
12341 299.648 8.65253 0.01 1 19 0
12367 299.648 8.7164 0.01 1 20 0
12369 293.079 8.7164 0.01 1 19 0
12394 295.047 8.7164 0.01 1 19 0
12424 306.91 7.48931 0.01 1 72 0
12436 321.383 8.77573 0.01 1 110 0
12638 296.672 8.7164 0.01 1 20 0
12655 296.672 8.7164 0.01 1 20 0
12705 309.254 8.20789 0.01 1 72 0
12707 309.023 7.61329 0.01 1 72 0
12788 296.672 8.7164 0.01 1 19 0
12810 308.453 8.29108 0.01 1 72 -0.000383809
12828 310.588 7.84829 0.01 1 72 0
12862 295.047 8.7164 0.01 1 20 0
12879 297.452 8.7164 0.01 1 20 0
12894 309.458 8.50118 0.01 1 72 -0.000283808
12913 321.295 8.80598 0.01 1 109 0
12923 296.672 8.7164 0.01 1 19 0
12968 296.672 8.70983 0.01 1 20 -0.000109226
12979 309.07 8.16288 0.01 1 72 0
13042 321.383 8.77573 0.01 1 110 0
13079 295.388 8.7164 0.01 1 20 0
13140 309.246 8.3607 0.01 1 72 0
13225 294.287 8.7164 0.01 1 19 0.0266507
13320 321.312 8.80598 0.01 1 108 0
13327 321.383 8.74741 0.01 1 109 0
13338 296.672 8.7164 0.01 1 20 0
13368 296.672 8.7164 0.01 1 20 0
13395 296.672 8.7164 0.01 1 18 0
13448 296.672 8.7164 0.01 1 18 0
13457 321.383 8.49403 0.01 1 110 -0.000307977
13480 310.588 7.8527 0.01 1 72 0
13488 321.295 8.80598 0.01 1 109 0
13527 309.224 7.85368 0.01 1 72 0
13528 321.312 8.80598 0.01 1 108 0
13534 296.672 8.7164 0.01 1 20 0
13556 321.312 8.794 0.01 1 108 0
13586 292.749 8.7164 0.01 1 20 0.00448489
13589 299.648 8.7164 0.01 1 20 0
13611 309.543 8.06234 0.01 1 72 0
13619 310.447 8.26462 0.01 1 72 0
13628 296.672 8.7164 0.01 1 20 0
13660 296.672 8.7164 0.01 1 18 0
13681 295.388 8.7164 0.01 1 19 0
13731 297.42 8.7164 0.01 1 19 0
13802 309.543 8.06234 0.01 1 72 0
13805 297.634 8.7164 0.01 1 20 0
13806 296.672 8.79897 0.01 1 20 0
13827 308.082 7.77395 0.01 1 72 0
13885 296.672 8.7164 0.01 1 19 0
13894 321.295 8.80598 0.01 1 109 0
13991 309.188 8.05537 0.01 1 72 0
14025 293.079 8.7164 0.01 1 20 0
14141 309.638 8.21133 0.01 1 72 0
14159 296.672 8.7164 0.01 1 20 0
14220 309.651 8.26776 0.01 1 72 0
14240 310.607 7.95211 0.01 1 72 0
14277 296.672 8.7164 0.01 1 19 0
14358 306.91 7.74214 0.01 1 72 0
14450 312.489 7.9182 0.01 1 72 0
14456 296.672 8.7164 0.01 1 20 0
14557 294.499 8.7164 0.01 1 20 0
14566 309.246 8.15627 0.01 1 72 0
14593 296.672 8.7164 0.01 1 20 0
14646 310.111 8.05375 0.01 1 72 0
14674 308.849 7.90322 0.01 1 72 0
14694 321.383 8.77573 0.01 1 110 0
14703 310.567 7.92944 0.01 1 72 0
14722 321.383 8.77573 0.01 1 108 0
14739 321.383 8.69784 0.01 1 108 0
14767 295.774 8.7164 0.01 1 19 0
14782 310.588 7.96033 0.01 1 72 0
14811 321.383 8.77573 0.01 1 108 0
14859 293.079 8.7164 0.01 1 19 0
14973 296.672 8.7164 0.01 1 20 0
15006 307.981 7.51097 0.01 1 72 0
15058 296.192 8.7164 0.01 1 20 0
15063 299.648 8.7164 0.01 1 19 0
15164 309.095 7.85368 0.01 1 72 0
15171 321.383 8.74741 0.01 1 108 0
15197 310.588 7.84829 0.01 1 72 0
15253 296.672 8.7164 0.01 1 20 0
15293 321.683 8.80598 0.01 1 110 0.00492835
15307 308.85 8.53387 0.01 1 72 0
15388 293.079 8.7164 0.01 1 18 0
15390 299.648 8.7164 0.01 1 19 0
15464 296.672 8.81005 0.01 1 20 0
15481 308.523 7.76827 0.01 1 72 0
15499 321.383 8.74741 0.01 1 108 0
15575 306.91 7.39035 0.01 1 72 0
15667 306.852 7.83522 0.01 1 72 0
15678 321.295 8.80598 0.01 1 109 0
15742 308.687 8.1279 0.01 1 72 0
15926 308.849 7.90322 0.01 1 72 0
15986 321.383 8.49403 0.01 1 110 0
16076 310.171 8.26462 0.01 1 72 0
16107 310.402 8.4753 0.01 1 72 0
16110 296.672 8.70253 0.01 1 20 0
16161 308.681 7.85368 0.01 1 72 0
16263 321.312 8.794 0.01 1 108 0
16272 308.687 8.19514 0.01 1 72 0
16283 312.035 7.90514 0.01 1 72 0
16303 296.672 8.7164 0.01 1 20 0
16340 306.852 7.93024 0.01 1 72 0
16401 293.079 8.7164 0.01 1 20 0
16404 296.672 8.7164 0.01 1 20 0
16405 307.981 7.51097 0.01 1 72 0
16461 321.295 8.64709 0.01 1 108 0
16463 309.191 8.43906 0.01 1 72 0
16464 295.497 8.7164 0.01 1 20 0
16538 296.672 8.7164 0.01 1 19 0
16609 296.672 8.66343 0.01 1 20 0
16722 297.694 8.7164 0.01 1 20 0
16749 309.543 8.06234 0.01 1 72 0
16784 321.605 8.80598 0.01 1 108 0
16788 311.509 7.82266 0.01 1 72 0
16798 310.447 8.26462 0.01 1 72 0
16801 321.383 8.77573 0.01 1 108 0
16833 321.383 8.71247 0.01 1 108 0
16870 308.027 7.83221 0.01 1 72 0
16893 294.363 8.7164 0.01 1 20 0
16894 296.672 8.7164 0.01 1 19 0
16953 294.363 8.7164 0.01 1 20 0
16956 293.079 8.7164 0.01 1 20 0
17002 308.523 7.96754 0.01 1 72 0
17006 308.85 8.53387 0.01 1 72 0
17078 309.651 8.24099 0.01 1 72 0
17083 296.672 8.7027 0.01 1 19 -0.000220276
17087 296.455 8.7164 0.01 1 20 0
17141 296.672 8.7164 0.01 1 20 0
17188 294.363 8.7164 0.01 1 20 0
17230 295.774 8.7164 0.01 1 20 0
17257 295.99 8.7164 0.01 1 20 0
17258 297.42 8.7164 0.01 1 20 0
17275 321.383 8.52354 0.01 1 109 0
17312 296.672 8.7164 0.01 1 20 0
17338 309.06 8.50118 0.01 1 72 0
17363 293.079 8.7164 0.01 1 20 0
17366 299.648 8.7164 0.01 1 18 0
17411 296.672 8.7164 0.01 1 20 0
17422 293.079 8.7164 0.01 1 19 0
17478 309.479 8.29622 0.01 1 72 0
17503 309.191 8.43906 0.01 1 72 0
17620 296.672 8.7164 0.01 1 20 0
17623 310.588 7.96033 0.01 1 72 0
17737 293.079 8.7164 0.01 1 19 0
17746 293.079 8.7164 0.01 1 20 0
17762 296.672 8.7164 0.01 1 20 0
17832 297.694 8.7164 0.01 1 20 0
17873 308.599 8.39199 0.01 1 72 0
17874 294.925 8.7164 0.01 1 19 0
17954 297.466 8.7164 0.01 1 20 0
18001 321.383 8.77573 0.01 1 108 0
18028 295.137 8.7164 0.01 1 20 0.00747816
18059 295.774 8.7164 0.01 1 20 0
18150 296.672 8.79897 0.01 1 20 0
18290 296.672 8.7164 0.01 1 20 0
18321 295.774 8.7164 0.01 1 20 0
18388 321.383 9.02096 0.01 1 108 0
18391 309.331 7.95211 0.01 1 72 0
18477 296.672 8.7164 0.01 1 20 0
18516 306.852 7.83522 0.01 1 72 0
18559 307.981 7.51097 0.01 1 72 0
18600 296.672 8.66512 0.01 1 20 0
18644 296.672 8.7164 0.01 1 18 0
18649 296.672 8.7164 0.01 1 20 0
18702 321.295 8.80598 0.01 1 109 0
18811 310.588 7.84829 0.01 1 72 0
18836 308.027 7.83221 0.01 1 72 0
18864 296.672 8.7164 0.01 1 20 0
18867 321.295 8.91091 0.01 1 109 0
18923 296.672 8.7164 0.01 1 20 0
18940 293.079 8.76184 0.01 1 19 0
18949 296.672 8.7164 0.01 1 18 0
18963 306.852 7.83522 0.01 1 72 0
19056 295.774 8.7164 0.01 1 20 0
19083 309.638 8.33041 0.01 1 72 0
19090 295.774 8.7164 0.01 1 19 0
19105 296.672 8.7164 0.01 1 20 0
19134 306.91 7.74214 0.01 1 72 0
19138 296.672 8.7164 0.01 1 20 0
19189 296.672 8.7164 0.01 1 18 0
19196 296.672 8.7164 0.01 1 20 0
19253 296.672 8.7164 0.01 1 20 0
19263 296.672 8.7164 0.01 1 20 0
19299 309.246 8.3607 0.01 1 72 0
19383 296.189 8.7164 0.01 1 20 0
19387 307.749 7.88561 0.01 1 72 0
19410 299.648 8.7164 0.01 1 20 0
19431 296.189 8.79712 0.01 1 20 0
19439 307.749 7.88561 0.01 1 72 0
19447 293.079 8.76184 0.01 1 19 0
19489 294.619 8.7164 0.01 1 20 0
19493 294.363 8.73818 0.01 1 19 0.000363827
19508 321.295 8.80598 0.01 1 110 0
19512 293.079 8.7164 0.01 1 20 0
19571 308.849 7.90322 0.01 1 72 0
19593 296.672 8.7164 0.01 1 20 0
19611 296.672 8.82051 0.01 1 20 0
19703 321.605 8.70399 0.01 1 109 0
19729 309.894 7.74347 0.01 1 72 0
19751 296.672 8.7164 0.01 1 20 0
19785 296.672 8.63716 0.01 1 19 -0.0012755
19809 299.648 8.7164 0.01 1 20 0
19870 296.672 8.7164 0.01 1 19 0
19872 310.588 7.80705 0.01 1 72 0
19892 309.06 8.50118 0.01 1 72 0
19898 293.079 8.7164 0.01 1 20 0
19940 321.605 8.80598 0.01 1 109 0
19964 309.082 7.94239 0.01 1 72 0
20008 296.672 8.7164 0.01 1 20 0
20088 296.672 8.7164 0.01 1 18 0
20099 306.91 7.72039 0.01 1 72 0
20101 306.119 8.4355 0.01 1 72 0
20145 296.672 8.7164 0.01 1 20 0
20175 293.079 8.7164 0.01 1 20 0
20184 307.801 7.77395 0.01 1 72 0
20204 293.079 8.7164 0.01 1 20 0
20220 309.188 8.05537 0.01 1 72 0
20221 321.383 8.52354 0.01 1 109 0
20247 296.672 8.7164 0.01 1 20 0
20398 307.981 7.51097 0.01 1 72 0
20417 296.139 8.81005 0.01 1 20 0.00575314
20501 321.383 8.69784 0.01 1 108 0
20597 297.42 8.7164 0.01 1 18 0
20631 293.079 8.7164 0.01 1 19 0
20666 296.672 8.7164 0.01 1 20 0
20690 296.672 8.7164 0.01 1 20 0
20706 295.774 8.7164 0.01 1 20 0
20762 296.672 8.7164 0.01 1 20 0
20770 310.637 7.74347 0.01 1 72 0
20796 293.079 8.7164 0.01 1 20 0
20809 296.672 8.79897 0.01 1 20 0
20828 295.497 8.7164 0.01 1 20 0
20852 296.672 8.7164 0.01 1 20 0
20870 296.672 8.7164 0.01 1 20 0
20902 296.672 8.7164 0.01 1 20 0
20913 310.306 8.39028 0.01 1 72 0
20938 295.116 8.7164 0.01 1 20 0.00823484
21129 299.648 8.7637 0.01 1 20 0
21185 320.514 8.96544 0.01 1 109 0
21211 296.672 8.7164 0.01 1 20 0
21244 293.079 8.7164 0.01 1 20 0
21306 296.672 8.7164 0.01 1 18 0
21319 321.605 8.80598 0.01 1 109 0
21321 309.254 8.20789 0.01 1 72 0
21336 297.634 8.7164 0.01 1 20 0
21382 296.672 8.7164 0.01 1 20 0
21383 297.634 8.7164 0.01 1 20 0
21394 296.672 8.7164 0.01 1 20 0
21471 322.351 8.80598 0.01 1 110 0
21511 296.672 8.62207 0.01 1 20 0
21530 296.189 8.79712 0.01 1 20 0
21551 306.852 7.83522 0.01 1 72 0
21586 296.049 8.7164 0.01 1 20 0
21592 296.672 8.7164 0.01 1 20 0
21621 309.246 8.3607 0.01 1 72 0
21630 296.672 8.7164 0.01 1 20 0
21651 296.672 8.7164 0.01 1 20 0
21697 310.588 7.84829 0.01 1 72 0
21711 321.383 8.52354 0.01 1 110 0
21874 296.672 8.7164 0.01 1 20 0
21892 296.672 8.7164 0.01 1 19 0
21909 295.732 8.7164 0.01 1 19 0.000458848
21922 321.295 8.80598 0.01 1 108 0
21974 320.514 8.96544 0.01 1 109 0
22027 308.917 7.74347 0.01 1 72 0
22033 296.672 8.7164 0.01 1 18 0
22061 295.774 8.69305 0.01 1 20 0
22079 296.672 8.7164 0.01 1 20 0
22080 309.246 8.3607 0.01 1 72 0
22098 297.962 8.7164 0.01 1 20 -0.0125298
22103 321.383 8.74741 0.01 1 108 0
22134 295.774 8.69305 0.01 1 19 -0.000391185
22173 293.079 8.7164 0.01 1 19 0
22198 307.981 7.51097 0.01 1 72 0
22203 293.079 8.76184 0.01 1 19 0
22216 296.672 8.7164 0.01 1 20 0
22229 310.588 7.96033 0.01 1 72 0
22440 309.331 7.95211 0.01 1 72 0
22503 297.694 8.7164 0.01 1 20 0
22507 296.672 8.82051 0.01 1 20 0
22537 299.648 8.7164 0.01 1 20 0
22544 321.383 9.02096 0.01 1 108 0
22576 293.079 8.7164 0.01 1 19 0
22630 310.97 7.80705 0.01 1 72 0
22692 294.024 8.7164 0.01 1 19 -0.0125239
22720 321.295 8.91091 0.01 1 109 0.000903666
22732 309.762 8.02314 0.01 1 72 0
22737 296.672 8.7164 0.01 1 20 0
22741 306.852 7.83522 0.01 1 72 0
22779 296.672 8.7164 0.01 1 20 0
22799 310.588 7.80705 0.01 1 72 0
22859 309.6 8.42534 0.01 1 72 0
22900 310.588 7.80705 0.01 1 72 0
22908 321.383 8.77573 0.01 1 110 0
22918 309.638 8.22707 0.01 1 72 0
22996 309.638 8.22707 0.01 1 72 0
23072 310.111 8.05375 0.01 1 72 0
23121 296.672 8.7177 0.01 1 20 2.12155e-05
23192 296.672 8.7164 0.01 1 20 0
23201 309.894 7.74347 0.01 1 72 0
23231 309.082 7.94239 0.01 1 72 0
23331 296.672 8.7164 0.01 1 18 0
23448 293.079 8.7164 0.01 1 19 0
23474 296.189 8.79712 0.01 1 20 0
23507 298.912 8.7164 0.01 1 20 0
23514 295.047 9.00708 0.01 1 20 0
23543 308.523 7.96754 0.01 1 72 0
23567 296.672 8.7164 0.01 1 20 0
23595 296.672 8.7164 0.01 1 18 0
23597 308.452 7.96754 0.01 1 72 0
23634 306.119 8.4355 0.01 1 72 0
23639 321.383 8.74741 0.01 1 108 0
23708 296.672 8.7164 0.01 1 20 0
23713 293.079 8.59324 0.01 1 20 0
23745 296.672 8.7164 0.01 1 20 0
23800 296.672 8.7164 0.01 1 19 0
23821 296.672 8.7164 0.01 1 20 0
23831 296.672 8.7164 0.01 1 20 0
23871 309.638 8.22707 0.01 1 72 0
23885 322.351 8.80598 0.01 1 110 0
23940 306.91 7.72039 0.01 1 72 0
24023 294.363 8.7164 0.01 1 20 0
24044 296.511 8.7164 0.01 1 20 0.00919398
24082 296.672 8.7164 0.01 1 20 0
24118 310.637 7.74347 0.01 1 72 0
24134 297.634 8.7164 0.01 1 20 0
24173 296.672 8.7164 0.01 1 19 0
24187 293.079 8.76184 0.01 1 19 0
24256 309.543 8.06234 0.01 1 72 0
24263 295.774 8.7164 0.01 1 20 0
24353 293.079 8.7164 0.01 1 20 0
24403 310.447 8.26462 0.01 1 72 0
24535 296.672 8.7164 0.01 1 19 0
24621 321.383 8.74741 0.01 1 108 0
24672 295.388 8.7164 0.01 1 20 0
24694 296.672 8.7164 0.01 1 18 0
24701 296.672 8.7164 0.01 1 20 0
24702 299.648 8.7164 0.01 1 20 0
24743 295.047 8.7164 0.01 1 20 0
24818 295.388 8.7164 0.01 1 20 0
24839 321.383 8.74741 0.01 1 108 0
24921 296.672 8.7164 0.01 1 19 0
24985 299.648 8.62094 0.01 1 19 0
24997 293.079 8.7164 0.01 1 19 0
25018 321.383 8.77573 0.01 1 108 0
25041 309.638 8.22707 0.01 1 72 0
25081 309.638 8.22707 0.01 1 72 0
25082 306.91 7.72039 0.01 1 72 0
25130 295.791 8.7164 0.01 1 20 0
25167 321.383 8.74741 0.01 1 108 0
25208 310.111 8.05375 0.01 1 72 0
25254 310.588 7.8527 0.01 1 72 0
25268 310.111 8.05375 0.01 1 72 0
25293 297.452 8.7164 0.01 1 20 0
25334 306.119 8.4355 0.01 1 72 0
25379 321.383 8.52354 0.01 1 109 0
25492 296.672 8.7164 0.01 1 20 0
25528 296.672 8.7164 0.01 1 20 0
25533 309.254 8.20789 0.01 1 72 0
25568 293.079 8.7164 0.01 1 20 0
25653 309.638 8.21133 0.01 1 72 0
25662 293.079 8.7164 0.01 1 19 0
25665 294.363 8.60367 0.01 1 20 -0.00188301
25690 311.145 8.14748 0.01 1 72 0
25767 321.383 9.02096 0.01 1 108 0
25815 296.672 8.7164 0.01 1 20 0
25882 296.672 8.7164 0.01 1 20 0
25896 309.246 8.15627 0.01 1 72 0
25915 295.116 8.7164 0.01 1 20 0
25916 296.672 8.7164 0.01 1 18 0
25944 310.588 7.80705 0.01 1 72 0
25967 296.672 8.7164 0.01 1 20 0
25973 310.959 8.19963 0.01 1 72 0
26024 310.588 7.80705 0.01 1 72 0
26101 294.363 8.7164 0.01 1 19 0
26107 298.912 8.7164 0.01 1 20 0
26123 308.523 7.96754 0.01 1 72 0
26160 296.672 8.81005 0.01 1 20 0
26262 296.277 8.7164 0.01 1 20 0
26379 310.872 7.95211 0.01 1 72 0
26529 295.774 8.7164 0.01 1 20 0
26587 293.079 8.7164 0.01 1 20 0
26602 296.139 8.81005 0.01 1 20 0
26645 296.672 8.7164 0.01 1 20 0
26649 298.912 8.7164 0.01 1 20 0
26673 321.664 8.80598 0.01 1 108 0
26690 309.638 8.22707 0.01 1 72 0
26709 321.383 8.77573 0.01 1 108 0
26715 308.027 7.83221 0.01 1 72 0
26745 296.672 8.7164 0.01 1 20 0
26784 310.637 7.74347 0.01 1 72 0
26792 294.363 8.7164 0.01 1 20 0
26812 293.079 8.7164 0.01 1 19 0
26834 306.852 7.87596 0.01 1 72 0
26885 307.647 7.3707 0.01 1 72 0
26994 296.672 8.7164 0.01 1 20 0
27000 321.383 8.77573 0.01 1 108 0
27025 308.523 7.96754 0.01 1 72 0
27052 306.324 7.99167 0.01 1 72 0
27071 296.672 8.62207 0.01 1 20 0
27112 296.672 8.82051 0.01 1 20 0.0017009
27120 296.672 8.7164 0.01 1 20 0
27155 309.246 8.3607 0.01 1 72 0
27156 309.224 7.85368 0.01 1 72 0
27216 308.523 7.96754 0.01 1 72 0
27296 295.388 8.7164 0.01 1 20 0
27333 296.672 8.7164 0.01 1 20 0
27372 294.363 8.7164 0.01 1 19 0
27423 294.363 8.7164 0.01 1 19 0
27631 295.497 8.7164 0.01 1 20 0
27715 296.672 8.7164 0.01 1 19 0
27731 295.774 8.7164 0.01 1 19 0
27759 321.295 8.80598 0.01 1 110 0
27783 296.672 8.7164 0.01 1 20 0
27820 321.664 8.80598 0.01 1 108 0
27841 310.567 7.92944 0.01 1 72 0
27894 308.85 8.53387 0.01 1 72 0
27949 321.383 8.68537 0.01 1 108 0
27964 295.388 8.7164 0.01 1 20 0
28017 296.672 8.7164 0.01 1 20 0
28052 309.762 8.02314 0.01 1 72 0
28054 296.672 8.7164 0.01 1 20 0
28110 308.027 7.83221 0.01 1 72 0
28115 295.388 8.7164 0.01 1 20 0
28205 296.672 8.7164 0.01 1 19 0
28274 308.85 8.53387 0.01 1 72 0
28300 296.672 8.7164 0.01 1 20 0
28410 296.672 8.7164 0.01 1 20 0
28457 295.388 8.7164 0.01 1 19 0
28489 296.672 8.7164 0.01 1 20 0
28506 295.047 8.7164 0.01 1 20 0
28532 309.182 8.29108 0.01 1 72 0
28546 309.082 7.94239 0.01 1 72 0
28566 296.672 8.7164 0.01 1 20 0
28628 294.024 8.7164 0.01 1 19 0
28652 295.774 8.7164 0.01 1 20 0
28671 321.383 8.77573 0.01 1 110 0
28679 309.638 8.22707 0.01 1 72 0
28720 295.774 8.7164 0.01 1 20 0
28778 296.672 8.7164 0.01 1 20 0
28783 321.383 8.74741 0.01 1 108 0
28907 311.265 8.31821 0.01 1 72 0
28949 294.363 8.7164 0.01 1 20 0
28970 299.648 8.7164 0.01 1 20 0
29013 296.672 8.7164 0.01 1 20 0
29035 310.588 7.96033 0.01 1 72 0
29065 295.774 8.7164 0.01 1 20 0
29067 295.497 8.7164 0.01 1 20 0
29079 296.672 8.7164 0.01 1 20 0
29086 321.295 8.80598 0.01 1 109 0
29121 306.91 7.48931 0.01 1 72 0
29130 296.672 8.7164 0.01 1 20 0
29243 321.295 8.80598 0.01 1 109 0
29246 296.672 8.7164 0.01 1 20 0
29280 296.672 8.7164 0.01 1 19 0
29302 321.383 8.71247 0.01 1 108 0
29320 309.246 8.3607 0.01 1 72 0
29353 296.672 8.7164 0.01 1 20 0
29436 296.672 8.81005 0.01 1 20 0
29441 321.383 8.69784 0.01 1 108 0
29482 296.672 8.7164 0.01 1 20 0
29484 296.672 8.7164 0.01 1 20 0
29517 296.672 8.7164 0.01 1 19 0
29585 310.97 7.82266 0.01 1 72 0.00375783
29591 309.638 8.22707 0.01 1 72 0
29610 293.079 8.7164 0.01 1 19 0
29618 296.672 8.82051 0.01 1 20 0
29724 296.063 8.7164 0.01 1 20 0.00657384
29765 296.672 8.7164 0.01 1 19 0
29768 321.605 8.80598 0.01 1 109 0
29807 294.784 8.7164 0.01 1 20 0
29818 306.852 7.83522 0.01 1 72 0
29848 321.295 8.80598 0.01 1 109 0
29857 309.117 7.72243 0.01 1 72 0
29894 308.027 7.83221 0.01 1 72 0
29939 308.826 8.29108 0.01 1 72 0
29955 296.672 8.7164 0.01 1 20 0
30002 310.607 7.95211 0.01 1 72 0
30014 295.774 8.7164 0.01 1 20 0
30081 310.959 8.26931 0.01 1 72 0
30087 296.672 8.7164 0.01 1 20 0
30144 299.648 8.7164 0.01 1 19 0
30145 307.981 7.51097 0.01 1 72 0
30148 319.621 8.87102 0.01 1 108 0
30196 296.672 8.7164 0.01 1 20 0
30264 296.672 8.7164 0.01 1 19 0
30275 308.808 7.90867 0.01 1 72 0
30286 309.638 8.22707 0.01 1 72 0
30313 312.489 7.93818 0.01 1 72 0
30351 293.079 8.7164 0.01 1 19 0
30410 296.672 8.7164 0.01 1 19 0
30439 293.079 8.7164 0.01 1 20 0
30450 296.672 8.7164 0.01 1 19 0
30491 296.672 8.7164 0.01 1 19 0
30503 306.852 8.11873 0.01 1 72 0
30509 321.383 8.77573 0.01 1 108 0
30590 310.284 8.16598 0.01 1 72 0
30641 296.672 8.7164 0.01 1 20 0
30656 296.672 8.7164 0.01 1 20 0
30671 321.295 8.54482 0.01 1 108 -0.000835568
30696 293.079 8.7164 0.01 1 19 0
30720 296.672 8.7164 0.01 1 20 0
30727 307.99 8.50118 0.01 1 72 0
30741 299.648 8.65253 0.01 1 19 0
30778 296.672 8.49467 0.01 1 20 -0.00365788
30791 294.363 8.7164 0.01 1 20 0
30797 294.363 8.75986 0.01 1 20 0.000724845
30800 309.07 8.20789 0.01 1 72 0
31000 293.079 8.7164 0.01 1 20 0
31008 294.363 8.78458 0.01 1 19 0
31033 310.588 7.96033 0.01 1 72 0
31060 297.466 8.7164 0.01 1 20 0
31096 321.295 8.80598 0.01 1 109 0
31131 321.312 8.80598 0.01 1 108 0
31200 310.385 7.97059 0.01 1 72 0
31233 296.672 8.7164 0.01 1 20 0
31256 320.514 8.96544 0.01 1 109 0
31262 321.383 8.77573 0.01 1 110 0
31269 309.77 7.85368 0.01 1 72 0
31285 310.588 7.84829 0.01 1 72 0
31305 296.672 8.7164 0.01 1 20 0
31378 294.363 8.7164 0.01 1 20 0
31394 296.672 8.7164 0.01 1 19 0
31432 308.523 7.96754 0.01 1 72 0
31443 296.672 8.7164 0.01 1 18 0
31451 296.672 8.76172 0.01 1 20 0
31475 306.91 7.39035 0.01 1 72 0
31477 296.672 8.7164 0.01 1 20 0
31549 295.047 9.00708 0.01 1 20 0
31603 310.588 7.8527 0.01 1 72 0
31611 296.672 8.7164 0.01 1 19 0
31623 310.571 7.72956 0.01 1 72 0
31669 299.648 8.73276 0.01 1 20 0.000219695
31723 309.246 8.14502 0.01 1 72 0
31754 310.588 7.82111 0.01 1 72 -2.77609e-05
31839 295.497 8.7164 0.01 1 20 0
31867 295.497 8.7164 0.01 1 19 0
31884 321.383 8.74741 0.01 1 108 0
31955 294.363 8.7164 0.01 1 20 0
31963 296.672 8.79897 0.01 1 20 0
31986 296.672 8.7164 0.01 1 20 0
32028 293.079 8.79174 0.01 1 20 0.00116837
32055 306.91 7.48931 0.01 1 72 0
32253 308.85 8.53387 0.01 1 72 0
32375 296.672 8.7164 0.01 1 20 0
32415 296.672 8.7164 0.01 1 20 0
32419 309.638 8.33041 0.01 1 72 0
32466 296.672 8.7164 0.01 1 18 0
32488 321.605 8.80598 0.01 1 110 0
32518 296.672 8.7164 0.01 1 20 0
32581 296.672 8.7164 0.01 1 19 0
32657 308.85 8.53387 0.01 1 72 0
32661 295.497 8.7164 0.01 1 20 0
32675 310.402 8.4753 0.01 1 72 0
32713 321.383 8.77573 0.01 1 108 0
32728 309.246 8.3607 0.01 1 72 0
32764 308.176 7.85368 0.01 1 72 0
32768 321.295 8.80598 0.01 1 109 0
32815 321.605 8.80598 0.01 1 109 0
32910 322.351 8.80598 0.01 1 110 0
32916 296.672 8.7164 0.01 1 20 0
32937 293.079 8.7164 0.01 1 19 0
33000 295.774 8.7164 0.01 1 20 0
33143 293.079 8.76184 0.01 1 20 0
33151 296.672 8.7164 0.01 1 19 0
33187 321.383 8.74741 0.01 1 108 0
33271 309.082 7.94239 0.01 1 72 0
33275 296.672 8.7164 0.01 1 20 0
33389 309.651 8.24099 0.01 1 72 0
33396 299.648 8.7164 0.01 1 20 0
33402 296.672 8.7164 0.01 1 20 0
33406 293.079 8.7164 0.01 1 19 0
33438 293.079 8.7164 0.01 1 20 0
33598 321.605 8.80598 0.01 1 110 0
33605 296.672 8.7164 0.01 1 20 0
33628 296.672 8.7164 0.01 1 20 0
33665 310.588 7.96033 0.01 1 72 0
33692 296.672 8.7164 0.01 1 20 0
33698 307.99 8.50118 0.01 1 72 0
33740 310.402 8.4753 0.01 1 72 0
33765 296.716 8.7164 0.01 1 20 -0.010287
33777 296.672 8.7164 0.01 1 20 0
33826 309.331 7.95211 0.01 1 72 0
33886 296.672 8.7164 0.01 1 20 0
33933 295.388 8.7164 0.01 1 20 0
33960 293.079 8.7164 0.01 1 20 0
33965 296.672 8.7164 0.01 1 20 0
33986 296.189 8.79712 0.01 1 20 0
34128 309.07 8.16288 0.01 1 72 0
34163 299.648 8.7164 0.01 1 20 0
34183 293.079 8.7164 0.01 1 20 0.0172326
34293 296.672 8.7164 0.01 1 19 0
34346 296.672 8.7164 0.01 1 19 0
34347 295.047 8.7164 0.01 1 20 0
34361 297.634 8.7164 0.01 1 20 0
34364 299.648 8.7164 0.01 1 19 0
34402 297.42 8.7164 0.01 1 18 0
34471 307.128 8.4355 0.01 1 72 0.00642475
34494 295.774 8.7164 0.01 1 19 0
34506 293.079 8.7164 0.01 1 20 0
34526 306.91 7.74214 0.01 1 72 0
34593 308.599 8.39199 0.01 1 72 0
34601 299.648 8.7164 0.01 1 20 0
34637 296.672 8.7164 0.01 1 20 0
34658 296.672 8.7164 0.01 1 20 0
34710 310.808 8.43125 0.01 1 72 0
34728 321.295 8.80598 0.01 1 109 0
34750 306.91 7.39035 0.01 1 72 0
34812 322.351 8.80598 0.01 1 110 0
34830 309.07 8.20789 0.01 1 72 0
34839 307.155 7.91717 0.01 1 72 0
34846 296.672 8.7164 0.01 1 20 0
34868 296.672 8.7164 0.01 1 20 0
34915 308.523 7.96754 0.01 1 72 0
34950 296.672 8.70253 0.01 1 19 0
34964 296.672 8.70483 0.01 1 20 3.78117e-05
34980 296.672 8.7164 0.01 1 20 0
35011 309.543 8.06234 0.01 1 72 0
35048 309.246 8.3607 0.01 1 72 0
35056 294.784 8.7164 0.01 1 20 0
35077 299.202 8.7164 0.01 1 20 0
35090 296.672 8.53197 0.01 1 20 -0.00219994
35138 293.079 8.76184 0.01 1 19 0
35185 296.672 8.7164 0.01 1 20 0
35188 321.383 8.74741 0.01 1 108 0
35202 296.672 8.7164 0.01 1 20 0
35270 306.91 7.48931 0.01 1 72 0
35301 296.192 8.7164 0.01 1 20 0
35302 296.672 8.82051 0.01 1 20 0
35324 294.363 8.7164 0.01 1 19 0
35402 296.672 8.7164 0.01 1 20 0
35483 295.497 8.7164 0.01 1 20 0
35511 293.079 8.76184 0.01 1 19 0
35521 308.523 7.96754 0.01 1 72 0
35567 294.363 8.7164 0.01 1 20 0
35635 296.4 8.7164 0.01 1 20 0.00288529
35646 321.295 8.80598 0.01 1 109 0
35650 293.079 8.7164 0.01 1 20 0
35659 310.111 8.05375 0.01 1 72 0
35701 310.588 7.80705 0.01 1 72 0
35717 296.672 8.7164 0.01 1 20 0
35733 295.388 8.7164 0.01 1 19 0
35743 296.672 8.7164 0.01 1 20 0
35799 296.672 8.7164 0.01 1 19 0
35820 321.383 8.77573 0.01 1 110 0
35828 321.383 8.77573 0.01 1 110 0
35842 309.246 8.3607 0.01 1 72 0
35863 296.672 8.82051 0.01 1 20 0
35936 321.312 8.80598 0.01 1 109 0
35940 320.514 8.96544 0.01 1 109 0
36079 294.363 8.7164 0.01 1 20 0
36094 296.672 8.7164 0.01 1 20 0
36138 296.887 8.81847 0.01 1 19 -0.000478376
36139 321.383 8.74741 0.01 1 108 0
36180 296.672 8.7164 0.01 1 19 0
36235 297.127 8.7164 0.01 1 20 0
36260 307.99 8.50118 0.01 1 72 0
36273 296.672 8.7164 0.01 1 20 0
36278 310.447 8.26462 0.01 1 72 0
36360 310.588 7.74439 0.01 1 72 -6.5431e-05
36365 296.672 8.66343 0.01 1 20 0
36373 296.672 8.7164 0.01 1 20 0
36537 296.672 8.7164 0.01 1 18 0
36568 293.079 8.7164 0.01 1 20 0
36587 296.672 8.7164 0.01 1 20 0
36601 307.647 7.3707 0.01 1 72 0
36616 296.672 8.7164 0.01 1 19 0
36625 297.694 8.7164 0.01 1 20 0
36702 296.139 8.81005 0.01 1 20 0
36746 295.497 8.7164 0.01 1 19 0
36752 308.917 7.74347 0.01 1 72 0
36756 296.672 8.7164 0.01 1 20 0
36779 296.672 8.79043 0.01 1 20 0
36841 297.263 8.7164 0.01 1 20 0
36881 293.079 8.7164 0.01 1 19 0
36946 296.672 8.7164 0.01 1 20 0
36979 307.749 7.88561 0.01 1 72 0
37132 299.648 8.7164 0.01 1 19 0
37187 296.672 8.7164 0.01 1 19 0
37205 294.363 8.7164 0.01 1 19 0
37329 299.648 8.7164 0.01 1 19 0
37348 308.85 8.53387 0.01 1 72 0
37356 293.079 8.7164 0.01 1 20 0
37395 311.145 8.14748 0.01 1 72 0
37398 299.648 8.77386 0.01 1 20 0
37415 296.672 8.7164 0.01 1 20 0
37425 294.363 8.7164 0.01 1 19 0
37449 309.638 8.33041 0.01 1 72 0
37581 323.411 8.77573 0.01 1 109 0
37601 321.383 8.77573 0.01 1 108 0
37750 293.079 8.64225 0.01 1 20 -0.00116658
37767 310.086 8.08549 0.01 1 72 1.33216e-05
37820 310.588 7.80705 0.01 1 72 0
37863 308.312 7.60807 0.01 1 72 0
37869 296.907 8.64492 0.01 1 18 0
37910 308.523 7.96754 0.01 1 72 0
37928 296.672 8.7164 0.01 1 20 0
38117 307.749 7.88561 0.01 1 72 0
38154 321.312 8.80598 0.01 1 108 0
38168 305.977 7.93024 0.01 1 72 0
38186 296.672 8.79043 0.01 1 20 0
38262 296.672 8.7164 0.01 1 20 0
38286 297.127 8.7164 0.01 1 20 0
38306 321.881 8.68537 0.01 1 108 0.00580655
38310 305.977 7.93024 0.01 1 72 0
38326 296.672 8.7164 0.01 1 20 0
38364 309.543 8.06234 0.01 1 72 0
38381 296.672 8.7164 0.01 1 19 0
38397 296.672 8.7164 0.01 1 19 0
38414 308.508 7.85368 0.01 1 72 0
38419 309.479 8.29622 0.01 1 72 0
38421 296.672 8.7164 0.01 1 20 0
38569 296.672 8.7164 0.01 1 19 0
38616 296.672 8.7164 0.01 1 20 0
38621 299.648 8.7164 0.01 1 19 0
38863 321.312 8.80598 0.01 1 109 0
38887 296.672 8.7164 0.01 1 20 0
38955 309.269 8.06234 0.01 1 72 0
39102 296.672 8.7164 0.01 1 20 0
39132 296.672 8.7164 0.01 1 20 0
39198 321.383 8.77573 0.01 1 108 0
39241 297.466 8.7164 0.01 1 20 0
39259 310.588 7.8527 0.01 1 72 0
39278 296.672 8.7164 0.01 1 18 0
39283 295.388 8.7164 0.01 1 19 0
39286 321.383 8.71247 0.01 1 108 0
39382 299.648 8.7164 0.01 1 20 0
39438 296.672 8.7164 0.01 1 20 0
39463 296.672 8.79043 0.01 1 20 0
39488 296.672 8.7164 0.01 1 20 0
39503 296.672 8.7164 0.01 1 19 0
39548 296.672 8.7164 0.01 1 18 0
39569 296.189 8.79712 0.01 1 20 0
39632 296.672 8.7164 0.01 1 19 0
39683 296.672 8.7164 0.01 1 19 0
39702 293.079 8.7164 0.01 1 19 0
39712 295.774 8.7164 0.01 1 18 0
39759 296.672 8.7164 0.01 1 20 0
39777 321.383 8.77573 0.01 1 110 0
39791 293.079 8.7164 0.01 1 19 0
39794 296.672 8.7164 0.01 1 19 0
39817 308.85 8.53387 0.01 1 72 0
39825 296.672 8.7164 0.01 1 19 0
39843 296.672 8.7164 0.01 1 20 0
39906 295.388 8.7164 0.01 1 20 0
39922 295.497 8.7164 0.01 1 20 0
39939 321.605 8.80598 0.01 1 110 0
39954 296.672 8.7164 0.01 1 19 0
39995 310.525 8.26462 0.01 1 72 0
39997 296.672 8.7164 0.01 1 20 0
40072 321.383 8.52354 0.01 1 110 0
40090 310.111 8.05375 0.01 1 72 0
40096 296.672 8.7164 0.01 1 20 0
40129 295.774 8.7164 0.01 1 20 0
40146 321.295 8.64709 0.01 1 108 0
40151 295.388 8.7164 0.01 1 20 0
40155 296.672 8.7164 0.01 1 20 0
40161 310.959 8.19963 0.01 1 72 0
40209 296.672 8.7164 0.01 1 20 0
40274 296.672 8.7164 0.01 1 20 0
40312 306.852 7.93024 0.01 1 72 0
40329 321.383 8.74741 0.01 1 108 0
40388 293.079 8.7164 0.01 1 20 0
40396 295.774 8.70984 0.01 1 20 -0.000109889
40415 307.801 7.77395 0.01 1 72 0
40444 310.086 8.05537 0.01 1 72 0
40463 321.295 8.80598 0.01 1 109 0
40478 296.672 8.7164 0.01 1 19 0
40527 321.383 8.77573 0.01 1 108 0
40529 321.383 9.02096 0.01 1 108 0
40611 296.672 8.7164 0.01 1 18 0
40624 296.672 8.7164 0.01 1 20 0
40696 296.672 8.7164 0.01 1 19 0
40703 296.672 8.7164 0.01 1 20 0
40739 296.672 8.7164 0.01 1 19 0
40748 296.672 8.7164 0.01 1 19 0
40772 296.672 8.7164 0.01 1 20 0
40776 297.127 8.7164 0.01 1 20 0
40777 296.672 8.7164 0.01 1 20 0
40785 321.383 8.74741 0.01 1 109 0
40856 296.672 8.7164 0.01 1 20 0
40884 310.637 7.74347 0.01 1 72 0
40941 293.079 8.7164 0.01 1 20 0
40942 295.047 8.7164 0.01 1 20 0
40995 309.6 8.42534 0.01 1 72 0
41001 296.049 8.7164 0.01 1 20 0
41026 321.295 8.80598 0.01 1 109 0
41029 296.672 8.7164 0.01 1 20 0
41114 310.306 8.39028 0.01 1 72 0
41119 294.363 8.78458 0.01 1 19 0.00113515
41126 295.047 8.7164 0.01 1 20 0
41197 310.567 7.92944 0.01 1 72 0
41232 310.637 7.74347 0.01 1 72 0
41246 297.466 8.7164 0.01 1 20 0
41307 321.383 8.74741 0.01 1 108 0
41512 299.202 8.7164 0.01 1 20 0.0032457
41544 293.079 8.7164 0.01 1 20 0
41563 308.508 7.85368 0.01 1 72 0
41638 294.363 8.70909 0.01 1 20 -0.000121236
41658 321.295 8.64709 0.01 1 108 0
41675 321.383 8.71247 0.01 1 108 0
41687 296.672 8.7164 0.01 1 20 0
41704 308.176 7.85368 0.01 1 72 0
41713 307.964 8.1279 0.01 1 72 0
41719 296.511 8.7164 0.01 1 20 0
41720 306.852 7.83522 0.01 1 72 0
41724 296.672 8.79043 0.01 1 20 0
41725 309.254 8.20789 0.01 1 72 0
41804 296.672 8.7164 0.01 1 20 0
41886 295.774 8.7164 0.01 1 20 0
41887 308.082 7.77395 0.01 1 72 0
41895 296.672 8.66526 0.01 1 20 -0.000851795
41990 310.588 7.80705 0.01 1 72 0
41998 308.849 7.90322 0.01 1 72 0
42038 295.388 8.7164 0.01 1 20 0
42079 321.295 8.80598 0.01 1 110 0
42083 294.024 8.7164 0.01 1 20 0
42100 296.672 8.7164 0.01 1 18 0
42123 308.681 7.85368 0.01 1 72 0
42239 296.672 8.7164 0.01 1 20 0
42258 296.672 8.73316 0.01 1 20 0.000274606
42320 321.383 8.74741 0.01 1 108 0
42330 309.638 8.22707 0.01 1 72 0
42391 295.047 8.7164 0.01 1 19 0
42460 296.672 8.7164 0.01 1 19 0
42520 296.672 8.7164 0.01 1 20 0
42540 305.977 7.93024 0.01 1 72 0
42612 294.363 8.7164 0.01 1 20 0
42653 296.672 8.7164 0.01 1 19 0
42670 306.91 7.48931 0.01 1 72 0
42679 306.119 8.4355 0.01 1 72 0
42751 296.672 8.7164 0.01 1 20 0
42782 299.648 8.7164 0.01 1 19 0
42809 296.672 8.7164 0.01 1 18 0
42883 295.774 8.7164 0.01 1 20 0
42895 296.672 8.7164 0.01 1 18 0
42899 321.383 8.71247 0.01 1 108 0
42999 293.079 8.7164 0.01 1 19 0
43040 296.049 8.7164 0.01 1 20 0
43066 310.171 8.26462 0.01 1 72 0
43089 321.383 8.77573 0.01 1 110 0
43122 296.672 8.7164 0.01 1 19 0
43134 321.383 8.77573 0.01 1 108 0
43136 321.383 8.58278 0.01 1 110 0
43144 295.774 8.7164 0.01 1 20 0
43161 296.672 8.7164 0.01 1 19 0
43162 297.056 8.7164 0.01 1 20 0
43187 296.511 8.7164 0.01 1 20 0
43222 293.079 8.7164 0.01 1 20 0
43268 294.363 8.7164 0.01 1 19 0
43420 293.079 8.7164 0.01 1 19 0
43460 312.035 7.90514 0.01 1 72 0
43571 296.672 8.7164 0.01 1 20 0
43591 320.514 8.96544 0.01 1 109 0
43602 306.91 7.72039 0.01 1 72 0
43618 309.543 7.85898 0.01 1 72 0
43621 296.672 8.7164 0.01 1 19 0
43677 296.672 8.7164 0.01 1 20 0
43691 308.312 7.60807 0.01 1 72 0
43692 296.672 8.7164 0.01 1 19 0
43701 296.672 8.7164 0.01 1 20 0
43713 309.638 8.22707 0.01 1 72 0
43805 296.672 8.7164 0.01 1 19 0
43875 296.672 8.7164 0.01 1 19 0
43892 296.277 8.7164 0.01 1 20 0
43950 306.119 8.4355 0.01 1 72 0
43960 307.749 7.88561 0.01 1 72 0
43984 308.626 8.29108 0.01 1 72 0
44024 322.351 8.80598 0.01 1 110 0
44059 312.489 7.9182 0.01 1 72 0
44119 295.732 8.7164 0.01 1 19 0
44129 310.588 7.96033 0.01 1 72 0
44135 295.774 8.7164 0.01 1 20 0
44195 293.079 8.7164 0.01 1 20 0
44254 296.672 8.7164 0.01 1 20 0
44265 321.383 8.74741 0.01 1 108 0
44286 296.594 8.7164 0.01 1 18 0.000733778
44309 293.079 8.7164 0.01 1 20 0
44319 306.91 7.72039 0.01 1 72 0
44325 321.312 8.80598 0.01 1 109 0
44351 306.91 7.72039 0.01 1 72 0
44367 307.749 7.88561 0.01 1 72 0
44402 305.977 7.93024 0.01 1 72 0
44412 310.588 7.96033 0.01 1 72 0
44456 294.187 8.7164 0.01 1 19 -0.0142566
44501 321.383 8.74741 0.01 1 108 0
44556 296.672 8.7164 0.01 1 20 0
44649 296.743 8.7164 0.01 1 20 0
44739 308.826 8.29108 0.01 1 72 0
44760 306.324 7.99167 0.01 1 72 0
44771 296.672 8.7164 0.01 1 19 0
44773 296.672 8.7164 0.01 1 20 0
44775 293.079 8.7164 0.01 1 20 0
44811 295.774 8.7164 0.01 1 20 0
44868 306.119 8.4355 0.01 1 72 0
44910 306.91 7.74214 0.01 1 72 0
45002 297.42 8.7164 0.01 1 19 0
45012 321.312 8.80598 0.01 1 109 0
45035 321.383 8.77573 0.01 1 108 0
45046 296.672 8.7164 0.01 1 20 0
45099 296.672 8.7164 0.01 1 20 0
45127 295.774 8.7164 0.01 1 20 0
45141 321.383 9.02096 0.01 1 108 0
45190 296.672 8.79043 0.01 1 20 -0.000490274
45215 321.383 8.74741 0.01 1 109 0
45256 296.672 8.7164 0.01 1 20 0
45273 294.363 8.73818 0.01 1 19 0
45282 309.331 7.95211 0.01 1 72 0
45357 319.621 8.96083 0.01 1 108 0
45375 296.672 8.7164 0.01 1 19 0
45409 296.672 8.7164 0.01 1 19 0
45438 321.383 8.74741 0.01 1 108 0
45499 295.047 9.00708 0.01 1 20 0.00473515
45559 309.082 7.94239 0.01 1 72 0
45581 310.111 8.05375 0.01 1 72 0
45594 296.907 8.64492 0.01 1 19 0
45620 296.672 8.7164 0.01 1 19 0
45648 312.489 7.9182 0.01 1 72 0
45717 309.246 8.3607 0.01 1 72 0
45867 321.295 8.64709 0.01 1 108 0
45893 296.049 8.7164 0.01 1 20 0
45901 320.514 8.96544 0.01 1 109 0
45979 306.91 7.39035 0.01 1 72 0
45997 296.672 8.7164 0.01 1 20 0
46019 296.672 8.7164 0.01 1 20 0
46039 296.672 8.7164 0.01 1 18 0
46047 308.599 8.39199 0.01 1 72 0
46054 296.672 8.7164 0.01 1 18 0
46117 321.312 8.80598 0.01 1 109 0
46158 308.687 8.1279 0.01 1 72 0
46168 321.383 8.69784 0.01 1 109 0
46220 311.265 8.31821 0.01 1 72 0
46227 294.925 8.7164 0.01 1 19 0
46259 296.672 8.7164 0.01 1 20 0
46265 296.907 8.64492 0.01 1 20 0
46298 296.672 8.7164 0.01 1 20 0
46313 321.383 8.71247 0.01 1 108 0
46331 308.599 8.39199 0.01 1 72 0
46371 321.383 8.74741 0.01 1 108 0
46372 296.672 8.7164 0.01 1 20 0
46427 296.672 8.7164 0.01 1 20 0
46493 294.363 8.56609 0.01 1 20 -0.00251758
46495 293.079 8.59324 0.01 1 20 0
46511 296.672 8.7164 0.01 1 20 0
46602 296.672 8.7164 0.01 1 20 0
46615 308.849 7.90322 0.01 1 72 0
46646 296.672 8.7164 0.01 1 20 0
46683 295.047 8.7164 0.01 1 19 0
46802 296.189 8.79712 0.01 1 20 0
46853 293.079 8.7164 0.01 1 20 0
46881 309.638 8.22707 0.01 1 72 0
46990 296.672 8.7164 0.01 1 20 0
47001 309.246 8.15627 0.01 1 72 0
47002 296.672 8.7164 0.01 1 20 0
47022 309.06 8.50118 0.01 1 72 0
47075 309.023 7.61329 0.01 1 72 0
47084 309.254 8.20789 0.01 1 72 0
47105 309.762 8.02314 0.01 1 72 0
47109 321.312 8.80598 0.01 1 108 0
47114 321.605 8.70399 0.01 1 109 -0.000836685
47121 294.363 8.75986 0.01 1 19 0
47156 321.383 9.02096 0.01 1 108 0
47167 321.383 8.74741 0.01 1 108 0
47197 309.06 8.50118 0.01 1 72 0
47213 321.312 8.80598 0.01 1 108 0
47225 309.638 8.22707 0.01 1 72 0
47234 296.672 8.7164 0.01 1 19 0
47344 321.605 8.80598 0.01 1 108 0
47365 296.672 8.7164 0.01 1 19 0
47415 296.672 8.7164 0.01 1 20 0
47438 295.774 8.7164 0.01 1 20 0
47492 294.363 8.7164 0.01 1 19 0
