max_pf 115 min_pf 13
individual T0 sigma disp_rate r0 patch_no mut_eff
120 308.882 8.26648 0.01 1 72 0
227 326.106 8.60617 0.01 1 113 0
278 324.927 8.60617 0.01 1 113 0
316 294.555 8.49382 0.01 1 14 0
371 298.333 8.49382 0.01 1 15 0
525 294.523 8.49382 0.01 1 14 0
574 307.44 8.00512 0.01 1 72 0
649 292.005 8.59495 0.01 1 13 0
655 311.218 8.22455 0.01 1 72 0
660 307.44 8.00793 0.01 1 72 0
735 307.724 8.27064 0.01 1 72 0
745 294.523 8.49382 0.01 1 15 0
746 294.523 8.49382 0.01 1 15 0
811 294.523 8.49382 0.01 1 15 0
841 326.106 8.49885 0.01 1 114 0
888 293.908 8.49382 0.01 1 14 0
992 295.455 8.49382 0.01 1 14 0
1027 326.106 8.49885 0.01 1 113 0
1035 294.523 8.49382 0.01 1 15 0
1047 294.523 8.49382 0.01 1 15 0
1233 294.523 8.49382 0.01 1 13 0
1244 295.248 8.49382 0.01 1 15 0
1312 294.523 8.49382 0.01 1 15 0
1343 294.523 8.49382 0.01 1 15 0
1409 309.057 7.73384 0.01 1 72 0
1462 294.523 8.49382 0.01 1 15 0
1490 326.106 8.60617 0.01 1 114 0
1491 295.005 8.49382 0.01 1 15 0
1525 294.523 8.49382 0.01 1 15 0
1527 326.106 8.60617 0.01 1 114 0
1561 308.835 8.47891 0.01 1 72 0
1581 297.162 8.1798 0.01 1 15 0
1582 326.106 8.60617 0.01 1 113 0
1647 307.747 8.17074 0.01 1 72 0
1696 294.523 8.49382 0.01 1 15 0
1817 326.106 8.49885 0.01 1 113 0
1823 294.523 8.49382 0.01 1 15 0
1930 326.106 8.60617 0.01 1 113 0
1969 294.523 8.49382 0.01 1 13 0
1981 308.718 8.39618 0.01 1 72 0
1988 308.148 8.00504 0.01 1 72 0
2110 293.908 8.49382 0.01 1 14 0
2221 322.6 8.49885 0.01 1 114 0
2226 294.857 8.53086 0.01 1 14 0
2228 294.523 8.49382 0.01 1 14 0
2240 294.523 8.49382 0.01 1 15 0
2251 311.747 8.22455 0.01 1 72 0
2303 309.174 8.07667 0.01 1 72 0
2429 294.523 8.49382 0.01 1 15 0
2479 307.182 8.27064 0.01 1 72 0
2597 295.455 8.49382 0.01 1 14 0
2674 294.523 8.49382 0.01 1 15 0
2710 294.857 8.53086 0.01 1 15 0
2720 309.583 8.27064 0.01 1 72 0
2819 294.857 8.53086 0.01 1 15 0
2823 310.596 8.09715 0.01 1 72 0
2872 309.391 7.93126 0.01 1 72 0
2917 294.523 8.48444 0.01 1 13 0
2948 325.457 8.60617 0.01 1 113 0
3034 293.29 8.49382 0.01 1 15 0
3088 294.364 8.58523 0.01 1 14 0.00146253
3098 306.388 8.18019 0.01 1 72 0
3131 309.174 8.16311 0.01 1 72 1.49012e-08
3167 294.523 8.5344 0.01 1 14 0
3169 294.523 8.49382 0.01 1 15 0
3185 294.609 8.49382 0.01 1 15 0
3206 294.523 8.49382 0.01 1 15 0
3369 326.106 8.60617 0.01 1 114 0
3376 296.242 8.49382 0.01 1 15 0
3426 294.364 8.64784 0.01 1 14 0
3481 309.473 8.39618 0.01 1 72 0
3517 326.106 8.60617 0.01 1 114 0
3523 294.364 8.49382 0.01 1 15 0
3643 308.509 8.27064 0.01 1 72 0
3708 310.49 7.93723 0.01 1 72 0
3731 308.515 7.81655 0.01 1 72 0
3816 311.611 8.16911 0.01 1 72 0
3876 324.927 8.60617 0.01 1 115 0
3922 294.523 8.49382 0.01 1 15 0
3941 293.199 8.49382 0.01 1 15 0
3968 293.199 8.49382 0.01 1 15 0
4195 308.718 8.39618 0.01 1 72 0
4219 297.682 8.49382 0.01 1 15 0
4244 311.31 7.93723 0.01 1 72 0
4396 294.609 8.49382 0.01 1 15 0
4398 292.787 8.49382 0.01 1 15 0
4404 294.609 8.49382 0.01 1 14 0
4446 294.523 8.49382 0.01 1 15 0
4459 294.523 8.49382 0.01 1 15 0
4476 324.927 8.60617 0.01 1 114 0
4483 326.106 8.60617 0.01 1 113 0
4612 324.927 8.60617 0.01 1 113 0
4614 310.596 8.09715 0.01 1 72 0
4687 323.7 8.63032 0.01 1 113 0
4767 309.057 7.73384 0.01 1 72 0
4789 307.569 8.41435 0.01 1 72 0
4841 308.515 7.84921 0.01 1 72 0
4874 295.535 8.43306 0.01 1 15 0
4875 308.509 8.21838 0.01 1 72 0
4889 307.118 8.28985 0.01 1 72 0
4895 324.927 8.60617 0.01 1 113 0
4935 292.462 8.49382 0.01 1 15 0
4976 293.908 8.49382 0.01 1 15 0
5048 295.455 8.49382 0.01 1 14 0
5088 326.106 8.60617 0.01 1 114 0
5147 308.509 8.27064 0.01 1 72 0
5156 294.523 8.49382 0.01 1 14 0
5234 294.523 8.64289 0.01 1 15 0.00247841
5257 294.523 8.49382 0.01 1 15 0
5258 308.718 8.39618 0.01 1 72 0
5281 308.277 8.35542 0.01 1 72 0
5303 310.433 8.22455 0.01 1 72 0
5382 296.242 8.49382 0.01 1 15 0
5449 309.947 7.93723 0.01 1 72 0
5468 292.787 8.64249 0.01 1 15 0
5502 294.523 8.49382 0.01 1 14 0
5655 294.523 8.49382 0.01 1 15 0
5702 310.596 8.09715 0.01 1 72 0
5782 308.515 7.70761 0.01 1 72 0
5817 297.682 8.49382 0.01 1 15 0
5819 309.278 8.36032 0.01 1 72 0
5842 308.835 8.47891 0.01 1 72 0
5858 294.34 8.49382 0.01 1 15 0
5908 294.523 8.49382 0.01 1 13 0
5910 309.391 7.93126 0.01 1 72 0
5955 311.31 7.93723 0.01 1 72 0
5958 326.106 8.60617 0.01 1 115 0
6062 293.199 8.49382 0.01 1 15 0
6063 294.523 8.49382 0.01 1 14 0
6073 310.49 7.93723 0.01 1 72 0
6078 292.787 8.64249 0.01 1 15 0.00252178
6124 294.523 8.49382 0.01 1 15 0
6149 326.106 8.60617 0.01 1 115 0
6194 308.509 8.27064 0.01 1 72 0
6215 309.174 8.16285 0.01 1 72 0
6224 294.523 8.49382 0.01 1 15 0
6233 308.203 8.27064 0.01 1 72 0.0028699
6290 294.364 8.64784 0.01 1 15 0
6385 294.523 8.49382 0.01 1 15 0
6430 297.352 8.49382 0.01 1 15 0
6518 308.505 7.27903 0.01 1 72 0
6528 294.523 8.49382 0.01 1 14 0
6577 309.415 7.70099 0.01 1 72 0
6675 326.106 8.60617 0.01 1 113 0
6683 309.583 8.27064 0.01 1 72 0
6686 294.523 8.55124 0.01 1 15 0.000936259
6702 308.509 8.27064 0.01 1 72 0
6800 295.455 8.37776 0.01 1 15 0
6860 308.148 8.30565 0.01 1 72 0
6892 326.106 8.60617 0.01 1 113 0
7096 294.523 8.49382 0.01 1 15 0
7104 292.787 8.64249 0.01 1 13 0
7125 308.229 8.30565 0.01 1 72 0
7222 293.199 8.49382 0.01 1 15 0
7343 308.509 8.21838 0.01 1 72 0
7364 307.539 8.28158 0.01 1 72 0
7365 294.364 8.64784 0.01 1 13 0
7389 294.523 8.49382 0.01 1 15 0
7390 294.523 8.49382 0.01 1 15 0
7425 294.523 8.49382 0.01 1 14 0
7493 309.12 7.93723 0.01 1 72 0
7504 307.724 8.27064 0.01 1 72 0
7512 307.747 8.19986 0.01 1 72 0
7541 294.523 8.49382 0.01 1 15 0
7576 292.787 8.49382 0.01 1 15 0
7697 294.049 8.49382 0.01 1 15 0
7712 293.199 8.49382 0.01 1 15 0
7728 294.523 8.51417 0.01 1 13 0.000322729
7748 294.34 8.49382 0.01 1 15 0
7787 308.718 8.39618 0.01 1 72 0
7811 294.364 8.37226 0.01 1 15 -0.00165144
7814 305.257 8.13166 0.01 1 72 0
7888 326.106 8.49885 0.01 1 113 0
7913 326.106 8.49885 0.01 1 114 0
7942 326.106 8.60617 0.01 1 115 0
7996 326.106 8.64531 0.01 1 113 0.000129178
8035 310.433 8.22455 0.01 1 72 0
8059 308.882 8.26648 0.01 1 72 0
8063 294.523 8.49382 0.01 1 15 0
8089 294.523 8.49382 0.01 1 15 0
8209 308.718 8.39618 0.01 1 72 0
8213 295.455 8.49382 0.01 1 14 0
8217 305.843 8.40139 0.01 1 72 0
8302 295.455 8.49382 0.01 1 14 0
8345 294.523 8.49382 0.01 1 15 0
8357 322.291 8.49885 0.01 1 114 0
8405 292.462 8.49382 0.01 1 14 0
8448 294.523 8.49382 0.01 1 15 0
8458 308.148 8.3654 0.01 1 72 0
8484 294.523 8.49382 0.01 1 15 0
8550 292.787 8.64249 0.01 1 13 0
8631 294.555 8.49382 0.01 1 14 0
8656 310.549 7.80222 0.01 1 72 0
8676 293.199 8.49382 0.01 1 15 0
8722 295.455 8.49382 0.01 1 14 0
8822 307.724 8.28621 0.01 1 72 8.77678e-06
8842 305.843 8.40139 0.01 1 72 0
8933 307.44 8.00512 0.01 1 72 0
8941 294.523 8.49382 0.01 1 14 0
8948 294.364 8.49382 0.01 1 14 0
8954 293.199 8.49382 0.01 1 15 0
9026 308.505 7.53975 0.01 1 72 0
9045 294.364 8.60452 0.01 1 14 -0.000691697
9076 308.515 7.84921 0.01 1 72 0
9094 294.523 8.49382 0.01 1 15 0
9125 310.848 8.27064 0.01 1 72 -0.00455101
9127 326.106 8.60617 0.01 1 113 0
9151 294.364 8.42424 0.01 1 14 0
9197 326.106 8.61001 0.01 1 114 0
9206 294.555 8.49382 0.01 1 15 0
9209 295.455 8.49382 0.01 1 14 0
9231 294.857 8.53086 0.01 1 15 0
9236 296.854 8.49382 0.01 1 15 0
9277 310.433 8.22455 0.01 1 72 0
9311 294.523 8.49382 0.01 1 13 0
9314 294.523 8.49382 0.01 1 15 0
9347 294.364 8.47238 0.01 1 15 0
9384 294.364 8.49382 0.01 1 15 0
9409 294.523 8.49382 0.01 1 14 0
9483 326.106 8.49885 0.01 1 114 0
9579 311.218 8.22455 0.01 1 72 0
9610 309.421 8.45924 0.01 1 72 3.69549e-06
9644 294.523 8.49382 0.01 1 15 0
9646 309.097 7.6637 0.01 1 72 0
9672 294.523 8.49382 0.01 1 15 0
9678 309.057 7.73384 0.01 1 72 0
9685 294.523 8.49382 0.01 1 13 0
9725 294.523 8.49382 0.01 1 15 0
9744 297.682 8.49382 0.01 1 15 0
9777 309.947 8.07393 0.01 1 72 0
9819 307.724 8.27064 0.01 1 72 0
9830 294.364 8.49382 0.01 1 13 0
9848 309.057 7.73384 0.01 1 72 0
9937 292.787 8.64249 0.01 1 13 0
9961 294.523 8.49382 0.01 1 15 0
9967 293.908 8.49382 0.01 1 15 0
9976 294.523 8.49382 0.01 1 14 0
10081 294.523 8.49382 0.01 1 15 0
10096 309.947 7.93041 0.01 1 72 0
10104 309.057 7.73384 0.01 1 72 0
10124 292.787 8.59495 0.01 1 14 0
10128 308.509 8.27064 0.01 1 72 0
10130 294.523 8.5344 0.01 1 14 0.000643466
10144 310.596 8.09715 0.01 1 72 0
10175 308.509 8.27064 0.01 1 72 0
10280 293.199 8.49382 0.01 1 15 0
10282 294.523 8.49382 0.01 1 15 0
10328 326.106 8.60617 0.01 1 113 0
10337 294.523 8.49382 0.01 1 15 0
10376 294.364 8.64784 0.01 1 15 0
10401 294.523 8.49382 0.01 1 15 0
10430 326.106 8.60617 0.01 1 115 0
10499 293.199 8.49382 0.01 1 15 0
10500 326.106 8.62257 0.01 1 114 6.97672e-05
10520 307.44 8.00512 0.01 1 72 0
10552 310.848 8.27064 0.01 1 72 0
10610 294.523 8.49382 0.01 1 14 0
10646 311.218 8.22455 0.01 1 72 0
10674 297.715 8.49382 0.01 1 15 0
10712 294.523 8.49382 0.01 1 15 0
10714 310.596 8.09715 0.01 1 72 0
10731 294.523 8.49382 0.01 1 15 0
10826 294.523 8.49382 0.01 1 15 0
10832 298.333 8.49382 0.01 1 15 0
10889 294.364 8.64784 0.01 1 15 0
10927 306.388 8.18019 0.01 1 72 0
10944 294.156 8.49382 0.01 1 15 0
10992 293.411 8.49382 0.01 1 15 -0.0111355
11002 296.242 8.49382 0.01 1 15 0
11043 294.364 8.64784 0.01 1 13 0
11080 294.523 8.49382 0.01 1 14 0
11101 326.106 8.60617 0.01 1 114 0
11165 294.523 8.49382 0.01 1 14 0
11176 311.218 8.22455 0.01 1 72 0
11185 307.539 8.28275 0.01 1 72 0
11294 294.523 8.49382 0.01 1 14 0
11359 294.124 8.49382 0.01 1 14 0
11369 292.787 8.49382 0.01 1 15 0
11393 294.523 8.49382 0.01 1 15 0
11446 309.097 7.6637 0.01 1 72 0
11475 294.523 8.49382 0.01 1 15 0
11481 292.787 8.49382 0.01 1 15 0
11608 292.787 8.64249 0.01 1 13 0
11642 307.569 8.41435 0.01 1 72 0
11684 306.14 8.56566 0.01 1 72 0
11692 294.364 8.64784 0.01 1 15 0
11731 326.106 8.46717 0.01 1 114 0
11779 307.274 8.25505 0.01 1 72 0
11787 293.199 8.49382 0.01 1 15 0
11806 326.106 8.61001 0.01 1 114 0
11808 294.523 8.49382 0.01 1 15 0
11823 326.106 8.60772 0.01 1 114 0
11830 294.523 8.49382 0.01 1 15 0
11873 295.682 8.49382 0.01 1 15 0
11876 294.523 8.49382 0.01 1 15 0
11910 326.106 8.49885 0.01 1 113 0
11934 307.724 8.27064 0.01 1 72 0
11955 294.523 8.49382 0.01 1 15 0
11960 294.364 8.64784 0.01 1 15 0
12011 309.421 8.39618 0.01 1 72 0
12053 293.199 8.49382 0.01 1 14 0
12189 294.523 8.49382 0.01 1 15 0
12242 294.364 8.49382 0.01 1 14 0
12256 308.509 8.27064 0.01 1 72 0
12333 294.523 8.49382 0.01 1 15 0
12459 326.106 8.60617 0.01 1 113 0
12507 311.218 8.22455 0.01 1 72 0
12519 294.364 8.64784 0.01 1 15 0
12566 295.535 8.43306 0.01 1 15 0
12617 294.523 8.49382 0.01 1 15 0
12697 326.106 8.46717 0.01 1 114 0
12707 310.433 8.22455 0.01 1 72 0
12768 322.6 8.49885 0.01 1 114 0
12833 294.523 8.49382 0.01 1 15 0
12901 295.005 8.49382 0.01 1 15 0
12937 294.523 8.49382 0.01 1 15 0
12958 326.106 8.60617 0.01 1 114 0
12976 327.957 8.60617 0.01 1 114 0
12986 293.199 8.49382 0.01 1 15 0
13014 294.523 8.49382 0.01 1 15 0
13016 310.596 8.09715 0.01 1 72 0
13077 294.523 8.49382 0.01 1 15 0
13113 326.106 8.67965 0.01 1 113 0.000241131
13116 294.523 8.49382 0.01 1 15 0
13119 294.523 8.49382 0.01 1 15 0
13128 310.237 8.13829 0.01 1 72 4.54336e-05
13184 294.523 8.49382 0.01 1 15 0
13205 294.523 8.49382 0.01 1 15 0
13216 294.34 8.49382 0.01 1 15 0
13240 294.523 8.49382 0.01 1 15 0
13391 294.523 8.49382 0.01 1 15 0
13451 295.455 8.46375 0.01 1 13 0
13453 308.718 8.39618 0.01 1 72 0
13465 306.388 8.18019 0.01 1 72 0
13525 309.097 7.6637 0.01 1 72 0
13558 309.521 7.93723 0.01 1 72 -0.00103188
13578 308.487 7.45926 0.01 1 72 0
13639 305.714 8.2637 0.01 1 72 0
13657 294.523 8.49382 0.01 1 14 0
13704 294.857 8.49382 0.01 1 15 0
13720 294.523 8.49382 0.01 1 15 0
13758 294.523 8.49382 0.01 1 14 0
13777 326.106 8.60772 0.01 1 114 0
13799 294.523 8.49382 0.01 1 15 0
13815 326.106 8.60617 0.01 1 113 0
13894 294.34 8.49382 0.01 1 15 0
13904 294.523 8.49382 0.01 1 14 0
13932 323.7 8.69311 0.01 1 113 0.000516057
13976 308.487 7.45926 0.01 1 72 0
14023 294.523 8.49382 0.01 1 14 0
14028 293.199 8.49382 0.01 1 15 0
14036 309.057 7.73384 0.01 1 72 0
14059 294.523 8.49382 0.01 1 15 0
14094 309.097 7.6637 0.01 1 72 0
14095 293.434 8.49382 0.01 1 15 0.0114768
14232 294.523 8.49382 0.01 1 15 0
14265 326.106 8.60617 0.01 1 115 0
14289 294.523 8.49382 0.01 1 15 0
14299 324.927 8.60617 0.01 1 113 0
14310 294.523 8.49382 0.01 1 13 0
14448 294.523 8.49382 0.01 1 15 0
14488 293.199 8.49382 0.01 1 15 0
14519 293.199 8.49382 0.01 1 15 0
14527 326.106 8.60617 0.01 1 113 0
14585 293.199 8.49382 0.01 1 15 0
14630 294.364 8.59895 0.01 1 14 0
14777 294.523 8.49382 0.01 1 14 0
14786 294.523 8.49382 0.01 1 14 0
14807 295.535 8.43306 0.01 1 15 0
14857 294.364 8.58926 0.01 1 15 -0.00095851
14912 326.106 8.60617 0.01 1 113 0
15005 326.106 8.60617 0.01 1 114 0
15052 308.509 8.27064 0.01 1 72 0
15056 294.364 8.49382 0.01 1 15 0
15158 294.523 8.49382 0.01 1 14 0
15161 294.523 8.49382 0.01 1 15 0
15189 309.174 8.16311 0.01 1 72 0
15257 292.787 8.49382 0.01 1 14 0
15318 294.523 8.49382 0.01 1 13 0
15323 309.415 7.70099 0.01 1 72 0
15372 326.106 8.49885 0.01 1 114 0
15512 292.462 8.49382 0.01 1 15 0.00873064
15513 309.174 8.16285 0.01 1 72 0
15562 326.106 8.49885 0.01 1 114 0
15582 294.523 8.49382 0.01 1 14 0
15620 309.421 8.39618 0.01 1 72 0
15636 295.305 8.62696 0.01 1 14 -0.00698613
15686 308.515 7.84921 0.01 1 72 0
15731 294.523 8.49382 0.01 1 14 0
15786 294.523 8.54984 0.01 1 14 0
15829 311.611 8.16911 0.01 1 72 0
15848 294.364 8.64784 0.01 1 14 0
15863 294.523 8.49382 0.01 1 14 0
15877 298.333 8.49382 0.01 1 15 0
15970 308.509 8.27064 0.01 1 72 0
15975 309.579 7.63691 0.01 1 72 0
15976 326.106 8.60617 0.01 1 114 0
15987 293.199 8.49382 0.01 1 15 0
16061 307.724 8.27064 0.01 1 72 0
16087 308.515 7.84921 0.01 1 72 0
16129 326.106 8.49885 0.01 1 114 0
16238 326.106 8.62257 0.01 1 114 0
16265 294.523 8.49382 0.01 1 15 0
16339 294.364 8.64784 0.01 1 15 0
16341 307.724 8.27064 0.01 1 72 0
16356 294.523 8.49382 0.01 1 14 0
16392 311.611 8.16911 0.01 1 72 0
16461 294.609 8.49382 0.01 1 15 0
16493 308.148 8.30565 0.01 1 72 0
16513 294.523 8.49382 0.01 1 15 0
16538 292.462 8.49382 0.01 1 15 0
16543 326.106 8.60617 0.01 1 114 0
16553 326.106 8.49885 0.01 1 113 0
16604 293.199 8.49382 0.01 1 15 0
16624 310.596 8.09715 0.01 1 72 0
16625 294.364 8.47238 0.01 1 15 0
16664 326.106 8.60617 0.01 1 114 0
16777 294.523 8.49382 0.01 1 15 0
16786 294.536 8.49382 0.01 1 15 -0.000124495
16805 309.947 8.07393 0.01 1 72 0
16834 297.715 8.49382 0.01 1 15 0
16874 294.523 8.49382 0.01 1 15 0
16967 309.097 7.6637 0.01 1 72 0
16983 294.555 8.49382 0.01 1 14 0
16992 326.106 8.67965 0.01 1 113 0
17117 323.7 8.63032 0.01 1 114 0
17163 326.106 8.60617 0.01 1 113 0
17166 296.656 8.49382 0.01 1 15 0
17173 326.106 8.49885 0.01 1 113 0
17194 295.455 8.46375 0.01 1 14 0
17227 309.415 7.70099 0.01 1 72 0
17278 295.455 8.49382 0.01 1 14 0
17367 326.106 8.60617 0.01 1 113 0
17394 294.364 8.47238 0.01 1 14 0
17424 294.555 8.49382 0.01 1 15 0
17521 294.523 8.49382 0.01 1 15 0
17539 308.515 7.84921 0.01 1 72 0
17544 293.908 8.49382 0.01 1 14 0
17603 309.415 7.70099 0.01 1 72 0
17667 294.523 8.49382 0.01 1 15 0
17678 294.609 8.51861 0.01 1 15 0.000402618
17775 295.455 8.49382 0.01 1 14 0
17856 306.14 8.56566 0.01 1 72 0
17857 294.523 8.49382 0.01 1 15 0
17858 326.106 8.60617 0.01 1 113 0
17890 327.366 8.60617 0.01 1 113 0.00884891
17948 294.364 8.64784 0.01 1 13 0
18001 294.34 8.49382 0.01 1 15 0
18039 307.44 8.00793 0.01 1 72 0
18141 294.523 8.51417 0.01 1 13 0
18240 308.148 8.30565 0.01 1 72 0
18272 294.523 8.49382 0.01 1 15 0
18280 311.218 8.22455 0.01 1 72 0
18282 326.106 8.49885 0.01 1 114 0
18362 296.102 8.49382 0.01 1 14 -0.00501218
18393 294.523 8.49382 0.01 1 14 0
18400 308.509 8.27064 0.01 1 72 0
18426 326.106 8.49885 0.01 1 113 0
18477 309.421 8.39618 0.01 1 72 0
18506 294.523 8.49382 0.01 1 15 0
18610 327.957 8.60617 0.01 1 114 0
18642 294.523 8.49382 0.01 1 13 0
18691 294.609 8.49382 0.01 1 14 0
18696 308.835 8.47891 0.01 1 72 0
18736 326.106 8.49885 0.01 1 113 0
18800 294.523 8.49382 0.01 1 15 0
18836 293.908 8.49382 0.01 1 15 0
18948 326.106 8.49885 0.01 1 114 0
18950 308.515 7.81655 0.01 1 72 0
18981 326.106 8.60617 0.01 1 114 0
18994 309.097 7.6637 0.01 1 72 0
19010 292.462 8.29633 0.01 1 15 0
19011 294.523 8.49382 0.01 1 13 0
19024 296.656 8.49382 0.01 1 15 0
19082 310.24 7.6214 0.01 1 72 0
19100 293.908 8.49382 0.01 1 14 0
19109 294.364 8.49382 0.01 1 14 0
19127 292.787 8.49382 0.01 1 14 0
19129 295.455 8.49382 0.01 1 13 0
19145 324.927 8.60617 0.01 1 113 0
19226 294.364 8.49382 0.01 1 15 0
19414 294.609 8.49382 0.01 1 15 0
19466 307.274 8.25505 0.01 1 72 0
19531 294.364 8.49382 0.01 1 15 0
19538 294.364 8.49382 0.01 1 15 0
19587 294.523 8.49382 0.01 1 15 0
19659 294.523 8.49382 0.01 1 15 0
19660 292.787 8.64249 0.01 1 14 0
19663 295.682 8.49382 0.01 1 15 0
19673 326.106 8.49885 0.01 1 114 0
19729 326.106 8.49885 0.01 1 113 0
19783 294.364 8.34492 0.01 1 15 0
19793 293.199 8.49382 0.01 1 15 0
19801 311.366 8.09715 0.01 1 72 -0.00448127
19806 294.523 8.44599 0.01 1 15 -0.000781074
19844 294.523 8.49382 0.01 1 15 0
19854 308.509 8.27064 0.01 1 72 0
19863 311.218 8.22455 0.01 1 72 0
19870 326.106 8.49885 0.01 1 114 0
19903 324.927 8.60617 0.01 1 115 0
19933 294.364 8.42424 0.01 1 15 0
20005 295.455 8.49382 0.01 1 14 0
20011 294.707 8.49382 0.01 1 15 0
20037 307.544 7.98097 0.01 1 72 0
20066 298.891 8.52143 0.01 1 15 -0.0066709
20101 324.927 8.60617 0.01 1 113 0
20103 292.005 8.59495 0.01 1 14 0
20180 311.611 8.16911 0.01 1 72 0
20308 309.174 8.16285 0.01 1 72 0
20323 324.927 8.60617 0.01 1 115 0
20338 294.523 8.49382 0.01 1 15 0
20447 293.199 8.49382 0.01 1 15 0
20562 294.523 8.49382 0.01 1 13 0
20595 308.882 8.21542 0.01 1 72 -2.5332e-07
20610 294.124 8.49382 0.01 1 14 0
20676 326.106 8.60617 0.01 1 114 0
20695 326.106 8.49885 0.01 1 113 0
20744 310.091 8.31739 0.01 1 72 0
20768 294.875 8.49382 0.01 1 15 -0.00340568
20848 296.102 8.49382 0.01 1 15 0
20912 310.49 7.93723 0.01 1 72 0
20947 294.523 8.49382 0.01 1 13 0
21052 294.555 8.49382 0.01 1 14 0
21125 326.106 8.49885 0.01 1 114 0
21137 294.364 8.49382 0.01 1 15 0
21157 292.787 8.59495 0.01 1 13 0
21190 294.523 8.49382 0.01 1 14 0
21340 293.199 8.49382 0.01 1 15 0
21402 309.421 8.45924 0.01 1 72 0
21412 322.6 8.49885 0.01 1 114 0
21451 294.523 8.49382 0.01 1 14 0
21495 294.523 8.51417 0.01 1 14 0
21500 294.609 8.49382 0.01 1 15 0
21504 294.523 8.49382 0.01 1 15 0
21537 294.364 8.64784 0.01 1 15 0
21543 326.106 8.60617 0.01 1 113 0
21572 310.495 7.7861 0.01 1 72 0
21661 294.555 8.41525 0.01 1 15 -0.00128145
21720 294.523 8.49382 0.01 1 14 0
21748 295.391 8.49382 0.01 1 15 -0.00727288
21753 294.523 8.49382 0.01 1 15 0
21773 294.523 8.49382 0.01 1 15 0
21777 308.509 8.27064 0.01 1 72 0
21829 305.257 8.13166 0.01 1 72 0
21922 322.6 8.49885 0.01 1 114 0
21938 292.787 8.49382 0.01 1 14 0
21991 307.724 8.27064 0.01 1 72 0
22002 309.88 7.94747 0.01 1 72 0
22007 294.523 8.49382 0.01 1 13 0
22046 296.851 8.49382 0.01 1 15 0
22077 294.523 8.49382 0.01 1 15 0
22084 294.857 8.53086 0.01 1 14 0
22117 294.197 8.49382 0.01 1 15 0
22238 294.857 8.53086 0.01 1 15 0
22270 307.724 8.27064 0.01 1 72 0
22313 306.986 7.88695 0.01 1 72 0
22322 294.34 8.49382 0.01 1 15 0
22363 294.609 8.49382 0.01 1 15 0
22369 294.523 8.49382 0.01 1 15 0
22402 326.106 8.60617 0.01 1 114 0
22474 308.718 8.39618 0.01 1 72 0
22518 294.523 8.49382 0.01 1 14 0
22556 294.523 8.49382 0.01 1 15 0
22602 294.555 8.49382 0.01 1 15 0
22606 326.106 8.60617 0.01 1 113 0
22612 308.515 7.84921 0.01 1 72 0
22673 309.421 8.39618 0.01 1 72 0
22678 326.106 8.49885 0.01 1 114 0
22728 326.106 8.61001 0.01 1 113 0
22775 294.523 8.49382 0.01 1 14 0
22800 308.509 8.27064 0.01 1 72 0
22898 296.242 8.49382 0.01 1 15 0
22929 294.857 8.53086 0.01 1 15 0
22937 309.88 7.94747 0.01 1 72 0
22957 309.421 8.39618 0.01 1 72 0
22975 308.505 7.53975 0.01 1 72 0
23002 310.24 7.6214 0.01 1 72 0
23061 296.656 8.49382 0.01 1 15 0
23108 326.106 8.60617 0.01 1 113 0
23110 326.106 8.60617 0.01 1 114 0
23134 307.569 8.41435 0.01 1 72 0
23160 324.927 8.65584 0.01 1 114 0
23168 294.523 8.49382 0.01 1 14 0
23200 294.523 8.49382 0.01 1 15 0
23228 295.455 8.46375 0.01 1 15 0
23278 294.523 8.49382 0.01 1 15 0
23297 307.44 8.00512 0.01 1 72 0
23317 309.579 7.84001 0.01 1 72 0
23463 326.106 8.60617 0.01 1 114 0
23470 294.523 8.49382 0.01 1 15 0
23475 295.455 8.49382 0.01 1 14 0
23495 293.199 8.49382 0.01 1 15 0
23529 311.012 7.4026 0.01 1 72 0
23589 294.523 8.49382 0.01 1 15 0
23608 293.908 8.49382 0.01 1 14 0.0063138
23613 294.523 8.49382 0.01 1 14 0
23651 326.106 8.46717 0.01 1 114 0
23723 295.455 8.49382 0.01 1 14 0
23745 293.908 8.49382 0.01 1 15 0
23836 294.523 8.49382 0.01 1 14 0
23867 294.523 8.49382 0.01 1 15 0
23889 308.509 8.36318 0.01 1 72 0
23922 309.415 7.70099 0.01 1 72 0
24102 309.057 7.71838 0.01 1 72 0
24110 326.106 8.49885 0.01 1 113 0
24158 293.29 8.49382 0.01 1 15 0.0131018
24175 295.305 8.62696 0.01 1 14 0
24181 294.523 8.49382 0.01 1 15 0
24266 293.199 8.49382 0.01 1 15 0
24339 293.383 8.49382 0.01 1 15 0
24343 294.523 8.49382 0.01 1 15 0
24354 309.174 8.16285 0.01 1 72 0
24375 292.787 8.49382 0.01 1 15 0
24452 311.611 8.16911 0.01 1 72 0
24489 309.421 8.39618 0.01 1 72 0
24492 294.523 8.49382 0.01 1 14 0
24499 296.851 8.49382 0.01 1 15 0
24507 294.523 8.49382 0.01 1 14 0
24510 306.621 8.25505 0.01 1 72 0
24562 326.106 8.61001 0.01 1 114 0
24633 308.148 8.3654 0.01 1 72 0
24638 294.523 8.49382 0.01 1 14 0
24653 326.106 8.60617 0.01 1 115 0
24655 293.199 8.49382 0.01 1 15 0
24780 307.53 7.61035 0.01 1 72 0
24945 306.936 8.25505 0.01 1 72 -0.00315525
24949 306.388 8.18019 0.01 1 72 0
24992 293.199 8.49382 0.01 1 15 0
25066 294.523 8.49382 0.01 1 15 0
25181 308.148 8.30565 0.01 1 72 0
25222 325.561 8.60617 0.01 1 114 0
25238 293.199 8.49382 0.01 1 14 0
25288 293.199 8.49382 0.01 1 15 0
25351 326.106 8.49885 0.01 1 113 0
25380 326.106 8.3905 0.01 1 115 -0.00117961
25420 294.364 8.64784 0.01 1 14 0
25461 294.523 8.49382 0.01 1 14 0
25474 326.106 8.60617 0.01 1 113 0
25503 308.148 8.26519 0.01 1 72 -1.02073e-05
25556 294.523 8.49382 0.01 1 14 0
25578 293.822 8.49382 0.01 1 15 0
25607 308.509 8.27064 0.01 1 72 0
25608 294.609 8.49382 0.01 1 15 0
25675 309.516 7.67828 0.01 1 72 0
25717 294.523 8.49382 0.01 1 13 0
25847 311.31 7.93723 0.01 1 72 0
25942 294.364 8.47238 0.01 1 15 0
26043 311.747 8.22455 0.01 1 72 0
26046 294.364 8.49382 0.01 1 15 0
26091 308.509 8.27064 0.01 1 72 0
26209 294.156 8.49382 0.01 1 15 0
26224 324.927 8.60617 0.01 1 114 0
26334 326.106 8.49885 0.01 1 114 0
26364 294.523 8.49382 0.01 1 14 0
26430 326.106 8.60772 0.01 1 114 0
26544 306.14 8.56566 0.01 1 72 0
26572 294.364 8.49382 0.01 1 15 0
26619 294.523 8.49382 0.01 1 15 0
26711 293.199 8.49382 0.01 1 15 0
26738 308.509 8.36318 0.01 1 72 0
26790 310.797 8.15577 0.01 1 72 0
26869 294.523 8.49382 0.01 1 15 0
26879 294.523 8.49382 0.01 1 15 0
26904 294.523 8.49382 0.01 1 15 0
26917 297.682 8.52143 0.01 1 15 0
26922 292.787 8.49382 0.01 1 14 0
26927 306.14 8.56566 0.01 1 72 0
26972 326.106 8.49885 0.01 1 114 0
26998 294.523 8.49382 0.01 1 14 0
27100 326.106 8.49885 0.01 1 113 0
27137 294.523 8.55783 0.01 1 14 0
27191 326.106 8.60617 0.01 1 113 0
27209 293.908 8.49382 0.01 1 15 0
27311 308.148 8.3654 0.01 1 72 0
27355 310.495 7.7861 0.01 1 72 0
27381 293.908 8.49382 0.01 1 14 0
27394 294.523 8.49382 0.01 1 15 0
27399 293.908 8.49382 0.01 1 15 0
27496 293.199 8.49382 0.01 1 15 0
27506 308.718 8.25423 0.01 1 72 -1.86265e-06
27532 326.106 8.49885 0.01 1 113 0
27542 308.509 8.27064 0.01 1 72 0
27571 306.388 8.18019 0.01 1 72 0
27630 294.523 8.49382 0.01 1 14 0
27732 326.106 8.60617 0.01 1 114 0
27775 308.509 8.27064 0.01 1 72 0
27814 309.88 7.94747 0.01 1 72 0
27821 294.364 8.49382 0.01 1 15 0
27890 296.817 8.49382 0.01 1 14 0
27903 294.523 8.49382 0.01 1 14 0
27908 294.609 8.49382 0.01 1 14 0
27923 294.523 8.49382 0.01 1 15 0
28097 326.106 8.49885 0.01 1 114 0
28121 306.388 8.18019 0.01 1 72 0
28198 308.515 7.70761 0.01 1 72 0
28216 294.523 8.49382 0.01 1 15 0
28235 292.005 8.59495 0.01 1 14 0.00920815
28247 294.523 8.33936 0.01 1 15 -0.00252642
28270 294.857 8.53086 0.01 1 14 0
28304 309.097 7.6637 0.01 1 72 0
28319 309.391 7.93126 0.01 1 72 0
28392 308.515 7.81655 0.01 1 72 0
28408 296.656 8.49382 0.01 1 14 0
28485 294.156 8.59486 0.01 1 15 0.00167364
28497 294.523 8.49382 0.01 1 15 0
28513 294.523 8.49382 0.01 1 14 0
28532 294.523 8.49382 0.01 1 14 0
28585 326.106 8.49885 0.01 1 114 0
28586 294.523 8.49382 0.01 1 15 0
28594 292.462 8.49382 0.01 1 15 0
28609 294.364 8.49382 0.01 1 15 0
28635 292.005 8.59495 0.01 1 14 0
28655 294.364 8.49382 0.01 1 15 0
28693 295.092 8.49382 0.01 1 15 -0.00576941
28735 306.388 8.18019 0.01 1 72 0
28745 294.857 8.53086 0.01 1 15 0
28752 294.523 8.49382 0.01 1 15 0
28761 294.364 8.59895 0.01 1 14 0
28823 308.835 8.47891 0.01 1 72 0
28862 293.199 8.49382 0.01 1 15 0
28899 294.364 8.64784 0.01 1 13 0
28936 309.057 7.73384 0.01 1 72 0
29075 310.185 7.70099 0.01 1 72 -0.00205116
29117 297.401 8.49382 0.01 1 14 0
29132 293.199 8.49382 0.01 1 15 0
29184 294.364 8.58839 0.01 1 15 0
29186 322.6 8.49885 0.01 1 114 0
29229 308.148 8.3654 0.01 1 72 0
29264 309.415 7.70099 0.01 1 72 0
29272 293.199 8.49382 0.01 1 15 0
29325 308.718 8.39618 0.01 1 72 0
29331 296.242 8.56624 0.01 1 15 0.00104662
29387 294.523 8.54984 0.01 1 14 0.000913456
29457 294.364 8.47238 0.01 1 15 0
29528 295.682 8.49382 0.01 1 15 0
29543 310.495 7.7861 0.01 1 72 0
29545 326.106 8.60617 0.01 1 114 0
29558 293.199 8.49382 0.01 1 15 0
29588 294.523 8.49382 0.01 1 15 0
29650 309.174 8.16285 0.01 1 72 0
29652 294.364 8.59895 0.01 1 14 0
29702 305.257 8.13166 0.01 1 72 0
29755 326.106 8.60617 0.01 1 113 0
29870 308.882 8.26648 0.01 1 72 0
29912 311.747 8.22455 0.01 1 72 0
29931 326.106 8.61001 0.01 1 115 0
29977 292.787 8.59495 0.01 1 13 0
30029 294.364 8.64784 0.01 1 15 0
30155 311.747 8.22455 0.01 1 72 0
30168 324.927 8.60617 0.01 1 113 0
30194 293.908 8.46985 0.01 1 15 0
30257 326.106 8.60617 0.01 1 114 0
30304 326.106 8.60617 0.01 1 114 0
30311 294.523 8.49382 0.01 1 15 0
30315 309.947 7.93041 0.01 1 72 0
30357 324.773 8.60617 0.01 1 113 0
30415 326.106 8.60617 0.01 1 113 0
30439 326.106 8.49885 0.01 1 114 0
30447 294.364 8.49382 0.01 1 14 0
30475 326.106 8.60617 0.01 1 113 0
30513 294.523 8.49382 0.01 1 15 0
30601 306.986 7.88695 0.01 1 72 0
30612 305.257 8.13166 0.01 1 72 0
30691 307.724 8.16687 0.01 1 72 -5.97835e-05
30702 306.388 8.18019 0.01 1 72 0
30722 294.523 8.49382 0.01 1 13 0
30754 296.854 8.49382 0.01 1 15 0
30807 294.523 8.49382 0.01 1 14 0
30907 309.421 8.39618 0.01 1 72 0
30936 296.242 8.49382 0.01 1 15 0
30946 310.24 7.6214 0.01 1 72 0
30984 307.724 8.27064 0.01 1 72 0
31015 294.523 8.49382 0.01 1 14 0
31059 295.005 8.49382 0.01 1 15 0
31229 293.199 8.49382 0.01 1 14 0
31275 294.523 8.49382 0.01 1 15 0
31282 294.364 8.47238 0.01 1 15 0
31292 294.523 8.49382 0.01 1 13 0
31295 294.523 8.49382 0.01 1 15 0
31302 311.31 7.93723 0.01 1 72 0
31308 309.421 8.39618 0.01 1 72 0
31336 308.509 8.27064 0.01 1 72 0
31380 308.509 8.27064 0.01 1 72 0
31409 295.455 8.49382 0.01 1 13 0
31565 294.364 8.49382 0.01 1 15 0
31598 293.908 8.49382 0.01 1 14 0
31607 292.787 8.49382 0.01 1 14 0
31609 294.364 8.49382 0.01 1 13 0
31656 294.364 8.37226 0.01 1 15 0
31699 326.106 8.60617 0.01 1 114 0
31754 326.106 8.60617 0.01 1 113 0
31767 325.452 8.68821 0.01 1 113 0
31917 294.523 8.49382 0.01 1 14 0
31939 307.539 8.28275 0.01 1 72 0
31943 326.106 8.60617 0.01 1 113 0
32062 309.421 8.39618 0.01 1 72 0
32130 294.857 8.49382 0.01 1 15 0
32138 294.523 8.49382 0.01 1 15 0
32201 307.539 8.28275 0.01 1 72 0
32238 298.333 8.49382 0.01 1 15 0
32265 294.523 8.49382 0.01 1 15 0
32325 294.364 8.64784 0.01 1 14 0
32437 309.421 8.39618 0.01 1 72 0
32636 294.523 8.49382 0.01 1 15 0
32637 310.596 8.09715 0.01 1 72 0
32663 294.523 8.49382 0.01 1 14 0
32692 295.455 8.46375 0.01 1 14 -0.000444595
32726 294.523 8.49382 0.01 1 13 0
32735 294.523 8.49382 0.01 1 15 0
32763 294.857 8.53086 0.01 1 15 0
32784 309.752 8.22754 0.01 1 72 0
32854 294.523 8.49382 0.01 1 14 0
32855 306.821 7.88695 0.01 1 72 0
32857 308.135 7.6692 0.01 1 72 0
32870 296.851 8.49382 0.01 1 15 0
32916 308.718 8.39618 0.01 1 72 0
32917 294.523 8.49382 0.01 1 15 0
32944 326.106 8.60617 0.01 1 113 0
32963 294.523 8.49382 0.01 1 15 0
33081 293.199 8.49382 0.01 1 14 0
33123 308.148 8.3654 0.01 1 72 0
33151 294.523 8.49382 0.01 1 15 0
33210 294.364 8.64784 0.01 1 15 0
33215 326.106 8.60617 0.01 1 113 0
33249 326.106 8.49885 0.01 1 113 0
33303 294.364 8.47238 0.01 1 15 0
33314 310.596 8.09715 0.01 1 72 0
33378 326.106 8.60772 0.01 1 114 0
33509 310.433 8.22455 0.01 1 72 0
33513 294.523 8.49382 0.01 1 14 0
33553 294.523 8.49382 0.01 1 15 0
33719 326.106 8.60617 0.01 1 115 0
33721 326.106 8.60617 0.01 1 113 0
33754 323.7 8.63032 0.01 1 113 0
33789 326.106 8.60617 0.01 1 114 0
33812 308.277 8.35542 0.01 1 72 0
33862 294.523 8.49382 0.01 1 15 0
33878 326.106 8.60617 0.01 1 114 0
33882 306.621 8.34824 0.01 1 72 0.000175804
33886 308.835 8.47891 0.01 1 72 0
33892 326.106 8.60617 0.01 1 114 0
33945 294.609 8.49382 0.01 1 15 0
34070 294.523 8.49382 0.01 1 15 0
34071 325.452 8.68821 0.01 1 113 0
34111 308.515 7.84921 0.01 1 72 0
34117 294.364 8.64784 0.01 1 15 0
34132 309.421 8.39618 0.01 1 72 0
34135 309.174 8.16285 0.01 1 72 0
34195 294.195 8.59895 0.01 1 14 0.00162832
34223 294.523 8.49382 0.01 1 15 0
34338 294.364 8.64784 0.01 1 15 0
34413 294.523 8.49382 0.01 1 14 0
34527 308.509 8.36318 0.01 1 72 0
34531 326.106 8.60617 0.01 1 115 0
34564 294.523 8.49382 0.01 1 14 0
34660 294.523 8.49382 0.01 1 15 0
34713 309.88 7.94747 0.01 1 72 0
34720 296.242 8.49382 0.01 1 15 0
34723 311.218 8.22455 0.01 1 72 0
34771 297.682 8.49382 0.01 1 15 0
34776 294.523 8.55783 0.01 1 14 0
34781 307.274 8.25505 0.01 1 72 0
34870 309.097 7.6637 0.01 1 72 0
34938 294.523 8.49382 0.01 1 15 0
34988 307.724 8.27064 0.01 1 72 0
35019 322.6 8.49885 0.01 1 114 0
35076 293.199 8.49382 0.01 1 15 0
35087 294.523 8.49382 0.01 1 15 0
35103 306.936 8.25505 0.01 1 72 0
35182 311.747 8.22455 0.01 1 72 0
35241 326.106 8.60617 0.01 1 115 0
35266 326.106 8.49885 0.01 1 114 0
35349 294.523 8.49382 0.01 1 15 0
35360 310.881 8.05057 0.01 1 72 0
35382 324.927 8.60617 0.01 1 114 0
35464 324.927 8.60617 0.01 1 114 0
35485 294.555 8.49382 0.01 1 14 0
35489 326.106 8.61001 0.01 1 114 0
35505 294.523 8.49382 0.01 1 13 0
35519 294.523 8.49382 0.01 1 15 0
35541 294.523 8.49382 0.01 1 15 0
35558 294.523 8.51417 0.01 1 14 0
35607 294.857 8.53086 0.01 1 14 0
35625 293.434 8.49382 0.01 1 15 0.0114813
35627 292.787 8.49382 0.01 1 15 0
35650 307.728 8.20676 0.01 1 72 0
35711 310.596 8.09715 0.01 1 72 0
35725 292.005 8.59495 0.01 1 13 0
35764 306.388 8.18019 0.01 1 72 0
35784 322.6 8.49885 0.01 1 114 0
35786 308.515 7.84921 0.01 1 72 0
35879 309.88 7.94747 0.01 1 72 0
35884 324.927 8.60617 0.01 1 113 0
35896 308.509 8.27064 0.01 1 72 0
35908 326.106 8.49885 0.01 1 114 0
35919 296.854 8.49382 0.01 1 15 0
35974 310.24 7.67828 0.01 1 72 0
35976 294.523 8.49382 0.01 1 15 0
35982 311.218 8.22455 0.01 1 72 0
36010 326.106 8.49885 0.01 1 113 0
36023 326.106 8.60617 0.01 1 115 0
36035 308.509 8.27064 0.01 1 72 0
36070 310.433 8.22455 0.01 1 72 0
36102 294.364 8.64784 0.01 1 14 0
36226 309.421 8.39618 0.01 1 72 0
36241 293.199 8.52019 0.01 1 15 0
36263 308.882 8.26648 0.01 1 72 0
36301 309.415 7.70099 0.01 1 72 0
36328 294.523 8.49382 0.01 1 15 0
36334 294.364 8.47238 0.01 1 15 0
36345 306.388 8.18019 0.01 1 72 0
36517 307.182 8.27064 0.01 1 72 0
36538 294.364 8.49382 0.01 1 15 0
36560 294.523 8.49382 0.01 1 15 0
36585 294.364 8.59895 0.01 1 14 0
36626 296.817 8.49382 0.01 1 14 0
36665 294.523 8.49382 0.01 1 15 0
36814 298.333 8.49382 0.01 1 15 0
36822 295.455 8.49382 0.01 1 15 0
36849 294.197 8.49382 0.01 1 15 0
36858 296.851 8.49382 0.01 1 15 0
36889 326.106 8.60617 0.01 1 114 0
36987 293.199 8.49382 0.01 1 15 0
36989 307.724 8.27064 0.01 1 72 0
37110 326.106 8.60617 0.01 1 113 0
37167 294.523 8.49382 0.01 1 13 0
37280 294.857 8.53086 0.01 1 14 0.00059329
37298 292.787 8.64249 0.01 1 15 0
37326 308.515 7.84921 0.01 1 72 0
37361 294.34 8.49382 0.01 1 15 0
37370 294.523 8.49382 0.01 1 15 0
37448 308.509 8.27064 0.01 1 72 0
37452 308.718 8.39618 0.01 1 72 0
37453 294.523 8.49382 0.01 1 14 0
37507 294.523 8.49382 0.01 1 15 0
37515 308.729 8.30565 0.01 1 72 0
37531 326.106 8.49885 0.01 1 113 0
37532 310.237 8.05802 0.01 1 72 0
37557 294.197 8.49382 0.01 1 15 -0.00302167
37610 309.421 8.39618 0.01 1 72 0
37675 293.199 8.35757 0.01 1 15 0
37702 326.106 8.60617 0.01 1 113 0
37709 294.523 8.49382 0.01 1 14 0
37737 294.609 8.49382 0.01 1 15 0
37815 294.523 8.49382 0.01 1 14 0
37857 296.817 8.49382 0.01 1 14 -0.00997124
37890 309.057 7.73384 0.01 1 72 0
37900 294.609 8.49382 0.01 1 15 0
37996 306.621 8.25505 0.01 1 72 0
38003 326.106 8.60617 0.01 1 113 0
38010 307.539 8.28158 0.01 1 72 0
38119 326.106 8.49885 0.01 1 114 0
38249 294.857 8.53086 0.01 1 14 0
38276 293.199 8.49382 0.01 1 15 0
38307 309.248 7.22572 0.01 1 72 0
38404 310.881 8.05057 0.01 1 72 0
38410 293.822 8.49382 0.01 1 15 0
38428 309.9 8.39618 0.01 1 72 0
38439 309.174 8.16285 0.01 1 72 0
38494 294.523 8.49382 0.01 1 14 0
38515 326.106 8.60617 0.01 1 114 0
38635 294.609 8.49382 0.01 1 15 0
38649 295.005 8.49382 0.01 1 15 0
38693 294.523 8.49382 0.01 1 14 0
38720 308.509 8.36318 0.01 1 72 0
38736 326.106 8.49885 0.01 1 113 0
38751 294.364 8.47238 0.01 1 15 0
38819 326.106 8.49885 0.01 1 114 0
38896 307.44 8.00793 0.01 1 72 0
38938 292.462 8.29633 0.01 1 15 0
38967 292.462 8.49382 0.01 1 15 0
38973 294.523 8.49382 0.01 1 15 0
39073 309.579 7.63691 0.01 1 72 0
39079 309.421 8.39618 0.01 1 72 0
39084 325.185 8.60617 0.01 1 113 -0.00860918
39095 308.509 8.27064 0.01 1 72 0
39181 294.609 8.49382 0.01 1 15 0
39264 294.364 8.49382 0.01 1 15 0
39310 294.523 8.49382 0.01 1 13 0
39319 322.6 8.49885 0.01 1 114 0
39322 294.523 8.49382 0.01 1 14 0
39325 311.644 8.15577 0.01 1 72 0
39373 294.609 8.49382 0.01 1 15 0
39467 295.277 8.49382 0.01 1 15 0
39489 294.364 8.59895 0.01 1 15 0
39493 322.6 8.49885 0.01 1 114 0
39525 326.106 8.60617 0.01 1 113 0
39596 295.455 8.56872 0.01 1 15 0
39745 310.596 8.09715 0.01 1 72 0
39847 293.199 8.49382 0.01 1 15 0
39852 294.523 8.49382 0.01 1 13 0
39882 309.415 7.70099 0.01 1 72 0
39981 326.106 8.49885 0.01 1 113 0
40021 294.523 8.49382 0.01 1 15 0
40032 296.242 8.49382 0.01 1 15 0
40084 308.148 8.30565 0.01 1 72 0
40096 294.523 8.49382 0.01 1 15 0
40135 308.515 7.81655 0.01 1 72 0
40189 325.457 8.60617 0.01 1 113 0
40219 324.927 8.60617 0.01 1 113 0
40226 326.106 8.60617 0.01 1 113 0
40279 326.106 8.61001 0.01 1 114 0
40312 294.523 8.49382 0.01 1 14 0
40326 326.106 8.49885 0.01 1 114 0
40414 294.555 8.49382 0.01 1 14 0
40434 293.434 8.49382 0.01 1 15 0
40447 294.555 8.49382 0.01 1 15 0
40459 294.364 8.58523 0.01 1 14 0
40555 292.787 8.49382 0.01 1 14 0
40734 326.106 8.60772 0.01 1 114 0
40818 326.106 8.60617 0.01 1 114 0
40910 293.199 8.49382 0.01 1 15 0
40971 294.523 8.49382 0.01 1 15 0
40981 326.106 8.49885 0.01 1 113 0
41004 294.857 8.4413 0.01 1 15 0
41021 294.523 8.49382 0.01 1 14 0
41030 308.509 8.36318 0.01 1 72 0
41035 294.523 8.49382 0.01 1 15 0
41180 326.106 8.60617 0.01 1 114 0
41185 309.986 8.4166 0.01 1 72 0
41197 322.6 8.49885 0.01 1 114 0
41213 294.523 8.49382 0.01 1 15 0
41307 294.523 8.49382 0.01 1 13 0
41308 294.523 8.49382 0.01 1 15 0
41311 292.787 8.64249 0.01 1 13 0
41329 294.364 8.49382 0.01 1 15 0
41444 294.609 8.49382 0.01 1 15 0
41473 310.549 7.80222 0.01 1 72 0
41506 294.523 8.49382 0.01 1 14 0
41510 294.523 8.49382 0.01 1 15 0
41518 294.523 8.49382 0.01 1 15 0
41534 294.523 8.49382 0.01 1 15 0
41539 326.106 8.49885 0.01 1 114 0
41554 307.728 8.20676 0.01 1 72 0
41596 308.509 8.27064 0.01 1 72 0
41621 309.583 8.27064 0.01 1 72 0
41718 292.462 8.29633 0.01 1 15 -0.00343885
41749 323.7 8.63032 0.01 1 113 0
41770 294.523 8.49382 0.01 1 14 0
41780 308.509 8.27064 0.01 1 72 0
41793 311.09 8.22455 0.01 1 72 0
41827 293.199 8.49382 0.01 1 15 0
41858 294.364 8.49382 0.01 1 14 0
41881 307.724 8.27064 0.01 1 72 0
41927 294.523 8.49382 0.01 1 15 0
41933 309.415 7.70099 0.01 1 72 0
41962 309.421 8.39618 0.01 1 72 0
42017 305.257 8.13166 0.01 1 72 0
42083 294.875 8.49382 0.01 1 15 0
42123 294.523 8.49382 0.01 1 15 0
42133 326.106 8.49885 0.01 1 113 0
42166 308.509 8.36318 0.01 1 72 0
42190 294.523 8.49382 0.01 1 15 0
42278 294.523 8.49382 0.01 1 15 0
42315 308.515 7.84921 0.01 1 72 0
42324 296.102 8.49382 0.01 1 14 0
42404 294.364 8.59895 0.01 1 14 0
42445 293.908 8.46985 0.01 1 15 0
42451 294.523 8.49382 0.01 1 15 0
42460 322.725 8.49885 0.01 1 114 0.00606889
42507 308.264 7.45926 0.01 1 72 -0.000497088
42534 293.434 8.49382 0.01 1 14 0
42664 326.106 8.52304 0.01 1 113 0
42694 310.433 8.22455 0.01 1 72 0
42746 294.523 8.48444 0.01 1 14 0
42765 310.433 8.22455 0.01 1 72 0
42835 294.364 8.49382 0.01 1 14 0
42878 322.6 8.49885 0.01 1 114 0
42902 294.523 8.49382 0.01 1 14 0
42921 311.31 7.93723 0.01 1 72 0
42942 293.908 8.49382 0.01 1 14 0
43003 294.523 8.49382 0.01 1 15 0
43004 295.277 8.4822 0.01 1 15 0
43015 307.724 8.27064 0.01 1 72 0
43029 324.927 8.60617 0.01 1 114 0
43157 296.851 8.49382 0.01 1 15 0
43203 293.199 8.49382 0.01 1 15 0
43221 311.218 8.22455 0.01 1 72 0
43246 298.333 8.49382 0.01 1 15 0
43264 307.747 8.19986 0.01 1 72 0
43266 326.106 8.60617 0.01 1 114 0
43268 294.523 8.49382 0.01 1 15 0
43337 308.718 8.39618 0.01 1 72 0
43342 309.174 8.16285 0.01 1 72 0
43406 311.218 8.22455 0.01 1 72 0
43577 293.908 8.46985 0.01 1 15 0
43619 294.857 8.53086 0.01 1 14 0
43654 292.462 8.49382 0.01 1 15 0
43666 308.515 7.84921 0.01 1 72 0
43669 325.457 8.60617 0.01 1 113 0
43685 294.523 8.49382 0.01 1 15 0
43691 294.523 8.49382 0.01 1 14 0
43727 310.797 8.15577 0.01 1 72 0
43845 294.523 8.49382 0.01 1 15 0
43926 292.787 8.49382 0.01 1 14 0
44059 309.415 7.70099 0.01 1 72 0
44067 294.523 8.49382 0.01 1 15 0
44115 311.563 8.22455 0.01 1 72 0
44161 309.057 7.73384 0.01 1 72 0
44246 307.569 8.41435 0.01 1 72 0
44385 294.857 8.53086 0.01 1 15 0
44430 326.106 8.60617 0.01 1 113 0
44563 294.364 8.59895 0.01 1 15 0
44603 294.523 8.49382 0.01 1 15 0
44614 309.421 8.39618 0.01 1 72 0
44638 295.455 8.49382 0.01 1 14 0
44681 308.148 8.3654 0.01 1 72 0
44739 326.106 8.60617 0.01 1 115 0
44774 324.927 8.60617 0.01 1 114 0
44914 326.106 8.60617 0.01 1 114 0
45027 324.927 8.60617 0.01 1 114 0
45097 294.523 8.48444 0.01 1 14 0
45161 294.523 8.49382 0.01 1 15 0
45169 308.421 7.93275 0.01 1 72 0
45182 308.515 7.77006 0.01 1 72 0
45195 294.364 8.64784 0.01 1 15 0
45263 324.927 8.60617 0.01 1 114 0
45273 294.364 8.59895 0.01 1 15 0
45327 294.364 8.41363 0.01 1 15 -0.0013211
45363 305.563 8.20511 0.01 1 72 0
45417 308.835 8.47891 0.01 1 72 0
45442 326.106 8.49885 0.01 1 113 0
45466 324.927 8.60617 0.01 1 113 0
45527 294.523 8.55783 0.01 1 14 0
45542 294.364 8.58839 0.01 1 15 0
45555 326.106 8.49885 0.01 1 114 0
45589 309.391 7.93126 0.01 1 72 0
45703 310.797 8.15577 0.01 1 72 0
45733 292.787 8.64249 0.01 1 13 0
45763 306.986 7.88695 0.01 1 72 0
45796 305.563 8.20511 0.01 1 72 0
45817 295.455 8.46375 0.01 1 13 0
45825 292.462 8.49382 0.01 1 15 0
45831 294.364 8.47238 0.01 1 15 0
45861 294.34 8.49382 0.01 1 15 0
45875 294.523 8.49382 0.01 1 13 0
45908 305.257 8.13166 0.01 1 72 0
45929 326.106 8.60617 0.01 1 114 0
45954 324.927 8.60617 0.01 1 113 0
45964 294.523 8.49382 0.01 1 15 0
46088 294.523 8.49382 0.01 1 15 0
46102 294.523 8.49382 0.01 1 14 0
46131 308.515 7.84921 0.01 1 72 0
46190 294.364 8.64784 0.01 1 15 0
46191 324.927 8.65799 0.01 1 113 0.000290945
46215 308.835 8.47891 0.01 1 72 0
46261 307.44 8.00793 0.01 1 72 0
46292 309.415 7.70099 0.01 1 72 0
46294 324.927 8.60617 0.01 1 114 0
46408 308.835 8.47891 0.01 1 72 0
46436 292.462 8.49382 0.01 1 15 0
46453 293.908 8.49382 0.01 1 14 0
46485 293.199 8.49382 0.01 1 15 0
46511 324.927 8.60617 0.01 1 114 0
46531 295.455 8.41579 0.01 1 15 -0.00120045
46649 305.257 8.13166 0.01 1 72 0
46699 306.388 8.18019 0.01 1 72 0
46730 326.106 8.49885 0.01 1 114 0
46791 310.24 7.67828 0.01 1 72 0
46881 294.523 8.59943 0.01 1 15 0
47042 294.281 8.49382 0.01 1 15 0.00242721
47049 294.364 8.49382 0.01 1 13 0
47116 308.487 7.45926 0.01 1 72 0
47189 294.523 8.49382 0.01 1 15 0
47197 307.728 8.20676 0.01 1 72 0
47204 311.218 8.22455 0.01 1 72 0
47224 294.523 8.49382 0.01 1 15 0
47261 309.415 7.70099 0.01 1 72 0
47388 294.523 8.49382 0.01 1 15 0
47436 308.835 8.47891 0.01 1 72 0
47516 294.364 8.64784 0.01 1 15 0
47555 294.364 8.47238 0.01 1 15 0
47620 294.523 8.49382 0.01 1 15 0
47636 323.7 8.63032 0.01 1 113 0
47686 294.364 8.64784 0.01 1 15 0
47720 326.106 8.61001 0.01 1 115 0
47730 294.364 8.49382 0.01 1 15 0
47786 294.523 8.49382 0.01 1 15 0
47932 294.523 8.49382 0.01 1 14 0
48014 326.106 8.49885 0.01 1 113 0
48032 308.515 7.81655 0.01 1 72 0
48096 326.106 8.49885 0.01 1 113 0
48146 297.682 8.52143 0.01 1 14 0
48155 307.724 8.27064 0.01 1 72 0
48187 309.9 8.39618 0.01 1 72 0
48306 294.523 8.49382 0.01 1 15 0
48391 294.523 8.51417 0.01 1 14 0
48461 310.495 7.7861 0.01 1 72 0
48499 292.787 8.49382 0.01 1 15 0
48523 309.421 8.39618 0.01 1 72 0
48534 294.523 8.49382 0.01 1 15 0
48550 294.523 8.49382 0.01 1 15 0
48553 309.421 8.39618 0.01 1 72 0
48560 297.682 8.52143 0.01 1 15 0
48572 294.156 8.49382 0.01 1 15 0
48602 293.908 8.49382 0.01 1 14 0
48646 294.523 8.49382 0.01 1 14 0
48649 326.106 8.60617 0.01 1 115 0
48701 294.523 8.49382 0.01 1 15 0
48744 310.549 7.80222 0.01 1 72 0
48833 293.908 8.49382 0.01 1 15 0
48861 309.097 7.6637 0.01 1 72 0
48874 294.364 8.59895 0.01 1 14 0
49088 310.797 8.15577 0.01 1 72 0
49125 294.523 8.49382 0.01 1 15 0
49203 309.156 7.22572 0.01 1 72 0
49248 294.523 8.49382 0.01 1 15 0
49353 322.291 8.49885 0.01 1 114 0
49371 295.455 8.49382 0.01 1 14 0
49401 294.609 8.49382 0.01 1 14 0
49421 324.927 8.60617 0.01 1 115 0
49499 308.148 8.30565 0.01 1 72 0
49506 293.908 8.46985 0.01 1 15 0
49551 310.49 7.93723 0.01 1 72 0
49590 309.421 8.39618 0.01 1 72 0
49620 328.051 8.49885 0.01 1 113 0
49631 310.596 8.09715 0.01 1 72 0
49721 298.333 8.49382 0.01 1 15 0
49742 293.29 8.49382 0.01 1 15 0
49769 294.197 8.49382 0.01 1 15 0
49778 309.415 7.70099 0.01 1 72 0
49791 294.523 8.49382 0.01 1 15 0
49869 326.106 8.49885 0.01 1 114 0
49877 326.106 8.49885 0.01 1 113 0
49882 308.509 8.27064 0.01 1 72 0
49957 325.594 8.60617 0.01 1 113 -0.00458664
50001 327.059 8.65315 0.01 1 113 0.00711387
50064 294.857 8.49382 0.01 1 15 0
50089 307.274 8.25505 0.01 1 72 0
50128 295.277 8.4822 0.01 1 15 0
50161 309.421 8.39618 0.01 1 72 0
50189 326.06 8.65584 0.01 1 114 0.0117983
50263 326.106 8.60617 0.01 1 113 0
50266 309.421 8.39618 0.01 1 72 0
50277 292.787 8.64249 0.01 1 13 0
50292 294.857 8.53086 0.01 1 15 0
50322 294.523 8.55783 0.01 1 15 0
50354 294.523 8.49382 0.01 1 14 0
50368 306.388 8.18019 0.01 1 72 0
50379 326.106 8.60617 0.01 1 114 0
50397 294.523 8.49382 0.01 1 14 0
50410 293.199 8.49382 0.01 1 15 0
50417 294.523 8.49382 0.01 1 15 0
50424 305.257 8.13166 0.01 1 72 0
50437 292.787 8.49382 0.01 1 14 0
50439 326.106 8.60617 0.01 1 114 0
50457 309.421 8.39618 0.01 1 72 0
50462 294.364 8.59895 0.01 1 14 0
50479 306.986 7.88695 0.01 1 72 0
50521 297.682 8.49382 0.01 1 15 0
50534 296.242 8.49382 0.01 1 15 0
50569 295.455 8.49382 0.01 1 14 0
50614 294.555 8.49382 0.01 1 15 0
50635 294.523 8.49382 0.01 1 13 0
50664 308.718 8.39618 0.01 1 72 0
50788 294.523 8.49382 0.01 1 14 0
50808 294.609 8.49382 0.01 1 15 0
50812 326.106 8.60617 0.01 1 114 0
50851 294.523 8.49382 0.01 1 15 0
50854 293.199 8.49382 0.01 1 14 0
50867 306.388 8.18019 0.01 1 72 0
50924 310.596 8.09715 0.01 1 72 0
51042 309.097 7.6637 0.01 1 72 0
51089 295.455 8.46375 0.01 1 14 0
51125 326.106 8.49885 0.01 1 114 0
51157 294.523 8.51417 0.01 1 13 0
51181 294.555 8.49382 0.01 1 14 0
51184 325.457 8.60617 0.01 1 113 0
51223 323.7 8.63032 0.01 1 113 0
51299 310.596 8.09715 0.01 1 72 0
51313 294.364 8.59895 0.01 1 14 0
51356 326.106 8.49885 0.01 1 113 0
51373 326.106 8.49885 0.01 1 113 0
51390 294.523 8.49382 0.01 1 15 0
51495 323.7 8.63032 0.01 1 113 0
51514 296.517 8.49382 0.01 1 15 0
51566 293.908 8.49382 0.01 1 15 0
51569 294.523 8.49382 0.01 1 15 0
51683 310.797 8.15577 0.01 1 72 0
51733 308.788 8.39618 0.01 1 72 0
51742 293.908 8.49382 0.01 1 15 0
51783 294.523 8.49382 0.01 1 13 0
51795 310.49 7.93723 0.01 1 72 0
51881 293.199 8.49382 0.01 1 14 0
51894 292.787 8.64249 0.01 1 13 0
51951 293.908 8.49382 0.01 1 15 0
51963 308.515 7.84921 0.01 1 72 0
51966 294.156 8.49382 0.01 1 14 0.00370513
52067 294.364 8.64784 0.01 1 15 0
52096 294.523 8.49382 0.01 1 15 0
52118 294.364 8.59557 0.01 1 15 -5.40428e-05
52130 326.106 8.49885 0.01 1 114 0
52201 326.106 8.60617 0.01 1 114 0
52249 294.34 8.49382 0.01 1 15 0
52276 294.523 8.49382 0.01 1 14 0
52329 308.515 7.70761 0.01 1 72 0
52356 307.569 8.41435 0.01 1 72 0
52389 292.787 8.49382 0.01 1 15 0
52432 294.523 8.35902 0.01 1 14 -0.00213819
52446 293.822 8.49382 0.01 1 15 0
52474 306.388 8.18019 0.01 1 72 0
52518 294.523 8.49382 0.01 1 13 0
52572 294.523 8.49382 0.01 1 15 0
52582 308.148 8.30565 0.01 1 72 0
52633 294.523 8.49382 0.01 1 15 0
52884 309.174 8.16285 0.01 1 72 0
52905 306.14 8.56566 0.01 1 72 0
52918 308.515 7.70761 0.01 1 72 0
52947 309.174 8.07667 0.01 1 72 0
52963 294.523 8.49382 0.01 1 15 0
52995 309.421 8.39618 0.01 1 72 0
53063 294.197 8.49382 0.01 1 15 0
53088 294.124 8.49382 0.01 1 14 0.00379376
53111 294.364 8.47238 0.01 1 14 0
53172 322.6 8.49885 0.01 1 114 0
53240 326.106 8.60617 0.01 1 114 0
53246 308.509 8.36318 0.01 1 72 0
53326 326.106 8.60617 0.01 1 113 0
53483 294.523 8.59943 0.01 1 15 0.00172055
53513 294.523 8.49382 0.01 1 13 0
53518 308.421 7.93275 0.01 1 72 0
53583 311.218 8.22455 0.01 1 72 0
53605 294.523 8.49382 0.01 1 14 0
53618 294.523 8.49382 0.01 1 15 0
53691 294.364 8.47238 0.01 1 15 0
53693 294.523 8.33936 0.01 1 15 0
53794 294.523 8.49382 0.01 1 15 0
53844 294.523 8.49382 0.01 1 14 0
53850 293.908 8.49382 0.01 1 14 0
53946 294.364 8.64784 0.01 1 15 0
53947 308.515 7.70761 0.01 1 72 0
53951 294.523 8.49382 0.01 1 14 0
53978 326.106 8.60617 0.01 1 114 0
53987 307.539 8.28158 0.01 1 72 0
53996 295.455 8.46375 0.01 1 13 0
54021 308.509 8.27064 0.01 1 72 0
54056 294.523 8.49382 0.01 1 15 0
54075 295.455 8.57441 0.01 1 15 0.0012827
54104 294.364 8.64784 0.01 1 14 0
54127 326.106 8.49885 0.01 1 114 0
54172 294.523 8.49382 0.01 1 14 0
54187 326.106 8.61001 0.01 1 114 0
54246 294.609 8.49382 0.01 1 15 0
54254 294.523 8.49382 0.01 1 15 0
54270 311.31 7.93723 0.01 1 72 0
54345 294.523 8.49382 0.01 1 15 0
54365 294.523 8.49382 0.01 1 14 0
54479 324.773 8.60617 0.01 1 113 -0.0129561
54525 324.281 8.49885 0.01 1 113 0
54539 294.609 8.49382 0.01 1 15 0
54575 295.455 8.57441 0.01 1 15 0
54613 293.908 8.49382 0.01 1 13 0
54663 307.274 8.25505 0.01 1 72 0
54672 308.148 8.30565 0.01 1 72 0
54692 311.218 8.22455 0.01 1 72 0
54697 294.523 8.49382 0.01 1 15 0
54741 294.523 8.49382 0.01 1 15 0
54772 308.477 8.39618 0.01 1 72 0
54773 295.455 8.46375 0.01 1 13 0
54820 309.579 7.63691 0.01 1 72 0
54826 308.509 8.36318 0.01 1 72 0
54841 326.106 8.60617 0.01 1 114 0
54874 309.421 8.39618 0.01 1 72 0
54896 307.274 8.25505 0.01 1 72 0
54925 307.724 8.27064 0.01 1 72 0
55034 293.434 8.4332 0.01 1 15 -0.00103388
55047 294.523 8.49382 0.01 1 15 0
55065 308.515 7.81655 0.01 1 72 0
55103 296.102 8.49382 0.01 1 15 0
55130 294.857 8.53086 0.01 1 15 0
55189 322.291 8.49885 0.01 1 114 0
55190 293.199 8.49382 0.01 1 15 0
55225 294.523 8.49382 0.01 1 15 0
55279 294.523 8.49382 0.01 1 14 0
55329 307.724 8.27064 0.01 1 72 0
55367 308.277 8.35542 0.01 1 72 0
55379 307.611 8.07667 0.01 1 72 -0.00287192
55407 326.106 8.60617 0.01 1 114 0
55447 292.787 8.49382 0.01 1 15 0
55450 307.182 8.27064 0.01 1 72 0
55453 326.106 8.60617 0.01 1 114 0
55463 294.523 8.51417 0.01 1 13 0
55473 293.199 8.49382 0.01 1 15 0
55560 293.199 8.49382 0.01 1 15 0
55603 325.457 8.60617 0.01 1 113 0
55624 294.523 8.49382 0.01 1 14 0
55652 322.291 8.49885 0.01 1 114 0
55674 309.097 7.6637 0.01 1 72 0
