max_pf 84 min_pf 56
individual T0 sigma disp_rate r0 patch_no mut_eff
12 307.283 8.05494 0.01 1 72 0
13 305.397 8.37935 0.01 1 58 0
21 311.598 8.01743 0.01 1 83 0
24 311.685 7.94117 0.01 1 72 -0.010816
26 305.574 8.37935 0.01 1 57 0
34 313.73 8.35975 0.01 1 83 0
42 305.397 8.24319 0.01 1 58 0
55 305.397 8.37935 0.01 1 57 0
60 305.397 8.37935 0.01 1 58 0
81 304.163 8.37935 0.01 1 57 0
95 305.397 8.37935 0.01 1 58 0
97 307.185 8.07569 0.01 1 72 0
100 307.697 8.2026 0.01 1 72 0
110 313.73 8.35975 0.01 1 83 0
137 312.151 7.95169 0.01 1 72 0
145 309.377 7.94117 0.01 1 72 0
149 313.73 8.35975 0.01 1 83 0
156 310.746 7.93372 0.01 1 72 0
157 309.324 8.20253 0.01 1 72 0
161 305.574 8.566 0.01 1 58 0.000712827
170 304.163 8.37935 0.01 1 58 0
177 310.17 8.36667 0.01 1 72 0
190 308.335 7.97521 0.01 1 72 0
195 305.397 8.41935 0.01 1 58 0
198 309.324 8.20253 0.01 1 72 0
201 308.94 7.94117 0.01 1 72 0
220 305.397 8.37935 0.01 1 58 0
242 311.328 7.43384 0.01 1 82 0
253 305.397 8.37935 0.01 1 58 0
274 311.328 7.43384 0.01 1 82 0
278 308.587 7.95751 0.01 1 72 0
285 305.397 8.34366 0.01 1 58 0
313 311.328 7.43384 0.01 1 82 0
314 305.397 8.37935 0.01 1 58 0
319 310.169 8.056 0.01 1 72 0
325 305.397 8.37935 0.01 1 58 0
326 305.574 8.37935 0.01 1 58 0
330 306.815 7.95522 0.01 1 72 0
337 311.328 7.43384 0.01 1 82 0
343 313.73 8.35975 0.01 1 83 0
352 304.163 8.37935 0.01 1 58 0
355 305.397 8.37935 0.01 1 58 0
359 310.169 8.056 0.01 1 72 0
361 308.335 7.97521 0.01 1 72 0
367 310.898 8.23525 0.01 1 72 -0.00487241
370 304.163 8.37935 0.01 1 57 0
376 305.574 8.37935 0.01 1 58 0
379 313.73 8.35975 0.01 1 83 0
380 308.904 8.26559 0.01 1 72 0
385 307.185 7.95751 0.01 1 72 0
401 313.73 8.35975 0.01 1 82 0
409 308.53 7.83046 0.01 1 72 0
417 305.397 8.35181 0.01 1 58 -9.9346e-05
426 305.574 8.37935 0.01 1 58 0
434 307.283 8.05494 0.01 1 72 0
465 313.73 8.35975 0.01 1 83 0
479 307.697 8.03903 0.01 1 72 0
482 311.328 7.43384 0.01 1 83 0
486 305.397 8.41935 0.01 1 58 0
488 313.73 8.35975 0.01 1 83 0
495 313.73 8.35975 0.01 1 83 0
497 308.53 7.83046 0.01 1 72 0
498 310.439 7.94117 0.01 1 72 -0.00137633
505 309.869 8.17612 0.01 1 72 0
511 309.135 8.33019 0.01 1 72 0
512 307.185 7.95751 0.01 1 72 0
518 308.188 7.95066 0.01 1 72 0
520 311.328 7.43384 0.01 1 82 0
531 306.539 7.69557 0.01 1 72 0
532 311.328 7.43384 0.01 1 83 0
541 309.135 8.33019 0.01 1 72 0
543 311.328 7.43384 0.01 1 82 0
544 305.397 8.37935 0.01 1 58 0
545 313.73 8.35975 0.01 1 83 0
552 311.685 7.94117 0.01 1 72 0
556 304.163 8.16763 0.01 1 58 0
557 311.328 7.43384 0.01 1 83 0
560 307.185 7.90604 0.01 1 72 0
580 313.73 8.35975 0.01 1 82 0
581 305.397 8.37935 0.01 1 57 0
586 307.283 8.05494 0.01 1 72 0
587 310.845 7.67819 0.01 1 83 0
589 308.335 7.97521 0.01 1 72 0
595 305.397 8.37935 0.01 1 58 0
597 304.163 8.37935 0.01 1 58 0
615 305.397 8.24319 0.01 1 58 0
627 305.464 8.37935 0.01 1 57 0
641 305.397 8.24319 0.01 1 58 0
651 309.192 7.95907 0.01 1 72 0
653 304.163 8.37935 0.01 1 58 0
667 311.328 7.43384 0.01 1 83 0
668 308.235 7.95751 0.01 1 72 0
672 311.328 7.43384 0.01 1 82 0
674 313.73 8.35975 0.01 1 83 0
696 309.377 7.94117 0.01 1 72 0
700 310.464 8.37078 0.01 1 72 0
704 309.326 8.23525 0.01 1 72 0
707 311.639 8.056 0.01 1 72 0
716 307.185 7.95751 0.01 1 72 0
723 305.397 8.37935 0.01 1 58 0
727 308.196 7.87124 0.01 1 72 0
745 305.988 8.37935 0.01 1 56 0
760 309.481 8.23525 0.01 1 72 0
762 310.169 8.24083 0.01 1 72 0
766 308.335 7.97521 0.01 1 72 0
772 310.17 8.36667 0.01 1 72 0
800 311.328 7.43384 0.01 1 82 0
802 313.73 8.35975 0.01 1 83 0
812 311.328 7.43384 0.01 1 83 0
834 313.73 8.35975 0.01 1 84 0
847 305.397 8.37935 0.01 1 58 0
857 304.163 8.37935 0.01 1 57 0
858 308.335 7.98459 0.01 1 72 0
861 305.397 8.41935 0.01 1 58 0
882 305.397 8.37935 0.01 1 58 0
884 311.328 7.43384 0.01 1 82 0
892 311.328 7.43384 0.01 1 82 0
906 313.73 8.35975 0.01 1 83 0
908 310.562 8.01953 0.01 1 72 0
909 313.73 8.35975 0.01 1 82 0
925 311.328 7.42983 0.01 1 82 0
940 305.397 8.37935 0.01 1 58 0
943 305.397 8.3476 0.01 1 58 0
946 305.397 8.37935 0.01 1 58 0
953 304.163 8.37935 0.01 1 57 0
965 313.73 8.35975 0.01 1 83 0
967 305.397 8.35712 0.01 1 58 0
971 305.574 8.37935 0.01 1 58 0
974 313.73 8.35975 0.01 1 83 0
976 311.328 7.43384 0.01 1 82 0
1017 308.53 7.77993 0.01 1 72 -4.66406e-06
1024 311.328 7.43384 0.01 1 83 0
1033 305.397 8.37935 0.01 1 57 0
1043 305.574 8.37935 0.01 1 58 0
1055 311.685 7.94117 0.01 1 72 0
1060 306.237 7.82885 0.01 1 72 0
1063 304.163 8.37935 0.01 1 58 0
1070 311.328 7.43384 0.01 1 82 0
1072 304.163 8.37935 0.01 1 58 0
1073 311.94 7.43384 0.01 1 82 0
1091 314.488 8.35975 0.01 1 82 0
1109 311.328 7.43384 0.01 1 83 0
1128 305.397 8.37935 0.01 1 57 0
1130 305.042 8.37935 0.01 1 58 -0.00685489
1132 305.621 8.37935 0.01 1 58 -0.00178346
1133 308.335 7.98459 0.01 1 72 0
1138 311.328 7.43384 0.01 1 82 0
1144 311.328 7.43384 0.01 1 82 0
1161 305.397 8.37935 0.01 1 58 0
1170 308.576 8.25735 0.01 1 72 0
1189 310.746 7.93372 0.01 1 72 0
1208 311.328 7.43384 0.01 1 83 0
1224 308.785 8.17612 0.01 1 72 0
1234 311.598 8.20111 0.01 1 82 0
1252 311.598 8.01743 0.01 1 82 0
1257 310.169 8.056 0.01 1 72 0
1266 313.73 8.35975 0.01 1 82 0
1282 304.78 8.37935 0.01 1 58 0
1303 304.163 8.37935 0.01 1 58 0
1306 310.169 8.16784 0.01 1 72 0
1338 305.397 8.37935 0.01 1 57 0
1339 309.869 8.17612 0.01 1 72 0
1348 308.94 7.94117 0.01 1 72 0
1356 304.163 8.37935 0.01 1 57 0
1360 304.163 8.37935 0.01 1 58 0
1362 308.887 7.70725 0.01 1 72 0
1363 309.192 7.95907 0.01 1 72 0
1373 311.328 7.43384 0.01 1 82 0
1397 309.192 7.95907 0.01 1 72 0
1421 308.188 7.95066 0.01 1 72 0
1439 304.163 8.37935 0.01 1 58 0
1443 309.869 8.17612 0.01 1 72 0
1460 309.192 7.95907 0.01 1 72 0
1476 313.73 8.35975 0.01 1 83 0
1479 311.328 7.43384 0.01 1 82 0
1517 311.328 7.43384 0.01 1 82 0
1519 305.397 8.3476 0.01 1 58 0
1523 313.73 8.23184 0.01 1 83 0
1528 310.348 7.43384 0.01 1 82 0
1541 310.169 8.056 0.01 1 72 0
1557 310.42 8.04233 0.01 1 72 -0.000985101
1567 311.328 7.43384 0.01 1 82 0
1572 304.163 8.37935 0.01 1 58 0
1584 311.328 7.43384 0.01 1 82 0
1592 313.73 8.35975 0.01 1 83 0
1622 311.328 7.43384 0.01 1 82 0
1653 313.73 8.35975 0.01 1 83 0
1657 305.397 8.37935 0.01 1 58 0
1659 304.163 8.37935 0.01 1 58 0
1660 314.399 8.35975 0.01 1 82 0
1676 313.73 8.35975 0.01 1 82 0
1684 311.328 7.43384 0.01 1 82 0
1687 310.845 7.67819 0.01 1 84 0
1688 305.397 8.37935 0.01 1 58 0
1713 305.397 8.37935 0.01 1 56 0
1726 304.163 8.37935 0.01 1 58 0
1727 313.73 8.35975 0.01 1 83 0
1757 309.192 7.95907 0.01 1 72 0
1766 309.869 8.17612 0.01 1 72 0
1773 305.397 8.37935 0.01 1 58 0
1774 310.845 7.23917 0.01 1 82 0
1781 305.397 8.37935 0.01 1 58 0
1795 310.348 7.43384 0.01 1 82 0
1797 305.397 8.37935 0.01 1 58 0
1821 310.498 7.67819 0.01 1 82 0
1824 308.551 8.34399 0.01 1 72 0
1828 304.163 8.37935 0.01 1 58 0
1829 304.163 8.37935 0.01 1 58 0
1834 313.73 8.35975 0.01 1 83 0
1841 305.397 8.37935 0.01 1 57 0
1847 313.73 8.35975 0.01 1 83 0
1881 305.574 8.37935 0.01 1 58 0
1888 311.328 7.43384 0.01 1 82 0
1894 305.397 8.37935 0.01 1 58 0
1903 304.163 8.37935 0.01 1 58 0
1919 305.397 8.37935 0.01 1 57 0
1935 311.598 8.01743 0.01 1 83 0
1941 307.697 8.2026 0.01 1 72 0
1945 310.414 7.43384 0.01 1 82 -0.00939353
1947 305.574 8.37935 0.01 1 58 0
1955 310.746 7.93372 0.01 1 72 0
1960 305.397 8.37935 0.01 1 57 0
1963 307.185 7.95751 0.01 1 72 0
1964 309.326 8.23525 0.01 1 72 0.000183284
1965 313.73 8.41007 0.01 1 83 0
1966 305.397 8.14884 0.01 1 58 -0.000861108
1969 308.671 8.25743 0.01 1 72 0
1971 310.169 8.056 0.01 1 72 0
1977 311.328 7.34038 0.01 1 82 0
1982 308.335 7.97521 0.01 1 72 0
1986 313.73 8.35975 0.01 1 84 0
1988 304.163 8.37935 0.01 1 57 0
1991 307.185 8.07569 0.01 1 72 0
1996 310.404 8.17612 0.01 1 72 -0.00178963
2000 313.73 8.35975 0.01 1 83 0
2005 305.397 8.37935 0.01 1 57 0
2006 313.73 8.35975 0.01 1 83 0
2011 314.488 8.35975 0.01 1 82 0
2019 309.623 8.56529 0.01 1 72 7.59959e-07
2029 311.328 7.43384 0.01 1 82 0
2041 309.625 7.43384 0.01 1 72 0
2043 306.237 7.82885 0.01 1 72 0
2046 305.397 8.54021 0.01 1 57 0
2049 305.397 8.14641 0.01 1 58 0
2050 305.397 8.37935 0.01 1 58 0
2052 305.397 8.37935 0.01 1 56 0
2056 313.73 8.35975 0.01 1 84 0
2057 305.397 8.37935 0.01 1 57 0
2060 313.73 8.35975 0.01 1 84 0
2061 304.163 8.37935 0.01 1 58 0
2070 305.397 8.37935 0.01 1 58 0
2074 313.73 8.35975 0.01 1 83 0
2079 311.94 7.43384 0.01 1 82 0
2088 313.73 8.35975 0.01 1 83 0
2093 305.397 8.37935 0.01 1 58 0
2121 304.163 8.37935 0.01 1 57 0
2133 313.73 8.35975 0.01 1 83 0
2134 305.397 8.37935 0.01 1 58 0
2146 304.163 8.37935 0.01 1 58 0
2149 313.73 8.35975 0.01 1 82 0
2183 305.397 8.37935 0.01 1 58 0
2185 311.328 7.43384 0.01 1 83 0
2187 311.609 7.67819 0.01 1 84 0
2200 307.185 7.95751 0.01 1 72 0
2224 305.397 8.37935 0.01 1 57 0
2232 310.169 8.24083 0.01 1 72 0
2233 308.53 7.83046 0.01 1 72 0
2240 305.397 8.37935 0.01 1 57 0
2250 304.163 8.37935 0.01 1 58 0
2251 308.235 7.95751 0.01 1 72 0
2255 305.397 8.37935 0.01 1 58 0
2266 304.163 8.37935 0.01 1 57 0
2270 305.397 8.54021 0.01 1 57 0
2280 304.163 8.37935 0.01 1 58 0
2294 305.397 8.37935 0.01 1 58 0
2299 308.335 7.97521 0.01 1 72 0
2306 308.508 7.98163 0.01 1 72 0
2313 304.043 8.50636 0.01 1 58 0.000169978
2317 309.875 8.05369 0.01 1 72 0
2320 305.397 8.37935 0.01 1 58 0
2322 311.328 7.43384 0.01 1 83 0
2339 305.397 8.37935 0.01 1 56 0
2359 310.845 7.67819 0.01 1 84 0
2376 306.237 7.82885 0.01 1 72 0
2378 313.73 8.35975 0.01 1 83 0
2379 308.551 8.34399 0.01 1 72 0
2382 308.235 7.95751 0.01 1 72 0
2383 309.481 8.23525 0.01 1 72 0
2405 304.163 8.37935 0.01 1 58 0
2412 311.328 7.43384 0.01 1 83 0
2430 314.488 8.35975 0.01 1 82 0
2431 313.73 8.35975 0.01 1 83 0
2436 313.54 7.43384 0.01 1 82 0.0120516
2438 309.192 7.95907 0.01 1 72 0
2461 309.192 7.95907 0.01 1 72 0
2464 310.17 8.36667 0.01 1 72 0
2472 304.163 8.37935 0.01 1 57 0
2476 313.73 8.35975 0.01 1 83 0
2478 313.73 8.35975 0.01 1 83 0
2542 305.397 8.37935 0.01 1 58 0
2558 307.185 7.90604 0.01 1 72 0
2563 311.328 7.43384 0.01 1 82 0
2567 304.163 8.37935 0.01 1 57 0
2585 308.335 7.97521 0.01 1 72 0
2587 304.163 8.37935 0.01 1 58 0
2627 312.345 7.43384 0.01 1 82 0
2635 313.73 8.35975 0.01 1 84 0
2648 311.328 7.43384 0.01 1 82 0
2650 311.598 8.01743 0.01 1 82 0
2652 305.397 8.37935 0.01 1 57 0
2661 308.53 7.83046 0.01 1 72 0
2662 311.328 7.43384 0.01 1 83 0
2668 313.73 8.35975 0.01 1 83 0
2676 313.73 8.35975 0.01 1 83 0
2678 305.397 8.37935 0.01 1 57 0
2711 313.73 8.35975 0.01 1 83 0
2712 313.73 8.35975 0.01 1 82 0
2716 313.73 8.35975 0.01 1 83 0
2717 307.531 8.03903 0.01 1 72 0
2720 311.328 7.43384 0.01 1 82 0
2753 307.185 7.95751 0.01 1 72 0
2761 313.73 8.35975 0.01 1 83 0
2763 310.746 7.93372 0.01 1 72 0
2765 310.42 8.04233 0.01 1 72 0
2767 313.73 8.23184 0.01 1 83 0
2771 304.163 8.33113 0.01 1 58 0
2783 310.566 7.43384 0.01 1 82 0
2784 311.598 8.01743 0.01 1 83 0
2786 310.049 7.67819 0.01 1 84 -0.0188402
2787 305.397 8.37935 0.01 1 58 0
2803 311.328 7.43384 0.01 1 82 0
2811 308.196 7.87124 0.01 1 72 0
2817 313.73 8.35975 0.01 1 84 0
2822 304.163 8.37935 0.01 1 58 0
2832 305.397 8.37935 0.01 1 57 0
2840 311.328 7.43384 0.01 1 82 0
2848 308.904 8.26559 0.01 1 72 0
2855 311.485 7.43384 0.01 1 82 0
2876 311.661 7.43384 0.01 1 83 0.00283349
2894 308.235 7.95751 0.01 1 72 0
2904 305.397 8.37935 0.01 1 56 0
2913 307.697 8.03903 0.01 1 72 0
2921 305.397 8.37935 0.01 1 58 0
2924 304.163 8.37935 0.01 1 58 0
2943 310.562 8.01953 0.01 1 72 0
2945 305.397 8.37935 0.01 1 58 0
2958 310.169 8.056 0.01 1 72 0
2959 304.163 8.37935 0.01 1 57 0
2970 313.73 8.35975 0.01 1 82 0
2974 305.397 8.37935 0.01 1 58 0
2984 305.397 8.37935 0.01 1 58 0
2998 311.328 7.43384 0.01 1 82 0
3000 309.192 7.95907 0.01 1 72 0
3001 309.673 7.95751 0.01 1 72 0
3009 309.481 8.23525 0.01 1 72 0
3024 308.308 8.30408 0.01 1 72 0
3028 305.397 8.37935 0.01 1 58 0
3031 309.591 7.69271 0.01 1 72 0
3035 311.328 7.43384 0.01 1 82 0
3036 308.508 7.98163 0.01 1 72 0
3040 313.73 8.35975 0.01 1 83 0
3044 304.163 8.37935 0.01 1 57 0
3049 306.237 7.82885 0.01 1 72 0
3063 305.397 8.37935 0.01 1 58 0
3064 307.697 8.2026 0.01 1 72 0
3070 313.73 8.35975 0.01 1 83 0
3102 313.73 8.35975 0.01 1 83 0
3106 313.73 8.35975 0.01 1 83 0
3112 308.335 7.97521 0.01 1 72 0
3114 311.598 8.01743 0.01 1 83 0
3123 308.335 7.97521 0.01 1 72 0
3127 311.598 8.01743 0.01 1 83 0
3138 311.639 8.056 0.01 1 72 0
3147 305.397 8.37935 0.01 1 58 0
3150 305.397 8.37935 0.01 1 58 0
3152 305.397 8.37935 0.01 1 58 0
3157 307.185 7.90604 0.01 1 72 0
3172 309.052 7.84645 0.01 1 72 0
3174 304.163 8.37935 0.01 1 58 0
3175 304.163 8.37935 0.01 1 57 0
3183 306.237 7.82885 0.01 1 72 0
3184 313.73 8.35975 0.01 1 84 0
3197 305.397 8.37935 0.01 1 58 0
3206 312.151 7.95169 0.01 1 72 0
3211 305.397 8.37935 0.01 1 56 0
3220 305.397 8.37935 0.01 1 57 0
3224 311.328 7.43384 0.01 1 82 0
3252 305.397 8.37935 0.01 1 57 0
3257 305.397 8.37935 0.01 1 58 0
3276 308.887 7.70725 0.01 1 72 0
3277 310.845 7.67819 0.01 1 84 0
3282 306.749 8.37935 0.01 1 58 -0.0150262
3287 308.587 7.95751 0.01 1 72 0
3300 309.591 7.8464 0.01 1 72 0
3304 309.192 7.95907 0.01 1 72 0
3311 313.73 8.35975 0.01 1 83 0
3318 310.169 8.14026 0.01 1 72 0
3319 305.397 8.37935 0.01 1 58 0
3350 305.397 8.41935 0.01 1 58 0
3351 305.397 8.37935 0.01 1 56 0
3362 311.328 7.43384 0.01 1 82 0
3378 309.869 8.30888 0.01 1 72 0
3392 311.328 7.43384 0.01 1 82 0
3405 311.328 7.43384 0.01 1 82 0
3413 310.169 8.16784 0.01 1 72 0
3420 305.397 8.37935 0.01 1 58 0
3427 308.785 8.17612 0.01 1 72 0
3441 311.328 7.43384 0.01 1 82 0
3448 311.328 7.43384 0.01 1 82 0
3452 311.328 7.43384 0.01 1 83 0
3454 305.397 8.37935 0.01 1 56 0
3468 304.163 8.37935 0.01 1 58 0
3475 311.598 8.01743 0.01 1 82 0
3503 305.397 8.37935 0.01 1 58 0
3508 311.328 7.43384 0.01 1 82 0
3509 311.328 7.43384 0.01 1 82 0
3514 304.043 8.37935 0.01 1 58 0
3518 309.192 8.04012 0.01 1 72 0
3522 311.328 7.43384 0.01 1 84 0
3524 313.73 8.28531 0.01 1 84 0
3532 307.185 7.95751 0.01 1 72 0
3544 312.151 7.95169 0.01 1 72 0
3547 313.73 8.43583 0.01 1 83 4.13209e-05
3557 311.328 7.43384 0.01 1 82 0
3560 304.163 8.26528 0.01 1 56 -0.000366047
3565 312.151 7.95169 0.01 1 72 0
3569 304.163 8.37935 0.01 1 58 0
3574 311.328 7.43384 0.01 1 82 0
3576 305.397 8.37935 0.01 1 58 0
3581 309.481 8.23525 0.01 1 72 0
3596 308.335 7.97521 0.01 1 72 0
3602 311.598 8.01743 0.01 1 82 0
3615 309.633 8.37418 0.01 1 72 0
3616 307.917 7.43384 0.01 1 72 0
3626 308.926 8.13377 0.01 1 72 0
3629 308.308 8.0864 0.01 1 72 0
3632 310.169 8.056 0.01 1 72 0
3652 313.73 8.35975 0.01 1 83 0
3666 305.397 8.37935 0.01 1 58 0
3667 311.328 7.43384 0.01 1 82 0
3679 308.335 7.97521 0.01 1 72 0
3688 313.73 8.35975 0.01 1 83 0
3690 311.328 7.43384 0.01 1 82 0
3702 305.397 8.37935 0.01 1 57 0
3706 305.397 8.37935 0.01 1 58 0
3742 305.397 8.37935 0.01 1 58 0
3764 313.73 8.35975 0.01 1 83 0
3775 309.633 8.37418 0.01 1 72 0
3776 311.328 7.42983 0.01 1 82 -1.29789e-05
3782 307.816 8.05494 0.01 1 72 0
3787 313.73 8.35975 0.01 1 83 0
3790 305.397 8.37935 0.01 1 58 0
3814 309.501 8.34162 0.01 1 72 0
3817 310.161 7.95169 0.01 1 72 0
3843 309.869 8.17612 0.01 1 72 0
3846 305.397 8.37935 0.01 1 58 0
3855 313.73 8.35975 0.01 1 82 0
3861 305.397 8.37935 0.01 1 58 0
3864 305.397 8.37935 0.01 1 58 0
3869 305.397 8.37935 0.01 1 57 0
3874 305.397 8.37935 0.01 1 58 0
3881 311.345 7.19262 0.01 1 82 0
3885 305.397 8.35712 0.01 1 58 0
3887 307.531 8.03903 0.01 1 72 0
3919 310.169 8.056 0.01 1 72 0
3922 309.625 7.43384 0.01 1 72 0
3935 311.328 7.43384 0.01 1 82 0
3936 308.926 8.13377 0.01 1 72 0
3942 310.169 8.24083 0.01 1 72 0
3948 308.625 8.37418 0.01 1 72 0
3953 311.328 7.43384 0.01 1 82 0
3957 309.731 8.10161 0.01 1 72 0
3959 304.163 8.37935 0.01 1 58 0
3960 309.875 8.05369 0.01 1 72 0
3963 311.328 7.34038 0.01 1 82 -0.000308141
3966 305.397 8.37935 0.01 1 58 0
3970 305.397 8.24319 0.01 1 57 0
3989 309.192 7.95907 0.01 1 72 0
3997 311.328 7.51629 0.01 1 82 0.000262767
4000 311.598 8.01743 0.01 1 82 0
4011 311.328 7.43384 0.01 1 83 0
4016 304.163 8.37935 0.01 1 58 0
4028 313.73 8.28531 0.01 1 84 -4.09037e-05
4032 309.875 8.05369 0.01 1 72 0
4033 310.464 8.37078 0.01 1 72 0
4035 308.551 8.34399 0.01 1 72 0
4058 305.397 8.37935 0.01 1 58 0
4073 304.163 8.37935 0.01 1 58 0
4076 306.237 7.82885 0.01 1 72 0
4081 305.397 8.37935 0.01 1 58 0
4086 311.328 7.43384 0.01 1 82 0
4087 304.163 8.37935 0.01 1 57 0
4092 308.53 7.83046 0.01 1 72 0
4101 313.73 8.35975 0.01 1 83 0
4105 305.397 8.37935 0.01 1 56 0
4108 309.192 7.95907 0.01 1 72 0
4115 313.73 8.35975 0.01 1 82 0
4118 306.749 8.37935 0.01 1 58 0
4121 310.562 8.01953 0.01 1 72 0
4130 305.397 8.37935 0.01 1 58 0
4141 310.845 7.67819 0.01 1 83 0
4144 304.163 8.37935 0.01 1 58 0
4163 311.328 7.43384 0.01 1 82 0
4165 305.397 8.37935 0.01 1 58 0
4176 308.926 8.13377 0.01 1 72 0
4186 311.328 7.43384 0.01 1 83 0
4191 310.161 7.95169 0.01 1 72 0
4192 304.163 8.37935 0.01 1 57 0
4213 311.328 7.43384 0.01 1 82 0
4214 313.73 8.35975 0.01 1 83 0
4218 310.464 8.37078 0.01 1 72 0
4229 305.397 8.37935 0.01 1 58 0
4247 311.328 7.43384 0.01 1 83 0
4261 305.397 8.37935 0.01 1 56 0
4267 304.163 8.37935 0.01 1 57 0
4276 304.163 8.37935 0.01 1 58 0
4280 310.746 7.93372 0.01 1 72 0
4290 305.397 8.37935 0.01 1 58 0
4293 309.615 8.44218 0.01 1 72 0
4295 311.328 7.43384 0.01 1 82 0
4301 304.163 8.37935 0.01 1 58 0
4306 313.73 8.35975 0.01 1 82 0
4311 313.73 8.35975 0.01 1 83 0
4325 311.345 7.19262 0.01 1 82 -0.000809416
4326 308.235 7.95751 0.01 1 72 0
4357 314.488 8.35975 0.01 1 82 0
4367 313.73 8.35975 0.01 1 83 0
4375 305.397 8.37935 0.01 1 58 0
4385 304.163 8.37935 0.01 1 57 0
4397 307.185 7.90604 0.01 1 72 0
4407 305.397 8.37935 0.01 1 58 0
4411 311.284 8.33705 0.01 1 72 0
4422 311.328 7.43384 0.01 1 83 0
4425 309.875 8.05369 0.01 1 72 0
4426 305.397 8.37935 0.01 1 58 0
4427 309.652 7.78807 0.01 1 72 0
4429 313.73 8.35975 0.01 1 83 0
4439 311.328 7.43384 0.01 1 82 0
4445 311.328 7.43384 0.01 1 83 0
4446 311.598 8.06245 0.01 1 82 0
4447 308.587 7.95751 0.01 1 72 0
4468 313.73 8.35975 0.01 1 82 0
4469 308.565 8.25062 0.01 1 72 0
4482 304.163 8.37935 0.01 1 58 0
4502 310.169 8.056 0.01 1 72 0
4509 307.917 7.43384 0.01 1 72 0
4513 309.731 8.10161 0.01 1 72 0
4515 309.192 7.95907 0.01 1 72 0
4519 305.397 8.37935 0.01 1 58 0
4521 308.335 7.84205 0.01 1 72 -2.36034e-05
4524 310.169 8.056 0.01 1 72 0
4531 311.345 7.43384 0.01 1 82 0
4533 313.73 8.35975 0.01 1 83 0
4538 308.53 7.83046 0.01 1 72 0
4542 311.328 7.43384 0.01 1 82 0
4548 311.609 7.67819 0.01 1 84 0
4559 311.328 7.43384 0.01 1 82 0
4565 305.397 8.37935 0.01 1 58 0
4577 313.73 8.35975 0.01 1 83 0
4588 311.328 7.43384 0.01 1 82 0
4596 305.397 8.37935 0.01 1 58 0
4599 311.328 7.43384 0.01 1 83 0
4606 305.397 8.37935 0.01 1 57 0
4608 304.163 8.37935 0.01 1 57 0
4609 308.196 7.87124 0.01 1 72 0
4615 306.814 7.82885 0.01 1 72 0.00439973
4620 309.623 8.56529 0.01 1 72 0
4643 309.192 8.04012 0.01 1 72 0
4645 304.163 8.37935 0.01 1 58 0
4646 313.73 8.35975 0.01 1 83 0
4651 313.73 8.35975 0.01 1 83 0
4654 313.73 8.35975 0.01 1 82 0
4663 310.169 8.14026 0.01 1 72 0
4676 305.397 8.37935 0.01 1 58 0
4678 313.73 8.35975 0.01 1 82 0
4685 311.328 7.43384 0.01 1 82 0
4689 305.397 8.37935 0.01 1 57 0
4702 305.397 8.37935 0.01 1 58 0
4706 308.335 7.97521 0.01 1 72 0
4720 308.45 7.87124 0.01 1 72 0
4735 310.746 7.93372 0.01 1 72 0
4740 305.737 8.07569 0.01 1 72 -0.0106209
4744 305.397 8.37935 0.01 1 57 0
4757 304.163 8.37935 0.01 1 58 0
4766 310.172 7.96278 0.01 1 72 4.02033e-05
4779 304.163 8.37935 0.01 1 58 0
4786 310.169 8.16784 0.01 1 72 0
4787 305.397 8.37935 0.01 1 58 0
4788 305.397 8.37935 0.01 1 57 0
4795 313.73 8.23184 0.01 1 83 -2.62558e-05
4800 305.574 8.37935 0.01 1 58 0
4802 304.163 8.37935 0.01 1 58 0
4810 305.397 8.37935 0.01 1 58 0
4821 309.652 7.78807 0.01 1 72 0
4823 311.598 8.01743 0.01 1 82 0
4826 310.169 8.24083 0.01 1 72 0
4831 313.73 8.35975 0.01 1 82 0
4843 304.163 8.37935 0.01 1 57 0
4844 311.328 7.43384 0.01 1 83 0
4856 310.845 7.67819 0.01 1 83 0
4862 305.397 8.37935 0.01 1 57 0
4863 307.185 7.95751 0.01 1 72 0
4868 309.869 8.30888 0.01 1 72 0
4871 304.163 8.37935 0.01 1 58 0
4872 311.328 7.43384 0.01 1 82 0
4884 312.151 7.95169 0.01 1 72 0
4886 304.163 8.37935 0.01 1 58 0
4887 305.397 8.55768 0.01 1 56 0.000986159
4890 305.397 8.37935 0.01 1 58 0
4920 309.652 7.78807 0.01 1 72 0
4926 309.192 7.95907 0.01 1 72 0
4935 305.397 8.37935 0.01 1 57 0
4941 314.488 8.35975 0.01 1 82 0
4944 304.163 8.37935 0.01 1 57 0
5001 311.485 7.43384 0.01 1 82 0
5006 304.043 8.37935 0.01 1 58 0
5007 308.335 7.97521 0.01 1 72 0
5009 305.397 8.37935 0.01 1 58 0
5015 305.397 8.37935 0.01 1 58 0
5035 305.397 8.37935 0.01 1 58 0
5064 309.192 7.95907 0.01 1 72 0
5076 304.163 8.37935 0.01 1 58 0
5083 311.328 7.43384 0.01 1 82 0
5107 307.185 7.90604 0.01 1 72 0
5114 311.328 7.43384 0.01 1 82 0
5121 310.169 8.16784 0.01 1 72 0
5145 313.73 8.35975 0.01 1 83 0
5146 311.328 7.43384 0.01 1 83 0
5154 309.192 7.92699 0.01 1 72 -4.61936e-07
5165 308.926 8.13377 0.01 1 72 0
5166 305.397 8.37935 0.01 1 57 0
5169 313.73 8.28531 0.01 1 84 0
5174 305.397 8.54021 0.01 1 57 0
5180 304.163 8.37935 0.01 1 58 0
5181 305.397 8.37935 0.01 1 58 0
5193 309.192 7.95907 0.01 1 72 0
5196 311.598 8.20111 0.01 1 82 0
5197 311.328 7.43384 0.01 1 82 0
5199 305.397 8.37935 0.01 1 58 0
5204 310.399 7.81789 0.01 1 72 0
5220 307.531 8.03903 0.01 1 72 0
5223 313.73 8.35975 0.01 1 83 0
5225 305.397 8.14641 0.01 1 58 -0.000870556
5227 313.73 8.35975 0.01 1 83 0
5235 309.192 7.95907 0.01 1 72 0
5237 311.328 7.43384 0.01 1 82 0
5244 305.397 8.37935 0.01 1 57 0
5252 306.237 7.82885 0.01 1 72 0
5266 309.481 8.23525 0.01 1 72 0
5294 305.397 8.37935 0.01 1 58 0
5315 313.73 8.35975 0.01 1 83 0
5318 304.163 8.37935 0.01 1 58 0
5328 310.464 8.37078 0.01 1 72 0
5336 304.163 8.37935 0.01 1 57 0
5343 313.73 8.35975 0.01 1 82 0
5365 313.73 8.35975 0.01 1 83 0
5371 311.328 7.43384 0.01 1 82 0
5376 305.397 8.37935 0.01 1 58 0
5392 311.328 7.43384 0.01 1 82 0
5395 307.185 7.90604 0.01 1 72 0
5401 304.163 8.37935 0.01 1 57 0
5402 305.397 8.37935 0.01 1 58 0
5403 305.397 8.37935 0.01 1 58 0
5409 313.73 8.35975 0.01 1 83 0
5425 309.591 7.8464 0.01 1 72 0
5433 311.328 7.43384 0.01 1 82 0
5436 311.328 7.43384 0.01 1 82 0
5442 305.397 8.37935 0.01 1 58 0
5451 310.319 7.43384 0.01 1 82 0
5459 311.284 8.33705 0.01 1 72 0
5472 309.192 7.95907 0.01 1 72 0
5476 309.219 7.56121 0.01 1 82 0
5488 313.73 8.35975 0.01 1 82 0
5497 305.397 8.37935 0.01 1 57 0
5498 304.163 8.37935 0.01 1 58 0
5499 305.833 7.95751 0.01 1 72 0
5505 310.464 8.37078 0.01 1 72 0
5508 304.163 8.37935 0.01 1 56 0
5511 305.574 8.37935 0.01 1 58 0
5513 307.185 7.95751 0.01 1 72 0
5518 308.887 7.70725 0.01 1 72 0
5522 305.397 8.37935 0.01 1 58 0
5530 304.163 8.37935 0.01 1 57 0
5549 309.192 7.95907 0.01 1 72 0
5550 313.73 8.35975 0.01 1 83 0
5552 309.326 8.23525 0.01 1 72 0
5554 309.192 7.95907 0.01 1 72 0
5557 308.335 7.97521 0.01 1 72 0
5559 313.73 8.35975 0.01 1 83 0
5567 311.609 7.67819 0.01 1 84 0
5572 304.163 8.37935 0.01 1 58 0
5575 305.397 8.37935 0.01 1 58 0
5580 305.397 8.37935 0.01 1 58 0
5587 307.641 8.37935 0.01 1 58 -0.024607
5589 309.192 7.95907 0.01 1 72 0
5593 307.531 8.03903 0.01 1 72 0
5613 311.328 7.43384 0.01 1 82 0
5621 309.673 7.95751 0.01 1 72 0
5624 311.598 8.01743 0.01 1 82 0
5635 309.192 7.95907 0.01 1 72 0
5650 305.397 8.37935 0.01 1 58 0
5676 304.163 8.37935 0.01 1 57 0
5683 311.328 7.43384 0.01 1 82 0
5684 311.298 8.15533 0.01 1 72 0
5685 304.761 8.37935 0.01 1 58 0
5695 311.328 7.43384 0.01 1 82 0
5712 307.185 7.95751 0.01 1 72 0
5715 313.73 8.23184 0.01 1 83 0
5718 309.481 8.37402 0.01 1 72 0
5724 313.73 8.35975 0.01 1 83 0
5726 313.73 8.35975 0.01 1 83 0
5759 311.328 7.43384 0.01 1 82 0
5773 304.163 8.37935 0.01 1 58 0
5777 305.397 8.37935 0.01 1 58 0
5781 310.169 8.04233 0.01 1 72 0
5797 309.486 8.34162 0.01 1 72 0
5800 308.308 8.0864 0.01 1 72 0
5831 313.73 8.23184 0.01 1 83 0
5840 304.163 8.37935 0.01 1 58 0
5845 310.845 7.67819 0.01 1 84 0
5847 312.151 7.95169 0.01 1 72 -0.0100557
5848 313.73 8.35975 0.01 1 83 0
5852 311.328 7.43384 0.01 1 82 0
5854 310.845 7.67819 0.01 1 83 0
5865 311.598 8.20111 0.01 1 82 0
5866 309.869 8.17612 0.01 1 72 0
5898 308.785 8.17612 0.01 1 72 0
5902 309.652 7.78807 0.01 1 72 0
5907 314.488 8.35975 0.01 1 82 0
5911 310.161 7.95169 0.01 1 72 0
5921 305.397 8.37935 0.01 1 58 0
5929 304.163 8.37935 0.01 1 57 0
5936 307.697 8.03903 0.01 1 72 0
5939 311.328 7.43384 0.01 1 82 0
5945 304.163 8.37935 0.01 1 58 0
5956 310.161 7.95169 0.01 1 72 0
5960 305.737 8.07569 0.01 1 72 0
5963 310.746 7.93372 0.01 1 72 0
5966 305.397 8.24319 0.01 1 58 0
5974 307.185 7.95751 0.01 1 72 0
5976 313.73 8.35975 0.01 1 83 0
5993 311.328 7.43384 0.01 1 82 0
5998 308.904 8.20211 0.01 1 72 0
5999 307.185 7.95751 0.01 1 72 0
6016 305.397 8.14884 0.01 1 58 0
6022 310.464 8.37078 0.01 1 72 0
6033 310.746 7.93372 0.01 1 72 0
6046 311.328 7.43384 0.01 1 82 0
6053 313.73 8.35975 0.01 1 83 0
6070 305.397 8.14641 0.01 1 58 0
6094 311.328 7.43384 0.01 1 82 0
6117 313.73 8.35975 0.01 1 83 0
6120 305.397 8.37935 0.01 1 58 0
6124 311.328 7.43384 0.01 1 82 0
6139 308.785 8.17612 0.01 1 72 0
6144 309.875 8.05369 0.01 1 72 0
6148 309.192 7.95907 0.01 1 72 0
6150 310.498 7.67819 0.01 1 82 0
6153 305.397 8.37935 0.01 1 58 0
6154 310.498 7.67819 0.01 1 82 0
6158 313.73 8.35975 0.01 1 83 0
6168 313.73 8.35975 0.01 1 82 0
6171 305.397 8.37935 0.01 1 57 0
6173 311.328 7.43384 0.01 1 82 0
6185 304.163 8.37935 0.01 1 57 0
6220 305.397 8.37935 0.01 1 58 0
6224 304.163 8.37935 0.01 1 57 0
6226 304.163 8.37935 0.01 1 57 0
6227 303.74 8.37935 0.01 1 58 0
6228 304.163 8.37935 0.01 1 58 0
6238 313.73 8.35975 0.01 1 83 0
6273 311.328 7.43384 0.01 1 82 0
6274 313.73 8.35975 0.01 1 82 0
6276 307.185 7.95751 0.01 1 72 0
6282 305.397 8.37935 0.01 1 58 0
6300 304.163 8.37935 0.01 1 57 0
6301 307.185 7.95751 0.01 1 72 0
6319 304.043 8.37935 0.01 1 58 0
6330 307.697 8.03903 0.01 1 72 0
6347 309.192 8.04012 0.01 1 72 0
6367 304.163 8.37935 0.01 1 58 0
6372 310.498 7.67819 0.01 1 83 0
6397 313.73 8.35975 0.01 1 83 0
6413 305.397 8.37935 0.01 1 58 0
6418 305.397 8.37935 0.01 1 56 0
6431 313.73 8.35975 0.01 1 83 0
6437 310.17 8.36667 0.01 1 72 0
6442 305.397 8.24319 0.01 1 58 -0.000500426
6457 309.377 7.94117 0.01 1 72 0
6460 311.598 8.01743 0.01 1 83 0
6461 305.397 8.37935 0.01 1 58 0
6462 305.397 8.37935 0.01 1 58 0
6469 313.73 8.35975 0.01 1 83 0
6476 304.163 8.37935 0.01 1 58 0
6480 313.73 8.35975 0.01 1 82 0
6481 309.135 8.33019 0.01 1 72 0
6485 310.169 8.056 0.01 1 72 0
6489 309.135 8.33019 0.01 1 72 0
6495 312.516 8.35975 0.01 1 82 0
6502 305.397 8.37935 0.01 1 58 0
6508 305.397 8.37935 0.01 1 58 0
6510 304.163 8.37935 0.01 1 57 0
6511 313.73 8.35975 0.01 1 83 0
6534 309.486 8.34162 0.01 1 72 0
6535 304.163 8.37935 0.01 1 58 0
6540 304.163 8.37935 0.01 1 58 0
6543 305.397 8.41476 0.01 1 58 0
6554 308.508 7.82963 0.01 1 72 0
6560 304.163 8.37935 0.01 1 57 0
6581 307.697 8.03903 0.01 1 72 0
6583 309.559 7.95907 0.01 1 72 -0.000430882
6584 310.42 8.04233 0.01 1 72 0
6587 304.163 8.37935 0.01 1 57 0
6589 305.574 8.37935 0.01 1 57 0
6591 313.73 8.35975 0.01 1 83 0
6691 306.539 7.69557 0.01 1 72 0
6698 305.397 8.37935 0.01 1 57 0
6703 305.574 8.37935 0.01 1 58 0
6715 308.45 7.87124 0.01 1 72 0
6724 305.397 8.37935 0.01 1 58 0
6725 310.746 7.93372 0.01 1 72 0
6726 305.397 8.37935 0.01 1 57 0
6732 305.397 8.37935 0.01 1 58 0
6733 310.566 7.43384 0.01 1 82 0
6736 304.163 8.37935 0.01 1 58 0
6745 310.169 8.04233 0.01 1 72 0
6748 304.163 8.37935 0.01 1 58 0
6763 309.052 7.84645 0.01 1 72 0
6765 304.043 8.37935 0.01 1 58 0
6769 313.73 8.35975 0.01 1 84 0
6794 310.845 7.67819 0.01 1 84 0
6797 313.73 8.35975 0.01 1 83 0
6798 306.237 7.82885 0.01 1 72 0
6812 304.163 8.37935 0.01 1 58 0
6821 311.345 7.43384 0.01 1 82 0
6833 305.397 8.14884 0.01 1 58 0
6838 305.397 8.37935 0.01 1 56 0
6847 308.904 8.20211 0.01 1 72 0
6864 304.761 8.37935 0.01 1 58 0
6872 304.163 8.37935 0.01 1 58 0
6877 309.615 8.44218 0.01 1 72 0
6898 305.397 8.24319 0.01 1 58 0
6925 308.906 7.8464 0.01 1 72 0
6929 305.397 8.24319 0.01 1 58 0
6960 307.588 8.01562 0.01 1 72 0
6965 308.308 8.0864 0.01 1 72 0
6974 313.73 8.35975 0.01 1 83 0
6976 305.397 8.50461 0.01 1 58 0
6991 310.169 8.056 0.01 1 72 0
7000 305.574 8.37935 0.01 1 58 0
7005 305.397 8.37935 0.01 1 58 0
7007 313.73 8.35975 0.01 1 83 0
7016 305.574 8.37935 0.01 1 57 0
7017 310.833 8.17612 0.01 1 72 -0.00381327
7024 304.163 8.37935 0.01 1 57 0
7025 305.397 8.37935 0.01 1 58 0
7034 308.53 7.83046 0.01 1 72 0
7036 311.598 8.01743 0.01 1 83 0
7037 305.397 8.37935 0.01 1 58 0
7063 309.591 7.69271 0.01 1 72 0
7089 311.598 8.11259 0.01 1 82 0
7102 305.397 8.37935 0.01 1 58 0
7103 308.671 8.25743 0.01 1 72 0
7110 308.785 8.17612 0.01 1 72 0
7123 305.397 8.37935 0.01 1 58 0
7124 305.397 8.37935 0.01 1 58 0
7130 304.163 8.37935 0.01 1 58 0
7131 311.328 7.43384 0.01 1 82 0
7161 304.043 8.37935 0.01 1 58 0
7162 307.185 7.90604 0.01 1 72 0
7164 307.31 7.99282 0.01 1 72 -4.5985e-05
7172 304.163 8.37935 0.01 1 57 0
7175 304.761 8.37935 0.01 1 58 0
7181 313.73 8.35975 0.01 1 83 0
7195 313.73 8.35975 0.01 1 83 0
7212 305.397 8.37935 0.01 1 58 0
7213 308.282 8.2026 0.01 1 58 0
7221 311.328 7.43384 0.01 1 82 0
7230 305.397 8.37935 0.01 1 57 0
7237 311.598 8.01743 0.01 1 82 0
7252 310.17 8.36667 0.01 1 72 0
7254 305.397 8.37935 0.01 1 58 0
7259 307.697 8.2026 0.01 1 72 0
7270 309.647 8.21818 0.01 1 72 0
7278 308.921 8.056 0.01 1 72 0
7287 308.45 7.87124 0.01 1 72 0
7292 309.623 8.56529 0.01 1 72 0
7297 313.73 8.35975 0.01 1 83 0
7298 313.73 8.35975 0.01 1 83 0
7348 313.73 8.35975 0.01 1 83 0
7349 305.397 8.37935 0.01 1 58 0
7369 309.192 7.95907 0.01 1 72 0
7370 311.328 7.43384 0.01 1 82 0
7375 310.845 7.67819 0.01 1 83 0
7378 304.163 8.37935 0.01 1 58 0
7398 305.397 8.37935 0.01 1 58 0
7406 309.481 8.37402 0.01 1 72 0
7407 305.397 8.37935 0.01 1 58 0
7442 305.397 8.32078 0.01 1 58 -0.000212416
7446 309.192 7.95907 0.01 1 72 0
7451 305.397 8.54021 0.01 1 57 0
7453 311.328 7.43384 0.01 1 82 0
7456 311.197 8.01743 0.01 1 82 0
7491 308.335 7.97521 0.01 1 72 0
7492 305.397 8.37935 0.01 1 58 0
7499 307.185 7.8912 0.01 1 72 0
7512 311.328 7.43384 0.01 1 83 0
7527 308.565 8.25062 0.01 1 72 0
7533 311.609 7.67819 0.01 1 84 0
7535 311.328 7.43384 0.01 1 83 0
7554 310.161 7.95169 0.01 1 72 0
7556 311.328 7.43384 0.01 1 82 0
7590 304.163 8.37935 0.01 1 58 0
7594 311.328 7.43384 0.01 1 82 0
7598 305.397 8.37935 0.01 1 58 0
7609 308.335 7.97521 0.01 1 72 0
7613 308.904 8.20211 0.01 1 72 0
7619 304.163 8.37935 0.01 1 58 0
7622 309.124 7.97069 0.01 1 72 0
7624 304.78 8.37935 0.01 1 58 -0.00412741
7627 311.609 7.67819 0.01 1 84 0
7656 304.163 8.32416 0.01 1 58 -8.5175e-05
7660 308.53 7.83046 0.01 1 72 0
7668 310.169 8.056 0.01 1 72 0
7673 305.397 8.37935 0.01 1 58 0
7694 310.17 8.39141 0.01 1 72 0
7706 310.049 7.67819 0.01 1 84 0
7727 311.598 8.06245 0.01 1 82 0
7744 305.397 8.37935 0.01 1 58 0
7753 305.397 8.37935 0.01 1 56 0
7757 309.135 8.33019 0.01 1 72 0
7761 308.188 7.95066 0.01 1 72 0
7762 304.163 8.37935 0.01 1 57 0
7769 308.53 7.83046 0.01 1 72 0
7775 311.598 8.20111 0.01 1 82 0
7787 307.185 8.07569 0.01 1 72 0
7792 305.397 8.37935 0.01 1 58 0
7797 305.397 8.37935 0.01 1 57 0
7802 309.481 8.23525 0.01 1 72 0
7822 305.397 8.37935 0.01 1 58 0
7828 305.397 8.37935 0.01 1 58 0
7852 311.328 7.43384 0.01 1 83 0
7859 304.612 8.37935 0.01 1 58 0.00625594
7871 305.397 8.35712 0.01 1 58 0
7874 311.328 7.43384 0.01 1 83 0
7875 311.328 7.43384 0.01 1 82 0
7884 308.335 7.84205 0.01 1 72 0
7893 305.397 8.50461 0.01 1 58 0.000440419
7901 305.397 8.37935 0.01 1 58 0
7915 304.761 8.37935 0.01 1 58 0
7918 311.328 7.43384 0.01 1 83 0
7922 305.397 8.37935 0.01 1 58 0
7935 310.169 8.056 0.01 1 72 0
7944 311.328 7.30915 0.01 1 82 0
7946 309.192 7.95907 0.01 1 72 0
7952 305.397 8.24319 0.01 1 58 0
7969 309.623 8.40949 0.01 1 72 0
7972 307.185 8.07569 0.01 1 72 0
7980 309.481 8.23525 0.01 1 72 0
7982 308.335 7.98459 0.01 1 72 1.60933e-06
7992 304.163 8.37935 0.01 1 58 0
7993 305.397 8.37935 0.01 1 58 0
7994 309.481 8.30949 0.01 1 72 6.02007e-06
7996 310.746 7.93372 0.01 1 72 0
8006 308.45 7.87124 0.01 1 72 0
8010 305.397 8.37935 0.01 1 58 0
8012 304.163 8.37935 0.01 1 57 0
8024 304.163 8.37935 0.01 1 58 0
8066 305.397 8.3476 0.01 1 58 0
8068 308.235 7.95751 0.01 1 72 0
8075 311.639 8.056 0.01 1 72 0
8076 305.397 8.37935 0.01 1 58 0
8080 311.328 7.43384 0.01 1 82 0
8084 307.861 8.20507 0.01 1 72 0
8085 313.73 8.35975 0.01 1 83 0
8088 305.397 8.14884 0.01 1 58 0
8099 311.328 7.43384 0.01 1 82 0
8101 308.53 7.86719 0.01 1 72 0
8104 304.163 8.37935 0.01 1 58 0
8107 304.163 8.37935 0.01 1 58 0
8121 304.163 8.37935 0.01 1 57 0
8128 313.73 8.35975 0.01 1 83 0
8142 310.399 7.90447 0.01 1 72 0
8145 310.169 8.056 0.01 1 72 0
8149 304.163 8.37935 0.01 1 57 0
8152 305.397 8.37935 0.01 1 58 0
8156 305.397 8.37935 0.01 1 56 0
8162 306.741 8.37935 0.01 1 57 -0.0149324
8173 309.484 7.98442 0.01 1 72 0
8177 308.587 7.95751 0.01 1 72 0
8178 307.697 8.03903 0.01 1 72 0
8182 305.397 8.37935 0.01 1 57 0
8185 305.397 8.37935 0.01 1 58 0
8190 313.73 8.35975 0.01 1 83 0
8194 311.328 7.43384 0.01 1 82 0
8215 305.574 8.37935 0.01 1 58 0
8223 305.397 8.37935 0.01 1 58 0
8224 311.328 7.43384 0.01 1 82 0
8235 310.169 8.16784 0.01 1 72 0
8247 311.328 7.43384 0.01 1 82 0
8273 308.335 7.97521 0.01 1 72 0
8276 313.73 8.35975 0.01 1 83 0
8288 307.894 7.83843 0.01 1 72 0
8297 311.328 7.43384 0.01 1 82 0
8303 304.163 8.37935 0.01 1 57 0
8314 305.397 8.37935 0.01 1 58 0
8315 311.598 8.01743 0.01 1 82 0
8327 305.574 8.37935 0.01 1 58 0
8334 313.73 8.35975 0.01 1 83 0
8337 309.052 7.84645 0.01 1 72 0
8339 307.894 7.90613 0.01 1 72 3.34233e-05
8351 311.328 7.43384 0.01 1 82 0
8355 305.397 8.37935 0.01 1 58 0
8359 305.397 8.37935 0.01 1 58 0
8375 313.73 8.35975 0.01 1 83 0
8376 313.73 8.35975 0.01 1 83 0
8378 305.397 8.37935 0.01 1 58 0
8384 308.625 8.37418 0.01 1 72 0
8385 308.335 7.97521 0.01 1 72 0
8389 311.598 8.01743 0.01 1 83 0
8390 313.73 8.35975 0.01 1 83 0
8409 308.887 7.70725 0.01 1 72 0
8417 304.163 8.37935 0.01 1 57 0
8428 313.73 8.28531 0.01 1 84 0
8429 305.397 8.24319 0.01 1 58 0
8435 305.397 8.37935 0.01 1 58 0
8438 307.185 7.95751 0.01 1 72 0
8462 310.319 7.43384 0.01 1 82 0
8471 305.397 8.37935 0.01 1 58 0
8472 310.464 8.37078 0.01 1 72 0
8484 304.163 8.37935 0.01 1 58 0
8516 313.73 8.35975 0.01 1 83 0
8517 308.235 7.95751 0.01 1 72 0
8519 305.397 8.37935 0.01 1 57 0
8527 305.397 8.14641 0.01 1 58 0
8534 308.53 7.83046 0.01 1 72 0
8536 311.345 7.43384 0.01 1 82 0.000149965
8549 310.845 7.67819 0.01 1 84 0
8552 307.185 7.95751 0.01 1 72 0
8554 307.917 7.43384 0.01 1 72 0
8567 313.73 8.35975 0.01 1 82 0
8579 309.652 7.63614 0.01 1 72 0
8581 313.73 8.35975 0.01 1 83 0
8586 308.921 8.056 0.01 1 72 0
8612 313.73 8.35975 0.01 1 83 0
8616 310.319 7.43384 0.01 1 82 0
8639 313.73 8.51532 0.01 1 83 3.03537e-05
8649 311.328 7.43384 0.01 1 82 0
8665 305.574 8.37935 0.01 1 58 0
8689 311.328 7.43384 0.01 1 83 0
8698 313.73 8.35975 0.01 1 84 0
8706 308.207 8.17612 0.01 1 72 0
8727 305.397 8.37935 0.01 1 57 0
8732 305.397 8.37935 0.01 1 58 0
8733 313.73 8.27118 0.01 1 83 0
8734 311.328 7.43384 0.01 1 82 0
8738 310.845 7.67819 0.01 1 83 0
8741 311.328 7.43384 0.01 1 82 0
8743 311.328 7.43384 0.01 1 83 0
8766 311.328 7.43384 0.01 1 82 0
8788 305.397 8.37935 0.01 1 58 0
8793 312.536 8.35975 0.01 1 83 0
8807 311.685 7.94117 0.01 1 72 0
8835 310.169 8.056 0.01 1 72 0
8842 309.326 8.23525 0.01 1 72 0
8846 313.73 8.35975 0.01 1 84 0
8853 308.196 7.87124 0.01 1 72 0
8854 305.397 8.37935 0.01 1 58 0
8876 310.169 8.056 0.01 1 72 0
8883 309.869 8.17612 0.01 1 72 0
8887 307.895 7.84645 0.01 1 72 -0.00195687
8892 309.192 7.95907 0.01 1 72 0
8893 311.298 8.15533 0.01 1 72 0
8918 311.328 7.43384 0.01 1 82 0
8922 305.397 8.37935 0.01 1 58 0
8928 306.237 7.82885 0.01 1 72 0
8930 308.335 7.97521 0.01 1 72 0
8934 304.323 8.37935 0.01 1 58 0.00818808
8969 311.328 7.43384 0.01 1 82 0
8987 307.185 7.95751 0.01 1 72 0
8994 305.397 8.41476 0.01 1 58 0
8995 306.237 7.82885 0.01 1 72 0
8996 304.163 8.37935 0.01 1 58 0
9002 307.185 8.07569 0.01 1 72 0
9013 313.73 8.35975 0.01 1 83 0
9014 307.697 8.2026 0.01 1 72 0
9024 309.625 7.43384 0.01 1 72 0
9033 305.397 8.37935 0.01 1 58 0
9044 313.73 8.35975 0.01 1 83 0
9069 313.73 8.27118 0.01 1 83 0
9071 313.73 8.35975 0.01 1 84 0
9072 312.345 7.43384 0.01 1 82 0.00756849
9086 309.652 7.78807 0.01 1 72 0
9101 311.328 7.43384 0.01 1 83 0
9109 310.845 7.67819 0.01 1 83 0
9114 311.328 7.43384 0.01 1 82 0
9136 313.73 8.35975 0.01 1 83 0
9151 308.335 7.97521 0.01 1 72 0
9155 311.328 7.43384 0.01 1 82 0
9158 309.192 7.95907 0.01 1 72 0
9161 311.598 8.01743 0.01 1 82 0
9179 313.73 8.35975 0.01 1 83 0
9193 311.639 8.056 0.01 1 72 0
9208 304.163 8.37935 0.01 1 57 0
9209 310.399 7.81789 0.01 1 72 0
9212 308.335 7.84205 0.01 1 72 0
9215 310.169 8.056 0.01 1 72 0
9219 313.73 8.35975 0.01 1 84 0
9232 305.397 8.41476 0.01 1 58 0
9256 308.207 8.17612 0.01 1 72 -0.000863343
9258 304.78 8.37935 0.01 1 58 0
9280 304.163 8.37935 0.01 1 57 0
9290 309.615 8.44218 0.01 1 72 0
9298 304.163 8.37935 0.01 1 57 0
9300 310.464 8.37078 0.01 1 72 0
9303 310.21 8.09828 0.01 1 72 0
9305 313.73 8.35975 0.01 1 83 0
9314 305.397 8.14641 0.01 1 58 0
9317 307.185 7.95751 0.01 1 72 0
9321 311.328 7.43384 0.01 1 83 0
9327 305.397 8.60585 0.01 1 58 0.00078316
9329 309.591 7.8464 0.01 1 72 0
9330 308.235 7.95751 0.01 1 72 0
9331 309.869 8.17612 0.01 1 72 0
9345 313.73 8.35975 0.01 1 83 0
9346 305.988 8.37935 0.01 1 56 -0.00670715
9370 311.609 7.67819 0.01 1 84 0
9385 313.73 8.35975 0.01 1 83 0
9401 307.185 7.95751 0.01 1 72 0
9403 305.397 8.37935 0.01 1 57 0
9405 305.397 8.24319 0.01 1 58 0
9410 309.481 8.23525 0.01 1 72 0
9413 304.043 8.37935 0.01 1 58 0
9415 311.209 7.43384 0.01 1 82 0
9425 305.397 8.37935 0.01 1 58 0
9429 313.73 8.28531 0.01 1 83 0
9436 311.328 7.43384 0.01 1 83 0
9441 305.737 8.07569 0.01 1 72 0
9447 305.397 8.37935 0.01 1 58 0
9454 313.73 8.35975 0.01 1 83 0
9457 311.328 7.43384 0.01 1 83 0
9467 312.151 7.95169 0.01 1 72 0
9469 311.328 7.43384 0.01 1 82 0
9475 305.397 8.24319 0.01 1 58 0
9476 308.926 8.13377 0.01 1 72 0
9485 309.192 8.14919 0.01 1 72 0
9487 311.328 7.43384 0.01 1 82 0
9491 310.169 8.056 0.01 1 72 0
9492 311.328 7.43384 0.01 1 82 0
9504 305.397 8.37935 0.01 1 58 0
9518 313.73 8.35975 0.01 1 83 0
9526 310.169 8.14026 0.01 1 72 0
9536 313.73 8.41007 0.01 1 83 0
9537 304.163 8.37935 0.01 1 58 0
9542 307.115 7.9769 0.01 1 72 -0.000365332
9543 311.609 7.67819 0.01 1 84 0
9547 311.328 7.43384 0.01 1 82 0
9560 310.845 7.67819 0.01 1 84 0
9563 307.185 7.95751 0.01 1 72 0
9585 311.328 7.43384 0.01 1 82 0
9595 311.328 7.43384 0.01 1 82 0
9612 305.574 8.37935 0.01 1 57 0
9618 305.397 8.37935 0.01 1 58 0
9625 310.169 8.056 0.01 1 72 0
9628 305.397 8.37935 0.01 1 58 0
9629 304.163 8.37935 0.01 1 58 0
9641 305.397 8.37935 0.01 1 57 0
9644 309.486 8.34162 0.01 1 72 0
9649 312.536 8.35975 0.01 1 83 0
9664 311.51 7.67819 0.01 1 84 0.00756609
9665 305.464 8.37935 0.01 1 57 0
9674 304.163 8.16763 0.01 1 58 0
9676 304.163 8.37935 0.01 1 58 0
9679 308.887 7.70725 0.01 1 72 0
9683 311.328 7.43384 0.01 1 82 0
9691 310.169 8.056 0.01 1 72 0
9696 304.163 8.37935 0.01 1 58 0
9713 308.45 7.87124 0.01 1 72 0
9717 311.328 7.43384 0.01 1 82 0
9725 305.397 8.24319 0.01 1 58 0
9727 308.235 7.95751 0.01 1 72 0
9729 305.397 8.37935 0.01 1 57 0
9730 309.481 8.37402 0.01 1 72 0
9733 313.73 8.35975 0.01 1 83 0
9741 313.73 8.35975 0.01 1 83 0
9751 309.192 7.95907 0.01 1 72 0
9758 307.283 8.05494 0.01 1 72 0
9759 305.397 8.37935 0.01 1 58 0
9761 305.397 8.37935 0.01 1 58 0
9770 309.326 8.23525 0.01 1 72 0
9773 304.163 8.37935 0.01 1 58 0
9782 305.397 8.37935 0.01 1 58 0
9786 313.73 8.35975 0.01 1 82 0
9787 304.163 8.37935 0.01 1 58 0
9802 308.308 8.0864 0.01 1 72 0
9806 313.73 8.35975 0.01 1 83 0
9809 305.397 8.37935 0.01 1 58 0
9818 305.397 8.37935 0.01 1 58 0
9826 310.845 7.67819 0.01 1 82 0
9844 304.163 8.37935 0.01 1 58 0
9847 304.163 8.37935 0.01 1 57 0
9848 305.397 8.37935 0.01 1 58 0
9857 310.845 7.67819 0.01 1 83 0
9859 305.397 8.37935 0.01 1 58 0
9868 307.81 8.17197 0.01 1 72 0
9871 309.481 8.23525 0.01 1 72 0
9888 305.397 8.37935 0.01 1 58 0
9891 309.192 7.95907 0.01 1 72 0
9893 305.397 8.37935 0.01 1 58 0
9901 307.283 8.05494 0.01 1 72 0
9913 305.397 8.37935 0.01 1 58 0
9923 306.749 8.37935 0.01 1 57 0
9925 310.746 7.93372 0.01 1 72 0
9938 311.328 7.43384 0.01 1 82 0
9942 311.328 7.43384 0.01 1 82 0
9980 311.328 7.43384 0.01 1 82 0
10004 307.917 7.43384 0.01 1 72 0
10006 310.414 7.43384 0.01 1 82 0
10008 310.169 8.056 0.01 1 72 0
10011 311.328 7.43384 0.01 1 82 0
10018 304.163 8.37935 0.01 1 58 0
10030 313.73 8.35975 0.01 1 84 0
10041 311.328 7.43384 0.01 1 83 0
10051 304.163 8.37935 0.01 1 58 0
10053 304.163 8.37935 0.01 1 57 0
10056 311.328 7.43384 0.01 1 82 0
10058 311.328 7.43384 0.01 1 82 0
10060 308.335 7.98459 0.01 1 72 0
10066 310.17 8.36667 0.01 1 72 0
10073 307.917 7.43384 0.01 1 72 0
10082 305.397 8.37935 0.01 1 58 0
10084 310.845 7.67819 0.01 1 82 0
10087 305.397 8.37935 0.01 1 57 0
10089 308.196 7.87124 0.01 1 72 0
10099 305.397 8.37935 0.01 1 58 0
10100 311.94 7.43384 0.01 1 82 0
10112 311.328 7.43384 0.01 1 83 0
10121 305.397 8.37935 0.01 1 58 0
10131 308.565 8.25062 0.01 1 72 0
10140 308.599 7.71952 0.01 1 72 0
10161 311.328 7.43384 0.01 1 82 0
10163 308.829 7.95751 0.01 1 72 0.000222057
10165 304.163 8.37935 0.01 1 58 0
10176 308.188 7.95066 0.01 1 72 0
10185 304.043 8.37935 0.01 1 58 0
10186 311.328 7.43384 0.01 1 82 0
10187 305.397 8.37935 0.01 1 58 0
10202 313.73 8.35975 0.01 1 84 0
10206 304.163 8.37935 0.01 1 58 0
10208 305.397 8.37935 0.01 1 58 0
10227 304.163 8.37935 0.01 1 57 0
10230 305.464 8.37935 0.01 1 57 -0.000659287
10233 304.163 8.37935 0.01 1 57 0
10239 304.163 8.37935 0.01 1 57 0
10240 304.163 8.37935 0.01 1 57 0
10242 304.163 8.37935 0.01 1 58 0
10243 310.169 8.14026 0.01 1 72 0
10267 304.163 8.37935 0.01 1 57 0
10281 305.397 8.37935 0.01 1 57 0
10286 308.188 7.95066 0.01 1 72 0
10289 313.73 8.35975 0.01 1 83 0
10295 310.161 7.95169 0.01 1 72 0
10301 305.397 8.37935 0.01 1 58 0
10302 305.498 8.37935 0.01 1 58 -0.000901237
10303 310.169 8.24083 0.01 1 72 0
10313 305.397 8.37935 0.01 1 58 0
10325 310.464 8.37078 0.01 1 72 0
10326 305.397 8.37935 0.01 1 58 0
10328 305.397 8.37935 0.01 1 58 0
10337 305.397 8.37935 0.01 1 58 0
10342 310.169 8.16784 0.01 1 72 0
10346 304.163 8.37935 0.01 1 58 0
10351 305.397 8.54021 0.01 1 57 0
10353 305.397 8.37935 0.01 1 57 0
10376 305.833 7.95751 0.01 1 72 0
