max_pf 96 min_pf 40
individual T0 sigma disp_rate r0 patch_no mut_eff
13 314.747 8.42201 0.01 1 94 0
22 314.747 8.35789 0.01 1 94 -6.41346e-05
40 310.319 8.29524 0.01 1 72 0
71 311.569 7.6309 0.01 1 72 0
136 303.766 8.13138 0.01 1 42 0
164 314.395 8.52711 0.01 1 95 0
190 303.766 8.13138 0.01 1 42 0
213 302.789 8.14051 0.01 1 42 0
214 304.123 8.13138 0.01 1 42 -0.00504824
215 301.251 8.08949 0.01 1 42 0
247 314.747 8.36622 0.01 1 95 0
274 309.144 8.04426 0.01 1 72 0
299 306.32 7.98348 0.01 1 72 0
315 302.287 8.13138 0.01 1 41 0
317 302.287 8.13138 0.01 1 42 0
318 302.789 8.14051 0.01 1 42 0
322 303.766 8.13138 0.01 1 42 0
334 308.421 7.8139 0.01 1 72 0
339 303.766 8.13138 0.01 1 42 0
354 302.287 8.13138 0.01 1 40 0
359 314.747 8.36622 0.01 1 94 0
371 303.766 8.13138 0.01 1 42 0
382 314.747 8.36622 0.01 1 96 0
385 306.641 7.49859 0.01 1 72 0
387 314.747 8.36622 0.01 1 95 0
416 302.789 8.14051 0.01 1 40 0
434 303.766 8.13138 0.01 1 42 0
446 303.766 8.13138 0.01 1 42 0
463 307.352 8.05642 0.01 1 72 0
472 303.265 8.14051 0.01 1 42 0
505 303.766 8.13138 0.01 1 42 0
509 307.782 7.94655 0.01 1 72 0
540 310.376 8.29524 0.01 1 72 0
542 303.766 8.13138 0.01 1 42 0
577 303.766 8.13138 0.01 1 42 0
602 310.138 7.96501 0.01 1 72 0
642 315.337 8.37052 0.01 1 94 0
661 314.747 8.40843 0.01 1 95 0
672 314.933 8.52147 0.01 1 94 0
676 308.756 7.89607 0.01 1 72 0
680 302.789 8.14051 0.01 1 42 0
737 309.513 7.66332 0.01 1 72 0
750 303.766 8.13138 0.01 1 42 0
758 314.747 8.36622 0.01 1 95 0
766 305.934 7.92328 0.01 1 72 0
767 311.509 8.00338 0.01 1 72 0
768 303.766 8.13138 0.01 1 41 0
775 301.251 8.16109 0.01 1 42 0
784 303.766 8.13138 0.01 1 42 0
815 308.624 8.4709 0.01 1 72 0
826 309.144 8.04426 0.01 1 72 0
853 314.747 8.36622 0.01 1 94 0
868 314.747 8.36622 0.01 1 95 0
875 302.838 8.09915 0.01 1 42 -0.000517346
886 301.251 8.17546 0.01 1 42 0
889 314.747 8.36622 0.01 1 94 0
941 303.766 8.13138 0.01 1 42 0
970 303.766 8.13572 0.01 1 42 0
1021 303.766 8.13138 0.01 1 42 0
1024 302.789 8.14051 0.01 1 41 0
1063 314.747 8.2888 0.01 1 94 0
1072 314.747 8.36622 0.01 1 94 0
1077 314.884 8.42111 0.01 1 94 0
1091 307.661 8.0644 0.01 1 72 0
1105 303.766 8.25255 0.01 1 42 0
1109 314.747 8.36622 0.01 1 95 0
1125 313.935 8.52711 0.01 1 94 0
1148 302.967 8.13138 0.01 1 42 0
1162 303.471 8.13138 0.01 1 42 0.00423321
1203 302.789 8.14051 0.01 1 42 0
1209 304.643 8.13138 0.01 1 42 0
1272 310.316 8.40699 0.01 1 72 0
1291 309.144 8.01961 0.01 1 72 -1.93715e-07
1292 314.747 8.36622 0.01 1 95 0
1322 303.766 8.13138 0.01 1 41 0
1339 303.766 8.13138 0.01 1 42 0
1343 308.8 7.89607 0.01 1 72 0
1353 315.353 8.36622 0.01 1 94 0
1387 302.789 8.14051 0.01 1 42 0
1460 309.486 7.86619 0.01 1 72 0
1481 314.747 8.48867 0.01 1 94 0
1487 302.789 8.14051 0.01 1 40 0
1492 308.352 8.00475 0.01 1 72 0
1510 310.138 7.93126 0.01 1 72 -1.71363e-05
1524 303.766 8.13138 0.01 1 41 0
1527 309.144 8.04426 0.01 1 72 0
1568 305.484 7.88171 0.01 1 72 0
1570 311.497 7.97566 0.01 1 72 0
1616 301.251 8.17546 0.01 1 41 0
1623 309.39 8.42774 0.01 1 72 0
1628 301.124 8.17546 0.01 1 42 0
1634 307.782 7.94655 0.01 1 72 0
1644 302.789 8.14051 0.01 1 42 0
1663 301.251 8.20279 0.01 1 42 0
1668 303.766 8.13138 0.01 1 42 0
1677 302.967 8.13138 0.01 1 41 0
1704 302.789 8.29149 0.01 1 42 0
1741 314.662 8.36622 0.01 1 95 0
1742 314.747 8.36622 0.01 1 96 0
1743 309.39 8.44434 0.01 1 72 0
1745 302.287 8.13138 0.01 1 41 0
1799 301.251 8.20279 0.01 1 42 0
1807 307.806 7.8856 0.01 1 72 0
1841 309.39 8.42774 0.01 1 72 0
1859 303.766 8.13138 0.01 1 42 0
1873 303.766 8.13138 0.01 1 41 0
1886 303.689 8.13138 0.01 1 42 0
1891 308.624 8.4709 0.01 1 72 0
1893 304.367 7.94756 0.01 1 42 0
1934 309.39 8.36046 0.01 1 72 0
1945 301.251 8.17546 0.01 1 41 0
1985 310.585 8.29524 0.01 1 72 -0.00109774
2017 307.806 7.94655 0.01 1 72 0
2025 314.747 8.40843 0.01 1 95 0
2045 307.782 7.94655 0.01 1 72 0
2054 314.747 8.38629 0.01 1 94 0
2063 303.766 8.13138 0.01 1 41 0
2085 303.766 8.13138 0.01 1 41 0
2114 310.376 8.29524 0.01 1 72 0
2130 303.766 8.13138 0.01 1 42 0
2143 307.209 8.05642 0.01 1 72 0
2165 303.766 8.13138 0.01 1 42 0
2170 306.32 7.98348 0.01 1 72 0
2218 307.106 7.92328 0.01 1 72 0
2220 314.747 8.47008 0.01 1 94 0
2231 310.034 8.09603 0.01 1 72 0
2244 314.747 8.36622 0.01 1 96 0
2245 314.933 8.52147 0.01 1 94 0
2249 314.539 8.36622 0.01 1 94 0
2271 314.662 8.36622 0.01 1 94 0
2286 301.251 8.20279 0.01 1 42 0
2288 301.251 8.17546 0.01 1 42 0
2315 309.204 7.8139 0.01 1 72 0.000477463
2323 303.766 8.13572 0.01 1 42 0
2355 307.782 7.94655 0.01 1 72 0
2387 314.747 8.36622 0.01 1 95 0
2402 307.661 7.96528 0.01 1 72 0
2419 301.251 8.17546 0.01 1 42 0
2434 309.39 8.4709 0.01 1 72 0
2452 305.934 7.92328 0.01 1 72 0
2458 314.747 8.36622 0.01 1 95 0
2488 303.766 8.13138 0.01 1 42 0
2502 308.756 7.89607 0.01 1 72 0
2526 303.766 8.13138 0.01 1 42 0
2528 301.124 8.17546 0.01 1 42 0
2551 309.638 8.42816 0.01 1 72 0
2566 303.766 8.13138 0.01 1 40 0
2568 314.747 8.42201 0.01 1 95 0
2569 301.251 8.17546 0.01 1 42 0
2580 303.766 8.13138 0.01 1 42 0
2587 306.612 8.05932 0.01 1 72 0
2588 314.747 8.36622 0.01 1 95 0
2594 303.766 8.13138 0.01 1 41 0
2597 309.513 7.66332 0.01 1 72 0
2606 303.766 8.13138 0.01 1 41 0
2638 303.766 8.13138 0.01 1 41 0
2643 303.766 8.13138 0.01 1 42 0
2667 303.766 8.13138 0.01 1 41 0
2678 306.612 8.05932 0.01 1 72 0
2684 302.789 8.14051 0.01 1 40 0
2688 303.766 8.13138 0.01 1 41 0
2699 303.766 8.13138 0.01 1 41 0
2711 302.287 8.13138 0.01 1 42 0
2763 314.747 8.36622 0.01 1 94 0
2792 314.747 8.36622 0.01 1 95 0
2806 303.766 8.13138 0.01 1 41 0
2811 310.069 7.97835 0.01 1 72 -0.00316955
2845 314.747 8.42111 0.01 1 95 0
2871 301.251 8.17546 0.01 1 42 0
2908 303.766 8.26521 0.01 1 40 0.00236186
2915 314.747 8.36622 0.01 1 94 0
2946 303.766 8.13138 0.01 1 41 0
2952 307.209 8.05642 0.01 1 72 0
2975 310.316 8.40699 0.01 1 72 0
2993 309.432 7.74339 0.01 1 72 0
3002 302.287 8.13138 0.01 1 41 0
3013 311.569 7.6309 0.01 1 72 0
3018 302.789 8.14051 0.01 1 41 0
3022 303.766 7.99253 0.01 1 42 0
3025 314.747 8.36622 0.01 1 96 0
3030 302.789 8.24452 0.01 1 42 0.00163327
3059 303.766 8.13138 0.01 1 42 0
3078 303.766 8.13138 0.01 1 42 0
3094 314.747 8.42201 0.01 1 95 0
3127 311.569 7.58882 0.01 1 72 0
3143 302.287 8.13138 0.01 1 42 0
3145 303.774 8.13138 0.01 1 42 0
3153 307.806 7.94655 0.01 1 72 0
3169 308.446 7.64825 0.01 1 72 0
3188 303.766 8.13138 0.01 1 42 0
3197 314.747 8.36622 0.01 1 95 0
3217 302.287 8.13138 0.01 1 41 0
3229 303.766 8.06281 0.01 1 41 0
3236 314.747 8.30026 0.01 1 95 0
3250 306.115 8.05642 0.01 1 72 0
3281 303.766 8.13138 0.01 1 42 0
3288 303.766 7.99253 0.01 1 42 0
3319 314.747 8.36622 0.01 1 94 0
3330 301.251 8.08949 0.01 1 42 0
3356 306.612 8.05932 0.01 1 72 0
3376 309.975 7.98059 0.01 1 72 0
3408 314.747 8.36622 0.01 1 95 0
3414 303.766 8.13138 0.01 1 42 0
3418 314.747 8.36622 0.01 1 94 0
3426 307.436 7.94841 0.01 1 72 0
3429 302.789 8.14051 0.01 1 42 0
3430 314.747 8.42201 0.01 1 95 0
3551 302.789 8.14051 0.01 1 42 0
3555 303.766 8.13138 0.01 1 42 0
3568 303.766 8.13138 0.01 1 42 0
3576 302.287 8.13138 0.01 1 42 0
3586 301.348 8.14051 0.01 1 42 0
3624 310.319 8.29524 0.01 1 72 0
3630 307.307 7.98484 0.01 1 72 0
3637 303.766 8.13138 0.01 1 42 0
3639 301.251 8.14051 0.01 1 42 0
3656 302.789 8.14051 0.01 1 41 0
3663 314.747 8.36622 0.01 1 95 0
3697 314.747 8.36622 0.01 1 94 0
3704 302.789 8.14051 0.01 1 41 0
3728 315.052 8.36622 0.01 1 95 0
3732 303.766 8.13138 0.01 1 41 0
3736 303.766 8.13138 0.01 1 42 0
3764 303.766 8.13138 0.01 1 42 0
3797 308.8 7.89607 0.01 1 72 0
3806 314.747 8.36622 0.01 1 96 0
3807 309.144 8.04426 0.01 1 72 0
3823 314.662 8.36622 0.01 1 94 0
3846 302.789 8.22628 0.01 1 42 0
3878 314.395 8.52711 0.01 1 94 0
3922 303.766 8.13138 0.01 1 42 0
3933 314.747 8.36622 0.01 1 96 0
3946 303.766 8.13138 0.01 1 42 0
3969 303.766 8.13138 0.01 1 42 0
3996 303.766 8.13138 0.01 1 42 0
4009 301.251 8.17546 0.01 1 41 0
4011 309.144 8.04426 0.01 1 72 0
4012 314.747 8.36622 0.01 1 96 0
4037 314.747 8.36622 0.01 1 96 0
4068 307.106 7.92328 0.01 1 72 0
4072 311.497 7.97566 0.01 1 72 0
4080 315.205 8.21415 0.01 1 94 0
4082 307.61 7.97704 0.01 1 72 0
4086 314.747 8.38713 0.01 1 95 -0.000721738
4119 314.747 8.36622 0.01 1 95 0
4138 314.747 8.36622 0.01 1 95 0
4164 303.766 8.13138 0.01 1 42 0
4219 309.432 7.84433 0.01 1 72 0
4324 303.766 8.13138 0.01 1 41 0
4326 311.367 7.793 0.01 1 72 0
4352 311.497 7.97566 0.01 1 72 0
4357 302.287 8.13138 0.01 1 40 0
4369 303.766 8.13138 0.01 1 41 0
4390 315.205 8.36622 0.01 1 94 0
4407 309.432 7.84433 0.01 1 72 0
4418 314.747 8.36622 0.01 1 94 0
4423 303.766 8.13138 0.01 1 41 0
4473 303.766 8.13138 0.01 1 42 0
4480 314.747 8.36622 0.01 1 96 0
4496 304.188 8.13138 0.01 1 42 -0.006095
4523 301.251 8.17546 0.01 1 42 0
4525 314.747 8.36622 0.01 1 94 0
4527 303.766 8.06281 0.01 1 41 0
4528 303.766 8.13138 0.01 1 42 0
4563 302.789 8.14051 0.01 1 41 0
4581 307.209 8.05642 0.01 1 72 0
4582 303.766 8.13138 0.01 1 42 0
4613 303.858 8.13138 0.01 1 42 -0.00131578
4623 299.971 8.17546 0.01 1 42 0.0181053
4624 314.539 8.36622 0.01 1 94 0
4633 314.747 8.36622 0.01 1 94 0
4644 303.766 8.13138 0.01 1 42 0
4687 303.766 8.13138 0.01 1 42 0
4699 309.975 7.98059 0.01 1 72 0
4709 302.287 8.13138 0.01 1 42 0
4733 315.353 8.36622 0.01 1 94 0
4745 311.569 7.6309 0.01 1 72 0
4759 303.766 8.13138 0.01 1 42 0
4769 303.766 8.13138 0.01 1 41 0
4775 301.251 8.17546 0.01 1 42 0
4777 314.747 8.36622 0.01 1 95 0
4789 311.367 7.793 0.01 1 72 0
4791 312.015 7.6309 0.01 1 72 0
4799 314.747 8.36622 0.01 1 95 0
4803 303.766 8.15838 0.01 1 42 0
4811 303.766 8.13138 0.01 1 42 0
4814 309.901 8.04426 0.01 1 72 0
4846 303.766 8.13138 0.01 1 42 0
4874 301.251 8.17546 0.01 1 41 0
4876 303.766 8.00809 0.01 1 42 0
4909 302.287 8.13138 0.01 1 41 0
4927 315.145 8.36622 0.01 1 96 0
4930 303.766 8.13138 0.01 1 41 0
4950 303.766 8.13138 0.01 1 42 0
4952 309.144 8.04426 0.01 1 72 0
4963 304.367 8.17684 0.01 1 42 0
5001 302.789 8.14051 0.01 1 42 0
5044 307.241 8.12903 0.01 1 72 0
5057 303.766 8.13138 0.01 1 42 0
5068 301.251 8.17546 0.01 1 42 0
5070 303.089 8.13138 0.01 1 40 0
5102 314.747 8.36622 0.01 1 94 0
5121 314.747 8.36622 0.01 1 96 0
5131 308.263 7.75456 0.01 1 72 0
5149 301.251 8.17546 0.01 1 42 0
5156 303.766 8.12883 0.01 1 42 0
5173 303.766 8.15838 0.01 1 42 0
5177 309.144 8.04426 0.01 1 72 0
5184 314.747 8.47008 0.01 1 94 0
5191 310.005 8.35215 0.01 1 72 0
5204 309.646 7.8139 0.01 1 72 0
5227 312.447 8.39865 0.01 1 72 0
5292 303.766 8.13138 0.01 1 42 0
5325 303.766 8.13138 0.01 1 40 0
5334 309.352 7.93598 0.01 1 72 0
5344 303.766 8.13138 0.01 1 42 0
5359 302.287 8.13138 0.01 1 41 0
5369 309.144 8.04426 0.01 1 72 0
5373 302.287 8.13138 0.01 1 42 0
5391 304.154 8.13138 0.01 1 42 0
5418 302.789 8.22628 0.01 1 41 0
5424 315.47 8.36622 0.01 1 96 0
5444 314.747 8.36622 0.01 1 95 0
5462 303.766 8.13138 0.01 1 42 0
5482 303.766 8.13138 0.01 1 42 0
5501 302.283 8.13138 0.01 1 41 0
5508 314.747 8.36622 0.01 1 94 0
5539 309.459 7.76621 0.01 1 72 0
5574 303.766 8.13138 0.01 1 40 0
5597 314.747 8.36622 0.01 1 95 0
5605 307.661 7.91552 0.01 1 72 0
5606 314.747 8.36622 0.01 1 94 0
5607 303.766 8.13138 0.01 1 42 0
5624 304.367 8.17684 0.01 1 42 0
5651 303.766 8.15838 0.01 1 42 0
5674 307.806 7.8856 0.01 1 72 0
5679 314.747 8.36622 0.01 1 94 0
5685 303.766 8.13138 0.01 1 41 0
5692 314.747 8.36622 0.01 1 95 0
5693 302.287 8.13138 0.01 1 41 0
5716 307.209 8.05642 0.01 1 72 0
5721 303.766 8.13138 0.01 1 41 0
5751 303.766 8.13138 0.01 1 40 0
5793 314.747 8.36622 0.01 1 95 0
5799 303.766 8.13138 0.01 1 41 0
5806 303.766 8.06281 0.01 1 41 0
5823 314.747 8.35141 0.01 1 94 0
5825 314.747 8.38629 0.01 1 96 0
5834 308.063 7.85751 0.01 1 72 0
5854 314.395 8.52711 0.01 1 94 0
5875 311.569 7.6309 0.01 1 72 0
5890 303.766 8.13138 0.01 1 41 0
5900 303.766 8.00809 0.01 1 42 0
5920 302.789 8.14051 0.01 1 41 0
5931 303.766 8.06281 0.01 1 41 0
5941 311.569 7.6309 0.01 1 72 0
5957 303.766 8.04998 0.01 1 42 -0.00140587
5959 301.251 8.08949 0.01 1 42 0
5960 307.106 7.92328 0.01 1 72 0
5987 314.747 8.36622 0.01 1 95 0
6022 307.661 7.96528 0.01 1 72 0
6100 310.746 7.94653 0.01 1 72 0
6125 306.612 8.05932 0.01 1 72 0
6130 310.316 8.40699 0.01 1 72 0
6148 314.747 8.42201 0.01 1 95 0
6175 309.144 8.04426 0.01 1 72 0
6210 314.747 8.36622 0.01 1 94 0
6225 305.934 7.92328 0.01 1 72 0
6262 314.747 8.36622 0.01 1 94 0
6279 308.624 8.4709 0.01 1 72 0
6323 303.766 8.13138 0.01 1 42 0
6326 311.078 8.21542 0.01 1 72 -0.00155509
6333 314.747 8.36622 0.01 1 95 0
6336 303.766 8.13138 0.01 1 42 0
6341 309.144 8.04426 0.01 1 72 0
6350 302.789 8.14051 0.01 1 40 0
6363 314.747 8.36622 0.01 1 95 0
6364 314.747 8.42201 0.01 1 96 0
6367 307.836 8.05642 0.01 1 72 0
6392 302.838 8.09915 0.01 1 42 0
6393 307.557 7.92328 0.01 1 72 0.00232983
6401 310.745 7.87917 0.01 1 72 0
6408 302.789 8.14051 0.01 1 42 0
6427 314.747 8.36622 0.01 1 94 0
6442 308.8 7.89607 0.01 1 72 0
6443 303.766 8.13138 0.01 1 40 0
6449 311.569 7.6309 0.01 1 72 0
6472 301.251 8.17546 0.01 1 41 0
6512 301.251 8.17546 0.01 1 41 0
6520 303.766 8.15838 0.01 1 42 0
6522 303.766 8.14079 0.01 1 42 0
6528 309.513 7.66332 0.01 1 72 0
6544 307.661 7.91552 0.01 1 72 0
6574 303.766 8.06281 0.01 1 41 0
6596 303.766 8.13138 0.01 1 42 0
6598 303.766 8.25255 0.01 1 42 0
6658 303.774 8.13138 0.01 1 42 0
6699 302.789 8.14051 0.01 1 40 0
6708 303.766 8.13138 0.01 1 41 0
6746 314.747 8.36622 0.01 1 96 0
6764 311.959 7.46079 0.01 1 72 -0.000638202
6812 315.052 8.36622 0.01 1 94 0
6829 303.766 8.13138 0.01 1 41 0
6851 314.747 8.36622 0.01 1 94 0
6873 314.747 8.36622 0.01 1 96 0
6890 303.766 8.13138 0.01 1 42 0
6904 304.072 8.14051 0.01 1 42 -0.0187863
6912 314.747 8.28475 0.01 1 94 -0.000634417
6942 302.533 8.13138 0.01 1 42 0
6956 302.287 7.98845 0.01 1 41 -0.00231192
6957 303.766 8.13138 0.01 1 42 0
6962 314.747 8.36622 0.01 1 96 0
6997 303.766 8.06281 0.01 1 41 0
7004 303.766 8.13138 0.01 1 40 0
7053 309.513 7.66332 0.01 1 72 0
7062 303.766 8.13138 0.01 1 41 0
7066 303.766 8.13138 0.01 1 42 0
7101 302.287 8.13138 0.01 1 41 0
7117 309.144 8.05956 0.01 1 72 1.19209e-07
7124 303.766 8.13138 0.01 1 42 0
7145 312.173 8.39865 0.01 1 72 0
7146 309.144 8.04426 0.01 1 72 0
7194 314.747 8.42201 0.01 1 95 0
7195 309.144 8.04426 0.01 1 72 0
7247 303.766 8.13138 0.01 1 42 0
7257 303.766 8.25255 0.01 1 42 0
7264 301.251 8.16109 0.01 1 42 0.000267342
7277 314.747 8.36622 0.01 1 94 0
7291 303.766 8.13138 0.01 1 41 0
7311 307.241 8.1111 0.01 1 72 0
7334 314.747 8.36622 0.01 1 95 0
7335 308.421 7.8139 0.01 1 72 0
7345 314.747 8.36622 0.01 1 95 0
7349 312.447 8.39865 0.01 1 72 0
7358 303.766 8.13138 0.01 1 42 0
7376 310.251 7.7445 0.01 1 72 0
7389 308.446 7.64825 0.01 1 72 0
7390 303.766 8.25255 0.01 1 42 0
7451 314.747 8.30026 0.01 1 95 0
7456 315.337 8.37052 0.01 1 94 0
7512 315.47 8.36622 0.01 1 96 0
7525 308.756 7.89607 0.01 1 72 0
7541 303.766 8.13138 0.01 1 42 0
7546 303.766 8.13138 0.01 1 42 0
7562 308.352 8.00475 0.01 1 72 0
7581 303.766 8.13572 0.01 1 41 0
7592 303.766 8.13138 0.01 1 42 0
7603 312.173 8.39865 0.01 1 72 0
7609 308.812 7.64825 0.01 1 72 0
7610 303.766 8.13138 0.01 1 42 0
7618 303.766 8.13138 0.01 1 42 0
7636 311.367 7.86619 0.01 1 72 0
7668 309.513 7.66332 0.01 1 72 0
7674 308.063 7.85751 0.01 1 72 0
7681 309.144 8.04426 0.01 1 72 0
7731 303.766 8.13138 0.01 1 42 0
7732 301.348 8.14051 0.01 1 42 0
7747 303.766 8.13138 0.01 1 41 0
7769 314.747 8.36622 0.01 1 96 0
7803 302.967 8.13138 0.01 1 42 0
7850 309.432 7.84433 0.01 1 72 0
7854 303.766 8.00809 0.01 1 42 0
7898 314.747 8.2888 0.01 1 94 0
7899 309.39 8.49556 0.01 1 72 0
7930 303.023 8.13138 0.01 1 42 0.0107487
7932 308.624 8.4709 0.01 1 72 0
7984 309.144 8.04426 0.01 1 72 0
7995 304.367 8.17684 0.01 1 42 0
8022 303.774 8.13138 0.01 1 42 0
8027 314.747 8.36622 0.01 1 94 0
8033 303.774 8.13138 0.01 1 42 0
8036 303.766 8.13138 0.01 1 42 0
8046 303.766 8.13138 0.01 1 41 0
8109 315.337 8.37052 0.01 1 94 0
8120 301.251 8.14051 0.01 1 42 0
8127 301.251 8.17546 0.01 1 42 0
8129 311.569 7.58882 0.01 1 72 -0.000118315
8146 308.063 7.85751 0.01 1 72 0
8163 303.265 8.14051 0.01 1 42 0
8181 310.746 7.94653 0.01 1 72 0
8190 303.766 8.13138 0.01 1 42 0
8208 306.32 7.98348 0.01 1 72 0
8211 314.747 8.30026 0.01 1 94 0
8219 302.287 8.13138 0.01 1 41 0
8225 302.789 8.22628 0.01 1 41 0
8235 303.265 8.14051 0.01 1 42 0
8240 309.71 8.09757 0.01 1 72 0
8257 314.747 8.36622 0.01 1 96 0
8290 301.251 8.14051 0.01 1 42 0
8297 302.287 8.13138 0.01 1 41 0
8337 307.307 7.98484 0.01 1 72 0
8338 303.766 8.13138 0.01 1 42 0
8339 302.287 8.13138 0.01 1 41 0
8355 303.766 8.13138 0.01 1 42 0
8373 303.766 8.13138 0.01 1 41 0
8393 303.766 8.13138 0.01 1 40 0
8397 314.747 8.30026 0.01 1 94 0
8401 301.251 8.17546 0.01 1 42 0
8424 302.789 8.22628 0.01 1 42 0
8447 309.432 7.74339 0.01 1 72 0
8484 307.836 8.05642 0.01 1 72 0
8489 302.789 8.36697 0.01 1 41 0.00225714
8495 302.287 8.13138 0.01 1 42 0
8515 303.089 8.13138 0.01 1 41 0
8522 302.789 8.14051 0.01 1 42 0
8539 307.106 7.92328 0.01 1 72 0
8540 314.747 8.36622 0.01 1 95 0
8563 303.766 8.13572 0.01 1 42 0
8590 303.766 8.13138 0.01 1 40 0
8634 302.789 8.14051 0.01 1 42 0
8645 303.766 8.13138 0.01 1 42 0
8654 309.432 7.74339 0.01 1 72 0
8673 303.766 8.13138 0.01 1 42 0
8686 303.774 8.13138 0.01 1 41 0
8709 312.093 8.18894 0.01 1 94 0
8710 308.352 7.91734 0.01 1 72 0
8715 314.747 8.36622 0.01 1 94 0
8739 303.766 8.13138 0.01 1 42 0
8762 303.766 8.13138 0.01 1 42 0
8767 314.747 8.38629 0.01 1 96 0
8769 302.287 8.13138 0.01 1 42 0
8779 303.766 8.25255 0.01 1 42 0
8780 302.789 8.14051 0.01 1 40 0
8795 303.766 8.13138 0.01 1 42 0
8805 303.766 8.13138 0.01 1 42 0
8815 313.739 8.37611 0.01 1 72 0
8863 303.766 8.13138 0.01 1 42 0
8874 311.061 8.03369 0.01 1 72 0
8885 314.747 8.36622 0.01 1 95 0
8889 314.747 8.36622 0.01 1 95 0
8911 302.303 8.13138 0.01 1 42 0.0213671
8932 309.144 8.04426 0.01 1 72 0
8994 301.348 8.14051 0.01 1 42 0
9005 314.747 8.36622 0.01 1 95 0
9033 302.789 8.14051 0.01 1 42 0
9055 307.952 7.96049 0.01 1 72 0
9056 308.624 8.4709 0.01 1 72 0
9059 301.124 8.17546 0.01 1 42 0
9067 302.287 8.13138 0.01 1 41 0
9069 302.789 8.14051 0.01 1 42 0
9073 310.319 8.29524 0.01 1 72 0
9106 303.766 8.13138 0.01 1 41 0
9114 312.015 7.6309 0.01 1 72 0
9160 314.747 8.36622 0.01 1 94 0
9190 303.766 8.13138 0.01 1 42 0
9205 302.287 8.13138 0.01 1 41 0
9226 308.8 7.89607 0.01 1 72 0
9228 303.766 8.13138 0.01 1 40 0
9252 303.774 8.13138 0.01 1 41 0
9261 307.782 7.94655 0.01 1 72 0
9285 314.747 8.36622 0.01 1 94 0
9292 314.884 8.42111 0.01 1 94 0
9303 303.766 8.13138 0.01 1 41 0
9330 303.766 8.13138 0.01 1 42 0
9372 309.144 8.04426 0.01 1 72 0
9377 303.766 8.13138 0.01 1 42 0
9393 314.747 8.36622 0.01 1 95 0
9415 314.747 8.36622 0.01 1 94 0
9447 314.747 8.36622 0.01 1 94 0
9448 310.745 7.78752 0.01 1 72 -0.000112623
9450 301.251 8.20279 0.01 1 42 0
9481 303.766 8.13138 0.01 1 42 0
9560 314.966 8.36622 0.01 1 95 0.00264511
9581 314.747 8.32838 0.01 1 95 0
9596 314.747 8.36622 0.01 1 96 0
9604 308.8 7.89607 0.01 1 72 0
9612 303.766 8.13138 0.01 1 42 0
9620 315.47 8.36622 0.01 1 96 0
9633 303.766 8.13138 0.01 1 41 0
9640 302.789 8.14051 0.01 1 40 0
9696 301.251 8.20279 0.01 1 42 0
9707 303.766 8.06281 0.01 1 41 0
9730 302.789 8.14051 0.01 1 41 0
9735 303.766 8.13138 0.01 1 42 0
9738 308.059 7.96528 0.01 1 72 0.00140697
9740 303.766 8.13138 0.01 1 42 0
9742 309.432 7.74339 0.01 1 72 0
9770 314.662 8.36622 0.01 1 94 0
9771 303.766 8.13138 0.01 1 41 0
9794 312.093 8.18894 0.01 1 94 -0.00993571
9796 303.766 8.13138 0.01 1 41 0
9832 303.766 8.13138 0.01 1 42 0
9840 302.789 8.14051 0.01 1 42 0
9857 314.747 8.36622 0.01 1 94 0
9879 309.901 8.04426 0.01 1 72 0
9885 302.287 7.98845 0.01 1 41 0
9928 314.747 8.36622 0.01 1 94 0
9932 303.766 8.13138 0.01 1 41 0
9935 303.766 8.13138 0.01 1 42 0
9945 302.287 8.13138 0.01 1 41 0
9956 309.144 8.04426 0.01 1 72 0
9961 307.209 8.05642 0.01 1 72 0
9992 304.154 8.13138 0.01 1 42 0
9995 301.251 8.17546 0.01 1 42 0
10069 308.756 7.89607 0.01 1 72 0
10111 306.612 8.05932 0.01 1 72 0
10138 309.8 8.18359 0.01 1 72 0
10157 302.287 8.13138 0.01 1 42 0
10181 303.766 8.13138 0.01 1 42 0
10209 303.766 8.06281 0.01 1 41 0
10241 314.662 8.36622 0.01 1 94 0
10246 301.251 8.17546 0.01 1 42 0
10281 307.661 7.96528 0.01 1 72 0
10288 309.574 7.75283 0.01 1 72 0
10314 302.287 7.98845 0.01 1 41 0
10318 309.39 8.42774 0.01 1 72 0
10340 311.497 7.97566 0.01 1 72 0
10342 314.395 8.52711 0.01 1 94 0
10408 310.034 8.09603 0.01 1 72 0
10416 303.265 8.14051 0.01 1 41 -0.00696305
10434 310.034 8.09603 0.01 1 72 0
10445 301.251 8.17546 0.01 1 42 0
10447 303.766 8.13138 0.01 1 41 0
10487 310.251 7.91123 0.01 1 72 0.000106767
10491 309.39 8.42774 0.01 1 72 0
10501 302.789 8.14051 0.01 1 42 0
10514 302.789 8.14051 0.01 1 42 0
10564 303.766 8.13138 0.01 1 41 0
10571 309.432 7.74339 0.01 1 72 0
10616 302.513 8.13138 0.01 1 41 0.0182623
10621 302.789 8.14051 0.01 1 42 0
10642 303.766 8.13138 0.01 1 41 0
10648 303.766 8.13138 0.01 1 41 0
10649 303.766 8.13138 0.01 1 42 0
10653 309.432 7.74339 0.01 1 72 0
10654 307.106 7.92328 0.01 1 72 0
10671 303.774 8.13138 0.01 1 42 0
10682 302.283 8.13138 0.01 1 42 0
10714 314.662 8.36622 0.01 1 94 0
10717 303.766 8.15838 0.01 1 42 0
10736 301.251 8.14051 0.01 1 42 0
10768 314.747 8.47008 0.01 1 94 0
10814 300.981 8.17546 0.01 1 42 0.00390349
10860 303.766 8.13138 0.01 1 42 0
10866 314.747 8.36622 0.01 1 95 0
10880 302.287 8.13138 0.01 1 41 0
10890 309.144 8.01961 0.01 1 72 0
10891 315.323 8.36622 0.01 1 94 0
10912 301.251 8.17546 0.01 1 42 0
10913 302.789 8.14051 0.01 1 42 0
10916 307.661 7.96528 0.01 1 72 0
10925 314.747 8.36622 0.01 1 95 0
10931 303.766 8.13138 0.01 1 42 0
10941 303.766 8.13138 0.01 1 42 0
10960 303.766 8.13138 0.01 1 42 0
10964 302.789 8.14051 0.01 1 42 0
10977 303.265 8.14051 0.01 1 42 0
10998 308.624 8.4709 0.01 1 72 0
11001 303.766 8.13138 0.01 1 40 0
11011 311.367 7.86619 0.01 1 72 0
11013 303.766 8.13138 0.01 1 42 0
11042 309.432 7.66709 0.01 1 72 0
11069 310.005 8.35215 0.01 1 72 0
11084 303.766 8.13138 0.01 1 42 0
11085 302.789 8.14051 0.01 1 42 0
11098 302.789 8.14051 0.01 1 42 0
11112 303.766 8.13138 0.01 1 41 0
11147 303.766 8.13138 0.01 1 42 0
11161 303.766 8.13138 0.01 1 42 0
11163 311.367 7.793 0.01 1 72 0
11168 302.789 8.14051 0.01 1 42 0
11226 309.144 8.04426 0.01 1 72 0
11261 303.766 8.13138 0.01 1 40 0
11296 314.395 8.52711 0.01 1 94 0
11324 303.766 8.13138 0.01 1 42 0
11395 314.747 8.30026 0.01 1 94 0
11450 309.638 8.42816 0.01 1 72 0
11459 315.47 8.36622 0.01 1 96 0
11467 314.747 8.2888 0.01 1 94 0
11485 308.747 7.99005 0.01 1 72 0
11544 310.319 8.30264 0.01 1 72 0
11557 302.789 8.08702 0.01 1 42 -0.000854999
11562 303.766 8.13138 0.01 1 42 0
11565 314.747 8.42801 0.01 1 94 0
11595 302.287 8.13138 0.01 1 41 0
11597 307.106 7.92328 0.01 1 72 0
11604 301.251 8.17546 0.01 1 42 0
11618 307.241 8.1111 0.01 1 72 0
11629 304.154 8.13138 0.01 1 41 0
11638 303.766 8.13138 0.01 1 41 0
11690 306.32 7.98348 0.01 1 72 0
11703 307.241 8.12903 0.01 1 72 0
11759 303.766 8.13138 0.01 1 42 0
11788 302.789 8.14051 0.01 1 42 0
11796 314.747 8.2888 0.01 1 94 0
11805 307.661 7.96528 0.01 1 72 0
11845 307.661 7.91552 0.01 1 72 0
11940 314.933 8.46492 0.01 1 94 -0.000394195
11966 309.975 7.98059 0.01 1 72 0
11985 302.789 8.14051 0.01 1 41 0
11986 308.823 8.04426 0.01 1 72 0
12003 301.251 8.14051 0.01 1 42 0
12007 303.766 8.13138 0.01 1 42 0
12012 309.513 7.66332 0.01 1 72 0
12021 303.766 8.13138 0.01 1 42 0
12030 309.432 7.74339 0.01 1 72 0
12038 303.766 8.13138 0.01 1 41 0
12054 302.871 7.93254 0.01 1 42 0
12062 314.747 8.36622 0.01 1 94 0
12070 314.747 8.36622 0.01 1 95 0
12075 301.251 8.08949 0.01 1 42 0
12102 302.789 8.14051 0.01 1 41 0
12114 314.747 8.36622 0.01 1 94 0
12146 314.747 8.4573 0.01 1 95 0.000424609
12150 314.747 8.36622 0.01 1 94 0
12154 309.513 7.66332 0.01 1 72 0
12155 309.432 7.74339 0.01 1 72 0
12163 305.484 7.88171 0.01 1 72 0
12180 305.934 7.92328 0.01 1 72 0
12195 303.766 8.13138 0.01 1 42 0
12196 302.287 8.13138 0.01 1 41 0
12221 303.766 8.13138 0.01 1 41 0
12228 303.766 8.13138 0.01 1 41 0
12237 308.812 7.64825 0.01 1 72 0
12239 303.766 8.13138 0.01 1 40 0
12245 303.766 8.13138 0.01 1 41 0
12262 315.47 8.36622 0.01 1 96 0
12296 308.8 7.89607 0.01 1 72 0
12300 303.766 8.13138 0.01 1 42 0
12324 314.747 8.47008 0.01 1 94 0
12328 309.144 8.04426 0.01 1 72 0
12469 303.766 8.13138 0.01 1 41 0
12471 302.838 8.09915 0.01 1 41 0
12485 304.154 8.13138 0.01 1 42 0
12516 314.747 8.30026 0.01 1 94 0
12532 304.043 8.13138 0.01 1 41 0
12538 303.766 8.13138 0.01 1 42 0
12543 302.789 8.14051 0.01 1 42 0
12548 303.766 8.13138 0.01 1 40 0
12554 304.154 8.13138 0.01 1 42 0
12584 309.144 8.04426 0.01 1 72 0
12585 314.747 8.32838 0.01 1 95 0
12658 302.287 8.13138 0.01 1 42 0
12664 308.421 7.8139 0.01 1 72 0
12670 314.747 8.32838 0.01 1 95 0
12676 302.789 8.14051 0.01 1 42 0
12686 310.319 8.29524 0.01 1 72 0
12696 315.47 8.36622 0.01 1 95 0.00942251
12711 307.661 7.91552 0.01 1 72 0
12725 303.766 8.13138 0.01 1 41 0
12737 314.747 8.36622 0.01 1 95 0
12741 304.367 7.94756 0.01 1 42 0
12756 307.782 7.94655 0.01 1 72 0
12760 302.287 8.13138 0.01 1 40 0
12804 310.034 8.09603 0.01 1 72 0
12822 318.171 8.36622 0.01 1 94 0
12826 303.766 8.13138 0.01 1 40 0
12852 303.766 8.13138 0.01 1 41 0
12880 303.766 8.06281 0.01 1 41 0
12881 314.747 8.36622 0.01 1 95 0
12928 304.154 8.13138 0.01 1 42 0
12931 303.766 8.13138 0.01 1 42 0
12936 303.766 8.13572 0.01 1 42 0
12938 315.052 8.36622 0.01 1 94 0
12945 314.747 8.42201 0.01 1 95 0
12965 308.8 7.89607 0.01 1 72 0
12988 302.287 8.13138 0.01 1 40 0
13000 301.251 8.14051 0.01 1 42 0
13025 303.766 8.06281 0.01 1 41 0
13050 308.063 7.87649 0.01 1 72 1.49012e-06
13058 302.789 8.14051 0.01 1 40 0
13082 312.173 8.39865 0.01 1 72 0
13123 314.747 8.26296 0.01 1 95 -0.000929967
13139 303.766 8.13138 0.01 1 41 0
13150 304.154 8.13138 0.01 1 42 0
13176 307.11 8.05932 0.01 1 72 0.00314459
13181 302.789 8.14051 0.01 1 42 0
13217 315.052 8.36622 0.01 1 94 0
13260 314.747 8.36622 0.01 1 95 0
13276 302.287 8.13138 0.01 1 41 0
13281 303.766 8.13138 0.01 1 41 0
13301 308.624 8.4709 0.01 1 72 0
13303 311.497 7.97566 0.01 1 72 0
13325 314.933 8.52147 0.01 1 94 0
13332 314.747 8.36622 0.01 1 95 0
13360 302.789 8.14051 0.01 1 40 0
13372 303.766 8.13138 0.01 1 42 0
13434 303.766 8.13138 0.01 1 40 0
13440 314.747 8.42201 0.01 1 94 0
13449 309.513 7.66332 0.01 1 72 0
13454 303.766 8.13138 0.01 1 41 0
13507 310.316 8.40699 0.01 1 72 0
13513 305.009 8.13138 0.01 1 42 0
13524 302.287 8.13138 0.01 1 40 0
13528 307.823 7.98348 0.01 1 72 0
13562 314.747 8.36622 0.01 1 96 0
13568 308.706 7.96528 0.01 1 72 0
13569 302.789 8.14051 0.01 1 41 0
13573 302.784 8.13138 0.01 1 40 0.0136305
13592 302.789 8.14051 0.01 1 42 0
13598 303.766 8.13138 0.01 1 41 0
13638 309.513 7.66332 0.01 1 72 0
13651 314.395 8.52711 0.01 1 94 0
13654 303.766 8.13138 0.01 1 42 0
13670 303.766 8.13138 0.01 1 40 0
13704 314.747 8.47008 0.01 1 95 0
13740 304.367 7.94756 0.01 1 41 0
13747 310.316 8.40699 0.01 1 72 0
13751 303.766 8.13138 0.01 1 41 0
13765 314.747 8.36622 0.01 1 95 0
13768 303.766 8.13572 0.01 1 42 0
13782 315.908 8.36622 0.01 1 94 0
13819 307.209 8.05642 0.01 1 72 0
13820 303.766 8.06281 0.01 1 41 -0.00118283
13831 314.747 8.36622 0.01 1 95 0
13850 306.877 8.04571 0.01 1 72 0
13893 303.766 8.13138 0.01 1 42 0
13928 301.251 8.14051 0.01 1 42 0
13995 309.352 7.93598 0.01 1 72 0
14010 304.39 8.13138 0.01 1 41 -0.00877383
14061 311.767 7.86619 0.01 1 72 -0.00312519
14062 308.823 8.04426 0.01 1 72 0
14064 308.823 8.04426 0.01 1 72 0
14070 303.766 8.13138 0.01 1 42 0
14077 302.838 8.13138 0.01 1 42 0
14078 302.287 8.13138 0.01 1 41 0
14079 301.251 8.17546 0.01 1 42 0
14083 304.047 8.13138 0.01 1 41 -0.00387393
14097 304.139 8.13138 0.01 1 42 0
14144 311.078 8.21542 0.01 1 72 0
14160 307.753 7.52113 0.01 1 72 0
14212 313.022 8.19251 0.01 1 72 0
14230 302.789 8.14051 0.01 1 40 0
14245 303.766 8.13138 0.01 1 41 0
14256 304.139 8.13138 0.01 1 42 0
14279 303.766 8.13138 0.01 1 42 0
14282 304.732 8.13138 0.01 1 42 -0.0299659
14283 302.287 8.13138 0.01 1 42 0
14307 314.747 8.32838 0.01 1 95 0
14328 310.864 8.21034 0.01 1 72 0
14351 303.766 8.13138 0.01 1 42 0
14361 308.421 7.8139 0.01 1 72 0
14362 309.39 8.42774 0.01 1 72 0
14372 314.747 8.36622 0.01 1 95 0
14394 303.766 8.13138 0.01 1 42 0
14422 303.766 8.13138 0.01 1 42 0
14428 314.747 8.36622 0.01 1 95 0
14442 304.867 8.13138 0.01 1 42 -0.0152507
14481 303.766 8.13138 0.01 1 42 0
14488 303.766 8.13138 0.01 1 41 0
14495 301.251 8.20279 0.01 1 42 0
14511 314.747 8.36622 0.01 1 95 0
14553 309.144 8.04426 0.01 1 72 0
14568 302.287 8.13138 0.01 1 40 0
14580 301.251 8.17546 0.01 1 42 0
14584 308.756 7.89607 0.01 1 72 0
14640 303.766 8.13138 0.01 1 41 0
14680 301.251 8.17546 0.01 1 41 0
14694 304.367 7.94756 0.01 1 42 0
14699 307.209 8.05642 0.01 1 72 0
14726 308.823 8.04426 0.01 1 72 0
14773 301.251 8.17546 0.01 1 42 0
14782 303.766 8.13138 0.01 1 42 0
14790 309.432 7.84433 0.01 1 72 0
14808 308.798 7.91734 0.01 1 72 0
14849 303.766 8.13138 0.01 1 41 0
14862 311.959 7.6309 0.01 1 72 0
14881 307.782 7.94655 0.01 1 72 0
14883 302.789 8.14051 0.01 1 42 0
14889 310.745 7.87917 0.01 1 72 0
14892 309.144 8.04426 0.01 1 72 0
14910 309.138 7.96206 0.01 1 72 0
14926 309.432 7.74339 0.01 1 72 0
14928 303.766 8.13138 0.01 1 42 0
14996 310.745 7.87917 0.01 1 72 0
15053 307.241 8.12903 0.01 1 72 0
15055 302.967 8.13138 0.01 1 42 0
15059 303.766 8.13138 0.01 1 42 0
15078 302.789 8.14051 0.01 1 42 0
15097 307.782 7.94655 0.01 1 72 0
15120 303.766 8.13138 0.01 1 40 0
15125 309.144 8.04426 0.01 1 72 0
15126 314.747 8.35789 0.01 1 94 0
15188 307.051 7.80542 0.01 1 72 0
15225 302.789 8.14051 0.01 1 42 0
15230 314.747 8.36622 0.01 1 94 0
15246 302.967 8.13138 0.01 1 42 0
15266 314.747 8.2888 0.01 1 94 0
15270 314.662 8.36622 0.01 1 94 0
15292 303.766 8.13138 0.01 1 42 0
15313 303.766 8.13138 0.01 1 42 0
15384 301.251 8.17546 0.01 1 42 0
15406 303.766 8.13138 0.01 1 41 0
15418 309.513 7.66332 0.01 1 72 0
15431 307.209 8.22971 0.01 1 72 0
15464 315.47 8.36622 0.01 1 96 0
15473 304.202 8.13138 0.01 1 42 0
15490 313.739 8.37611 0.01 1 72 0
15495 311.367 7.793 0.01 1 72 0
15498 302.287 8.13138 0.01 1 41 0
15523 307.209 8.05642 0.01 1 72 0
15528 303.766 8.13138 0.01 1 42 0
15531 311.497 7.97566 0.01 1 72 0
15546 303.766 8.13138 0.01 1 40 0
15549 303.766 8.13138 0.01 1 42 0
15580 303.766 8.13138 0.01 1 42 0
15592 302.287 8.13138 0.01 1 41 0
15597 303.849 8.13138 0.01 1 42 -0.0012162
15599 301.251 8.17546 0.01 1 41 0
15619 308.756 7.89607 0.01 1 72 0
15664 303.766 8.13138 0.01 1 42 0
15718 309.975 7.98059 0.01 1 72 0
15721 309.352 7.93598 0.01 1 72 0
15734 302.967 8.13138 0.01 1 42 0.0116949
15739 314.747 8.47008 0.01 1 94 0
15753 303.221 8.13138 0.01 1 42 0.00786137
15764 302.287 7.98845 0.01 1 41 0
15827 301.251 8.17546 0.01 1 42 0
15832 314.884 8.42111 0.01 1 94 0
15860 303.766 8.13138 0.01 1 42 0
15881 308.263 7.75456 0.01 1 72 -3.51071e-05
15952 303.766 8.13138 0.01 1 42 0
15957 307.209 8.05642 0.01 1 72 0
15959 310.251 7.91123 0.01 1 72 0
15965 310.316 8.26802 0.01 1 72 0
16013 310.251 7.7445 0.01 1 72 0
16034 314.747 8.42201 0.01 1 95 0
16041 303.766 8.13138 0.01 1 42 0
16044 301.251 8.08949 0.01 1 42 -0.000669181
16057 314.747 8.36622 0.01 1 95 0
16063 306.32 7.98348 0.01 1 72 0
16079 303.766 8.13138 0.01 1 42 0
16096 306.115 8.05642 0.01 1 72 -0.00822985
16097 303.766 8.06281 0.01 1 41 0
16110 302.533 8.13138 0.01 1 42 0.0179753
16112 309.39 8.44434 0.01 1 72 0
16125 309.432 7.84433 0.01 1 72 0
16139 314.747 8.42201 0.01 1 94 0
16152 303.766 8.13138 0.01 1 42 0
16178 302.287 8.13138 0.01 1 41 0
16193 312.821 8.23403 0.01 1 72 0
16228 306.32 7.98348 0.01 1 72 0
16229 302.789 8.14051 0.01 1 41 0
16242 303.766 8.13138 0.01 1 42 0
16258 314.747 8.36622 0.01 1 94 0
16262 301.251 8.17546 0.01 1 42 0
16270 301.348 8.14051 0.01 1 42 0
16279 314.747 8.36622 0.01 1 94 0
16282 303.766 8.15838 0.01 1 42 0.000461437
16284 303.689 8.13138 0.01 1 42 0
16307 314.747 8.36622 0.01 1 95 0
16333 308.756 7.89607 0.01 1 72 0
16356 311.569 7.6309 0.01 1 72 0
16402 314.747 8.40843 0.01 1 95 0
16409 310.745 7.97422 0.01 1 72 0
16462 303.08 8.14051 0.01 1 42 0
16500 303.766 8.13138 0.01 1 42 0
16505 303.766 8.13138 0.01 1 42 0
16541 314.747 8.36622 0.01 1 96 0
16575 303.766 8.13138 0.01 1 41 0
16589 311.569 7.6309 0.01 1 72 0
16591 302.631 8.13138 0.01 1 42 0.0165222
16620 301.251 8.17546 0.01 1 42 0
16633 303.766 8.13138 0.01 1 41 0
16647 318.171 8.36622 0.01 1 94 0
16657 302.287 8.13138 0.01 1 41 0
16661 302.287 8.13138 0.01 1 41 0
16765 309.8 8.18359 0.01 1 72 0
16772 303.766 8.13138 0.01 1 42 0
16784 306.877 8.04571 0.01 1 72 -0.00361988
16794 302.789 8.14051 0.01 1 42 0
16796 303.766 8.13138 0.01 1 42 0
16809 308.624 8.4709 0.01 1 72 0
16824 311.497 7.97566 0.01 1 72 0
16837 303.766 8.13138 0.01 1 40 0
16859 304.072 8.14051 0.01 1 42 0
16863 308.8 7.89607 0.01 1 72 0
16905 314.747 8.36622 0.01 1 94 0
16915 308.798 7.91734 0.01 1 72 0
16932 303.766 8.13138 0.01 1 42 0
16940 303.766 8.13138 0.01 1 40 0
16989 307.782 7.94655 0.01 1 72 0
17003 314.933 8.52147 0.01 1 94 0
17063 307.782 7.94655 0.01 1 72 0
17113 302.789 8.14051 0.01 1 41 0
17128 303.766 8.06281 0.01 1 41 0
17217 308.624 8.4709 0.01 1 72 0
17221 314.747 8.42201 0.01 1 95 0
17245 314.747 8.36622 0.01 1 94 0
17266 309.39 8.42774 0.01 1 72 0
17275 303.766 8.13138 0.01 1 42 0
17283 303.766 8.06281 0.01 1 41 0
17297 309.144 8.04426 0.01 1 72 0
17325 302.789 8.22628 0.01 1 41 0
17384 307.61 7.97704 0.01 1 72 0
17414 301.251 8.17546 0.01 1 42 0
17425 303.766 8.13138 0.01 1 41 0
17453 318.171 8.36622 0.01 1 94 0
17473 308.8 7.89607 0.01 1 72 0
17482 303.766 8.13138 0.01 1 42 0
17492 311.959 7.6309 0.01 1 72 0
17514 303.766 8.13138 0.01 1 42 0
17537 314.747 8.36622 0.01 1 95 0
17548 303.766 8.13138 0.01 1 42 0
17550 309.39 8.42774 0.01 1 72 0
17594 302.789 8.22628 0.01 1 41 0
17609 301.251 8.17546 0.01 1 41 0
17637 303.766 8.13138 0.01 1 40 0
17644 314.747 8.36622 0.01 1 95 0
17650 302.789 8.14051 0.01 1 42 0
17655 303.766 8.13138 0.01 1 41 0
17668 301.251 8.17546 0.01 1 41 0
17682 301.251 8.17546 0.01 1 42 0
17701 314.747 8.47008 0.01 1 94 0
17706 303.766 8.12883 0.01 1 42 0
17719 314.747 8.36622 0.01 1 94 0
17722 303.766 8.13138 0.01 1 42 0
17727 306.612 8.05932 0.01 1 72 0
17758 303.766 8.13138 0.01 1 42 0
17851 309.432 7.66709 0.01 1 72 0
17875 314.747 8.36622 0.01 1 96 0
17883 314.747 8.30026 0.01 1 94 0
17902 302.287 8.13138 0.01 1 41 0
17905 303.766 8.13138 0.01 1 41 0
17938 301.251 8.17546 0.01 1 42 0
17940 303.766 8.13138 0.01 1 40 0
17954 303.766 8.13138 0.01 1 42 0
17958 314.747 8.36622 0.01 1 94 0
17975 315.337 8.37052 0.01 1 94 0
17983 303.766 8.13138 0.01 1 40 0
17988 302.287 8.13138 0.01 1 40 0
18007 303.766 8.13138 0.01 1 42 0
18012 303.766 8.13138 0.01 1 42 0
18044 301.251 8.20279 0.01 1 41 0
18052 303.766 8.13138 0.01 1 42 0
18078 310.864 8.21034 0.01 1 72 0
18133 307.209 8.05642 0.01 1 72 0
18138 301.251 8.17546 0.01 1 42 0
18152 309.513 7.66332 0.01 1 72 0
18154 307.241 8.1111 0.01 1 72 0
18220 301.251 8.08949 0.01 1 42 0
18229 302.789 8.14051 0.01 1 41 0
18232 307.782 7.94655 0.01 1 72 0
18235 313.739 8.37611 0.01 1 72 0
18244 302.789 8.14051 0.01 1 42 0
18245 303.766 8.13138 0.01 1 42 0
18251 303.766 8.13138 0.01 1 42 0
18252 314.747 8.42801 0.01 1 94 0
18255 314.747 8.47008 0.01 1 94 0
18275 309.513 7.58109 0.01 1 72 0
18282 304.043 8.13138 0.01 1 41 0
18293 314.747 8.32838 0.01 1 95 0
18295 303.766 8.13138 0.01 1 42 0
18301 304.202 8.13138 0.01 1 42 0
18304 303.766 8.13138 0.01 1 41 0
18323 314.747 8.36622 0.01 1 95 0
18351 314.395 8.52711 0.01 1 95 0
18358 307.436 7.94841 0.01 1 72 0
18374 314.747 8.30026 0.01 1 94 0
18384 302.287 8.13138 0.01 1 41 0
18447 302.287 8.13138 0.01 1 41 0
18469 303.766 8.13138 0.01 1 41 0
18528 302.287 8.13138 0.01 1 41 0
18541 305.484 7.88171 0.01 1 72 0
18551 306.877 8.04571 0.01 1 72 0
18559 302.287 8.13138 0.01 1 41 0
18570 314.747 8.2888 0.01 1 94 0
18576 303.766 8.13138 0.01 1 42 0
18595 303.766 8.13138 0.01 1 42 0
18607 303.766 8.13138 0.01 1 42 0
18612 304.367 8.17684 0.01 1 42 0
18623 302.789 8.14051 0.01 1 40 0
18650 303.766 8.13138 0.01 1 42 0
18652 306.877 8.04571 0.01 1 72 0
18653 303.766 8.13138 0.01 1 41 0
18662 314.747 8.42201 0.01 1 95 0
18718 308.263 7.91147 0.01 1 72 0
18759 309.975 7.98059 0.01 1 72 0
18797 314.747 8.47008 0.01 1 94 0
18806 314.747 8.30026 0.01 1 94 0
18824 303.766 8.13138 0.01 1 42 0
18854 303.766 8.13138 0.01 1 42 0
18880 314.747 8.40843 0.01 1 95 0
18888 303.766 8.13138 0.01 1 42 0
18930 314.747 8.38629 0.01 1 94 0
18937 314.747 8.36622 0.01 1 94 0
18960 315.47 8.36622 0.01 1 96 0
18972 301.251 8.17546 0.01 1 42 0
18987 303.766 8.13138 0.01 1 42 0
19015 307.753 7.52113 0.01 1 72 0
19022 302.838 8.09915 0.01 1 42 0
19044 309.513 7.58109 0.01 1 72 0
19047 308.624 8.4709 0.01 1 72 0
19065 309.432 7.74339 0.01 1 72 0
19080 307.806 7.94655 0.01 1 72 0
19118 314.747 8.47008 0.01 1 94 0
19123 303.766 8.25255 0.01 1 42 0
19125 308.421 7.8139 0.01 1 72 0
19130 303.766 8.13138 0.01 1 42 0
19142 304.367 7.94756 0.01 1 42 0
19172 303.766 8.13138 0.01 1 41 0
19192 308.823 8.04426 0.01 1 72 0
19216 303.766 8.13138 0.01 1 42 0
19220 313.739 8.21896 0.01 1 72 0
19240 303.766 8.06281 0.01 1 41 0
19255 309.575 8.06976 0.01 1 72 0
19262 303.766 8.13138 0.01 1 42 0
19285 302.287 8.13138 0.01 1 41 0
19307 309.513 7.58109 0.01 1 72 0
19310 307.106 7.92328 0.01 1 72 0
19323 303.766 8.06281 0.01 1 41 0
19342 309.432 7.74339 0.01 1 72 0
19380 303.766 8.13138 0.01 1 41 0
19427 309.975 7.98059 0.01 1 72 0
19447 303.774 8.13138 0.01 1 41 0
19505 312.641 8.14572 0.01 1 94 0
19514 309.973 7.7224 0.01 1 72 0
19523 303.766 8.06281 0.01 1 41 0
19526 302.287 8.13138 0.01 1 41 0
19539 309.975 7.98059 0.01 1 72 0
19540 314.747 8.36622 0.01 1 94 0
19542 314.747 8.36622 0.01 1 94 0
19549 315.337 8.37052 0.01 1 94 0
19560 307.823 7.98348 0.01 1 72 0
19561 303.766 8.13138 0.01 1 40 0
19600 305.009 8.13138 0.01 1 42 -0.0171468
19605 303.766 8.13138 0.01 1 42 0
19633 306.74 7.7768 0.01 1 72 0
19684 314.747 8.42201 0.01 1 95 0
19688 303.766 8.13138 0.01 1 41 0
19709 309.144 8.04426 0.01 1 72 0
19732 315.337 8.32116 0.01 1 94 -0.000313923
19736 315.323 8.36622 0.01 1 94 0.00679743
19743 315.357 8.36622 0.01 1 95 0.00762506
19748 312.015 7.6309 0.01 1 72 0
19749 301.251 8.20279 0.01 1 42 0
19759 308.8 7.89607 0.01 1 72 0
19807 303.766 8.13138 0.01 1 42 0
19810 303.766 8.13138 0.01 1 41 0
19844 313.935 8.52711 0.01 1 94 -0.00580889
19855 303.766 8.13138 0.01 1 42 0
19858 303.766 8.13138 0.01 1 42 0
19873 308.263 7.91147 0.01 1 72 0
19882 307.209 8.05642 0.01 1 72 0
19889 314.747 8.36622 0.01 1 94 0
19907 301.251 8.14051 0.01 1 42 0
19952 302.789 8.14051 0.01 1 41 0
19954 303.766 8.13138 0.01 1 41 0
19981 303.766 8.13138 0.01 1 42 0
20001 311.569 7.6309 0.01 1 72 0
20005 302.789 8.11569 0.01 1 42 -0.000395454
20016 306.612 8.05932 0.01 1 72 0
20032 303.766 8.13138 0.01 1 42 0
20050 302.283 8.13138 0.01 1 42 0
20056 309.144 8.04426 0.01 1 72 0
20057 303.766 8.15838 0.01 1 42 0
20092 303.766 8.06281 0.01 1 41 0
20102 310.034 8.09603 0.01 1 72 0
20104 311.959 7.46079 0.01 1 72 0
20132 307.391 8.17684 0.01 1 42 0
20138 303.766 8.13138 0.01 1 42 0
20151 303.766 8.13138 0.01 1 42 0
20153 314.747 8.36622 0.01 1 94 0
20166 302.789 8.14051 0.01 1 42 0
20182 303.766 8.13138 0.01 1 42 0
20195 303.766 8.13138 0.01 1 41 0
20229 303.221 8.13138 0.01 1 42 0
20251 303.766 8.13138 0.01 1 42 0
20274 303.766 7.92716 0.01 1 42 0
20292 308.8 7.89607 0.01 1 72 0
20302 308.756 7.89607 0.01 1 72 0
20345 302.287 8.13138 0.01 1 41 0
20372 303.766 8.06281 0.01 1 41 0
20387 303.766 8.13138 0.01 1 42 0
20393 302.287 8.13138 0.01 1 41 0
20396 314.747 8.42201 0.01 1 95 0
20397 303.766 8.13138 0.01 1 42 0
20428 303.766 8.38551 0.01 1 42 0
20461 303.778 8.13138 0.01 1 42 -0.000170223
20490 303.849 8.13138 0.01 1 42 0
20499 303.766 8.13138 0.01 1 42 0
20514 303.766 8.13138 0.01 1 42 0
20582 314.747 8.42201 0.01 1 95 0
20589 314.747 8.42201 0.01 1 96 0
20590 304.139 8.13138 0.01 1 41 -0.00528342
20592 314.747 8.52147 0.01 1 94 0
20600 314.747 8.42201 0.01 1 96 0
20607 314.747 8.36622 0.01 1 94 0
20613 303.766 8.13138 0.01 1 42 0
20628 302.789 8.14051 0.01 1 40 0
20655 314.747 8.36622 0.01 1 94 0
20689 309.901 8.04426 0.01 1 72 0
20705 314.747 8.36622 0.01 1 96 0
20710 315.47 8.36622 0.01 1 96 0
20745 314.747 8.30026 0.01 1 95 0
20754 310.034 8.09603 0.01 1 72 0
20758 302.83 8.13138 0.01 1 42 0
20795 314.662 8.36622 0.01 1 94 0
20801 306.612 8.05932 0.01 1 72 0
20806 308.624 8.4709 0.01 1 72 0
20826 303.766 8.13138 0.01 1 41 0
20873 303.766 8.13138 0.01 1 42 0
20885 301.251 8.20279 0.01 1 42 0
20900 302.789 8.22628 0.01 1 41 0.00134954
20936 302.667 8.13138 0.01 1 42 0.0159865
20952 303.766 8.13138 0.01 1 42 0
20965 303.766 7.92716 0.01 1 42 0
20972 303.766 8.13138 0.01 1 41 0
21008 309.432 7.66709 0.01 1 72 0
21019 306.32 7.98348 0.01 1 72 0
21025 307.209 8.05642 0.01 1 72 0
21032 314.785 8.36622 0.01 1 95 0.00304167
21051 303.766 8.13138 0.01 1 41 0
21093 314.747 8.36622 0.01 1 95 0
21151 303.766 8.13138 0.01 1 42 0
21176 309.432 7.84433 0.01 1 72 0
21179 303.766 8.13138 0.01 1 42 0
21192 310.376 8.29524 0.01 1 72 0
21198 311.04 8.4709 0.01 1 72 0
21212 314.747 8.36622 0.01 1 94 0
21213 308.624 8.4709 0.01 1 72 0
21230 314.747 8.36622 0.01 1 94 0
21233 301.251 8.17546 0.01 1 41 0
21239 314.747 8.36622 0.01 1 94 0
21242 303.766 8.13138 0.01 1 41 0
21264 302.789 8.14051 0.01 1 41 0
21294 309.459 7.76621 0.01 1 72 0
21309 313.711 8.47008 0.01 1 94 -0.0131139
21310 308.263 7.75456 0.01 1 72 0
21342 308.421 7.8139 0.01 1 72 0
21357 310.316 8.26802 0.01 1 72 0
21362 301.251 8.08949 0.01 1 42 0
21374 302.569 8.17546 0.01 1 42 -0.0193699
21379 314.033 8.36622 0.01 1 95 -0.0133646
21391 314.747 8.36622 0.01 1 95 0
21403 310.167 8.04426 0.01 1 72 0
21407 311.497 7.97566 0.01 1 72 0
21417 314.395 8.52711 0.01 1 94 0
21425 314.933 8.52147 0.01 1 94 0
21435 315.47 8.36622 0.01 1 96 0
21453 311.497 7.97566 0.01 1 72 0
21465 307.106 7.92328 0.01 1 72 0
21469 314.539 8.36622 0.01 1 94 0
21477 309.574 7.75283 0.01 1 72 0
21479 314.747 8.36622 0.01 1 95 0
21503 314.747 8.2888 0.01 1 94 0
21551 307.661 7.91552 0.01 1 72 0
21576 307.441 7.71252 0.01 1 72 0
21587 301.251 8.14051 0.01 1 42 0
21591 314.747 8.36622 0.01 1 94 0
21595 314.747 8.36622 0.01 1 95 0
21620 309.973 8.05642 0.01 1 72 0
21646 307.106 7.92328 0.01 1 72 0
21647 301.251 8.17546 0.01 1 40 0
21681 314.747 8.42201 0.01 1 95 0
21684 302.789 8.14051 0.01 1 41 0
21685 303.766 8.13138 0.01 1 40 0
21700 314.539 8.36622 0.01 1 94 0
21713 314.747 8.36622 0.01 1 94 0
21720 303.766 8.13138 0.01 1 41 0
21757 314.747 8.36622 0.01 1 95 0
21796 301.251 8.17546 0.01 1 41 0
21807 302.789 8.14051 0.01 1 40 0
21893 302.533 8.13138 0.01 1 42 0
21895 307.442 8.12304 0.01 1 72 0
21923 314.747 8.36622 0.01 1 94 0
21928 309.432 7.66709 0.01 1 72 0
21978 314.747 8.52147 0.01 1 94 0
21985 314.747 8.38629 0.01 1 94 0
21995 303.766 8.13138 0.01 1 41 0
22000 303.766 8.13138 0.01 1 41 0
22006 303.766 8.13138 0.01 1 42 0
22018 311.367 7.793 0.01 1 72 0
22048 314.747 8.36622 0.01 1 95 0
22074 314.747 8.36622 0.01 1 95 0
22083 314.747 8.36622 0.01 1 95 0
22111 303.766 8.13138 0.01 1 42 0
22115 314.747 8.36622 0.01 1 94 0
22118 307.106 7.92328 0.01 1 72 0
22128 305.359 8.02469 0.01 1 72 0
22129 303.766 8.13138 0.01 1 42 0
22140 303.766 8.13138 0.01 1 42 0
22155 303.766 8.13138 0.01 1 41 0
22158 309.973 7.7224 0.01 1 72 0
22160 308.812 7.64825 0.01 1 72 0
22170 303.766 8.13138 0.01 1 42 0
22171 303.766 8.13138 0.01 1 41 0
22185 304.367 8.09326 0.01 1 42 0
22190 309.975 7.98059 0.01 1 72 0
22199 304.154 8.13138 0.01 1 42 0
22218 308.624 8.4709 0.01 1 72 0
22222 302.967 8.13138 0.01 1 42 0
22232 309.975 7.98059 0.01 1 72 0
22248 310.005 8.35215 0.01 1 72 0
22265 303.766 8.00809 0.01 1 42 0
22296 310.864 8.21034 0.01 1 72 0
22303 303.766 7.98306 0.01 1 42 0
22319 303.766 8.13138 0.01 1 42 0
22324 314.747 8.36622 0.01 1 94 0
22331 314.747 8.36622 0.01 1 95 0
22364 310.319 8.29524 0.01 1 72 0
22379 307.436 8.10362 0.01 1 72 0
22397 303.766 8.13138 0.01 1 41 0
22402 314.747 8.47008 0.01 1 94 0
22404 302.789 8.14051 0.01 1 42 0
22406 303.766 8.13138 0.01 1 42 0
22408 314.747 8.26296 0.01 1 95 0
22459 303.766 8.14279 0.01 1 42 0.000195317
22472 304.643 8.13138 0.01 1 42 0
22474 314.747 8.36622 0.01 1 96 0
22480 315.337 8.37052 0.01 1 94 0
22487 303.766 8.13138 0.01 1 41 0
22492 314.747 8.36622 0.01 1 95 0
22502 301.124 8.17546 0.01 1 42 0.00184503
22504 312.173 8.23279 0.01 1 72 0
22537 303.766 8.13138 0.01 1 42 0
22566 303.766 8.13138 0.01 1 41 0
22604 314.747 8.47008 0.01 1 94 0
22621 314.662 8.36622 0.01 1 94 0
22632 303.766 8.13138 0.01 1 42 0
22671 303.766 8.15838 0.01 1 42 0
22677 314.747 8.36622 0.01 1 95 0
22720 314.747 8.36622 0.01 1 95 0
22726 303.766 8.13138 0.01 1 42 0
22782 314.747 8.36622 0.01 1 94 0
22783 309.144 8.04426 0.01 1 72 0
22785 301.251 8.20279 0.01 1 42 0
22793 307.661 7.96528 0.01 1 72 0
22799 306.877 8.05208 0.01 1 72 1.05649e-05
22859 303.766 8.13138 0.01 1 42 0
22895 314.747 8.36622 0.01 1 95 0
22902 314.395 8.52711 0.01 1 94 0
22904 303.766 8.13138 0.01 1 42 0
22910 303.766 8.13138 0.01 1 41 0
22916 309.432 7.74339 0.01 1 72 0
22917 314.747 8.36622 0.01 1 94 0
22937 302.287 8.13138 0.01 1 40 0
22939 314.747 8.36622 0.01 1 95 0
22986 303.766 8.13138 0.01 1 42 0
23033 309.144 8.04426 0.01 1 72 0
23038 307.209 8.05642 0.01 1 72 0
23055 302.287 7.98845 0.01 1 41 0
23062 303.265 8.14051 0.01 1 42 0
23088 303.766 8.13138 0.01 1 40 0
23093 307.661 7.96528 0.01 1 72 0
23100 303.766 8.15838 0.01 1 42 0
23151 303.766 8.13138 0.01 1 41 0
23153 302.303 8.13138 0.01 1 42 0
23169 314.747 8.30026 0.01 1 94 0
23172 303.766 8.13138 0.01 1 42 0
23185 302.967 8.13138 0.01 1 41 0
23195 303.766 8.13138 0.01 1 42 0
23200 314.395 8.52711 0.01 1 95 0
23206 303.766 8.13138 0.01 1 42 0
23259 302.789 8.14051 0.01 1 41 0
23273 302.789 8.22628 0.01 1 41 0
23287 312.772 8.18894 0.01 1 94 -0.026079
23316 309.39 8.50494 0.01 1 72 1.66893e-06
23345 302.789 8.14051 0.01 1 42 0
23398 304.139 8.13138 0.01 1 42 0
23441 314.539 8.36622 0.01 1 94 0
23463 310.319 8.29524 0.01 1 72 0
23476 314.747 8.36622 0.01 1 95 0
23483 302.631 8.13138 0.01 1 42 0
23487 303.766 8.13138 0.01 1 41 0
23490 302.287 8.13138 0.01 1 40 0
23498 303.766 8.13138 0.01 1 42 0
23504 314.747 8.36622 0.01 1 95 0
23528 302.287 8.13138 0.01 1 40 0
23542 303.689 8.13138 0.01 1 42 0.00110144
23543 303.766 8.13138 0.01 1 40 0
23565 315.145 8.36622 0.01 1 96 0.00526138
23588 304.154 8.13138 0.01 1 42 0
23613 303.766 8.13138 0.01 1 42 0
23621 302.287 8.13138 0.01 1 41 0
23628 302.789 8.14051 0.01 1 42 0
23637 301.251 8.17546 0.01 1 42 0
23640 303.766 8.13138 0.01 1 41 0
23675 314.747 8.36622 0.01 1 96 0
23679 307.782 7.94655 0.01 1 72 0
23682 314.747 8.36622 0.01 1 95 0
23691 305.934 7.92328 0.01 1 72 0
23713 303.766 8.13138 0.01 1 41 0
23720 311.497 7.97566 0.01 1 72 0
23734 303.766 8.13138 0.01 1 40 0
23737 303.766 8.17104 0.01 1 42 0
23750 311.078 8.21542 0.01 1 72 0
23755 301.251 8.08949 0.01 1 42 0
23762 314.747 8.36622 0.01 1 95 0
23777 301.251 8.14051 0.01 1 42 0
23779 312.015 7.6309 0.01 1 72 0
23792 308.313 7.89053 0.01 1 72 0
23830 312.772 8.18894 0.01 1 94 0
23835 307.661 7.91552 0.01 1 72 0
23854 311.569 7.6309 0.01 1 72 0
23856 303.766 8.13138 0.01 1 42 0
23881 303.766 8.13138 0.01 1 42 0
23886 311.569 7.6309 0.01 1 72 0
23892 302.789 8.19547 0.01 1 42 0
23894 309.432 7.74339 0.01 1 72 0
23964 306.115 8.05642 0.01 1 72 0
23977 309.352 7.93598 0.01 1 72 0
23981 314.747 8.38713 0.01 1 95 0
23997 303.766 8.13138 0.01 1 41 0
24004 314.747 8.32838 0.01 1 95 0
24005 314.747 8.2888 0.01 1 94 0
24060 314.747 8.42201 0.01 1 95 0
24061 302.287 8.13138 0.01 1 41 0
24065 314.747 8.2888 0.01 1 94 0
24067 303.766 8.13138 0.01 1 42 0
24069 314.747 8.36622 0.01 1 94 0
24078 314.747 8.36622 0.01 1 95 0
24107 303.766 8.13138 0.01 1 42 0
24109 318.171 8.36622 0.01 1 94 0
24113 308.263 7.75456 0.01 1 72 0
24140 303.766 8.13138 0.01 1 42 0
24152 309.144 8.04426 0.01 1 72 0
24180 302.789 8.14051 0.01 1 42 0
24189 303.766 8.13138 0.01 1 42 0
24192 303.766 8.13138 0.01 1 41 0
24200 303.766 7.99253 0.01 1 42 -0.00241127
24215 302.287 7.98845 0.01 1 41 0
24219 309.975 7.98059 0.01 1 72 0
24225 303.766 8.13138 0.01 1 42 0
24253 303.766 8.13138 0.01 1 41 0
24264 302.789 8.14051 0.01 1 42 0
24314 303.766 8.13138 0.01 1 42 0
24316 314.747 8.36622 0.01 1 96 0
24348 304.072 8.14051 0.01 1 42 0
