max_pf 100 min_pf 31
individual T0 sigma disp_rate r0 patch_no mut_eff
43 309.13 8.25119 0.01 1 72 0
51 317.209 7.54018 0.01 1 98 0
60 300.244 8.05144 0.01 1 31 0
94 307.796 7.93303 0.01 1 72 0
111 307.574 8.13614 0.01 1 72 0
170 298.116 7.978 0.01 1 33 0
179 298.116 7.978 0.01 1 33 0
273 298.116 7.978 0.01 1 33 0
307 307.04 7.71966 0.01 1 72 0
347 317.209 7.54018 0.01 1 98 0
376 309.573 7.70718 0.01 1 72 0
425 317.209 7.70649 0.01 1 98 0
429 298.116 8.05253 0.01 1 33 0
438 298.116 7.978 0.01 1 33 0
512 307.796 7.93303 0.01 1 72 0
519 298.116 7.978 0.01 1 33 0
538 308.791 7.91418 0.01 1 72 0
560 317.209 7.54018 0.01 1 98 0
572 307.874 7.84995 0.01 1 72 0
575 308.347 7.71361 0.01 1 72 0
677 303.25 7.978 0.01 1 33 0
690 309.992 7.67386 0.01 1 72 0
778 307.574 8.31335 0.01 1 72 0
796 298.116 7.87148 0.01 1 33 0
838 298.116 7.978 0.01 1 33 0
840 298.116 7.978 0.01 1 33 0
864 310.2 8.42731 0.01 1 72 0
867 307.574 7.9993 0.01 1 72 0
893 298.116 7.978 0.01 1 33 0
912 309.573 7.70718 0.01 1 72 0
914 309.723 8.219 0.01 1 72 0
964 317.209 7.54018 0.01 1 100 0
985 308.983 7.71361 0.01 1 72 0.00071089
1027 307.796 7.84995 0.01 1 72 0
1046 309.986 7.95376 0.01 1 72 0
1052 309.7 7.67386 0.01 1 72 0
1071 298.116 7.978 0.01 1 33 0
1083 298.116 7.978 0.01 1 33 0
1092 298.116 7.978 0.01 1 33 0
1113 317.209 7.54018 0.01 1 99 0
1122 318.439 7.76981 0.01 1 98 0
1146 298.116 7.978 0.01 1 33 0
1171 298.116 7.978 0.01 1 33 0
1260 307.574 8.13614 0.01 1 72 0
1262 317.209 7.54018 0.01 1 99 0
1266 309.912 7.94546 0.01 1 72 0
1345 298.116 8.09004 0.01 1 32 0
1388 317.209 7.6109 0.01 1 98 0
1433 316.732 7.76981 0.01 1 98 0
1461 306.715 7.83383 0.01 1 72 0
1486 308.687 8.21403 0.01 1 72 0
1583 298.116 7.978 0.01 1 32 0
1615 307.796 7.75897 0.01 1 72 -5.44488e-05
1627 317.209 7.45676 0.01 1 99 -0.000858247
1648 310.839 8.42731 0.01 1 72 0
1680 317.209 7.54018 0.01 1 99 0
1707 298.116 7.978 0.01 1 33 0
1722 317.209 7.54018 0.01 1 99 0
1740 317.209 7.54018 0.01 1 99 0
1753 298.116 7.978 0.01 1 33 0
1784 309.598 7.78039 0.01 1 72 0
1819 298.116 7.978 0.01 1 32 0
1822 317.209 7.54018 0.01 1 100 0
1832 297.446 7.89771 0.01 1 33 0
1856 308.223 7.95376 0.01 1 72 0
1863 317.209 7.54018 0.01 1 100 0
1904 317.209 7.54018 0.01 1 99 0
2009 317.209 7.54018 0.01 1 98 0
2011 308.791 7.91418 0.01 1 72 0
2016 298.116 8.01288 0.01 1 33 0.000563256
2022 300.321 7.94337 0.01 1 33 0
2039 317.696 7.54018 0.01 1 98 0
2043 308.687 8.21403 0.01 1 72 0
2068 298.116 7.978 0.01 1 32 0
2091 317.209 7.64287 0.01 1 99 0
2125 307.839 8.33548 0.01 1 72 0
2222 317.209 7.59228 0.01 1 99 0
2248 307.874 7.84995 0.01 1 72 0
2284 307.796 7.93303 0.01 1 72 0
2326 297.542 7.93322 0.01 1 33 0
2366 307.801 8.22097 0.01 1 72 0
2368 308.223 7.95376 0.01 1 72 0
2372 300.321 7.94337 0.01 1 32 0
2375 300.321 7.94337 0.01 1 33 0
2384 298.116 7.978 0.01 1 33 0
2390 298.116 7.978 0.01 1 32 0
2392 308.223 7.95376 0.01 1 72 0
2427 317.209 7.54018 0.01 1 98 0
2458 308.347 7.71361 0.01 1 72 0
2474 297.542 7.93322 0.01 1 33 0
2476 298.116 7.978 0.01 1 33 0
2482 309.992 7.67386 0.01 1 72 0
2502 298.116 7.93322 0.01 1 33 0
2523 309.622 8.25119 0.01 1 72 0
2527 308.223 7.95376 0.01 1 72 0
2528 298.116 7.978 0.01 1 33 0
2530 307.652 7.78489 0.01 1 72 0
2539 298.116 8.09004 0.01 1 33 0
2553 317.209 7.54018 0.01 1 99 0
2567 309.912 7.94546 0.01 1 72 0
2579 298.116 7.978 0.01 1 33 0
2772 319.124 7.35798 0.01 1 99 0
2821 317.696 7.38322 0.01 1 99 0
2825 317.209 7.54018 0.01 1 99 0
2827 317.209 7.54018 0.01 1 99 0
2857 298.116 7.978 0.01 1 33 0
2872 311.898 8.02002 0.01 1 72 0
2903 317.209 7.54018 0.01 1 99 0
2923 297.446 7.89771 0.01 1 33 0
2975 317.436 7.39306 0.01 1 98 0
3020 307.796 7.93303 0.01 1 72 0
3032 309.22 8.04062 0.01 1 72 0
3041 317.218 7.54018 0.01 1 98 0
3065 308.783 7.91418 0.01 1 72 0
3092 317.209 7.54018 0.01 1 99 0
3095 317.209 7.70649 0.01 1 99 0
3123 307.861 7.75642 0.01 1 72 0
3217 309.573 7.73515 0.01 1 72 3.96371e-06
3222 298.116 7.87878 0.01 1 33 0
3242 308.347 7.71361 0.01 1 72 0
3244 300.244 8.05144 0.01 1 32 0
3280 308.364 8.36789 0.01 1 72 0
3302 317.209 7.54018 0.01 1 100 0
3339 298.116 7.978 0.01 1 33 0
3341 300.244 8.05144 0.01 1 31 0
3403 307.874 7.84995 0.01 1 72 0
3412 317.209 7.54018 0.01 1 100 0
3494 307.04 7.71966 0.01 1 72 0
3533 317.209 7.76981 0.01 1 98 0
3535 298.116 7.978 0.01 1 33 0
3539 298.116 7.978 0.01 1 33 0
3546 307.574 7.88163 0.01 1 72 0
3557 298.116 7.978 0.01 1 33 0
3565 308.223 7.91418 0.01 1 72 0
3581 298.116 7.87878 0.01 1 33 0
3586 309.573 7.70718 0.01 1 72 0
3604 309.7 7.67386 0.01 1 72 0.000829875
3638 303.25 8.0972 0.01 1 32 0.00192399
3647 309.22 8.04062 0.01 1 72 0
3700 309.079 8.21403 0.01 1 72 0
3736 309.765 8.45744 0.01 1 72 0
3761 298.116 7.978 0.01 1 33 0
3802 317.218 7.54018 0.01 1 98 0
3815 317.209 7.54018 0.01 1 99 0
3848 317.218 7.54018 0.01 1 98 0
3937 317.227 7.76981 0.01 1 100 0
3943 308.223 7.91418 0.01 1 72 0
3965 317.209 7.54018 0.01 1 98 0
3975 309.573 7.70718 0.01 1 72 0
4041 317.209 7.54018 0.01 1 100 0
4057 298.116 7.87878 0.01 1 33 0
4058 310.834 8.41483 0.01 1 72 0
4063 300.296 8.05144 0.01 1 33 0
4129 317.209 7.54018 0.01 1 99 0
4154 310.966 7.94821 0.01 1 72 0
4163 317.209 7.63232 0.01 1 98 0.000537962
4176 302.919 8.13255 0.01 1 33 0
4183 298.131 7.978 0.01 1 33 0
4261 307.796 7.93303 0.01 1 72 0
4346 298.116 7.978 0.01 1 32 0
4347 309.573 7.70718 0.01 1 72 0
4352 309.039 8.15247 0.01 1 72 0
4358 307.796 7.93303 0.01 1 72 0
4397 298.116 7.978 0.01 1 33 0
4422 317.209 7.54018 0.01 1 100 0
4502 316.686 7.54018 0.01 1 99 0
4504 300.244 7.96503 0.01 1 31 0
4545 298.116 7.978 0.01 1 33 0
4567 308.223 7.95376 0.01 1 72 0
4584 298.131 7.978 0.01 1 33 0
4660 309.765 8.45744 0.01 1 72 0
4674 310.834 8.41547 0.01 1 72 0
4808 317.209 7.54018 0.01 1 100 0
4815 309.079 8.25119 0.01 1 72 0
4817 307.652 7.78489 0.01 1 72 0
4822 309.622 8.25119 0.01 1 72 0
4856 298.116 7.978 0.01 1 33 0
4877 307.113 7.95376 0.01 1 72 -0.00287992
4909 298.116 7.978 0.01 1 33 0
4940 308.687 8.21403 0.01 1 72 0
4956 316.686 7.54018 0.01 1 99 0
4984 316.732 7.76981 0.01 1 98 0
5022 309.079 8.25119 0.01 1 72 0
5079 307.574 7.88163 0.01 1 72 0
5107 298.116 7.978 0.01 1 33 0
5122 298.116 7.93322 0.01 1 33 0
5127 317.209 7.76981 0.01 1 98 0
5142 298.116 7.978 0.01 1 33 0
5148 309.039 8.15247 0.01 1 72 0
5201 307.839 8.33548 0.01 1 72 0
5238 307.839 8.31346 0.01 1 72 0
5282 308.347 7.71361 0.01 1 72 0
5288 310.834 8.41547 0.01 1 72 0
5442 298.116 7.978 0.01 1 33 0
5501 317.209 7.54018 0.01 1 99 0
5506 297.446 7.89771 0.01 1 33 0
5518 308.223 7.91418 0.01 1 72 0
5529 317.209 7.54018 0.01 1 99 0
5549 298.116 7.93322 0.01 1 33 0
5560 302.395 7.86478 0.01 1 33 0
5563 300.321 7.94337 0.01 1 33 0
5594 303.25 7.978 0.01 1 33 0
5615 317.209 7.54018 0.01 1 99 0
5616 317.209 7.65262 0.01 1 100 -0.000522003
5637 317.209 7.54018 0.01 1 99 0
5650 309.573 7.60556 0.01 1 72 -1.47521e-05
5664 317.209 7.54018 0.01 1 100 0
5700 298.116 7.978 0.01 1 33 0
5770 317.209 7.59228 0.01 1 99 0
5771 303.25 7.978 0.01 1 32 0
5845 317.209 7.76981 0.01 1 98 0
5850 309.039 8.15247 0.01 1 72 0
5851 309.357 8.25119 0.01 1 72 0
5951 317.209 7.54018 0.01 1 100 0
5985 317.209 7.54018 0.01 1 99 0
6030 309.598 7.78039 0.01 1 72 0
6048 307.04 7.79516 0.01 1 72 0
6062 317.209 7.64287 0.01 1 99 0
6120 298.116 7.978 0.01 1 33 0
6141 310.834 8.41483 0.01 1 72 0
6173 308.183 7.89498 0.01 1 72 0
6196 309.03 7.93303 0.01 1 72 0
6277 298.116 7.94596 0.01 1 32 0
6279 317.218 7.54018 0.01 1 98 0
6329 298.116 7.978 0.01 1 33 0
6332 310.226 8.19358 0.01 1 72 -0.00218865
6381 311.898 8.02002 0.01 1 72 0
6417 307.574 7.88163 0.01 1 72 0
6423 298.116 7.978 0.01 1 33 0
6441 319.547 7.6109 0.01 1 98 0
6450 298.116 7.978 0.01 1 33 0
6454 310.834 8.41483 0.01 1 72 0
6463 309.992 7.67386 0.01 1 72 0
6571 308.931 7.99533 0.01 1 72 0
6578 317.696 7.54018 0.01 1 98 0
6609 309.079 8.25119 0.01 1 72 0
6639 308.634 8.11096 0.01 1 72 0
6642 317.209 7.54018 0.01 1 98 0
6650 300.244 8.05144 0.01 1 31 0
6668 297.542 7.93322 0.01 1 33 0
6782 298.116 7.99759 0.01 1 33 0.000316873
6826 308.638 7.95918 0.01 1 72 0
6889 317.209 7.76981 0.01 1 98 0
6911 300.296 8.05144 0.01 1 33 0
6914 317.209 7.54018 0.01 1 99 0
6936 309.992 7.67386 0.01 1 72 0
6960 298.116 8.01686 0.01 1 33 0
7028 305.832 8.03082 0.01 1 72 0
7075 309.986 7.95376 0.01 1 72 0
7089 308.314 8.17824 0.01 1 72 0
7092 298.116 7.978 0.01 1 33 0
7111 311.898 8.02002 0.01 1 72 0
7174 298.116 7.978 0.01 1 33 0
7183 308.223 7.95376 0.01 1 72 0
7185 317.209 7.54018 0.01 1 99 0
7239 317.209 7.54018 0.01 1 99 0
7320 312.379 7.91922 0.01 1 72 0
7330 308.223 7.95376 0.01 1 72 0
7360 298.116 7.978 0.01 1 33 0
7396 317.544 7.38552 0.01 1 98 0
7416 298.116 7.978 0.01 1 33 0
7448 308.223 7.95376 0.01 1 72 0
7464 308.347 7.71361 0.01 1 72 0
7509 309.433 7.33543 0.01 1 72 0
7527 298.281 7.978 0.01 1 33 -0.00247128
7641 309.271 7.82482 0.01 1 72 0
7660 309.433 7.33543 0.01 1 72 0
7695 307.796 7.93303 0.01 1 72 0
7699 309.992 7.67386 0.01 1 72 0
7746 317.209 7.54018 0.01 1 98 0
7769 307.574 8.13614 0.01 1 72 0
7773 317.209 7.54018 0.01 1 99 0
7807 298.116 7.978 0.01 1 33 0
7831 317.209 7.54018 0.01 1 99 0
7942 298.131 7.978 0.01 1 33 0
7998 298.116 7.978 0.01 1 33 0
8010 309.622 8.25119 0.01 1 72 0
8012 311.006 7.67386 0.01 1 72 0
8027 300.244 7.96503 0.01 1 31 -0.00157748
8035 308.791 7.91418 0.01 1 72 0
8101 309.079 8.12619 0.01 1 72 0
8130 308.687 8.21403 0.01 1 72 0
8136 317.209 7.54018 0.01 1 99 0
8141 300.244 8.05144 0.01 1 31 0
8147 309.13 8.25119 0.01 1 72 0
8148 301.72 7.94337 0.01 1 33 -0.0177071
8182 317.436 7.39306 0.01 1 98 0
8209 317.209 7.54018 0.01 1 99 0
8322 309.22 7.96512 0.01 1 72 0
8369 298.116 7.978 0.01 1 33 0
8402 308.638 7.95918 0.01 1 72 0
8438 310.834 8.41547 0.01 1 72 0
8484 317.209 7.54018 0.01 1 99 0
8500 311.898 8.02002 0.01 1 72 0
8508 307.796 7.84995 0.01 1 72 0
8541 309.573 7.70718 0.01 1 72 0
8562 298.116 7.978 0.01 1 33 0
8603 298.062 7.87878 0.01 1 33 0
8621 317.209 7.76981 0.01 1 98 0
8685 317.209 7.54018 0.01 1 99 0
8703 310.079 7.95067 0.01 1 72 0
8739 303.25 8.13255 0.01 1 33 0
8834 308.931 8.10505 0.01 1 72 0
8865 308.791 7.91418 0.01 1 72 0
8970 317.209 7.54018 0.01 1 98 0
9026 309.992 7.67386 0.01 1 72 0
9032 317.209 7.54018 0.01 1 99 0
9044 306.888 7.7454 0.01 1 72 -1.77175e-05
9048 298.116 8.09004 0.01 1 33 0
9054 298.116 7.978 0.01 1 33 0
9111 309.079 8.21403 0.01 1 72 0
9125 317.209 7.59228 0.01 1 99 0
9140 298.116 7.978 0.01 1 33 0
9196 298.116 7.978 0.01 1 33 0
9231 300.244 8.0778 0.01 1 32 0.000477746
9255 319.124 7.35798 0.01 1 99 0
9294 307.796 7.93303 0.01 1 72 0
9322 298.116 7.978 0.01 1 32 0
9335 315.399 7.54018 0.01 1 98 0
9373 310.629 8.07182 0.01 1 72 0
9374 308.347 7.71361 0.01 1 72 0
9413 309.622 8.25119 0.01 1 72 0
9482 307.04 7.71966 0.01 1 72 0
9497 309.992 7.67386 0.01 1 72 0
9514 298.116 7.978 0.01 1 33 0
9607 308.931 8.10505 0.01 1 72 0
9614 306.888 7.7454 0.01 1 72 0
9648 308.638 7.95918 0.01 1 72 0
9685 309.986 7.95376 0.01 1 72 0
9704 308.791 7.91418 0.01 1 72 0
9789 308.223 7.95376 0.01 1 72 0
9830 316.732 7.76981 0.01 1 98 0
9908 297.542 7.93322 0.01 1 33 0
9950 307.574 8.31335 0.01 1 72 0
9975 317.209 7.64287 0.01 1 99 0
9991 307.801 8.22097 0.01 1 72 0
10043 315.176 7.45785 0.01 1 100 0
10082 300.321 7.94337 0.01 1 33 0
10099 317.544 7.38552 0.01 1 98 0
10113 311.898 8.02002 0.01 1 72 0
10235 309.696 8.45744 0.01 1 72 0
10252 308.364 8.33548 0.01 1 72 0
10293 309.079 8.21403 0.01 1 72 0
10303 309.079 8.21403 0.01 1 72 0
10455 307.796 7.75362 0.01 1 72 0
10612 298.116 7.978 0.01 1 33 0
10678 308.791 7.91418 0.01 1 72 0
10709 309.986 7.95376 0.01 1 72 0
10714 308.223 7.95376 0.01 1 72 0
10742 308.223 7.95376 0.01 1 72 0
10749 317.209 7.76981 0.01 1 98 0
10779 310.629 8.11303 0.01 1 72 0
10784 315.176 7.45785 0.01 1 100 0
10812 298.116 7.978 0.01 1 33 0
10847 298.116 7.978 0.01 1 32 0
10854 317.209 7.70649 0.01 1 98 0
10899 317.209 7.59228 0.01 1 99 0
10943 317.209 7.54018 0.01 1 99 0
10993 298.116 7.978 0.01 1 33 0
11067 318.439 7.76981 0.01 1 98 0
11106 307.04 7.79516 0.01 1 72 0
11110 298.116 7.978 0.01 1 33 0
11162 317.209 7.54018 0.01 1 99 0
11193 307.796 7.93303 0.01 1 72 0
11223 317.209 7.54018 0.01 1 99 0
11255 317.209 7.70649 0.01 1 99 0
11286 317.209 7.74558 0.01 1 98 0
11289 298.116 7.978 0.01 1 33 0
11300 298.116 7.978 0.01 1 33 0
11329 317.209 7.54018 0.01 1 99 0
11336 309.949 7.91653 0.01 1 72 0
11343 317.563 7.54018 0.01 1 98 0
11361 308.931 8.10505 0.01 1 72 0
11377 317.209 7.54018 0.01 1 98 0
11380 308.791 7.91418 0.01 1 72 0
11382 306.603 8.09642 0.01 1 72 0
11469 310.839 8.42731 0.01 1 72 0
11492 310.834 8.41547 0.01 1 72 7.00355e-07
11524 309.992 7.67386 0.01 1 72 0
11677 298.116 7.978 0.01 1 33 0
11683 298.116 7.978 0.01 1 33 0
11703 308.391 8.0511 0.01 1 72 0
11706 307.796 7.93303 0.01 1 72 0
11735 298.116 7.978 0.01 1 32 0
11780 309.992 7.67386 0.01 1 72 0
11893 317.696 7.54018 0.01 1 98 0
11899 300.321 7.94337 0.01 1 33 0
11912 317.209 7.70649 0.01 1 98 0
11943 307.574 7.9993 0.01 1 72 0
11951 300.321 8.05144 0.01 1 33 0
11969 297.446 7.89771 0.01 1 33 0
11976 309.992 7.67386 0.01 1 72 0
12032 298.116 7.978 0.01 1 33 0
12038 300.244 8.05144 0.01 1 32 0
12066 317.209 7.54018 0.01 1 98 0
12121 309.622 8.25119 0.01 1 72 0
12155 298.116 7.978 0.01 1 33 0
12167 317.218 7.54018 0.01 1 98 0
12187 319.547 7.6109 0.01 1 98 0
12212 317.209 7.76981 0.01 1 98 0
12235 309.079 8.25119 0.01 1 72 0
12254 298.116 7.93322 0.01 1 33 0
12281 317.209 7.54018 0.01 1 98 0
12284 296.564 7.978 0.01 1 33 0.0233608
12288 308.347 7.71361 0.01 1 72 0
12299 298.116 7.87523 0.01 1 33 -0.00168618
12334 317.209 7.70649 0.01 1 99 0
12344 298.116 7.978 0.01 1 32 0
12394 296.926 7.978 0.01 1 32 0.0249589
12444 317.209 7.59228 0.01 1 99 0
12462 317.209 7.54018 0.01 1 99 0
12494 298.116 7.978 0.01 1 33 0
12499 317.209 7.54018 0.01 1 100 0
12528 298.116 7.978 0.01 1 33 0
12546 311.898 8.02002 0.01 1 72 0
12601 317.696 7.54018 0.01 1 98 0
12619 308.791 7.91418 0.01 1 72 0
12635 311.536 8.41483 0.01 1 72 -0.00416201
12695 317.209 7.54018 0.01 1 98 0
12718 311.898 8.02002 0.01 1 72 0
12724 308.046 7.89498 0.01 1 72 0
12747 307.874 7.84995 0.01 1 72 0
12751 309.079 8.21403 0.01 1 72 0
12763 298.116 7.978 0.01 1 33 0
12772 298.116 7.93322 0.01 1 33 0
12787 309.039 8.15247 0.01 1 72 0
12790 310.834 8.41483 0.01 1 72 0
12808 309.573 7.70718 0.01 1 72 0
12813 308.364 8.34486 0.01 1 72 0
12823 318.439 7.76981 0.01 1 98 0
12842 303.25 7.978 0.01 1 33 0
12854 298.116 7.978 0.01 1 33 0
12855 309.079 8.25119 0.01 1 72 0
12972 309.093 7.70718 0.01 1 72 0.00133076
13008 300.321 7.94337 0.01 1 33 0
13014 309.22 7.96512 0.01 1 72 0
13047 317.209 7.54018 0.01 1 99 0
13096 309.573 7.70718 0.01 1 72 0
13101 308.699 7.91418 0.01 1 72 0
13151 317.209 7.54018 0.01 1 98 0
13193 298.116 7.978 0.01 1 33 0
13212 309.402 7.47521 0.01 1 72 0
13214 298.116 7.978 0.01 1 33 0
13336 307.04 7.71966 0.01 1 72 0
13345 317.209 7.64287 0.01 1 99 0
13372 298.116 7.978 0.01 1 33 0
13495 303.25 7.978 0.01 1 32 0
13503 309.079 8.25119 0.01 1 72 0
13506 297.542 7.93322 0.01 1 33 0
13514 317.209 7.67489 0.01 1 98 -0.00077571
13536 317.209 7.70649 0.01 1 98 0
13582 309.079 8.25119 0.01 1 72 0
13669 298.116 7.978 0.01 1 33 0
13685 303.25 7.978 0.01 1 32 0
13696 307.225 8.31335 0.01 1 72 -0.00157773
13745 309.992 7.67386 0.01 1 72 0
13753 317.209 7.64287 0.01 1 99 0
13868 298.116 7.978 0.01 1 33 0
13870 316.686 7.54018 0.01 1 99 0
13888 318.439 7.76981 0.01 1 98 0
13894 317.209 7.76981 0.01 1 98 0
13908 307.04 7.71966 0.01 1 72 0
13918 309.079 8.25119 0.01 1 72 0
13934 317.209 7.54018 0.01 1 99 0
14094 298.116 7.978 0.01 1 33 0
14117 310.175 7.67386 0.01 1 72 0
14150 298.116 7.978 0.01 1 32 0
14158 300.321 7.94337 0.01 1 33 0
14219 317.209 7.54018 0.01 1 100 0
14237 317.209 7.54018 0.01 1 99 0
14249 298.116 7.978 0.01 1 33 0
14270 308.687 8.21403 0.01 1 72 0
14294 310.834 8.41483 0.01 1 72 0
14311 307.861 7.75642 0.01 1 72 0
14334 300.321 7.94337 0.01 1 33 0
14338 309.079 8.24935 0.01 1 72 0
14407 317.209 7.54018 0.01 1 99 0
14419 309.079 8.25119 0.01 1 72 0
14425 309.079 8.25119 0.01 1 72 0
14431 308.391 8.0511 0.01 1 72 0
14456 308.791 7.91418 0.01 1 72 0
14460 298.116 7.978 0.01 1 33 0
14468 298.116 7.978 0.01 1 33 0
14519 298.116 8.05253 0.01 1 33 0
14541 298.116 7.978 0.01 1 33 0
14567 308.687 8.21403 0.01 1 72 0
14581 298.116 7.978 0.01 1 33 0
14592 317.209 7.54018 0.01 1 100 0
14635 317.209 7.54018 0.01 1 99 0
14660 307.574 7.79516 0.01 1 72 0.00288367
14710 308.791 7.91418 0.01 1 72 0
14720 298.116 7.87878 0.01 1 33 0
14735 317.209 7.54018 0.01 1 99 0
14737 307.839 8.33548 0.01 1 72 0
14745 317.209 7.49895 0.01 1 100 -0.000480354
14750 298.116 7.978 0.01 1 33 0
14830 317.209 7.66655 0.01 1 99 0
14842 303.293 7.978 0.01 1 33 -0.000421762
14855 317.209 7.54018 0.01 1 99 0
14866 309.866 7.78039 0.01 1 72 0
14892 307.04 7.66037 0.01 1 72 0
14903 300.321 7.94337 0.01 1 33 0
14947 299.166 7.978 0.01 1 33 0
14983 309.079 8.25119 0.01 1 72 0
14991 317.209 7.76981 0.01 1 98 0
15006 317.209 7.54018 0.01 1 98 0
15042 309.765 8.45744 0.01 1 72 0
15089 308.364 8.36789 0.01 1 72 0
15107 317.209 7.6109 0.01 1 98 0
15157 310.839 8.42731 0.01 1 72 0
15197 317.209 7.54018 0.01 1 98 0
15204 298.116 7.978 0.01 1 33 0
15230 317.209 7.76981 0.01 1 98 0
15320 308.347 7.71361 0.01 1 72 0
15347 317.209 7.66655 0.01 1 99 0
15357 308.391 8.0511 0.01 1 72 0
15410 298.116 7.978 0.01 1 33 0
15483 317.209 7.54018 0.01 1 99 0
15498 308.223 7.95376 0.01 1 72 0
15520 307.796 7.93303 0.01 1 72 0
15533 310.629 8.19988 0.01 1 72 0
15544 309.7 7.67386 0.01 1 72 0
15557 309.22 8.04062 0.01 1 72 0
15561 309.079 8.25119 0.01 1 72 0
15570 298.116 7.94596 0.01 1 32 -0.000544302
15607 317.209 7.76981 0.01 1 98 0
15658 308.791 7.91418 0.01 1 72 0
15680 317.209 7.76981 0.01 1 98 0
15688 317.209 7.54018 0.01 1 98 0
15708 317.209 7.76981 0.01 1 98 0
15716 308.687 8.21403 0.01 1 72 0
15771 298.116 7.978 0.01 1 33 0
15782 298.116 7.978 0.01 1 33 0
15853 298.116 7.978 0.01 1 33 0
15909 317.209 7.54018 0.01 1 99 0
15911 311.187 8.45744 0.01 1 72 0
15971 317.209 7.54018 0.01 1 98 0
16033 306.478 7.99951 0.01 1 72 0
16171 310.834 8.41483 0.01 1 72 0
16195 317.563 7.54018 0.01 1 98 0
16220 317.209 7.70649 0.01 1 98 0
16233 309.03 7.93303 0.01 1 72 0
16242 308.364 8.36789 0.01 1 72 0
16246 317.209 7.76981 0.01 1 98 0
16262 317.209 7.54018 0.01 1 100 0
16278 298.116 7.87878 0.01 1 33 0
16322 309.433 7.33543 0.01 1 72 0
16329 309.598 7.78039 0.01 1 72 0
16330 307.796 7.84995 0.01 1 72 0
16339 300.321 7.978 0.01 1 33 0
16347 298.116 7.978 0.01 1 33 0
16374 317.209 7.76981 0.01 1 98 0
16413 303.25 8.13255 0.01 1 33 0
16434 298.116 7.978 0.01 1 33 0
16463 309.986 7.95376 0.01 1 72 0
16506 317.605 7.70353 0.01 1 98 0.006479
16511 317.209 7.54018 0.01 1 98 0
16518 309.079 8.25119 0.01 1 72 0
16577 298.116 7.978 0.01 1 33 0
16598 298.116 7.978 0.01 1 33 0
16605 308.223 7.95376 0.01 1 72 0
16692 317.209 7.54018 0.01 1 99 0
16711 307.796 7.84995 0.01 1 72 0
16805 319.124 7.35798 0.01 1 99 0
16815 316.732 7.76981 0.01 1 99 0
16926 298.116 8.10657 0.01 1 33 0.00205412
16963 317.209 7.70649 0.01 1 98 0
16965 317.209 7.54018 0.01 1 99 0
16987 298.116 7.87878 0.01 1 33 -0.00154328
16988 309.573 7.70718 0.01 1 72 0
17084 298.116 7.978 0.01 1 33 0
17164 307.861 7.75642 0.01 1 72 0
17175 308.391 8.0511 0.01 1 72 0
17183 298.116 7.978 0.01 1 32 0
17280 307.574 7.79516 0.01 1 72 0
17282 317.209 7.54018 0.01 1 99 0
17320 298.116 7.978 0.01 1 33 0
17380 298.116 7.978 0.01 1 33 0
17402 308.931 7.99533 0.01 1 72 0
17555 308.347 7.71361 0.01 1 72 0
17588 307.796 7.93303 0.01 1 72 0
17626 298.116 7.978 0.01 1 32 0
17649 298.116 7.978 0.01 1 33 0
17677 312.141 8.02002 0.01 1 72 -0.00211141
17710 310.839 8.42731 0.01 1 72 0
17713 317.209 7.76981 0.01 1 98 0
17783 298.116 7.978 0.01 1 33 0
17810 298.116 7.978 0.01 1 33 0
17813 317.209 7.54018 0.01 1 99 0
17844 307.04 7.71966 0.01 1 72 0
17847 309.573 7.70718 0.01 1 72 0
17853 317.209 7.54018 0.01 1 99 0
17927 317.209 7.54018 0.01 1 99 0
17969 308.347 7.71361 0.01 1 72 0
17975 317.209 7.54018 0.01 1 100 0
17988 317.209 7.54018 0.01 1 99 0
18034 298.116 7.978 0.01 1 33 0
18063 308.634 8.11096 0.01 1 72 0
18083 307.796 7.84995 0.01 1 72 0
18117 309.98 7.9286 0.01 1 72 0
18153 300.296 8.05144 0.01 1 33 0
18212 307.839 8.33548 0.01 1 72 0
18253 317.209 7.54018 0.01 1 99 0
18283 311.187 8.45744 0.01 1 72 0
18290 298.116 7.87878 0.01 1 33 0
18346 307.839 8.33548 0.01 1 72 0
18383 308.223 7.95376 0.01 1 72 0
18388 298.116 7.978 0.01 1 33 0
18464 317.209 7.54018 0.01 1 99 0
18488 308.223 7.95376 0.01 1 72 0
18578 298.116 7.978 0.01 1 33 0
18582 308.347 7.71361 0.01 1 72 0
18651 308.931 8.06318 0.01 1 72 0
18691 309.13 8.30048 0.01 1 72 0
18701 307.839 8.31346 0.01 1 72 0
18766 300.321 7.94337 0.01 1 33 0
18786 309.573 7.70718 0.01 1 72 0
18818 309.573 7.70718 0.01 1 72 0
18908 309.433 7.33543 0.01 1 72 0
18930 317.209 7.63232 0.01 1 98 0
18956 298.116 7.978 0.01 1 33 0
18980 317.209 7.54018 0.01 1 100 0
19037 298.116 7.978 0.01 1 32 0
19063 310.834 8.41483 0.01 1 72 0
19115 317.209 7.54018 0.01 1 100 0
19212 298.116 7.978 0.01 1 33 0
19226 317.209 7.76981 0.01 1 98 0
19301 309.949 7.91653 0.01 1 72 0
19309 307.796 7.84995 0.01 1 72 0
19348 317.209 7.66655 0.01 1 100 0
19373 307.861 7.75642 0.01 1 72 0
19388 307.839 8.31346 0.01 1 72 0
19391 317.209 7.59228 0.01 1 99 0
19409 298.116 7.978 0.01 1 33 0
19468 317.209 7.54018 0.01 1 98 0
19498 298.116 7.978 0.01 1 33 0
19507 309.598 7.78039 0.01 1 72 0
19509 308.73 8.12627 0.01 1 72 0
19535 298.116 7.978 0.01 1 33 0
19567 300.244 8.05144 0.01 1 31 0
19574 309.079 8.21403 0.01 1 72 0
19608 317.209 7.59228 0.01 1 99 0
19609 308.223 7.95376 0.01 1 72 0
19657 317.209 7.54018 0.01 1 99 0
19688 308.391 8.0511 0.01 1 72 0
19727 318.441 7.66655 0.01 1 99 0.0161256
19734 308.634 8.11096 0.01 1 72 0
19754 307.874 7.84995 0.01 1 72 0.000165179
19757 298.116 7.978 0.01 1 33 0
19762 307.796 7.93303 0.01 1 72 0
19796 317.209 7.70649 0.01 1 98 0
19864 309.992 7.67386 0.01 1 72 0
19929 300.244 8.05144 0.01 1 31 0
19958 309.622 8.25119 0.01 1 72 0
19962 298.116 7.93322 0.01 1 33 0
19963 309.992 7.67386 0.01 1 72 0
19977 317.209 7.54018 0.01 1 99 0
19978 311.187 8.45744 0.01 1 72 0
20001 310.867 8.11303 0.01 1 72 0
20030 317.209 7.54018 0.01 1 99 0
20040 307.839 8.33548 0.01 1 72 0
20129 317.209 7.54018 0.01 1 98 0
20186 317.209 7.54018 0.01 1 99 0
20199 317.209 7.76981 0.01 1 98 0
20256 309.079 8.21403 0.01 1 72 0
20268 308.699 7.91418 0.01 1 72 -7.51317e-05
20288 317.209 7.54018 0.01 1 99 0
20328 310.867 8.11303 0.01 1 72 0
20341 298.116 7.978 0.01 1 33 0
20360 298.116 7.978 0.01 1 33 0
20393 309.98 7.9286 0.01 1 72 0
20478 307.952 7.91418 0.01 1 72 0
20518 298.116 7.978 0.01 1 33 0
20566 309.433 7.33543 0.01 1 72 0
20589 317.209 7.54018 0.01 1 98 0
20602 307.861 7.75642 0.01 1 72 0
20606 309.622 8.25119 0.01 1 72 0
20608 307.952 7.91418 0.01 1 72 0
20720 303.25 7.978 0.01 1 33 0
20732 307.796 7.84995 0.01 1 72 0
20740 307.574 8.13614 0.01 1 72 0
20792 317.209 7.54018 0.01 1 100 0
20795 298.116 7.978 0.01 1 33 0
20805 317.209 7.54018 0.01 1 99 0
20808 311.898 8.02002 0.01 1 72 0
20825 298.116 7.978 0.01 1 33 0
20832 298.116 7.978 0.01 1 33 0
20862 317.544 7.38552 0.01 1 98 0.00464062
20917 317.209 7.54018 0.01 1 98 0
20939 300.321 7.94337 0.01 1 33 0
20996 309.912 7.94546 0.01 1 72 0
21070 316.686 7.54018 0.01 1 99 0
21175 317.209 7.54018 0.01 1 98 0
21198 298.116 7.978 0.01 1 33 0
21213 298.116 7.93322 0.01 1 33 0
21218 317.209 7.76981 0.01 1 98 0
21245 310.542 8.42731 0.01 1 72 0
21276 309.13 8.30048 0.01 1 72 0
21296 300.244 8.05144 0.01 1 32 0
21297 308.347 7.71361 0.01 1 72 0
21459 308.223 7.95376 0.01 1 72 0
21465 309.912 7.94546 0.01 1 72 0
21499 309.079 8.25119 0.01 1 72 0
21590 300.244 8.05144 0.01 1 31 0
21601 317.209 7.76981 0.01 1 98 0
21625 307.574 8.13614 0.01 1 72 0
21661 297.811 7.978 0.01 1 33 0.0045969
21664 298.116 8.09004 0.01 1 32 0
21760 309.912 7.94546 0.01 1 72 0
21800 309.992 7.67386 0.01 1 72 0
21813 298.116 7.978 0.01 1 33 0
21835 309.912 7.94546 0.01 1 72 0
21893 317.209 7.76981 0.01 1 98 0
21898 317.434 7.48905 0.01 1 99 0.000302896
21930 317.209 7.54018 0.01 1 100 0
21987 317.209 7.70649 0.01 1 99 0
22043 298.116 7.978 0.01 1 33 0
22055 317.209 7.54018 0.01 1 99 0
22078 297.446 7.89771 0.01 1 33 0
22083 309.079 8.21403 0.01 1 72 0
22095 307.796 7.84995 0.01 1 72 0
22128 298.116 8.05253 0.01 1 33 0
22146 309.039 8.15247 0.01 1 72 0
22150 298.116 7.87878 0.01 1 33 0
22153 307.839 8.33548 0.01 1 72 0
22226 308.347 7.71361 0.01 1 72 0
22246 308.699 7.91418 0.01 1 72 0
22260 317.209 7.54018 0.01 1 99 0
22301 308.687 8.21403 0.01 1 72 0
22392 309.573 7.70718 0.01 1 72 0
22402 297.542 7.93322 0.01 1 33 0
22405 309.992 7.67386 0.01 1 72 0
22416 298.116 7.978 0.01 1 33 0
22436 317.209 7.54018 0.01 1 98 0
22439 308.223 7.95376 0.01 1 72 0
22532 297.542 7.93322 0.01 1 33 0
22550 307.861 7.75642 0.01 1 72 0
22597 298.116 7.978 0.01 1 33 0
22617 300.296 8.05144 0.01 1 33 0
22676 308.223 7.95376 0.01 1 72 0
22834 298.116 7.93322 0.01 1 33 0
22863 307.839 8.33548 0.01 1 72 0
22892 298.116 8.09004 0.01 1 33 0
22903 317.209 7.38552 0.01 1 98 0
22914 298.116 7.978 0.01 1 33 0
22918 309.992 7.67386 0.01 1 72 0
22961 298.116 7.978 0.01 1 33 0
23040 298.116 7.978 0.01 1 33 0
23060 298.116 7.93322 0.01 1 33 0
23087 308.364 8.2978 0.01 1 72 -6.54161e-06
23103 309.079 8.25119 0.01 1 72 0
23141 308.223 7.91418 0.01 1 72 0
23158 304.877 7.978 0.01 1 33 0
23178 311.898 8.02002 0.01 1 72 0
23233 298.116 7.978 0.01 1 33 0
23254 308.223 7.95376 0.01 1 72 0
23259 317.209 7.54018 0.01 1 99 0
23296 309.13 8.30048 0.01 1 72 0
23303 317.209 7.70649 0.01 1 98 0
23307 298.116 7.978 0.01 1 33 0
23329 317.218 7.38937 0.01 1 100 0
23343 316.955 7.54018 0.01 1 98 -0.00352623
23351 298.116 7.978 0.01 1 33 0
23386 298.116 7.978 0.01 1 33 0
23408 307.04 7.79516 0.01 1 72 0
23415 317.209 7.76981 0.01 1 98 0
23488 298.116 7.978 0.01 1 33 0
23592 309.912 7.94546 0.01 1 72 0
23603 317.227 7.76981 0.01 1 100 0
23632 300.321 7.978 0.01 1 33 0
23660 298.116 7.978 0.01 1 33 0
23663 298.116 7.978 0.01 1 32 0
23681 297.542 7.93322 0.01 1 33 0
23706 309.912 7.94546 0.01 1 72 0
23727 308.783 7.91418 0.01 1 72 0
23749 308.791 7.91418 0.01 1 72 0
23776 309.162 8.09832 0.01 1 72 0
23794 309.7 7.67386 0.01 1 72 0
23825 308.391 8.0511 0.01 1 72 0
23916 310.265 8.25464 0.01 1 72 0
23938 298.116 7.978 0.01 1 33 0
23957 317.209 7.54018 0.01 1 98 0
23972 298.116 7.978 0.01 1 33 0
23983 308.791 7.91418 0.01 1 72 0
24012 309.992 7.67386 0.01 1 72 0
24016 310.629 8.11303 0.01 1 72 0
24020 309.723 8.219 0.01 1 72 0
24046 308.223 7.91418 0.01 1 72 0
24086 298.116 7.978 0.01 1 33 0
24102 309.986 7.95376 0.01 1 72 0
24104 298.116 7.978 0.01 1 33 0
24137 307.574 7.93022 0.01 1 72 3.90708e-05
24151 307.801 8.22097 0.01 1 72 0
24157 308.347 7.71361 0.01 1 72 0
24206 317.209 7.54018 0.01 1 98 0
24255 308.223 7.95376 0.01 1 72 0
24276 317.209 7.59228 0.01 1 99 0
24312 300.321 7.978 0.01 1 33 0
24314 317.209 7.54018 0.01 1 99 0
24375 298.116 7.978 0.01 1 33 0
24400 317.209 7.54018 0.01 1 98 0
24414 317.209 7.54018 0.01 1 99 0
24427 298.116 7.87523 0.01 1 33 0
24484 298.116 7.978 0.01 1 33 0
24507 317.209 7.54018 0.01 1 99 0
24515 318.439 7.76981 0.01 1 98 0
24581 315.176 7.45785 0.01 1 100 0
24616 309.079 8.21403 0.01 1 72 0
24617 309.7 7.67386 0.01 1 72 0
24650 310.629 8.20819 0.01 1 72 0
24670 309.912 7.94546 0.01 1 72 0
24734 310.834 8.41483 0.01 1 72 0
24742 298.116 7.978 0.01 1 33 0
24748 308.699 7.91418 0.01 1 72 0
24782 307.796 7.93303 0.01 1 72 0
24810 309.039 8.15247 0.01 1 72 0
24846 309.079 8.21403 0.01 1 72 0
24858 307.796 7.93303 0.01 1 72 0
24860 306.888 7.75505 0.01 1 72 0
24908 303.25 8.13255 0.01 1 33 0
24912 317.209 7.54018 0.01 1 100 0
25041 309.992 7.67386 0.01 1 72 0
25062 317.209 7.86066 0.01 1 98 0
25096 317.209 7.54018 0.01 1 99 0
25130 318.439 7.76981 0.01 1 99 0
25140 307.796 7.93303 0.01 1 72 0
25174 309.992 7.67386 0.01 1 72 0
25211 317.209 7.54018 0.01 1 100 0
25230 310.265 8.25464 0.01 1 72 0
25242 309.992 7.67386 0.01 1 72 0
25253 317.209 7.54018 0.01 1 99 0
25306 298.116 7.978 0.01 1 32 0
25347 309.079 8.25119 0.01 1 72 0
25376 307.574 8.13614 0.01 1 72 0
25378 308.783 7.91418 0.01 1 72 0
25380 311.898 8.02002 0.01 1 72 0
25420 307.839 8.33548 0.01 1 72 0
25473 317.209 7.54018 0.01 1 99 0
25482 298.116 8.09004 0.01 1 33 0.0017935
25516 317.209 7.76981 0.01 1 98 0
25604 298.116 7.978 0.01 1 32 0
25631 311.096 8.25464 0.01 1 72 0
25655 317.209 7.54018 0.01 1 99 0
25665 298.116 7.978 0.01 1 33 0
25700 309.986 7.96671 0.01 1 72 4.91738e-06
25710 303.25 8.13255 0.01 1 33 0
25745 310.839 8.42731 0.01 1 72 0
25757 298.116 7.978 0.01 1 33 0
25766 317.218 7.55488 0.01 1 98 0.000127181
25803 317.544 7.38552 0.01 1 98 0
25812 317.563 7.54018 0.01 1 98 0
25855 298.116 8.05253 0.01 1 33 0.00113473
25858 309.449 8.25119 0.01 1 72 0
25918 317.209 7.54018 0.01 1 99 0
25922 309.079 8.25119 0.01 1 72 0
25951 317.209 7.74558 0.01 1 98 0
26015 317.209 7.54018 0.01 1 100 0
26027 298.131 7.978 0.01 1 33 0
26032 317.209 7.6109 0.01 1 98 0
26034 298.116 7.978 0.01 1 33 0
26058 317.218 7.54018 0.01 1 98 0
26092 310.834 8.41483 0.01 1 72 0
26104 300.244 8.05144 0.01 1 32 0
26131 308.638 7.95918 0.01 1 72 0
26145 317.209 7.54018 0.01 1 98 0
26167 298.116 7.978 0.01 1 33 0
26223 309.992 7.67386 0.01 1 72 0
26232 298.116 7.87878 0.01 1 33 0
26252 317.209 7.54018 0.01 1 99 0
26275 300.244 8.05144 0.01 1 31 0
26279 298.116 7.978 0.01 1 33 0
26299 310.834 8.41483 0.01 1 72 0
26337 317.209 7.54018 0.01 1 99 0
26405 303.25 7.978 0.01 1 33 0
26453 317.209 7.54018 0.01 1 99 0
26463 309.357 8.25119 0.01 1 72 0
26487 317.209 7.54018 0.01 1 98 0
26510 309.986 7.95376 0.01 1 72 0
26533 317.209 7.38552 0.01 1 98 0
26557 317.209 7.54018 0.01 1 99 0
26565 309.039 8.15247 0.01 1 72 0
26676 317.209 7.54018 0.01 1 99 0
26690 309.079 8.21403 0.01 1 72 0
26716 298.116 7.978 0.01 1 33 0
26798 307.952 7.91418 0.01 1 72 0
26830 298.116 7.978 0.01 1 33 0
26835 317.209 7.70649 0.01 1 99 0
26854 309.079 8.21403 0.01 1 72 0
26885 315.176 7.45785 0.01 1 100 0
26898 317.209 7.54018 0.01 1 99 0
26916 311.187 8.45744 0.01 1 72 0
26927 317.696 7.54018 0.01 1 98 0
26933 309.079 8.25119 0.01 1 72 0
26953 298.116 7.978 0.01 1 33 0
26960 298.116 7.83257 0.01 1 33 -0.00239782
26973 308.223 7.95376 0.01 1 72 0
26978 298.116 7.978 0.01 1 33 0
27097 311.898 8.02002 0.01 1 72 0
27127 317.209 7.54018 0.01 1 98 0
27135 300.321 7.94337 0.01 1 33 0
27153 317.209 7.76981 0.01 1 98 0
27173 298.116 7.978 0.01 1 32 0
27201 310.867 8.11303 0.01 1 72 0
27337 309.039 8.15247 0.01 1 72 0
27364 298.116 7.978 0.01 1 33 0
27372 315.399 7.54018 0.01 1 98 -0.0269316
27394 317.209 7.76981 0.01 1 98 0
27459 298.116 7.978 0.01 1 33 0
27481 317.209 7.54018 0.01 1 99 0
27533 317.209 7.76981 0.01 1 98 0
27537 308.931 8.10505 0.01 1 72 0
27539 309.039 8.15247 0.01 1 72 0
27577 309.573 7.70718 0.01 1 72 0
27643 298.116 7.978 0.01 1 33 0
27758 298.116 7.978 0.01 1 33 0
27801 308.223 7.95376 0.01 1 72 0
27812 308.791 7.91418 0.01 1 72 0
27834 298.116 7.978 0.01 1 33 0
27865 298.116 7.978 0.01 1 33 0
27877 317.209 7.76981 0.01 1 98 0
27895 307.796 7.84995 0.01 1 72 0
27901 317.209 7.54018 0.01 1 100 0
27947 307.861 7.75642 0.01 1 72 0
27981 308.347 7.71361 0.01 1 72 0
28096 317.209 7.54018 0.01 1 99 0
28130 309.696 8.45744 0.01 1 72 0.000139162
28197 309.573 7.73515 0.01 1 72 0
28225 298.116 7.978 0.01 1 33 0
28238 317.209 7.54018 0.01 1 98 0
28279 307.796 7.84995 0.01 1 72 0
28389 317.209 7.45477 0.01 1 99 0
28416 298.116 7.978 0.01 1 33 0
28461 308.687 8.21403 0.01 1 72 0
28490 311.187 8.45744 0.01 1 72 0
28491 300.244 8.05144 0.01 1 31 0
28508 298.116 7.978 0.01 1 33 0
28519 318.439 7.76981 0.01 1 98 0
28530 303.25 7.978 0.01 1 33 0
28564 299.166 7.978 0.01 1 33 0
28681 311.898 8.02002 0.01 1 72 0
28792 297.51 7.978 0.01 1 33 0.00453475
28807 309.622 8.25119 0.01 1 72 0
28811 317.209 7.76981 0.01 1 98 0
28822 317.209 7.76981 0.01 1 98 0
28886 317.209 7.54018 0.01 1 99 0
28930 310.63 8.20819 0.01 1 72 -5.03659e-06
28943 308.223 7.95376 0.01 1 72 0
28958 317.209 7.55217 0.01 1 98 0
29012 309.889 8.30048 0.01 1 72 0
29013 298.116 7.978 0.01 1 32 0
29066 309.075 7.71361 0.01 1 72 0.000701964
29069 298.116 7.978 0.01 1 33 0
29099 309.598 7.78039 0.01 1 72 0
29134 307.796 7.93303 0.01 1 72 0
29181 303.25 7.978 0.01 1 33 0
29187 316.732 7.76981 0.01 1 98 0
29255 300.244 8.05144 0.01 1 32 0
29273 309.986 7.95376 0.01 1 72 0
29286 298.116 7.978 0.01 1 33 0
29319 317.209 7.38552 0.01 1 98 0
29369 318.519 7.54018 0.01 1 100 0.017522
29399 311.187 8.45744 0.01 1 72 0
29447 309.573 7.70718 0.01 1 72 0
29463 308.791 7.91418 0.01 1 72 0
29468 298.116 7.978 0.01 1 33 0
29488 307.04 7.71966 0.01 1 72 0
29533 307.796 7.93303 0.01 1 72 0
29555 317.209 7.54018 0.01 1 98 0
29588 307.796 7.93303 0.01 1 72 0
29620 309.765 8.45744 0.01 1 72 0
29644 298.116 7.978 0.01 1 32 0
29670 307.861 7.75642 0.01 1 72 0
29721 308.73 8.12627 0.01 1 72 0
29754 309.992 7.67386 0.01 1 72 0
29755 298.116 7.978 0.01 1 33 0
29832 317.209 7.54018 0.01 1 98 0
29893 310.175 7.67386 0.01 1 72 0
29903 298.116 7.978 0.01 1 33 0
30012 317.434 7.45785 0.01 1 99 0
30060 317.218 7.54018 0.01 1 100 0
30087 311.187 8.45744 0.01 1 72 0
30091 309.992 7.67386 0.01 1 72 0
30100 317.209 7.54018 0.01 1 99 0
30106 317.209 7.54018 0.01 1 99 0
30122 317.209 7.70649 0.01 1 99 0
30125 308.791 7.91418 0.01 1 72 0
30148 298.116 7.978 0.01 1 33 0
30155 309.573 7.70718 0.01 1 72 0
30156 317.209 7.54018 0.01 1 99 0
30186 317.209 7.70649 0.01 1 99 0
30229 317.209 7.64287 0.01 1 99 0.0010244
30242 308.791 7.91418 0.01 1 72 0
30338 308.223 7.91418 0.01 1 72 0
30366 298.116 7.978 0.01 1 33 0
30382 307.839 8.33548 0.01 1 72 0
30384 317.209 7.54018 0.01 1 100 0
30418 309.836 8.07842 0.01 1 72 0
30419 298.116 7.978 0.01 1 33 0
30461 297.446 7.89771 0.01 1 33 0
30490 308.223 7.95376 0.01 1 72 0
30492 309.986 7.95376 0.01 1 72 0
30507 309.079 8.21403 0.01 1 72 0
30513 308.634 8.11096 0.01 1 72 0
30572 317.209 7.76981 0.01 1 98 0
30573 307.861 7.75642 0.01 1 72 0
30581 310.834 8.41483 0.01 1 72 0
30622 298.116 7.978 0.01 1 33 0
30677 317.209 7.54018 0.01 1 99 0
30720 309.986 7.95376 0.01 1 72 0
30849 317.209 7.54018 0.01 1 99 0
30880 311.898 8.02002 0.01 1 72 0
30919 298.116 7.87878 0.01 1 33 0
30932 317.209 7.54018 0.01 1 98 0
30953 317.209 7.76981 0.01 1 98 0
