max_pf 107 min_pf 31
individual T0 sigma disp_rate r0 patch_no mut_eff
37 298.213 7.60878 0.01 1 33 -0.019817
39 296.954 7.77936 0.01 1 31 0
47 321.278 8.27641 0.01 1 106 0
66 296.954 7.60878 0.01 1 33 0
84 307.303 7.98608 0.01 1 72 0
105 296.954 7.60878 0.01 1 32 0
127 307.029 7.8574 0.01 1 72 0
133 307.584 8.33599 0.01 1 72 0
136 297.398 7.60878 0.01 1 32 -0.0069938
150 296.954 7.60878 0.01 1 33 0
159 296.954 7.60878 0.01 1 32 0
211 308.546 7.94976 0.01 1 72 0
255 296.954 7.60878 0.01 1 33 0
275 296.954 7.60878 0.01 1 33 0
277 296.954 7.60878 0.01 1 32 0
293 307.858 8.15249 0.01 1 72 0
302 296.954 7.60878 0.01 1 33 0
317 307.477 8.10297 0.01 1 72 0
346 296.954 7.60878 0.01 1 33 0
410 305.628 7.98608 0.01 1 72 0
454 296.954 7.60878 0.01 1 32 0
455 296.954 7.60878 0.01 1 32 0
461 294.779 7.60878 0.01 1 33 0.0332393
478 296.954 7.60878 0.01 1 32 0
509 296.954 7.60878 0.01 1 33 0
517 296.954 7.60878 0.01 1 33 0
524 322.207 8.3419 0.01 1 105 0
537 306.867 7.9759 0.01 1 72 0
559 296.954 7.60878 0.01 1 32 0
581 307.584 8.30101 0.01 1 72 0
644 296.954 7.60878 0.01 1 31 0
670 312.584 8.02625 0.01 1 72 0
671 296.954 7.60878 0.01 1 32 0
721 296.954 7.62056 0.01 1 32 0.000194445
726 305.923 7.60562 0.01 1 72 0
737 322.196 8.3165 0.01 1 105 0
752 307.439 7.9759 0.01 1 72 0
820 308.766 8.06094 0.01 1 72 0
825 296.954 7.60878 0.01 1 33 0
926 322.877 8.3419 0.01 1 105 0
947 296.954 7.60878 0.01 1 32 0
959 296.954 7.60878 0.01 1 33 0
975 296.954 7.60878 0.01 1 33 0
1011 296.954 7.60878 0.01 1 33 0
1012 321.278 8.3419 0.01 1 106 0
1017 296.954 7.60878 0.01 1 32 0
1060 296.954 7.60878 0.01 1 32 0
1061 321.911 8.3419 0.01 1 105 0
1100 296.954 7.60878 0.01 1 33 0
1107 309.086 8.35539 0.01 1 72 0
1178 309.809 7.92313 0.01 1 72 0
1336 296.954 7.60878 0.01 1 33 0
1337 296.954 7.60878 0.01 1 32 0
1406 296.954 7.60878 0.01 1 33 0
1436 296.954 7.60878 0.01 1 33 0
1511 308.229 8.44543 0.01 1 72 0
1534 296.954 7.60878 0.01 1 32 0
1550 296.954 7.49225 0.01 1 32 0
1558 321.278 8.27641 0.01 1 106 0
1614 306.574 7.8343 0.01 1 72 0
1618 296.954 7.60878 0.01 1 32 0
1644 296.954 7.60878 0.01 1 33 0
1649 322.207 8.3419 0.01 1 105 0
1654 321.278 8.46279 0.01 1 105 0.00063622
1666 309.208 7.83324 0.01 1 72 0
1702 310.882 8.06824 0.01 1 72 0
1708 322.207 8.3419 0.01 1 105 0
1714 306.903 7.76152 0.01 1 72 0
1722 296.954 7.60878 0.01 1 32 0
1741 296.954 7.60878 0.01 1 32 0
1793 296.954 7.77936 0.01 1 31 0
1802 296.954 7.56842 0.01 1 31 -0.000705279
1823 309.187 7.78032 0.01 1 72 0
1850 307.439 7.9759 0.01 1 72 0
1923 296.954 7.60878 0.01 1 31 0
1931 308.428 7.98608 0.01 1 72 0.00392444
1956 296.954 7.60878 0.01 1 33 0
1991 296.954 7.60878 0.01 1 33 0
2012 296.954 7.60878 0.01 1 32 0
2057 307.029 7.8574 0.01 1 72 0
2089 321.911 8.3419 0.01 1 105 0
2102 321.278 8.3419 0.01 1 106 0
2125 296.954 7.60878 0.01 1 32 0
2140 296.954 7.60878 0.01 1 33 0
2144 296.954 7.6614 0.01 1 33 0.000810593
2162 296.954 7.60878 0.01 1 31 0
2192 296.954 7.60878 0.01 1 33 0
2208 308.229 8.44543 0.01 1 72 0
2222 296.954 7.60878 0.01 1 33 0
2238 310.882 7.99432 0.01 1 72 0
2266 322.207 8.3419 0.01 1 105 0
2276 310.082 7.88301 0.01 1 72 0
2283 296.954 7.60878 0.01 1 33 0
2313 306.783 7.82926 0.01 1 72 0
2323 308.889 8.05722 0.01 1 72 0
2338 296.954 7.60878 0.01 1 32 0
2386 296.954 7.60878 0.01 1 33 0
2420 296.954 7.60878 0.01 1 33 0
2440 296.954 7.60878 0.01 1 32 0
2444 296.954 7.60878 0.01 1 33 0
2484 296.954 7.60878 0.01 1 32 0
2521 296.954 7.60878 0.01 1 32 0
2523 310.618 8.05716 0.01 1 72 0
2539 296.954 7.60878 0.01 1 33 0
2613 296.954 7.56766 0.01 1 33 0
2625 296.954 7.60878 0.01 1 33 0
2665 322.565 8.3419 0.01 1 106 0
2670 307.224 7.64643 0.01 1 72 0
2678 308.48 8.06094 0.01 1 72 0
2692 321.278 8.27641 0.01 1 106 0
2694 296.954 7.60878 0.01 1 33 0
2697 296.954 7.60878 0.01 1 32 0
2754 296.954 7.60878 0.01 1 32 0
2762 296.954 7.60878 0.01 1 33 0
2780 309.086 8.35539 0.01 1 72 0
2797 308.052 7.94976 0.01 1 72 0
2811 308.33 7.76152 0.01 1 72 0
2850 296.954 7.60878 0.01 1 33 0
2856 296.954 7.60878 0.01 1 32 0
2947 296.954 7.60878 0.01 1 33 0
2957 296.954 7.60878 0.01 1 33 0
2975 307.274 7.96808 0.01 1 72 0
3005 296.954 7.60878 0.01 1 31 0
3032 300.36 7.59075 0.01 1 32 0
3034 296.954 7.60878 0.01 1 32 0
3054 307.224 7.64643 0.01 1 72 0
3075 296.954 7.60878 0.01 1 33 0
3096 307.439 7.9759 0.01 1 72 0
3116 296.954 7.60878 0.01 1 33 0
3159 306.841 7.82 0.01 1 72 0
3164 296.954 7.60878 0.01 1 33 0
3169 322.207 8.3419 0.01 1 105 0
3174 296.537 7.6614 0.01 1 33 0.00654544
3254 296.954 7.60878 0.01 1 33 0
3255 306.903 7.76152 0.01 1 72 0
3284 296.954 7.60878 0.01 1 33 0
3351 307.224 7.64643 0.01 1 72 0
3359 296.954 7.60878 0.01 1 31 0
3374 322.196 8.3165 0.01 1 105 0
3393 296.954 7.60878 0.01 1 32 0
3482 322.207 8.3419 0.01 1 107 0
3602 321.278 8.3419 0.01 1 105 0
3624 321.278 8.3419 0.01 1 105 0
3628 309.776 7.68555 0.01 1 72 0
3655 321.278 8.3419 0.01 1 105 0
3689 310.882 7.99432 0.01 1 72 0
3703 296.954 7.60878 0.01 1 33 0
3719 296.954 7.49225 0.01 1 33 0
3735 308.766 8.06094 0.01 1 72 0
3766 308.937 7.77792 0.01 1 72 0
3777 322.207 8.3419 0.01 1 105 0
3782 322.207 8.3419 0.01 1 105 0
3786 296.954 7.60878 0.01 1 33 0
3801 305.922 7.60562 0.01 1 72 0
3878 296.954 7.60878 0.01 1 33 0
3904 322.207 8.3419 0.01 1 106 0
3954 322.207 8.3419 0.01 1 107 0
3955 296.954 7.60878 0.01 1 31 0
3980 296.954 7.60878 0.01 1 33 0
4013 296.954 7.60878 0.01 1 33 0
4028 309.641 8.42209 0.01 1 72 0
4050 309.086 8.35539 0.01 1 72 0
4106 296.954 7.49225 0.01 1 32 0
4141 309.347 8.01473 0.01 1 72 0
4150 296.954 7.60878 0.01 1 33 0
4161 296.954 7.60878 0.01 1 33 0
4166 296.664 7.60878 0.01 1 33 0
4199 309.086 8.35539 0.01 1 72 0
4321 309.704 8.06094 0.01 1 72 -0.000672087
4334 321.278 8.3419 0.01 1 105 0
4362 296.954 7.60878 0.01 1 33 0
4489 304.314 8.0156 0.01 1 33 0
4559 296.954 7.60878 0.01 1 33 0
4562 307.843 7.76152 0.01 1 72 0
4611 309.776 7.42651 0.01 1 72 0
4627 296.954 7.60878 0.01 1 33 0
4643 296.954 7.60878 0.01 1 33 0
4653 296.954 7.60878 0.01 1 33 0
4701 308.889 8.05722 0.01 1 72 0
4738 296.954 7.60878 0.01 1 32 0
4758 296.954 7.84357 0.01 1 32 0
4787 296.954 7.60878 0.01 1 32 0
4788 309.187 7.78254 0.01 1 72 0
4906 322.207 8.3419 0.01 1 105 0
4916 322.196 8.3165 0.01 1 105 0
4919 311.012 7.96054 0.01 1 72 0
4948 322.207 8.3419 0.01 1 105 0
4975 296.954 7.60878 0.01 1 33 0
4979 296.954 7.60878 0.01 1 32 0
4992 296.954 7.60878 0.01 1 32 0
5041 306.8 7.89895 0.01 1 72 0
5084 296.954 7.60878 0.01 1 33 0
5093 296.954 7.60878 0.01 1 32 0
5098 308.889 8.18854 0.01 1 72 0
5111 296.954 7.60878 0.01 1 32 0
5113 296.954 7.60878 0.01 1 33 0
5125 307.584 8.30101 0.01 1 72 0
5136 322.207 8.3419 0.01 1 105 0
5137 321.996 8.3165 0.01 1 105 0
5150 306.574 7.8343 0.01 1 72 0
5188 308.272 8.30101 0.01 1 72 0
5221 307.588 8.13471 0.01 1 72 0
5255 296.954 7.60878 0.01 1 32 0
5257 321.278 8.3419 0.01 1 107 0
5308 307.029 7.8574 0.01 1 72 0
5318 306.18 7.98152 0.01 1 72 0
5337 321.278 8.27641 0.01 1 106 0
5347 296.954 7.60878 0.01 1 32 0
5356 296.954 7.60878 0.01 1 31 0
5359 296.954 7.60878 0.01 1 33 0
5433 296.954 7.60878 0.01 1 33 0
5447 308.33 7.76152 0.01 1 72 0
5480 307.588 8.13471 0.01 1 72 0
5520 296.954 7.60878 0.01 1 33 0
5522 296.954 7.60878 0.01 1 32 0
5523 321.278 8.3419 0.01 1 105 0
5530 296.954 7.60878 0.01 1 31 0
5539 296.954 7.60878 0.01 1 33 0
5558 321.278 8.3419 0.01 1 105 0
5606 308.937 7.77792 0.01 1 72 0
5617 307.029 7.8574 0.01 1 72 0
5624 308.888 7.6814 0.01 1 72 0
5626 296.954 7.84398 0.01 1 33 0.00353605
5651 308.978 8.222 0.01 1 72 0
5676 310.882 7.99432 0.01 1 72 0
5682 306.8 7.95263 0.01 1 72 0
5691 321.278 8.3419 0.01 1 107 0
5702 296.954 7.60878 0.01 1 31 0
5712 296.954 7.60878 0.01 1 33 0
5717 307.439 7.9759 0.01 1 72 0
5730 307.584 8.30101 0.01 1 72 0
5743 296.954 7.60878 0.01 1 33 0
5766 296.954 7.60878 0.01 1 33 0
5770 306.574 7.8343 0.01 1 72 0
5796 296.954 7.60878 0.01 1 33 0
5842 296.954 7.60878 0.01 1 33 0
5846 309.079 8.05334 0.01 1 72 0
5873 296.954 7.60878 0.01 1 32 0
5879 306.443 7.82 0.01 1 72 0
5911 308.818 7.53278 0.01 1 72 0
5920 296.954 7.60878 0.01 1 31 0
5926 307.439 7.9759 0.01 1 72 0
6036 296.954 7.60878 0.01 1 32 0
6040 322.207 8.3419 0.01 1 107 0
6072 309.266 7.35526 0.01 1 72 0
6141 307.062 7.60402 0.01 1 72 0
6188 321.435 8.3419 0.01 1 106 0.00178102
6252 296.954 7.60878 0.01 1 33 0
6266 296.954 7.77936 0.01 1 31 0
6279 322.207 8.3419 0.01 1 107 0
6284 296.954 7.49225 0.01 1 32 0
6340 296.954 7.60878 0.01 1 31 0
6349 309.347 8.00237 0.01 1 72 0
6393 296.954 7.60878 0.01 1 32 0
6401 308.135 8.26125 0.01 1 72 0
6414 296.954 7.60878 0.01 1 33 0
6424 296.954 7.60878 0.01 1 33 0
6429 296.954 7.60878 0.01 1 33 0
6434 314.286 7.82917 0.01 1 72 0
6461 307.377 7.77792 0.01 1 72 0
6464 296.954 7.60878 0.01 1 33 0
6524 296.954 7.60878 0.01 1 33 0
6525 296.954 7.60878 0.01 1 32 0
6533 306.18 7.98152 0.01 1 72 0
6601 297.895 7.60878 0.01 1 33 -0.0148771
6628 296.954 7.60878 0.01 1 32 0
6642 296.954 7.60878 0.01 1 31 0
6658 322.207 8.3419 0.01 1 107 0
6714 296.954 7.60878 0.01 1 33 0
6719 296.954 7.77936 0.01 1 31 0
6720 309.266 7.35526 0.01 1 72 0
6803 309.347 8.00237 0.01 1 72 0
6810 296.954 7.60878 0.01 1 32 0
6814 306.841 7.82 0.01 1 72 0
6816 296.954 7.60878 0.01 1 33 0
6825 296.954 7.60878 0.01 1 33 0
6827 296.954 7.60878 0.01 1 33 0
6841 322.207 8.3419 0.01 1 105 0
6844 296.954 7.60878 0.01 1 33 0
6861 296.954 7.60878 0.01 1 33 0
6870 296.537 7.6614 0.01 1 33 0
6880 296.954 7.60878 0.01 1 33 0
6884 296.954 7.60878 0.01 1 32 0
6952 308.48 8.06094 0.01 1 72 0
6967 296.954 7.49225 0.01 1 32 0
6970 311.822 7.8226 0.01 1 72 0
6971 296.954 7.60878 0.01 1 32 0
6986 308.937 7.77792 0.01 1 72 0
6989 310.618 8.05716 0.01 1 72 0
7012 296.954 7.53113 0.01 1 32 0
7020 296.954 7.60878 0.01 1 33 0
7040 321.278 8.29489 0.01 1 105 0
7052 322.207 8.3419 0.01 1 105 0
7067 296.954 7.60878 0.01 1 33 0
7099 296.954 7.60878 0.01 1 33 0
7106 296.954 7.6752 0.01 1 32 0
7142 321.278 8.3419 0.01 1 107 0
7150 296.954 7.60878 0.01 1 33 0
7199 296.954 7.60878 0.01 1 33 0
7229 296.954 7.60878 0.01 1 32 0
7261 322.207 8.3419 0.01 1 105 0
7277 307.377 7.77792 0.01 1 72 0
7288 307.303 7.98608 0.01 1 72 0
7291 306.18 7.98152 0.01 1 72 0
7336 309.028 7.92313 0.01 1 72 0
7380 296.954 7.60878 0.01 1 31 0
7382 296.954 7.60878 0.01 1 33 0
7464 296.954 7.77936 0.01 1 31 0
7525 309.725 7.69787 0.01 1 72 0
7553 308.937 7.77792 0.01 1 72 0
7627 296.954 7.77936 0.01 1 32 0
7630 311.83 8.00257 0.01 1 72 0
7672 296.954 7.60878 0.01 1 33 0
7703 311.365 7.96849 0.01 1 72 0
7709 296.954 7.60878 0.01 1 33 0
7742 296.954 7.60878 0.01 1 31 0
7762 296.954 7.60878 0.01 1 33 0
7763 296.954 7.60878 0.01 1 33 0
7776 296.954 7.60878 0.01 1 31 0
7792 306.903 7.76152 0.01 1 72 0
7794 305.922 7.60562 0.01 1 72 0
7810 296.954 7.60878 0.01 1 32 0
7833 308.776 7.83324 0.01 1 72 -1.13696e-05
7865 296.954 7.60878 0.01 1 33 0
7900 296.954 7.60878 0.01 1 33 0
7948 306.841 7.82 0.01 1 72 0
7984 296.954 7.60878 0.01 1 33 0
7992 296.954 7.60878 0.01 1 31 0
8006 296.954 7.77936 0.01 1 31 0
8030 296.954 7.60878 0.01 1 33 0
8052 296.954 7.60878 0.01 1 33 0
8055 309.725 7.69787 0.01 1 72 0
8070 322.196 8.3165 0.01 1 105 0
8083 307.766 7.8905 0.01 1 72 0
8095 296.954 7.60878 0.01 1 31 0
8129 296.954 7.60878 0.01 1 33 0
8153 296.954 7.60878 0.01 1 32 0
8168 307.766 7.8905 0.01 1 72 0
8181 296.954 7.49225 0.01 1 32 0
8200 296.954 7.84357 0.01 1 32 0
8208 296.954 7.77936 0.01 1 31 0
8265 310.882 7.99432 0.01 1 72 0
8312 296.954 7.60878 0.01 1 32 0
8357 308.889 8.18854 0.01 1 72 0
8358 308.546 7.94976 0.01 1 72 0
8362 296.954 7.60878 0.01 1 33 0
8363 307.588 8.13471 0.01 1 72 0
8372 296.954 7.60878 0.01 1 33 0
8373 322.207 8.3419 0.01 1 106 0
8396 296.954 7.60878 0.01 1 33 0
8425 296.954 7.60878 0.01 1 31 0
8442 296.954 7.60878 0.01 1 33 0
8467 322.196 8.3165 0.01 1 105 0
8487 309.109 7.78254 0.01 1 72 0
8503 296.954 7.60878 0.01 1 33 0
8531 296.954 7.60878 0.01 1 32 0
8533 296.954 7.60878 0.01 1 33 0
8568 308.818 7.53278 0.01 1 72 0
8570 306.8 7.86804 0.01 1 72 0
8599 296.954 7.77936 0.01 1 31 0
8653 296.954 7.60878 0.01 1 33 0
8664 296.954 7.60878 0.01 1 31 0
8673 296.954 7.60575 0.01 1 33 0
8675 296.954 7.60878 0.01 1 33 0
8762 322.207 8.3419 0.01 1 105 0
8826 296.954 7.60878 0.01 1 32 0
8861 296.954 7.60878 0.01 1 33 0
8864 296.954 7.60878 0.01 1 33 0
8879 296.954 7.60878 0.01 1 33 0
8885 296.954 7.60878 0.01 1 33 0
8891 309.776 7.68555 0.01 1 72 0
8892 296.954 7.49225 0.01 1 32 0
8920 322.207 8.3419 0.01 1 105 0
8928 296.954 7.60878 0.01 1 32 0
8944 309.381 7.69787 0.01 1 72 0
8972 296.954 7.60878 0.01 1 32 0
8981 321.278 8.3419 0.01 1 107 0
8999 308.766 8.06094 0.01 1 72 0
9035 296.954 7.65835 0.01 1 32 0.000857167
9118 296.954 7.60878 0.01 1 33 0
9133 322.207 8.3419 0.01 1 105 0
9146 307.588 8.13471 0.01 1 72 0
9262 296.954 7.60878 0.01 1 33 0
9293 296.954 7.60878 0.01 1 31 0
9303 296.954 7.60878 0.01 1 32 0
9310 296.954 7.60878 0.01 1 31 0
9377 296.954 7.60878 0.01 1 33 0
9380 309.266 7.35526 0.01 1 72 0
9404 296.954 7.60878 0.01 1 33 0
9413 296.954 7.60878 0.01 1 33 0
9414 309.079 8.05334 0.01 1 72 0
9426 305.923 7.60562 0.01 1 72 0
9441 296.954 7.60878 0.01 1 33 0
9460 296.954 7.60878 0.01 1 33 0
9534 309.084 7.92313 0.01 1 72 -9.89437e-06
9609 321.278 8.3419 0.01 1 107 0
9639 322.207 8.3419 0.01 1 105 0
9656 321.278 8.27641 0.01 1 106 0
9666 296.954 7.60878 0.01 1 33 0
9676 321.278 8.3419 0.01 1 106 0
9734 296.954 7.60878 0.01 1 33 0
9739 296.954 7.60878 0.01 1 33 0
9756 307.849 8.21911 0.01 1 72 0
9769 322.207 8.3419 0.01 1 105 0
9780 296.954 7.60878 0.01 1 33 0
9791 322.207 8.2896 0.01 1 106 0
9824 296.954 7.60878 0.01 1 33 0
9828 296.954 7.60878 0.01 1 33 0
9857 296.954 7.60878 0.01 1 33 0
9877 322.207 8.14235 0.01 1 107 0
9888 307.377 7.77792 0.01 1 72 0
9889 296.954 7.60878 0.01 1 33 0
9902 296.954 7.60878 0.01 1 32 0
9946 296.954 7.60878 0.01 1 32 0
9978 321.278 8.29489 0.01 1 106 0
10071 296.954 7.60878 0.01 1 32 0
10155 296.954 7.60878 0.01 1 33 0
10164 296.954 7.60878 0.01 1 33 0
10169 308.937 7.77792 0.01 1 72 0
10177 307.584 8.30101 0.01 1 72 0
10181 296.954 7.60878 0.01 1 32 0
10186 296.954 7.60878 0.01 1 33 0
10213 296.954 7.60878 0.01 1 33 0
10247 296.954 7.60878 0.01 1 33 0
10277 312.041 7.8226 0.01 1 72 0
10278 296.954 7.60878 0.01 1 32 0
10292 307.029 7.76188 0.01 1 72 0
10311 321.278 8.3419 0.01 1 106 0
10336 296.954 7.60878 0.01 1 33 0
10346 296.954 7.60878 0.01 1 33 0
10347 296.954 7.77936 0.01 1 31 0
10351 307.766 7.8905 0.01 1 72 0
10390 296.954 7.60878 0.01 1 32 0
10405 310.882 7.99432 0.01 1 72 0
10420 296.954 7.60878 0.01 1 33 0
10455 321.278 8.3419 0.01 1 105 0
10456 308.33 7.76152 0.01 1 72 0
10515 296.954 7.60878 0.01 1 31 0
10537 308.889 8.18854 0.01 1 72 0
10600 296.954 7.60878 0.01 1 33 0
10674 296.954 7.60878 0.01 1 31 0
10677 296.954 7.60878 0.01 1 32 0
10706 307.766 7.8905 0.01 1 72 0
10717 323.676 8.33389 0.01 1 105 -8.9258e-06
10759 321.278 8.45168 0.01 1 106 0.000701442
10793 296.954 7.60878 0.01 1 32 0
10833 296.954 7.60878 0.01 1 32 0
10843 296.954 7.5102 0.01 1 33 0
10844 296.954 7.60878 0.01 1 33 0
10860 296.954 7.77936 0.01 1 31 0
10862 322.207 8.2896 0.01 1 106 0
10873 296.954 7.60878 0.01 1 33 0
10894 308.937 7.77792 0.01 1 72 0
10907 309.347 8.01473 0.01 1 72 0
10933 296.954 7.60878 0.01 1 32 0
10994 296.954 7.60878 0.01 1 33 0
11016 296.537 7.6614 0.01 1 33 0
11033 296.954 7.60878 0.01 1 33 0
11054 322.207 8.3419 0.01 1 105 0
11114 311.822 7.8226 0.01 1 72 0
11121 307.029 7.76188 0.01 1 72 0
11131 306.492 7.48655 0.01 1 72 0
11181 322.207 8.3419 0.01 1 105 0
11350 296.616 7.60878 0.01 1 33 0
11354 296.954 7.60878 0.01 1 33 0
11428 296.954 7.60878 0.01 1 33 0
11454 310.082 8.0205 0.01 1 72 0
11456 305.923 7.60562 0.01 1 72 0
11459 296.954 7.60878 0.01 1 33 0
11476 321.278 8.29489 0.01 1 105 0
11555 296.954 7.60878 0.01 1 32 0
11600 296.954 7.60878 0.01 1 33 0
11602 298.324 7.60878 0.01 1 33 -0.021538
11669 296.954 7.60878 0.01 1 33 0
11699 321.278 8.27641 0.01 1 106 0
11703 296.954 7.60878 0.01 1 33 0
11724 296.954 7.60878 0.01 1 33 0
11727 296.954 7.77936 0.01 1 31 0
11771 296.954 7.5102 0.01 1 33 0
11791 296.954 7.60878 0.01 1 33 0
11811 296.954 7.60878 0.01 1 33 0
11845 308.889 7.97492 0.01 1 72 -3.8743e-07
11855 311.012 7.95363 0.01 1 72 0
11869 296.954 7.60878 0.01 1 32 0
11870 306.841 7.80818 0.01 1 72 0
11917 296.954 7.60878 0.01 1 32 0
11958 296.954 7.60878 0.01 1 33 0
11999 296.954 7.60878 0.01 1 31 0
12005 310.882 8.06824 0.01 1 72 0
12027 322.207 8.14235 0.01 1 107 0
12029 296.954 7.60878 0.01 1 33 0
12060 310.882 8.06824 0.01 1 72 0
12062 296.954 7.60878 0.01 1 33 0
12128 321.278 8.29489 0.01 1 105 0
12179 296.954 7.60878 0.01 1 32 0
12195 296.954 7.60878 0.01 1 33 0
12234 308.052 7.94976 0.01 1 72 0
12269 296.954 7.60878 0.01 1 33 0
12286 307.588 8.13471 0.01 1 72 0
12288 322.207 8.3419 0.01 1 107 0
12299 322.565 8.3419 0.01 1 106 0
12349 322.207 8.3419 0.01 1 106 0
12353 296.954 7.60878 0.01 1 33 0
12374 296.954 7.60878 0.01 1 33 0
12399 296.954 7.60878 0.01 1 32 0
12403 309.309 8.06386 0.01 1 72 3.32296e-06
12405 322.207 8.3419 0.01 1 105 0
12415 296.954 7.60878 0.01 1 33 0
12419 308.978 8.222 0.01 1 72 0
12476 309.362 8.01559 0.01 1 72 0
12485 296.954 7.60878 0.01 1 33 0
12519 321.278 8.3419 0.01 1 107 0
12520 309.704 8.06094 0.01 1 72 0
12541 296.954 7.60878 0.01 1 32 0
12567 308.889 8.18854 0.01 1 72 0
12593 306.841 7.82 0.01 1 72 0
12594 296.954 7.60878 0.01 1 32 0
12624 296.954 7.60878 0.01 1 33 0
12648 308.33 7.76152 0.01 1 72 0
12652 296.954 7.60878 0.01 1 33 0
12675 296.954 7.77936 0.01 1 31 0
12702 296.954 7.60878 0.01 1 31 0
12715 307.439 7.9759 0.01 1 72 0
12725 321.278 8.3419 0.01 1 106 0
12764 296.954 7.60878 0.01 1 33 0
12827 296.954 7.60878 0.01 1 33 0
12840 296.954 7.60878 0.01 1 33 0
12889 296.954 7.60878 0.01 1 33 0
12894 309.458 7.77792 0.01 1 72 0
12955 306.8 7.95263 0.01 1 72 0
12964 321.278 8.3419 0.01 1 107 0
12997 307.235 7.76188 0.01 1 72 0.00123179
13030 308.206 7.96808 0.01 1 72 0
13047 308.428 8.18854 0.01 1 72 0
13061 322.207 8.2896 0.01 1 106 0
13066 296.954 7.60878 0.01 1 33 0
13068 321.278 8.29489 0.01 1 105 0
13088 296.954 7.60878 0.01 1 33 0
13144 322.207 8.3419 0.01 1 105 0
13146 308.052 7.94976 0.01 1 72 0
13166 296.954 7.60878 0.01 1 33 0
13186 296.954 7.60878 0.01 1 33 0
13211 296.954 7.60878 0.01 1 33 0
13242 308.888 7.6814 0.01 1 72 0
13277 296.954 7.60878 0.01 1 33 0
13340 296.954 7.60878 0.01 1 31 0
13346 322.207 8.3419 0.01 1 105 0
13354 296.954 7.60878 0.01 1 32 0
13370 322.207 8.3419 0.01 1 106 0
13389 322.207 8.3419 0.01 1 105 0
13392 296.954 7.60878 0.01 1 33 0
13403 296.954 7.60878 0.01 1 31 0
13416 296.954 7.60878 0.01 1 33 0
13417 321.911 8.3419 0.01 1 105 0
13434 296.954 7.60878 0.01 1 32 0
13469 296.954 7.77936 0.01 1 31 0.00275967
13484 322.207 8.3419 0.01 1 105 0
13526 296.954 7.60878 0.01 1 32 0
13541 307.377 7.77792 0.01 1 72 0
13568 296.954 7.60878 0.01 1 33 0
13617 322.207 8.3419 0.01 1 105 0
13635 322.207 8.2896 0.01 1 106 0
13639 307.377 7.77792 0.01 1 72 0
13661 296.954 7.60878 0.01 1 32 0
13670 296.954 7.60878 0.01 1 32 0
13674 296.954 7.60878 0.01 1 33 0
13691 296.954 7.60878 0.01 1 32 0
13700 296.954 7.60878 0.01 1 31 0
13722 323.676 8.3419 0.01 1 105 0
13724 322.207 8.3419 0.01 1 105 0
13740 309.284 7.9768 0.01 1 72 0
13808 296.954 7.60878 0.01 1 33 0
13813 307.684 7.89919 0.01 1 72 0
13877 296.954 7.60878 0.01 1 33 0
13888 306.8 7.95263 0.01 1 72 0
13901 296.954 7.60878 0.01 1 33 0
13917 296.954 7.60878 0.01 1 32 0
13958 322.207 8.3419 0.01 1 105 0
14017 308.818 7.53278 0.01 1 72 0
14029 296.954 7.60878 0.01 1 33 0
14110 307.588 8.13471 0.01 1 72 0
14149 322.196 8.3165 0.01 1 105 0
14163 296.954 7.60878 0.01 1 33 0
14205 307.029 7.8574 0.01 1 72 0
14280 296.954 7.60878 0.01 1 31 0
14293 307.588 8.13471 0.01 1 72 0
14297 322.207 8.3419 0.01 1 105 0
14309 296.954 7.60878 0.01 1 33 0
14310 296.954 7.60878 0.01 1 33 0
14327 296.954 7.60878 0.01 1 33 0
14342 296.954 7.59807 0.01 1 33 -0.000166342
14379 296.954 7.60878 0.01 1 33 0
14395 296.954 7.60878 0.01 1 33 0
14403 310.882 7.99432 0.01 1 72 0
14413 306.903 7.76152 0.01 1 72 0
14453 296.954 7.60878 0.01 1 32 0
14460 322.207 8.3419 0.01 1 105 0
14470 296.954 7.60878 0.01 1 33 0
14478 296.954 7.60878 0.01 1 32 0
14488 310.983 8.00257 0.01 1 72 0
14505 296.954 7.60878 0.01 1 32 0
14539 296.954 7.60878 0.01 1 33 0
14542 296.954 7.60878 0.01 1 33 0
14546 321.278 8.3419 0.01 1 105 0
14551 322.207 8.3419 0.01 1 105 0
14554 296.954 7.60878 0.01 1 32 0
14557 306.574 7.8343 0.01 1 72 0
14601 296.954 7.60878 0.01 1 33 0
14674 311.365 7.96849 0.01 1 72 0
14677 296.954 7.60878 0.01 1 32 0
14697 296.954 7.60878 0.01 1 33 0
14700 322.207 8.01977 0.01 1 107 0
14711 296.954 7.553 0.01 1 33 0
14755 322.207 8.3419 0.01 1 105 0
14792 296.954 7.60878 0.01 1 33 0
14801 309.086 8.35539 0.01 1 72 0
14821 296.954 7.60878 0.01 1 33 0
14878 296.664 7.60878 0.01 1 33 0.00459966
14880 296.954 7.60878 0.01 1 33 0
14914 296.954 7.60878 0.01 1 32 0
14930 296.954 7.60878 0.01 1 33 0
14960 297.895 7.60878 0.01 1 33 0
15080 296.954 7.83027 0.01 1 31 0
15087 296.954 7.60878 0.01 1 33 0
15088 296.954 7.60878 0.01 1 33 0
15089 322.207 8.2896 0.01 1 106 0
15094 296.954 7.60878 0.01 1 33 0
15115 322.207 8.2896 0.01 1 106 0
15139 296.954 7.60878 0.01 1 33 0
15159 296.954 7.60878 0.01 1 33 0
15161 296.954 7.60878 0.01 1 32 0
15171 296.954 7.5102 0.01 1 33 0
15179 307.439 7.9759 0.01 1 72 0
15332 296.954 7.60878 0.01 1 33 0
15336 309.362 8.01559 0.01 1 72 0
15352 296.616 7.60878 0.01 1 33 0
15396 296.954 7.77936 0.01 1 31 0
15417 296.954 7.6752 0.01 1 32 0.00102122
15425 296.954 7.60878 0.01 1 33 0
15466 296.954 7.60878 0.01 1 33 0
15486 322.288 8.2896 0.01 1 105 0.00657594
15491 296.954 7.60878 0.01 1 31 0
15543 296.954 7.60878 0.01 1 33 0
15555 296.954 7.60878 0.01 1 32 0
15557 296.954 7.60878 0.01 1 33 0
15581 296.954 7.60878 0.01 1 33 0
15589 307.584 8.30101 0.01 1 72 0
15604 307.477 8.10297 0.01 1 72 0
15619 308.818 7.53278 0.01 1 72 0
15641 296.954 7.60878 0.01 1 33 0
15648 296.954 7.83027 0.01 1 31 0.0037547
15658 296.954 7.60878 0.01 1 33 0
15671 296.954 7.49225 0.01 1 32 0
15731 296.954 7.60878 0.01 1 32 0
15797 296.954 7.60878 0.01 1 33 0
15856 308.489 8.30101 0.01 1 72 0
15860 307.766 7.8905 0.01 1 72 0
15889 296.954 7.49225 0.01 1 32 0
15896 308.889 8.05722 0.01 1 72 0
15901 309.028 7.92313 0.01 1 72 0
15915 296.954 7.60878 0.01 1 33 0
15940 296.954 7.60878 0.01 1 31 0
15981 307.843 7.76152 0.01 1 72 0
15986 299.144 7.60878 0.01 1 32 -0.0333532
15992 296.954 7.60878 0.01 1 33 0
16037 296.954 7.60878 0.01 1 33 0
16039 296.954 7.60878 0.01 1 33 0
16070 296.954 7.60878 0.01 1 33 0
16092 296.954 7.60878 0.01 1 33 0
16105 296.954 7.60878 0.01 1 32 0
16116 296.954 7.60878 0.01 1 33 0
16119 308.135 8.26125 0.01 1 72 0
16123 296.954 7.60878 0.01 1 33 0
16190 321.278 8.29489 0.01 1 106 0
16203 309.266 7.35526 0.01 1 72 0
16269 296.954 7.60878 0.01 1 33 0
16288 296.954 7.60878 0.01 1 33 0
16305 296.954 7.60878 0.01 1 31 0
16315 308.135 8.26125 0.01 1 72 0
16322 296.954 7.60878 0.01 1 33 0
16342 321.278 8.3419 0.01 1 105 0
16380 296.954 7.67585 0.01 1 32 0.00103115
16391 322.207 8.3419 0.01 1 106 0
16398 296.954 7.60878 0.01 1 33 0
16453 323.676 8.3419 0.01 1 105 0
16477 296.954 7.60878 0.01 1 33 0
16490 307.584 8.30101 0.01 1 72 0
16508 296.954 7.60878 0.01 1 32 0
16556 296.954 7.60878 0.01 1 33 0
16571 296.954 7.60878 0.01 1 31 0
16617 296.954 7.60878 0.01 1 33 0
16635 296.954 7.60878 0.01 1 32 0
16643 307.477 8.10297 0.01 1 72 0
16657 296.954 7.60878 0.01 1 32 0
16658 296.954 7.60878 0.01 1 33 0
16659 306.903 7.76152 0.01 1 72 0
16681 296.954 7.60878 0.01 1 32 0
16689 296.954 7.60878 0.01 1 32 0
16698 296.954 7.60878 0.01 1 32 0
16714 296.954 7.60878 0.01 1 33 0
16720 309.111 7.21703 0.01 1 72 0
16783 296.954 7.60878 0.01 1 33 0
16788 308.052 7.94976 0.01 1 72 0
16804 306.997 8.32406 0.01 1 72 0
16848 296.954 7.60878 0.01 1 33 0
16855 308.818 7.53278 0.01 1 72 0
16873 296.954 7.77936 0.01 1 31 0
16889 307.477 8.10297 0.01 1 72 0
16919 296.954 7.60878 0.01 1 33 0
17006 296.954 7.60878 0.01 1 32 0
17034 296.954 7.60878 0.01 1 32 0
17079 307.584 8.30101 0.01 1 72 0
17095 322.207 8.3419 0.01 1 105 0
17106 296.954 7.60878 0.01 1 32 0
17111 309.347 8.01473 0.01 1 72 0
17148 296.954 7.60878 0.01 1 33 0
17161 309.301 8.10297 0.01 1 72 0
17176 296.954 7.60878 0.01 1 33 0
17193 296.954 7.60878 0.01 1 33 0
17194 322.196 8.3165 0.01 1 105 0
17256 296.954 7.60878 0.01 1 33 0
17259 306.841 7.79683 0.01 1 72 -4.3422e-05
17263 296.954 7.60878 0.01 1 32 0
17290 321.278 8.3419 0.01 1 105 0
17350 296.954 7.60878 0.01 1 32 0
17415 296.954 7.60878 0.01 1 32 0
17509 323.303 8.3165 0.01 1 106 0
17536 306.867 7.9759 0.01 1 72 0
17582 296.954 7.60878 0.01 1 32 0
17617 310.164 7.90717 0.01 1 72 0
17624 296.954 7.60878 0.01 1 33 0
17637 322.207 8.3419 0.01 1 105 0
17674 296.954 7.60878 0.01 1 33 0
17727 308.272 8.30101 0.01 1 72 0
17765 323.303 8.3165 0.01 1 106 0
17767 296.954 7.60878 0.01 1 32 0
17774 322.207 8.3419 0.01 1 106 0
17782 307.843 7.76152 0.01 1 72 0
17795 296.954 7.60878 0.01 1 32 0
17806 322.207 8.3419 0.01 1 105 0
17828 296.616 7.60878 0.01 1 33 0
17835 307.766 7.8905 0.01 1 72 0
17836 322.207 8.3419 0.01 1 105 0
17864 296.954 7.60878 0.01 1 32 0
17903 322.207 8.3419 0.01 1 107 0
17970 296.954 7.60878 0.01 1 33 0
18004 296.954 7.60878 0.01 1 32 0
18030 296.954 7.60878 0.01 1 32 0
18042 296.954 7.60878 0.01 1 32 0
18043 308.766 8.06094 0.01 1 72 0
18059 296.954 7.60878 0.01 1 31 0
18073 322.196 8.3165 0.01 1 105 0
18211 307.588 8.13471 0.01 1 72 0
18213 308.937 7.77792 0.01 1 72 0
18219 307.377 7.77792 0.01 1 72 0
18243 321.278 8.27641 0.01 1 106 0
18246 296.954 7.77936 0.01 1 32 0
18248 311.18 7.86631 0.01 1 72 0
18253 296.954 7.60878 0.01 1 32 0
18260 296.954 7.60878 0.01 1 33 0
18271 296.954 7.60878 0.01 1 31 0
18314 322.565 8.3419 0.01 1 106 0
18382 296.954 7.60878 0.01 1 33 0
18418 296.954 7.77936 0.01 1 31 0
18513 322.207 8.3419 0.01 1 106 0
18545 296.616 7.60878 0.01 1 33 0
18587 296.954 7.60878 0.01 1 32 0
18613 322.207 8.14235 0.01 1 107 0
18618 296.954 7.60878 0.01 1 33 0
18632 308.937 7.77792 0.01 1 72 0
18654 296.954 7.60878 0.01 1 31 0
18695 306.903 7.76152 0.01 1 72 0
18707 308.937 7.77792 0.01 1 72 0
18714 309.086 8.35539 0.01 1 72 0
18739 322.196 8.3165 0.01 1 105 0
18770 321.996 8.3165 0.01 1 105 0
18785 308.818 7.66452 0.01 1 72 1.98185e-06
18834 296.954 7.60878 0.01 1 32 0
18838 296.954 7.50035 0.01 1 33 0
18844 296.954 7.60878 0.01 1 32 0
18866 296.954 7.60878 0.01 1 33 0
18895 308.135 8.22132 0.01 1 72 0
18909 299.911 7.60878 0.01 1 32 -0.0439778
18938 307.588 8.13471 0.01 1 72 0
18960 307.843 7.76152 0.01 1 72 0
18969 307.029 7.76188 0.01 1 72 0
18984 308.33 7.76152 0.01 1 72 0
18999 298.522 7.60878 0.01 1 32 -0.0242469
19064 310.882 8.06824 0.01 1 72 0
19078 322.207 8.3419 0.01 1 106 0
19091 296.954 7.60878 0.01 1 33 0
19095 296.954 7.60878 0.01 1 31 0
19105 310.898 8.00257 0.01 1 72 0
19133 321.278 8.3419 0.01 1 107 0
19148 308.937 7.77792 0.01 1 72 0
19175 321.996 8.3165 0.01 1 105 0
19212 296.954 7.60878 0.01 1 33 0
19225 296.954 7.60878 0.01 1 33 0
19273 309.238 7.77792 0.01 1 72 0
19277 296.954 7.60878 0.01 1 33 0
19289 296.954 7.49225 0.01 1 32 0
19326 296.954 7.60878 0.01 1 33 0
19334 307.584 8.30101 0.01 1 72 0
19348 298.314 7.60878 0.01 1 33 -0.0213889
19353 322.207 8.3419 0.01 1 105 0
19354 308.937 7.77792 0.01 1 72 0
19362 296.954 7.60878 0.01 1 33 0
19381 296.954 7.60878 0.01 1 32 0
19384 308.889 8.18854 0.01 1 72 0
19385 296.954 7.66642 0.01 1 33 0
19391 308.937 7.77792 0.01 1 72 0
19425 296.954 7.60878 0.01 1 33 0
19440 307.29 8.28676 0.01 1 72 0
19451 297.546 7.60878 0.01 1 33 -0.00936757
19458 321.278 8.29489 0.01 1 105 0
19471 322.207 8.14235 0.01 1 107 0
19479 296.954 7.84398 0.01 1 33 0
19508 308.33 7.76152 0.01 1 72 0
19511 296.954 7.60878 0.01 1 33 0
19521 322.207 8.2896 0.01 1 105 0
19530 297.751 7.60878 0.01 1 33 -0.0125914
19578 321.278 8.3419 0.01 1 105 0
19597 310.449 7.68872 0.01 1 72 0
19605 296.954 7.60878 0.01 1 33 0
19622 296.954 7.60878 0.01 1 33 0
19653 311.822 7.8226 0.01 1 72 0
19687 296.954 7.60878 0.01 1 33 0
19696 296.954 7.60878 0.01 1 33 0
19704 321.278 8.3419 0.01 1 107 0
19716 308.052 7.94976 0.01 1 72 0
19742 306.719 7.8343 0.01 1 72 0
19787 296.954 7.60878 0.01 1 33 0
19805 309.284 8.15445 0.01 1 72 0
19842 296.954 7.60878 0.01 1 33 0
19860 309.187 7.78254 0.01 1 72 0
19861 309.238 7.77792 0.01 1 72 0
19919 296.954 7.60878 0.01 1 33 0
19941 323.676 8.3419 0.01 1 105 0
19976 296.954 7.60878 0.01 1 33 0
20053 322.207 8.3419 0.01 1 105 0
20064 296.954 7.60878 0.01 1 33 0
20148 307.224 7.64643 0.01 1 72 0
20189 310.898 8.00257 0.01 1 72 0
20228 321.278 8.3419 0.01 1 105 0
20277 296.954 7.60878 0.01 1 33 0
20296 306.719 7.8343 0.01 1 72 0
20324 309.111 7.21703 0.01 1 72 0
20396 307.766 7.8905 0.01 1 72 0
20488 296.954 7.60878 0.01 1 32 0
20507 296.954 7.60878 0.01 1 32 0
20512 296.954 7.60878 0.01 1 33 0
20527 306.8 7.95263 0.01 1 72 0
20530 321.278 8.29489 0.01 1 105 0
20603 296.954 7.60878 0.01 1 33 0
20616 321.278 8.27641 0.01 1 106 0
20632 296.954 7.60878 0.01 1 33 0
20639 321.278 8.3419 0.01 1 105 0
20724 306.719 7.8343 0.01 1 72 0
20743 321.911 8.3419 0.01 1 105 0
20745 306.492 7.48655 0.01 1 72 0
20756 321.278 8.3419 0.01 1 105 0
20788 322.565 8.3419 0.01 1 106 0
20833 296.954 7.60878 0.01 1 33 0
20867 296.954 7.60878 0.01 1 32 0
20879 307.439 7.9759 0.01 1 72 0
20886 308.766 8.06094 0.01 1 72 0
20887 296.954 7.60878 0.01 1 32 0
20934 296.954 7.6692 0.01 1 33 0.000785261
20959 322.207 8.3419 0.01 1 105 0
20964 308.937 7.77792 0.01 1 72 0
20976 321.911 8.3419 0.01 1 105 0
21053 308.889 8.18854 0.01 1 72 0
21060 307.588 8.13471 0.01 1 72 0
21080 308.693 7.55343 0.01 1 72 0
21084 296.954 7.60878 0.01 1 33 0
21090 307.477 8.10297 0.01 1 72 0
21097 296.216 7.66642 0.01 1 33 0.011358
21153 308.206 7.96808 0.01 1 72 0
21165 322.207 8.3419 0.01 1 105 0
21215 296.954 7.60878 0.01 1 33 0
21217 310.609 7.9768 0.01 1 72 0
21228 322.207 8.3419 0.01 1 105 0
21238 307.588 8.13471 0.01 1 72 0
21244 296.954 7.5102 0.01 1 33 0
21290 307.477 8.10297 0.01 1 72 0
21310 321.278 8.3419 0.01 1 107 0
21347 296.954 7.60878 0.01 1 32 0
21396 309.028 7.92313 0.01 1 72 0
21409 296.954 7.60878 0.01 1 33 0
21415 296.954 7.60878 0.01 1 32 0
21460 307.235 7.76188 0.01 1 72 0
21470 321.278 8.27641 0.01 1 106 0
21482 296.954 7.60878 0.01 1 33 0
21526 322.207 8.3419 0.01 1 107 0
21539 296.954 7.60878 0.01 1 33 0
21543 296.623 7.60878 0.01 1 33 0.00523776
21583 296.954 7.60878 0.01 1 32 0
21598 296.954 7.49618 0.01 1 32 -0.00188746
21626 296.954 7.66642 0.01 1 33 0
21668 296.954 7.60878 0.01 1 32 0
21694 296.954 7.60878 0.01 1 33 0
21700 310.882 7.99432 0.01 1 72 0
21714 296.954 7.60878 0.01 1 32 0
21743 296.954 7.60878 0.01 1 33 0
21749 309.776 7.68555 0.01 1 72 0
21782 296.954 7.60878 0.01 1 33 0
21792 307.29 8.28676 0.01 1 72 0
21798 296.954 7.60878 0.01 1 33 0
21808 322.207 8.3419 0.01 1 105 0
21813 296.954 7.60878 0.01 1 32 0
21844 296.954 7.77936 0.01 1 31 0
21850 309.109 7.78254 0.01 1 72 0
21880 296.954 7.60878 0.01 1 33 0
21941 296.954 7.60878 0.01 1 33 0
22012 322.207 8.3419 0.01 1 105 0
22034 296.954 7.60878 0.01 1 33 0
22038 296.954 7.60878 0.01 1 33 0
22039 307.684 7.83495 0.01 1 72 0
22111 321.278 8.3419 0.01 1 105 0
22116 307.584 8.30101 0.01 1 72 0
22121 309.347 8.01473 0.01 1 72 0
22135 322.207 8.3419 0.01 1 105 0
22177 309.187 7.78032 0.01 1 72 0
22179 296.954 7.60878 0.01 1 33 0
22185 321.588 8.2896 0.01 1 106 0
22204 296.954 7.60878 0.01 1 33 0
22246 322.196 8.3165 0.01 1 105 0
22259 308.542 7.6814 0.01 1 72 0
22294 307.588 8.13471 0.01 1 72 0
22304 296.954 7.60878 0.01 1 32 0
22310 296.954 7.60878 0.01 1 33 0
22326 307.588 8.13471 0.01 1 72 0
22341 296.954 7.60878 0.01 1 32 0
22360 296.954 7.60878 0.01 1 33 0
22364 296.954 7.60878 0.01 1 33 0
22373 307.377 7.77792 0.01 1 72 0
22388 307.439 7.9759 0.01 1 72 0
22400 296.954 7.60878 0.01 1 33 0
22501 296.954 7.60878 0.01 1 33 0
22505 296.954 7.60878 0.01 1 32 0
22508 322.207 8.3419 0.01 1 107 0
22519 296.954 7.77936 0.01 1 31 0
22528 321.278 8.29489 0.01 1 105 0
22559 296.954 7.60878 0.01 1 33 0
22587 321.278 8.3419 0.01 1 105 0
22593 296.954 7.60878 0.01 1 33 0
22608 296.954 7.60878 0.01 1 32 0
22634 296.954 7.60878 0.01 1 32 0
22635 296.954 7.60878 0.01 1 33 0
22636 296.954 7.60878 0.01 1 33 0
22683 307.029 7.76188 0.01 1 72 -0.000149965
22685 296.954 7.60878 0.01 1 33 0
22706 321.278 8.27641 0.01 1 106 0
22710 296.954 7.60878 0.01 1 33 0
22750 308.261 7.77792 0.01 1 72 -0.000889301
22780 296.954 7.60878 0.01 1 33 0
22790 308.8 8.35539 0.01 1 72 0
22812 296.954 7.49225 0.01 1 32 0
22816 321.278 8.27641 0.01 1 106 0
22857 322.207 8.3419 0.01 1 106 0
22878 310.882 7.99432 0.01 1 72 0
22910 307.584 8.30101 0.01 1 72 0
22926 308.33 7.76152 0.01 1 72 0
22952 307.588 8.13471 0.01 1 72 0
22985 296.954 7.60878 0.01 1 33 0
23014 296.954 7.60878 0.01 1 32 0
23046 296.954 7.60878 0.01 1 32 0
23060 322.207 8.3419 0.01 1 105 0
23095 321.278 8.27641 0.01 1 106 0
23201 296.954 7.60878 0.01 1 32 0
23206 296.954 7.60878 0.01 1 32 0
23267 307.477 8.10297 0.01 1 72 0
23279 296.954 7.60878 0.01 1 33 0
23298 309.187 7.78032 0.01 1 72 0
23323 296.664 7.60878 0.01 1 33 0
23331 312.871 8.20967 0.01 1 72 0
23448 306.903 7.76152 0.01 1 72 0
23463 296.954 7.60878 0.01 1 33 0
23466 322.877 8.3419 0.01 1 105 0
23472 296.954 7.6752 0.01 1 32 0
23477 296.954 7.60878 0.01 1 32 0
23488 296.954 7.60878 0.01 1 32 0
23489 322.565 8.3419 0.01 1 106 0
23518 296.954 7.77936 0.01 1 31 0
23536 296.954 7.60878 0.01 1 33 0
23557 321.278 8.3419 0.01 1 105 0
23577 296.954 7.53113 0.01 1 32 0
23591 308.261 7.77792 0.01 1 72 0
23709 308.052 7.94976 0.01 1 72 0
23726 309.284 7.9768 0.01 1 72 0
23755 296.954 7.60878 0.01 1 33 0
23788 296.954 7.60878 0.01 1 33 0
23817 322.207 8.3419 0.01 1 105 0
23820 296.954 7.60878 0.01 1 33 0
23834 296.954 7.60878 0.01 1 33 0
23896 296.954 7.60878 0.01 1 33 0
23897 296.954 7.60878 0.01 1 33 0
23907 296.954 7.60878 0.01 1 32 0
23922 307.588 8.13471 0.01 1 72 0
23972 296.954 7.60878 0.01 1 33 0
24028 296.954 7.60878 0.01 1 33 0
24061 296.954 7.60878 0.01 1 32 0
24082 308.937 7.77792 0.01 1 72 0
24096 296.954 7.60878 0.01 1 33 0
24104 310.882 8.06824 0.01 1 72 0
24142 296.954 7.60878 0.01 1 32 0
24194 296.954 7.60878 0.01 1 33 0
24200 296.954 7.60878 0.01 1 33 0
24204 322.207 8.3419 0.01 1 107 0
24207 307.684 7.83495 0.01 1 72 0
24250 322.207 8.3419 0.01 1 105 0
24277 296.954 7.60878 0.01 1 33 0
24292 308.33 7.76152 0.01 1 72 0
24297 296.954 7.60878 0.01 1 33 0
24320 296.954 7.60878 0.01 1 31 0
24330 296.954 7.60878 0.01 1 31 0
24337 296.954 7.60878 0.01 1 32 0
24346 307.439 8.01651 0.01 1 72 3.77297e-05
24379 321.278 8.3419 0.01 1 105 0
24417 296.954 7.60878 0.01 1 33 0
24418 296.537 7.6614 0.01 1 33 0
24428 308.33 7.76152 0.01 1 72 0
24451 308.428 8.02246 0.01 1 72 4.60446e-06
24467 322.207 8.3419 0.01 1 105 0
24474 296.954 7.60878 0.01 1 33 0
24475 308.33 7.76152 0.01 1 72 0
24507 296.954 7.60878 0.01 1 33 0
24511 296.954 7.60878 0.01 1 31 0
24530 296.954 7.60878 0.01 1 32 0
24538 296.954 7.60878 0.01 1 33 0
24550 305.923 7.60562 0.01 1 72 0
24611 296.954 7.60878 0.01 1 33 0
24657 296.954 7.60878 0.01 1 31 0
24682 296.954 7.60878 0.01 1 33 0
24730 296.954 7.60878 0.01 1 33 0
24752 296.954 7.60878 0.01 1 31 0
24759 322.207 8.3419 0.01 1 105 0
24771 296.954 7.60878 0.01 1 32 0
24775 308.937 7.77792 0.01 1 72 0
24821 296.954 7.49225 0.01 1 32 0
24822 296.954 7.60878 0.01 1 33 0
24865 308.693 7.54171 0.01 1 72 0
24925 322.207 8.3419 0.01 1 105 0
24938 296.954 7.60878 0.01 1 33 0
24985 307.235 7.76188 0.01 1 72 0
25010 309.109 7.78254 0.01 1 72 3.80278e-05
25017 309.458 7.93233 0.01 1 72 0
25032 296.954 7.60878 0.01 1 33 0
25051 296.954 7.60878 0.01 1 32 0
25060 296.954 7.60878 0.01 1 33 0
25068 296.954 7.60878 0.01 1 32 0
25072 296.954 7.60878 0.01 1 33 0
25077 308.135 8.22132 0.01 1 72 0
25086 311.822 7.8226 0.01 1 72 0
25124 300.36 7.59075 0.01 1 32 0
25145 322.207 8.3419 0.01 1 105 0
25180 307.588 8.13471 0.01 1 72 0
25211 306.997 8.32406 0.01 1 72 0
25222 296.954 7.60878 0.01 1 33 0
25235 296.954 7.60878 0.01 1 32 0
25321 307.439 7.9759 0.01 1 72 0
25433 296.954 7.60878 0.01 1 33 0
25448 296.954 7.60878 0.01 1 33 0
25460 296.954 7.60878 0.01 1 32 0
25469 296.954 7.60878 0.01 1 32 0
25507 296.954 7.60878 0.01 1 33 0
25517 296.954 7.60878 0.01 1 32 0
25522 321.911 8.3419 0.01 1 105 0
25524 310.882 7.99432 0.01 1 72 0
25554 314.286 7.91341 0.01 1 72 0
25576 308.889 8.18854 0.01 1 72 0
25580 296.954 7.50035 0.01 1 33 0
25582 296.954 7.60878 0.01 1 33 0
25585 296.954 7.60878 0.01 1 32 0
25601 296.954 7.60878 0.01 1 32 0
25662 296.954 7.60878 0.01 1 33 0
25703 296.954 7.44632 0.01 1 33 -0.00257599
25707 308.546 7.94976 0.01 1 72 0
25720 307.904 7.80818 0.01 1 72 0.00550473
25728 296.954 7.60878 0.01 1 33 0
25761 296.954 7.60878 0.01 1 33 0
25796 322.207 8.3419 0.01 1 105 0
25798 297.464 7.77936 0.01 1 31 -0.00779125
25805 296.954 7.60878 0.01 1 33 0
25853 296.954 7.60878 0.01 1 32 0
25864 296.954 7.5102 0.01 1 33 0
25874 296.954 7.60878 0.01 1 31 0
25920 321.911 8.3419 0.01 1 105 0
25974 309.266 7.21703 0.01 1 72 0
26008 296.954 7.60878 0.01 1 33 0
26016 309.347 8.01473 0.01 1 72 0
26026 296.512 7.60878 0.01 1 33 0.0195734
26101 321.278 8.3419 0.01 1 106 0
26105 309.086 8.35539 0.01 1 72 0
26121 296.954 7.60878 0.01 1 32 0
26381 296.954 7.60575 0.01 1 33 -4.69312e-05
26384 296.954 7.60878 0.01 1 32 0
26423 306.997 8.32406 0.01 1 72 0
26503 296.954 7.60878 0.01 1 33 0
26560 322.207 8.3419 0.01 1 105 0
26575 296.954 7.60878 0.01 1 33 0
26636 322.207 8.3419 0.01 1 106 0
26647 308.937 7.77792 0.01 1 72 0
26677 296.954 7.60878 0.01 1 31 0
26683 322.207 8.3419 0.01 1 105 0
26702 296.954 7.60878 0.01 1 33 0
26742 296.954 7.60878 0.01 1 32 0
26827 296.954 7.60878 0.01 1 33 0
26831 296.954 7.60878 0.01 1 32 0
26835 296.954 7.60878 0.01 1 31 0
26859 296.954 7.60878 0.01 1 32 0
26861 308.889 8.05722 0.01 1 72 0
26894 296.954 7.60878 0.01 1 33 0
26914 296.954 7.60878 0.01 1 32 0
26973 296.954 7.60878 0.01 1 32 0
26979 297.751 7.60878 0.01 1 33 0
26983 296.954 7.60878 0.01 1 33 0
26990 296.954 7.60878 0.01 1 33 0
26993 296.954 7.60878 0.01 1 32 0
26997 309.187 7.78032 0.01 1 72 0
27019 307.622 7.96808 0.01 1 72 0
27024 306.997 8.32406 0.01 1 72 0
27036 307.843 7.76152 0.01 1 72 0
27048 322.207 8.3419 0.01 1 105 0
27063 322.207 8.2896 0.01 1 105 0
27101 309.776 7.42651 0.01 1 72 0
27103 296.954 7.60878 0.01 1 33 0
27142 308.33 7.76152 0.01 1 72 0
27172 321.278 8.27641 0.01 1 106 0
27184 296.954 7.60878 0.01 1 33 0
27194 310.882 8.06824 0.01 1 72 0
27207 322.207 8.3419 0.01 1 106 0
27211 308.889 8.05722 0.01 1 72 0
27232 307.588 8.13471 0.01 1 72 0
27259 321.278 8.3419 0.01 1 105 0
27261 296.954 7.60878 0.01 1 32 0
27354 307.584 8.30101 0.01 1 72 0
27362 296.954 7.60878 0.01 1 32 0
27429 296.954 7.60878 0.01 1 32 0
27447 308.818 7.53278 0.01 1 72 0
27481 307.584 8.30101 0.01 1 72 0
27484 306.18 7.98152 0.01 1 72 0
27524 296.954 7.60878 0.01 1 32 0
27558 296.954 7.60878 0.01 1 32 0
27562 322.207 8.3419 0.01 1 105 0
27594 296.954 7.60878 0.01 1 32 0
27608 296.954 7.60878 0.01 1 32 0
27619 296.954 7.60878 0.01 1 32 0
27652 296.954 7.60878 0.01 1 32 0
27661 296.954 7.60878 0.01 1 33 0
27699 296.954 7.60878 0.01 1 32 0
27715 296.954 7.60878 0.01 1 33 0
27718 306.8 7.89895 0.01 1 72 0
27747 296.954 7.66642 0.01 1 33 0
27759 296.954 7.60878 0.01 1 33 0
27824 310.882 7.99973 0.01 1 72 7.25687e-06
27843 306.443 7.82 0.01 1 72 0
27853 296.954 7.60878 0.01 1 33 0
27876 296.954 7.60878 0.01 1 32 0
28014 307.584 8.30101 0.01 1 72 0
28035 296.954 7.77936 0.01 1 31 0
28040 308.888 7.6814 0.01 1 72 0
28064 296.954 7.49421 0.01 1 33 -0.00180487
28153 309.111 7.21703 0.01 1 72 0
28171 306.841 7.82 0.01 1 72 0
28202 309.776 7.42651 0.01 1 72 0
28212 308.052 7.94976 0.01 1 72 0
28216 307.274 7.96808 0.01 1 72 -0.0036262
28218 307.477 8.10297 0.01 1 72 0
28223 296.954 7.60878 0.01 1 33 0
28241 311.822 7.8226 0.01 1 72 0
28271 322.207 8.2896 0.01 1 106 0
28310 321.278 8.3419 0.01 1 106 0
28319 321.278 8.27641 0.01 1 106 0
28356 296.954 7.6614 0.01 1 32 0
28387 296.954 7.60878 0.01 1 31 0
28409 306.841 7.80818 0.01 1 72 0
28454 308.546 7.94976 0.01 1 72 0
28485 307.377 7.77792 0.01 1 72 0
28587 296.954 7.60878 0.01 1 33 0
28593 296.954 7.60878 0.01 1 32 0
28655 296.954 7.60878 0.01 1 32 0
28711 322.207 8.3419 0.01 1 107 0
28716 296.954 7.60878 0.01 1 31 0
28717 296.954 7.60878 0.01 1 33 0
28799 321.579 8.3419 0.01 1 105 0
28846 296.954 7.60878 0.01 1 32 0
28864 308.818 7.53278 0.01 1 72 0
28897 296.954 7.60878 0.01 1 33 0
28922 322.207 8.3419 0.01 1 105 0
28946 307.858 8.15249 0.01 1 72 0
28948 296.954 7.60878 0.01 1 33 0
28952 296.954 7.60878 0.01 1 33 0
28988 307.477 8.10297 0.01 1 72 0
29003 322.207 8.2896 0.01 1 105 0
29053 296.954 7.60878 0.01 1 32 0
29058 323.676 8.3419 0.01 1 105 0
29074 296.954 7.60878 0.01 1 32 0
29078 296.954 7.77936 0.01 1 31 0
29120 296.954 7.60878 0.01 1 33 0
29121 310.882 7.99432 0.01 1 72 0
29122 306.997 8.32406 0.01 1 72 0
29142 296.954 7.77936 0.01 1 31 0
29157 322.207 8.3419 0.01 1 106 0
29173 296.954 7.60878 0.01 1 32 0
29191 308.542 7.6814 0.01 1 72 0
29205 300.36 7.59075 0.01 1 32 0
29260 296.954 7.60878 0.01 1 33 0
29273 307.588 8.13471 0.01 1 72 0
29312 296.954 7.60878 0.01 1 32 0
29338 311.012 7.96054 0.01 1 72 0
29379 308.149 7.96808 0.01 1 72 0
29481 307.477 8.10297 0.01 1 72 0
29485 306.574 7.8343 0.01 1 72 0
29507 296.954 7.60878 0.01 1 33 0
29555 309.187 7.78254 0.01 1 72 0
29609 296.954 7.60878 0.01 1 33 0
29618 296.954 7.60878 0.01 1 33 0
29620 296.954 7.60878 0.01 1 33 0
29687 296.954 7.60878 0.01 1 33 0
29700 309.111 7.21703 0.01 1 72 0
29709 296.954 7.60878 0.01 1 33 0
29733 296.954 7.60878 0.01 1 33 0
29753 306.858 7.64643 0.01 1 72 0
29769 296.954 7.60878 0.01 1 32 0
29794 307.584 8.33599 0.01 1 72 2.38866e-05
29797 322.207 8.3419 0.01 1 105 0
29815 296.954 7.60878 0.01 1 32 0
29832 296.226 7.60878 0.01 1 32 0.0115279
29849 296.954 7.60878 0.01 1 31 0
29874 296.954 7.60878 0.01 1 32 0
29883 307.588 8.13471 0.01 1 72 0
29927 306.416 7.76152 0.01 1 72 0
29952 296.954 7.60878 0.01 1 31 0
29993 321.278 8.27641 0.01 1 106 0
30029 296.954 7.60878 0.01 1 33 0
30044 296.954 7.60878 0.01 1 33 0
30091 322.207 8.2896 0.01 1 106 0
30109 296.954 7.60878 0.01 1 32 0
30116 310.882 8.06824 0.01 1 72 0
30133 307.584 8.30101 0.01 1 72 0
30138 311.365 7.91341 0.01 1 72 0
30180 296.954 7.60878 0.01 1 33 0
30204 296.954 7.60878 0.01 1 33 0
30277 310.082 8.0205 0.01 1 72 0
30290 322.196 8.3165 0.01 1 105 0
30313 296.954 7.60878 0.01 1 33 0
30332 322.207 8.3419 0.01 1 106 0
30343 296.954 7.61176 0.01 1 32 5.17592e-05
30351 321.278 8.3419 0.01 1 105 0
30367 307.93 7.81955 0.01 1 72 0
30391 296.954 7.77936 0.01 1 31 0
30408 296.954 7.60878 0.01 1 33 0
30424 296.954 7.60878 0.01 1 32 0
30444 308.693 7.73062 0.01 1 72 0
30463 296.954 7.60878 0.01 1 33 0
30474 296.954 7.60878 0.01 1 33 0
30476 296.954 7.60878 0.01 1 32 0
30507 321.278 8.3419 0.01 1 106 0
30562 296.954 7.60878 0.01 1 32 0
30577 296.954 7.60878 0.01 1 33 0
30632 321.996 8.3165 0.01 1 105 0
30633 322.877 8.3419 0.01 1 105 0
30644 296.954 7.60878 0.01 1 31 0
30645 296.954 7.60878 0.01 1 33 0
30689 296.954 7.60878 0.01 1 32 0
30703 321.588 8.2896 0.01 1 106 0
30804 305.628 7.98608 0.01 1 72 0
30832 321.278 8.27641 0.01 1 106 0
30864 321.278 8.3419 0.01 1 106 0
30888 321.278 8.3419 0.01 1 105 0
30898 296.954 7.60878 0.01 1 32 0
30911 296.954 7.60878 0.01 1 33 0
30947 296.954 7.60878 0.01 1 32 0
30974 309.208 7.83324 0.01 1 72 0
31030 296.954 7.60878 0.01 1 32 0
31034 308.889 8.05722 0.01 1 72 0
31041 307.588 8.13471 0.01 1 72 0
31054 307.439 7.9759 0.01 1 72 0
31068 322.207 8.22963 0.01 1 105 -0.000393108
31134 307.029 7.8574 0.01 1 72 0
31150 296.954 7.6752 0.01 1 32 0
31164 307.588 8.13471 0.01 1 72 0
31252 322.207 8.01977 0.01 1 107 -0.000738919
31274 296.954 7.60878 0.01 1 32 0
31335 321.278 8.3419 0.01 1 107 0
31429 296.954 7.77936 0.01 1 31 0
31475 296.954 7.77936 0.01 1 31 0
31476 296.954 7.83027 0.01 1 31 0
31493 296.954 7.60878 0.01 1 33 0
31583 296.954 7.60878 0.01 1 32 0
31589 309.079 7.9759 0.01 1 72 0
31623 322.207 8.3419 0.01 1 105 0
31640 296.954 7.60878 0.01 1 33 0
31680 296.954 7.60878 0.01 1 33 0
31704 307.766 7.8905 0.01 1 72 0
31709 309.266 7.35526 0.01 1 72 0
31719 296.954 7.60878 0.01 1 32 0
31728 296.954 7.60878 0.01 1 32 0
31729 296.954 7.60878 0.01 1 33 0
31736 308.052 7.94976 0.01 1 72 0
31744 322.207 8.3419 0.01 1 106 0
31810 296.954 7.60878 0.01 1 31 0
31818 296.954 7.60878 0.01 1 33 0
31836 300.36 7.59075 0.01 1 32 0
31852 308.206 7.96808 0.01 1 72 0
31890 322.207 8.3419 0.01 1 106 0
31902 296.954 7.60878 0.01 1 32 0
31907 296.954 7.60878 0.01 1 33 0
31913 322.207 8.3419 0.01 1 105 0
31927 296.954 7.60878 0.01 1 33 0
31945 308.766 8.06094 0.01 1 72 0
31987 296.954 7.60878 0.01 1 32 0
31998 296.954 7.60878 0.01 1 32 0
32004 322.207 8.14235 0.01 1 106 0
32017 306.574 7.8343 0.01 1 72 0
32058 309.284 7.9768 0.01 1 72 0
32064 296.954 7.60878 0.01 1 32 0
32085 323.303 8.3165 0.01 1 106 0
32094 309.776 7.68555 0.01 1 72 0
32095 308.204 7.77792 0.01 1 72 -0.000141904
32096 296.954 7.60878 0.01 1 33 0
32121 308.937 7.77792 0.01 1 72 0
32203 296.954 7.60878 0.01 1 31 0
32237 296.954 7.60878 0.01 1 33 0
32244 296.954 7.77936 0.01 1 31 0
32273 310.348 7.99021 0.01 1 72 0
32279 308.501 7.83495 0.01 1 72 0
32281 307.029 7.8574 0.01 1 72 0
32286 322.207 8.3419 0.01 1 106 0
32310 321.278 8.3419 0.01 1 105 0
32319 321.278 8.3419 0.01 1 107 0
32342 322.207 8.3419 0.01 1 106 0
32408 296.954 7.60878 0.01 1 32 0
32411 296.954 7.60878 0.01 1 31 0
32415 309.347 8.01473 0.01 1 72 0
32441 296.954 7.60878 0.01 1 33 0
32444 296.616 7.60878 0.01 1 32 0
32451 321.278 8.29489 0.01 1 105 0
32476 311.18 7.86631 0.01 1 72 0
32488 296.954 7.60878 0.01 1 33 0
32540 296.954 7.60878 0.01 1 32 0
32563 296.954 7.60878 0.01 1 33 0
32581 296.954 7.60878 0.01 1 33 0
32615 297.29 7.60878 0.01 1 33 -0.00531528
32647 308.052 7.94976 0.01 1 72 0
32671 296.954 7.60878 0.01 1 32 0
32727 296.954 7.60878 0.01 1 33 0
32743 308.096 7.80377 0.01 1 72 0
32749 296.954 7.60878 0.01 1 33 0
32787 296.954 7.60878 0.01 1 33 0
32821 296.954 7.60878 0.01 1 33 0
32841 296.954 7.60878 0.01 1 31 0
32881 296.954 7.60878 0.01 1 31 0
32884 309.111 7.21703 0.01 1 72 0
32900 306.492 7.48655 0.01 1 72 0
32903 322.196 8.3165 0.01 1 105 0
32941 296.954 7.60878 0.01 1 32 0
32948 296.954 7.60878 0.01 1 33 0
32958 296.954 7.60878 0.01 1 33 0
33001 322.207 8.3419 0.01 1 105 0
33002 321.278 8.29489 0.01 1 105 0
33006 322.207 8.3419 0.01 1 106 0
33021 296.616 7.60878 0.01 1 33 0
33022 296.954 7.60878 0.01 1 33 0
33038 321.278 8.27641 0.01 1 106 0
33053 296.616 7.60878 0.01 1 33 0
33067 296.954 7.60878 0.01 1 32 0
33073 296.954 7.60878 0.01 1 33 0
33105 296.954 7.60878 0.01 1 33 0
33123 296.954 7.60878 0.01 1 33 0
33162 296.954 7.53113 0.01 1 32 0
33202 308.818 7.53278 0.01 1 72 0
33204 296.954 7.60878 0.01 1 33 0
33286 321.278 8.29489 0.01 1 105 0
33292 321.278 8.3419 0.01 1 107 0
33294 322.565 8.3419 0.01 1 106 0
33297 322.565 8.3419 0.01 1 106 0
33305 309.086 8.35539 0.01 1 72 0
33332 296.954 7.60878 0.01 1 31 0
33334 308.206 7.96808 0.01 1 72 0
33347 296.954 7.60878 0.01 1 32 0
33384 296.954 7.60878 0.01 1 33 0
33387 305.923 7.60562 0.01 1 72 0
33394 296.954 7.60878 0.01 1 31 0
33399 296.954 7.60878 0.01 1 33 0
33429 296.954 7.60878 0.01 1 33 0
33444 322.207 8.3419 0.01 1 105 0
33455 296.954 7.60878 0.01 1 33 0
33471 296.954 7.60878 0.01 1 33 0
33510 296.954 7.60878 0.01 1 32 0
33537 323.144 8.27641 0.01 1 106 0.0183584
33542 296.954 7.60878 0.01 1 33 0
33548 309.187 7.78254 0.01 1 72 0
33554 321.278 8.27641 0.01 1 106 0
33598 322.207 8.3419 0.01 1 105 0
33615 322.207 8.3419 0.01 1 107 0
33625 296.954 7.60878 0.01 1 32 0
33634 310.348 7.99021 0.01 1 72 0
33637 296.954 7.60878 0.01 1 33 0
33649 322.565 8.3419 0.01 1 106 0
33655 322.207 8.14235 0.01 1 107 0
33686 296.954 7.60878 0.01 1 33 0
33696 322.207 8.3419 0.01 1 105 0
33701 296.954 7.60878 0.01 1 33 0
33715 296.954 7.77936 0.01 1 31 0
33734 309.086 8.35539 0.01 1 72 0
33748 307.477 8.10297 0.01 1 72 0
33772 310.882 8.06824 0.01 1 72 0
33802 309.284 7.9768 0.01 1 72 0
33816 309.086 8.35539 0.01 1 72 0
33817 308.052 7.94976 0.01 1 72 0
