max_pf 96 min_pf 35
individual T0 sigma disp_rate r0 patch_no mut_eff
0 306.687 8.08417 0.01 1 72 0
59 311.022 7.90982 0.01 1 72 0
111 301.926 8.07122 0.01 1 36 0
121 309.221 7.89612 0.01 1 72 0
137 308.115 8.24749 0.01 1 72 0
178 301.926 8.07122 0.01 1 37 0
182 311.511 7.96376 0.01 1 72 0
220 309.067 8.14084 0.01 1 72 0
262 307.572 7.94014 0.01 1 72 0
269 301.199 8.07122 0.01 1 37 0
275 309.301 7.70562 0.01 1 72 0
289 309.067 8.14084 0.01 1 72 0
317 311.509 8.07891 0.01 1 96 0
339 301.926 8.07122 0.01 1 36 0
379 309.301 7.70562 0.01 1 72 0
381 307.663 8.10729 0.01 1 72 0
396 309.301 7.64434 0.01 1 72 -2.08616e-07
431 312.384 8.03372 0.01 1 95 0
437 309.668 7.61007 0.01 1 72 0
444 301.926 8.07122 0.01 1 37 0
446 310.543 8.08577 0.01 1 94 0
466 312.384 8.03372 0.01 1 95 0
477 302.917 8.07122 0.01 1 36 0
487 301.926 8.07122 0.01 1 35 0
537 309.154 7.71824 0.01 1 72 0
562 309.301 7.70562 0.01 1 72 0
646 312.728 8.24642 0.01 1 94 0.00489138
658 302.917 8.08493 0.01 1 37 0
732 302.917 8.07122 0.01 1 36 0
833 303.102 8.07122 0.01 1 37 0
853 303.102 8.07122 0.01 1 37 0
864 312.384 8.24642 0.01 1 95 0
876 302.917 8.07122 0.01 1 37 0
877 301.926 8.07122 0.01 1 36 0
884 301.926 8.07122 0.01 1 37 0
899 302.917 8.07122 0.01 1 37 0
903 302.917 8.07122 0.01 1 37 0
908 301.03 8.07122 0.01 1 35 0
909 301.926 8.07122 0.01 1 37 0
924 308.438 8.08875 0.01 1 72 0
976 301.926 8.07122 0.01 1 36 0
986 301.926 8.07122 0.01 1 36 0
1000 301.926 8.07122 0.01 1 37 0
1017 307.388 7.64972 0.01 1 72 0
1048 301.926 8.07122 0.01 1 37 0
1055 301.41 8.04357 0.01 1 37 0
1079 300.178 8.07122 0.01 1 35 0
1110 307.009 7.9104 0.01 1 72 0
1119 309.154 8.30068 0.01 1 72 0
1148 309.668 8.12163 0.01 1 72 0
1167 302.917 8.07122 0.01 1 36 0
1169 301.926 8.07122 0.01 1 37 0
1230 301.199 8.07122 0.01 1 37 0
1235 301.926 8.07122 0.01 1 37 0
1303 302.917 8.07122 0.01 1 36 0
1304 308.115 8.24749 0.01 1 72 0
1346 301.685 8.07122 0.01 1 35 -0.00877525
1350 303.854 8.07122 0.01 1 37 -0.0120328
1387 311.509 8.07891 0.01 1 94 0
1390 302.917 8.07122 0.01 1 37 0
1394 301.926 8.07122 0.01 1 37 0
1446 312.384 8.03372 0.01 1 94 0
1479 305.793 7.78419 0.01 1 72 0
1513 309.837 7.92415 0.01 1 72 0
1514 302.917 8.05369 0.01 1 36 0
1516 306.381 7.98978 0.01 1 72 0
1532 308.911 8.08879 0.01 1 72 0
1609 301.03 8.07122 0.01 1 35 0
1630 302.917 8.07122 0.01 1 37 0
1640 302.917 8.07122 0.01 1 37 0
1678 307.13 8.17498 0.01 1 72 0
1698 312.384 8.03372 0.01 1 94 0
1737 307.916 7.89873 0.01 1 72 0
1855 301.926 8.07122 0.01 1 37 0
1859 302.917 8.07122 0.01 1 37 0
1874 302.917 8.07122 0.01 1 37 0
1878 301.926 8.07122 0.01 1 36 0
1894 309.154 8.16705 0.01 1 72 0
1903 302.917 8.07122 0.01 1 37 0
1914 301.926 8.07122 0.01 1 37 0
1967 307.13 8.11881 0.01 1 72 0
1988 308.314 8.25072 0.01 1 72 0
2012 302.917 8.07122 0.01 1 37 0
2049 301.926 8.07122 0.01 1 37 0
2054 301.926 8.07122 0.01 1 37 0
2057 311.509 8.07891 0.01 1 94 0
2068 301.926 8.07122 0.01 1 37 0
2096 301.839 8.05369 0.01 1 37 0
2106 306.687 8.08417 0.01 1 72 0
2109 301.03 8.07122 0.01 1 35 0
2182 309.301 7.70562 0.01 1 72 0
2188 308.895 7.81155 0.01 1 72 0
2282 302.917 8.07122 0.01 1 36 0
2285 310.016 7.87424 0.01 1 72 0
2289 304.517 8.05369 0.01 1 37 0
2298 311.809 8.01648 0.01 1 94 0
2306 303.368 7.97987 0.01 1 37 -0.0205293
2308 312.384 8.21529 0.01 1 95 0
2350 302.917 8.08493 0.01 1 36 0
2458 301.926 8.07122 0.01 1 37 0
2465 302.917 8.08493 0.01 1 36 0
2513 308.999 7.89909 0.01 1 72 0
2547 310.592 7.70562 0.01 1 72 0
2556 312.384 8.24642 0.01 1 94 0
2585 302.917 8.07122 0.01 1 36 0
2701 301.926 8.07122 0.01 1 37 0
2721 302.917 8.07122 0.01 1 37 0
2829 301.926 8.07122 0.01 1 37 0
2835 302.485 8.05369 0.01 1 36 0
2854 308.419 8.08854 0.01 1 72 0
2862 301.926 8.07122 0.01 1 36 0
2871 309.837 8.1212 0.01 1 72 0
2885 303.102 8.07122 0.01 1 37 0
2892 309.668 7.61007 0.01 1 72 0
2931 306.589 8.22006 0.01 1 72 0
2938 309.668 7.61007 0.01 1 72 0
2957 302.485 8.01996 0.01 1 37 -0.000613652
2975 303.102 8.07122 0.01 1 37 0
3071 309.028 7.94881 0.01 1 72 2.98023e-08
3072 308.419 8.17843 0.01 1 72 0
3141 307.953 8.10565 0.01 1 72 0
3206 310.016 7.87424 0.01 1 72 0
3231 306.067 8.52503 0.01 1 72 0
3287 302.917 8.07122 0.01 1 36 0
3320 301.926 8.07122 0.01 1 36 0
3344 301.199 8.07122 0.01 1 36 0
3388 301.926 8.07122 0.01 1 36 0
3466 301.926 8.07122 0.01 1 37 0
3580 309.837 7.92415 0.01 1 72 0
3668 307.13 8.17498 0.01 1 72 0
3673 308.969 8.2305 0.01 1 72 0
3694 303.028 8.07122 0.01 1 36 -0.00135463
3695 312.384 8.24642 0.01 1 94 0
3720 308.969 8.2305 0.01 1 72 0
3763 309.301 7.64972 0.01 1 72 0
3787 308.969 8.2305 0.01 1 72 0
3824 307.13 8.17498 0.01 1 72 0
3848 303.028 8.07122 0.01 1 36 0
3873 301.926 8.07122 0.01 1 37 0
3881 309.837 8.1212 0.01 1 72 0
3895 302.804 8.05369 0.01 1 37 0
3927 301.926 8.07122 0.01 1 36 0
3950 301.199 8.07122 0.01 1 37 0
3957 301.926 8.07122 0.01 1 37 0
3993 302.917 8.07122 0.01 1 37 0
4035 306.561 8.22596 0.01 1 72 0
4051 307.991 8.36476 0.01 1 72 0
4066 311.509 8.08577 0.01 1 94 0
4082 302.917 8.07122 0.01 1 37 0
4110 301.926 8.07122 0.01 1 36 0
4122 309.067 8.14084 0.01 1 72 0
4128 302.917 8.07122 0.01 1 37 0
4192 307.764 7.71673 0.01 1 72 -3.5733e-05
4261 301.839 8.05369 0.01 1 37 0
4296 303.102 8.07122 0.01 1 36 0
4315 309.392 8.09587 0.01 1 72 0
4325 309.392 8.09587 0.01 1 72 0
4332 301.926 8.07122 0.01 1 37 0
4338 301.926 8.07122 0.01 1 35 0
4389 309.154 8.30068 0.01 1 72 0
4399 311.022 7.90982 0.01 1 72 0
4406 305.349 8.57792 0.01 1 72 0
4443 308.895 7.89724 0.01 1 72 0
4489 301.926 8.07122 0.01 1 37 0
4490 312.384 8.21529 0.01 1 95 0
4491 309.837 8.1212 0.01 1 72 0
4513 302.917 8.07122 0.01 1 37 0
4515 302.917 8.07122 0.01 1 36 0
4564 309.837 8.05532 0.01 1 72 0
4581 312.384 8.24642 0.01 1 94 0
4590 311.509 8.05622 0.01 1 95 0
4619 303.102 8.07122 0.01 1 37 0
4637 308.73 8.2305 0.01 1 72 0
4686 303.773 8.05369 0.01 1 35 -0.0153927
4698 307.952 7.70562 0.01 1 72 0
4704 301.199 8.07122 0.01 1 37 0
4705 301.926 8.07122 0.01 1 36 0
4709 308.293 7.70562 0.01 1 72 0
4719 311.509 8.07891 0.01 1 95 0
4732 308.288 8.36476 0.01 1 72 0
4742 311.037 8.2305 0.01 1 72 0
4776 308.895 7.81155 0.01 1 72 0
4861 307.009 7.9104 0.01 1 72 0
4885 302.485 8.05369 0.01 1 37 0
4902 301.926 8.07122 0.01 1 36 0
4919 301.88 8.07122 0.01 1 36 0
4949 312.384 8.03372 0.01 1 94 0
4959 301.926 8.07122 0.01 1 37 0
4983 310.543 8.08577 0.01 1 94 0
5012 311.509 8.07891 0.01 1 94 0
5029 301.199 8.07122 0.01 1 36 0
5076 301.926 8.07122 0.01 1 35 0
5100 310.592 7.70562 0.01 1 72 0
5216 301.926 8.07122 0.01 1 37 0
5218 307.825 8.1612 0.01 1 72 0
5234 301.926 8.07122 0.01 1 35 0
5261 302.917 8.08493 0.01 1 37 0
5311 302.917 8.07122 0.01 1 37 0
5368 301.926 8.07122 0.01 1 37 0
5371 301.926 8.07122 0.01 1 37 0
5372 302.917 8.07122 0.01 1 37 0
5455 302.917 8.07122 0.01 1 37 0
5519 301.926 8.07122 0.01 1 37 0
5522 312.384 8.24642 0.01 1 94 0
5620 308.969 8.2305 0.01 1 72 0
5635 302.917 8.07122 0.01 1 36 0
5637 310.105 7.70562 0.01 1 72 0
5638 301.926 8.07122 0.01 1 37 0
5674 311.509 8.08577 0.01 1 94 0
5679 310.016 7.87424 0.01 1 72 0
5740 309.837 7.821 0.01 1 72 0
5770 308.314 8.25072 0.01 1 72 -0.000977755
5797 301.926 8.07122 0.01 1 37 0
5802 301.926 8.07122 0.01 1 36 0
5826 301.926 8.07122 0.01 1 37 0
5868 302.485 8.05369 0.01 1 35 0
5874 302.917 8.07122 0.01 1 37 0
5965 301.03 8.07122 0.01 1 36 0
5991 301.926 8.07122 0.01 1 36 0
6039 309.067 8.14811 0.01 1 72 0
6047 302.917 8.07122 0.01 1 37 0
6066 310.73 8.35924 0.01 1 72 0
6114 310.016 7.87424 0.01 1 72 0
6198 303.102 8.07122 0.01 1 37 0
6215 301.926 8.07122 0.01 1 37 0
6259 301.926 8.07122 0.01 1 37 0
6265 309.921 7.81519 0.01 1 72 0
6285 312.384 8.24642 0.01 1 96 0
6289 302.917 8.07122 0.01 1 37 0
6338 301.926 8.07122 0.01 1 37 0
6392 301.03 8.07122 0.01 1 35 0
6402 301.03 8.27181 0.01 1 35 0
6445 307.009 7.9104 0.01 1 72 0
6449 309.392 8.09587 0.01 1 72 0
6504 307.13 8.17498 0.01 1 72 0
6566 301.199 8.07122 0.01 1 37 0
6627 307.969 7.94014 0.01 1 72 0
6639 301.926 8.07122 0.01 1 37 0
6704 301.41 8.04357 0.01 1 37 0
6735 310.016 7.87424 0.01 1 72 0
6748 302.917 8.00118 0.01 1 36 0
6754 309.837 7.821 0.01 1 72 0
6768 301.685 8.07122 0.01 1 35 0
6774 302.917 8.07122 0.01 1 37 0
6777 301.926 8.07122 0.01 1 35 0
6809 308.73 8.33989 0.01 1 72 0
6821 301.03 8.07122 0.01 1 35 0
6899 311.509 8.07891 0.01 1 94 0
6917 309.301 7.70562 0.01 1 72 0
7022 301.926 8.07122 0.01 1 35 0
7039 302.917 8.08493 0.01 1 37 0
7072 311.809 7.98839 0.01 1 94 0
7078 301.926 8.07122 0.01 1 37 0
7121 313.877 8.03372 0.01 1 94 0.0218259
7150 309.319 8.20045 0.01 1 72 0
7156 302.485 8.05369 0.01 1 37 0.00585619
7159 301.926 8.07122 0.01 1 35 0
7186 309.83 7.89909 0.01 1 72 -0.000369221
7192 301.926 8.07122 0.01 1 35 0
7196 306.582 8.18039 0.01 1 72 -0.0032409
7200 308.537 8.34033 0.01 1 72 0
7212 308.911 8.08879 0.01 1 72 0
7214 309.929 7.91836 0.01 1 72 0
7226 312.384 8.24642 0.01 1 94 0
7227 307.952 7.70562 0.01 1 72 0
7235 302.917 7.96256 0.01 1 37 -0.00198149
7248 302.917 8.07122 0.01 1 37 0
7250 302.917 8.07122 0.01 1 37 0
7304 302.804 8.05369 0.01 1 37 0.00145084
7306 307.13 8.17498 0.01 1 72 0
7335 308.23 8.36341 0.01 1 72 0
7389 301.926 8.07122 0.01 1 37 0
7429 307.764 7.77211 0.01 1 72 0
7437 301.199 8.07122 0.01 1 37 0
7441 309.837 7.821 0.01 1 72 0
7455 307.916 7.89873 0.01 1 72 0
7459 301.926 8.07122 0.01 1 35 0
7475 311.809 8.01648 0.01 1 94 0
7612 311.509 8.07891 0.01 1 94 0
7626 301.926 8.07122 0.01 1 36 0
7632 302.917 8.08493 0.01 1 36 0
7634 309.221 7.89612 0.01 1 72 0
7665 301.926 8.07122 0.01 1 36 0
7667 307.969 7.78741 0.01 1 72 0
7698 308.969 8.2305 0.01 1 72 0
7706 307.969 7.78741 0.01 1 72 0
7721 309.301 7.78439 0.01 1 72 0
7738 301.926 8.07122 0.01 1 36 0
7753 301.926 8.07122 0.01 1 37 0
7869 309.301 7.64972 0.01 1 72 0
7882 301.926 8.07122 0.01 1 36 0
7891 309.144 7.83283 0.01 1 72 0
7893 310.238 8.0186 0.01 1 72 0
7933 301.926 8.07122 0.01 1 37 0
7935 302.917 8.08493 0.01 1 37 0
7936 301.199 8.07122 0.01 1 37 0
7965 301.926 8.07122 0.01 1 37 0
7976 301.926 8.07122 0.01 1 35 0
8032 301.926 8.07122 0.01 1 37 0
8090 312.384 8.03372 0.01 1 94 0
8125 301.926 8.07122 0.01 1 37 0
8150 301.926 8.07122 0.01 1 37 0
8157 308.895 7.91898 0.01 1 72 3.18885e-06
8226 307.969 7.78741 0.01 1 72 0
8332 301.926 8.07122 0.01 1 37 0
8404 308.895 7.81155 0.01 1 72 0
8405 307.764 7.77211 0.01 1 72 0
8450 307.808 7.78419 0.01 1 72 0.00296701
8488 302.917 8.08493 0.01 1 36 0
8512 301.926 8.07122 0.01 1 36 0
8575 311.022 7.90982 0.01 1 72 0
8623 302.485 8.05369 0.01 1 35 0
8639 301.926 8.07122 0.01 1 37 0
8652 308.911 7.97809 0.01 1 72 0
8722 301.926 8.07122 0.01 1 37 0
8731 307.764 7.77211 0.01 1 72 0
8839 307.13 8.17498 0.01 1 72 0
8857 309.837 7.821 0.01 1 72 0
8895 302.485 8.05369 0.01 1 36 0
8900 301.926 8.06276 0.01 1 37 0
8988 302.917 8.07122 0.01 1 37 0
9032 301.926 8.07122 0.01 1 36 0
9045 302.917 8.176 0.01 1 37 0
9086 301.41 8.04357 0.01 1 37 0
9089 311.509 8.07891 0.01 1 95 0
9100 302.917 8.07122 0.01 1 37 0
9102 307.969 7.94014 0.01 1 72 0
9114 302.917 8.08493 0.01 1 37 0
9133 301.926 8.07122 0.01 1 37 0
9135 304.937 8.05369 0.01 1 36 -0.0233479
9198 301.926 8.07122 0.01 1 35 0
9226 301.926 8.07122 0.01 1 37 0
9286 301.199 8.07122 0.01 1 37 0
9337 308.911 7.97809 0.01 1 72 0
9371 301.926 8.07122 0.01 1 37 0
9392 309.301 7.70562 0.01 1 72 0
9402 309.837 7.821 0.01 1 72 0
9413 302.917 8.07122 0.01 1 37 0
9435 301.926 8.15167 0.01 1 37 0.00135484
9436 312.012 8.24642 0.01 1 96 0
9440 309.837 7.821 0.01 1 72 0
9443 302.917 8.08493 0.01 1 36 0
9501 311.509 8.07891 0.01 1 94 0
9511 302.917 8.07122 0.01 1 37 0
9528 301.41 8.04357 0.01 1 36 0
9543 311.509 8.08577 0.01 1 94 0
9588 302.917 8.07122 0.01 1 36 0
9589 301.926 8.07122 0.01 1 35 0
9595 301.926 8.07122 0.01 1 37 0
9597 310.608 8.1212 0.01 1 72 -0.00280304
9645 304.517 8.05369 0.01 1 36 0
9698 303.102 8.07122 0.01 1 37 0
9707 309.676 7.89909 0.01 1 72 0
9724 312.384 8.03372 0.01 1 94 0
9738 301.926 8.07122 0.01 1 37 0
9752 309.028 7.88881 0.01 1 72 0
9818 309.067 8.14811 0.01 1 72 0
9827 311.509 8.07891 0.01 1 96 0
9845 310.389 7.89909 0.01 1 72 0
9847 304.517 8.05369 0.01 1 35 0
9856 301.926 8.07122 0.01 1 37 0
9863 301.926 8.07122 0.01 1 35 0
9898 302.485 8.05369 0.01 1 37 0
9929 301.199 8.07122 0.01 1 37 0
9936 302.917 8.08493 0.01 1 37 0
9938 310.016 7.87424 0.01 1 72 0
9954 306.15 7.94207 0.01 1 72 0
9965 308.969 8.2305 0.01 1 72 0
10004 302.917 8.07122 0.01 1 37 0
10016 301.926 8.07122 0.01 1 35 0
10058 308.911 8.08879 0.01 1 72 0
10065 302.485 8.05369 0.01 1 36 0
10066 301.199 7.96804 0.01 1 37 -0.00174239
10069 308.23 8.36341 0.01 1 72 0
10100 305.793 7.78419 0.01 1 72 -0.0108824
10105 307.624 7.71824 0.01 1 72 -0.00309461
10155 301.926 8.07122 0.01 1 37 0
10184 302.917 8.07122 0.01 1 37 0
10203 302.485 8.05369 0.01 1 35 0
10227 301.926 8.07122 0.01 1 37 0
10246 302.917 8.08493 0.01 1 37 0
10269 301.926 8.07122 0.01 1 37 0
10297 302.917 8.07122 0.01 1 37 0
10316 309.301 7.64972 0.01 1 72 0
10336 301.926 8.07122 0.01 1 35 0
10467 301.926 8.07122 0.01 1 37 0
10470 309.557 8.13836 0.01 1 72 0
10511 301.926 8.07122 0.01 1 35 0
10515 311.509 8.07891 0.01 1 95 0
10518 301.926 8.07122 0.01 1 37 0
10538 304.564 8.05369 0.01 1 36 -0.00784323
10570 302.917 8.08493 0.01 1 36 0
10631 301.926 8.07122 0.01 1 37 0
10641 309.366 7.94139 0.01 1 72 0
10652 308.419 8.08854 0.01 1 72 0
10694 302.917 8.07122 0.01 1 37 0
10711 309.301 7.7563 0.01 1 72 0
10725 309.067 8.14084 0.01 1 72 0
10738 301.926 8.07122 0.01 1 37 0
10744 308.792 8.25072 0.01 1 72 0
10848 301.199 8.07122 0.01 1 37 0
10874 310.73 8.35924 0.01 1 72 0
10889 311.037 8.32987 0.01 1 72 0
10893 302.917 8.07122 0.01 1 37 0
10895 302.917 8.05369 0.01 1 36 0
10925 301.926 8.07122 0.01 1 37 0
10951 306.993 8.20025 0.01 1 72 -1.58846e-05
10972 302.917 8.07122 0.01 1 37 0
11038 308.73 8.2305 0.01 1 72 0
11059 301.38 8.07122 0.01 1 37 0
11071 302.917 8.07122 0.01 1 37 0
11122 309.392 8.09587 0.01 1 72 0
11215 301.926 8.07122 0.01 1 37 0
11218 303.102 8.07122 0.01 1 37 0
11231 301.926 8.07122 0.01 1 37 0
11245 302.485 8.05369 0.01 1 36 0
11281 302.917 8.08493 0.01 1 36 0
11297 307.952 7.70562 0.01 1 72 0
11298 311.509 8.07891 0.01 1 95 0
11311 312.384 8.21529 0.01 1 95 0
11322 307.764 7.77211 0.01 1 72 0
11397 309.221 7.89612 0.01 1 72 0
11417 302.917 7.96256 0.01 1 37 0
11420 301.926 8.07122 0.01 1 37 0
11468 312.384 8.24642 0.01 1 94 0
11480 302.917 8.07122 0.01 1 37 0
11506 309.668 8.12163 0.01 1 72 0
11588 311.022 7.90982 0.01 1 72 0
11613 302.917 8.08493 0.01 1 37 0
11628 301.926 8.07122 0.01 1 36 0
11638 309.707 7.89909 0.01 1 72 0
11661 301.926 8.07122 0.01 1 37 0
11694 311.509 8.05622 0.01 1 95 0
11705 302.917 8.07122 0.01 1 37 0
11756 301.199 8.07122 0.01 1 36 0
11792 302.917 8.07122 0.01 1 36 0
11807 309.153 8.16705 0.01 1 72 0
11864 302.917 8.07122 0.01 1 36 0
11875 304.517 8.05369 0.01 1 35 0
11907 312.562 7.85214 0.01 1 72 0
11908 302.917 8.08493 0.01 1 37 0
11958 301.926 8.07122 0.01 1 36 0
11963 301.926 8.07122 0.01 1 36 0
11973 308.969 8.2305 0.01 1 72 0
11989 309.837 8.05532 0.01 1 72 0
12012 301.03 8.07122 0.01 1 35 0
12024 305.675 7.74603 0.01 1 72 0
12037 307.969 7.78741 0.01 1 72 0
12063 301.926 8.07122 0.01 1 37 0
12100 301.926 8.07122 0.01 1 37 0
12147 301.926 8.07122 0.01 1 37 0
12162 309.028 7.88881 0.01 1 72 0
12174 312.562 7.85214 0.01 1 72 0
12199 309.837 7.821 0.01 1 72 0
12220 309.301 7.82704 0.01 1 72 0
12243 301.926 8.07122 0.01 1 37 0
12252 311.509 8.07891 0.01 1 95 0
12281 301.926 8.07122 0.01 1 37 0
12290 301.926 8.07122 0.01 1 37 0
12297 302.917 8.07122 0.01 1 37 0
12306 308.612 7.86397 0.01 1 72 0
12319 302.917 8.08493 0.01 1 37 0
12325 310.016 7.87424 0.01 1 72 0
12365 301.03 8.07122 0.01 1 35 0
12367 307.969 7.94014 0.01 1 72 0
12379 302.485 8.05369 0.01 1 37 0
12398 300.408 8.04357 0.01 1 36 0.0142598
12460 301.926 8.07122 0.01 1 35 0
12463 311.527 7.52318 0.01 1 72 0
12476 308.419 8.08854 0.01 1 72 0
12482 308.196 7.98218 0.01 1 72 0
12533 302.917 8.07122 0.01 1 37 0
12591 302.917 8.07122 0.01 1 36 0
12596 301.926 8.07122 0.01 1 37 0
12610 312.384 8.24642 0.01 1 95 0
12621 301.926 8.07122 0.01 1 37 0
12633 301.199 8.07122 0.01 1 36 0
12687 309.842 7.78741 0.01 1 72 0
12700 301.926 8.07122 0.01 1 37 0
12707 302.485 8.05369 0.01 1 35 0
12718 303.102 8.07122 0.01 1 37 0
12731 301.926 8.07122 0.01 1 35 0
12742 302.917 8.08493 0.01 1 36 0
12803 311.527 7.52318 0.01 1 72 0
12806 303.102 8.07122 0.01 1 37 0
12871 303.102 8.07122 0.01 1 37 0
12909 309.028 7.88881 0.01 1 72 0
12918 302.485 8.05369 0.01 1 35 0
12953 301.839 8.05369 0.01 1 37 0
12974 301.199 8.07122 0.01 1 37 0
12979 301.926 8.07122 0.01 1 36 0
12999 302.917 8.07122 0.01 1 36 0
13031 309.929 7.91836 0.01 1 72 0
13043 306.687 8.08417 0.01 1 72 0
13083 302.917 8.08493 0.01 1 37 0
13104 301.926 8.07122 0.01 1 37 0
13141 309.837 7.92415 0.01 1 72 0
13155 303.102 8.07122 0.01 1 36 0
13158 301.926 8.07122 0.01 1 37 0
13162 309.676 7.89909 0.01 1 72 0
13164 309.221 7.89612 0.01 1 72 0
13171 308.513 8.18039 0.01 1 72 0
13194 301.199 8.07122 0.01 1 37 0
13235 307.13 8.17498 0.01 1 72 0
13241 302.917 8.07122 0.01 1 37 0
13245 301.926 8.07122 0.01 1 37 0
13246 309.837 7.821 0.01 1 72 0
13263 306.067 8.52503 0.01 1 72 0
13337 308.969 8.2305 0.01 1 72 0
13393 301.926 8.07122 0.01 1 37 0
13396 301.926 8.07122 0.01 1 37 0
13398 302.917 8.05369 0.01 1 36 0
13435 309.837 8.12598 0.01 1 72 0
13524 307.388 7.64972 0.01 1 72 0
13557 311.245 8.32673 0.01 1 72 0
13561 301.41 8.04357 0.01 1 37 0
13568 300.408 8.04357 0.01 1 36 0
13579 301.03 8.07122 0.01 1 35 0
13646 301.199 8.07122 0.01 1 36 0
13649 302.917 8.07122 0.01 1 37 0
13681 301.41 8.04357 0.01 1 37 0
13686 311.174 7.98218 0.01 1 72 -0.0105396
13696 300.021 8.07122 0.01 1 35 0.0142496
13920 307.624 7.71824 0.01 1 72 0
13952 300.408 8.04357 0.01 1 36 0
13953 301.926 8.07122 0.01 1 37 0
13973 300.925 8.07122 0.01 1 35 0
14009 312.384 8.03372 0.01 1 95 0
14032 301.926 8.07122 0.01 1 35 0
14033 301.41 8.04357 0.01 1 37 0
14111 301.926 8.07122 0.01 1 37 0
14115 307.193 7.78419 0.01 1 72 0
14148 301.926 8.07122 0.01 1 37 0
14171 301.199 8.07122 0.01 1 37 0
14192 303.102 8.07122 0.01 1 37 0
14215 309.837 7.92415 0.01 1 72 0
14252 301.926 8.07122 0.01 1 37 0
14293 302.917 8.05369 0.01 1 36 0
14307 301.926 8.07122 0.01 1 36 0
14317 311.509 8.07891 0.01 1 95 0
14326 301.926 8.09388 0.01 1 36 0.000408255
14330 307.916 7.89873 0.01 1 72 0
14359 309.154 7.71824 0.01 1 72 0
14378 301.926 8.07122 0.01 1 37 0
14449 302.917 8.05369 0.01 1 35 0
14468 307.13 8.11881 0.01 1 72 0
14494 301.199 8.07122 0.01 1 37 0
14495 301.926 8.07122 0.01 1 37 0
14532 310.274 8.36249 0.01 1 72 0
14549 301.926 8.07122 0.01 1 37 0
14559 302.917 8.08493 0.01 1 37 0
14572 302.485 8.05369 0.01 1 35 0
14586 309.392 8.09587 0.01 1 72 0
14619 307.193 7.78419 0.01 1 72 0
14670 309.837 7.821 0.01 1 72 0
14723 310.016 7.75005 0.01 1 72 -5.30332e-05
14728 309.668 8.12163 0.01 1 72 0
14729 301.926 8.07122 0.01 1 37 0
14753 301.199 8.07122 0.01 1 37 0
14764 307.13 8.17498 0.01 1 72 0
14790 307.13 8.17498 0.01 1 72 0
14792 302.917 8.08493 0.01 1 36 0
14809 301.926 8.07122 0.01 1 37 0
14864 311.511 7.96376 0.01 1 72 0
14871 302.917 8.07122 0.01 1 36 0
14893 301.199 8.07122 0.01 1 37 0
14897 301.926 8.07122 0.01 1 37 0
14931 309.837 7.821 0.01 1 72 0
14954 310.274 8.36249 0.01 1 72 0
14979 308.895 7.81155 0.01 1 72 0
15013 308.537 8.34033 0.01 1 72 0
15035 302.917 8.08493 0.01 1 36 0
15050 302.485 8.05369 0.01 1 37 0
15117 301.926 8.07122 0.01 1 37 0
15130 301.926 8.06276 0.01 1 37 0
15149 309.668 7.61007 0.01 1 72 0
15206 311.228 7.89909 0.01 1 72 0
15247 301.41 8.04357 0.01 1 36 0
15278 311.511 7.96376 0.01 1 72 0
15295 301.199 8.07122 0.01 1 37 0
15356 302.917 8.07122 0.01 1 37 0
15373 309.301 7.82704 0.01 1 72 1.62423e-06
15391 301.926 8.07122 0.01 1 37 0
15393 302.917 8.07122 0.01 1 37 0
15426 303.893 8.07122 0.01 1 37 0
15567 301.926 8.07122 0.01 1 37 0
15582 309.837 7.92415 0.01 1 72 0
15754 309.837 7.821 0.01 1 72 0
15760 309.921 7.81519 0.01 1 72 0
15818 302.641 8.07122 0.01 1 37 0.00356866
15835 302.804 8.05369 0.01 1 37 0
15852 301.41 8.04357 0.01 1 36 0
15857 301.926 8.07122 0.01 1 36 0
15858 302.917 8.07122 0.01 1 37 0
15861 304.517 8.05369 0.01 1 36 0
15885 309.426 8.2305 0.01 1 72 0
15918 302.917 8.08493 0.01 1 37 0
15932 306.381 7.98978 0.01 1 72 0
15974 301.926 8.07122 0.01 1 37 0
16036 301.926 8.07122 0.01 1 37 0
16040 302.917 8.07122 0.01 1 37 0
16042 301.926 8.07122 0.01 1 37 0
16080 303.854 8.07122 0.01 1 37 0
16083 311.509 8.07891 0.01 1 95 0
16101 301.41 8.04357 0.01 1 36 0
16139 302.917 8.07122 0.01 1 37 0
16154 310.251 7.92639 0.01 1 72 0
16180 302.917 8.07122 0.01 1 37 0
16182 301.926 8.07122 0.01 1 37 0
16204 308.288 8.36476 0.01 1 72 0
16245 301.88 8.07122 0.01 1 36 0.000606067
16246 309.668 7.61007 0.01 1 72 0
16293 302.917 8.07122 0.01 1 37 0
16346 311.511 7.96376 0.01 1 72 0
16357 309.929 7.91836 0.01 1 72 0
16363 302.917 8.05369 0.01 1 36 0
16387 307.388 7.64972 0.01 1 72 0
16490 302.485 8.05369 0.01 1 37 0
16493 310.016 7.87424 0.01 1 72 0
16508 309.668 7.61007 0.01 1 72 0
16524 309.301 7.64972 0.01 1 72 0
16643 301.03 8.27181 0.01 1 35 0.00353113
16664 301.41 8.04357 0.01 1 36 0
16682 309.837 8.1212 0.01 1 72 0
16712 309.837 7.92415 0.01 1 72 0
16723 301.199 8.07122 0.01 1 37 0
16744 301.926 8.07122 0.01 1 37 0
16842 310.928 8.40776 0.01 1 72 0
16858 309.319 8.20045 0.01 1 72 0
16893 309.837 7.821 0.01 1 72 0
16911 301.926 8.07122 0.01 1 37 0
16921 307.953 8.10565 0.01 1 72 -1.06245e-05
16922 301.926 8.07122 0.01 1 37 0
16946 308.571 8.2305 0.01 1 72 -0.000268474
16957 302.917 8.07122 0.01 1 36 0
16991 307.952 7.70562 0.01 1 72 0
17002 301.926 8.07122 0.01 1 36 0
17003 301.199 8.07122 0.01 1 37 0
17021 311.022 7.90982 0.01 1 72 0
17026 301.926 8.07122 0.01 1 35 0
17030 309.837 7.821 0.01 1 72 0
17094 311.527 7.52318 0.01 1 72 0
17172 301.926 8.07122 0.01 1 37 0
17187 310.016 7.87424 0.01 1 72 0
17223 301.926 8.07122 0.01 1 36 0
17239 301.41 8.04357 0.01 1 35 0
17249 302.248 8.07122 0.01 1 37 -0.00440668
17254 301.926 8.07122 0.01 1 37 0
17255 309.301 7.70562 0.01 1 72 0
17273 302.917 8.07122 0.01 1 36 0
17290 311.527 7.52318 0.01 1 72 0
17312 301.199 8.07122 0.01 1 37 0
17370 301.926 8.07122 0.01 1 37 0
17377 301.199 8.07122 0.01 1 37 0
17484 308.792 8.25072 0.01 1 72 0
17499 301.926 8.07122 0.01 1 37 0
17507 309.557 8.13836 0.01 1 72 0
17512 302.917 8.07122 0.01 1 37 0
17543 302.917 8.07122 0.01 1 37 0
17579 308.895 7.89724 0.01 1 72 0
17592 309.301 7.82704 0.01 1 72 0
17610 301.926 8.07122 0.01 1 37 0
17640 303.409 8.07122 0.01 1 37 0
17654 303.102 8.07122 0.01 1 37 0
17693 307.969 7.78741 0.01 1 72 0
17698 309.067 8.14811 0.01 1 72 0
17705 308.969 8.2305 0.01 1 72 0
17722 311.509 8.08577 0.01 1 94 0
17724 310.592 7.70562 0.01 1 72 0
17770 309.668 8.12163 0.01 1 72 0
17798 307.677 8.08854 0.01 1 72 0
17823 302.917 8.07122 0.01 1 37 0
17891 307.13 8.17498 0.01 1 72 0
17896 307.952 7.70562 0.01 1 72 0
17958 303.409 8.07122 0.01 1 37 -0.00616687
17964 307.388 7.64972 0.01 1 72 0
17966 309.837 8.12598 0.01 1 72 0
17970 302.917 8.07122 0.01 1 37 0
18007 301.926 8.07122 0.01 1 35 0
18056 301.926 8.07122 0.01 1 36 0
18059 306.381 7.98978 0.01 1 72 0
18064 303.102 8.07122 0.01 1 37 0
18082 310.407 8.36249 0.01 1 72 0
18097 302.917 8.08493 0.01 1 37 0
18109 309.154 8.16705 0.01 1 72 0
18140 302.917 8.05369 0.01 1 37 0
18144 302.485 8.03088 0.01 1 36 -0.000414744
18156 312.562 7.85214 0.01 1 72 0
18172 309.154 7.75853 0.01 1 72 0
18188 312.384 8.03372 0.01 1 94 0
18194 312.012 8.24642 0.01 1 96 0
18200 301.926 8.07122 0.01 1 37 0
18223 301.926 8.07122 0.01 1 37 0
18241 301.41 8.04357 0.01 1 36 0
18258 311.527 7.52318 0.01 1 72 0
18300 309.028 7.88881 0.01 1 72 0
18302 309.028 7.88881 0.01 1 72 0
18321 302.917 8.07122 0.01 1 37 0
18332 301.926 8.07122 0.01 1 35 0
18411 301.926 8.07122 0.01 1 37 0
18441 301.926 8.07122 0.01 1 37 0
18447 312.012 8.24642 0.01 1 96 0
18451 307.969 7.69849 0.01 1 72 0
18452 302.917 8.07122 0.01 1 37 0
18474 301.926 8.07122 0.01 1 37 0
18544 308.196 7.98218 0.01 1 72 0
18548 309.921 7.81519 0.01 1 72 0
18569 307.193 7.78419 0.01 1 72 0
18573 302.485 8.05369 0.01 1 37 0
18588 308.911 8.08879 0.01 1 72 0
18675 301.03 8.07122 0.01 1 35 0
18700 301.926 8.07122 0.01 1 35 0
18747 310.105 7.70562 0.01 1 72 0
18758 309.837 8.1212 0.01 1 72 0
18775 312.384 8.24642 0.01 1 94 0
18776 301.926 8.07122 0.01 1 37 0
18777 302.917 8.07122 0.01 1 37 0
18805 302.917 8.07122 0.01 1 37 0
18812 302.917 8.11655 0.01 1 36 0.000568822
18829 308.419 7.96393 0.01 1 72 -1.6138e-05
18836 310.543 8.08577 0.01 1 94 0
18847 302.917 8.08493 0.01 1 37 0
18861 311.509 8.07891 0.01 1 95 0
18871 301.926 8.07122 0.01 1 37 0
18909 305.523 7.84726 0.01 1 72 0
18946 301.926 8.07122 0.01 1 37 0
18947 301.926 8.07122 0.01 1 37 0
18952 302.917 8.07122 0.01 1 37 0
18962 311.509 8.07891 0.01 1 95 0
18973 301.41 8.04357 0.01 1 36 0
19000 302.485 8.05369 0.01 1 35 0
19013 301.926 8.10901 0.01 1 35 0
19040 307.969 7.78741 0.01 1 72 0
19101 301.926 8.06276 0.01 1 37 -0.000151001
19110 302.917 8.00118 0.01 1 36 0
19127 302.917 8.07122 0.01 1 37 0
19130 309.668 8.12163 0.01 1 72 0
19188 300.925 8.07122 0.01 1 35 0.013331
19204 309.144 7.83283 0.01 1 72 0
19219 307.764 7.77211 0.01 1 72 0
19246 301.41 8.04357 0.01 1 36 0
19257 311.509 8.07891 0.01 1 95 0
19273 301.199 8.07122 0.01 1 37 0
19332 301.199 8.07122 0.01 1 37 0
19358 301.926 8.07122 0.01 1 37 0
19393 301.926 8.07122 0.01 1 36 0
19418 306.687 8.08417 0.01 1 72 0
19447 302.917 8.07122 0.01 1 37 0
19455 301.926 8.07122 0.01 1 35 0
19459 309.557 8.13836 0.01 1 72 0
19480 309.301 7.64972 0.01 1 72 0
19483 309.668 7.61007 0.01 1 72 0
19512 302.917 8.07122 0.01 1 37 0
19516 309.301 7.64972 0.01 1 72 0
19534 308.969 8.2305 0.01 1 72 0
19555 302.485 8.05369 0.01 1 35 0
19591 304.517 8.05369 0.01 1 35 0
19666 301.926 8.07122 0.01 1 35 0
19698 301.926 8.07122 0.01 1 37 0
19712 302.917 8.08493 0.01 1 36 0
19741 302.917 8.08493 0.01 1 37 0
19750 301.926 8.07122 0.01 1 36 0
19767 301.926 7.85656 0.01 1 35 -0.0039389
19772 307.888 8.09587 0.01 1 72 -0.00163288
19832 301.926 8.07122 0.01 1 37 0
19837 309.319 8.20045 0.01 1 72 0
20043 307.193 7.78419 0.01 1 72 0
20046 302.917 8.07122 0.01 1 36 0
20056 302.917 8.07122 0.01 1 37 0
20143 309.301 7.70562 0.01 1 72 0
20333 301.926 8.07122 0.01 1 37 0
20369 301.926 8.07122 0.01 1 37 0
20401 307.219 8.29765 0.01 1 72 0
20454 300.925 8.07122 0.01 1 35 0
20457 306.381 7.98978 0.01 1 72 0
20482 301.41 8.04357 0.01 1 37 0
20485 302.917 8.07122 0.01 1 37 0
20532 302.917 8.07122 0.01 1 37 0
20561 309.154 8.16705 0.01 1 72 0
20571 301.926 8.07122 0.01 1 37 0
20578 302.917 8.07122 0.01 1 37 0
20587 301.926 8.07122 0.01 1 37 0
20588 301.839 8.05369 0.01 1 37 0
20705 310.372 7.83283 0.01 1 72 0
20763 301.926 8.07122 0.01 1 35 0
20778 308.612 7.86397 0.01 1 72 0
20785 307.916 7.89873 0.01 1 72 0
20811 301.199 8.07122 0.01 1 37 0
20826 301.199 8.07122 0.01 1 37 0
20865 309.221 7.89612 0.01 1 72 0
20927 302.917 8.07122 0.01 1 36 0
20952 308.288 8.36476 0.01 1 72 0
20958 302.917 8.07122 0.01 1 37 0
20960 301.926 8.07122 0.01 1 37 0
20986 310.543 8.08577 0.01 1 94 0
21015 304.937 8.05369 0.01 1 36 0
21091 302.917 8.08493 0.01 1 36 0
21118 309.028 7.88881 0.01 1 72 0
21136 310.274 8.36249 0.01 1 72 0
21143 308.969 8.2305 0.01 1 72 0
21148 302.917 8.07122 0.01 1 36 0
21175 309.837 7.821 0.01 1 72 0
21188 302.917 8.07122 0.01 1 37 0
21220 304.517 8.05369 0.01 1 36 0
21235 301.926 8.07122 0.01 1 37 0
21241 310.211 7.86397 0.01 1 72 0
21247 301.926 8.07122 0.01 1 36 0
21252 311.527 7.52318 0.01 1 72 0
21266 302.917 8.07122 0.01 1 37 0
21312 309.837 7.92415 0.01 1 72 0
21327 311.509 8.07891 0.01 1 94 0
21355 309.154 7.71824 0.01 1 72 0
21372 301.926 8.07122 0.01 1 36 0
21384 308.911 8.08879 0.01 1 72 0
21464 301.926 8.07122 0.01 1 37 0
21467 302.917 8.07122 0.01 1 37 0
21569 301.926 8.07122 0.01 1 35 0
21605 302.485 8.03088 0.01 1 36 0
21654 302.917 8.07122 0.01 1 37 0
21702 302.917 8.08493 0.01 1 36 0
21705 302.485 8.05369 0.01 1 37 0
21738 301.41 8.04357 0.01 1 36 0
21755 308.23 8.36341 0.01 1 72 0
21777 301.926 8.07122 0.01 1 36 0
21871 310.928 8.40776 0.01 1 72 0
21932 312.384 8.21529 0.01 1 95 0
21984 311.511 7.96376 0.01 1 72 0
22006 310.016 7.87424 0.01 1 72 0
22015 302.485 8.05369 0.01 1 37 0
22029 309.837 7.92415 0.01 1 72 0
22040 303.102 8.07122 0.01 1 37 0
22051 311.511 7.96376 0.01 1 72 0
22054 309.028 7.88881 0.01 1 72 0
22109 302.485 8.03088 0.01 1 36 0
22134 304.517 8.05369 0.01 1 36 0
22138 308.895 7.81155 0.01 1 72 0
22161 301.926 8.07122 0.01 1 37 0
22189 302.917 8.07122 0.01 1 37 0
22198 302.917 8.07122 0.01 1 37 0
22248 306.7 8.0268 0.01 1 72 0
22270 302.917 8.07122 0.01 1 37 0
22283 301.199 8.07122 0.01 1 37 0
22314 301.926 8.07122 0.01 1 37 0
22325 307.919 7.9104 0.01 1 72 0
22328 308.969 8.2305 0.01 1 72 0
22390 310.592 7.70562 0.01 1 72 0
22404 301.926 8.07122 0.01 1 37 0
22422 301.926 8.07122 0.01 1 36 0
22438 301.03 8.07122 0.01 1 35 0
22450 301.926 8.07122 0.01 1 37 0
22469 311.509 8.05622 0.01 1 95 0
22472 302.917 8.07122 0.01 1 37 0
22510 308.419 8.08854 0.01 1 72 0
22526 302.917 8.07122 0.01 1 37 0
22541 309.301 7.70562 0.01 1 72 0
22550 301.926 8.07122 0.01 1 37 0
22560 309.154 7.75853 0.01 1 72 0
22575 302.917 8.08493 0.01 1 37 0
22657 301.926 8.07122 0.01 1 37 0
22679 309.667 8.36476 0.01 1 72 0
22726 308.969 8.2305 0.01 1 72 0
22773 308.792 8.25072 0.01 1 72 0
22775 301.199 8.07122 0.01 1 37 0
22781 310.592 7.70562 0.01 1 72 0
22792 302.917 8.07122 0.01 1 37 0
22810 302.917 8.07122 0.01 1 37 0
22811 309.301 7.7563 0.01 1 72 0
22817 302.917 8.02828 0.01 1 37 0
22842 307.919 7.9104 0.01 1 72 0
22852 302.917 8.05369 0.01 1 36 0
22910 311.511 7.96376 0.01 1 72 0
22917 305.675 7.74603 0.01 1 72 0
22928 301.03 8.07122 0.01 1 35 0
22935 308.911 7.97809 0.01 1 72 0
22938 301.926 8.07122 0.01 1 37 0
22966 307.969 7.94014 0.01 1 72 0
22997 301.41 8.04357 0.01 1 37 0
23042 309.837 7.821 0.01 1 72 0
23069 301.926 8.07122 0.01 1 37 0
23071 302.917 8.07122 0.01 1 37 0
23093 309.154 8.16705 0.01 1 72 0
23138 301.926 8.07122 0.01 1 36 0
23154 301.926 8.07122 0.01 1 37 0
23176 301.926 8.07122 0.01 1 37 0
23205 308.419 8.17843 0.01 1 72 0
23239 308.693 8.25072 0.01 1 72 0
23262 302.917 8.07122 0.01 1 37 0
23343 301.03 8.07122 0.01 1 35 0
23389 309.301 7.78439 0.01 1 72 0
23405 301.199 7.94797 0.01 1 37 0
23419 301.926 8.07122 0.01 1 35 0
23422 301.926 8.07122 0.01 1 37 0
23439 302.917 8.07122 0.01 1 37 0
23464 302.917 8.08493 0.01 1 37 0
23631 302.804 8.05369 0.01 1 37 0
23656 307.13 8.17498 0.01 1 72 0
23668 310.928 8.40776 0.01 1 72 0
23771 301.03 8.07122 0.01 1 35 0
23778 308.537 8.22415 0.01 1 72 0
23784 302.917 8.07122 0.01 1 37 0
23788 303.102 8.07122 0.01 1 37 0
23790 309.301 7.78439 0.01 1 72 0
23854 308.419 8.08854 0.01 1 72 0
23887 305.675 7.74603 0.01 1 72 0
23888 312.384 8.24642 0.01 1 95 0
23895 301.926 8.03654 0.01 1 37 0
23983 307.13 8.17498 0.01 1 72 0
23996 301.926 8.07122 0.01 1 37 0
24069 301.926 8.07122 0.01 1 37 0
24083 308.73 8.33989 0.01 1 72 2.78652e-06
24106 312.384 8.03372 0.01 1 94 0
24143 301.41 8.04357 0.01 1 36 0
24145 309.301 7.64972 0.01 1 72 0
24204 308.895 7.81155 0.01 1 72 0
24265 308.419 8.08854 0.01 1 72 0
24323 301.926 8.07122 0.01 1 37 0
24361 302.917 8.07122 0.01 1 37 0
24389 302.917 8.07122 0.01 1 37 0
24392 309.837 7.92415 0.01 1 72 0
24406 302.485 8.05369 0.01 1 37 0
24428 301.926 8.07122 0.01 1 37 0
24431 302.917 8.07122 0.01 1 37 0
24444 301.975 8.07122 0.01 1 37 -0.000686631
24530 312.044 8.08577 0.01 1 94 0
24536 302.917 8.05369 0.01 1 36 0
24560 302.917 8.07122 0.01 1 37 0
24563 301.03 8.07122 0.01 1 36 0
24650 312.384 8.24642 0.01 1 95 0
24676 309.301 7.70562 0.01 1 72 0
24714 308.419 8.01442 0.01 1 72 -9.52184e-06
24718 308.969 8.2305 0.01 1 72 0
24732 301.926 8.07122 0.01 1 37 0
24762 302.917 8.07122 0.01 1 37 0
24829 302.485 8.05369 0.01 1 36 0
24846 302.917 8.07122 0.01 1 37 0
24849 301.926 8.07122 0.01 1 37 0
24870 302.917 8.07122 0.01 1 37 0
24944 302.917 8.07122 0.01 1 37 0
25018 301.926 8.07122 0.01 1 37 0
25039 301.926 8.07122 0.01 1 37 0
25055 309.067 8.14811 0.01 1 72 0
25099 309.301 7.70562 0.01 1 72 0
25138 302.485 8.05369 0.01 1 36 0
25166 312.384 8.24642 0.01 1 94 0
25176 312.012 8.24642 0.01 1 96 0
25191 301.926 8.09388 0.01 1 36 0
25213 312.384 8.24642 0.01 1 94 0
25243 302.485 8.05369 0.01 1 36 0
25277 301.926 8.07122 0.01 1 37 0
25300 308.486 8.34518 0.01 1 72 0
25347 309.668 7.61007 0.01 1 72 0
25378 309.392 8.09587 0.01 1 72 0
25417 309.668 7.61007 0.01 1 72 0
25434 309.067 8.14084 0.01 1 72 0
25460 313.735 8.06986 0.01 1 94 0
25464 312.384 8.24642 0.01 1 94 0
25466 301.926 8.07122 0.01 1 37 0
25472 301.926 8.07122 0.01 1 37 0
25511 302.917 8.07122 0.01 1 36 0
25613 307.13 8.11881 0.01 1 72 0
25631 301.199 8.07122 0.01 1 37 0
25683 301.926 8.07122 0.01 1 36 0
25685 303.102 8.07122 0.01 1 37 0
25689 308.419 8.17843 0.01 1 72 0
25712 312.012 8.24642 0.01 1 96 0
25793 310.543 8.08577 0.01 1 94 0
25805 312.384 8.24642 0.01 1 94 0
25867 301.926 8.07122 0.01 1 37 0
25897 301.926 8.07122 0.01 1 37 0
25900 311.509 8.07891 0.01 1 96 0
25909 302.917 8.07122 0.01 1 37 0
25924 303.409 8.07122 0.01 1 37 -0.00616277
25951 304.517 8.05369 0.01 1 35 0
26076 312.384 8.24642 0.01 1 95 0
26102 309.557 8.13836 0.01 1 72 0
26110 301.926 8.07122 0.01 1 37 0
26112 301.41 8.04357 0.01 1 37 0
26125 301.926 8.07122 0.01 1 35 0
26131 309.929 7.91836 0.01 1 72 0
26179 309.319 8.20045 0.01 1 72 0
26180 302.917 8.08493 0.01 1 37 0
26223 302.485 8.05369 0.01 1 36 0
26362 302.917 8.08493 0.01 1 36 0
26390 301.926 8.07122 0.01 1 37 0
26401 301.41 8.04357 0.01 1 36 0
26408 308.115 8.24749 0.01 1 72 0
26413 310.592 7.70562 0.01 1 72 0
26416 308.314 8.25072 0.01 1 72 0
26419 301.926 8.07122 0.01 1 37 0
26427 309.837 7.821 0.01 1 72 0
26433 302.917 8.07122 0.01 1 36 0
26455 301.926 8.07122 0.01 1 37 0
26491 308.419 8.08854 0.01 1 72 0
26514 309.028 7.88881 0.01 1 72 0
26538 311.527 7.52318 0.01 1 72 0
26550 307.13 8.17498 0.01 1 72 0
26585 301.926 8.07122 0.01 1 37 0
26589 307.952 7.70562 0.01 1 72 0
26595 310.105 7.70562 0.01 1 72 0
26600 308.911 7.93279 0.01 1 72 0
26618 309.667 8.36476 0.01 1 72 0
26638 303.102 8.07122 0.01 1 37 0
26644 309.837 8.1212 0.01 1 72 0
26678 312.012 8.24642 0.01 1 96 0
26716 301.03 8.0565 0.01 1 35 -0.000263683
26732 302.917 8.07122 0.01 1 37 0
26748 301.926 8.07122 0.01 1 37 0
26755 309.929 7.91836 0.01 1 72 0
26770 309.301 7.70562 0.01 1 72 0
26819 309.366 7.94139 0.01 1 72 0
26848 307.969 7.78741 0.01 1 72 0
26850 301.926 8.07122 0.01 1 36 0
26863 309.301 7.7563 0.01 1 72 0
26865 301.199 8.07122 0.01 1 37 0
26866 301.926 8.07122 0.01 1 35 0
26876 310.436 8.12163 0.01 1 72 -0.00241147
26880 302.485 8.05369 0.01 1 35 0
26912 301.926 8.07122 0.01 1 37 0
26933 312.384 8.24642 0.01 1 94 0
26966 309.392 8.09587 0.01 1 72 0
26983 302.917 8.07122 0.01 1 36 0
27009 301.926 8.07122 0.01 1 35 0
27015 309.837 7.821 0.01 1 72 0
27041 311.509 8.07891 0.01 1 95 0
27064 310.105 7.70562 0.01 1 72 0
27140 309.301 7.70562 0.01 1 72 0
27146 309.028 7.88881 0.01 1 72 0
27151 301.03 8.07122 0.01 1 35 0
27161 303.102 8.03689 0.01 1 37 -0.00062269
27191 310.543 8.08577 0.01 1 94 0
