max_pf 103 min_pf 25
individual T0 sigma disp_rate r0 patch_no mut_eff
67 296.926 7.99722 0.01 1 27 0
110 298.116 8.09004 0.01 1 27 0
144 297.648 7.978 0.01 1 25 0
145 309.079 8.12619 0.01 1 72 0
150 309.469 7.85028 0.01 1 72 0
151 297.648 7.978 0.01 1 25 0
163 298.116 7.91379 0.01 1 26 0
189 296.701 7.96886 0.01 1 27 0
194 296.926 7.978 0.01 1 25 0
196 296.926 8.03386 0.01 1 26 0
207 298.116 8.09004 0.01 1 26 0
225 298.116 8.09004 0.01 1 27 0
242 296.926 7.978 0.01 1 27 0
257 309.501 8.24547 0.01 1 72 0
283 317.31 7.58489 0.01 1 102 0
328 298.116 8.09004 0.01 1 27 0
392 297.648 7.978 0.01 1 27 0
467 298.116 8.09004 0.01 1 27 0
473 307.574 7.88163 0.01 1 72 0
476 308.634 8.11096 0.01 1 72 0
486 317.209 7.54018 0.01 1 101 0
498 296.3 8.09004 0.01 1 27 0.0073293
504 296.82 8.09004 0.01 1 26 0
601 296.82 8.09004 0.01 1 26 0
634 317.218 7.61389 0.01 1 103 0
643 308.223 7.95376 0.01 1 72 0
650 298.116 8.09004 0.01 1 27 0
710 298.116 7.978 0.01 1 27 0
718 317.218 7.54018 0.01 1 101 0
726 298.116 7.92775 0.01 1 26 0
762 296.926 7.978 0.01 1 26 0
765 296.926 8.03482 0.01 1 27 0
766 297.264 8.03386 0.01 1 27 0
771 296.926 7.978 0.01 1 27 0
774 298.116 8.09004 0.01 1 26 0
807 310.2 8.2548 0.01 1 72 0
825 317.431 7.34364 0.01 1 103 0
840 296.926 7.93847 0.01 1 25 0
871 308.654 7.79172 0.01 1 72 0
879 298.993 8.09004 0.01 1 26 -0.0100249
884 297.782 8.03386 0.01 1 27 0
934 298.116 8.09004 0.01 1 27 0
950 296.926 7.978 0.01 1 27 0
959 319.54 7.35971 0.01 1 102 0
1007 308.724 8.24547 0.01 1 72 0
1045 298.116 8.09004 0.01 1 27 0
1047 308.654 7.76385 0.01 1 72 0
1069 297.648 7.978 0.01 1 27 0
1132 296.59 8.09004 0.01 1 27 0
1148 308.931 8.10505 0.01 1 72 0
1150 296.077 7.978 0.01 1 27 0
1172 308.223 7.95376 0.01 1 72 0
1228 306.603 7.88618 0.01 1 72 0
1244 297.569 7.85361 0.01 1 27 -0.0118846
1245 297.264 8.03386 0.01 1 27 0
1247 308.654 7.79172 0.01 1 72 0
1248 297.648 7.978 0.01 1 25 0
1253 298.116 7.978 0.01 1 27 0
1257 297.62 7.99722 0.01 1 27 0
1287 296.701 7.96886 0.01 1 27 0
1315 309.9 8.40895 0.01 1 72 4.62234e-05
1337 296.926 7.978 0.01 1 27 0
1388 308.194 7.95376 0.01 1 72 0
1414 296.926 7.978 0.01 1 26 0
1417 297.648 7.978 0.01 1 25 0
1496 297.648 7.978 0.01 1 27 0
1531 318.056 7.71204 0.01 1 101 -0.0154802
1549 296.926 7.978 0.01 1 27 0
1565 317.696 7.38322 0.01 1 102 0
1570 308.194 7.95376 0.01 1 72 0
1603 320.857 7.54018 0.01 1 101 0
1605 298.116 8.09004 0.01 1 26 0
1613 308.364 8.33548 0.01 1 72 0
1703 298.991 8.09004 0.01 1 27 0
1749 296.701 7.96886 0.01 1 26 0
1752 309.218 8.02918 0.01 1 72 0
1775 309.079 8.39209 0.01 1 72 0
1777 317.218 7.71694 0.01 1 101 0
1796 298.116 8.09004 0.01 1 27 0
1798 299.329 8.09004 0.01 1 26 0
1816 296.926 8.03386 0.01 1 26 0
1820 296.701 7.96886 0.01 1 26 0
1827 297.264 8.03386 0.01 1 27 0
1835 308.194 7.95376 0.01 1 72 0
1845 308.931 8.10505 0.01 1 72 0
1862 296.82 8.09004 0.01 1 27 0
1952 296.701 7.96886 0.01 1 26 0
1955 309.079 8.12619 0.01 1 72 0
1967 296.926 8.03482 0.01 1 27 0
2056 296.926 8.03386 0.01 1 25 0
2077 309.218 8.10626 0.01 1 72 0
2080 308.605 8.25119 0.01 1 72 0
2088 298.116 7.91379 0.01 1 27 0
2128 317.218 7.61389 0.01 1 103 0
2136 297.264 8.03386 0.01 1 27 0
2205 298.116 8.09004 0.01 1 27 0
2234 308.999 8.2849 0.01 1 72 0
2253 296.926 7.978 0.01 1 27 0
2268 308.438 8.3139 0.01 1 72 0
2349 297.438 7.96886 0.01 1 27 0
2354 310.064 7.85162 0.01 1 72 0
2390 308.194 7.95376 0.01 1 72 0
2397 317.218 7.54018 0.01 1 102 0
2411 308.223 7.95376 0.01 1 72 0
2460 309.13 8.49862 0.01 1 72 0
2487 297.648 7.978 0.01 1 25 0
2498 307.233 7.73916 0.01 1 72 0
2507 317.218 7.54018 0.01 1 101 0
2508 296.007 8.02011 0.01 1 27 0.000703618
2568 299.329 8.09004 0.01 1 25 0
2585 296.926 7.978 0.01 1 26 0
2599 296.926 8.03482 0.01 1 27 0
2601 317.209 7.54018 0.01 1 101 0
2616 297.648 7.978 0.01 1 27 0
2667 296.82 8.09004 0.01 1 27 0
2708 297.782 8.03386 0.01 1 27 0
2721 298.991 8.09004 0.01 1 26 0
2746 309.079 8.12619 0.01 1 72 0
2764 296.701 7.96886 0.01 1 27 0
2784 296.926 8.03482 0.01 1 27 0
2797 317.696 7.38322 0.01 1 102 0
2844 296.82 8.09004 0.01 1 27 0
2845 317.218 7.54018 0.01 1 102 0
2877 296.926 8.03386 0.01 1 27 0
2899 309.039 8.10505 0.01 1 72 0
2950 296.926 7.978 0.01 1 27 0
2960 307.04 7.79516 0.01 1 72 0
2974 308.223 7.96471 0.01 1 72 0
3020 317.218 7.54018 0.01 1 101 0
3034 317.209 7.54018 0.01 1 101 0
3040 298.116 7.99433 0.01 1 26 0
3057 296.926 8.08097 0.01 1 27 0
3061 309.079 8.25119 0.01 1 72 0
3074 307.95 7.9716 0.01 1 72 0
3097 296.926 7.978 0.01 1 27 0
3111 298.116 8.09004 0.01 1 26 0
3124 297.648 7.978 0.01 1 26 0
3143 319.54 7.24913 0.01 1 101 0
3160 297.648 7.978 0.01 1 25 0
3193 296.926 7.99722 0.01 1 26 0
3218 311.129 8.16938 0.01 1 72 0
3228 298.116 8.09004 0.01 1 26 0
3266 296.926 7.978 0.01 1 27 0
3282 296.926 8.03482 0.01 1 27 0
3298 306.603 7.88618 0.01 1 72 0
3322 296.926 7.978 0.01 1 27 0
3329 298.116 8.09004 0.01 1 27 0
3374 297.648 7.978 0.01 1 25 0
3481 307.95 7.9716 0.01 1 72 0
3489 297.648 7.978 0.01 1 27 0
3493 308.712 7.91418 0.01 1 72 0
3526 296.701 7.96886 0.01 1 27 0
3612 306.45 7.8216 0.01 1 72 0
3613 309.9 8.24214 0.01 1 72 0
3693 296.837 7.978 0.01 1 26 0
3748 308.654 7.76385 0.01 1 72 0
3758 298.116 8.09004 0.01 1 26 0
3789 309.079 8.12619 0.01 1 72 0
3844 308.712 7.91418 0.01 1 72 0
3876 298.116 7.91379 0.01 1 27 0
3880 297.648 7.978 0.01 1 26 0
3955 317.696 7.38322 0.01 1 102 0
3970 296.926 8.03386 0.01 1 26 0
3974 318.763 7.82218 0.01 1 101 0
3984 296.926 8.03386 0.01 1 26 0
3995 296.686 7.978 0.01 1 26 0
4060 310.839 8.42731 0.01 1 72 0
4082 298.116 8.09004 0.01 1 27 0
4092 296.988 8.03482 0.01 1 27 -0.000860408
4116 312.584 8.45744 0.01 1 72 0
4134 309.402 7.48021 0.01 1 72 0
4141 296.926 7.978 0.01 1 27 0
4158 308.931 8.10505 0.01 1 72 0
4195 309.949 7.91653 0.01 1 72 0
4200 298.116 8.09004 0.01 1 27 0
4227 296.926 7.978 0.01 1 27 0
4298 298.116 8.09004 0.01 1 26 0
4306 296.192 7.978 0.01 1 26 0.0100742
4354 319.54 7.35971 0.01 1 102 0
4429 296.926 7.978 0.01 1 27 0
4487 318.763 7.82218 0.01 1 101 0
4540 297.648 7.978 0.01 1 25 0
4573 298.116 8.09004 0.01 1 27 0
4596 298.116 8.09004 0.01 1 27 0
4606 317.696 7.45263 0.01 1 102 0
4616 310.839 8.42731 0.01 1 72 0
4718 317.218 7.54018 0.01 1 103 0
4777 297.264 8.03386 0.01 1 27 0
4807 296.82 8.09004 0.01 1 27 0
4815 298.991 8.09004 0.01 1 27 0
4839 296.926 7.96886 0.01 1 26 0
4846 306.603 7.88618 0.01 1 72 0
4858 298.116 8.09004 0.01 1 27 0
4863 305.963 7.88618 0.01 1 72 -0.00523002
4880 298.116 8.09004 0.01 1 26 0
4910 296.82 8.09004 0.01 1 26 0
4917 309.147 8.25603 0.01 1 72 0
4921 317.696 7.38322 0.01 1 102 0
4973 309.242 7.95376 0.01 1 72 0
4982 298.991 8.09004 0.01 1 26 0
4984 298.116 8.08548 0.01 1 27 0
5041 298.116 7.91379 0.01 1 26 0
5067 308.634 8.11096 0.01 1 72 0
5071 317.218 7.54018 0.01 1 102 0
5075 296.701 7.96886 0.01 1 26 0
5157 308.192 7.96784 0.01 1 72 1.04308e-07
5158 297.782 8.03386 0.01 1 27 0
5236 298.116 7.97171 0.01 1 27 0
5256 308.654 7.79172 0.01 1 72 0
5265 309.985 8.33548 0.01 1 72 0
5267 309.147 8.25603 0.01 1 72 0
5294 317.31 7.58489 0.01 1 102 0
5295 296.926 7.978 0.01 1 27 0
5304 296.926 8.03482 0.01 1 27 0
5320 298.116 7.91379 0.01 1 27 0
5327 308.654 7.79172 0.01 1 72 0
5334 309.866 7.78039 0.01 1 72 0
5346 309.949 7.86696 0.01 1 72 -1.79261e-05
5366 309.079 8.25119 0.01 1 72 0
5419 296.926 7.978 0.01 1 27 0
5428 296.926 7.978 0.01 1 27 0
5429 296.701 7.96886 0.01 1 27 0
5474 297.648 7.978 0.01 1 25 0
5539 296.926 7.978 0.01 1 27 0
5541 296.066 7.978 0.01 1 27 0
5553 296.82 8.09004 0.01 1 27 0
5564 296.926 8.03482 0.01 1 27 0
5598 296.926 7.978 0.01 1 26 0
5605 317.218 7.54018 0.01 1 102 0
5621 297.648 7.978 0.01 1 26 0
5630 296.926 8.03482 0.01 1 26 0
5651 296.926 7.978 0.01 1 26 0
5664 298.116 7.91379 0.01 1 27 0
5678 308.194 7.95376 0.01 1 72 0
5686 308.654 7.75066 0.01 1 72 0
5693 296.82 8.09004 0.01 1 27 0
5705 308.654 7.76385 0.01 1 72 0
5711 308.931 8.10505 0.01 1 72 0
5749 308.654 7.76385 0.01 1 72 0
5757 308.194 7.95376 0.01 1 72 0
5761 308.391 8.0511 0.01 1 72 0
5766 308.347 7.58268 0.01 1 72 0
5774 309.218 8.10626 0.01 1 72 0
5789 296.701 7.96886 0.01 1 27 0
5792 296.926 7.978 0.01 1 27 0
5803 309.43 7.65966 0.01 1 72 0
5811 297.648 7.978 0.01 1 27 0
5848 317.218 7.54018 0.01 1 102 0
5855 298.991 8.09004 0.01 1 27 0
5869 297.782 8.03386 0.01 1 27 0
5879 307.04 7.79516 0.01 1 72 0
5898 310.839 8.42731 0.01 1 72 0
5968 298.116 8.09004 0.01 1 27 0
5973 309.079 8.24935 0.01 1 72 0
6013 297.782 8.03386 0.01 1 27 0
6087 319.54 7.40874 0.01 1 101 0
6088 307.95 7.9716 0.01 1 72 0
6094 310.2 8.2548 0.01 1 72 0
6206 309.912 7.94546 0.01 1 72 0
6207 296.701 7.96886 0.01 1 26 0
6253 297.648 7.978 0.01 1 25 0
6271 296.926 7.99402 0.01 1 27 0.000289746
6296 296.926 7.71983 0.01 1 27 0
6308 297.648 7.978 0.01 1 27 0
6311 298.116 8.09004 0.01 1 25 0
6313 297.648 7.978 0.01 1 27 0
6320 307.95 7.9716 0.01 1 72 0
6328 316.001 7.59228 0.01 1 101 0
6369 308.438 8.25119 0.01 1 72 0
6425 317.218 7.54018 0.01 1 101 0
6434 317.209 7.54018 0.01 1 101 0
6472 306.603 7.88618 0.01 1 72 0
6504 296.202 7.978 0.01 1 26 0
6518 318.763 7.42052 0.01 1 101 0
6528 296.82 8.09004 0.01 1 27 0
6555 317.31 7.58489 0.01 1 101 0
6584 296.926 8.03386 0.01 1 26 0
6585 297.264 8.03386 0.01 1 27 0
6593 296.926 7.978 0.01 1 26 0
6595 297.648 7.978 0.01 1 27 0
6630 296.926 8.03386 0.01 1 25 0
6636 297.648 7.978 0.01 1 25 0
6654 298.991 8.09004 0.01 1 27 0
6656 309.622 8.25879 0.01 1 72 0
6661 296.82 8.09004 0.01 1 27 0
6708 317.696 7.35978 0.01 1 102 0
6717 319.54 7.35971 0.01 1 101 0
6725 298.116 8.09004 0.01 1 27 0
6727 297.782 8.03386 0.01 1 27 0
6735 298.593 7.978 0.01 1 27 -0.021606
6736 317.209 7.54018 0.01 1 101 0
6750 298.991 8.09004 0.01 1 27 0
6772 309.9 8.24214 0.01 1 72 0
6784 297.264 8.03386 0.01 1 27 0
6821 296.926 7.978 0.01 1 26 0
6823 317.218 7.54018 0.01 1 101 0
6839 296.926 7.978 0.01 1 25 0
6854 296.926 7.96886 0.01 1 27 0
6865 308.634 8.01948 0.01 1 72 0
6867 306.603 7.88618 0.01 1 72 0
6935 309.462 7.76385 0.01 1 72 -0.00148128
6947 308.347 7.58268 0.01 1 72 0
6958 308.194 7.95376 0.01 1 72 0
6989 296.926 7.96886 0.01 1 26 0
6996 316.586 7.7558 0.01 1 103 0
7001 297.212 7.96886 0.01 1 26 0
7057 306.964 8.30048 0.01 1 72 0
7060 309.43 7.65966 0.01 1 72 0
7080 309.43 7.65966 0.01 1 72 0
7082 296.926 8.03482 0.01 1 27 0
7091 317.218 7.57956 0.01 1 103 0
7103 296.926 8.03482 0.01 1 27 0
7133 298.116 8.09004 0.01 1 27 0
7172 308.761 8.33548 0.01 1 72 0
7224 296.926 8.08097 0.01 1 27 0
7235 317.431 7.54018 0.01 1 103 0
7272 298.993 8.09004 0.01 1 26 0
7278 298.116 8.09004 0.01 1 26 0
7315 297.648 7.978 0.01 1 27 0
7321 319.54 7.35971 0.01 1 103 0
7359 310.265 8.33881 0.01 1 72 0
7377 307.574 7.88163 0.01 1 72 0
7379 296.701 7.96886 0.01 1 26 0
7435 298.991 8.09004 0.01 1 26 0
7436 309.985 8.33548 0.01 1 72 0
7493 307.95 7.9716 0.01 1 72 0
7500 297.212 7.96886 0.01 1 26 0
7504 298.593 7.978 0.01 1 27 0
7524 296.59 8.09004 0.01 1 26 0
7526 308.931 8.10505 0.01 1 72 0
7537 297.782 8.03386 0.01 1 27 0
7541 296.926 8.03386 0.01 1 27 0
7548 309.079 8.12619 0.01 1 72 0
7558 317.218 7.54018 0.01 1 101 0
7603 296.926 7.978 0.01 1 27 0
7626 296.82 8.09004 0.01 1 27 0
7639 296.701 7.96886 0.01 1 26 0
7653 319.315 7.71204 0.01 1 101 0
7674 296.926 7.978 0.01 1 26 0
7680 308.654 7.76385 0.01 1 72 0
7768 307.233 7.66837 0.01 1 72 0
7857 296.701 7.96886 0.01 1 26 0
7878 297.042 7.91379 0.01 1 26 0.0135247
7910 296.926 8.03386 0.01 1 27 0
7922 296.926 8.03386 0.01 1 27 0
7925 298.116 8.09004 0.01 1 26 0
7950 309.574 8.13783 0.01 1 72 0
8009 309.079 8.25119 0.01 1 72 0
8068 297.264 8.03386 0.01 1 27 0
8093 297.85 7.91379 0.01 1 26 0
8103 314.2 8.63339 0.01 1 72 0
8131 296.926 7.978 0.01 1 27 0
8142 296.926 7.978 0.01 1 27 0
8145 317.209 7.54018 0.01 1 101 0
8150 308.761 8.33548 0.01 1 72 0
8178 297.648 7.978 0.01 1 26 0
8180 298.116 7.978 0.01 1 27 0
8189 310.629 8.12137 0.01 1 72 0
8209 298.116 8.09004 0.01 1 27 0
8240 297.782 8.03386 0.01 1 27 0
8243 296.926 7.978 0.01 1 27 0
8271 296.837 7.978 0.01 1 26 0
8283 318.763 7.82218 0.01 1 101 0
8323 298.116 7.99433 0.01 1 26 0
8352 317.635 7.54018 0.01 1 101 0
8408 296.926 7.978 0.01 1 27 0
8409 298.116 8.09004 0.01 1 26 0
8444 296.926 8.03482 0.01 1 27 0
8466 297.648 7.978 0.01 1 27 0
8478 298.116 7.978 0.01 1 27 0
8496 298.116 8.09004 0.01 1 27 0
8536 307.283 7.71361 0.01 1 72 0
8563 310.541 8.33548 0.01 1 72 -0.00198549
8594 296.926 8.03386 0.01 1 27 0
8606 298.991 8.09004 0.01 1 26 0
8632 316.586 7.7558 0.01 1 102 0
8644 309.738 8.60726 0.01 1 72 0
8672 298.613 7.978 0.01 1 26 0
8699 297.782 8.03386 0.01 1 27 0
8716 296.82 8.09004 0.01 1 26 0
8730 296.926 7.978 0.01 1 27 0
8775 309.738 8.60726 0.01 1 72 0
8813 306.603 7.88618 0.01 1 72 0
8819 308.238 7.75666 0.01 1 72 0
8846 310.839 8.42731 0.01 1 72 0
8859 317.209 7.54018 0.01 1 101 0
8887 296.926 7.96886 0.01 1 26 0
8918 308.438 8.3139 0.01 1 72 0
8950 298.116 8.09004 0.01 1 27 0
9031 296.82 8.09004 0.01 1 27 0
9035 298.991 8.09004 0.01 1 27 0
9047 297.648 7.978 0.01 1 27 0
9076 296.202 7.978 0.01 1 26 0
9150 298.613 7.978 0.01 1 26 0
9154 317.209 7.54018 0.01 1 101 0
9161 309.985 8.33548 0.01 1 72 0
9249 298.116 8.09004 0.01 1 26 0
9260 296.701 7.96886 0.01 1 27 0
9283 314.2 8.63339 0.01 1 72 0
9294 296.926 7.978 0.01 1 27 0
9321 306.485 7.68775 0.01 1 72 0
9324 299.184 8.09004 0.01 1 27 0
9354 296.926 7.978 0.01 1 26 0
9404 308.438 8.25119 0.01 1 72 0
9422 296.926 8.03482 0.01 1 27 0
9423 298.116 8.09004 0.01 1 26 0
9425 309.079 8.12619 0.01 1 72 0
9454 297.782 8.03386 0.01 1 26 0
9471 297.009 8.09004 0.01 1 27 0.0151194
9491 308.654 7.79172 0.01 1 72 0
9537 317.218 7.4338 0.01 1 102 0
9539 309.9 8.24214 0.01 1 72 0
9583 297.264 8.03386 0.01 1 27 0
9604 309.079 8.12619 0.01 1 72 0
9614 297.782 8.03386 0.01 1 27 0
9622 295.986 8.03386 0.01 1 25 0.0125036
9672 309.517 8.12619 0.01 1 72 -0.000392914
9674 308.724 8.24547 0.01 1 72 0
9692 309.622 8.25879 0.01 1 72 0
9695 307.796 7.93303 0.01 1 72 0
9702 296.926 7.978 0.01 1 27 0
9712 316.836 7.38322 0.01 1 101 0
9715 296.108 8.09004 0.01 1 27 0.0100886
9722 316.586 7.7558 0.01 1 102 0
9726 298.116 8.09004 0.01 1 25 0
9731 297.648 7.978 0.01 1 26 0
9742 297.648 7.978 0.01 1 25 0
9745 296.926 7.96886 0.01 1 27 0
9751 296.701 7.96886 0.01 1 27 0
9771 309.402 7.48021 0.01 1 72 0
9807 296.926 7.96886 0.01 1 26 0
9810 296.926 8.07172 0.01 1 26 0
9826 298.116 7.91379 0.01 1 27 0
9835 296.926 8.03482 0.01 1 26 0
9838 297.648 7.978 0.01 1 26 0
9886 296.077 7.978 0.01 1 27 0
9893 296.926 8.03386 0.01 1 27 0
9896 296.926 7.978 0.01 1 26 0
9967 297.648 7.978 0.01 1 27 0
9981 298.613 7.978 0.01 1 26 0
9997 297.85 7.91379 0.01 1 26 0
10008 296.82 8.09004 0.01 1 27 0
10010 296.926 7.96886 0.01 1 27 0
10054 296.701 7.96886 0.01 1 27 0
10117 296.82 8.09004 0.01 1 27 0
10185 296.82 8.09004 0.01 1 27 0
10224 297.648 7.978 0.01 1 25 0
10270 318.842 7.71204 0.01 1 101 -0.00593294
10325 297.648 7.978 0.01 1 27 0
10341 298.991 8.09004 0.01 1 25 0
10347 308.963 7.76385 0.01 1 72 0
10365 309.98 7.9286 0.01 1 72 0
10366 296.82 8.09004 0.01 1 27 0
10400 296.701 7.96886 0.01 1 26 0
10417 316.836 7.38322 0.01 1 101 0
10420 298.116 8.09004 0.01 1 27 0
10433 307.04 7.79516 0.01 1 72 0
10436 296.077 7.978 0.01 1 27 0
10445 298.991 8.09004 0.01 1 26 0
10476 296.82 8.09004 0.01 1 27 0
10485 296.82 8.09004 0.01 1 27 0
10489 296.926 8.03482 0.01 1 27 0
10544 307.796 7.93303 0.01 1 72 0
10633 306.603 7.88618 0.01 1 72 0
10658 297.648 7.978 0.01 1 27 0
10692 296.926 7.96886 0.01 1 27 0
10712 296.701 7.96886 0.01 1 27 0
10726 317.31 7.58489 0.01 1 102 0
10760 298.116 8.09004 0.01 1 26 0
10774 296.82 8.09004 0.01 1 27 0
10791 297.782 8.03386 0.01 1 27 0
10832 298.116 8.09004 0.01 1 27 0
10834 298.116 8.09004 0.01 1 26 0
10859 296.47 7.978 0.01 1 27 0
10874 309.992 7.67386 0.01 1 72 0
10929 308.634 8.01948 0.01 1 72 0
10942 297.62 7.99722 0.01 1 27 0
10950 298.116 8.09004 0.01 1 26 0
10953 297.648 7.978 0.01 1 26 0
10957 306.971 7.90678 0.01 1 72 0
10974 298.116 8.09004 0.01 1 27 0
10990 309.622 8.25879 0.01 1 72 0
11042 296.926 8.03386 0.01 1 26 0
11105 309.43 7.65966 0.01 1 72 0
11122 310.629 8.20819 0.01 1 72 0
11137 296.926 7.99722 0.01 1 26 0
11172 298.116 8.09004 0.01 1 27 0
11241 308.192 7.96784 0.01 1 72 0
11274 309.079 8.24935 0.01 1 72 0
11277 317.218 7.54018 0.01 1 101 0
11293 297.648 7.978 0.01 1 27 0
11303 309.079 8.12619 0.01 1 72 0
11332 317.31 7.58489 0.01 1 102 0
11341 296.926 7.978 0.01 1 27 0
11352 309.226 7.89005 0.01 1 72 0
11371 296.926 7.978 0.01 1 27 0
11401 307.95 7.9716 0.01 1 72 0
11427 297.648 7.978 0.01 1 27 0
11429 297.813 8.09004 0.01 1 26 0.00386242
11485 297.648 7.978 0.01 1 27 0
11518 296.926 7.978 0.01 1 27 0
11552 308.712 7.91418 0.01 1 72 0
11578 306.168 7.98721 0.01 1 72 0
11649 316.836 7.38322 0.01 1 101 0
11673 308.654 7.76385 0.01 1 72 0
11688 311.129 8.16938 0.01 1 72 0
11711 296.926 8.03386 0.01 1 27 0
11726 296.926 8.03386 0.01 1 26 0
11778 317.31 7.58489 0.01 1 102 0
11795 309.622 8.25879 0.01 1 72 0
11803 296.926 8.03386 0.01 1 27 0
11847 297.648 7.978 0.01 1 26 0
11913 297.648 7.978 0.01 1 27 0
11918 308.194 7.95376 0.01 1 72 0
11936 298.116 8.09004 0.01 1 27 0
11943 299.184 8.09004 0.01 1 26 0
11958 319.54 7.35971 0.01 1 102 0
11974 317.696 7.38322 0.01 1 101 0
11976 296.701 7.85361 0.01 1 27 0
12011 308.194 7.95376 0.01 1 72 0
12028 298.116 7.99433 0.01 1 26 0
12050 308.438 8.25119 0.01 1 72 0
12068 309.079 8.25119 0.01 1 72 0
12100 298.116 8.09004 0.01 1 27 0
12104 296.82 8.09004 0.01 1 27 0
12115 317.209 7.54018 0.01 1 101 0
12169 297.196 7.99722 0.01 1 26 0
12181 297.782 8.03386 0.01 1 26 0
12217 296.926 8.04007 0.01 1 26 0
12226 296.926 7.978 0.01 1 27 0
12230 296.926 8.03386 0.01 1 26 0
12244 318.139 7.35978 0.01 1 102 0
12315 317.31 7.58489 0.01 1 102 0
12354 296.82 8.09004 0.01 1 27 0
12365 309.079 8.12619 0.01 1 72 0
12385 307.796 7.93303 0.01 1 72 0
12396 308.223 8.05923 0.01 1 72 0
12410 296.701 7.96886 0.01 1 26 0
12421 296.701 7.96886 0.01 1 27 0
12433 319.055 7.27952 0.01 1 101 0
12440 317.218 7.54018 0.01 1 101 0
12465 297.85 7.91379 0.01 1 25 0
12470 308.654 7.75066 0.01 1 72 0
12475 309.079 8.25119 0.01 1 72 0
12477 297.648 7.978 0.01 1 25 0
12568 309.949 7.91653 0.01 1 72 0
12571 310.867 8.12619 0.01 1 72 -0.00512834
12585 296.926 8.03386 0.01 1 26 0
12609 308.194 7.95376 0.01 1 72 0
12620 296.701 7.96886 0.01 1 27 0
12733 308.999 8.2849 0.01 1 72 0
12844 309.218 8.10626 0.01 1 72 0
12858 296.926 8.03386 0.01 1 27 0
12864 297.648 7.978 0.01 1 25 0
12871 309.079 8.12619 0.01 1 72 0
12895 308.931 8.12114 0.01 1 72 2.98023e-08
12900 298.116 8.09004 0.01 1 27 0
12944 296.82 8.09004 0.01 1 27 0
12977 308.712 7.91418 0.01 1 72 0
13025 317.218 7.61389 0.01 1 103 0
13051 296.926 7.978 0.01 1 27 0
13056 296.701 7.96886 0.01 1 27 0
13060 297.648 7.978 0.01 1 26 0
13063 309.028 7.9242 0.01 1 72 0
13077 311.129 8.16938 0.01 1 72 0
13093 316.65 7.54018 0.01 1 101 0
13096 309.685 7.76385 0.01 1 72 0
13122 296.926 7.978 0.01 1 27 0
13128 317.218 7.54018 0.01 1 102 0
13147 308.654 7.76385 0.01 1 72 0
13172 309.218 8.02918 0.01 1 72 0
13192 296.926 7.978 0.01 1 27 0
13201 310.839 8.42731 0.01 1 72 0
13226 306.603 7.88618 0.01 1 72 0
13256 296.926 7.978 0.01 1 27 0
13259 317.218 7.57956 0.01 1 103 0
13325 309.622 8.25879 0.01 1 72 0
13386 296.701 7.96886 0.01 1 26 0
13390 298.613 7.978 0.01 1 25 0
13410 296.926 7.96886 0.01 1 26 0
13411 296.926 7.978 0.01 1 27 0
13493 299.329 8.09004 0.01 1 25 0
13498 298.991 8.09004 0.01 1 26 0
13554 296.926 7.96886 0.01 1 27 0
13590 308.194 7.95376 0.01 1 72 0
13616 296.926 7.96886 0.01 1 27 0
13654 296.82 8.09004 0.01 1 27 0
13709 299.409 8.09004 0.01 1 26 0
13715 317.832 7.57956 0.01 1 103 0.0259255
13767 298.613 7.978 0.01 1 26 0
13814 316.586 7.7558 0.01 1 102 0
13825 298.116 8.09004 0.01 1 26 0
13861 296.926 7.8942 0.01 1 26 0
13887 318.763 7.82218 0.01 1 101 0
13906 298.116 7.91379 0.01 1 27 0
13945 318.763 7.82218 0.01 1 101 0
13983 298.116 8.09004 0.01 1 27 0
14039 318.763 7.82218 0.01 1 101 0
14066 297.648 7.978 0.01 1 26 0
14070 296.926 7.978 0.01 1 27 0
14094 309.622 8.25879 0.01 1 72 0
14101 298.116 7.91379 0.01 1 26 0
14137 297.85 7.91379 0.01 1 26 0
14150 296.926 7.93847 0.01 1 27 0
14183 298.116 8.09004 0.01 1 27 0
14188 308.194 7.95376 0.01 1 72 0
14240 319.54 7.40874 0.01 1 101 0
14270 308.654 7.76385 0.01 1 72 0
14311 296.926 8.03482 0.01 1 27 0
14314 306.715 7.83383 0.01 1 72 0
14391 317.696 7.45263 0.01 1 102 0
14402 296.926 8.04179 0.01 1 27 0.00114928
14433 296.007 8.02011 0.01 1 27 0
14462 310.398 7.8098 0.01 1 72 0
14497 296.926 7.978 0.01 1 26 0
14502 317.431 7.54018 0.01 1 103 0
14524 308.194 7.95376 0.01 1 72 0
14577 308.438 8.25119 0.01 1 72 0
14582 318.139 7.35978 0.01 1 102 0
14586 296.926 8.03386 0.01 1 26 0
14630 308.654 7.76385 0.01 1 72 0
14640 308.194 7.95376 0.01 1 72 0
14661 298.993 8.09004 0.01 1 26 0
14671 298.116 7.99433 0.01 1 26 0
14672 296.926 7.978 0.01 1 27 0
14676 298.593 7.978 0.01 1 26 0
14679 297.212 7.96886 0.01 1 26 0
14701 316.65 7.54018 0.01 1 101 0
14736 309.9 8.24214 0.01 1 72 0
14806 297.212 7.96886 0.01 1 25 0
14847 296.926 7.978 0.01 1 26 0
14852 308.194 7.95376 0.01 1 72 0
14892 297.782 8.03386 0.01 1 27 0
14903 296.202 7.978 0.01 1 26 0
14906 298.116 8.09004 0.01 1 27 0
14941 309.13 8.49862 0.01 1 72 0
14989 298.116 7.9826 0.01 1 26 -0.00193798
14996 308.654 7.76385 0.01 1 72 0
15022 309.147 8.25603 0.01 1 72 0
15061 297.042 7.91379 0.01 1 26 0
15084 298.246 7.978 0.01 1 27 0
15124 310.265 8.25464 0.01 1 72 0
15163 297.648 7.978 0.01 1 26 0
15168 309.402 7.48021 0.01 1 72 0
15180 297.648 7.978 0.01 1 26 0
15225 310.2 8.2548 0.01 1 72 0
15244 308.634 8.11096 0.01 1 72 0
15300 296.926 8.03482 0.01 1 26 0
15303 297.648 7.978 0.01 1 27 0
15330 297.782 8.03386 0.01 1 27 0
15348 297.62 7.99722 0.01 1 27 0
15373 296.926 7.978 0.01 1 27 0
15378 296.926 7.978 0.01 1 27 0
15384 297.648 7.978 0.01 1 25 0
15464 297.648 7.978 0.01 1 27 0
15627 307.574 7.97903 0.01 1 72 0
15635 310.629 8.12137 0.01 1 72 0
15663 296.926 8.03386 0.01 1 27 0
15666 296.701 7.96886 0.01 1 27 0
15696 297.212 7.96886 0.01 1 25 0
15725 296.926 8.03386 0.01 1 27 0
15726 319.315 7.71204 0.01 1 101 0
15730 296.926 8.08097 0.01 1 27 0
15772 296.926 7.978 0.01 1 27 0
15779 296.926 7.96886 0.01 1 26 0
15785 296.82 8.09004 0.01 1 27 0
15829 296.926 7.96886 0.01 1 26 0
15844 308.931 8.10505 0.01 1 72 0
15876 299.184 8.09004 0.01 1 27 0
15891 296.926 7.978 0.01 1 27 0
15907 309.43 7.65966 0.01 1 72 0
15916 308.654 7.79172 0.01 1 72 0
15918 298.593 7.978 0.01 1 27 0
15923 296.926 8.03482 0.01 1 27 0
15976 297.648 7.978 0.01 1 27 0
15989 317.218 7.54018 0.01 1 101 0
16005 296.926 7.978 0.01 1 27 0
16046 296.926 7.978 0.01 1 27 0
16099 316.586 7.7558 0.01 1 103 0
16107 296.701 7.96886 0.01 1 26 0
16111 298.116 8.09004 0.01 1 27 0
16125 297.782 8.03386 0.01 1 27 0
16131 297.85 7.91379 0.01 1 26 0
16134 296.926 8.03482 0.01 1 26 0
16140 310.839 8.42731 0.01 1 72 0
16173 307.95 7.9716 0.01 1 72 0
16178 309.218 8.10626 0.01 1 72 0
16190 296.82 8.09004 0.01 1 27 0
16191 308.931 8.10505 0.01 1 72 0
16210 317.218 7.54018 0.01 1 102 0
16251 297.648 7.978 0.01 1 25 0
16255 298.116 8.09004 0.01 1 27 0
16266 296.077 7.978 0.01 1 27 0
16315 298.116 8.09004 0.01 1 27 0
16348 296.837 7.978 0.01 1 26 0.0105441
16383 298.116 8.09004 0.01 1 26 0
16399 296.701 7.96886 0.01 1 27 0
16408 299.329 8.09004 0.01 1 26 0
16414 316.65 7.54018 0.01 1 101 0
16485 296.701 7.96886 0.01 1 27 0
16498 296.18 7.99722 0.01 1 27 0
16526 296.202 7.978 0.01 1 27 0
16539 296.926 7.978 0.01 1 27 0
16549 296.007 7.978 0.01 1 27 0
16563 296.701 7.96886 0.01 1 27 0
16566 307.283 7.71361 0.01 1 72 0
16569 308.194 7.95376 0.01 1 72 0
16577 298.593 7.978 0.01 1 27 0
16579 296.926 7.99722 0.01 1 26 0
16598 309.501 8.24547 0.01 1 72 0
16656 298.116 7.91379 0.01 1 26 0
16659 308.931 8.10505 0.01 1 72 0
16671 296.926 7.978 0.01 1 27 0
16675 298.116 7.91379 0.01 1 27 0
16698 309.299 8.12619 0.01 1 72 -0.000125274
16702 298.991 8.09004 0.01 1 27 0
16725 296.82 8.09004 0.01 1 27 0
16769 298.116 8.09004 0.01 1 26 0
16776 297.62 7.99722 0.01 1 27 -0.00937995
16805 296.926 7.96886 0.01 1 26 0
16858 308.391 8.0511 0.01 1 72 0
16875 297.212 7.96886 0.01 1 25 0
16943 306.603 7.88618 0.01 1 72 0
16958 308.654 7.76385 0.01 1 72 0
16979 317.218 7.54018 0.01 1 101 0
16981 317.832 7.57956 0.01 1 103 0
16992 308.364 8.33548 0.01 1 72 0
17003 308.712 7.91418 0.01 1 72 0
17007 296.701 7.96886 0.01 1 27 0
17020 298.991 8.09004 0.01 1 26 0
17022 296.926 7.978 0.01 1 26 0
17096 296.926 7.978 0.01 1 26 0
17102 319.54 7.35971 0.01 1 101 0
17213 317.209 7.54018 0.01 1 101 0
17280 296.82 8.09004 0.01 1 27 0
17318 298.116 8.09004 0.01 1 27 0
17350 309.593 8.23619 0.01 1 72 0.000170305
17364 296.926 7.96886 0.01 1 27 0
17410 314.2 8.63339 0.01 1 72 0
17423 306.603 7.88618 0.01 1 72 0
17431 319.54 7.35971 0.01 1 102 0
17467 298.116 8.09004 0.01 1 27 0
17493 296.926 7.978 0.01 1 27 0
17512 296.926 8.03482 0.01 1 27 0
17513 308.194 7.95376 0.01 1 72 0
17542 296.926 7.978 0.01 1 27 0
17560 296.701 7.96886 0.01 1 27 0
17565 298.116 8.09004 0.01 1 27 0
17584 316.586 7.7558 0.01 1 103 0
17617 296.82 8.09004 0.01 1 26 0
17628 297.648 7.978 0.01 1 27 0
17707 317.218 7.54018 0.01 1 101 0
17737 296.926 8.03482 0.01 1 27 0
17857 298.116 8.01459 0.01 1 27 0
17862 296.701 7.96886 0.01 1 26 0
17900 296.926 8.03482 0.01 1 25 0
17905 307.95 7.9716 0.01 1 72 0
17948 298.116 8.09004 0.01 1 27 0
17987 298.991 7.99548 0.01 1 25 -0.00161003
17995 298.116 8.09004 0.01 1 27 0
18000 298.116 8.09004 0.01 1 26 0
18001 308.931 8.10505 0.01 1 72 0
18010 310.2 8.2548 0.01 1 72 0
18022 297.648 7.978 0.01 1 26 0
18038 296.701 7.85361 0.01 1 27 0
18042 317.31 7.58489 0.01 1 102 0
18051 308.238 7.75666 0.01 1 72 0
18058 308.931 8.10505 0.01 1 72 0
18081 298.116 7.83228 0.01 1 27 0
18108 298.116 8.09004 0.01 1 25 0
18166 296.926 7.96886 0.01 1 27 0
18222 306.984 8.13614 0.01 1 72 0
18246 308.194 7.95376 0.01 1 72 0
18273 298.116 8.01003 0.01 1 27 -0.00145195
18312 296.701 7.96886 0.01 1 26 0
18423 297.85 7.91379 0.01 1 26 0
18545 298.116 8.01459 0.01 1 26 0
18558 298.116 8.09004 0.01 1 26 0
18607 298.116 7.978 0.01 1 27 0
18613 310.064 7.85162 0.01 1 72 0
18638 315.698 7.35978 0.01 1 102 -0.0395262
18685 298.116 8.09004 0.01 1 26 0
18702 316.586 7.7558 0.01 1 103 0
18707 297.212 7.96886 0.01 1 26 0
18712 296.926 7.978 0.01 1 27 0
18732 296.82 7.91908 0.01 1 27 0
18742 317.218 7.4338 0.01 1 102 0
18744 306.603 7.88618 0.01 1 72 0
18752 307.796 7.93303 0.01 1 72 0
18790 298.116 8.08548 0.01 1 27 -8.23662e-05
18803 309.079 8.25119 0.01 1 72 0
18827 298.172 8.09004 0.01 1 27 -0.000698134
18853 296.926 7.978 0.01 1 27 0
18889 297.782 8.03386 0.01 1 27 0
18893 296.926 8.03386 0.01 1 26 0
18929 298.24 8.03386 0.01 1 27 0
18957 317.218 7.57956 0.01 1 103 0
18963 309.685 7.76385 0.01 1 72 0
18968 296.926 7.96886 0.01 1 27 0
19004 309.218 8.10626 0.01 1 72 0
19033 317.31 7.58489 0.01 1 102 0
19252 309.079 8.12619 0.01 1 72 0
19284 297.782 8.03386 0.01 1 26 0
19286 309.992 7.67386 0.01 1 72 0
19302 298.613 7.978 0.01 1 25 0
19313 307.796 7.93303 0.01 1 72 0
19321 296.926 7.978 0.01 1 27 0
19337 317.218 7.54018 0.01 1 102 0
19339 317.31 7.58489 0.01 1 101 0
19353 296.701 7.96886 0.01 1 27 0
19384 296.926 7.978 0.01 1 26 0
19391 296.926 7.978 0.01 1 27 0
19414 298.116 7.91379 0.01 1 26 0
19434 306.964 8.30048 0.01 1 72 0
19452 296.701 7.96886 0.01 1 26 0
19495 298.116 8.09004 0.01 1 27 0
19499 309.912 7.94546 0.01 1 72 0
19579 298.613 7.978 0.01 1 25 0
19687 298.116 8.09004 0.01 1 27 0
19692 298.116 7.92775 0.01 1 27 0
19704 317.218 7.57956 0.01 1 103 0
19740 296.82 8.09004 0.01 1 27 0
19761 298.991 8.09004 0.01 1 27 0
19847 296.82 8.09004 0.01 1 27 0
19857 296.701 7.96886 0.01 1 26 0
19887 296.202 7.978 0.01 1 27 0
19892 298.991 8.09004 0.01 1 27 0
19894 296.82 8.09004 0.01 1 27 0
19898 318.139 7.35978 0.01 1 102 0
19901 296.701 7.96886 0.01 1 26 0
19913 296.82 8.09004 0.01 1 27 0
19920 317.218 7.61389 0.01 1 103 0
19958 298.116 8.09004 0.01 1 27 0
19976 296.701 7.96886 0.01 1 26 0
19978 296.82 8.09004 0.01 1 27 0
19998 297.648 7.978 0.01 1 25 0
20005 296.926 7.978 0.01 1 27 0
20016 297.648 7.978 0.01 1 26 0
20033 296.926 7.96886 0.01 1 27 0
20039 309.866 7.78039 0.01 1 72 0
20123 317.218 7.61389 0.01 1 103 0
20138 317.696 7.45263 0.01 1 102 0
20150 319.54 7.35971 0.01 1 102 0
20161 306.168 7.79455 0.01 1 72 0
20168 308.194 7.95376 0.01 1 72 0
20177 298.268 7.978 0.01 1 27 0.00395114
20193 309.462 7.76385 0.01 1 72 0
20208 298.116 8.09004 0.01 1 27 0
20244 298.116 7.99433 0.01 1 26 0
20248 308.931 8.10505 0.01 1 72 0
20288 296.926 8.03482 0.01 1 25 0
20323 297.212 7.96886 0.01 1 27 0
20336 309.98 7.9286 0.01 1 72 0
20344 308.654 7.79172 0.01 1 72 1.40071e-06
20391 309.402 7.48021 0.01 1 72 0
20463 296.926 7.978 0.01 1 27 0
20508 296.926 8.03386 0.01 1 25 0
20511 319.54 7.35971 0.01 1 101 0
20561 317.31 7.58489 0.01 1 101 0
20578 297.782 8.03386 0.01 1 27 0
20595 296.926 7.978 0.01 1 27 0
20621 308.724 8.24547 0.01 1 72 0
20642 296.82 8.09004 0.01 1 26 0
20730 316.586 7.7558 0.01 1 102 0
20731 317.218 7.54018 0.01 1 102 0
20742 297.648 7.978 0.01 1 27 0
20754 296.701 7.85361 0.01 1 26 0
20761 319.54 7.24913 0.01 1 101 0
20766 296.926 8.03482 0.01 1 25 0
20784 308.654 7.75066 0.01 1 72 0
20828 306.984 8.13614 0.01 1 72 0
20867 296.926 7.978 0.01 1 25 0
20901 317.218 7.54018 0.01 1 101 0
20903 297.782 8.03386 0.01 1 27 0
20920 297.648 7.978 0.01 1 26 0
20925 296.926 7.96886 0.01 1 27 0
20937 296.926 7.978 0.01 1 25 0
20971 296.926 7.978 0.01 1 26 0
21000 299.329 8.09004 0.01 1 25 0
21043 296.926 7.96886 0.01 1 27 0
21059 297.782 8.03386 0.01 1 27 0
21143 296.926 7.96886 0.01 1 26 0
21148 298.116 8.09004 0.01 1 27 0
21187 297.648 7.978 0.01 1 27 0
21206 298.116 7.83228 0.01 1 27 -0.00268114
21213 317.209 7.54018 0.01 1 101 0
21295 310.839 8.42731 0.01 1 72 0
21312 309.9 8.24214 0.01 1 72 0
21314 296.926 8.08097 0.01 1 27 0
21315 296.926 7.978 0.01 1 27 0
21338 296.926 7.978 0.01 1 27 0
21392 297.648 7.978 0.01 1 27 0
21406 317.218 7.57956 0.01 1 103 0
21428 319.315 7.71204 0.01 1 101 0
21451 308.194 7.95376 0.01 1 72 0
21459 298.116 8.09004 0.01 1 27 0
21468 297.782 8.03386 0.01 1 27 0
21476 317.696 7.38322 0.01 1 102 0
21516 309.079 8.25119 0.01 1 72 0
21517 298.116 8.09004 0.01 1 26 0
21523 317.31 7.58489 0.01 1 101 0
21555 296.82 8.09004 0.01 1 27 0
21583 296.926 7.978 0.01 1 27 0
21614 317.218 7.4338 0.01 1 102 0
21626 297.648 7.978 0.01 1 26 0
21633 307.748 7.79334 0.01 1 72 0
21634 306.139 7.84895 0.01 1 72 0
21640 307.796 7.93303 0.01 1 72 0
21664 296.926 7.978 0.01 1 27 0
21670 309.912 7.94546 0.01 1 72 0
21678 296.926 7.96886 0.01 1 27 0
21695 317.218 7.5103 0.01 1 101 0
21713 309.98 7.9286 0.01 1 72 0
21734 296.18 7.99722 0.01 1 27 0
21741 316.586 7.7558 0.01 1 101 0
21753 309.738 8.60726 0.01 1 72 0
21766 296.926 7.978 0.01 1 25 0
21773 298.116 8.09004 0.01 1 27 0
21783 298.991 8.09004 0.01 1 26 0
21811 310.064 7.67386 0.01 1 72 0
21828 296.007 8.02011 0.01 1 27 0
21838 317.31 7.58489 0.01 1 102 0
21875 296.926 7.978 0.01 1 27 0
21923 296.926 8.03386 0.01 1 26 0
21940 296.926 8.03482 0.01 1 25 0
21964 308.931 8.10505 0.01 1 72 0
21968 298.116 8.09004 0.01 1 27 0
22060 316.836 7.38322 0.01 1 101 0
22104 296.63 7.978 0.01 1 26 0
22130 318.763 7.82218 0.01 1 101 0
22185 298.561 7.978 0.01 1 26 -0.0114751
22255 296.18 7.99722 0.01 1 27 0.0199508
22280 296.926 8.04648 0.01 1 26 0
22302 297.965 7.978 0.01 1 27 0
22317 298.116 8.09004 0.01 1 27 0
22355 308.931 8.10505 0.01 1 72 0
22378 307.574 7.88163 0.01 1 72 0
22459 306.603 7.88618 0.01 1 72 0
22498 298.991 8.09004 0.01 1 26 0
22576 296.59 8.09004 0.01 1 26 0
22588 296.926 7.978 0.01 1 27 0
22604 309.402 7.48021 0.01 1 72 0
22619 319.54 7.24913 0.01 1 101 0
22623 296.926 8.03482 0.01 1 25 0
22638 296.701 7.96886 0.01 1 26 0
22645 318.763 7.54018 0.01 1 101 0
22677 298.116 8.09004 0.01 1 25 0
22684 297.782 8.03386 0.01 1 27 0
22726 298.991 8.09004 0.01 1 27 0
22787 319.54 7.35971 0.01 1 101 0
22816 318.763 7.44524 0.01 1 101 0
22820 296.926 7.978 0.01 1 27 0
22839 306.563 8.13614 0.01 1 72 0
22881 298.116 8.09004 0.01 1 27 0
22910 308.724 8.24547 0.01 1 72 0
22922 298.116 8.09004 0.01 1 27 0
22943 308.493 8.33548 0.01 1 72 0
22956 297.648 7.978 0.01 1 26 0
22978 316.586 7.7558 0.01 1 101 0
22980 296.711 7.978 0.01 1 27 0
23029 296.926 7.96886 0.01 1 26 0
23042 308.347 7.58268 0.01 1 72 0
23058 310.839 8.42731 0.01 1 72 0
23142 310.064 7.85162 0.01 1 72 0
23169 296.701 7.85361 0.01 1 27 0
23195 309.866 7.78039 0.01 1 72 0
23225 297.782 8.03386 0.01 1 27 0
23254 298.991 8.09004 0.01 1 26 0
23290 296.926 8.03482 0.01 1 27 0
23298 308.931 8.10505 0.01 1 72 0
23322 308.654 7.76385 0.01 1 72 0
23352 296.926 7.978 0.01 1 27 0
23354 298.993 8.09004 0.01 1 26 0
23391 306.168 7.98721 0.01 1 72 0
23405 308.319 7.95376 0.01 1 72 0
23407 317.218 7.54018 0.01 1 101 0
23408 296.82 8.05819 0.01 1 27 -0.000565857
23415 317.218 7.54018 0.01 1 102 0
23456 298.116 8.09004 0.01 1 27 0
23512 296.82 8.09004 0.01 1 27 0
23537 297.85 7.91379 0.01 1 26 0
23541 308.999 8.2849 0.01 1 72 0
23556 297.648 7.978 0.01 1 25 0
23577 318.139 7.35978 0.01 1 102 0
23601 296.926 7.978 0.01 1 27 0
23649 296.926 7.978 0.01 1 27 0
23657 309.501 8.24547 0.01 1 72 0
23688 296.926 7.978 0.01 1 26 0
23699 306.139 7.84895 0.01 1 72 0
23705 308.654 7.76385 0.01 1 72 0
23708 318.139 7.35978 0.01 1 102 0
23715 310.839 8.42731 0.01 1 72 0
23737 296.82 8.09004 0.01 1 27 0
23755 297.648 7.978 0.01 1 27 0
23782 309.079 8.12619 0.01 1 72 0
23801 308.223 7.96471 0.01 1 72 0
23830 307.574 7.97903 0.01 1 72 0
23908 296.926 8.03482 0.01 1 26 0
23963 306.168 7.98721 0.01 1 72 0
23994 297.782 8.03386 0.01 1 27 0
24004 317.696 7.38322 0.01 1 102 0
24012 306.485 7.35529 0.01 1 72 0
24013 297.782 8.03386 0.01 1 27 0
24018 297.648 7.978 0.01 1 26 0
24064 310.265 8.25464 0.01 1 72 0
24070 308.931 8.10505 0.01 1 72 0
24080 296.926 8.08097 0.01 1 27 0
24081 317.696 7.45263 0.01 1 102 0
24088 316.586 7.7558 0.01 1 103 0
24091 297.648 7.978 0.01 1 25 0
24133 298.116 7.91379 0.01 1 26 0
24146 309.677 7.85028 0.01 1 72 0
24149 296.926 8.03482 0.01 1 26 0
24160 296.926 8.03386 0.01 1 26 0
24192 296.701 7.85361 0.01 1 26 0
24201 317.31 7.58489 0.01 1 102 0
24376 296.926 8.03386 0.01 1 26 0
24418 298.593 7.978 0.01 1 27 0
24427 308.438 8.25119 0.01 1 72 0
24451 309.079 8.24935 0.01 1 72 0
24495 296.82 8.09004 0.01 1 27 0
24554 296.926 7.978 0.01 1 27 0
24612 314.2 8.63339 0.01 1 72 -0.0068392
24660 296.926 7.978 0.01 1 27 0
24717 298.116 8.09004 0.01 1 27 0
24793 296.926 7.978 0.01 1 27 0
24829 310.064 7.85162 0.01 1 72 0
24839 308.347 7.75424 0.01 1 72 0
24878 297.648 7.978 0.01 1 26 0
24918 307.796 7.93303 0.01 1 72 0
24935 317.696 7.38322 0.01 1 102 0
24945 296.926 7.978 0.01 1 27 0
25002 309.079 8.12619 0.01 1 72 0
25026 307.702 7.95376 0.01 1 72 0
25033 296.82 8.09004 0.01 1 27 0
25079 298.116 8.09004 0.01 1 26 0
25097 297.648 7.978 0.01 1 25 0
25115 317.218 7.54018 0.01 1 102 0
25118 298.116 8.09004 0.01 1 27 0
25125 309.912 7.94546 0.01 1 72 0
25158 297.648 7.978 0.01 1 26 0
25170 317.31 7.58489 0.01 1 102 0
25195 309.079 8.12619 0.01 1 72 0
25206 308.712 7.91418 0.01 1 72 0
25230 317.431 7.34364 0.01 1 103 -0.00301626
25238 298.116 7.91379 0.01 1 26 0
25252 296.926 8.03386 0.01 1 26 0
25289 296.926 7.96886 0.01 1 26 0
25349 298.116 8.09004 0.01 1 25 0
25364 297.648 7.978 0.01 1 27 0
25400 296.82 8.09004 0.01 1 27 0
25414 319.315 7.67425 0.01 1 101 -0.000249147
25420 297.782 8.03386 0.01 1 27 0
25459 317.218 7.5103 0.01 1 101 0
25462 296.926 7.96886 0.01 1 27 0
25485 317.218 7.54018 0.01 1 102 0
25562 298.116 8.09004 0.01 1 25 0
25616 298.116 8.09004 0.01 1 26 0
25620 298.116 8.09004 0.01 1 27 0
25622 296.82 8.09004 0.01 1 27 0
25636 307.396 7.75066 0.01 1 72 -0.00401294
25664 307.796 7.93303 0.01 1 72 0
25697 296.926 8.04648 0.01 1 26 0
25726 317.218 7.57956 0.01 1 101 0
25813 298.116 8.09004 0.01 1 26 0
25825 308.931 8.10505 0.01 1 72 0
25831 298.116 8.09004 0.01 1 27 0
25849 309.079 8.12619 0.01 1 72 0
25908 296.82 8.09004 0.01 1 26 0
25939 316.586 7.7558 0.01 1 102 0
25960 310.064 7.85162 0.01 1 72 0
25985 307.574 7.88163 0.01 1 72 0
25991 317.696 7.38322 0.01 1 102 0
26044 298.116 8.09004 0.01 1 26 0
26054 298.116 7.91379 0.01 1 26 0
26084 296.82 8.09004 0.01 1 27 0
26125 296.335 7.93847 0.01 1 27 0
26141 309.43 7.65966 0.01 1 72 0
26143 296.926 7.978 0.01 1 27 0
26155 296.926 7.96886 0.01 1 27 0
26179 297.078 7.90715 0.01 1 27 0
26181 317.696 7.38322 0.01 1 103 0
26211 298.116 8.09004 0.01 1 27 0
26235 296.926 7.978 0.01 1 26 0
26242 317.218 7.4338 0.01 1 102 0
26244 297.85 7.91379 0.01 1 26 0
26277 316.586 7.7558 0.01 1 101 0
26320 297.212 7.96886 0.01 1 27 0
26322 310.064 7.85162 0.01 1 72 0
26357 298.116 8.09004 0.01 1 27 0
26407 298.991 8.09004 0.01 1 25 0
26440 298.116 8.09004 0.01 1 27 0
26456 296.926 8.07172 0.01 1 26 0
26492 296.82 8.09004 0.01 1 26 0
26498 297.648 7.978 0.01 1 25 0
26517 308.194 7.95376 0.01 1 72 0
26532 308.451 7.76385 0.01 1 72 -0.000298694
26546 298.116 8.09004 0.01 1 25 0
26611 296.701 7.96886 0.01 1 27 0
26650 298.116 8.09004 0.01 1 27 0
26664 308.654 7.75066 0.01 1 72 0
26684 308.347 7.58268 0.01 1 72 0
26687 297.782 8.03386 0.01 1 26 0
26695 296.926 7.978 0.01 1 27 0
26741 296.926 7.978 0.01 1 27 0
26743 308.438 8.3139 0.01 1 72 0
26781 309.985 8.33548 0.01 1 72 0
26801 298.593 7.978 0.01 1 27 0
26804 299.816 8.09004 0.01 1 27 -0.00686236
26818 296.82 8.09004 0.01 1 27 0
26831 308.347 7.58268 0.01 1 72 0
26858 317.218 7.54018 0.01 1 101 0
26871 308.654 7.75066 0.01 1 72 0
26888 296.926 7.98404 0.01 1 27 0.000109345
26907 308.194 7.95376 0.01 1 72 0
26925 309.9 8.24214 0.01 1 72 0
26976 317.31 7.58489 0.01 1 101 0
27014 307.748 7.79334 0.01 1 72 0
27036 311.129 8.13524 0.01 1 72 0
27074 298.07 7.978 0.01 1 27 0
27121 316.836 7.38322 0.01 1 101 0
27142 309.079 8.12619 0.01 1 72 0
27148 311.129 8.13524 0.01 1 72 0
27203 309.079 8.12619 0.01 1 72 0
27231 308.724 8.24547 0.01 1 72 0
27235 307.95 7.9716 0.01 1 72 0
27265 297.648 7.978 0.01 1 26 0
27289 298.116 8.09004 0.01 1 26 0
27350 296.701 7.96886 0.01 1 26 0
27352 296.82 7.91908 0.01 1 27 0
27354 306.485 7.33937 0.01 1 72 -4.76092e-05
27422 296.82 8.09004 0.01 1 27 0
27436 309.866 7.78039 0.01 1 72 0
27451 319.54 7.35971 0.01 1 102 0
27462 297.648 7.978 0.01 1 26 0
27491 296.701 7.96886 0.01 1 26 0
27496 296.926 7.978 0.01 1 27 0
27515 306.485 7.68775 0.01 1 72 0
27552 296.926 7.92105 0.01 1 27 0
27554 298.116 8.09004 0.01 1 27 0
27575 319.315 7.71204 0.01 1 101 0
27585 309.866 7.78039 0.01 1 72 0
27590 296.926 7.978 0.01 1 27 0
27614 296.926 7.96886 0.01 1 27 0
27721 309.147 8.46296 0.01 1 72 0
27734 298.116 7.978 0.01 1 26 0
27751 309.147 8.25603 0.01 1 72 0
27753 296.926 8.03482 0.01 1 27 0
27772 297.782 8.03386 0.01 1 27 0
27798 298.116 7.978 0.01 1 27 0
27859 299.184 8.09004 0.01 1 27 0
27917 296.926 7.978 0.01 1 27 0
27975 318.763 7.82218 0.01 1 101 0
27977 297.078 7.90715 0.01 1 27 0
27981 296.82 8.09004 0.01 1 26 0
27982 296.926 8.03482 0.01 1 27 0
27997 297.264 8.03386 0.01 1 27 0
28007 309.893 8.5388 0.01 1 72 0
28031 296.926 7.978 0.01 1 27 0
28068 316.836 7.38322 0.01 1 101 0
28069 308.712 7.91418 0.01 1 72 0
28120 318.763 7.54018 0.01 1 101 0
28127 317.218 7.4338 0.01 1 102 0
28135 298.116 7.91379 0.01 1 26 0
28152 297.648 7.978 0.01 1 26 0
28154 296.926 7.978 0.01 1 27 0
28201 297.648 7.978 0.01 1 27 0
28223 307.338 7.9716 0.01 1 72 0
28316 296.926 7.978 0.01 1 27 0
28325 298.116 8.09004 0.01 1 27 0
28326 296.926 8.03482 0.01 1 26 0
28445 298.116 8.09004 0.01 1 27 0
28454 308.712 7.91418 0.01 1 72 0
28455 296.108 8.09004 0.01 1 27 0
28473 317.209 7.77587 0.01 1 101 0
28475 306.964 8.30048 0.01 1 72 0
28507 296.701 7.96886 0.01 1 27 0
28529 296.926 8.03386 0.01 1 26 0
28530 296.926 7.978 0.01 1 27 0
28559 298.116 8.09004 0.01 1 26 0
28640 297.648 7.978 0.01 1 27 0
28746 309.178 8.12619 0.01 1 72 0
28759 306.964 8.30048 0.01 1 72 0
28781 297.078 7.90715 0.01 1 27 0
28820 306.603 7.88618 0.01 1 72 0
28846 296.926 8.03482 0.01 1 25 0
28985 307.504 7.58268 0.01 1 72 -0.00309615
29008 308.724 8.24547 0.01 1 72 0
29029 296.926 8.07172 0.01 1 26 0
29035 298.116 8.09004 0.01 1 27 0
29051 317.696 7.45263 0.01 1 102 0.000935927
29054 296.82 8.09004 0.01 1 27 0
29101 296.926 7.978 0.01 1 27 0
29105 309.43 7.65966 0.01 1 72 0
29156 298.991 8.09004 0.01 1 26 0
29166 297.648 7.978 0.01 1 25 0
29197 297.648 7.978 0.01 1 27 0
29199 296.926 8.03482 0.01 1 25 0
29279 316.586 7.7558 0.01 1 103 0
29320 308.931 8.10505 0.01 1 72 0
29332 309.992 7.67386 0.01 1 72 0
29339 296.701 7.96886 0.01 1 27 0
29340 298.116 7.99433 0.01 1 27 0
29349 308.194 7.95376 0.01 1 72 0
29363 297.648 7.978 0.01 1 27 0
29377 296.926 7.92004 0.01 1 27 0
29400 298.116 8.15927 0.01 1 27 0.00123111
29408 296.926 7.978 0.01 1 27 0
29413 296.701 7.96886 0.01 1 27 0
29424 298.116 8.09004 0.01 1 27 0
29442 296.926 7.93847 0.01 1 25 0
29445 296.926 7.978 0.01 1 27 0
29488 309.147 8.25603 0.01 1 72 0
29498 296.701 7.96886 0.01 1 26 0
29551 296.926 7.96886 0.01 1 27 0
29655 316.65 7.54018 0.01 1 101 0
29687 306.603 7.88618 0.01 1 72 0
29698 308.347 7.58268 0.01 1 72 0
29845 309.079 8.12619 0.01 1 72 0
29935 296.926 8.03482 0.01 1 27 0
29992 298.116 8.09004 0.01 1 27 0
29997 296.926 7.99722 0.01 1 27 0
30004 296.926 7.978 0.01 1 27 0
30008 296.926 7.978 0.01 1 26 0
30052 309.985 8.33548 0.01 1 72 0
30086 296.926 7.92105 0.01 1 27 0
30095 298.116 8.09004 0.01 1 27 0
30141 296.926 8.03482 0.01 1 27 0
30144 296.926 7.978 0.01 1 25 0
30194 296.926 7.96886 0.01 1 26 0
30195 313.297 7.91922 0.01 1 72 0
30215 298.116 8.09004 0.01 1 27 0
30216 296.82 8.09004 0.01 1 27 0
30240 309.912 7.94546 0.01 1 72 0
30268 298.991 8.09004 0.01 1 27 0
30278 308.364 8.33548 0.01 1 72 0
30283 307.504 7.58268 0.01 1 72 0
30284 296.926 7.978 0.01 1 27 0
30314 308.194 7.95376 0.01 1 72 0
30318 296.926 7.978 0.01 1 26 0
30338 307.796 7.97625 0.01 1 72 2.44379e-05
30388 296.926 7.978 0.01 1 27 0
30405 298.116 8.09004 0.01 1 27 0
30455 309.079 8.12619 0.01 1 72 0
30466 309.992 7.67386 0.01 1 72 0
30508 316.586 7.7558 0.01 1 102 0
30510 309.028 8.02717 0.01 1 72 2.98023e-08
30515 296.926 8.03386 0.01 1 26 0
30522 296.926 7.978 0.01 1 27 0
30530 298.116 8.09004 0.01 1 27 0
30578 296.82 8.09004 0.01 1 27 0
30583 308.654 7.76385 0.01 1 72 0
30617 296.926 7.978 0.01 1 27 0
30619 298.116 7.92775 0.01 1 27 0
30634 307.796 7.93303 0.01 1 72 0
30636 296.82 8.09004 0.01 1 27 0
30755 297.648 7.978 0.01 1 27 0
30771 309.242 7.95376 0.01 1 72 0
30807 296.926 7.978 0.01 1 27 0
30812 310.064 7.85162 0.01 1 72 0
30814 297.264 8.03386 0.01 1 27 0
30818 309.462 7.76385 0.01 1 72 0
30827 299.329 8.09004 0.01 1 25 0
30895 318.369 7.54018 0.01 1 103 0.0181267
30948 296.926 7.99722 0.01 1 27 0
30984 296.926 7.99722 0.01 1 27 0
30999 296.926 7.978 0.01 1 26 0
31024 296.82 8.09004 0.01 1 26 0
31068 296.926 7.978 0.01 1 27 0
31076 317.218 7.54018 0.01 1 101 0
31079 296.82 7.91908 0.01 1 27 -0.0030729
31090 296.701 7.96886 0.01 1 27 0
31110 309.079 8.12619 0.01 1 72 0
31118 296.82 8.09004 0.01 1 27 0
31151 298.116 8.10387 0.01 1 27 0
31170 318.603 7.42052 0.01 1 101 0
31239 316.586 7.7558 0.01 1 102 0
31240 296.926 7.99722 0.01 1 27 0
31249 309.622 8.25879 0.01 1 72 0
31268 296.926 7.93847 0.01 1 25 0
31293 298.991 8.09004 0.01 1 25 0
31312 298.991 8.09004 0.01 1 26 0
31315 308.931 8.10505 0.01 1 72 0
31362 296.926 8.03386 0.01 1 26 0
31364 298.116 8.09004 0.01 1 27 0
31382 296.701 7.96886 0.01 1 27 0
31428 296.202 7.978 0.01 1 26 0
31430 309.13 8.49862 0.01 1 72 0
31468 298.116 7.99433 0.01 1 26 0
31472 297.648 7.978 0.01 1 25 0
31519 296.926 7.978 0.01 1 27 0
31535 317.218 7.61389 0.01 1 103 0
31551 298.593 7.978 0.01 1 27 0
31579 296.926 8.03386 0.01 1 26 0
31580 317.218 7.54018 0.01 1 102 0
31596 296.82 8.09004 0.01 1 26 0
31614 296.82 8.09004 0.01 1 27 0
31647 298.991 8.09004 0.01 1 26 0
31665 296.926 7.96886 0.01 1 27 0
31669 306.984 8.13614 0.01 1 72 0
31671 308.194 7.95376 0.01 1 72 0
31679 317.218 7.4338 0.01 1 102 0
31697 296.926 8.03386 0.01 1 26 0
31709 296.335 7.93847 0.01 1 27 0
31763 317.696 7.38322 0.01 1 102 0
31788 296.926 7.978 0.01 1 27 0
31792 296.82 8.09004 0.01 1 27 0
31836 317.218 7.54018 0.01 1 102 0
31838 298.116 7.99433 0.01 1 26 0
31863 317.218 7.54018 0.01 1 102 0
31868 296.926 7.99722 0.01 1 27 0
31890 297.782 8.03386 0.01 1 27 0
31959 296.926 8.03482 0.01 1 27 0
31972 309.079 8.12619 0.01 1 72 0
31975 308.391 8.0511 0.01 1 72 0
31982 298.116 8.09004 0.01 1 26 0
32011 296.926 7.978 0.01 1 25 0
32014 306.984 8.13614 0.01 1 72 0
32020 309.079 8.12619 0.01 1 72 0
32060 297.648 7.978 0.01 1 26 0
32078 296.701 7.96886 0.01 1 26 0
32112 317.218 7.5103 0.01 1 101 -0.000388041
32114 297.782 8.03386 0.01 1 27 0
32160 317.218 7.42535 0.01 1 103 0
32166 309.117 8.29798 0.01 1 72 0
32182 317.74 7.54018 0.01 1 101 0
32187 319.54 7.35971 0.01 1 101 0
32196 317.218 7.54018 0.01 1 101 0
32202 308.634 8.11096 0.01 1 72 0
32217 296.926 8.03386 0.01 1 26 0
32255 309.677 7.85028 0.01 1 72 0
32280 296.926 7.978 0.01 1 26 0
32300 296.926 7.978 0.01 1 27 0
32302 296.926 7.96886 0.01 1 27 0
32304 308.724 8.24547 0.01 1 72 0
32305 317.218 7.4338 0.01 1 102 0
32350 298.116 8.01459 0.01 1 26 -0.00136837
32395 298.116 8.09004 0.01 1 26 0
32400 296.926 7.978 0.01 1 27 0
32433 296.926 8.08097 0.01 1 27 0
32460 298.116 8.09004 0.01 1 27 0
32486 309.402 7.48021 0.01 1 72 0
32493 310.064 7.85162 0.01 1 72 0
32497 309.028 8.06483 0.01 1 72 7.98702e-06
32577 296.926 8.08097 0.01 1 27 0
32589 296.077 7.978 0.01 1 27 0
32595 296.18 7.99722 0.01 1 27 0
32635 298.116 8.09004 0.01 1 27 0
32681 307.338 7.9716 0.01 1 72 -0.00255823
32702 296.82 8.09004 0.01 1 26 0
32779 297.648 7.978 0.01 1 26 0
32783 310.839 8.42731 0.01 1 72 0
32845 298.991 8.09004 0.01 1 25 0
32880 296.926 8.08097 0.01 1 27 0
32961 297.62 7.99722 0.01 1 27 0
33004 298.991 8.09004 0.01 1 26 0
33019 296.926 7.978 0.01 1 27 0
33068 296.926 7.978 0.01 1 26 0
33069 317.218 7.54018 0.01 1 101 0
33072 296.701 8.08871 0.01 1 27 0.0021363
33076 296.926 8.03482 0.01 1 26 0
33118 298.116 8.09004 0.01 1 26 0
33147 298.116 8.10387 0.01 1 27 0.00024955
33195 296.926 7.978 0.01 1 27 0
33201 297.648 7.978 0.01 1 27 0
33204 307.796 7.93303 0.01 1 72 0
33218 296.926 8.03386 0.01 1 27 0
33219 298.116 8.09004 0.01 1 27 0
33230 296.926 8.03386 0.01 1 26 0
33270 309.912 7.94546 0.01 1 72 0
33278 309.079 8.25119 0.01 1 72 0
33303 306.603 7.88618 0.01 1 72 0
33306 317.218 7.54018 0.01 1 101 0
33337 296.926 8.03386 0.01 1 27 0
33362 296.926 7.978 0.01 1 26 0
33397 298.593 7.978 0.01 1 27 0
33409 306.984 8.13614 0.01 1 72 0
33427 309.573 7.70718 0.01 1 72 0
33462 317.696 7.38322 0.01 1 102 0
33493 296.926 7.978 0.01 1 25 0
33497 296.926 7.978 0.01 1 26 0
33498 298.116 7.99433 0.01 1 26 0
33529 296.926 8.03482 0.01 1 25 0
33531 296.926 7.978 0.01 1 26 0
33553 309.949 7.91653 0.01 1 72 0
33565 317.444 7.58489 0.01 1 102 0
33597 317.218 7.54018 0.01 1 101 0
33616 296.926 8.03482 0.01 1 27 0
33628 309.893 8.5388 0.01 1 72 0
33649 317.31 7.58489 0.01 1 103 0
33666 316.001 7.59228 0.01 1 101 0
33678 318.139 7.35978 0.01 1 102 0
33690 297.648 7.978 0.01 1 27 0
33735 296.926 8.03482 0.01 1 26 0
33739 307.95 7.9716 0.01 1 72 0
33756 298.116 8.10387 0.01 1 27 0
33818 309.912 7.94546 0.01 1 72 0
33826 298.116 8.09004 0.01 1 27 0
33828 296.926 7.978 0.01 1 27 0
33841 298.116 8.09004 0.01 1 27 0
33864 296.926 7.96886 0.01 1 27 0
33885 296.686 7.978 0.01 1 26 0.0125817
33889 296.926 7.978 0.01 1 26 0
33906 309.985 8.33548 0.01 1 72 0
33909 298.991 8.09004 0.01 1 27 0
33929 317.444 7.58489 0.01 1 102 0
33940 298.116 8.09004 0.01 1 26 0
34011 308.931 8.10505 0.01 1 72 0
34024 309.242 7.95376 0.01 1 72 0
34061 296.82 8.09004 0.01 1 27 0
34092 314.2 8.63339 0.01 1 72 0
34126 296.926 7.96886 0.01 1 26 0
34138 296.926 8.08097 0.01 1 27 0
34145 296.82 8.09004 0.01 1 27 0
34152 309.402 7.48021 0.01 1 72 0
34175 296.926 8.04007 0.01 1 25 0
34209 317.31 7.58489 0.01 1 102 0
34226 297.648 7.978 0.01 1 25 0
34305 317.218 7.54018 0.01 1 101 0
34310 307.574 7.97903 0.01 1 72 0
34325 296.926 7.978 0.01 1 27 0
34355 310.629 8.12137 0.01 1 72 0
34387 318.139 7.35978 0.01 1 102 0
34422 296.926 8.03386 0.01 1 26 0
34437 308.724 8.24547 0.01 1 72 0
34457 296.926 8.03482 0.01 1 25 0
34495 297.648 7.978 0.01 1 27 0
34499 306.603 7.88618 0.01 1 72 0
34522 298.116 7.91379 0.01 1 26 0
34529 309.079 8.25119 0.01 1 72 0
34582 297.648 7.978 0.01 1 26 0
34600 297.212 7.96886 0.01 1 25 0
34619 309.028 7.9286 0.01 1 72 0
34640 297.264 8.03386 0.01 1 27 0
34676 296.926 8.03386 0.01 1 26 0
34683 296.82 8.09004 0.01 1 26 0
34689 298.613 7.978 0.01 1 26 0
34693 308.194 7.95376 0.01 1 72 0
34728 297.648 7.978 0.01 1 26 0
34739 296.926 7.93847 0.01 1 25 0
34745 298.116 7.91379 0.01 1 26 0
34804 298.116 8.09004 0.01 1 25 0
34822 297.85 7.91379 0.01 1 26 0
34839 308.654 7.79172 0.01 1 72 0
34842 308.194 7.95376 0.01 1 72 0
34865 296.926 7.978 0.01 1 25 0
34881 297.85 7.91379 0.01 1 26 0
34896 306.485 7.35529 0.01 1 72 0
34981 296.701 7.96886 0.01 1 25 0
35048 318.603 7.42052 0.01 1 101 0
35062 309.405 8.12495 0.01 1 72 0
35157 317.431 7.54018 0.01 1 103 0
35168 318.763 7.42052 0.01 1 101 0
35263 316.586 7.7558 0.01 1 103 0
35269 295.188 8.03386 0.01 1 27 0.0245188
35274 308.438 8.25119 0.01 1 72 0
35314 297.648 7.978 0.01 1 27 0
35323 298.116 8.09004 0.01 1 27 0
35368 298.116 8.09004 0.01 1 27 0
35407 317.696 7.38322 0.01 1 101 0
35439 317.696 7.38322 0.01 1 101 0
35451 309.402 7.48021 0.01 1 72 0
35487 308.223 7.95376 0.01 1 72 0
35505 296.926 7.978 0.01 1 26 0
35515 296.926 7.96886 0.01 1 26 0
35576 297.782 8.03386 0.01 1 27 0
35611 296.926 7.99722 0.01 1 27 0
35646 309.992 7.67386 0.01 1 72 0
35651 298.116 7.91379 0.01 1 26 0
35663 308.347 7.58268 0.01 1 72 0
35687 309.622 8.25879 0.01 1 72 0
35764 296.926 7.978 0.01 1 27 0
35810 296.926 7.978 0.01 1 26 0
35845 317.31 7.58489 0.01 1 101 0
35850 296.926 7.96886 0.01 1 27 0
35882 297.648 7.978 0.01 1 26 0
35906 298.116 8.09004 0.01 1 26 0
35907 309.079 8.12619 0.01 1 72 0
35951 296.926 7.96886 0.01 1 26 0
36059 310.629 8.12137 0.01 1 72 0
36063 296.926 7.978 0.01 1 26 0
36090 296.926 7.99722 0.01 1 27 0
36108 298.116 8.09004 0.01 1 27 0
36166 296.926 7.96886 0.01 1 26 0
36192 296.926 8.03386 0.01 1 27 0
36284 298.116 8.09004 0.01 1 25 0
36293 296.926 8.03482 0.01 1 27 0
36294 296.926 8.04007 0.01 1 26 0
36299 317.218 7.54018 0.01 1 101 0
36389 297.62 7.99722 0.01 1 27 0
36393 317.218 7.54018 0.01 1 101 0
36395 308.194 7.95376 0.01 1 72 0
36417 317.218 7.61389 0.01 1 103 0
36418 296.926 8.03386 0.01 1 27 0
36423 317.218 7.4338 0.01 1 102 0
36425 296.926 7.96886 0.01 1 27 0
36433 296.701 7.96886 0.01 1 27 0
36455 309.147 8.25603 0.01 1 72 0
36456 309.079 8.12619 0.01 1 72 0
36485 296.926 8.03482 0.01 1 25 0
36519 296.926 8.03386 0.01 1 26 0
36569 297.648 7.978 0.01 1 26 0
36571 298.116 8.09004 0.01 1 27 0
36576 297.648 7.978 0.01 1 27 0
36602 298.561 7.978 0.01 1 26 0
36612 296.701 7.96886 0.01 1 26 0
36616 309.462 7.76385 0.01 1 72 0
36689 296.926 7.96886 0.01 1 27 0
36743 296.701 7.96886 0.01 1 26 0
36799 296.926 8.03386 0.01 1 27 0
36886 308.654 7.79172 0.01 1 72 0
37030 317.218 7.5103 0.01 1 101 0
37067 297.648 7.978 0.01 1 27 0
37123 296.701 7.96886 0.01 1 26 0
37136 308.931 8.10505 0.01 1 72 0
37139 309.079 8.12619 0.01 1 72 0
37170 298.991 8.09004 0.01 1 25 0
37174 297.782 8.03386 0.01 1 27 0
37203 298.991 8.09004 0.01 1 26 0
37245 317.218 7.57956 0.01 1 103 0
37268 310.2 8.2548 0.01 1 72 0
37293 296.926 7.978 0.01 1 26 0
37309 307.396 7.75066 0.01 1 72 0
37346 298.991 8.09004 0.01 1 26 0
37350 296.926 7.99722 0.01 1 27 0
37377 308.194 7.95376 0.01 1 72 0
37495 297.648 7.978 0.01 1 26 0
37504 296.926 7.978 0.01 1 27 0
37507 296.403 8.09004 0.01 1 27 0.00601159
37532 318.763 7.82218 0.01 1 102 0
37533 296.847 8.09004 0.01 1 27 0
37543 297.264 8.03386 0.01 1 27 0
37567 309.218 8.02918 0.01 1 72 0
37568 307.95 7.9716 0.01 1 72 0
37576 297.965 7.978 0.01 1 27 0
37615 296.701 7.96886 0.01 1 27 0
37656 319.315 7.71204 0.01 1 101 0
37729 296.926 7.978 0.01 1 25 0
37739 298.116 8.09004 0.01 1 27 0
37743 296.926 7.978 0.01 1 27 0
37747 309.079 8.25119 0.01 1 72 0
37749 296.926 8.03482 0.01 1 27 0
37751 306.168 7.98721 0.01 1 72 0
37761 310.064 7.67386 0.01 1 72 0
37808 296.926 7.96886 0.01 1 27 0
37813 317.218 7.54018 0.01 1 102 0
37836 296.926 7.96886 0.01 1 27 0
37848 296.701 7.85361 0.01 1 26 0
37862 296.926 8.03386 0.01 1 26 0
37887 296.926 7.978 0.01 1 27 0
37895 308.194 7.95376 0.01 1 72 0
37935 297.212 7.96886 0.01 1 25 0
37939 317.218 7.54018 0.01 1 101 0
37984 296.926 7.978 0.01 1 27 0
37988 308.438 8.25119 0.01 1 72 0
37998 297.782 8.03386 0.01 1 27 0
37999 296.926 7.978 0.01 1 27 0
38025 296.926 7.978 0.01 1 27 0
38029 317.218 7.57956 0.01 1 102 0
38056 296.926 7.92105 0.01 1 27 0
38058 317.209 7.54018 0.01 1 101 0
38073 296.926 8.03482 0.01 1 27 0
38099 298.246 7.978 0.01 1 27 0
38125 313.297 7.91922 0.01 1 72 0
38151 296.82 8.09004 0.01 1 27 0
38181 298.116 8.09004 0.01 1 26 0
38198 306.603 7.88618 0.01 1 72 0
38246 308.391 8.0511 0.01 1 72 0
38253 309.622 8.25879 0.01 1 72 0
38263 296.926 7.978 0.01 1 27 0
38321 298.116 8.09004 0.01 1 27 0
38324 298.152 7.978 0.01 1 27 -0.016205
38365 317.209 7.54018 0.01 1 101 0
38373 306.168 7.98721 0.01 1 72 0
38394 317.218 7.54018 0.01 1 102 0
38462 317.993 7.54018 0.01 1 101 0
38471 310.064 7.85162 0.01 1 72 0
38478 296.63 7.978 0.01 1 26 0
38508 310.67 8.33548 0.01 1 72 -0.00336909
38540 297.782 8.03386 0.01 1 27 0
38542 296.926 8.04007 0.01 1 25 0
38570 296.847 8.09004 0.01 1 27 0
38597 296.926 8.03386 0.01 1 26 0
38601 308.654 7.75066 0.01 1 72 0
38735 296.926 7.99722 0.01 1 27 0
38740 314.2 8.63339 0.01 1 72 0
38783 295.188 8.03386 0.01 1 27 0
38799 310.629 8.12137 0.01 1 72 0
38828 309.763 8.10626 0.01 1 72 -0.000805527
38870 309.079 8.12619 0.01 1 72 0
38871 298.116 7.99433 0.01 1 27 0
38879 296.007 8.02011 0.01 1 27 0
38913 309.912 7.94546 0.01 1 72 0
38927 297.782 8.03386 0.01 1 27 0
38967 296.926 7.978 0.01 1 25 0
38998 296.926 7.978 0.01 1 27 0
39019 308.654 7.76385 0.01 1 72 0
39025 319.315 7.71204 0.01 1 101 0
39034 309.985 8.33548 0.01 1 72 0
39036 307.04 7.79516 0.01 1 72 0
39083 298.116 8.09004 0.01 1 27 0
39106 317.218 7.61389 0.01 1 103 0
39114 319.315 7.71204 0.01 1 101 0
39135 306.984 8.13614 0.01 1 72 0
39145 296.82 8.09004 0.01 1 26 0
39146 308.761 8.33548 0.01 1 72 0.000285521
39206 307.283 7.71361 0.01 1 72 0
39250 307.04 7.79516 0.01 1 72 0
39252 296.926 8.03482 0.01 1 26 0
39265 308.654 7.79172 0.01 1 72 0
39288 318.763 7.54018 0.01 1 101 0
39325 295.402 7.96886 0.01 1 25 0
39344 298.116 8.09004 0.01 1 27 0
39349 296.926 8.03386 0.01 1 27 0
39382 296.926 7.978 0.01 1 27 0
39429 309.079 8.25119 0.01 1 72 0
39434 299.329 8.09004 0.01 1 25 0
39499 309.685 7.76385 0.01 1 72 0
39516 317.218 7.54018 0.01 1 101 0
39556 296.926 8.03386 0.01 1 27 0
39564 296.926 7.978 0.01 1 27 0
39584 297.212 7.96886 0.01 1 26 0
39612 308.931 8.10505 0.01 1 72 0
39615 296.926 7.96886 0.01 1 27 0
39777 296.926 8.03386 0.01 1 27 0
39785 307.574 7.97903 0.01 1 72 0
39798 298.116 7.91379 0.01 1 26 0
39799 317.218 7.57956 0.01 1 102 0
39807 309.685 7.76385 0.01 1 72 0
39897 296.926 7.96886 0.01 1 27 0
39938 296.926 7.978 0.01 1 27 0
39944 309.501 8.24547 0.01 1 72 0
39950 296.926 7.978 0.01 1 27 0
39966 308.223 7.96471 0.01 1 72 0
39977 317.431 7.54018 0.01 1 103 0
39987 316.586 7.7558 0.01 1 101 0
