max_pf 102 min_pf 31
individual T0 sigma disp_rate r0 patch_no mut_eff
8 316.455 7.68545 0.01 1 100 0
26 300.702 8.37625 0.01 1 33 0
33 300.702 8.2036 0.01 1 31 0
45 307.933 7.67745 0.01 1 72 0
56 300.594 8.30663 0.01 1 33 0
65 316.971 7.68545 0.01 1 100 0
102 308.647 7.9087 0.01 1 72 0
127 300.702 8.37625 0.01 1 33 0
128 317.925 7.61457 0.01 1 101 0
218 301.129 8.14671 0.01 1 33 0
244 300.702 8.37625 0.01 1 33 0
260 300.702 8.37625 0.01 1 33 0
275 317.109 7.68545 0.01 1 101 0
294 316.971 7.68545 0.01 1 102 0
423 307.323 7.98291 0.01 1 72 0
460 306.871 8.0729 0.01 1 72 0
489 300.286 8.30663 0.01 1 33 0
522 318.111 7.5877 0.01 1 100 0
538 318.666 7.81497 0.01 1 100 0
545 301.905 8.30663 0.01 1 33 0
571 300.702 8.30663 0.01 1 33 0
589 300.702 8.30663 0.01 1 33 0
637 300.702 8.30663 0.01 1 33 0
738 317.892 7.56955 0.01 1 100 0
748 308.462 8.04502 0.01 1 72 0
751 300.702 8.37625 0.01 1 32 0
774 308.252 8.04502 0.01 1 72 0
799 300.702 8.30663 0.01 1 33 0
936 308.72 7.92011 0.01 1 72 0
967 300.702 8.28058 0.01 1 32 0
972 300.702 8.14671 0.01 1 33 0
976 300.702 8.2036 0.01 1 33 0
1046 306.51 8.09915 0.01 1 72 0
1068 308.056 8.08484 0.01 1 72 0
1084 310.068 8.36292 0.01 1 72 0
1139 300.702 8.37625 0.01 1 33 0
1154 300.702 8.37625 0.01 1 33 0
1170 317.459 7.52167 0.01 1 101 0
1178 317.218 7.61457 0.01 1 100 0
1210 308.445 7.59136 0.01 1 72 0
1278 300.702 8.42923 0.01 1 33 0.000915647
1283 316.971 7.68545 0.01 1 100 0
1294 318.568 7.48281 0.01 1 101 0
1299 307.087 7.97016 0.01 1 72 0
1303 300.702 8.30663 0.01 1 32 0
1313 306.652 8.36096 0.01 1 72 0
1317 300.702 8.35893 0.01 1 33 0.000913143
1340 300.702 8.37625 0.01 1 33 0
1342 300.702 8.30663 0.01 1 33 0
1405 300.702 8.30663 0.01 1 33 0
1452 310.937 7.97853 0.01 1 72 0
1482 306.51 8.09915 0.01 1 72 0
1515 300.702 8.14671 0.01 1 33 0
1520 306.652 8.36096 0.01 1 72 0
1536 310.511 8.1171 0.01 1 72 0
1546 316.971 7.65696 0.01 1 101 0
1585 300.702 8.44522 0.01 1 33 0
1605 310.315 7.94945 0.01 1 72 0
1637 310.255 8.32817 0.01 1 72 0
1726 300.702 8.2036 0.01 1 33 0
1733 316.356 7.68545 0.01 1 102 0
1740 300.702 8.22471 0.01 1 33 -0.00144398
1751 317.371 7.65696 0.01 1 100 0
1787 308.178 8.07944 0.01 1 72 0
1811 317.218 7.61457 0.01 1 100 0
1823 300.702 8.14671 0.01 1 33 0
1840 300.286 8.30663 0.01 1 33 0
1864 316.971 7.68481 0.01 1 101 0
1913 300.702 8.2036 0.01 1 33 0
1924 300.702 8.49679 0.01 1 32 0
1988 310.091 7.78974 0.01 1 72 0
1991 318.111 7.61457 0.01 1 100 0
1992 300.702 8.37625 0.01 1 32 0
2003 307.549 7.76552 0.01 1 72 0
2012 307.323 7.948 0.01 1 72 0
2028 308.252 8.04502 0.01 1 72 0
2064 300.702 8.37625 0.01 1 33 0
2090 316.971 7.68545 0.01 1 102 0
2127 316.741 7.68545 0.01 1 100 0
2128 307.984 7.93825 0.01 1 72 0
2286 302.798 8.30663 0.01 1 33 0
2324 307.361 7.68693 0.01 1 72 0
2342 300.702 8.42634 0.01 1 33 0
2369 317.371 7.65696 0.01 1 100 0
2404 300.702 8.2036 0.01 1 33 0
2405 302.798 8.30663 0.01 1 33 0
2433 300.702 8.47605 0.01 1 32 0
2443 307.933 7.6401 0.01 1 72 -1.86414e-05
2476 300.702 8.2036 0.01 1 32 0
2499 318.666 7.56955 0.01 1 100 0
2536 300.702 8.2036 0.01 1 32 0
2548 300.702 8.37625 0.01 1 32 0
2552 309.909 7.94945 0.01 1 72 0
2558 317.371 7.65696 0.01 1 100 0
2583 307.984 8.09694 0.01 1 72 0
2584 300.702 8.32289 0.01 1 33 0
2597 300.702 8.37625 0.01 1 33 0
2609 310.255 8.23153 0.01 1 72 0
2679 300.702 8.14671 0.01 1 31 0
2723 300.702 8.37625 0.01 1 33 0
2726 300.702 8.37625 0.01 1 32 0
2727 308.943 8.3607 0.01 1 72 0
2737 316.971 7.68545 0.01 1 102 0
2740 307.273 8.01395 0.01 1 72 0
2795 300.702 8.37625 0.01 1 32 0
2798 300.702 8.37625 0.01 1 33 0
2823 300.702 8.37625 0.01 1 33 0
2856 300.702 8.30663 0.01 1 33 0
2887 300.594 8.30663 0.01 1 32 0
2914 311.749 8.22103 0.01 1 72 0
2933 308.943 8.3607 0.01 1 72 0
2961 300.702 8.37625 0.01 1 31 0
2982 317.925 7.61457 0.01 1 101 0
2995 308.943 8.3607 0.01 1 72 0
3021 309.884 8.07944 0.01 1 72 0
3024 308.943 8.3607 0.01 1 72 0
3032 308.462 8.14924 0.01 1 72 0
3050 300.702 8.30663 0.01 1 32 0
3061 308.647 7.9087 0.01 1 72 0
3075 309.843 7.82656 0.01 1 72 0
3080 300.702 8.37625 0.01 1 33 0
3089 309.386 8.38877 0.01 1 72 0
3161 319.836 7.39317 0.01 1 100 0.0152922
3202 300.702 8.30663 0.01 1 33 0
3239 300.702 8.37625 0.01 1 33 0
3258 300.702 8.2036 0.01 1 32 0
3274 309.386 8.38877 0.01 1 72 0
3289 300.702 8.37625 0.01 1 33 0
3338 316.971 7.68545 0.01 1 101 0
3388 318.568 7.56783 0.01 1 100 0
3405 300.702 8.28058 0.01 1 32 0
3432 308.943 8.3607 0.01 1 72 0
3488 300.286 8.30663 0.01 1 33 0
3511 300.702 8.37625 0.01 1 32 0
3551 300.702 8.135 0.01 1 32 -0.00122735
3581 310.937 7.97853 0.01 1 72 0
3595 317.371 7.65696 0.01 1 100 0
3649 308.72 7.92011 0.01 1 72 0
3658 300.702 8.30663 0.01 1 32 0
3675 316.971 7.68545 0.01 1 100 0
3696 316.971 7.68545 0.01 1 101 0
3697 300.702 8.37753 0.01 1 33 2.21878e-05
3706 318.568 7.59874 0.01 1 100 0
3738 318.111 7.61457 0.01 1 100 0
3743 316.971 7.68481 0.01 1 101 0
3772 307.087 7.97016 0.01 1 72 0
3779 307.273 8.01395 0.01 1 72 0
3781 300.702 8.1043 0.01 1 33 0
3844 300.702 8.2036 0.01 1 33 0
3893 307.323 7.98291 0.01 1 72 0
3894 300.702 8.2036 0.01 1 33 0
3923 300.702 8.37625 0.01 1 32 0
3966 317.086 7.61457 0.01 1 100 0
3968 300.702 8.2036 0.01 1 33 0
3995 300.702 8.30663 0.01 1 33 0
4013 317.109 7.68545 0.01 1 101 0
4017 300.702 8.30663 0.01 1 33 0
4027 299.399 8.2036 0.01 1 33 0
4078 300.702 8.14671 0.01 1 32 0
4081 310.255 8.23153 0.01 1 72 0
4099 300.286 8.30663 0.01 1 33 0
4129 300.702 8.2036 0.01 1 32 0
4146 300.702 8.14671 0.01 1 33 0
4181 300.702 8.14671 0.01 1 33 0
4185 317.459 7.52167 0.01 1 101 0
4189 300.702 8.30663 0.01 1 32 0
4228 306.911 7.92101 0.01 1 72 0
4264 310.068 8.36292 0.01 1 72 0
4282 316.356 7.68545 0.01 1 102 0
4308 300.702 8.1043 0.01 1 33 0
4344 317.488 7.59874 0.01 1 100 -0.0148925
4353 308.943 8.3607 0.01 1 72 0
4411 300.702 8.30663 0.01 1 33 0
4413 316.971 7.68545 0.01 1 102 0
4421 316.455 7.68545 0.01 1 100 0
4447 308.252 8.04502 0.01 1 72 0
4460 300.702 8.37625 0.01 1 32 0
4538 300.702 8.0404 0.01 1 32 -0.00115593
4575 317.459 7.56955 0.01 1 100 0
4607 308.178 8.07944 0.01 1 72 0
4634 310.937 8.07644 0.01 1 72 0
4703 300.702 8.30663 0.01 1 33 0
4705 300.702 8.37625 0.01 1 33 0
4730 306.911 7.92101 0.01 1 72 0
4733 300.702 8.30663 0.01 1 33 0
4791 300.702 8.14671 0.01 1 32 0
4801 308.049 7.59136 0.01 1 72 0
4813 300.594 8.30663 0.01 1 33 0
4834 300.702 8.28058 0.01 1 33 0
4836 300.702 8.37625 0.01 1 33 0
4864 318.111 7.61457 0.01 1 100 0
4947 317.371 7.68584 0.01 1 100 0.000307694
5013 300.702 8.37625 0.01 1 32 0
5019 300.702 8.37625 0.01 1 32 0
5051 310.255 8.32817 0.01 1 72 5.26905e-05
5066 300.702 8.37625 0.01 1 33 0
5107 300.702 8.14671 0.01 1 31 0
5110 318.568 7.56783 0.01 1 101 0
5130 300.702 8.37625 0.01 1 33 0
5189 305.778 8.09915 0.01 1 72 0
5218 300.702 8.1043 0.01 1 33 0
5219 300.702 8.2036 0.01 1 33 0
5238 318.111 7.61457 0.01 1 100 0
5251 308.125 8.08876 0.01 1 72 0
5259 309.007 8.08484 0.01 1 72 0
5261 308.025 8.08947 0.01 1 72 0
5279 300.702 8.30663 0.01 1 33 0
5296 300.702 8.05171 0.01 1 32 -0.00273038
5306 300.702 8.2036 0.01 1 32 0
5425 306.829 8.3262 0.01 1 72 0
5426 318.111 7.61457 0.01 1 100 0
5471 318.111 7.61457 0.01 1 100 0
5507 309.255 8.23498 0.01 1 72 0
5526 310.511 8.1171 0.01 1 72 0
5534 307.361 7.68693 0.01 1 72 0
5541 302.798 8.30663 0.01 1 31 0
5555 307.375 7.76552 0.01 1 72 0
5559 300.702 8.37625 0.01 1 33 0
5575 308.125 8.08876 0.01 1 72 0
5579 300.702 8.14671 0.01 1 32 0
5591 300.702 8.37625 0.01 1 33 0
5598 317.459 7.52167 0.01 1 101 -0.00113022
5637 300.702 8.2036 0.01 1 33 0
5657 307.984 7.92101 0.01 1 72 0
5714 309.884 8.07944 0.01 1 72 0
5737 309.255 8.26389 0.01 1 72 0
5781 300.702 8.30663 0.01 1 33 0
5824 307.087 7.97016 0.01 1 72 0
5865 300.702 8.37625 0.01 1 33 0
5880 318.568 7.56783 0.01 1 100 0
5886 300.702 8.30663 0.01 1 33 0
5887 300.702 8.16829 0.01 1 33 0
5906 300.702 8.30663 0.01 1 33 0
5914 308.943 8.3607 0.01 1 72 0
5919 300.702 8.37625 0.01 1 33 0
5943 302.433 8.14671 0.01 1 33 -0.0208471
5980 300.702 8.14671 0.01 1 32 0
6001 302.748 8.2036 0.01 1 33 0
6037 316.971 7.68545 0.01 1 102 0
6045 300.702 8.47605 0.01 1 32 0
6052 300.702 8.37625 0.01 1 33 0
6062 300.702 8.2036 0.01 1 33 0
6075 309.049 8.34005 0.01 1 72 1.10716e-05
6114 318.568 7.48281 0.01 1 100 0
6131 309.101 8.10841 0.01 1 72 0
6145 300.702 8.30663 0.01 1 32 0
6175 308.252 8.04502 0.01 1 72 0
6177 308.943 8.3607 0.01 1 72 0
6201 317.798 7.68481 0.01 1 100 0
6206 302.798 8.30663 0.01 1 33 0
6281 300.286 8.27278 0.01 1 33 -0.000563331
6282 300.594 8.30663 0.01 1 33 0
6284 318.111 7.5877 0.01 1 100 0
6289 309.909 7.99494 0.01 1 72 0
6335 300.702 8.1043 0.01 1 33 0
6423 309.785 8.45018 0.01 1 72 0
6430 300.702 8.49679 0.01 1 33 0
6436 300.702 8.30663 0.01 1 33 0
6441 311.749 8.22103 0.01 1 72 0
6503 300.702 8.37625 0.01 1 33 0
6507 300.702 8.31098 0.01 1 32 7.64728e-05
6512 307.984 7.92101 0.01 1 72 0
6537 300.702 8.30663 0.01 1 33 0
6663 305.614 8.1111 0.01 1 72 0
6668 316.356 7.68545 0.01 1 102 0
6728 300.702 8.2036 0.01 1 33 0
6754 300.702 8.30663 0.01 1 33 0
6798 300.702 8.2036 0.01 1 33 0
6809 316.356 7.68545 0.01 1 102 0
6810 316.971 7.68481 0.01 1 101 0
6822 300.702 8.37625 0.01 1 32 0
6934 316.971 7.68481 0.01 1 101 0
6952 300.702 8.37625 0.01 1 33 0
6953 310.937 7.97853 0.01 1 72 0
6966 318.568 7.48281 0.01 1 100 0
7023 300.702 8.31098 0.01 1 32 0
7059 316.971 7.68545 0.01 1 100 0
7064 309.884 8.07944 0.01 1 72 0
7068 300.286 8.30663 0.01 1 33 0
7072 300.702 8.30663 0.01 1 33 0
7079 309.255 8.23498 0.01 1 72 0
7082 309.909 7.94945 0.01 1 72 0
7107 300.702 8.14671 0.01 1 33 0
7136 308.056 8.08484 0.01 1 72 0
7140 308.72 7.92011 0.01 1 72 0
7145 309.255 8.23498 0.01 1 72 0
7213 300.286 8.30663 0.01 1 33 0
7230 300.702 8.37625 0.01 1 33 0
7243 311.123 8.45689 0.01 1 72 0
7258 301.754 8.30663 0.01 1 33 -0.0131074
7284 300.702 8.30663 0.01 1 33 0
7290 308.578 7.89964 0.01 1 72 0
7354 318.111 7.5877 0.01 1 100 0
7358 300.702 8.30663 0.01 1 33 0
7498 300.286 8.30663 0.01 1 33 0
7508 303.829 8.17849 0.01 1 33 -0.0224919
7518 317.371 7.71981 0.01 1 101 0.000751376
7528 307.361 7.68693 0.01 1 72 0
7568 317.371 7.65696 0.01 1 100 0
7572 300.702 8.2036 0.01 1 32 0
7575 300.702 8.30663 0.01 1 33 0
7623 307.984 7.92101 0.01 1 72 0
7666 300.702 8.37625 0.01 1 33 0
7714 300.702 8.49679 0.01 1 33 0
7729 306.652 8.36096 0.01 1 72 0
7755 309.255 8.23498 0.01 1 72 0
7782 317.371 7.65696 0.01 1 100 0
7807 309.049 8.23498 0.01 1 72 0
7848 300.702 8.37625 0.01 1 33 0
7857 300.702 8.2036 0.01 1 32 0
7872 300.702 8.37625 0.01 1 33 0
7921 300.702 8.44522 0.01 1 33 0
8011 316.971 7.68545 0.01 1 101 0
8029 300.702 8.44522 0.01 1 33 0
8034 309.34 8.07055 0.01 1 72 0
8073 300.702 8.30663 0.01 1 33 0
8119 309.591 7.98865 0.01 1 72 0
8125 318.568 7.48281 0.01 1 101 0
8129 309.591 7.98865 0.01 1 72 0
8147 300.702 8.2036 0.01 1 32 0
8238 299.044 8.2036 0.01 1 32 0
8240 319.778 7.61457 0.01 1 100 0
8243 316.971 7.68545 0.01 1 101 0
8248 300.692 8.30663 0.01 1 33 0
8267 306.652 8.36096 0.01 1 72 0
8281 302.798 8.30663 0.01 1 32 0
8297 306.51 8.09915 0.01 1 72 0
8300 300.702 8.37625 0.01 1 33 0
8338 300.702 8.37625 0.01 1 33 0
8401 300.702 8.37625 0.01 1 32 0
8411 306.652 8.36096 0.01 1 72 0
8476 300.702 8.2036 0.01 1 32 0
8516 316.971 7.65696 0.01 1 101 0
8582 316.971 7.68545 0.01 1 102 0
8595 308.135 8.07944 0.01 1 72 -0.000110477
8602 309.199 7.92661 0.01 1 72 0
8613 317.371 7.79693 0.01 1 100 0
8660 300.702 8.2036 0.01 1 32 0
8663 300.702 8.30663 0.01 1 33 0
8668 300.702 8.2036 0.01 1 33 0
8683 307.984 7.92101 0.01 1 72 0
8690 302.798 8.30663 0.01 1 33 0
8702 300.702 8.37625 0.01 1 33 0
8703 319.174 7.5877 0.01 1 100 0.0135221
8729 310.068 8.3573 0.01 1 72 0
8751 300.702 8.2036 0.01 1 32 0
8787 309.255 8.23498 0.01 1 72 0
8855 317.925 7.61457 0.01 1 101 0
8867 317.371 7.65696 0.01 1 100 0
8876 307.323 7.98291 0.01 1 72 0
8921 308.865 7.92332 0.01 1 72 0
8933 307.933 7.67745 0.01 1 72 0
8975 307.801 8.149 0.01 1 72 0
8987 301.905 8.30663 0.01 1 32 0
9037 318.111 7.61457 0.01 1 100 0
9057 300.702 8.30663 0.01 1 33 0
9067 300.702 8.49679 0.01 1 33 0
9072 300.702 8.49679 0.01 1 33 0
9089 309.007 8.08484 0.01 1 72 0
9106 308.747 8.04502 0.01 1 72 0.000757456
9156 299.906 8.30663 0.01 1 33 0
9159 300.286 8.30663 0.01 1 33 0
9193 307.933 7.67745 0.01 1 72 0
9200 308.056 8.08484 0.01 1 72 0
9204 303.519 8.30663 0.01 1 33 0
9205 317.459 7.52167 0.01 1 101 0
9221 299.044 8.2036 0.01 1 33 0
9256 310.853 7.64712 0.01 1 72 0.000283733
9297 309.308 8.08876 0.01 1 72 0
9336 300.186 8.37625 0.01 1 32 0
9361 308.578 7.89964 0.01 1 72 0
9388 300.702 8.30663 0.01 1 33 0
9442 300.702 8.2036 0.01 1 31 0
9461 317.371 7.65696 0.01 1 100 0
9467 307.087 7.97016 0.01 1 72 0
9469 318.568 7.48281 0.01 1 101 0
9524 317.459 7.52167 0.01 1 101 0
9545 300.777 8.1519 0.01 1 33 0
9549 300.702 8.37625 0.01 1 33 0
9561 317.371 7.65696 0.01 1 100 0
9566 300.702 8.42634 0.01 1 33 0
9600 300.702 8.30663 0.01 1 33 0
9628 300.777 8.1519 0.01 1 33 0
9676 309.843 7.82656 0.01 1 72 0
9700 316.971 7.68481 0.01 1 101 0
9739 307.323 7.98291 0.01 1 72 0
9785 317.144 7.68151 0.01 1 100 0
9791 300.702 8.37625 0.01 1 32 0
9873 308.264 8.41285 0.01 1 72 0
9878 311.749 8.31525 0.01 1 72 0.000236943
9888 308.462 8.04502 0.01 1 72 0
9891 300.702 8.30663 0.01 1 33 0
9899 308.462 8.08421 0.01 1 72 0
9904 317.218 7.61457 0.01 1 101 0
9906 302.798 8.30663 0.01 1 32 0
9974 309.308 8.08876 0.01 1 72 0
9987 307.549 7.76552 0.01 1 72 0
9991 303.829 8.17849 0.01 1 33 0
10012 301.346 8.30663 0.01 1 32 0
10042 300.702 8.2036 0.01 1 32 0
10046 300.702 8.30663 0.01 1 33 0
10050 316.917 7.61457 0.01 1 100 0
10089 307.179 8.0729 0.01 1 72 0
10095 300.702 8.14671 0.01 1 32 0
10121 316.971 7.59738 0.01 1 101 0
10125 300.286 8.30663 0.01 1 33 0
10130 300.702 8.2036 0.01 1 32 0
10146 300.702 8.2036 0.01 1 31 0
10157 300.702 8.34678 0.01 1 32 -0.000515327
10162 300.702 8.30663 0.01 1 33 0
10176 300.702 8.44522 0.01 1 33 0
10217 300.03 8.30663 0.01 1 33 0
10234 300.702 8.36165 0.01 1 33 0.00240444
10245 308.125 8.08876 0.01 1 72 0
10255 302.798 8.30663 0.01 1 33 0
10261 300.702 8.14671 0.01 1 31 0
10267 300.702 8.1664 0.01 1 33 0
10349 310.853 7.46234 0.01 1 72 0
10382 308.594 7.78974 0.01 1 72 0.00166783
10383 300.702 8.37625 0.01 1 33 0
10391 310.853 7.46234 0.01 1 72 0
10397 317.371 7.65696 0.01 1 100 0
10432 308.943 8.3607 0.01 1 72 0
10466 310.245 8.22103 0.01 1 72 0
10535 300.286 8.30663 0.01 1 33 0
10552 316.971 7.68114 0.01 1 101 0
10554 316.971 7.49972 0.01 1 101 -0.000595763
10597 300.702 8.2036 0.01 1 33 0
10613 300.702 8.2036 0.01 1 33 0
10691 300.286 8.30663 0.01 1 33 0
10699 308.943 8.3607 0.01 1 72 0
10721 317.144 7.68151 0.01 1 100 0
10788 308.178 8.07944 0.01 1 72 0
10823 308.462 8.04502 0.01 1 72 0
10879 308.943 8.3607 0.01 1 72 0
10895 300.702 8.2036 0.01 1 32 0
10907 300.702 8.07232 0.01 1 31 -0.00133044
10908 300.702 8.2036 0.01 1 31 0
10939 319.174 7.90565 0.01 1 100 0.00176248
10984 306.45 7.92101 0.01 1 72 0
10992 309.892 7.87122 0.01 1 72 0
11043 308.252 8.04502 0.01 1 72 0
11050 318.111 7.61457 0.01 1 100 0
11122 300.702 8.30663 0.01 1 33 0
11153 309.386 8.38877 0.01 1 72 0
11170 300.702 8.22771 0.01 1 33 -0.00139087
11186 300.286 8.27278 0.01 1 33 0
11209 300.702 8.2036 0.01 1 33 0
11210 306.871 7.88898 0.01 1 72 0
11225 308.943 8.3607 0.01 1 72 0
11243 300.702 8.1043 0.01 1 33 0
11294 300.702 8.2036 0.01 1 32 0
11306 308.178 8.07944 0.01 1 72 0
11308 310.091 8.04026 0.01 1 72 0
11314 300.03 8.30663 0.01 1 33 0
11351 300.702 8.11986 0.01 1 33 0
11382 316.917 7.61457 0.01 1 101 0
11390 300.594 8.36469 0.01 1 33 0.00101116
11411 300.702 8.30663 0.01 1 32 0
11412 316.971 7.68545 0.01 1 101 0
11424 308.578 7.89964 0.01 1 72 0
11451 300.702 8.30663 0.01 1 33 0
11505 300.702 8.2036 0.01 1 33 0
11518 316.971 7.65696 0.01 1 101 0
11571 300.702 8.45065 0.01 1 33 0
11591 300.702 8.30663 0.01 1 33 0
11593 316.971 7.68545 0.01 1 102 0
11628 300.702 8.2036 0.01 1 32 0
11632 309.591 7.98865 0.01 1 72 0
11663 300.702 8.22471 0.01 1 33 0
11683 318.666 7.56955 0.01 1 100 0
11748 306.51 8.09915 0.01 1 72 0
11750 305.778 8.09915 0.01 1 72 0
11772 318.105 7.61457 0.01 1 101 0
11781 300.702 8.30663 0.01 1 33 0
11812 308.462 8.08484 0.01 1 72 0
11813 318.568 7.59874 0.01 1 101 0
11845 308.462 8.04502 0.01 1 72 0
11855 299.044 8.2036 0.01 1 32 0
11868 308.943 8.3607 0.01 1 72 0
11884 300.702 8.37625 0.01 1 33 0
11923 309.785 8.45018 0.01 1 72 0
11938 300.702 8.2036 0.01 1 33 0
11958 317.459 7.52167 0.01 1 101 0
11997 318.111 7.61457 0.01 1 100 0
12011 300.702 8.30663 0.01 1 33 0
12022 308.462 8.04502 0.01 1 72 0
12060 300.186 8.37625 0.01 1 33 0
12064 300.594 8.30663 0.01 1 33 0
12164 300.702 8.2036 0.01 1 32 0
12168 317.925 7.61457 0.01 1 101 0
12304 318.111 7.61457 0.01 1 100 0
12307 300.702 8.2036 0.01 1 32 0
12350 308.462 8.04502 0.01 1 72 0
12389 300.702 8.1043 0.01 1 32 0
12488 308.056 8.08484 0.01 1 72 0
12490 317.371 7.65696 0.01 1 100 0
12495 310.091 7.78974 0.01 1 72 0
12532 316.971 7.68545 0.01 1 101 0
12547 300.702 8.49679 0.01 1 33 0
12560 318.111 7.61457 0.01 1 101 0
12561 317.371 7.68584 0.01 1 100 0
12568 300.702 8.30663 0.01 1 33 0
12626 300.702 8.2036 0.01 1 33 0
12630 300.702 8.2036 0.01 1 33 0
12644 300.286 8.30663 0.01 1 33 0
12652 317.109 7.68545 0.01 1 101 0
12667 307.323 7.87796 0.01 1 72 0
12702 300.594 8.30663 0.01 1 32 0
12738 300.702 8.37625 0.01 1 33 0
12800 300.702 8.14671 0.01 1 33 0
12837 317.218 7.61457 0.01 1 100 0
12839 309.843 7.82656 0.01 1 72 0
12844 302.798 8.30663 0.01 1 32 0
12861 300.702 8.30663 0.01 1 33 0
12919 309.843 7.82656 0.01 1 72 0
12936 300.702 8.2036 0.01 1 32 0
12961 300.03 8.30663 0.01 1 33 0
12981 309.843 7.82656 0.01 1 72 0
12998 310.255 8.13076 0.01 1 72 0
13018 307.922 8.3607 0.01 1 72 -0.00164042
13051 307.087 7.97016 0.01 1 72 0
13059 317.218 7.61457 0.01 1 100 0
13073 300.286 8.30663 0.01 1 33 0
13097 302.798 8.30663 0.01 1 31 0
13134 307.361 7.68693 0.01 1 72 0
13147 308.178 8.07944 0.01 1 72 0
13244 300.702 8.37625 0.01 1 33 0
13248 317.218 7.61457 0.01 1 100 0
13268 308.578 7.89964 0.01 1 72 0
13289 300.702 8.45065 0.01 1 33 0
13301 317.218 7.61457 0.01 1 100 0
13312 300.702 8.63296 0.01 1 32 0.00562659
13377 300.702 8.14671 0.01 1 32 0
13407 308.178 8.07944 0.01 1 72 0
13511 310.853 7.46234 0.01 1 72 0
13514 300.702 8.14671 0.01 1 33 0
13518 309.694 8.37296 0.01 1 72 -0.000677586
13573 300.702 8.14671 0.01 1 33 0
13578 300.702 8.2036 0.01 1 33 0
13599 309.386 8.38877 0.01 1 72 0
13639 300.702 8.28058 0.01 1 32 0
13708 300.702 8.30663 0.01 1 33 0
13722 300.702 8.30663 0.01 1 33 0
13734 300.702 8.2036 0.01 1 33 0
13772 311.123 8.45689 0.01 1 72 0
13784 316.356 7.68545 0.01 1 102 0
13813 300.702 8.28058 0.01 1 33 0
13828 300.702 8.2036 0.01 1 32 0
13835 318.568 7.61457 0.01 1 100 0
13875 300.702 8.30663 0.01 1 32 0
13882 318.666 7.56955 0.01 1 100 0
13903 300.702 8.2036 0.01 1 32 0
13905 302.762 8.2036 0.01 1 33 0
13935 318.111 7.61457 0.01 1 100 0
13953 300.702 8.30663 0.01 1 33 0
14056 300.702 8.30663 0.01 1 33 0
14094 300.702 8.37625 0.01 1 32 0
14111 307.984 7.92101 0.01 1 72 0
14117 300.702 8.2036 0.01 1 33 0
14152 299.367 8.37625 0.01 1 33 0
14186 302.798 8.30663 0.01 1 32 0
14222 300.702 8.14671 0.01 1 31 0
14232 318.111 7.5877 0.01 1 100 0
14233 300.702 8.30663 0.01 1 33 0
14250 301.346 8.30663 0.01 1 33 0
14290 303.519 8.30663 0.01 1 33 0
14304 310.091 7.78974 0.01 1 72 0
14306 316.971 7.68481 0.01 1 101 0
14318 306.51 8.09915 0.01 1 72 0
14322 300.702 8.37625 0.01 1 33 0
14335 307.087 7.97016 0.01 1 72 0
14351 316.356 7.68545 0.01 1 102 0
14364 310.475 8.05025 0.01 1 72 0
14421 308.462 8.14924 0.01 1 72 0
14428 307.323 7.98291 0.01 1 72 0
14439 307.342 8.3322 0.01 1 72 0
14452 302.762 8.2036 0.01 1 33 0
14493 307.361 7.68693 0.01 1 72 0
14521 306.365 8.25941 0.01 1 72 0
14564 318.911 7.5128 0.01 1 100 0
14585 307.323 7.98291 0.01 1 72 0
14599 317.892 7.56955 0.01 1 100 0
14611 308.578 7.89964 0.01 1 72 0
14618 300.702 8.28058 0.01 1 33 0
14655 318.568 7.48281 0.01 1 101 0
14669 300.747 8.37625 0.01 1 33 0
14672 317.892 7.56955 0.01 1 100 0
14674 300.702 8.2036 0.01 1 33 0
14725 308.462 8.14924 0.01 1 72 0
14739 300.702 8.37625 0.01 1 31 0
14751 300.702 8.2036 0.01 1 32 0
14811 300.702 8.2036 0.01 1 31 0
14836 316.971 7.68545 0.01 1 102 0
14918 311.433 8.05025 0.01 1 72 0
14954 300.702 8.37625 0.01 1 33 0
14974 300.702 8.37625 0.01 1 33 0
14977 308.578 7.89964 0.01 1 72 0
14994 307.549 7.76552 0.01 1 72 0
15013 300.702 8.47605 0.01 1 31 0
15042 300.702 8.47605 0.01 1 33 0
15053 300.702 8.2036 0.01 1 33 0
15081 300.702 8.28058 0.01 1 32 0
15095 306.911 7.92101 0.01 1 72 0
15119 300.702 8.2036 0.01 1 33 0
15122 300.702 8.37625 0.01 1 33 0
15133 300.702 8.30663 0.01 1 32 0
15143 300.702 8.14671 0.01 1 33 0
15174 308.025 8.08947 0.01 1 72 0
15179 308.943 8.3607 0.01 1 72 0
15213 307.899 8.16633 0.01 1 72 0
15245 300.702 8.14671 0.01 1 31 0
15256 318.568 7.59874 0.01 1 100 0
15296 300.702 8.30663 0.01 1 33 0
15401 316.971 7.49972 0.01 1 101 0
15439 300.702 8.2036 0.01 1 32 0
15445 300.702 8.2036 0.01 1 32 0
15451 300.286 8.30663 0.01 1 33 0
15511 302.798 8.30663 0.01 1 32 0
15515 300.702 8.2036 0.01 1 32 0
15545 316.356 7.68545 0.01 1 102 0
15547 300.702 8.30663 0.01 1 33 0
15588 302.798 8.30663 0.01 1 33 0
15621 306.871 7.7609 0.01 1 72 0
15625 316.971 7.65696 0.01 1 101 0
15694 316.971 7.49972 0.01 1 101 0
15775 307.273 8.01395 0.01 1 72 0
15812 300.702 8.37625 0.01 1 33 0
15814 316.741 7.68545 0.01 1 100 0
15836 299.044 8.2036 0.01 1 32 0
15846 307.558 8.14244 0.01 1 72 0
15857 300.702 8.2023 0.01 1 32 -2.30968e-05
15899 300.702 8.47605 0.01 1 31 0
15909 317.218 7.61457 0.01 1 100 0
15924 308.462 8.04502 0.01 1 72 0
15932 317.488 7.59874 0.01 1 100 0
15935 310.937 7.97853 0.01 1 72 0
15997 308.125 8.08876 0.01 1 72 0
16007 306.652 8.36096 0.01 1 72 0
16037 300.702 8.37625 0.01 1 32 0
16052 310.091 7.78974 0.01 1 72 0
16054 300.702 8.32289 0.01 1 33 0
16056 310.255 8.13076 0.01 1 72 0
16059 300.702 8.37625 0.01 1 33 0
16067 316.917 7.61457 0.01 1 101 0
16127 308.72 7.92011 0.01 1 72 0
16149 300.702 8.30663 0.01 1 33 0
16224 308.647 8.00936 0.01 1 72 0
16237 308.125 8.08876 0.01 1 72 0
16285 300.702 8.2036 0.01 1 32 0
16294 317.218 7.61457 0.01 1 101 0
16331 300.594 8.30663 0.01 1 32 0
16332 300.702 8.30663 0.01 1 33 0
16351 310.853 7.64712 0.01 1 72 0
16356 300.702 8.2036 0.01 1 33 0
16357 300.702 8.30663 0.01 1 33 0
16358 300.702 8.2036 0.01 1 32 0
16375 318.111 7.61457 0.01 1 100 0
16395 308.943 8.3607 0.01 1 72 0
16397 317.138 7.61457 0.01 1 100 0
16415 316.356 7.68545 0.01 1 102 0
16482 308.943 8.3607 0.01 1 72 0
16493 307.984 7.93825 0.01 1 72 0
16575 317.371 7.65696 0.01 1 100 0
16634 300.702 8.37625 0.01 1 33 0
16647 320.301 7.84283 0.01 1 100 0
16741 300.702 8.2036 0.01 1 32 0
16751 300.702 8.30663 0.01 1 33 0
16767 316.7 7.68481 0.01 1 101 0.00946719
16841 307.984 7.92101 0.01 1 72 0
16916 315.851 7.59874 0.01 1 100 0
16953 300.702 8.2036 0.01 1 32 0
16963 306.51 8.09915 0.01 1 72 0
16978 300.702 8.37625 0.01 1 33 0
16983 309.591 7.98865 0.01 1 72 0
17009 307.361 7.68693 0.01 1 72 0
17010 317.218 7.61457 0.01 1 101 0
17031 317.459 7.52167 0.01 1 101 0
17033 308.445 7.59136 0.01 1 72 0
17035 318.568 7.56783 0.01 1 100 0
17053 300.702 8.36136 0.01 1 33 0
17110 300.702 8.2036 0.01 1 33 0
17160 300.702 8.2036 0.01 1 33 0
17180 309.255 8.23498 0.01 1 72 0
17212 316.971 7.68545 0.01 1 101 0
17215 300.702 8.30663 0.01 1 33 0
17219 300.702 8.2036 0.01 1 33 0
17220 317.371 7.65696 0.01 1 101 0
17282 300.702 8.2036 0.01 1 32 0
17288 300.702 8.37625 0.01 1 33 0
17403 308.647 8.00936 0.01 1 72 0
17431 300.702 8.2036 0.01 1 33 0
17450 310.312 8.04502 0.01 1 72 -0.00177005
17488 309.007 8.08484 0.01 1 72 0
17498 309.843 7.90787 0.01 1 72 0
17501 316.971 7.68545 0.01 1 102 0
17529 300.702 8.30663 0.01 1 33 0
17563 316.356 7.68545 0.01 1 102 0
17568 300.702 8.2036 0.01 1 32 0
17570 300.702 8.30663 0.01 1 33 0
17621 318.666 7.56955 0.01 1 100 0
17653 308.943 8.3607 0.01 1 72 0
17671 300.702 8.30663 0.01 1 33 0
17703 316.917 7.61457 0.01 1 100 0
17741 300.702 8.37625 0.01 1 33 0
17743 299.974 8.44522 0.01 1 33 0
17814 300.594 8.30663 0.01 1 33 0
17834 317.371 7.65696 0.01 1 101 0
17928 300.702 8.37625 0.01 1 32 0
17946 300.702 8.2036 0.01 1 32 0
17972 307.323 7.98291 0.01 1 72 0
17974 300.702 8.2036 0.01 1 32 0
18011 318.568 7.48281 0.01 1 100 0
18029 300.702 8.2036 0.01 1 33 0
18058 316.971 7.68545 0.01 1 101 0
18086 316.971 7.65696 0.01 1 102 0
18120 307.323 7.98291 0.01 1 72 0
18129 316.971 7.65696 0.01 1 101 0
18161 300.702 8.2036 0.01 1 31 0
18173 300.03 8.30663 0.01 1 31 0
18184 300.702 8.28058 0.01 1 32 0
18198 309.656 8.69541 0.01 1 72 0
18200 318.568 7.56783 0.01 1 100 0
18224 317.371 7.79693 0.01 1 100 0.00146537
18270 318.568 7.61457 0.01 1 100 0
18312 308.462 8.14924 0.01 1 72 0
18350 317.218 7.61457 0.01 1 101 0
18404 300.702 8.30663 0.01 1 33 0
18422 317.144 7.68151 0.01 1 100 0
18454 300.702 8.2023 0.01 1 32 0
18548 300.186 8.37625 0.01 1 33 0
18552 311.178 7.94945 0.01 1 72 0
18571 316.356 7.68545 0.01 1 102 0
18572 316.971 7.68545 0.01 1 100 0
18577 300.702 8.37525 0.01 1 32 0.00120258
18594 300.702 8.2036 0.01 1 32 0
18660 316.971 7.65696 0.01 1 101 0
18682 300.702 8.47605 0.01 1 33 0
18691 309.884 8.07944 0.01 1 72 0
18695 300.702 8.2036 0.01 1 33 0
18707 300.702 8.30663 0.01 1 33 0
18751 300.286 8.30663 0.01 1 33 0
18770 318.666 7.56955 0.01 1 100 0
18771 316.971 7.54334 0.01 1 101 0
18821 307.323 7.98291 0.01 1 72 0
18826 300.702 8.49679 0.01 1 32 0
18869 318.568 7.61457 0.01 1 100 0
18892 311.749 8.22103 0.01 1 72 0
18923 308.578 7.89964 0.01 1 72 0
18972 308.943 8.3607 0.01 1 72 0
18977 300.702 8.14671 0.01 1 33 0
18985 300.702 8.37625 0.01 1 33 0
18997 300.286 8.30663 0.01 1 33 0
19002 310.068 8.36292 0.01 1 72 0
19004 307.933 7.67745 0.01 1 72 0
19047 307.933 7.60574 0.01 1 72 0
19072 300.702 8.33459 0.01 1 32 0
19100 310.091 7.78974 0.01 1 72 0
19170 298.524 8.30119 0.01 1 33 0
19196 306.27 8.0729 0.01 1 72 0
19201 300.286 8.30663 0.01 1 33 0
19214 300.702 8.30663 0.01 1 33 0
19224 302.762 8.2036 0.01 1 32 -0.0255932
19235 310.091 8.04026 0.01 1 72 0
19251 307.273 8.05225 0.01 1 72 0
19252 300.03 8.30663 0.01 1 33 0
19269 300.702 8.37625 0.01 1 31 0
19328 317.371 7.65696 0.01 1 100 0
19339 308.943 8.3607 0.01 1 72 0
19348 300.702 8.30663 0.01 1 33 0
19356 300.702 8.37625 0.01 1 33 0
19367 310.937 7.97853 0.01 1 72 0
19379 300.702 8.2036 0.01 1 33 0
19413 311.551 7.94945 0.01 1 72 0
19470 300.702 8.30663 0.01 1 33 0
19482 310.475 8.12406 0.01 1 72 0
19539 300.767 8.30663 0.01 1 33 0
19618 300.702 8.37625 0.01 1 33 0
19687 300.702 8.36349 0.01 1 33 0
19702 308.125 8.08876 0.01 1 72 0
19779 310.068 8.3607 0.01 1 72 0
19783 308.578 7.89964 0.01 1 72 0
19787 307.801 8.149 0.01 1 72 0
19807 300.702 8.2036 0.01 1 33 0
19856 307.933 7.67745 0.01 1 72 0
19877 300.702 8.37625 0.01 1 33 0
19904 300.702 8.30663 0.01 1 33 0
19924 318.568 7.39317 0.01 1 100 0
19925 307.261 8.02668 0.01 1 72 0
19965 308.252 8.04502 0.01 1 72 0
19972 306.51 8.21121 0.01 1 72 0.000242963
20017 308.943 8.3607 0.01 1 72 0
20023 308.125 8.08876 0.01 1 72 0
20029 310.068 8.3607 0.01 1 72 0
20046 307.261 8.02668 0.01 1 72 0
20061 300.702 8.49679 0.01 1 32 0
20065 317.371 7.65696 0.01 1 101 0
20100 300.702 8.30663 0.01 1 32 0
20103 317.798 7.68481 0.01 1 100 0
20104 300.594 8.30663 0.01 1 33 0
20143 307.323 7.98291 0.01 1 72 0
20155 300.286 8.30663 0.01 1 33 0
20163 318.568 7.48281 0.01 1 101 0
20165 316.455 7.68545 0.01 1 101 0
20217 300.702 8.37625 0.01 1 33 0
20263 300.702 8.30663 0.01 1 33 0
20302 318.568 7.59874 0.01 1 100 0
20312 318.111 7.67197 0.01 1 100 0.000497669
20375 311.224 7.94945 0.01 1 72 0
20405 310.937 7.97853 0.01 1 72 0
20409 318.105 7.61457 0.01 1 101 0
20411 307.323 7.98291 0.01 1 72 0
20415 318.111 7.61457 0.01 1 100 0
20451 300.702 8.37625 0.01 1 33 0
20464 300.702 8.30663 0.01 1 32 0
20517 300.702 8.37625 0.01 1 33 0
20527 316.971 7.68545 0.01 1 102 0
20532 310.475 8.05025 0.01 1 72 0
20542 300.702 8.37625 0.01 1 33 0
20551 310.619 8.2817 0.01 1 72 0
20553 300.702 8.14671 0.01 1 33 0
20565 308.125 8.08876 0.01 1 72 0
20604 317.144 7.68151 0.01 1 100 0
20641 309.101 8.10841 0.01 1 72 0
20672 316.971 7.54943 0.01 1 102 0
20775 300.702 8.2036 0.01 1 33 0
20799 318.568 7.56783 0.01 1 100 0
20840 300.702 8.37625 0.01 1 33 0
20849 300.533 8.30663 0.01 1 33 0.00221397
20865 309.199 7.92661 0.01 1 72 0
20880 316.917 7.61457 0.01 1 101 0
20881 300.594 8.30663 0.01 1 33 0
20890 300.702 8.37625 0.01 1 33 0
20897 300.702 8.14671 0.01 1 33 0
20899 300.702 8.30663 0.01 1 33 0
20987 300.702 8.36165 0.01 1 33 0
20993 300.702 8.14671 0.01 1 33 0
21009 307.323 8.03316 0.01 1 72 0
21023 309.326 8.00324 0.01 1 72 0
21076 301.905 8.30663 0.01 1 33 0
21094 300.702 8.37625 0.01 1 33 0
21129 307.899 8.16633 0.01 1 72 0
21138 300.702 8.30663 0.01 1 33 0
21177 309.148 7.94945 0.01 1 72 0
21185 300.702 8.14479 0.01 1 33 0
21202 306.652 8.36096 0.01 1 72 0
21222 311.551 7.94945 0.01 1 72 0
21224 307.549 7.76552 0.01 1 72 0
21251 307.558 8.14244 0.01 1 72 0
21279 309.199 7.92661 0.01 1 72 0
21303 317.218 7.61457 0.01 1 101 0
21331 309.34 8.07055 0.01 1 72 0
21333 308.252 8.23491 0.01 1 72 3.89516e-05
21342 307.984 7.92101 0.01 1 72 0
21343 316.971 7.68481 0.01 1 101 0
21391 316.971 7.68545 0.01 1 101 0
21402 317.218 7.61457 0.01 1 101 0
21420 308.647 7.9087 0.01 1 72 0
21441 300.702 8.30663 0.01 1 33 0
21484 300.702 8.2036 0.01 1 32 0
21524 301.905 8.30663 0.01 1 32 0
21597 307.323 7.98291 0.01 1 72 0
21603 308.943 8.3607 0.01 1 72 0
21627 309.694 8.37296 0.01 1 72 0
21659 300.03 8.30663 0.01 1 33 0
21669 302.762 8.2036 0.01 1 33 0
21697 307.323 7.98291 0.01 1 72 0
21717 306.303 7.92101 0.01 1 72 0
21731 307.186 8.10682 0.01 1 72 0
21766 300.702 8.14671 0.01 1 32 0
21768 316.094 7.65696 0.01 1 100 0
21801 308.419 7.78974 0.01 1 72 0
21829 317.144 7.68151 0.01 1 100 0
21852 307.558 8.14244 0.01 1 72 0
21873 318.111 7.5877 0.01 1 100 0
21892 300.702 8.14671 0.01 1 31 0
21921 300.702 8.14671 0.01 1 31 0
21930 300.702 8.49679 0.01 1 33 0
21933 302.798 8.30663 0.01 1 33 0
21945 309.909 7.94945 0.01 1 72 0
21969 300.702 8.14671 0.01 1 33 0
21978 316.971 7.49972 0.01 1 101 0
21993 310.068 8.3607 0.01 1 72 0
22006 308.054 8.16633 0.01 1 72 0
22100 300.702 8.2036 0.01 1 31 0
22138 300.702 8.2036 0.01 1 33 0
22159 309.049 8.1171 0.01 1 72 0
22202 302.798 8.30663 0.01 1 31 0
22205 300.702 8.30663 0.01 1 33 0
22234 300.702 8.37625 0.01 1 33 0
22243 318.568 7.56783 0.01 1 100 0
22324 300.702 8.30663 0.01 1 33 0
22384 318.112 7.61457 0.01 1 100 0
22400 307.899 8.16633 0.01 1 72 0
22475 300.702 8.37625 0.01 1 33 0
22489 317.371 7.71981 0.01 1 101 0
22507 300.702 8.45065 0.01 1 33 0
22548 310.642 8.20363 0.01 1 72 -0.000598609
22564 300.702 8.2036 0.01 1 31 0
22567 300.702 8.37625 0.01 1 33 0
22571 300.702 8.30663 0.01 1 33 0
22583 300.702 8.37625 0.01 1 33 0
22603 300.702 8.34678 0.01 1 32 0
22621 300.702 8.30663 0.01 1 33 0
22640 300.702 8.30663 0.01 1 33 0
22647 300.702 8.2036 0.01 1 33 0
22667 307.558 8.14244 0.01 1 72 0
22673 316.971 7.68545 0.01 1 102 0
22704 317.109 7.68545 0.01 1 101 0
22742 311.433 8.05025 0.01 1 72 0
22821 317.925 7.61401 0.01 1 100 0
22883 318.111 7.5877 0.01 1 100 0
23022 317.218 7.61457 0.01 1 100 0
23045 300.702 8.2023 0.01 1 32 0
23054 300.702 8.33459 0.01 1 32 -0.000728928
23098 317.371 7.65696 0.01 1 101 0
23102 300.702 8.37625 0.01 1 32 0
23105 308.462 8.14924 0.01 1 72 0
23157 300.702 8.30663 0.01 1 33 0
23230 309.199 7.92661 0.01 1 72 0
23238 300.702 8.30663 0.01 1 33 0
23241 299.405 8.26366 0.01 1 33 0
23282 307.933 7.67745 0.01 1 72 0
23307 316.971 7.68545 0.01 1 102 0
23316 308.462 8.04502 0.01 1 72 0
23339 300.594 8.30663 0.01 1 33 0
23351 307.801 8.149 0.01 1 72 0
23355 300.702 8.2036 0.01 1 33 0
23359 307.801 8.149 0.01 1 72 0
23400 317.218 7.61457 0.01 1 101 0
23405 311.433 8.05025 0.01 1 72 0
23433 300.702 8.44522 0.01 1 33 0
23435 300.286 8.30663 0.01 1 33 0
23447 300.702 8.30663 0.01 1 33 0
23495 300.702 8.37625 0.01 1 32 0
23511 300.702 8.2036 0.01 1 33 0
23615 316.971 7.68545 0.01 1 101 0
23622 307.984 7.92101 0.01 1 72 0
23689 316.971 7.68545 0.01 1 101 0
23702 316.971 7.68545 0.01 1 100 0
23728 300.702 8.30663 0.01 1 33 0
23730 306.652 8.36096 0.01 1 72 0
23750 300.702 8.30663 0.01 1 33 0
23805 318.111 7.73764 0.01 1 100 0
23807 300.702 8.30663 0.01 1 33 0
23811 300.702 8.32289 0.01 1 33 0
23853 300.702 8.30663 0.01 1 33 0
23854 300.702 8.30663 0.01 1 33 0
23883 307.698 8.31976 0.01 1 72 0
23899 300.702 8.2036 0.01 1 32 0
23966 300.702 8.37625 0.01 1 33 0
23981 300.702 8.14671 0.01 1 33 0
24037 300.702 8.30663 0.01 1 33 0
24047 299.044 8.2036 0.01 1 32 0
24078 307.899 8.16633 0.01 1 72 0
24104 315.851 7.59874 0.01 1 100 -0.0250933
24107 310.091 7.78974 0.01 1 72 0
24125 300.702 8.37625 0.01 1 32 0
24130 317.371 7.68584 0.01 1 100 0
24132 307.361 7.68693 0.01 1 72 0
24133 307.323 7.98291 0.01 1 72 0
24185 300.702 8.30663 0.01 1 33 0
24207 300.702 8.30663 0.01 1 32 0
24212 318.111 7.5877 0.01 1 100 0
24229 308.178 8.07944 0.01 1 72 0
24240 316.971 7.68545 0.01 1 101 0
24249 300.702 8.14671 0.01 1 33 0
24313 300.702 8.2036 0.01 1 33 0
24359 300.702 8.30663 0.01 1 33 0
24381 300.594 8.30663 0.01 1 33 0
24441 300.702 8.2036 0.01 1 32 0
24452 300.702 8.14671 0.01 1 31 0
24455 316.455 7.68545 0.01 1 100 0
24469 308.943 8.3607 0.01 1 72 0
24478 300.702 8.14671 0.01 1 33 0
24498 307.361 7.68693 0.01 1 72 0
24504 307.922 8.3607 0.01 1 72 0
24524 307.984 7.92101 0.01 1 72 0
24613 300.702 8.2036 0.01 1 33 0
24626 300.702 8.2036 0.01 1 32 0
24694 307.323 7.98291 0.01 1 72 0
24701 310.255 8.23153 0.01 1 72 0
24708 318.111 7.5877 0.01 1 100 0
24724 300.692 8.37625 0.01 1 33 0.000131488
24726 300.702 8.2036 0.01 1 32 0
24766 300.702 8.14671 0.01 1 31 0
24830 300.702 8.30663 0.01 1 33 0
24858 310.255 8.13076 0.01 1 72 0
24883 318.111 7.5877 0.01 1 100 0
24885 308.252 8.0832 0.01 1 72 8.06153e-06
24895 307.549 7.76552 0.01 1 72 0
24914 300.702 8.14671 0.01 1 32 0
24918 310.511 8.1171 0.01 1 72 0
24984 316.977 7.68545 0.01 1 100 0
25008 318.111 7.5877 0.01 1 100 0
25048 310.091 7.78974 0.01 1 72 0
25056 310.255 8.32817 0.01 1 72 0
25113 300.702 8.27506 0.01 1 33 -0.0017686
25120 300.286 8.30663 0.01 1 33 0
25142 318.568 7.61457 0.01 1 100 0
25151 309.591 7.98865 0.01 1 72 0
25163 309.694 8.37296 0.01 1 72 0
25171 300.702 8.34678 0.01 1 32 0
25203 309.255 8.26389 0.01 1 72 0
25207 309.884 8.07944 0.01 1 72 0
25246 300.702 8.2036 0.01 1 32 0
25298 308.647 7.9087 0.01 1 72 0
25311 317.218 7.61457 0.01 1 101 0
25395 307.323 7.98291 0.01 1 72 0
25421 300.702 8.28058 0.01 1 33 0
25435 317.459 7.52167 0.01 1 101 0
25445 317.218 7.61457 0.01 1 101 0
25511 307.558 8.14244 0.01 1 72 0
25558 300.702 8.37625 0.01 1 33 0
25576 300.702 8.30663 0.01 1 33 0
25616 308.943 8.3607 0.01 1 72 0
25625 318.568 7.48281 0.01 1 100 0
25640 316.971 7.71513 0.01 1 101 0.000756517
25657 300.702 8.1043 0.01 1 33 0
25658 308.943 8.3607 0.01 1 72 0
25689 300.702 8.30663 0.01 1 33 0
25710 300.702 8.2036 0.01 1 32 0
25731 309.255 8.23498 0.01 1 72 0
25741 318.568 7.48281 0.01 1 101 0
25765 308.125 8.08876 0.01 1 72 0
25770 308.462 8.08484 0.01 1 72 0
25843 300.702 8.30663 0.01 1 33 0
25861 300.702 8.36165 0.01 1 33 0
25895 310.091 8.04026 0.01 1 72 0
25898 300.286 8.30663 0.01 1 32 0
25940 300.702 8.30663 0.01 1 33 0
25952 308.943 8.3607 0.01 1 72 0
25956 309.386 8.38877 0.01 1 72 0
25979 309.386 8.38877 0.01 1 72 0
26012 318.568 7.56783 0.01 1 100 0
26056 302.798 8.30663 0.01 1 31 0
26118 300.702 8.34678 0.01 1 32 0
26165 300.702 8.1519 0.01 1 33 0
26179 309.909 7.94945 0.01 1 72 0
26292 300.702 8.49679 0.01 1 33 0
26409 300.702 8.36136 0.01 1 33 0
26414 316.971 7.68545 0.01 1 101 0
26462 310.255 8.13076 0.01 1 72 0
26515 317.218 7.69543 0.01 1 101 0.00100961
26518 317.371 7.65696 0.01 1 100 0
26522 302.825 8.1043 0.01 1 33 -0.0250111
26526 307.984 7.92101 0.01 1 72 0
26548 300.286 8.30663 0.01 1 32 0
26556 300.702 8.2036 0.01 1 33 0
26562 300.702 8.2036 0.01 1 33 0
26571 316.971 7.68545 0.01 1 100 0
26600 308.72 7.92011 0.01 1 72 0
26609 300.702 8.2036 0.01 1 33 0
26677 300.702 8.09192 0.01 1 33 -0.00200084
26725 316.356 7.68545 0.01 1 102 0
26819 309.591 7.98865 0.01 1 72 0
26823 307.273 8.01395 0.01 1 72 0
26843 318.105 7.61457 0.01 1 101 0
26865 316.356 7.68545 0.01 1 102 0
26912 308.578 7.89964 0.01 1 72 0
26936 308.578 7.89964 0.01 1 72 0
26944 310.853 7.64712 0.01 1 72 0
27005 309.893 8.13513 0.01 1 72 0
27043 317.371 7.68584 0.01 1 100 0
27111 300.702 8.2036 0.01 1 33 0
27214 307.323 7.98291 0.01 1 72 0
27240 300.702 8.37625 0.01 1 33 0
27252 310.091 7.78974 0.01 1 72 0
27280 300.702 8.45065 0.01 1 33 0
27308 300.702 8.37625 0.01 1 33 0
27341 299.044 8.2036 0.01 1 32 0
27357 300.702 8.11986 0.01 1 33 0
27377 310.091 7.78974 0.01 1 72 0
27498 301.011 8.2036 0.01 1 32 -0.0038082
27500 316.971 7.68545 0.01 1 101 0
27617 306.594 8.29366 0.01 1 72 0
27639 300.702 8.37625 0.01 1 33 0
27667 308.462 8.04502 0.01 1 72 0
27707 316.971 7.68545 0.01 1 102 0
27737 317.144 7.74992 0.01 1 101 0
27779 317.371 7.65696 0.01 1 100 0
27781 308.943 8.3607 0.01 1 72 0
27818 299.367 8.37625 0.01 1 33 0.0180337
27827 316.977 7.68545 0.01 1 100 0
27853 318.568 7.48281 0.01 1 100 0
27881 302.798 8.30663 0.01 1 31 0
27904 308.213 7.92101 0.01 1 72 0
27992 307.261 8.1521 0.01 1 72 0
28010 307.323 7.98291 0.01 1 72 0
28015 300.702 8.47605 0.01 1 33 0
28017 309.591 8.07159 0.01 1 72 0
28021 300.702 8.2036 0.01 1 33 0
28141 317.371 7.65696 0.01 1 100 0
28145 300.777 8.1519 0.01 1 33 -0.00096938
28146 317.459 7.56955 0.01 1 100 0
28153 299.044 8.2036 0.01 1 32 0
28203 308.943 8.3607 0.01 1 72 0
28212 300.702 8.44522 0.01 1 33 0
28220 300.702 8.37625 0.01 1 33 0
28274 308.462 8.04502 0.01 1 72 0
28278 308.252 8.04502 0.01 1 72 0
28336 308.72 7.92011 0.01 1 72 0
28342 307.984 7.93825 0.01 1 72 0
28429 307.342 8.3322 0.01 1 72 0
28486 309.199 7.92661 0.01 1 72 0
28507 300.702 8.2036 0.01 1 32 0
28519 300.702 8.30663 0.01 1 33 0
28523 300.702 8.30663 0.01 1 33 0
28579 310.068 8.36292 0.01 1 72 0
28583 300.702 8.2036 0.01 1 31 0
28587 309.199 7.92661 0.01 1 72 0
28658 300.702 8.37625 0.01 1 33 0
28662 307.801 8.149 0.01 1 72 0
28673 299.044 8.2036 0.01 1 32 0
28683 311.433 8.05025 0.01 1 72 0
28691 308.647 7.9087 0.01 1 72 0
28720 300.702 8.30663 0.01 1 33 0
28762 298.524 8.30119 0.01 1 32 0
28772 300.702 8.2036 0.01 1 32 0
28821 300.702 8.37625 0.01 1 31 0
28843 310.315 7.94945 0.01 1 72 0
28849 300.594 8.30663 0.01 1 33 0
28853 308.252 8.04502 0.01 1 72 0
28914 300.702 8.2036 0.01 1 33 0
28962 308.125 8.08876 0.01 1 72 0
28992 308.462 8.14924 0.01 1 72 0
29003 300.702 8.37625 0.01 1 33 0
29054 299.044 8.2036 0.01 1 32 0
29058 300.702 8.2036 0.01 1 33 0
29079 316.971 7.68481 0.01 1 101 0
29082 300.594 8.30663 0.01 1 33 0
29113 308.943 8.3607 0.01 1 72 0
29131 317.488 7.59874 0.01 1 100 0
29142 310.475 8.05025 0.01 1 72 0
29271 316.455 7.68545 0.01 1 100 0
29291 317.218 7.61457 0.01 1 101 0
29295 307.933 7.67745 0.01 1 72 0
29298 307.984 7.92101 0.01 1 72 0
29302 308.252 8.04502 0.01 1 72 0
29309 308.578 7.89964 0.01 1 72 0
29329 300.702 8.14671 0.01 1 32 0
29336 300.702 8.45065 0.01 1 33 0
29362 300.702 8.37625 0.01 1 32 0
29482 309.591 8.07159 0.01 1 72 0
29497 300.702 8.1664 0.01 1 32 0
29523 316.971 7.68545 0.01 1 102 0
29544 317.371 7.65696 0.01 1 100 0
29551 309.326 8.00324 0.01 1 72 0
29567 316.971 7.68481 0.01 1 101 0
29576 300.702 8.2023 0.01 1 32 0
29581 318.568 7.56783 0.01 1 100 0
29597 299.044 8.2036 0.01 1 32 0
29604 318.111 7.61457 0.01 1 101 0
29607 317.892 7.56955 0.01 1 100 0
29616 305.778 8.09915 0.01 1 72 0
29640 300.702 8.49679 0.01 1 33 0
29643 310.937 8.07644 0.01 1 72 0.000137061
29654 308.943 8.3607 0.01 1 72 0
29728 316.971 7.54943 0.01 1 102 0
29746 300.702 8.47605 0.01 1 33 0
29768 300.702 8.37625 0.01 1 32 0
29796 299.044 8.2036 0.01 1 32 0
29797 316.971 7.68114 0.01 1 101 0
29799 300.777 8.1519 0.01 1 33 0
29809 309.909 7.94945 0.01 1 72 0
29868 310.32 7.82656 0.01 1 72 0
29881 300.702 8.30663 0.01 1 32 0
29894 300.702 8.37625 0.01 1 33 0
29903 300.702 8.30663 0.01 1 33 0
29932 300.702 8.30663 0.01 1 33 0
29981 308.865 7.97723 0.01 1 72 0
29995 308.943 8.3607 0.01 1 72 0
30019 307.899 8.16633 0.01 1 72 0
30023 300.702 8.14671 0.01 1 33 0
30059 300.702 8.30663 0.01 1 32 0
30105 310.091 7.78974 0.01 1 72 0
30134 311.224 7.94945 0.01 1 72 0
30157 300.702 8.37625 0.01 1 33 0
30166 300.702 8.37625 0.01 1 33 0
30181 309.308 8.08876 0.01 1 72 0
30187 307.323 7.98291 0.01 1 72 0
30198 300.702 8.14671 0.01 1 33 0
30238 300.286 8.30663 0.01 1 33 0
30239 300.702 8.1664 0.01 1 32 -0.000664286
30240 308.647 7.9087 0.01 1 72 0
30241 317.218 7.61457 0.01 1 101 0
30242 310.937 7.97853 0.01 1 72 0
30254 310.475 8.05025 0.01 1 72 0
30294 317.371 7.79693 0.01 1 100 0
30331 316.356 7.68545 0.01 1 102 0
30334 305.778 8.09915 0.01 1 72 0
30341 316.971 7.65696 0.01 1 101 0
30413 301.594 8.30663 0.01 1 33 -0.0111887
30429 300.702 8.35281 0.01 1 33 0
30438 301.815 8.2036 0.01 1 33 -0.0138257
30452 300.702 8.11986 0.01 1 33 0
30463 307.549 7.86418 0.01 1 72 8.50111e-05
30473 300.03 8.30663 0.01 1 33 0
30570 308.462 8.14924 0.01 1 72 0
30584 318.105 7.61457 0.01 1 101 0
30598 300.702 8.37625 0.01 1 33 0
30624 309.591 7.98865 0.01 1 72 0
30734 300.702 8.11986 0.01 1 33 0
30746 318.111 7.61457 0.01 1 100 0
30816 300.702 8.2036 0.01 1 33 0
30836 300.702 8.37625 0.01 1 33 0
30841 311.433 8.05025 0.01 1 72 0
30852 300.702 8.14671 0.01 1 33 0
30873 300.702 8.45065 0.01 1 33 0
30902 317.371 7.68584 0.01 1 100 0
30915 310.475 8.05025 0.01 1 72 0
30959 300.777 8.1519 0.01 1 33 0
30997 317.371 7.65696 0.01 1 100 0
31032 300.702 8.36136 0.01 1 33 0
31040 309.101 8.10841 0.01 1 72 0
31074 316.971 7.49972 0.01 1 101 0
31091 300.702 8.30663 0.01 1 33 0
31135 300.03 8.30663 0.01 1 33 0
31152 306.652 8.36096 0.01 1 72 0
31176 300.702 8.30663 0.01 1 33 0
31204 300.702 8.30663 0.01 1 33 0
31210 302.798 8.30663 0.01 1 32 0
31219 310.511 8.1171 0.01 1 72 0
31232 310.245 8.22103 0.01 1 72 0
31280 316.356 7.68545 0.01 1 102 0
31287 302.762 8.2036 0.01 1 33 0
31352 300.594 8.30663 0.01 1 33 0
31386 317.459 7.56955 0.01 1 100 0
31390 307.342 8.3322 0.01 1 72 0
31395 310.315 7.94945 0.01 1 72 0
31398 309.199 7.92661 0.01 1 72 0
31404 305.778 8.09915 0.01 1 72 0
31477 300.702 8.14671 0.01 1 33 0
31512 300.702 8.30663 0.01 1 33 0
31573 300.702 8.30663 0.01 1 33 0
31585 300.702 8.14671 0.01 1 32 0
31596 310.511 8.20363 0.01 1 72 0
31627 309.049 8.23498 0.01 1 72 0
31648 300.702 8.31098 0.01 1 32 0
31711 300.702 8.2036 0.01 1 33 0
31753 300.702 8.37625 0.01 1 32 0
31761 300.702 8.30663 0.01 1 33 0
31779 302.798 8.30663 0.01 1 31 0
31823 300.702 8.45065 0.01 1 33 0
31873 300.702 8.30663 0.01 1 33 0
31884 300.702 8.37625 0.01 1 32 0
32043 300.702 8.37625 0.01 1 33 0
32074 310.091 7.78974 0.01 1 72 0
32096 300.702 8.30663 0.01 1 33 0
32121 300.702 8.14479 0.01 1 33 0
32135 315.599 7.68151 0.01 1 100 -0.0231076
32186 300.594 8.30663 0.01 1 32 0
32198 300.702 8.37625 0.01 1 33 0
32225 314.699 7.84973 0.01 1 72 0
32260 300.702 8.37625 0.01 1 33 0
32320 300.702 8.14671 0.01 1 32 0
32417 300.702 8.24984 0.01 1 32 0.000821665
32439 307.984 7.93825 0.01 1 72 0
32472 309.049 8.23498 0.01 1 72 0
32474 300.702 8.48143 0.01 1 32 0.00233845
32479 307.558 8.14244 0.01 1 72 0
32486 302.798 8.30663 0.01 1 33 0
32523 300.702 8.2036 0.01 1 33 0
32568 300.702 8.30663 0.01 1 32 0
32569 317.218 7.61457 0.01 1 101 0
32577 316.971 7.68545 0.01 1 100 0
32586 300.702 8.30663 0.01 1 33 0
32588 307.984 8.09694 0.01 1 72 0
