max_pf 119 min_pf 5
individual T0 sigma disp_rate r0 patch_no mut_eff
186 308.193 8.10643 0.01 1 72 0
283 328.011 7.81369 0.01 1 117 0
392 286.509 8.14998 0.01 1 7 0
405 312.235 8.16089 0.01 1 72 0
441 286.509 8.14998 0.01 1 7 0
661 305.832 7.82676 0.01 1 72 0
778 308.621 7.9883 0.01 1 72 0
779 309.792 8.37461 0.01 1 72 0
831 286.509 8.16253 0.01 1 7 0
873 308.621 7.9883 0.01 1 72 0
1046 286.509 8.14998 0.01 1 7 0
1061 286.509 8.14998 0.01 1 7 0
1063 310.797 7.64651 0.01 1 72 0
1242 306.723 8.50337 0.01 1 72 0
1272 310.549 7.61982 0.01 1 72 0
1302 286.509 8.14998 0.01 1 7 0
1310 286.509 8.14998 0.01 1 6 0
1360 309.792 8.37461 0.01 1 72 0
1392 306.672 8.69093 0.01 1 72 0
1417 310.812 8.2851 0.01 1 72 0
1445 286.509 8.14998 0.01 1 6 0
1583 305.464 7.99978 0.01 1 72 0
1700 306.672 8.60253 0.01 1 72 0
1712 286.509 8.14998 0.01 1 7 0
2070 306.723 8.29142 0.01 1 72 0
2077 286.509 8.16253 0.01 1 7 0
2186 286.509 8.14998 0.01 1 7 0
2190 286.509 8.16253 0.01 1 6 0
2218 286.509 8.14998 0.01 1 7 0
2223 306.672 8.60253 0.01 1 72 0
2357 286.509 8.14998 0.01 1 7 0
2380 327.921 7.84267 0.01 1 118 0
2425 308.534 8.17215 0.01 1 72 0
2428 306.723 8.29142 0.01 1 72 0
2504 309.848 8.31584 0.01 1 72 0
2522 286.509 8.14998 0.01 1 6 0
2560 327.921 7.84267 0.01 1 117 0
2616 284.936 8.14998 0.01 1 7 0
2718 286.509 8.14998 0.01 1 7 0
2886 285.664 8.23139 0.01 1 7 0.0122287
2979 286.509 8.14998 0.01 1 7 0
2995 286.619 8.14998 0.01 1 7 -0.00154623
3128 308.621 7.9883 0.01 1 72 0
3239 307.2 7.24916 0.01 1 72 0
3261 309.613 7.53625 0.01 1 72 0
3360 308.948 7.97461 0.01 1 72 -1.49012e-07
3497 310.155 8.29901 0.01 1 72 0
3801 286.509 8.14998 0.01 1 7 0
3883 308.895 8.1643 0.01 1 72 0
4015 286.509 8.14998 0.01 1 7 0
4118 286.509 8.14998 0.01 1 5 0
4195 308.539 8.1643 0.01 1 72 0
4290 286.509 8.14998 0.01 1 7 0
4376 310.812 8.2851 0.01 1 72 0
4459 312.235 8.16089 0.01 1 72 0
4475 286.509 8.14998 0.01 1 7 0
4486 286.28 8.14998 0.01 1 7 0
4492 310.812 8.2851 0.01 1 72 0
4496 328.149 8.00979 0.01 1 117 0
4505 286.509 8.14998 0.01 1 7 0
4632 327.921 7.84267 0.01 1 118 0
4653 309.206 8.10643 0.01 1 72 0.000917658
4722 286.509 8.14998 0.01 1 6 0
4943 309.848 8.26712 0.01 1 72 0
4962 286.509 8.14998 0.01 1 6 0
4985 308.442 8.18526 0.01 1 72 0
4996 310.305 8.20597 0.01 1 72 0
5007 308.445 8.13654 0.01 1 72 0
5151 328.011 7.84267 0.01 1 119 0
5157 286.509 8.14998 0.01 1 7 0
5194 286.805 8.14998 0.01 1 7 0
5315 286.509 8.24369 0.01 1 7 0.00160731
5468 308.539 8.1643 0.01 1 72 0
5485 308.746 8.26121 0.01 1 72 0
5497 286.805 8.14998 0.01 1 7 0
5578 308.948 8.10643 0.01 1 72 0
5649 286.509 8.14998 0.01 1 7 0
5676 284.83 8.14998 0.01 1 7 0
5798 286.509 8.14998 0.01 1 6 0
5858 286.509 8.14998 0.01 1 7 0
5971 308.229 7.80323 0.01 1 72 0
6012 309.11 8.24591 0.01 1 72 0
6016 289.923 8.00949 0.01 1 7 0
6021 308.229 7.80323 0.01 1 72 0
6130 286.509 8.14998 0.01 1 6 0
6146 307.2 7.27029 0.01 1 72 0
6151 306.623 8.15966 0.01 1 72 0
6268 306.571 7.71616 0.01 1 72 0
6292 289.923 8.00949 0.01 1 6 0
6361 306.623 8.15966 0.01 1 72 0
6362 309.01 7.80323 0.01 1 72 0
6682 306.623 8.15966 0.01 1 72 0
6755 307.98 7.99645 0.01 1 72 0
6878 286.509 8.14998 0.01 1 7 0
7001 308.534 8.17215 0.01 1 72 0
7057 286.411 8.14998 0.01 1 7 0
7102 286.509 8.14998 0.01 1 5 0
7118 308.802 8.07408 0.01 1 72 0
7129 306.672 8.69093 0.01 1 72 0
7140 308.534 8.17215 0.01 1 72 0
7306 286.509 8.14998 0.01 1 6 0
7383 286.509 8.14998 0.01 1 7 0
7444 286.805 8.14998 0.01 1 6 0
7472 307.038 8.43928 0.01 1 72 0
7486 306.672 8.60253 0.01 1 72 0
7520 286.509 8.14998 0.01 1 6 0
7578 309.81 8.29901 0.01 1 72 0
7651 309.024 8.25477 0.01 1 72 0
7731 309.848 8.31584 0.01 1 72 0
7924 286.509 8.14998 0.01 1 6 0
7941 309.285 8.19436 0.01 1 72 0
7950 286.509 8.14998 0.01 1 7 0
7963 309.11 8.24591 0.01 1 72 0
7970 306.298 8.60253 0.01 1 72 0
8082 308.442 8.18526 0.01 1 72 0
8121 307.2 7.27029 0.01 1 72 0
8123 286.509 8.19384 0.01 1 7 0
8149 308.534 8.17215 0.01 1 72 0
8236 286.509 8.14998 0.01 1 6 0
8296 286.509 8.14998 0.01 1 6 0
8308 289.219 8.14998 0.01 1 7 0
8479 286.509 8.14998 0.01 1 7 0
8866 310.122 8.40087 0.01 1 72 0
8960 286.509 8.16253 0.01 1 7 0
8999 286.805 8.14998 0.01 1 6 0
9026 286.509 8.14998 0.01 1 7 0
9100 286.411 8.14998 0.01 1 6 0
9215 311.091 7.90886 0.01 1 72 0
9280 327.921 7.84267 0.01 1 117 0
9505 286.509 8.14998 0.01 1 7 0
9574 310.155 8.29901 0.01 1 72 0
9604 286.509 8.14998 0.01 1 5 0
9639 306.672 8.60253 0.01 1 72 0
9727 308.294 7.91487 0.01 1 72 0
10154 286.509 8.14998 0.01 1 6 0
10245 310.303 8.27087 0.01 1 72 0
10248 308.294 7.91487 0.01 1 72 0
10423 286.509 8.14998 0.01 1 6 0
10475 286.509 8.14998 0.01 1 6 0
10727 286.509 8.14998 0.01 1 7 0
10878 286.509 8.14998 0.01 1 6 0
10883 327.921 7.84267 0.01 1 117 0
11056 308.895 8.32901 0.01 1 72 0
11147 308.704 7.55173 0.01 1 72 0
11235 310.567 7.7171 0.01 1 72 0
11252 306.672 8.60253 0.01 1 72 0
11282 286.509 8.14998 0.01 1 7 0
11448 286.509 8.19384 0.01 1 7 0
11458 286.509 8.14998 0.01 1 7 0
11526 307.2 7.24916 0.01 1 72 0
11633 286.805 8.14998 0.01 1 7 0
11664 286.509 8.14998 0.01 1 7 0
11781 286.509 8.14998 0.01 1 7 0
11815 306.672 8.60253 0.01 1 72 0
11837 308.229 7.80323 0.01 1 72 0
11858 307.2 7.23582 0.01 1 72 0
11872 286.509 8.14998 0.01 1 7 0
11944 286.509 8.14998 0.01 1 7 0
12005 328.011 7.82014 0.01 1 119 -0.000159323
12147 308.539 8.1643 0.01 1 72 0
12264 286.509 8.14998 0.01 1 7 0
12375 286.509 8.16253 0.01 1 7 0
12654 286.509 8.14998 0.01 1 6 0
12787 286.509 8.14998 0.01 1 6 0
12799 308.294 7.86213 0.01 1 72 0
12820 286.509 8.14998 0.01 1 7 0
12949 310.915 8.37461 0.01 1 72 -0.00423956
12986 286.509 8.16253 0.01 1 7 0
13053 286.509 8.14998 0.01 1 6 0
13375 286.509 8.14998 0.01 1 7 0
13385 307.98 7.99645 0.01 1 72 0
13449 286.509 8.14998 0.01 1 7 0
13546 286.509 8.14998 0.01 1 7 0
13552 286.509 8.14998 0.01 1 6 0
13554 308.442 8.18526 0.01 1 72 0
13659 308.534 8.17215 0.01 1 72 0
13683 286.509 8.14998 0.01 1 7 0
13844 310.812 8.2851 0.01 1 72 0
13849 306.571 7.71616 0.01 1 72 0
13864 286.509 8.14998 0.01 1 6 0
13882 307.2 7.24916 0.01 1 72 0
13980 309.848 8.31584 0.01 1 72 0
13993 286.509 8.14998 0.01 1 7 0
14045 306.623 8.15966 0.01 1 72 0
14119 306.571 7.71616 0.01 1 72 0
14227 286.509 8.14998 0.01 1 7 0
14242 306.634 7.99645 0.01 1 72 -0.00690158
14268 306.723 8.29142 0.01 1 72 0
14430 289.923 8.00949 0.01 1 7 0
14498 286.509 8.14998 0.01 1 7 0
14510 327.921 7.84267 0.01 1 117 0
14525 286.509 8.14998 0.01 1 7 0
14591 309.565 7.9883 0.01 1 72 0
14625 309.848 8.26712 0.01 1 72 0
14762 286.509 8.14998 0.01 1 7 0
14788 309.613 7.53625 0.01 1 72 0
14802 286.509 8.14998 0.01 1 6 0
14998 286.509 8.14998 0.01 1 7 0
15015 286.805 8.14998 0.01 1 6 0
15051 286.509 8.14998 0.01 1 7 0
15082 286.509 8.14998 0.01 1 7 0
15309 286.509 8.14998 0.01 1 6 0
15331 286.509 8.14998 0.01 1 7 0
15357 308.753 8.11866 0.01 1 72 0
15428 289.923 8.00949 0.01 1 6 0
15453 286.509 8.14998 0.01 1 6 0
15536 286.509 8.14998 0.01 1 5 0
15537 286.805 8.14998 0.01 1 7 0
15680 309.848 8.31584 0.01 1 72 0
15694 286.509 8.14998 0.01 1 7 0
15728 310.303 8.27087 0.01 1 72 0
15794 328.011 7.81369 0.01 1 117 0
15818 308.534 8.17215 0.01 1 72 0
16086 309.189 7.82489 0.01 1 72 0
16141 286.509 8.1219 0.01 1 7 -0.000455514
16188 310.549 7.64651 0.01 1 72 0
16262 289.923 8.00949 0.01 1 7 0
16300 328.011 7.84267 0.01 1 118 0
16307 284.936 8.14998 0.01 1 7 0.0228179
16464 309.537 8.44181 0.01 1 72 0
16728 286.509 8.14998 0.01 1 7 0
16731 328.011 7.84267 0.01 1 119 0
16753 286.509 8.14998 0.01 1 6 0
16863 291.988 8.1895 0.01 1 7 0
16879 306.723 8.50337 0.01 1 72 0
16926 286.509 8.16253 0.01 1 7 0
16934 286.509 8.14998 0.01 1 6 0
17052 286.805 8.14998 0.01 1 6 0
17054 286.509 8.16253 0.01 1 7 0
17076 307.2 7.24916 0.01 1 72 0
17092 309.778 8.29901 0.01 1 72 0
17115 309.81 8.29901 0.01 1 72 0
17158 308.541 8.10643 0.01 1 72 0
17305 286.509 8.16253 0.01 1 7 0
17352 328.011 7.81369 0.01 1 117 0
17541 312.122 8.26165 0.01 1 72 0
17641 310.812 8.34482 0.01 1 72 0
17670 310.549 7.61982 0.01 1 72 0
17829 286.509 8.14998 0.01 1 6 0
17853 286.509 8.14998 0.01 1 6 0
18028 308.495 8.32523 0.01 1 72 0
18160 310.122 8.40087 0.01 1 72 0
18187 286.805 8.14998 0.01 1 7 0
18234 309.81 8.29901 0.01 1 72 0
18540 308.426 7.76593 0.01 1 72 0
18636 286.509 8.14998 0.01 1 5 0
18641 285.424 8.14998 0.01 1 7 0.0156358
18754 308.883 8.32898 0.01 1 72 0
18768 306.942 7.24916 0.01 1 72 0
18830 286.509 8.14998 0.01 1 7 0
18842 306.677 7.98816 0.01 1 72 0
18849 327.921 7.84267 0.01 1 117 0
18908 286.509 8.14998 0.01 1 7 0
18918 286.509 8.14998 0.01 1 7 0
18930 286.509 8.14998 0.01 1 7 0
19005 306.623 8.15966 0.01 1 72 0
19016 307.98 7.99645 0.01 1 72 0
19159 330.112 7.84267 0.01 1 117 0
19193 308.534 8.17215 0.01 1 72 0
19399 327.921 7.84267 0.01 1 117 0
19524 307.2 7.27029 0.01 1 72 0
19682 310.812 8.2851 0.01 1 72 0
19685 330.112 7.84267 0.01 1 117 0
19698 308.895 8.1643 0.01 1 72 0
19738 311.091 7.90886 0.01 1 72 0
19858 286.509 8.14998 0.01 1 7 0
19883 307.2 7.27029 0.01 1 72 0
19946 286.805 8.14998 0.01 1 7 0
20334 328.011 7.84267 0.01 1 119 0
20393 307.2 7.24916 0.01 1 72 0
20469 308.496 8.31958 0.01 1 72 0
20518 328.149 8.00979 0.01 1 117 -0.000283435
20553 307.2 7.27029 0.01 1 72 0
20592 286.509 8.14998 0.01 1 7 0
20704 309.848 8.31584 0.01 1 72 0
20752 308.534 8.17215 0.01 1 72 0
20898 286.509 8.28834 0.01 1 7 0
20938 286.509 8.14998 0.01 1 7 0
21095 289.923 8.00949 0.01 1 7 0
21135 309.848 8.31584 0.01 1 72 0
21175 308.541 8.10643 0.01 1 72 0
21398 312.111 7.97067 0.01 1 72 0
21415 310.155 8.29901 0.01 1 72 0
21424 327.921 7.84267 0.01 1 117 0
21450 310.812 8.34482 0.01 1 72 0
21512 286.509 8.14998 0.01 1 6 0
21612 286.509 8.14998 0.01 1 7 0
21793 308.075 8.14048 0.01 1 72 0
22241 286.509 8.14998 0.01 1 7 0
22268 286.509 8.14998 0.01 1 5 0
22287 286.509 8.14998 0.01 1 7 0
22372 310.122 8.40087 0.01 1 72 0
22404 294.818 8.33933 0.01 1 7 0
22531 306.077 7.27029 0.01 1 72 -0.00943193
22555 286.509 8.16253 0.01 1 7 0
22682 310.812 8.2851 0.01 1 72 0
22723 286.509 8.14998 0.01 1 7 0
22785 286.509 8.14998 0.01 1 6 0
23214 306.672 8.60253 0.01 1 72 0
23468 308.534 8.17215 0.01 1 72 0
23563 306.571 7.90049 0.01 1 72 0.00043264
23575 286.509 8.14998 0.01 1 7 0
23580 308.534 8.17215 0.01 1 72 0
23599 306.723 8.29142 0.01 1 72 0
23683 286.509 8.14998 0.01 1 6 0
23703 306.723 8.29142 0.01 1 72 0
23768 309.792 8.37461 0.01 1 72 0
24014 306.298 8.60253 0.01 1 72 0
24234 286.509 8.14998 0.01 1 7 0
24364 308.948 8.37525 0.01 1 72 0
24436 286.509 8.14998 0.01 1 7 0
24597 309.792 8.37461 0.01 1 72 0
24632 287.403 8.14998 0.01 1 7 0
24685 310.812 8.2851 0.01 1 72 0
24745 286.805 8.14998 0.01 1 6 0
24811 309.01 7.80323 0.01 1 72 0
24839 327.921 7.84267 0.01 1 117 0
24984 285.607 8.14998 0.01 1 7 0
25033 308.229 7.80323 0.01 1 72 0
25105 308.621 7.9883 0.01 1 72 0
25440 286.509 8.14998 0.01 1 7 0
25447 310.275 8.25977 0.01 1 72 0
25480 308.753 8.11866 0.01 1 72 0
25728 286.509 8.14998 0.01 1 7 0
25844 309.01 7.90415 0.01 1 72 0
26068 309.01 7.80323 0.01 1 72 0
26287 286.509 8.14998 0.01 1 5 0
26392 309.848 8.31584 0.01 1 72 0
26477 286.509 8.16253 0.01 1 7 0
26572 308.534 8.17215 0.01 1 72 0
26721 286.411 8.14998 0.01 1 6 0
26868 328.011 7.84267 0.01 1 118 0
26943 310.549 7.61982 0.01 1 72 0
27022 286.509 8.14998 0.01 1 6 0
27051 286.509 8.14998 0.01 1 7 0
27084 286.509 8.14998 0.01 1 7 0
27302 308.621 7.9883 0.01 1 72 0
27332 286.805 8.14998 0.01 1 6 0
27382 306.723 8.50337 0.01 1 72 0
27446 286.509 8.14998 0.01 1 7 0
27468 286.509 8.16253 0.01 1 7 0
27517 308.229 7.80323 0.01 1 72 0
27805 328.011 7.84267 0.01 1 119 0
27809 328.011 7.84267 0.01 1 119 0
27822 286.708 8.14998 0.01 1 7 -0.00279302
27921 306.571 7.71616 0.01 1 72 0
28160 309.792 8.34337 0.01 1 72 -6.63102e-06
28232 286.509 8.14998 0.01 1 7 0
28243 286.509 8.14998 0.01 1 6 0
28305 286.509 8.14998 0.01 1 7 0
28393 285.607 8.14998 0.01 1 7 0
28519 286.509 8.14998 0.01 1 7 0
28552 306.672 8.69093 0.01 1 72 0
28710 310.122 8.40087 0.01 1 72 0
29058 310.797 7.64651 0.01 1 72 0
29059 286.509 8.14998 0.01 1 6 0
29116 286.509 8.14998 0.01 1 6 0
29149 328.011 7.84267 0.01 1 119 0
29283 308.948 8.10643 0.01 1 72 0
29308 309.024 8.25477 0.01 1 72 0
29378 286.509 8.14998 0.01 1 6 0
29504 286.509 8.14998 0.01 1 7 0
29542 289.923 8.00949 0.01 1 7 0
29548 306.99 8.02664 0.01 1 72 0
29552 309.246 8.21954 0.01 1 72 0
29562 306.99 8.02664 0.01 1 72 0
29679 307.2 7.24916 0.01 1 72 0
29729 312.235 8.16089 0.01 1 72 0
29870 327.921 7.93641 0.01 1 117 0
29938 310.812 8.2851 0.01 1 72 0
30052 286.509 8.14998 0.01 1 7 0
30117 310.437 8.26165 0.01 1 72 0
30141 306.672 8.60253 0.01 1 72 0
30193 306.723 8.50337 0.01 1 72 0
30379 286.509 8.08707 0.01 1 6 -0.0011164
30389 308.621 7.9883 0.01 1 72 0
30392 286.805 8.14998 0.01 1 7 0
30443 308.534 8.17215 0.01 1 72 0
30453 310.122 8.40087 0.01 1 72 0
30568 286.509 8.14998 0.01 1 6 0
30667 286.509 8.14998 0.01 1 7 0
30687 286.509 8.14998 0.01 1 7 0
30780 286.509 8.14998 0.01 1 7 0
30933 309.11 8.24591 0.01 1 72 0
30938 286.509 8.14998 0.01 1 7 0
31004 286.509 8.14998 0.01 1 6 0
31017 286.509 8.14998 0.01 1 7 0
31077 286.509 8.14998 0.01 1 7 0
31157 286.509 8.14998 0.01 1 7 0
31168 309.848 8.26712 0.01 1 72 0
31232 328.011 7.84267 0.01 1 119 0
31326 309.189 7.82489 0.01 1 72 0
31339 328.011 7.81369 0.01 1 117 0
31341 289.219 8.14998 0.01 1 7 0
31413 306.571 7.71616 0.01 1 72 0
31423 308.294 7.86213 0.01 1 72 0
31471 286.509 8.14998 0.01 1 7 0
31645 286.509 8.14998 0.01 1 7 0
31686 286.509 8.17341 0.01 1 7 0.000404455
31696 308.294 7.91487 0.01 1 72 0
31720 285.95 8.14998 0.01 1 7 0
31767 309.848 8.48572 0.01 1 72 0
31801 306.723 8.29142 0.01 1 72 0
31944 286.509 8.14998 0.01 1 7 0
32082 308.229 7.80323 0.01 1 72 0
32554 308.539 8.1643 0.01 1 72 0
32611 308.294 7.89542 0.01 1 72 0
32653 309.189 7.82489 0.01 1 72 0
32760 286.805 8.14998 0.01 1 6 0
32916 286.509 8.14998 0.01 1 7 0
32931 308.753 8.11866 0.01 1 72 0
32946 308.075 8.14048 0.01 1 72 0
33024 286.509 8.14998 0.01 1 6 0
33117 310.275 8.25977 0.01 1 72 0
33186 286.509 8.14998 0.01 1 7 0
33394 286.509 8.14998 0.01 1 7 0
33415 285.607 8.14998 0.01 1 7 0.012948
33416 308.294 7.91487 0.01 1 72 0
33463 308.534 8.17215 0.01 1 72 0
33514 286.509 8.14998 0.01 1 7 0
33574 286.509 8.14998 0.01 1 6 0
33643 286.509 8.14998 0.01 1 7 0
33674 286.509 8.14998 0.01 1 6 0
33775 286.509 8.14998 0.01 1 7 0
33841 308.229 7.80323 0.01 1 72 0
33962 306.623 8.15966 0.01 1 72 0
34008 309.189 7.82489 0.01 1 72 0
34109 286.509 8.14998 0.01 1 7 0
34187 286.509 8.14998 0.01 1 7 0
34423 308.229 7.80323 0.01 1 72 0
34447 307.2 7.27029 0.01 1 72 0
34486 286.509 8.14998 0.01 1 7 0
34556 286.509 8.14998 0.01 1 7 0
34573 286.509 8.14998 0.01 1 7 0
34606 306.99 8.11073 0.01 1 72 0.000124618
34779 286.509 8.14998 0.01 1 6 0
34782 308.294 7.89542 0.01 1 72 0
35048 286.509 8.14998 0.01 1 7 0
35085 328.149 8.08196 0.01 1 117 0
35397 309.848 8.31584 0.01 1 72 0
35592 295.272 8.25565 0.01 1 7 0
35695 286.805 8.14998 0.01 1 6 0
35709 330.112 7.84267 0.01 1 117 0
35781 286.509 8.14998 0.01 1 7 0
35794 328.011 7.84267 0.01 1 119 0
35866 286.805 8.14998 0.01 1 6 0
36017 307.157 8.59468 0.01 1 72 4.64171e-05
36019 309.792 8.37461 0.01 1 72 0
36042 286.509 8.14998 0.01 1 7 0
36062 286.509 8.14998 0.01 1 7 0
36202 308.621 7.9883 0.01 1 72 0
36231 309.848 8.31584 0.01 1 72 0
36450 310.367 8.33462 0.01 1 72 0
36546 306.672 8.60253 0.01 1 72 0
36737 309.848 8.31584 0.01 1 72 0
36797 286.509 8.14998 0.01 1 5 0
36830 286.509 8.14998 0.01 1 7 0
36901 286.509 8.14998 0.01 1 6 0
36967 286.509 8.14998 0.01 1 7 0
37027 327.576 7.84267 0.01 1 117 0
37328 309.848 8.31584 0.01 1 72 0
37375 309.6 8.17215 0.01 1 72 0
37378 309.848 8.31584 0.01 1 72 0
37413 306.571 7.71616 0.01 1 72 0
37607 309.848 8.31584 0.01 1 72 0
37750 327.921 7.84267 0.01 1 117 0
37899 286.509 8.14998 0.01 1 7 0
37914 309.258 8.3674 0.01 1 72 0
37916 310.385 7.8215 0.01 1 72 0
37983 286.509 8.14998 0.01 1 6 0
38354 286.509 8.14998 0.01 1 6 0
38532 307.471 8.38997 0.01 1 72 0
38663 308.229 7.80323 0.01 1 72 0
38743 310.812 8.2851 0.01 1 72 0
38834 310.275 8.25977 0.01 1 72 0
38896 286.216 8.14998 0.01 1 5 0
38986 308.948 8.10643 0.01 1 72 0
39017 327.921 7.84267 0.01 1 117 0
39176 309.01 7.80323 0.01 1 72 0
39269 286.805 8.14998 0.01 1 7 0
39302 328.011 7.84267 0.01 1 118 0
39434 328.011 7.84267 0.01 1 119 0
39526 286.509 8.14998 0.01 1 6 0
39688 286.509 8.16253 0.01 1 7 0
39690 309.537 8.44181 0.01 1 72 0
39734 306.623 8.15966 0.01 1 72 0
39744 308.541 8.10643 0.01 1 72 0
39786 286.509 8.14998 0.01 1 7 0
39804 286.509 8.14998 0.01 1 7 0
39820 286.509 8.14998 0.01 1 7 0
40003 308.745 7.98816 0.01 1 72 0
40088 309.01 7.90415 0.01 1 72 0
40131 306.672 8.60253 0.01 1 72 0
40329 287.403 8.2288 0.01 1 7 0.00137722
40535 309.792 8.37461 0.01 1 72 0
40541 308.294 7.91487 0.01 1 72 0
40622 310.275 8.25977 0.01 1 72 0
40850 291.988 8.1895 0.01 1 7 0
40859 309.01 7.85681 0.01 1 72 0
40986 310.812 8.2851 0.01 1 72 0
41000 310.122 8.40087 0.01 1 72 0
41041 286.509 8.14998 0.01 1 6 0
41045 286.216 8.14998 0.01 1 5 0
41080 309.848 8.31584 0.01 1 72 0
41137 286.805 8.14998 0.01 1 6 0
41294 307.2 7.24916 0.01 1 72 0
41317 286.509 8.16253 0.01 1 7 0
41641 286.509 8.14998 0.01 1 7 0
41686 310.549 7.61982 0.01 1 72 0
41701 287.403 8.2288 0.01 1 7 0
41731 286.509 8.14998 0.01 1 5 0
41777 286.509 8.14998 0.01 1 7 0
41778 286.509 8.14998 0.01 1 7 0
41945 309.01 7.80323 0.01 1 72 0
41959 308.948 8.10643 0.01 1 72 0
42015 310.122 8.40087 0.01 1 72 0
42016 289.923 8.00949 0.01 1 6 0
42134 309.848 8.31584 0.01 1 72 0
42179 286.509 8.14998 0.01 1 7 0
42195 286.509 8.14998 0.01 1 7 0
42217 309.848 8.31584 0.01 1 72 0
42438 306.571 7.71616 0.01 1 72 0
42541 284.83 8.14998 0.01 1 7 0.0243854
42581 308.895 8.32901 0.01 1 72 0
42724 327.576 7.84267 0.01 1 117 0
42865 286.509 8.14998 0.01 1 6 0
42969 326.821 7.84267 0.01 1 118 0
42989 287.403 8.14998 0.01 1 7 0
43050 286.509 8.14998 0.01 1 5 0
43086 310.812 8.2851 0.01 1 72 0
43108 286.509 8.14998 0.01 1 6 0
43182 286.509 8.14998 0.01 1 7 0
43191 286.966 8.14998 0.01 1 7 -0.00636438
43291 306.571 7.71616 0.01 1 72 0
43465 286.509 8.14998 0.01 1 6 0
43603 286.509 8.09062 0.01 1 7 0
43709 286.509 8.14998 0.01 1 7 0
43823 327.576 7.84267 0.01 1 117 0
43880 328.011 7.84267 0.01 1 119 0
44031 309.848 8.31584 0.01 1 72 0
44069 286.509 8.14998 0.01 1 6 0
44070 327.921 7.84267 0.01 1 118 0
44271 308.294 7.91487 0.01 1 72 0
44308 286.509 8.14998 0.01 1 7 0
44378 306.99 8.02664 0.01 1 72 0
44463 286.805 8.14998 0.01 1 7 0
44679 327.921 7.84267 0.01 1 117 0
44687 327.921 7.84267 0.01 1 117 0
44773 308.294 7.91487 0.01 1 72 0
44871 328.011 7.84267 0.01 1 119 0
44936 286.509 8.14998 0.01 1 6 0
44977 286.509 8.14998 0.01 1 7 0
45034 287.419 8.14998 0.01 1 7 -0.012492
45047 286.509 8.14998 0.01 1 6 0
45227 286.509 8.16253 0.01 1 7 0
45229 309.01 7.80323 0.01 1 72 0
45519 306.99 8.02664 0.01 1 72 0
45589 286.996 8.14998 0.01 1 7 0
45594 286.509 8.19384 0.01 1 7 0
45996 289.923 8.00949 0.01 1 7 0
46034 310.812 8.2851 0.01 1 72 0
46090 307.98 7.99645 0.01 1 72 0
46204 286.509 8.14998 0.01 1 7 0
46247 309.01 7.80323 0.01 1 72 0
46305 306.672 8.60253 0.01 1 72 0
46318 328.011 7.81369 0.01 1 117 0
46431 286.509 8.14998 0.01 1 6 0
46515 286.509 8.14998 0.01 1 6 0
46526 309.445 8.3287 0.01 1 72 0
46628 309.024 7.92422 0.01 1 72 0
46653 311.576 7.89647 0.01 1 72 0
46713 308.229 7.80323 0.01 1 72 0
46837 306.723 8.50337 0.01 1 72 0
46860 327.576 7.84267 0.01 1 117 0
46871 286.509 8.14998 0.01 1 7 0
46935 286.509 8.14998 0.01 1 7 0
47060 310.549 7.64651 0.01 1 72 0
47133 308.704 7.55173 0.01 1 72 0
47405 309.6 8.2851 0.01 1 72 0
47423 291.673 7.98203 0.01 1 7 0
47438 286.509 8.14998 0.01 1 7 0
47490 286.509 8.14998 0.01 1 6 0
47639 286.509 8.14998 0.01 1 6 0
47654 286.509 8.14998 0.01 1 7 0
47673 286.509 8.14998 0.01 1 7 0
47682 286.509 8.21776 0.01 1 6 0
47698 309.024 8.25477 0.01 1 72 4.41372e-05
47813 327.921 7.84267 0.01 1 118 0
47847 308.713 7.7171 0.01 1 72 0
47876 307.038 8.43928 0.01 1 72 0
47897 308.534 8.17215 0.01 1 72 0
47905 286.509 8.14998 0.01 1 7 0
48090 312.122 8.26165 0.01 1 72 0
48297 286.509 8.14998 0.01 1 7 0
48401 309.17 8.27087 0.01 1 72 0
48417 286.805 8.14998 0.01 1 7 0
48555 286.509 8.14998 0.01 1 6 0
48659 308.539 8.1643 0.01 1 72 0
48666 286.509 8.16253 0.01 1 7 0
48764 286.509 8.14998 0.01 1 7 0
48938 286.996 8.14998 0.01 1 7 -0.00678
48959 327.921 7.84267 0.01 1 117 0
49012 286.509 8.14998 0.01 1 7 0
49179 286.509 8.16253 0.01 1 7 0
49202 308.229 7.80323 0.01 1 72 0
49309 286.805 8.14998 0.01 1 7 0
49396 286.509 8.16253 0.01 1 7 0
49397 286.509 8.14998 0.01 1 7 0
49477 308.883 8.32898 0.01 1 72 0
49563 306.99 8.02664 0.01 1 72 0
49783 308.294 7.86213 0.01 1 72 0
49849 286.509 8.14998 0.01 1 7 0
49938 310.797 7.64651 0.01 1 72 0
49996 310.122 8.40087 0.01 1 72 0
50001 327.576 7.84267 0.01 1 118 0
50047 308.852 8.127 0.01 1 72 0.000289977
50125 289.923 8.00949 0.01 1 6 0
50157 286.509 8.14998 0.01 1 7 0
50158 285.607 8.14998 0.01 1 7 0
50159 306.571 7.71616 0.01 1 72 0
50209 286.509 8.14998 0.01 1 7 0
50242 308.229 7.80323 0.01 1 72 0
50247 286.509 8.14998 0.01 1 7 0
50282 286.509 8.14998 0.01 1 6 0
50345 286.509 8.14998 0.01 1 7 0
50429 308.895 8.32901 0.01 1 72 0
50452 286.509 8.14998 0.01 1 7 0
50572 309.778 8.29901 0.01 1 72 0
50769 306.677 7.98816 0.01 1 72 0
50858 286.509 8.19384 0.01 1 7 0
50948 286.509 8.21776 0.01 1 6 0.00119
50984 288.037 8.14998 0.01 1 5 -0.0189348
51045 285.607 8.14998 0.01 1 7 0
51133 286.509 8.14998 0.01 1 5 0
51521 286.509 8.14998 0.01 1 7 0
51539 307.2 7.24916 0.01 1 72 0
51542 309.01 7.80323 0.01 1 72 0
51668 288.037 8.14998 0.01 1 5 0
51720 312.122 8.26165 0.01 1 72 0
51748 308.534 8.17215 0.01 1 72 0
51791 286.509 8.14998 0.01 1 6 0
51852 286.509 8.14998 0.01 1 7 0
51884 328.149 8.00979 0.01 1 117 0
52257 308.075 8.14048 0.01 1 72 0
52282 306.415 8.26824 0.01 1 72 0
52331 328.149 8.00979 0.01 1 117 0
52357 308.948 7.97461 0.01 1 72 0
52363 308.534 8.17215 0.01 1 72 0
52368 310.812 8.2851 0.01 1 72 0
52475 286.509 8.14998 0.01 1 7 0
52516 310.385 7.8215 0.01 1 72 0
52537 309.01 7.80323 0.01 1 72 0
52583 286.28 8.14998 0.01 1 7 0
52678 309.848 8.31584 0.01 1 72 0
52699 309.189 7.82489 0.01 1 72 0
52752 286.509 8.14998 0.01 1 6 0
52758 307.038 8.43928 0.01 1 72 0
52907 310.812 8.2851 0.01 1 72 0
52927 286.509 8.14998 0.01 1 7 0
52991 286.509 8.14998 0.01 1 6 0
53027 308.229 7.80323 0.01 1 72 0
53110 327.921 7.84267 0.01 1 118 0
53134 308.442 8.18526 0.01 1 72 0
53168 286.509 8.14998 0.01 1 7 0
53230 286.509 8.14998 0.01 1 7 0
53243 307.157 8.55032 0.01 1 72 0
53292 286.509 8.14998 0.01 1 7 0
53314 286.509 8.14998 0.01 1 7 0
53361 328.011 7.84267 0.01 1 119 0
53436 286.509 8.19384 0.01 1 7 0
53480 308.534 8.17215 0.01 1 72 0
53515 286.509 8.08444 0.01 1 7 -0.00114065
53545 309.11 8.3287 0.01 1 72 0
53564 286.509 8.16253 0.01 1 7 0
53636 309.024 8.25477 0.01 1 72 0
53651 286.509 8.16253 0.01 1 6 0
53687 286.509 8.14998 0.01 1 7 0
53744 286.509 8.14998 0.01 1 7 0
53800 286.509 8.14998 0.01 1 7 0
54072 308.495 8.39554 0.01 1 72 6.07967e-06
54112 308.534 8.17215 0.01 1 72 0
54117 308.534 8.17215 0.01 1 72 0
54275 286.509 8.14998 0.01 1 7 0
54316 294.818 8.33933 0.01 1 7 0
54405 286.509 8.14998 0.01 1 7 0
54467 308.193 8.10643 0.01 1 72 0
54492 327.576 8.08196 0.01 1 117 0
54525 286.509 8.14998 0.01 1 7 0
54611 306.99 8.02664 0.01 1 72 0
54642 286.509 8.14998 0.01 1 7 0
54665 308.534 8.17215 0.01 1 72 0
54877 308.229 7.80323 0.01 1 72 0
54975 286.509 8.14998 0.01 1 6 0
55202 286.216 8.14998 0.01 1 5 0.00391288
55280 286.509 8.14998 0.01 1 7 0
55344 286.509 8.14998 0.01 1 7 0
55711 308.534 8.17215 0.01 1 72 0
55757 286.509 8.15463 0.01 1 7 7.80746e-05
55787 286.509 8.14998 0.01 1 6 0
55800 308.534 8.17215 0.01 1 72 0
55801 286.805 8.14998 0.01 1 7 -0.00431666
55808 289.923 8.00949 0.01 1 7 0
55853 286.509 8.14998 0.01 1 6 0
55855 286.509 8.14998 0.01 1 6 0
55872 308.541 8.10643 0.01 1 72 0
55901 308.534 8.17215 0.01 1 72 0
56009 310.155 8.29901 0.01 1 72 0
56326 306.571 7.71616 0.01 1 72 0
56414 309.11 8.24591 0.01 1 72 0
56421 308.534 8.17215 0.01 1 72 0
56448 308.541 8.10643 0.01 1 72 0
56628 308.075 8.14048 0.01 1 72 0
56727 306.672 8.69093 0.01 1 72 0
56801 327.576 7.84267 0.01 1 117 0
56826 308.045 7.80323 0.01 1 72 0
56912 310.982 8.2851 0.01 1 72 -0.000910848
56939 308.294 7.91487 0.01 1 72 0
57111 310.812 8.2851 0.01 1 72 0
57246 309.7 7.64651 0.01 1 72 0.00320482
57250 328.011 7.81369 0.01 1 118 0
57253 286.509 8.14998 0.01 1 7 0
57256 286.509 8.14998 0.01 1 6 0
57333 308.158 7.83257 0.01 1 72 0.00168678
57374 310.812 8.2851 0.01 1 72 0
57395 286.509 8.14998 0.01 1 7 0
57404 308.541 8.10643 0.01 1 72 0
57642 328.011 7.84267 0.01 1 118 0
57649 286.805 8.14998 0.01 1 7 0
57660 328.011 7.84267 0.01 1 119 0
57912 309.01 7.80323 0.01 1 72 0
57951 286.509 8.14998 0.01 1 7 0
57960 287.403 8.2288 0.01 1 7 0
58197 286.509 8.14998 0.01 1 6 0
58210 308.294 7.91487 0.01 1 72 0
58251 309.01 7.80323 0.01 1 72 0
58253 306.677 7.98816 0.01 1 72 0
58294 286.509 8.14998 0.01 1 7 0
58348 306.672 8.60253 0.01 1 72 0
58516 286.509 8.14998 0.01 1 5 0
58639 286.509 8.14998 0.01 1 7 0
58969 286.805 8.14998 0.01 1 7 0
59116 286.509 8.14998 0.01 1 6 0
59195 286.509 8.14998 0.01 1 6 0
59229 308.824 8.25477 0.01 1 72 0
59322 309.01 7.80323 0.01 1 72 0
59334 286.509 8.14998 0.01 1 6 0
59510 307.822 8.46668 0.01 1 72 0
59569 306.672 8.60253 0.01 1 72 0
59596 328.011 7.81369 0.01 1 118 0
59666 308.948 7.97461 0.01 1 72 0
59814 286.509 8.16253 0.01 1 7 0
59858 306.99 7.93373 0.01 1 72 -0.000142217
59938 286.805 8.14998 0.01 1 7 0
59939 327.576 7.84267 0.01 1 117 0
59979 286.509 8.14998 0.01 1 7 0
60159 286.509 8.14998 0.01 1 7 0
60290 286.509 8.14998 0.01 1 6 0
60326 286.509 8.14998 0.01 1 7 0
60401 287.403 8.2288 0.01 1 7 0
60416 328.149 8.08196 0.01 1 117 0
60656 308.534 8.17215 0.01 1 72 0
60670 326.821 7.84267 0.01 1 118 0
60738 309.285 8.19436 0.01 1 72 8.79169e-07
60753 327.921 7.84267 0.01 1 117 0
61019 286.509 8.14998 0.01 1 7 0
61252 310.367 8.33462 0.01 1 72 0
61277 286.509 8.14998 0.01 1 7 0
61309 286.509 8.14998 0.01 1 6 0
61429 286.509 8.14998 0.01 1 7 0
61699 312.428 7.76649 0.01 1 72 0
61796 286.509 8.14998 0.01 1 7 0
61876 308.948 8.10643 0.01 1 72 0
61947 308.753 8.11866 0.01 1 72 0
61991 286.509 8.14998 0.01 1 5 0
62139 286.509 8.14998 0.01 1 7 0
62154 327.921 7.84267 0.01 1 117 0
62177 308.621 7.9883 0.01 1 72 0
62383 308.753 8.11866 0.01 1 72 0
62434 286.509 8.14998 0.01 1 6 0
62448 286.509 8.14998 0.01 1 7 0
62457 309.285 8.19436 0.01 1 72 0
62511 308.621 7.9883 0.01 1 72 0
62574 310.367 8.33462 0.01 1 72 0
62694 310.884 7.75726 0.01 1 72 0
62781 308.895 8.32901 0.01 1 72 0
62810 286.509 8.14998 0.01 1 7 0
63009 306.298 8.60253 0.01 1 72 0
63106 286.509 8.14998 0.01 1 6 0
63150 308.495 8.32523 0.01 1 72 0
63207 286.509 8.14998 0.01 1 6 0
63319 308.426 7.76593 0.01 1 72 0
63379 289.219 8.14998 0.01 1 7 0
63431 286.509 8.14998 0.01 1 6 0
63477 327.921 7.84267 0.01 1 117 0
63537 310.812 8.2851 0.01 1 72 0
63559 308.496 8.31958 0.01 1 72 0
63732 286.805 8.14998 0.01 1 7 0
63895 286.509 8.14998 0.01 1 6 0
63950 311.091 7.90886 0.01 1 72 0
63978 286.509 8.14998 0.01 1 7 0
64013 306.99 8.02664 0.01 1 72 0
64043 307.2 7.27029 0.01 1 72 0
64339 308.883 8.32898 0.01 1 72 0
64367 286.805 8.14998 0.01 1 7 0
64440 286.509 8.14998 0.01 1 7 0
64471 327.576 7.84267 0.01 1 117 0
64584 286.509 8.14998 0.01 1 7 0
64632 286.509 8.14998 0.01 1 7 0
64659 307.98 7.99645 0.01 1 72 0
64713 308.948 8.10643 0.01 1 72 0
64793 286.805 8.14998 0.01 1 7 0
64796 286.509 8.14998 0.01 1 5 0
64838 287.742 8.14998 0.01 1 7 -0.0167316
64943 308.534 8.17215 0.01 1 72 0
65054 286.509 8.14998 0.01 1 7 0
65087 286.509 8.14998 0.01 1 6 0
65151 286.509 8.14998 0.01 1 6 0
65242 308.294 7.86213 0.01 1 72 0
65273 309.189 7.82489 0.01 1 72 0
65499 328.011 7.84267 0.01 1 119 0
65575 310.812 8.2851 0.01 1 72 0
65654 286.509 8.14998 0.01 1 7 0
65677 308.294 7.91487 0.01 1 72 0
65987 286.509 8.14998 0.01 1 7 0
66011 286.509 8.14998 0.01 1 7 0
66089 286.509 8.14998 0.01 1 7 0
66128 309.189 7.82489 0.01 1 72 0
66216 286.509 8.14998 0.01 1 5 0
66276 306.99 8.02664 0.01 1 72 0
66289 286.509 8.14998 0.01 1 7 0
66459 312.122 8.26165 0.01 1 72 0
66487 306.723 8.29142 0.01 1 72 0
66561 308.534 8.17215 0.01 1 72 0
66594 286.509 8.14998 0.01 1 7 0
66705 286.509 8.14998 0.01 1 7 0
66839 309.024 7.71653 0.01 1 72 0
67182 286.509 8.14998 0.01 1 6 0
67272 309.849 8.16089 0.01 1 72 0
67321 310.122 8.40087 0.01 1 72 0
67347 286.509 8.14998 0.01 1 7 0
67529 286.509 8.14998 0.01 1 6 0
67545 308.045 7.80323 0.01 1 72 0
67609 286.509 8.14998 0.01 1 7 0
67649 286.509 8.14998 0.01 1 7 0
67858 286.509 8.14998 0.01 1 6 0
68012 308.229 7.80323 0.01 1 72 0
68017 286.509 8.14998 0.01 1 7 0
68046 286.805 8.14998 0.01 1 7 0
68077 306.723 8.29142 0.01 1 72 0
68106 309.81 8.29901 0.01 1 72 0
68130 286.509 8.14998 0.01 1 6 0
68202 284.83 8.14998 0.01 1 7 0
68293 309.537 8.44181 0.01 1 72 0
68366 284.83 8.14998 0.01 1 7 0
68367 308.442 8.18526 0.01 1 72 0
68369 306.415 8.26824 0.01 1 72 0
68431 328.011 7.84267 0.01 1 119 0
68438 328.011 7.84267 0.01 1 118 0
68445 286.509 8.14998 0.01 1 7 0
68495 309.753 8.1643 0.01 1 72 -0.000827268
68693 306.942 7.24916 0.01 1 72 0
68697 284.83 8.14998 0.01 1 7 0
68727 286.509 8.14998 0.01 1 7 0
68770 286.509 8.14998 0.01 1 6 0
68906 289.923 8.00949 0.01 1 7 0
68959 310.812 8.2851 0.01 1 72 0
69008 307.157 8.55032 0.01 1 72 0
69020 286.509 8.14998 0.01 1 7 0
69105 306.571 7.71616 0.01 1 72 0
69124 285.607 8.14998 0.01 1 7 0
69164 309.81 8.29901 0.01 1 72 0
69258 309.613 7.53625 0.01 1 72 0
