max_pf 79 min_pf 65
individual T0 sigma disp_rate r0 patch_no mut_eff
0 307.565 8.34499 0.01 1 67 0
3 310.253 7.5693 0.01 1 77 0
5 310.618 8.0485 0.01 1 78 0
6 307.87 8.27462 0.01 1 67 0
12 309.648 8.09162 0.01 1 72 0
14 309.093 7.81962 0.01 1 77 0
15 308.035 8.15446 0.01 1 72 0
18 312.507 7.66841 0.01 1 77 0
19 308.926 8.0448 0.01 1 67 0
23 310.618 8.3103 0.01 1 78 0
24 306.278 7.77419 0.01 1 66 0
26 306.936 7.90343 0.01 1 66 0
27 307.463 8.13895 0.01 1 67 0
34 311.076 8.1842 0.01 1 77 0
43 310.253 7.5693 0.01 1 77 0
44 306.896 7.93484 0.01 1 72 0
46 308.07 8.02693 0.01 1 67 0
50 310.618 7.83453 0.01 1 78 0
52 307.73 8.06847 0.01 1 77 0
54 307.107 7.75209 0.01 1 72 0
55 310.618 8.16119 0.01 1 79 0
56 306.07 8.34499 0.01 1 67 0
60 311.424 7.78717 0.01 1 77 0
62 306.697 8.34499 0.01 1 66 0
68 308.237 8.27462 0.01 1 66 0
71 306.697 8.34499 0.01 1 65 0
72 312.507 7.69372 0.01 1 78 0
76 305.865 8.05704 0.01 1 66 0
78 310.618 8.16119 0.01 1 79 0
81 311.424 7.78717 0.01 1 78 0
90 312.507 7.66841 0.01 1 77 0
91 308.805 7.92038 0.01 1 72 -2.98023e-08
94 310.618 8.07865 0.01 1 77 0
101 307.187 8.20558 0.01 1 72 0
103 310.618 7.85101 0.01 1 79 0
105 307.87 8.27462 0.01 1 66 0
106 307.855 8.24519 0.01 1 72 0
108 307.336 8.13895 0.01 1 65 0
112 311.172 8.03345 0.01 1 77 0
115 307.62 8.21795 0.01 1 67 0
116 305.875 7.81689 0.01 1 67 0
125 305.875 7.63824 0.01 1 67 0
129 305.865 8.05704 0.01 1 67 0
133 310.618 8.16119 0.01 1 77 0
134 307.475 7.97762 0.01 1 66 0
135 305.628 7.58147 0.01 1 66 0
136 305.865 8.05704 0.01 1 67 0
137 307.62 8.21795 0.01 1 66 0
139 307.107 8.15235 0.01 1 72 0
140 312.319 7.62251 0.01 1 78 0
144 310.04 8.04054 0.01 1 72 0
146 308.798 8.208 0.01 1 67 0
150 306.15 8.24751 0.01 1 67 0
152 308.035 8.17245 0.01 1 72 0
156 310.04 8.04054 0.01 1 72 0
158 305.628 7.58147 0.01 1 65 0
159 310.185 8.06656 0.01 1 72 0
160 310.618 7.83453 0.01 1 78 0
165 307.87 8.27462 0.01 1 66 0
166 306.989 8.29983 0.01 1 67 0
168 308.805 7.92355 0.01 1 72 0
170 306.07 8.248 0.01 1 66 -3.26484e-05
176 312.962 7.62251 0.01 1 78 -0.00140148
179 310.618 7.83453 0.01 1 78 0
184 307.577 7.98634 0.01 1 72 0
188 310.618 7.82257 0.01 1 77 0
192 309.391 8.19506 0.01 1 72 0
194 310.116 7.91403 0.01 1 72 0
199 307.87 8.27462 0.01 1 66 0
200 310.253 7.5693 0.01 1 77 0
205 308.237 8.27462 0.01 1 67 0
209 305.667 8.34499 0.01 1 65 0
210 306.07 8.34499 0.01 1 67 0
212 310.618 7.82257 0.01 1 77 0
213 306.15 8.24751 0.01 1 67 0
214 308.76 8.04708 0.01 1 72 0
215 306.936 7.90343 0.01 1 65 0
217 305.875 7.83327 0.01 1 67 0
218 311.172 8.23245 0.01 1 78 0
226 312.454 7.66841 0.01 1 77 0
227 306.697 8.11544 0.01 1 65 -3.96669e-05
229 312.507 7.66841 0.01 1 77 0
234 308.76 8.04708 0.01 1 72 0
235 309.214 8.16816 0.01 1 72 0
236 307.538 8.00827 0.01 1 67 0
240 306.851 8.24382 0.01 1 67 -7.89762e-07
242 308.805 7.92355 0.01 1 72 0
243 306.573 8.03355 0.01 1 72 0
250 310.618 7.83453 0.01 1 79 0
252 307.685 8.10097 0.01 1 65 0
256 307.87 8.27462 0.01 1 66 0
257 308.735 8.14418 0.01 1 72 0
259 311.172 8.03345 0.01 1 77 0
261 306.278 7.67193 0.01 1 67 0
263 307.87 8.24804 0.01 1 67 0
266 308.926 8.0448 0.01 1 67 0
268 305.628 7.58147 0.01 1 67 0
270 312.209 7.69779 0.01 1 77 0
271 310.618 7.85101 0.01 1 77 0
272 305.628 7.58147 0.01 1 66 0
278 311.108 7.94011 0.01 1 78 0
282 310.618 7.83453 0.01 1 78 0
287 310.618 8.16119 0.01 1 79 0
288 307.538 8.04567 0.01 1 66 0
290 310.678 8.16119 0.01 1 78 0.000240043
293 306.697 8.34499 0.01 1 66 0
297 307.685 8.10097 0.01 1 66 0
298 305.101 7.75209 0.01 1 67 0
299 306.936 7.87535 0.01 1 66 0
306 307.87 8.27462 0.01 1 66 0
310 306.07 8.34499 0.01 1 67 0
316 312.319 7.70499 0.01 1 77 0
317 310.618 8.16119 0.01 1 77 0
319 307.87 8.24804 0.01 1 67 0
324 309.875 7.72499 0.01 1 72 0
326 310.618 8.16119 0.01 1 78 0
328 310.253 7.5693 0.01 1 78 0
333 306.07 8.34499 0.01 1 66 0
339 307.491 8.208 0.01 1 67 0
340 310.618 8.16119 0.01 1 79 0
343 310.185 8.06656 0.01 1 72 0
346 306.573 7.93432 0.01 1 72 0
349 312.319 7.62251 0.01 1 77 0
355 310.126 7.90274 0.01 1 72 0
360 310.275 7.95252 0.01 1 66 0
362 308.028 7.85772 0.01 1 72 0
364 307.538 8.04567 0.01 1 66 0
367 307.303 8.06251 0.01 1 72 0
370 307.538 8.04567 0.01 1 67 0
373 311.172 8.03345 0.01 1 77 0
374 307.731 7.8443 0.01 1 72 0
380 310.384 8.16315 0.01 1 78 0
383 305.628 7.58147 0.01 1 65 0
384 308.035 8.15446 0.01 1 72 0
386 310.618 7.83453 0.01 1 78 0
387 307.538 8.04567 0.01 1 67 0
388 308.237 8.27462 0.01 1 67 0
390 310.253 7.5693 0.01 1 77 0
393 307.475 7.97762 0.01 1 66 0
394 306.697 8.34499 0.01 1 66 0
399 305.478 7.97413 0.01 1 67 0
401 306.936 7.90343 0.01 1 66 0
403 308.926 7.95252 0.01 1 66 0
405 306.15 8.11222 0.01 1 65 0
406 309.848 7.59899 0.01 1 77 0
408 312.821 7.69779 0.01 1 78 0
409 310.618 7.83453 0.01 1 78 0
411 309.88 7.94011 0.01 1 77 0
412 306.747 8.03648 0.01 1 72 0
416 309.848 7.59899 0.01 1 77 0
418 308.426 8.08462 0.01 1 67 0
419 305.628 7.58147 0.01 1 65 0
421 307.538 8.04567 0.01 1 66 0
427 311.108 7.94011 0.01 1 78 0
430 309.391 8.20558 0.01 1 72 0
431 311.108 7.94011 0.01 1 79 0
437 311.108 7.94011 0.01 1 78 0
438 306.936 7.90343 0.01 1 67 0
439 310.253 7.5693 0.01 1 77 0
442 305.628 7.58147 0.01 1 67 0
446 309.835 8.11818 0.01 1 67 0
448 312.507 7.7534 0.01 1 77 0
449 309.835 8.11818 0.01 1 67 0
452 305.628 7.58147 0.01 1 66 0
454 307.244 7.96502 0.01 1 67 0
456 312.454 7.66841 0.01 1 78 0
458 307.538 8.04567 0.01 1 67 0
463 307.87 8.27462 0.01 1 67 0
465 308.76 8.04708 0.01 1 72 0
467 304.998 8.34499 0.01 1 67 0
470 306.747 8.03648 0.01 1 72 0
475 307.538 8.00827 0.01 1 67 0
477 310.253 7.5693 0.01 1 77 0
479 306.697 8.34499 0.01 1 65 0
485 310.618 8.16119 0.01 1 79 0
488 312.507 7.66841 0.01 1 77 0
492 311.108 7.94011 0.01 1 78 0
493 307.336 8.13895 0.01 1 67 0
495 307.463 8.13895 0.01 1 67 0.000606194
497 305.875 7.63824 0.01 1 67 0
499 310.618 7.85101 0.01 1 79 0
500 310.618 7.83453 0.01 1 78 0
503 305.628 7.58147 0.01 1 67 0
505 310.326 8.01035 0.01 1 72 0
507 307.863 8.04567 0.01 1 66 0
509 311.108 7.94011 0.01 1 77 0
513 306.936 7.90343 0.01 1 66 0
515 310.618 8.16119 0.01 1 77 0
517 311.108 7.94011 0.01 1 77 0
528 309.391 8.27589 0.01 1 72 0
531 308.981 8.0505 0.01 1 72 0
532 307.107 8.15235 0.01 1 72 0
533 312.507 7.66841 0.01 1 78 0
536 307.164 7.98257 0.01 1 66 0
539 307.87 8.27462 0.01 1 66 0
540 311.186 7.70694 0.01 1 79 0
542 308.237 8.27462 0.01 1 67 0
545 308.426 8.08462 0.01 1 67 0
547 306.936 7.90343 0.01 1 66 0
548 311.293 7.849 0.01 1 72 0
550 305.875 7.63824 0.01 1 67 0
552 307.538 8.04567 0.01 1 67 0
561 309.469 8.00477 0.01 1 66 0
567 307.244 7.96502 0.01 1 67 0
572 310.618 7.85101 0.01 1 79 0
573 312.319 7.62251 0.01 1 78 0
575 309.391 8.20558 0.01 1 72 0
577 307.87 8.27462 0.01 1 66 0
578 307.336 8.13895 0.01 1 65 0
580 309.88 7.94011 0.01 1 78 0
581 309.733 8.1346 0.01 1 72 0
582 311.424 7.78717 0.01 1 77 0
583 312.507 7.69372 0.01 1 77 0
588 312.507 7.63372 0.01 1 78 -1.54823e-05
589 309.494 8.09402 0.01 1 72 0
596 313.752 7.62251 0.01 1 77 0
597 310.618 8.16119 0.01 1 78 0
604 306.622 8.20298 0.01 1 67 0
605 311.108 7.94011 0.01 1 78 0
606 310.253 7.5693 0.01 1 77 0
607 306.672 7.871 0.01 1 72 0
608 306.15 8.24751 0.01 1 66 0
611 308.805 7.92355 0.01 1 72 0
612 312.086 7.70694 0.01 1 77 -0.000409856
616 310.253 7.5693 0.01 1 77 0
618 312.507 7.66841 0.01 1 77 0
619 310.326 8.01035 0.01 1 72 0
620 308.37 7.96502 0.01 1 67 0
621 312.319 7.62251 0.01 1 78 0
622 311.076 8.1842 0.01 1 77 0
623 308.76 8.04708 0.01 1 72 0
625 307.87 8.27462 0.01 1 66 0
626 306.989 8.29983 0.01 1 67 0
628 311.424 7.78717 0.01 1 77 0
637 307.21 7.98634 0.01 1 67 0
644 311.172 8.03345 0.01 1 77 0
647 306.278 7.59636 0.01 1 67 0
648 306.171 8.33916 0.01 1 67 0
650 307.87 8.24804 0.01 1 67 0
653 311.94 7.73434 0.01 1 72 0
655 309.391 8.20558 0.01 1 72 0
658 309.093 7.81962 0.01 1 77 0
660 306.989 8.29983 0.01 1 67 0
663 306.936 7.90343 0.01 1 66 0
665 307.475 7.96502 0.01 1 67 0
674 305.628 7.58147 0.01 1 66 0
675 306.936 7.90343 0.01 1 67 0
676 306.278 7.67193 0.01 1 67 0
680 312.592 7.95018 0.01 1 72 0
682 306.609 8.47995 0.01 1 67 3.74764e-05
684 312.507 7.66841 0.01 1 77 0
685 305.628 7.58147 0.01 1 66 0
688 307.685 8.10097 0.01 1 66 0
689 307.336 8.13895 0.01 1 67 0
697 307.107 8.15235 0.01 1 72 0
700 305.865 8.05704 0.01 1 67 0
701 307.538 8.04567 0.01 1 67 0
702 307.87 8.27462 0.01 1 66 0
703 305.667 8.34499 0.01 1 65 0
705 307.596 8.36085 0.01 1 67 0
706 309.29 8.05817 0.01 1 72 0
707 312.264 7.85757 0.01 1 77 0
710 307.87 8.27462 0.01 1 66 0
716 307.87 8.29347 0.01 1 66 0
717 310.04 8.04054 0.01 1 72 0
718 308.84 8.04708 0.01 1 72 0
719 305.865 8.05704 0.01 1 67 0
721 312.454 7.66841 0.01 1 78 0
723 307.87 8.24092 0.01 1 65 0
725 307.217 8.51835 0.01 1 66 0
730 312.821 7.69779 0.01 1 77 0
738 307.716 8.13914 0.01 1 77 0
739 305.865 8.05704 0.01 1 67 0
741 306.07 8.34499 0.01 1 67 0
749 306.697 8.34499 0.01 1 65 0
754 304.177 8.24751 0.01 1 66 -0.00379832
764 308.066 8.11653 0.01 1 67 0
767 308.035 8.07086 0.01 1 66 0
768 312.507 7.66841 0.01 1 77 0
769 311.172 8.09035 0.01 1 77 0
770 305.865 8.05704 0.01 1 66 0
771 309.648 8.09162 0.01 1 72 0
772 307.21 7.98634 0.01 1 67 0
773 306.936 7.90343 0.01 1 66 0
774 307.87 8.27462 0.01 1 66 0
779 311.076 8.1842 0.01 1 77 0
780 312.319 7.62251 0.01 1 78 0
781 306.697 8.34499 0.01 1 66 0
791 307.538 8.04567 0.01 1 67 0
792 310.116 7.96017 0.01 1 72 0
794 309.391 8.20558 0.01 1 72 0
795 306.936 7.87535 0.01 1 66 0
798 308.76 8.04708 0.01 1 72 0
800 307.863 7.95021 0.01 1 67 0
810 311.062 8.20558 0.01 1 72 0
811 310.694 8.09035 0.01 1 77 -0.000893116
823 307.599 7.92355 0.01 1 72 0
824 306.851 8.24382 0.01 1 67 0
826 305.478 7.83327 0.01 1 67 0
827 306.15 8.11222 0.01 1 66 0
828 311.424 7.78717 0.01 1 77 0
829 305.101 7.75209 0.01 1 67 0
830 306.697 8.34499 0.01 1 65 0
835 310.618 8.12199 0.01 1 79 -4.97699e-05
836 308.735 8.14418 0.01 1 72 0
840 307.57 7.80215 0.01 1 67 0
843 306.15 8.24751 0.01 1 67 0
854 308.805 7.92355 0.01 1 72 0
855 306.171 8.33916 0.01 1 67 0
859 308.426 8.08462 0.01 1 67 0
860 310.618 7.83453 0.01 1 79 0
862 307.87 8.27462 0.01 1 66 0
863 310.618 8.16119 0.01 1 78 0
864 311.108 7.94011 0.01 1 79 0
867 308.046 7.8724 0.01 1 72 0
869 312.507 7.66841 0.01 1 78 0
871 310.919 7.85378 0.01 1 77 0.000496522
873 312.507 7.66841 0.01 1 78 0
875 307.87 8.27462 0.01 1 66 0
876 310.185 8.06656 0.01 1 72 0
877 312.507 7.66841 0.01 1 78 0
878 310.618 8.16119 0.01 1 79 0
880 308.37 7.96502 0.01 1 67 0
883 307.164 7.98257 0.01 1 67 0
886 308.68 7.97294 0.01 1 72 0
887 310.618 8.16119 0.01 1 78 0
888 306.936 7.87535 0.01 1 66 0
889 305.628 7.58147 0.01 1 67 0
893 307.187 8.20558 0.01 1 72 0
896 306.697 8.34499 0.01 1 67 0
901 307.303 8.06251 0.01 1 72 0
908 307.87 8.27462 0.01 1 66 0
916 310.618 7.83453 0.01 1 79 0
919 307.87 8.27462 0.01 1 66 0
920 306.278 7.77419 0.01 1 66 0
925 312.821 7.69779 0.01 1 77 0
926 306.988 8.12341 0.01 1 72 0
929 307.87 8.24804 0.01 1 67 0
932 310.691 8.06656 0.01 1 72 0
936 311.424 7.78717 0.01 1 79 0
941 309.648 8.09162 0.01 1 72 0
943 311.207 7.73434 0.01 1 72 0
944 309.875 7.72499 0.01 1 72 0
945 310.126 7.90274 0.01 1 72 0
950 310.618 8.16887 0.01 1 78 0
953 310.618 8.16119 0.01 1 78 0
954 308.214 8.34499 0.01 1 67 0
956 306.851 8.35023 0.01 1 67 0
963 308.046 7.8724 0.01 1 72 0
965 312.319 7.62251 0.01 1 78 0
966 312.507 7.66841 0.01 1 77 0
970 308.805 7.92355 0.01 1 72 0
971 310.384 8.16315 0.01 1 78 0
973 309.391 8.20558 0.01 1 72 0
975 312.507 7.66841 0.01 1 77 0
976 309.37 7.75903 0.01 1 72 0
981 308.046 7.8724 0.01 1 72 0
983 311.424 7.78717 0.01 1 77 0
984 311.108 7.94011 0.01 1 78 0
985 310.04 8.04054 0.01 1 72 0
987 306.936 7.90343 0.01 1 66 0
989 310.618 7.85101 0.01 1 77 0
997 305.865 8.05704 0.01 1 67 0
999 307.538 8.04567 0.01 1 67 0
1001 311.16 7.67442 0.01 1 77 0
1010 308.68 7.97294 0.01 1 72 0
1011 307.685 8.10097 0.01 1 66 0
1019 312.319 7.62251 0.01 1 77 0
1022 310.702 7.91916 0.01 1 78 0
1027 308.426 8.08462 0.01 1 65 0
1031 307.87 8.24092 0.01 1 65 0
1033 309.391 7.85796 0.01 1 72 0
1039 306.399 8.05704 0.01 1 67 0
1040 306.239 8.04567 0.01 1 67 0
1043 307.87 8.27462 0.01 1 66 0
1044 311.172 8.03345 0.01 1 77 0
1047 310.618 7.82587 0.01 1 77 0
1052 307.62 8.21795 0.01 1 67 0
1056 310.618 7.83453 0.01 1 79 0
1070 305.628 7.58147 0.01 1 66 0
1071 306.278 7.77419 0.01 1 66 0
1074 308.772 7.97294 0.01 1 72 0
1075 307.87 8.24804 0.01 1 67 0
1078 306.936 7.90343 0.01 1 66 0
1080 306.672 7.871 0.01 1 72 0
1081 307.87 8.27462 0.01 1 65 0
1083 310.253 7.60581 0.01 1 77 0
1089 305.478 7.83327 0.01 1 67 0
1090 311.666 7.73922 0.01 1 77 0
1098 307.685 8.10097 0.01 1 66 0
1099 310.916 7.85101 0.01 1 79 0
1101 310.185 8.06656 0.01 1 72 0
1105 308.426 8.08462 0.01 1 67 0
1116 307.538 8.04567 0.01 1 67 0
1118 308.735 8.14418 0.01 1 72 0
1119 307.87 8.27462 0.01 1 66 0
1120 305.628 7.58147 0.01 1 67 0
1123 306.238 7.98257 0.01 1 67 0
1124 309.946 7.82941 0.01 1 72 0
1128 306.936 7.87535 0.01 1 66 0
1130 312.507 7.69372 0.01 1 78 0
1132 310.618 8.00902 0.01 1 77 0
1133 309.37 7.75903 0.01 1 72 0
1134 305.173 8.24751 0.01 1 67 0
1135 310.618 8.16119 0.01 1 77 0
1136 310.696 8.17561 0.01 1 77 0
1137 307.87 8.27462 0.01 1 66 0
1143 305.478 7.97413 0.01 1 67 0
1145 306.936 7.90343 0.01 1 66 0
1152 310.618 7.83453 0.01 1 77 0
1158 305.875 7.83327 0.01 1 67 0
1159 306.697 8.4202 0.01 1 72 0
1162 306.989 8.29983 0.01 1 66 0
1163 309.391 7.94532 0.01 1 72 5.34952e-06
1166 306.911 8.27462 0.01 1 66 0
1168 311.172 8.23245 0.01 1 78 0
1170 307.87 8.27462 0.01 1 65 0
1171 307.538 8.00827 0.01 1 67 0
1174 309.738 8.0505 0.01 1 77 0
1176 304.998 8.34499 0.01 1 66 0
1177 309.37 7.69473 0.01 1 72 0
1178 308.926 7.95252 0.01 1 66 0
1179 309.469 8.00477 0.01 1 67 0
1183 305.875 7.63824 0.01 1 67 0
1184 305.628 7.58147 0.01 1 66 0
1185 311.275 7.82257 0.01 1 77 0.00117709
1190 310.696 8.17561 0.01 1 77 0
1194 306.697 8.47995 0.01 1 67 0
1195 306.07 8.34499 0.01 1 67 0
1202 307.475 7.97762 0.01 1 67 0
1205 308.926 8.0448 0.01 1 67 0
1209 312.821 7.69779 0.01 1 79 0
1212 311.424 7.78717 0.01 1 77 0
1213 306.936 7.90343 0.01 1 65 0
1217 311.108 7.94011 0.01 1 77 0
1218 306.07 8.34499 0.01 1 67 0
1222 312.319 7.62251 0.01 1 78 0
1223 306.278 7.77419 0.01 1 66 0
1228 305.875 7.83327 0.01 1 67 0
1232 305.628 7.58147 0.01 1 66 0
1233 310.618 8.16119 0.01 1 79 0
1236 305.865 8.05704 0.01 1 66 0
1241 309.848 7.59899 0.01 1 77 0
1243 311.186 7.70694 0.01 1 77 0
1247 308.68 7.97294 0.01 1 72 0
1252 305.478 7.83327 0.01 1 67 0
1254 310.178 8.07865 0.01 1 78 0
1257 310.116 7.91403 0.01 1 72 0
1258 306.311 8.11964 0.01 1 72 0
1263 307.538 7.8916 0.01 1 67 -6.45965e-05
1266 307.87 8.27462 0.01 1 66 0
1267 308.772 7.97294 0.01 1 72 0
1270 305.478 7.83327 0.01 1 67 0
1275 310.326 8.01035 0.01 1 72 0
1281 306.936 7.90343 0.01 1 67 0
1288 308.805 7.92355 0.01 1 72 0
1289 306.936 7.90343 0.01 1 67 0
1295 307.475 7.97762 0.01 1 67 0
1298 310.326 8.01035 0.01 1 72 0
1299 308.926 7.9284 0.01 1 67 0
1300 306.15 8.11222 0.01 1 67 0
1305 307.87 8.27462 0.01 1 65 0
1306 310.116 7.96017 0.01 1 72 0
1309 305.875 7.63824 0.01 1 67 0
1310 307.87 8.24092 0.01 1 65 -6.41048e-05
1312 307.87 8.27462 0.01 1 66 0
1313 310.326 8.01035 0.01 1 72 0
1314 306.697 8.34499 0.01 1 66 0
1315 306.851 8.35023 0.01 1 67 0
1323 305.628 7.58147 0.01 1 66 0
1326 307.303 8.06251 0.01 1 72 0
1330 305.628 7.58147 0.01 1 66 0
1335 310.618 8.16119 0.01 1 77 0
1336 307.187 8.20558 0.01 1 72 0
1340 311.744 8.09035 0.01 1 77 0
1343 307.303 8.06251 0.01 1 72 0
1347 306.15 8.11222 0.01 1 66 0
1353 307.767 7.97294 0.01 1 67 0
1359 305.628 7.58147 0.01 1 67 0
1360 307.87 8.27462 0.01 1 66 0
1363 311.744 8.09035 0.01 1 77 0
1365 311.94 7.73434 0.01 1 72 0
1368 312.507 7.66841 0.01 1 77 0
1377 310.618 8.16119 0.01 1 78 0
1379 310.126 7.90274 0.01 1 72 0
1380 312.507 7.66841 0.01 1 78 0
1383 310.618 7.83453 0.01 1 78 0
1384 308.76 8.04708 0.01 1 72 0
1386 307.599 7.92355 0.01 1 72 0
1389 309.648 8.09162 0.01 1 72 0
1408 311.172 8.03345 0.01 1 77 0
1409 307.87 8.27462 0.01 1 66 0
1410 309.093 7.81962 0.01 1 78 0
1411 306.399 8.05704 0.01 1 67 0
1412 306.697 8.34499 0.01 1 67 0
1413 311.172 8.03345 0.01 1 77 0
1415 307.87 8.27462 0.01 1 66 0
1424 305.865 8.05704 0.01 1 66 0
1426 310.618 7.85101 0.01 1 78 0
1428 308.84 8.04708 0.01 1 72 0
1429 310.696 8.17561 0.01 1 77 0
1430 310.618 7.83453 0.01 1 78 0
1432 305.628 7.58147 0.01 1 66 0
1438 305.628 7.58147 0.01 1 66 0
1439 306.896 8.03355 0.01 1 72 0
1442 307.87 8.24804 0.01 1 67 0
1443 310.618 8.16119 0.01 1 79 0
1446 309.391 8.20558 0.01 1 72 0
1447 306.936 7.80336 0.01 1 66 -3.56883e-05
1452 305.825 8.04547 0.01 1 72 0
1453 307.538 8.00827 0.01 1 67 0
1454 307.164 7.98257 0.01 1 66 0
1456 310.116 7.78469 0.01 1 72 0
1457 305.865 8.05704 0.01 1 67 0
1458 307.244 7.96502 0.01 1 67 0
1459 310.618 7.83453 0.01 1 78 0
1460 305.628 7.58147 0.01 1 66 0
1463 306.697 8.34499 0.01 1 66 0
1464 307.565 8.34499 0.01 1 67 0
1466 307.599 7.92355 0.01 1 72 0
1467 309.469 8.00477 0.01 1 66 0
1470 307.87 8.27462 0.01 1 66 0
1472 308.981 8.0505 0.01 1 72 0
1475 308.76 8.04708 0.01 1 72 0
1477 310.696 7.85378 0.01 1 77 0
1483 312.592 7.95018 0.01 1 72 0
1486 308.464 7.90155 0.01 1 67 0
1490 308.76 8.04708 0.01 1 72 0
1493 307.73 8.06847 0.01 1 77 0
1494 310.618 8.16119 0.01 1 77 0
1496 312.507 7.66841 0.01 1 77 0
1498 305.173 8.24751 0.01 1 66 0
1499 309.848 7.59899 0.01 1 77 0
1510 310.618 8.12199 0.01 1 79 0
1512 306.697 8.34499 0.01 1 65 0
1513 307.87 8.27462 0.01 1 65 0
1516 306.936 7.90343 0.01 1 66 0
1521 310.618 8.00902 0.01 1 77 0
1524 305.628 7.58147 0.01 1 66 0
1527 305.628 7.58147 0.01 1 65 0
1530 306.215 8.78036 0.01 1 67 0
1533 307.73 8.06847 0.01 1 77 0
1537 309.214 8.16816 0.01 1 72 0
1538 305.667 8.34499 0.01 1 65 0
1547 312.507 7.66841 0.01 1 77 0
1552 305.628 7.51042 0.01 1 67 0
1554 306.672 7.871 0.01 1 72 0
1556 311.008 8.13951 0.01 1 72 0
1559 307.21 7.98634 0.01 1 67 0
1562 309.391 8.20558 0.01 1 72 0
1564 307.303 8.1623 0.01 1 72 0.00010471
1565 304.917 8.17803 0.01 1 67 0
1566 312.507 7.66841 0.01 1 77 0
1570 305.628 7.58147 0.01 1 65 0
1571 309.648 8.09162 0.01 1 72 0
1572 306.697 8.34499 0.01 1 65 0
1575 307.538 8.04567 0.01 1 67 0
1576 306.936 7.90343 0.01 1 66 0
1578 310.618 7.82257 0.01 1 77 0
1581 309.391 8.13533 0.01 1 72 0
1583 310.263 7.83083 0.01 1 77 0
1585 307.73 8.06847 0.01 1 77 0
1588 305.393 7.60736 0.01 1 67 0
1589 309.093 7.81962 0.01 1 78 0
1591 310.116 7.96017 0.01 1 72 0
1594 306.697 8.34499 0.01 1 65 0
1596 307.538 8.04567 0.01 1 67 0
1597 306.697 8.34499 0.01 1 66 0
1599 308.735 8.03648 0.01 1 72 0
1601 310.126 7.90274 0.01 1 72 0
1604 307.87 8.27462 0.01 1 66 0
1605 311.002 7.78441 0.01 1 77 0
1606 305.667 8.34499 0.01 1 65 0
1607 308.926 8.0448 0.01 1 67 0
1609 311.186 7.70694 0.01 1 77 0
1615 308.795 8.21675 0.01 1 72 0
1616 311.076 8.1842 0.01 1 77 0
1623 306.07 8.35688 0.01 1 67 7.59959e-07
1629 306.697 8.34499 0.01 1 66 0
1631 306.239 8.04567 0.01 1 67 0
1632 307.73 8.06847 0.01 1 77 0
1633 308.772 7.97294 0.01 1 72 0
1636 310.618 7.83453 0.01 1 78 0
1638 307.685 8.10097 0.01 1 67 0
1640 310.618 8.16119 0.01 1 79 0
1641 312.507 7.66841 0.01 1 77 0
1642 310.04 8.04054 0.01 1 72 0
1652 309.216 8.04708 0.01 1 67 0
1653 305.865 8.01466 0.01 1 66 0
1655 312.507 7.66841 0.01 1 77 0
1659 306.07 8.34499 0.01 1 67 0
1660 310.618 7.85101 0.01 1 77 0
1661 305.628 7.58147 0.01 1 67 0
1664 305.478 7.83327 0.01 1 67 0
1667 310.618 7.83453 0.01 1 78 0
1668 309.188 8.3103 0.01 1 79 0
1672 305.628 7.58147 0.01 1 67 0
1673 309.738 8.06847 0.01 1 72 0
1676 308.426 8.08462 0.01 1 67 0
1680 307.716 8.13914 0.01 1 77 0
1683 312.507 7.66841 0.01 1 77 0
1686 306.672 7.871 0.01 1 72 0
1689 312.507 7.66841 0.01 1 78 0
1691 311.172 8.03345 0.01 1 77 0
1695 308.926 8.0448 0.01 1 67 0
1701 307.685 8.10097 0.01 1 66 0
1702 306.278 7.59636 0.01 1 67 0
1704 305.865 8.05704 0.01 1 67 0
1709 306.936 7.90343 0.01 1 66 0
1710 306.851 8.35023 0.01 1 67 0
1712 312.885 7.70499 0.01 1 77 -0.00206263
1713 311.424 7.78717 0.01 1 77 0
1716 307.731 7.8443 0.01 1 72 0
1718 306.407 7.58147 0.01 1 67 0
1724 307.87 8.27462 0.01 1 66 0
1726 309.093 7.81962 0.01 1 78 0
1729 310.618 8.16119 0.01 1 77 0
1731 310.696 8.17561 0.01 1 77 0
1732 304.917 8.17803 0.01 1 66 0
1733 307.87 8.27462 0.01 1 66 0
1734 308.926 8.0448 0.01 1 67 0
1736 310.702 7.94011 0.01 1 77 0
1739 307.303 8.06251 0.01 1 72 0
1740 307.87 8.29347 0.01 1 66 0
1743 305.865 8.05704 0.01 1 67 0
1746 312.507 7.66841 0.01 1 77 0
1747 307.538 8.04567 0.01 1 67 0
1758 309.093 7.81962 0.01 1 77 0
1760 309.627 8.05817 0.01 1 72 -0.000471056
1767 306.697 8.34499 0.01 1 65 0
1771 309.391 8.20558 0.01 1 72 0
1774 307.059 8.21795 0.01 1 67 0
1775 307.187 8.20558 0.01 1 72 0
1776 306.697 8.34499 0.01 1 65 0
1777 310.618 7.83453 0.01 1 79 0
1780 308.735 8.14418 0.01 1 72 0
1781 308.028 7.85772 0.01 1 72 0
1782 312.507 7.66841 0.01 1 77 0
1785 307.87 8.24804 0.01 1 67 0
1786 307.87 8.27462 0.01 1 66 0
1787 311.108 7.94011 0.01 1 77 0
1788 312.507 7.66841 0.01 1 77 0
1798 312.454 7.66841 0.01 1 78 0
1800 308.76 8.04708 0.01 1 72 0
1802 310.253 7.60581 0.01 1 77 0
1803 307.87 8.24804 0.01 1 67 0
1804 307.87 8.27462 0.01 1 66 0
1810 310.22 7.849 0.01 1 72 0
1811 312.209 7.69779 0.01 1 78 0
1814 310.618 7.82257 0.01 1 77 0
1815 306.672 7.871 0.01 1 72 0
1820 305.628 7.51042 0.01 1 67 0
1823 309.093 7.81962 0.01 1 78 0
1828 308.114 8.11818 0.01 1 67 0
1835 311.424 7.78717 0.01 1 79 0
1837 309.88 7.94011 0.01 1 78 0
1840 308.214 8.34499 0.01 1 67 0
1841 307.87 8.27462 0.01 1 66 0
1842 306.697 8.34499 0.01 1 65 0
1846 306.697 8.34499 0.01 1 67 0
1848 305.865 8.05704 0.01 1 67 0
1850 306.936 7.90343 0.01 1 66 0
1853 308.76 8.04708 0.01 1 67 0
1854 306.622 8.07633 0.01 1 72 0
1855 310.618 8.16119 0.01 1 77 0
1856 310.696 8.17561 0.01 1 77 0
1857 307.538 8.04567 0.01 1 66 0
1862 307.731 7.8443 0.01 1 72 0
1863 308.981 8.0505 0.01 1 72 0
1865 306.15 8.11222 0.01 1 65 0
1869 306.697 8.4202 0.01 1 72 0
1872 310.618 7.83453 0.01 1 78 0
1873 306.07 8.34499 0.01 1 67 0
1881 308.926 8.0448 0.01 1 67 0
1882 307.475 7.97762 0.01 1 67 0
1883 308.37 7.96502 0.01 1 66 0
1885 312.264 7.85757 0.01 1 77 0
1886 309.469 8.00477 0.01 1 66 0
1887 306.936 7.90343 0.01 1 66 0
1888 307.855 8.24519 0.01 1 72 0
1891 309.37 7.69473 0.01 1 72 0
1892 307.538 8.04567 0.01 1 67 0
1894 311.413 8.3103 0.01 1 78 0.00223431
1895 308.514 7.8443 0.01 1 72 0
1899 310.04 8.04054 0.01 1 72 0
1903 306.15 8.24751 0.01 1 66 0
1905 305.628 7.58147 0.01 1 66 0
1907 306.278 7.77419 0.01 1 65 0
1911 309.648 8.09162 0.01 1 72 0
1916 312.507 7.66841 0.01 1 77 0
1918 308.035 8.17245 0.01 1 72 0
1925 307.538 8.04567 0.01 1 66 0
1928 310.34 7.67442 0.01 1 77 0
1929 305.865 8.05704 0.01 1 66 0
1935 307.87 8.27462 0.01 1 66 0
1938 307.538 8.04567 0.01 1 67 0
1941 311.108 7.94011 0.01 1 78 0
1943 305.478 7.97413 0.01 1 67 0
1944 310.34 7.67442 0.01 1 77 0
1949 311.172 8.03345 0.01 1 77 0
1951 311.108 7.94011 0.01 1 78 0
1961 308.76 8.04708 0.01 1 72 0
1962 310.116 7.96017 0.01 1 72 0
1966 311.108 7.94011 0.01 1 78 0
1967 307.87 8.27462 0.01 1 65 0
1968 312.319 7.62251 0.01 1 77 0
1969 305.628 7.58147 0.01 1 66 0
1970 306.425 8.29025 0.01 1 67 0.00025934
1971 304.998 8.34499 0.01 1 66 0
1974 310.618 8.16119 0.01 1 79 0
1978 309.738 8.06847 0.01 1 72 0
1981 310.384 8.16315 0.01 1 78 0
1989 307.87 8.27462 0.01 1 66 0
1991 310.178 8.07865 0.01 1 78 0
1994 306.227 7.58147 0.01 1 66 0.000149354
1997 309.391 8.13533 0.01 1 72 0
2006 307.565 8.34499 0.01 1 67 0
2007 310.618 7.83453 0.01 1 78 0
2011 307.62 8.21795 0.01 1 66 0
2020 308.772 7.97294 0.01 1 72 0
2022 308.926 7.95252 0.01 1 66 0
2023 305.196 8.34499 0.01 1 66 0.000186041
2027 310.253 7.5693 0.01 1 77 0
2031 307.87 8.27462 0.01 1 67 0
2032 307.87 8.27462 0.01 1 66 0
2040 307.87 8.27462 0.01 1 67 0
2042 310.618 7.83453 0.01 1 78 0
2045 307.87 8.29347 0.01 1 66 0
2047 307.87 8.27462 0.01 1 66 0
2048 307.187 8.20558 0.01 1 72 0
2050 310.702 7.94011 0.01 1 77 0
2051 310.116 7.84115 0.01 1 72 -3.65227e-05
2055 306.07 8.35688 0.01 1 67 0
2057 307.451 8.21675 0.01 1 72 0
2060 308.272 7.76507 0.01 1 72 0
2062 307.21 7.98634 0.01 1 67 0
2068 310.916 7.85101 0.01 1 79 0
2069 309.324 8.17561 0.01 1 77 0
2075 307.538 8.04567 0.01 1 67 0
2076 311.16 7.67442 0.01 1 77 0
2083 306.311 8.11964 0.01 1 72 0
2084 310.618 7.85101 0.01 1 77 0
2087 307.863 7.88922 0.01 1 67 0
2092 310.618 7.83453 0.01 1 79 0
2093 307.685 8.10097 0.01 1 67 0
2099 306.278 7.77419 0.01 1 66 0
2103 312.507 7.7534 0.01 1 77 0
2106 307.87 8.24092 0.01 1 65 0
2109 309.093 7.81962 0.01 1 78 0
2112 310.116 7.91403 0.01 1 72 0
2117 308.426 8.08462 0.01 1 67 0
2118 310.253 7.5693 0.01 1 77 0
2119 307.87 8.27462 0.01 1 66 0
2121 305.667 8.34499 0.01 1 65 0
2124 310.263 7.83083 0.01 1 77 0
2130 307.538 8.04567 0.01 1 67 0
2132 306.239 8.04567 0.01 1 67 0
2136 311.108 7.94011 0.01 1 78 0
2140 310.04 8.04054 0.01 1 72 0
2141 311.666 7.76649 0.01 1 77 0
2143 307.87 8.13071 0.01 1 66 -0.000176504
2144 307.475 7.96502 0.01 1 67 0
2146 310.326 8.01035 0.01 1 72 0
2148 309.391 7.92276 0.01 1 72 0
2149 308.237 8.27462 0.01 1 66 0
2150 304.998 8.34499 0.01 1 66 0
2154 309.214 8.16816 0.01 1 72 0
2157 308.237 8.27462 0.01 1 66 0
2162 305.628 7.58147 0.01 1 67 0
2169 307.87 8.27462 0.01 1 66 0
2171 310.618 8.3103 0.01 1 77 0
2172 306.672 7.871 0.01 1 72 0
2173 310.425 7.69372 0.01 1 78 -0.00368746
2175 306.697 8.47995 0.01 1 67 0
2176 309.648 8.09162 0.01 1 72 0
2178 309.875 7.62432 0.01 1 72 0
2181 305.865 8.05704 0.01 1 67 0
2183 306.896 8.03355 0.01 1 72 0
2185 307.187 8.20558 0.01 1 72 0
2191 309.391 8.20558 0.01 1 72 0
2194 308.68 7.97294 0.01 1 72 0
2195 305.865 8.05704 0.01 1 67 0
2198 309.37 7.69473 0.01 1 72 0
2200 307.62 8.21795 0.01 1 66 0
2203 307.463 8.13895 0.01 1 67 0
2206 305.875 7.63824 0.01 1 67 0
2212 306.936 7.90343 0.01 1 65 0
2214 310.618 7.83453 0.01 1 78 0
2218 308.426 8.08462 0.01 1 67 0
2220 309.391 8.20558 0.01 1 72 0
2221 307.87 8.27462 0.01 1 66 0
2228 312.507 7.66841 0.01 1 79 0
2229 311.108 7.94011 0.01 1 77 0
2231 305.628 7.58147 0.01 1 67 0
2234 306.697 8.34499 0.01 1 65 0
2235 306.07 8.34499 0.01 1 67 0
2237 304.998 8.34499 0.01 1 66 0
2241 311.108 7.94011 0.01 1 78 0
2244 311.108 7.94011 0.01 1 78 0
2249 305.875 7.63824 0.01 1 67 0
2250 305.393 7.60736 0.01 1 67 0
2251 308.68 7.97294 0.01 1 72 0
2255 310.702 7.94011 0.01 1 77 0
2261 305.875 7.83327 0.01 1 67 0
2262 310.916 7.85101 0.01 1 79 0.00162727
2264 309.29 8.05817 0.01 1 72 0
2267 306.15 8.24751 0.01 1 67 0
2268 310.696 8.17561 0.01 1 77 0
2273 309.391 8.20558 0.01 1 72 0
2275 306.936 7.90343 0.01 1 66 0
2277 312.507 7.69372 0.01 1 77 0
2278 311.172 8.03345 0.01 1 77 0
2279 311.172 8.03345 0.01 1 77 0
2282 308.735 8.14418 0.01 1 72 0
2283 307.538 8.23908 0.01 1 67 7.60406e-05
2284 311.108 7.94011 0.01 1 77 0
2287 307.538 8.04567 0.01 1 67 0
2289 311.108 7.94011 0.01 1 79 0
2290 306.989 8.29983 0.01 1 67 0
2293 307.87 8.27462 0.01 1 66 0
2294 310.22 7.849 0.01 1 72 0
2296 307.475 7.97762 0.01 1 66 0
2299 306.238 7.98257 0.01 1 67 0
2301 307.87 8.27462 0.01 1 66 0
2302 308.926 8.0448 0.01 1 67 0
2305 307.767 7.97294 0.01 1 67 0
2306 312.757 7.72294 0.01 1 77 0
2309 305.628 7.58147 0.01 1 66 0
2311 310.618 8.16119 0.01 1 78 0
2315 311.666 7.73922 0.01 1 77 0
2317 305.478 7.83327 0.01 1 67 0
2318 305.865 8.05704 0.01 1 66 0
2320 307.164 7.98257 0.01 1 67 0
2324 305.875 7.63824 0.01 1 67 0
2328 310.618 8.16119 0.01 1 78 0
2329 307.87 8.27462 0.01 1 66 0
2332 310.384 8.1931 0.01 1 77 0
2334 311.108 7.94011 0.01 1 78 0
2337 307.685 8.10097 0.01 1 66 0
2343 311.172 8.03345 0.01 1 77 0
2345 310.618 8.16119 0.01 1 79 0
2346 310.04 8.04054 0.01 1 72 0
2347 307.538 8.04567 0.01 1 67 0
2351 305.628 7.58147 0.01 1 67 0
2352 310.618 7.83453 0.01 1 78 0
2354 305.628 7.58147 0.01 1 67 0
2356 310.618 7.83453 0.01 1 78 0
2361 306.672 7.871 0.01 1 72 0
2368 306.697 8.47995 0.01 1 67 0
2371 310.178 8.07865 0.01 1 78 -0.00146142
2376 310.253 7.5693 0.01 1 77 0
2379 307.863 7.95021 0.01 1 66 0
2380 310.618 8.16119 0.01 1 79 0
2382 307.87 8.27462 0.01 1 66 0
2383 308.237 8.27462 0.01 1 67 0
2388 310.04 8.04054 0.01 1 72 0
2389 311.16 7.6153 0.01 1 77 0
2392 308.426 8.08462 0.01 1 67 0
2393 310.618 8.12199 0.01 1 79 0
2394 310.618 8.3103 0.01 1 78 0
2396 307.87 8.27462 0.01 1 65 0
2399 305.268 8.11222 0.01 1 65 0.000556156
2404 307.87 8.24804 0.01 1 67 0
2405 307.87 8.27462 0.01 1 65 0
2410 310.04 8.04054 0.01 1 72 0
2413 311.413 8.3103 0.01 1 78 0
2414 310.263 7.83083 0.01 1 77 0.00545891
2416 305.173 8.24751 0.01 1 66 0
2419 306.851 8.27668 0.01 1 67 0
2420 307.87 8.27462 0.01 1 66 0
2426 306.15 8.11222 0.01 1 66 0
2429 306.278 7.77419 0.01 1 67 0
2431 305.628 7.58147 0.01 1 66 0
2433 307.331 7.83939 0.01 1 67 0
2435 308.68 7.97294 0.01 1 72 0
2436 308.735 8.03648 0.01 1 72 0
2438 308.035 8.07086 0.01 1 66 0
2442 307.863 7.95021 0.01 1 66 0
2446 306.697 8.4202 0.01 1 72 0
2448 307.863 7.95021 0.01 1 67 0
2449 311.172 8.03345 0.01 1 77 0
2450 307.87 8.27462 0.01 1 67 0
2451 306.672 7.871 0.01 1 72 0
2459 309.264 8.27462 0.01 1 66 -0.00986919
2461 307.596 8.36085 0.01 1 66 0
2463 310.696 8.24021 0.01 1 77 0
2468 310.696 8.17561 0.01 1 77 0
2469 306.936 7.90343 0.01 1 66 0
2470 310.618 7.83453 0.01 1 79 0
2474 307.475 7.97762 0.01 1 67 0
2477 308.035 8.17245 0.01 1 72 0
2479 306.936 7.90343 0.01 1 66 0
2482 308.805 7.92355 0.01 1 72 0
2484 310.116 7.97635 0.01 1 72 7.83801e-06
2486 305.173 8.24751 0.01 1 66 0
2488 306.697 8.29699 0.01 1 67 0
2490 306.07 8.34499 0.01 1 67 0
2492 307.107 7.75209 0.01 1 72 0
2493 310.618 7.83453 0.01 1 78 0
2498 306.697 8.47995 0.01 1 67 0
2500 311.16 7.6153 0.01 1 77 0
2501 310.126 7.90274 0.01 1 72 0
2505 307.87 8.24804 0.01 1 66 0
2508 306.936 7.90343 0.01 1 66 0
2511 307.331 7.83939 0.01 1 67 0
2513 307.21 7.98634 0.01 1 67 0
2515 312.592 7.95018 0.01 1 72 0
2517 306.697 8.34499 0.01 1 66 0
2522 310.618 8.00902 0.01 1 77 0
2525 307.685 8.10097 0.01 1 66 0
2530 310.618 7.85101 0.01 1 77 0
2531 304.917 8.24751 0.01 1 66 0
2532 311.932 7.69779 0.01 1 77 0
2534 312.507 7.66841 0.01 1 78 0
2536 311.688 8.03345 0.01 1 77 0.000111282
2538 307.87 8.27462 0.01 1 67 0
2540 308.272 7.92195 0.01 1 72 0
2541 307.538 8.04567 0.01 1 67 0
2546 312.507 7.66841 0.01 1 77 0
2552 307.87 8.27462 0.01 1 66 0
2559 307.538 8.04567 0.01 1 66 0
2565 308.68 7.97294 0.01 1 72 0
2567 307.87 8.27462 0.01 1 66 0
2568 306.697 8.47995 0.01 1 67 0
2569 306.278 7.77419 0.01 1 67 0
2570 308.464 7.90155 0.01 1 67 0
2571 308.37 7.96502 0.01 1 66 0
2572 306.573 8.03355 0.01 1 72 0
2575 309.324 8.17561 0.01 1 77 -0.00595854
2577 310.126 7.90274 0.01 1 72 0
2582 310.126 7.90274 0.01 1 72 0
2583 305.466 8.41116 0.01 1 72 0
2584 308.426 8.08462 0.01 1 67 0
2587 309.156 7.79274 0.01 1 72 0
2588 309.88 7.94011 0.01 1 78 0
2591 312.507 7.66841 0.01 1 78 0
2598 311.172 8.09035 0.01 1 77 0
2604 305.865 8.05704 0.01 1 67 0
2606 310.116 7.96017 0.01 1 72 0
2608 309.848 7.59899 0.01 1 77 0
2616 306.936 7.90343 0.01 1 66 0
2619 308.426 8.08462 0.01 1 67 0
2624 311.002 7.95018 0.01 1 72 0
2626 310.696 8.17561 0.01 1 77 0
2628 310.702 7.94011 0.01 1 77 0
2629 305.865 8.05704 0.01 1 67 0
2630 310.116 7.78469 0.01 1 72 0
2632 310.696 8.20005 0.01 1 77 0
2635 308.162 8.06251 0.01 1 72 0
2637 306.697 8.34499 0.01 1 66 0
2648 309.37 7.69473 0.01 1 72 0
2651 310.618 8.16119 0.01 1 78 0
2652 312.507 7.71777 0.01 1 77 2.16663e-05
2653 310.702 7.94011 0.01 1 77 0
2654 312.209 7.69779 0.01 1 77 0
2655 312.821 7.69779 0.01 1 78 0
2656 312.507 7.66841 0.01 1 77 0
2657 311.814 7.70694 0.01 1 77 -2.68221e-07
2658 310.702 7.94011 0.01 1 78 0
2659 305.628 7.58147 0.01 1 66 0
2660 307.107 8.15235 0.01 1 72 0
2661 307.538 8.00827 0.01 1 67 0
2665 306.07 8.34499 0.01 1 67 0
2667 310.696 8.16953 0.01 1 77 -1.43051e-06
2668 310.618 8.07865 0.01 1 77 0
2671 304.998 8.34499 0.01 1 66 0
2672 306.573 8.03355 0.01 1 72 0
2676 310.702 7.94011 0.01 1 77 0
2678 306.311 8.11964 0.01 1 72 0
2681 308.68 7.97294 0.01 1 72 0
2682 307.107 7.68718 0.01 1 72 0
2685 309.848 7.59899 0.01 1 77 0
2686 308.114 8.1516 0.01 1 65 0
2688 310.618 8.16119 0.01 1 78 0
2690 309.733 8.1346 0.01 1 72 0
2692 307.475 7.96502 0.01 1 67 0
2698 310.916 7.85101 0.01 1 79 0
2699 307.451 8.21675 0.01 1 72 0
2700 311.172 8.23245 0.01 1 77 0
2701 312.821 7.69779 0.01 1 78 0
2703 308.046 8.10695 0.01 1 67 0
2704 309.391 8.20558 0.01 1 72 0
2705 309.648 7.96063 0.01 1 77 0
2707 310.696 7.85378 0.01 1 77 0
2715 310.064 8.17561 0.01 1 77 -0.0020812
2716 312.507 7.66841 0.01 1 77 0
2717 306.278 7.77419 0.01 1 67 0
2718 307.87 8.27462 0.01 1 66 0
2722 307.87 8.27462 0.01 1 67 0
2724 306.697 8.34499 0.01 1 67 0
2734 307.87 8.27462 0.01 1 66 0
2739 305.865 8.05704 0.01 1 66 0
2743 307.87 8.27462 0.01 1 67 0
2747 305.628 7.58147 0.01 1 67 0
2754 305.478 7.83327 0.01 1 67 0
2756 308.926 8.0448 0.01 1 66 0
2758 306.936 7.90343 0.01 1 66 0
2760 311.16 7.67442 0.01 1 77 0
2762 306.851 8.24382 0.01 1 67 0
2774 307.87 8.27462 0.01 1 67 0
2777 309.738 8.06847 0.01 1 72 0
2780 312.454 7.66841 0.01 1 77 0
2784 312.757 7.72294 0.01 1 77 0
2785 306.07 8.33317 0.01 1 67 0
2787 307.87 8.27462 0.01 1 66 0
2789 308.68 7.97294 0.01 1 72 0
2793 309.835 8.11818 0.01 1 67 0
2796 311.207 7.73434 0.01 1 72 0
2800 310.618 7.83453 0.01 1 79 0
2802 308.214 8.34499 0.01 1 67 0
2806 306.278 7.67193 0.01 1 67 0
2807 310.04 8.04054 0.01 1 72 0
2809 310.116 7.91403 0.01 1 72 0
2813 311.062 8.20558 0.01 1 72 -0.00594957
2815 312.507 7.66841 0.01 1 78 0
2818 308.426 8.08462 0.01 1 67 0
2819 307.87 8.27462 0.01 1 66 0
2820 308.805 7.92355 0.01 1 72 0
2821 312.507 7.66841 0.01 1 77 0
2824 308.875 8.16315 0.01 1 78 -0.0101842
2827 306.989 8.34499 0.01 1 72 0
2828 307.451 8.21675 0.01 1 72 -0.00343643
2835 312.319 7.62251 0.01 1 78 0
2836 310.618 8.3103 0.01 1 77 0
2840 305.393 7.60736 0.01 1 67 0
2841 308.68 7.97294 0.01 1 72 0
2845 310.618 8.16119 0.01 1 78 0
2852 305.865 8.05704 0.01 1 67 0
2853 307.538 8.04567 0.01 1 67 0
2856 309.324 8.17561 0.01 1 77 0
2858 307.863 8.04567 0.01 1 65 0
2860 307.87 8.27462 0.01 1 66 0
2861 312.507 7.66841 0.01 1 77 0
2865 310.384 8.16315 0.01 1 78 0
2866 307.87 8.27462 0.01 1 66 0
2867 310.696 7.94011 0.01 1 77 0
2868 307.565 8.34499 0.01 1 66 0
2869 307.87 8.27462 0.01 1 66 0
2877 306.573 8.03355 0.01 1 72 0
2881 306.622 8.20298 0.01 1 67 0
2882 307.107 7.75209 0.01 1 72 0
2885 305.875 7.81689 0.01 1 67 0
2888 310.696 8.17561 0.01 1 77 0
2893 306.07 8.34499 0.01 1 67 0
2894 312.209 7.69779 0.01 1 77 0
2896 306.622 8.03292 0.01 1 72 0
2897 306.15 8.11222 0.01 1 66 0
2902 306.747 8.03648 0.01 1 72 0
2903 308.284 7.93565 0.01 1 72 0
2907 310.618 8.07865 0.01 1 77 0
2910 307.87 8.24804 0.01 1 67 0
2912 311.076 8.1842 0.01 1 77 0
2914 310.618 8.16887 0.01 1 78 5.27501e-06
2915 306.15 8.24751 0.01 1 66 0
2916 311.172 8.03345 0.01 1 77 0
2918 310.618 7.83453 0.01 1 78 0
2919 307.87 8.27462 0.01 1 66 0
2921 312.454 7.66841 0.01 1 78 0
2922 307.87 8.27462 0.01 1 66 0
2925 305.478 7.83327 0.01 1 67 0
2927 306.171 8.33916 0.01 1 67 0
2930 307.87 8.27462 0.01 1 67 0
2931 308.972 7.92355 0.01 1 72 0
2932 310.702 7.94011 0.01 1 77 0
2941 306.07 8.34499 0.01 1 65 0
2943 312.507 7.66841 0.01 1 77 0
2945 307.863 8.04567 0.01 1 66 0
2948 307.21 7.98634 0.01 1 67 0
2949 306.573 7.85315 0.01 1 72 0
2953 308.426 8.08462 0.01 1 67 0
2963 306.15 8.24751 0.01 1 67 0
2966 308.066 8.11653 0.01 1 66 0
2969 311.424 7.78717 0.01 1 78 0
2971 310.618 7.83453 0.01 1 79 0
2976 309.733 8.20875 0.01 1 72 0
2978 310.618 8.16887 0.01 1 78 0
2987 310.696 8.17561 0.01 1 77 0
2989 308.805 7.92355 0.01 1 72 0
2991 310.34 7.67442 0.01 1 77 0
2992 305.875 7.63824 0.01 1 67 0
2993 307.87 8.27462 0.01 1 66 0
2997 307.73 8.06847 0.01 1 77 0
2999 310.618 7.83453 0.01 1 79 0
3000 310.253 7.5693 0.01 1 77 0
3006 305.628 7.58147 0.01 1 66 0
3008 306.171 8.33916 0.01 1 67 0
3010 305.393 7.60736 0.01 1 67 0
3011 305.628 7.58147 0.01 1 67 0
3013 310.618 7.85101 0.01 1 79 0
3014 306.936 7.90343 0.01 1 66 0
3020 309.946 7.82941 0.01 1 72 0
3021 309.875 7.62432 0.01 1 72 0
3029 310.444 7.92402 0.01 1 77 1.3113e-05
3030 310.253 7.5693 0.01 1 77 0
3031 304.917 8.17803 0.01 1 67 0
3035 308.76 8.04708 0.01 1 72 0
3042 307.457 7.90343 0.01 1 67 0
3047 305.865 8.05704 0.01 1 67 0
3050 312.592 7.95018 0.01 1 72 0
3053 310.253 7.5693 0.01 1 77 0
3054 309.391 8.20558 0.01 1 72 0
3056 306.936 7.90343 0.01 1 66 0
3060 305.628 7.58147 0.01 1 65 0
3062 307.217 8.3462 0.01 1 67 -2.50936e-05
3066 309.88 7.94011 0.01 1 78 0
3067 312.507 7.7534 0.01 1 77 0
3074 307.331 7.83939 0.01 1 66 0
3079 306.15 8.24751 0.01 1 66 0
3081 308.735 8.14418 0.01 1 72 0
3083 311.16 7.67442 0.01 1 77 0
3087 309.188 8.3103 0.01 1 78 0
3088 312.209 7.69779 0.01 1 78 0
3089 308.035 8.15446 0.01 1 72 0
3093 307.538 8.04567 0.01 1 66 0
3094 312.507 7.66841 0.01 1 78 0
3095 309.88 7.94011 0.01 1 78 0
3098 307.87 8.27462 0.01 1 66 0
3099 306.697 8.34499 0.01 1 65 0
3102 312.507 7.69372 0.01 1 78 0
3103 310.618 7.83453 0.01 1 79 0
3104 309.57 8.04054 0.01 1 72 0
3105 307.187 8.20558 0.01 1 72 0
3106 305.478 7.97413 0.01 1 67 0
3112 309.88 7.94011 0.01 1 78 0
3116 310.618 8.16119 0.01 1 78 0
3118 304.998 8.34499 0.01 1 67 0
3123 311.94 7.73434 0.01 1 72 0
3124 308.735 8.14418 0.01 1 72 0
3126 306.15 8.11222 0.01 1 66 0
3127 305.628 7.58147 0.01 1 67 0
3128 311.207 7.73434 0.01 1 72 0
3129 305.628 7.58147 0.01 1 65 0
3130 305.865 8.05704 0.01 1 67 0
3131 312.319 7.62251 0.01 1 78 0
3132 308.926 8.0448 0.01 1 67 0
3133 310.069 7.59899 0.01 1 77 0
3139 307.87 8.27462 0.01 1 65 0
3140 313.752 7.62251 0.01 1 77 0
3141 305.628 7.58147 0.01 1 66 0
3142 311.424 7.95469 0.01 1 77 0
3147 312.507 7.66841 0.01 1 77 0
3148 309.391 7.85796 0.01 1 72 0
3153 310.618 7.85101 0.01 1 79 0
3154 311.108 7.94011 0.01 1 78 0
3159 308.735 8.14418 0.01 1 72 0
3160 310.116 7.91403 0.01 1 72 0
3161 310.126 7.90274 0.01 1 72 0
3165 308.76 8.04708 0.01 1 72 0
3166 306.15 8.24751 0.01 1 67 0
3168 309.391 8.27589 0.01 1 72 0
3171 308.572 8.04567 0.01 1 67 -0.00364748
3173 311.666 7.76649 0.01 1 77 3.12924e-07
3174 311.207 7.73434 0.01 1 72 0
3175 308.028 7.85772 0.01 1 72 0
3176 308.166 8.34499 0.01 1 67 -0.00365528
3178 306.697 8.34499 0.01 1 67 0
3183 309.57 8.04054 0.01 1 72 0.00115676
3184 305.865 8.05704 0.01 1 66 0
3186 310.618 8.16119 0.01 1 79 0
3189 310.116 7.78469 0.01 1 72 0
3192 310.702 7.94011 0.01 1 78 0
3195 307.73 8.24187 0.01 1 77 0.000811398
3201 307.87 8.27462 0.01 1 66 0
3204 306.07 8.34499 0.01 1 67 0
3205 312.507 7.66841 0.01 1 78 0
3207 306.697 8.34499 0.01 1 66 0
3210 307.685 8.10097 0.01 1 66 0
3214 310.618 8.16119 0.01 1 79 0
3215 310.618 8.0485 0.01 1 72 0
3216 310.618 7.83453 0.01 1 78 0
3218 310.702 7.91916 0.01 1 77 -5.28991e-06
3220 306.07 8.34499 0.01 1 66 0
3224 311.424 7.78717 0.01 1 77 0
3225 307.57 7.80215 0.01 1 67 0
3226 310.618 8.16119 0.01 1 79 0
3233 310.618 8.16119 0.01 1 77 0
3237 310.963 8.23245 0.01 1 78 -0.000567898
3238 312.507 7.69372 0.01 1 77 0
3242 305.628 7.51042 0.01 1 67 0
3246 308.426 8.08462 0.01 1 67 0
3249 309.391 7.85796 0.01 1 72 0
3258 306.936 7.90343 0.01 1 66 0
3261 307.538 8.00827 0.01 1 67 0
3263 307.87 8.27462 0.01 1 66 0
3264 312.507 7.7534 0.01 1 77 0
3265 308.066 8.11653 0.01 1 66 0
3267 307.87 8.27462 0.01 1 66 0
3268 312.507 7.66841 0.01 1 78 0
3270 307.303 8.06251 0.01 1 72 0
3272 306.936 7.90343 0.01 1 66 0
3277 308.795 8.21675 0.01 1 72 0
3281 310.126 7.90274 0.01 1 72 0
3284 304.917 8.17803 0.01 1 67 0
3285 310.618 7.83453 0.01 1 79 0
3289 307.863 8.04567 0.01 1 66 0
3290 309.391 8.13533 0.01 1 72 0
3291 308.627 7.96394 0.01 1 77 0
3292 305.173 8.24751 0.01 1 66 0
3293 305.317 8.37088 0.01 1 67 0
3302 310.326 8.01035 0.01 1 72 0
3308 306.15 8.24751 0.01 1 66 0
3310 310.696 8.17561 0.01 1 77 0
3314 306.851 8.26234 0.01 1 67 0
3316 310.618 7.83453 0.01 1 78 0
3321 312.507 7.66841 0.01 1 77 0
3323 310.225 8.06656 0.01 1 72 0
3324 307.217 8.39671 0.01 1 66 0
3325 310.702 7.94011 0.01 1 77 0
3332 306.697 8.34499 0.01 1 65 0
3336 310.618 8.16119 0.01 1 79 0
3340 307.164 7.98257 0.01 1 67 0
3342 307.863 7.95021 0.01 1 67 0
3343 305.865 8.05704 0.01 1 67 0
3346 306.936 7.90343 0.01 1 67 0
3347 306.697 8.34499 0.01 1 65 0
3348 306.936 7.90343 0.01 1 67 0
3350 313.386 7.69779 0.01 1 77 -0.0029683
3352 310.178 8.07865 0.01 1 77 0
3356 308.772 7.97294 0.01 1 72 0
3368 306.07 8.2865 0.01 1 67 -2.99513e-06
3369 307.87 8.24092 0.01 1 65 0
3371 305.628 7.58147 0.01 1 66 0
3372 306.936 7.90343 0.01 1 67 0
3373 305.865 8.05704 0.01 1 67 0
3375 310.618 8.16119 0.01 1 79 0
3378 307.87 8.29347 0.01 1 66 0
3382 312.264 7.85757 0.01 1 78 0
3383 307.538 8.04567 0.01 1 67 0
3385 310.702 7.91916 0.01 1 77 0
3386 308.68 7.97294 0.01 1 72 0
3388 310.116 7.96017 0.01 1 72 0
3389 308.981 8.0505 0.01 1 72 0
3391 308.76 8.04708 0.01 1 72 0
3394 306.07 8.35688 0.01 1 67 0
3396 310.618 8.07865 0.01 1 77 0
3398 310.618 7.82257 0.01 1 77 0
3401 305.549 7.58147 0.01 1 65 2.43485e-05
3403 309.093 7.81962 0.01 1 77 0
3406 305.478 7.83327 0.01 1 67 0
3408 308.37 7.96502 0.01 1 67 0
3410 310.618 7.82587 0.01 1 77 0
3411 308.066 8.11653 0.01 1 66 0
3414 308.735 8.14418 0.01 1 72 0
3418 305.628 7.58147 0.01 1 65 0
3419 307.87 8.27462 0.01 1 66 0
3420 310.696 8.17561 0.01 1 78 0
3422 310.253 7.5693 0.01 1 77 0
3424 309.875 7.62432 0.01 1 72 0
3431 309.875 7.62432 0.01 1 77 0
3433 305.865 8.05704 0.01 1 66 0
3439 307.187 8.20558 0.01 1 72 -0.00456512
3440 310.043 8.16119 0.01 1 77 0
3442 306.697 8.34499 0.01 1 66 0
3447 312.592 7.95018 0.01 1 72 0
3450 307.855 8.24519 0.01 1 72 0
3454 307.451 8.21675 0.01 1 72 0
3456 310.618 8.16119 0.01 1 78 0
3459 310.802 7.72571 0.01 1 77 0
3460 308.76 8.04708 0.01 1 72 0
3463 310.618 8.16119 0.01 1 78 0
3464 310.618 7.82257 0.01 1 77 0
3465 307.87 8.27462 0.01 1 67 0
3467 306.07 8.34499 0.01 1 67 0
3468 307.187 8.20558 0.01 1 72 0
3469 308.114 8.1516 0.01 1 66 0
3471 305.865 8.05704 0.01 1 67 0
3472 312.507 7.66841 0.01 1 78 0
3473 307.475 7.96502 0.01 1 67 0
3481 307.21 7.98634 0.01 1 67 0
3488 306.07 8.34499 0.01 1 67 0
3491 306.278 7.77419 0.01 1 66 0
3492 312.821 7.69779 0.01 1 77 0
3493 310.618 8.16119 0.01 1 78 0
3496 310.618 8.16119 0.01 1 78 0
3500 306.07 8.34499 0.01 1 67 0
3502 305.478 7.83327 0.01 1 67 0
3503 306.697 8.34499 0.01 1 67 0
3504 306.697 8.34499 0.01 1 65 0
3509 305.478 7.83327 0.01 1 67 0
3510 312.507 7.66841 0.01 1 77 0
3523 306.311 8.11964 0.01 1 72 0
3526 310.116 7.78469 0.01 1 72 0
3529 310.384 8.16315 0.01 1 78 0
3534 311.076 8.1842 0.01 1 77 0
3536 303.924 8.32271 0.01 1 72 0
3539 307.87 8.27462 0.01 1 66 0
3552 306.238 7.98257 0.01 1 67 0
3555 309.875 7.72499 0.01 1 72 0
3557 310.04 8.04054 0.01 1 72 0
3560 305.865 8.05704 0.01 1 66 0
3563 307.87 8.27462 0.01 1 66 0
3569 310.618 7.82257 0.01 1 77 0
3575 311.108 7.94011 0.01 1 78 0
3584 309.391 8.20558 0.01 1 72 0
3585 306.936 7.90343 0.01 1 66 0
3586 306.07 8.34499 0.01 1 67 0
3587 308.76 8.04708 0.01 1 72 0
3588 311.108 7.94011 0.01 1 79 0
3590 309.216 8.04708 0.01 1 67 0
3595 309.266 7.83083 0.01 1 77 0
3597 307.87 8.27462 0.01 1 66 0
3599 308.972 7.92355 0.01 1 72 0
3601 307.73 8.06847 0.01 1 77 0
3603 310.618 8.19446 0.01 1 77 0
3604 310.618 7.83453 0.01 1 78 0
3607 307.57 7.80215 0.01 1 67 0
3609 307.331 7.83939 0.01 1 67 0
3610 307.87 8.27462 0.01 1 66 0
3613 308.926 7.95252 0.01 1 66 0
3614 311.424 7.78717 0.01 1 78 0
3616 306.697 8.47995 0.01 1 66 1.75834e-06
3625 310.618 7.85101 0.01 1 77 0
3626 308.76 8.04708 0.01 1 72 0
3628 312.054 7.76649 0.01 1 77 0
3630 305.865 8.05704 0.01 1 66 0
3631 310.012 8.27849 0.01 1 72 0
3632 308.066 8.11653 0.01 1 66 0
3633 306.697 8.34499 0.01 1 67 0
3641 309.88 7.94011 0.01 1 77 0
3642 310.702 7.94011 0.01 1 77 0
3643 308.903 7.92252 0.01 1 72 0
3644 307.863 8.04567 0.01 1 65 0
3646 308.76 8.04708 0.01 1 72 0
3648 311.108 7.94011 0.01 1 77 0
3650 310.702 7.94011 0.01 1 77 0
3654 310.696 8.17561 0.01 1 77 0
3665 310.618 8.16119 0.01 1 79 0
3666 306.07 8.34499 0.01 1 67 0
3668 307.164 7.98257 0.01 1 67 0
3669 305.478 7.83327 0.01 1 67 0
3672 304.768 8.34499 0.01 1 67 0
3674 308.735 8.14418 0.01 1 72 0
3684 311.172 8.09035 0.01 1 77 0
3689 307.87 8.27462 0.01 1 67 0
3695 310.116 7.96017 0.01 1 72 0
3697 305.628 7.58147 0.01 1 66 0
3699 306.15 8.11222 0.01 1 67 0
3702 306.07 8.34499 0.01 1 67 0
3703 310.618 8.16119 0.01 1 79 0
3705 305.173 8.24751 0.01 1 66 0
3708 306.238 7.98257 0.01 1 67 0
3710 308.066 8.11653 0.01 1 66 0
3715 305.875 7.63824 0.01 1 67 0
3716 305.628 7.58147 0.01 1 65 0
3717 312.645 7.94011 0.01 1 78 0.000595719
3720 307.599 7.92355 0.01 1 72 0
3721 305.628 7.58147 0.01 1 65 0
3723 308.84 8.04708 0.01 1 72 2.33054e-05
3727 311.293 7.849 0.01 1 72 0
3728 306.278 7.59636 0.01 1 67 0
3729 307.21 7.98634 0.01 1 67 0
3730 306.239 8.04567 0.01 1 67 0
3733 307.538 8.04567 0.01 1 67 0
3734 310.326 8.01035 0.01 1 72 0
3743 310.185 8.06656 0.01 1 72 0
3745 304.998 8.34499 0.01 1 67 0
3746 305.173 8.24751 0.01 1 66 0
3747 310.618 8.16119 0.01 1 78 0
3750 310.116 7.78469 0.01 1 72 0
3752 311.172 8.09035 0.01 1 77 0
3753 311.932 7.69779 0.01 1 77 0
3756 307.538 8.04567 0.01 1 66 0
3758 309.266 7.83083 0.01 1 77 0
3764 304.917 8.24751 0.01 1 66 0
3767 307.538 8.04567 0.01 1 67 0
3768 310.253 7.5693 0.01 1 77 0
3769 306.238 7.98257 0.01 1 67 0
3777 310.444 7.81962 0.01 1 77 0
3780 308.972 7.92355 0.01 1 72 0
3783 310.618 8.16119 0.01 1 78 0
3790 310.04 8.04054 0.01 1 72 0
3794 305.865 8.05704 0.01 1 67 0
3795 312.507 7.66841 0.01 1 72 0
3796 309.469 8.21627 0.01 1 66 0
3797 308.426 8.08462 0.01 1 67 0
3800 307.336 8.13895 0.01 1 67 0
3802 305.628 7.58147 0.01 1 66 0
3806 305.628 7.58147 0.01 1 66 0
3807 309.216 8.04708 0.01 1 67 0
3809 307.685 8.10097 0.01 1 66 0
3816 306.697 8.34499 0.01 1 67 0
3822 307.336 8.13895 0.01 1 66 0
3824 307.079 8.09175 0.01 1 72 0
3826 306.697 8.34499 0.01 1 65 0
3828 310.963 8.23245 0.01 1 78 0
3831 311.172 8.09035 0.01 1 77 0
3834 309.875 7.62432 0.01 1 72 0
3835 307.87 8.27462 0.01 1 65 0
3837 309.37 7.75903 0.01 1 72 0
3842 309.093 7.81962 0.01 1 77 0
3848 312.757 7.72294 0.01 1 77 0
3850 309.469 8.00477 0.01 1 66 0
3853 309.391 8.27589 0.01 1 72 0
3854 310.618 7.83453 0.01 1 78 0
3856 312.264 7.85757 0.01 1 77 0
3858 306.15 8.24751 0.01 1 67 0
3861 306.936 7.90343 0.01 1 67 0
3863 305.875 7.63824 0.01 1 67 0
3865 306.896 8.16029 0.01 1 72 0
3870 306.725 8.14629 0.01 1 67 0
3875 305.173 8.24751 0.01 1 66 0
3878 307.87 8.27462 0.01 1 66 0
3879 306.15 8.11222 0.01 1 65 0
3882 308.627 7.96394 0.01 1 77 0
3885 307.87 8.29347 0.01 1 66 2.2456e-05
3888 307.87 8.27462 0.01 1 66 0
3889 311.172 8.03345 0.01 1 77 0
3891 312.757 7.72294 0.01 1 77 0
3900 310.384 8.16315 0.01 1 78 0
3901 312.507 7.66841 0.01 1 77 0
3905 305.451 8.34499 0.01 1 67 0.00266954
3916 305.875 7.63824 0.01 1 67 0
3918 309.648 8.09162 0.01 1 72 0
3922 306.07 8.34499 0.01 1 67 0
3923 310.696 7.94011 0.01 1 78 0
3924 307.685 8.10097 0.01 1 66 0
3928 307.596 8.36085 0.01 1 66 0
3929 307.87 8.27462 0.01 1 67 0
3931 305.628 7.58147 0.01 1 66 0
3933 305.875 7.63824 0.01 1 67 0
3936 307.87 8.24092 0.01 1 65 0
3937 313.752 7.62251 0.01 1 77 0
3939 311.293 7.849 0.01 1 72 0
3945 312.507 7.66841 0.01 1 72 0
3948 309.88 7.94011 0.01 1 77 0
3949 310.618 8.16119 0.01 1 79 0
3950 305.628 7.58147 0.01 1 65 0
3954 305.628 7.51042 0.01 1 67 0
3956 310.618 7.83453 0.01 1 79 0
3961 307.57 7.80215 0.01 1 67 0
3964 307.21 8.22 0.01 1 72 0
3971 306.936 7.87535 0.01 1 66 -9.86457e-06
3976 310.696 8.20005 0.01 1 77 5.69224e-06
3977 308.237 8.27462 0.01 1 67 0
3981 305.478 7.83327 0.01 1 67 0
3987 310.618 8.16119 0.01 1 78 0
3990 310.384 8.1931 0.01 1 77 0
3992 305.628 7.58147 0.01 1 66 0
3995 307.475 7.97762 0.01 1 66 0
3996 306.989 8.34499 0.01 1 67 0
3999 307.87 8.27462 0.01 1 65 0
4000 304.768 8.34499 0.01 1 66 0
4002 309.37 7.69473 0.01 1 72 0
4003 310.618 7.83453 0.01 1 78 0
4006 306.672 7.871 0.01 1 72 0
4007 311.108 7.94011 0.01 1 78 0
4008 308.68 7.97294 0.01 1 72 0
4010 312.209 7.69779 0.01 1 77 0
4012 308.926 7.95252 0.01 1 66 0
4014 308.114 8.11818 0.01 1 67 0
4015 307.475 7.97762 0.01 1 66 0
4016 308.903 7.92252 0.01 1 72 0
4017 311.108 7.94011 0.01 1 78 0
4019 306.697 8.34499 0.01 1 65 0
4021 307.21 7.98634 0.01 1 67 0
4023 310.253 7.5693 0.01 1 77 0
4024 310.126 7.90274 0.01 1 72 0
4029 310.618 8.16119 0.01 1 77 0
4031 306.896 8.03355 0.01 1 72 0
4034 306.622 8.07633 0.01 1 72 0
4039 310.185 8.06656 0.01 1 72 0
4040 306.697 8.34499 0.01 1 67 0
4041 311.108 7.94011 0.01 1 78 0
4045 309.391 8.20558 0.01 1 72 0
4047 308.37 7.96502 0.01 1 67 0
4048 307.57 7.80215 0.01 1 67 0
4049 310.696 7.85378 0.01 1 77 0
4051 310.696 8.17561 0.01 1 77 0
4052 306.783 8.56823 0.01 1 72 0
4057 306.911 8.27462 0.01 1 67 0.00380693
4058 307.538 8.00827 0.01 1 67 0
4060 307.87 8.27462 0.01 1 66 0
4061 306.672 7.871 0.01 1 72 0
4063 308.066 8.11653 0.01 1 66 0
4071 311.008 8.13951 0.01 1 72 0
4074 310.618 8.16119 0.01 1 79 0
4076 306.697 8.34499 0.01 1 65 0
4077 310.326 8.01035 0.01 1 72 0
4081 305.628 7.58147 0.01 1 65 0
4083 305.825 8.04547 0.01 1 72 0
4084 306.697 8.34499 0.01 1 67 0
4085 310.618 7.85101 0.01 1 79 0
4088 306.851 8.35023 0.01 1 67 0
4089 305.478 7.83327 0.01 1 67 0
4092 306.851 8.24382 0.01 1 67 0
4093 310.618 8.16119 0.01 1 78 0
4095 312.319 7.62251 0.01 1 78 0
4096 310.618 7.82257 0.01 1 77 0
4097 305.865 8.05704 0.01 1 65 0
4101 310.618 7.83453 0.01 1 78 0
4104 306.936 7.90343 0.01 1 66 0
4106 306.936 7.90343 0.01 1 65 0
4107 308.602 7.81962 0.01 1 77 -0.0039916
4108 308.76 8.04708 0.01 1 72 0
4112 310.04 8.04054 0.01 1 72 0
4116 308.066 8.11653 0.01 1 66 0
4117 304.998 8.34499 0.01 1 67 0
4118 310.803 8.1842 0.01 1 77 -0.00045234
4120 307.87 8.27462 0.01 1 67 0
4122 310.618 8.16119 0.01 1 77 0
4127 312.507 7.66841 0.01 1 77 0
4128 307.164 7.98257 0.01 1 67 0
4129 310.384 8.16315 0.01 1 78 0
4131 305.865 8.05704 0.01 1 66 0
4133 307.87 8.27462 0.01 1 66 0
4134 307.303 8.06251 0.01 1 72 0
4145 307.87 8.27462 0.01 1 65 0
4150 310.22 7.849 0.01 1 72 0
4154 306.278 7.59636 0.01 1 67 0
4155 307.87 8.24092 0.01 1 65 0
4160 307.87 8.27462 0.01 1 66 0
4164 307.87 8.27462 0.01 1 67 0
4165 306.936 7.90343 0.01 1 66 0
4166 308.926 7.95252 0.01 1 66 0
4168 311.424 7.78717 0.01 1 77 0
4169 309.648 8.09162 0.01 1 72 0
4173 313.752 7.5996 0.01 1 77 -5.01722e-05
4176 309.093 7.81962 0.01 1 77 0
4177 305.478 7.83327 0.01 1 67 0
4178 310.696 8.17561 0.01 1 77 0
4179 306.238 7.98257 0.01 1 67 0
4185 310.618 8.16119 0.01 1 78 0
4186 307.538 8.04567 0.01 1 67 0
4190 306.278 7.67193 0.01 1 67 0
4192 310.253 7.5693 0.01 1 77 0
4194 308.272 7.76507 0.01 1 72 0
4195 312.507 7.66841 0.01 1 77 0
4201 312.821 7.69779 0.01 1 77 0
4207 310.326 8.01035 0.01 1 72 0
4208 307.57 7.80215 0.01 1 67 0
4213 312.454 7.66841 0.01 1 78 0
4217 307.475 7.96502 0.01 1 67 0
4222 306.15 8.24751 0.01 1 66 0
4224 306.07 8.34499 0.01 1 67 0
4230 306.936 7.90343 0.01 1 66 0
4238 306.07 8.34499 0.01 1 67 0
4242 310.696 8.17561 0.01 1 77 0
4243 310.185 8.06656 0.01 1 72 0
4244 307.87 8.27462 0.01 1 66 0
4246 310.618 7.83453 0.01 1 79 0
4248 306.697 8.34499 0.01 1 66 0
4249 310.696 8.17561 0.01 1 78 0
4252 309.733 8.1346 0.01 1 72 0
4256 306.936 7.90343 0.01 1 65 0
4258 312.507 7.66841 0.01 1 72 0
4259 308.68 7.97294 0.01 1 72 0
4260 311.108 7.94011 0.01 1 78 0
4261 307.475 7.97762 0.01 1 67 0
4262 307.731 7.8443 0.01 1 72 0
4267 306.171 8.33916 0.01 1 67 0
4268 308.735 8.03648 0.01 1 72 0
4271 305.667 8.34499 0.01 1 65 0
4272 308.805 7.92355 0.01 1 72 0
4274 309.648 8.09162 0.01 1 72 0
4278 307.538 8.00827 0.01 1 67 0
4294 309.875 7.62432 0.01 1 72 0
4296 311.932 7.69779 0.01 1 77 0
4298 305.865 8.05704 0.01 1 66 0
4299 310.618 8.16119 0.01 1 79 0
4302 311.186 7.70694 0.01 1 78 0
4304 311.172 8.03345 0.01 1 77 0
4310 308.602 7.81962 0.01 1 77 0
4313 310.963 8.23245 0.01 1 78 0
4314 305.865 8.05704 0.01 1 67 0
4315 307.107 7.75209 0.01 1 72 0
4320 310.384 8.16315 0.01 1 78 0
4321 310.618 8.16119 0.01 1 78 0
4322 312.592 7.95018 0.01 1 72 0
4324 305.628 7.58147 0.01 1 66 0
4328 306.697 8.34499 0.01 1 65 0
4330 312.319 7.62251 0.01 1 78 0
4331 305.628 7.58147 0.01 1 67 0
4333 309.875 7.62432 0.01 1 72 0
4335 305.478 7.97413 0.01 1 67 0
4336 312.264 7.85757 0.01 1 77 0
4337 305.865 8.05704 0.01 1 66 0
4339 310.702 7.94011 0.01 1 77 0
4341 306.896 8.16029 0.01 1 72 0
4346 311.108 7.94011 0.01 1 78 0
4347 307.87 8.27462 0.01 1 66 0
4348 310.696 8.17561 0.01 1 77 0
4350 310.618 8.12199 0.01 1 79 0
4354 307.538 8.00827 0.01 1 67 0
4355 307.21 7.98634 0.01 1 67 0
4358 310.384 8.1931 0.01 1 77 0
4362 308.68 7.97294 0.01 1 72 0
4363 305.865 8.05704 0.01 1 66 0
4364 306.697 8.47995 0.01 1 67 0
4366 311.108 7.94011 0.01 1 79 0
4373 307.685 8.10097 0.01 1 66 0
4376 306.573 7.93432 0.01 1 72 0
4377 309.391 8.27589 0.01 1 72 0
4382 311.108 7.94011 0.01 1 78 0
4384 307.87 8.27462 0.01 1 66 0
4385 310.618 7.83453 0.01 1 78 0
4386 309.648 7.96063 0.01 1 78 0
4393 312.507 7.66841 0.01 1 77 0
4402 307.87 8.27462 0.01 1 66 0
4405 308.76 8.04708 0.01 1 72 0
4407 310.696 7.85378 0.01 1 77 0
4408 307.87 8.27462 0.01 1 66 0
4410 307.538 8.04567 0.01 1 67 0
4412 310.253 7.60581 0.01 1 78 0
4416 310.116 7.96017 0.01 1 72 0
4418 312.454 7.66841 0.01 1 77 0
4420 310.702 7.94011 0.01 1 77 0
4421 307.87 8.27462 0.01 1 66 0
4422 312.821 7.69779 0.01 1 78 0
4424 308.272 7.92195 0.01 1 72 0
4426 312.592 7.95018 0.01 1 72 0
4430 310.618 8.16119 0.01 1 79 0
4442 310.618 8.16119 0.01 1 78 0
4449 307.87 8.27462 0.01 1 65 0
4454 305.628 7.58147 0.01 1 67 0
4455 308.805 7.92038 0.01 1 72 0
4456 310.618 7.83453 0.01 1 78 0
4460 309.848 7.59899 0.01 1 77 0
4461 307.685 8.10097 0.01 1 66 0
4463 308.76 8.04708 0.01 1 72 0
4466 312.507 7.66841 0.01 1 78 0
4467 310.384 8.16315 0.01 1 78 0
4471 306.15 8.11222 0.01 1 67 0
4482 305.667 8.34499 0.01 1 65 0
4487 311.744 8.09035 0.01 1 77 0
4491 305.628 7.58147 0.01 1 65 0
4492 308.114 8.11818 0.01 1 66 0
4496 307.451 8.21675 0.01 1 72 0
4504 308.028 7.85772 0.01 1 72 0
4508 308.066 8.11653 0.01 1 66 0
4510 307.538 8.00827 0.01 1 67 0
4513 305.628 7.58147 0.01 1 67 0
4514 309.391 8.17176 0.01 1 72 -1.86265e-06
4515 309.627 8.05817 0.01 1 72 0
4516 306.896 8.16029 0.01 1 72 0
4520 310.618 7.85101 0.01 1 77 0
4521 308.028 7.85772 0.01 1 72 0
4523 310.618 7.85101 0.01 1 77 0
4537 307.87 8.27462 0.01 1 66 0
4538 309.188 8.3103 0.01 1 78 -0.00832725
4539 307.599 7.92355 0.01 1 72 0
4542 306.851 8.35023 0.01 1 67 0
4543 312.507 7.66841 0.01 1 77 0
4551 310.618 7.83453 0.01 1 77 0
4552 308.76 8.04708 0.01 1 72 0
4557 306.936 7.90343 0.01 1 67 0
4558 308.76 8.04708 0.01 1 67 0
4560 306.311 8.11964 0.01 1 72 0
4561 305.628 7.58147 0.01 1 67 0
4563 309.88 7.94011 0.01 1 78 0
4564 307.538 8.04567 0.01 1 67 0
4566 307.538 8.04567 0.01 1 67 0
4569 307.767 7.97294 0.01 1 67 0
4570 306.697 8.34499 0.01 1 67 0
4572 306.15 8.11222 0.01 1 66 0
4578 306.936 7.90343 0.01 1 65 0
4583 305.628 7.57906 0.01 1 67 -8.19564e-07
4585 307.336 8.13895 0.01 1 67 0
4588 306.15 8.11222 0.01 1 67 0
4589 307.538 8.04567 0.01 1 67 0
4590 307.87 8.27462 0.01 1 67 0
4591 307.87 8.27462 0.01 1 66 0
4592 308.035 8.15446 0.01 1 72 0
4594 307.685 8.10097 0.01 1 66 0
4595 309.391 8.20558 0.01 1 72 0
4596 307.863 8.04567 0.01 1 65 0
4597 306.622 8.20298 0.01 1 67 0
4599 309.29 8.05817 0.01 1 72 0
4601 304.693 7.58147 0.01 1 66 -0.00269154
4603 305.628 7.58147 0.01 1 65 0
4606 310.326 8.01035 0.01 1 72 0
4607 310.618 8.16119 0.01 1 78 0
4608 312.319 7.62251 0.01 1 77 0
4612 307.87 8.27462 0.01 1 65 0
4613 310.618 8.16119 0.01 1 78 0
4614 307.87 8.27462 0.01 1 65 0
4618 312.209 7.69779 0.01 1 77 0
4624 311.666 7.73922 0.01 1 77 0
4627 311.744 8.09035 0.01 1 77 0
4629 310.702 7.94011 0.01 1 77 0
4630 311.932 7.69779 0.01 1 77 0
4632 307.803 7.67603 0.01 1 72 0
4635 307.502 7.5693 0.01 1 79 0
4638 305.865 8.05704 0.01 1 67 0
4640 310.696 8.17561 0.01 1 77 0
4645 308.237 8.27462 0.01 1 66 0
4652 308.456 7.849 0.01 1 72 0
4654 310.702 7.94011 0.01 1 77 0
4655 305.825 8.04547 0.01 1 72 0
4656 304.917 8.17803 0.01 1 67 0
4657 305.875 7.63824 0.01 1 67 0
4662 308.972 7.92355 0.01 1 72 0
4664 309.391 8.20558 0.01 1 72 0
4665 309.738 8.0505 0.01 1 77 0
4669 307.538 8.04567 0.01 1 66 0
4673 306.851 8.27668 0.01 1 67 0
4675 310.696 8.17561 0.01 1 77 0
4677 306.697 8.41703 0.01 1 66 1.17719e-05
4678 307.164 7.98257 0.01 1 67 0
4680 305.875 7.63824 0.01 1 67 0
4683 306.15 8.11222 0.01 1 67 0
4684 310.618 7.82257 0.01 1 77 0
4691 311.172 8.03345 0.01 1 77 0
4692 309.733 8.1346 0.01 1 72 0
4693 309.391 8.20558 0.01 1 72 0
4694 311.172 8.03345 0.01 1 77 0
4697 306.573 8.03355 0.01 1 72 0
4698 310.253 7.5693 0.01 1 77 0
4701 305.628 7.58147 0.01 1 67 0
4703 311.424 7.78717 0.01 1 78 0
4709 311.424 7.78717 0.01 1 78 0
4711 311.108 7.94011 0.01 1 78 0
4713 305.628 7.58147 0.01 1 66 0
4720 307.685 8.10097 0.01 1 66 0
4721 312.454 7.66841 0.01 1 78 0
4722 305.173 8.24751 0.01 1 66 0
4724 310.116 7.96017 0.01 1 72 0
4727 309.391 7.85796 0.01 1 72 0
4730 309.946 7.90894 0.01 1 72 0
4731 305.628 7.58147 0.01 1 66 0
4736 310.116 7.96017 0.01 1 72 0
4738 310.618 7.83453 0.01 1 78 0
4739 307.87 8.24804 0.01 1 67 0
4741 310.618 8.16119 0.01 1 78 0
4742 308.805 7.92355 0.01 1 72 0
4749 305.628 7.58147 0.01 1 67 0
4750 306.697 8.34499 0.01 1 67 0
4755 308.798 8.208 0.01 1 67 0
4758 304.998 8.34499 0.01 1 66 0
4759 308.162 7.98605 0.01 1 72 0
4760 307.87 8.27462 0.01 1 67 0
4761 309.875 7.62432 0.01 1 72 0
4764 310.116 7.96017 0.01 1 72 0
4767 309.266 7.83083 0.01 1 77 -0.000991523
4771 310.116 7.91403 0.01 1 72 0
4772 308.028 7.85772 0.01 1 72 0
4774 307.685 8.10097 0.01 1 66 0
4776 308.934 7.85772 0.01 1 72 0
4782 306.936 7.90343 0.01 1 67 0
4791 311.207 7.73434 0.01 1 72 0
4794 307.21 7.98634 0.01 1 67 0
4795 307.187 8.20558 0.01 1 72 0
4797 308.237 8.27462 0.01 1 66 0
4798 306.783 8.3748 0.01 1 72 0
4800 306.238 7.98257 0.01 1 67 0
4804 310.618 8.3103 0.01 1 77 0
4808 306.697 8.34499 0.01 1 66 0
4810 305.628 7.58147 0.01 1 67 0
4812 311.744 8.09035 0.01 1 77 0
4817 307.538 8.04567 0.01 1 67 0
4819 306.697 8.34499 0.01 1 65 0
4822 306.171 8.33916 0.01 1 67 0
4828 312.209 7.69779 0.01 1 77 0
4831 311.172 8.03345 0.01 1 77 0
4833 311.186 7.70694 0.01 1 78 0
4836 306.936 7.90343 0.01 1 66 0
4838 306.936 7.90343 0.01 1 66 0
4841 310.618 8.0485 0.01 1 78 0
4842 311.108 7.94011 0.01 1 77 0
4847 306.911 8.27462 0.01 1 66 0
4848 307.87 8.27462 0.01 1 66 0
4852 312.507 7.66841 0.01 1 77 0
4854 306.07 8.34499 0.01 1 67 0
4855 311.108 7.94011 0.01 1 78 0
4856 308.772 7.97294 0.01 1 72 0
4857 309.648 8.09162 0.01 1 72 0
4858 306.15 8.11222 0.01 1 66 0
4859 310.618 8.16887 0.01 1 78 0
4863 306.07 8.34499 0.01 1 67 0
4871 306.936 7.90343 0.01 1 66 0
4872 311.16 7.6153 0.01 1 77 0
4876 307.658 8.27885 0.01 1 72 0
4884 312.507 7.66841 0.01 1 78 0
4886 305.478 7.97413 0.01 1 67 0
4887 307.87 8.27462 0.01 1 66 0
4888 311.108 7.94011 0.01 1 77 0
4893 309.57 8.04054 0.01 1 72 0
4894 312.507 7.66841 0.01 1 77 0
4895 307.475 7.96502 0.01 1 67 0
4904 310.618 7.85101 0.01 1 77 0
4906 312.319 7.70499 0.01 1 77 2.43038e-05
4912 310.618 8.00902 0.01 1 77 0
4913 311.108 7.94011 0.01 1 78 0
4915 307.658 8.27885 0.01 1 72 0
4916 308.735 8.03648 0.01 1 72 0
4917 305.173 8.24751 0.01 1 66 0
4919 306.896 7.93484 0.01 1 72 0
4921 308.114 8.1516 0.01 1 65 0
4922 312.054 7.76649 0.01 1 77 -0.000460237
4923 311.172 8.03345 0.01 1 77 0
4930 309.391 8.13533 0.01 1 72 0
4935 305.628 7.58147 0.01 1 66 0
4937 308.926 8.0448 0.01 1 67 0
4938 304.768 8.34499 0.01 1 66 0
4939 305.628 7.58147 0.01 1 67 0
4943 306.15 8.11222 0.01 1 66 0
4952 310.696 7.94011 0.01 1 78 0
4955 305.628 7.58147 0.01 1 66 0
4956 306.622 8.07633 0.01 1 72 0
4957 310.618 8.16119 0.01 1 78 0
4958 305.865 8.05704 0.01 1 66 0
4961 312.507 7.66841 0.01 1 77 0
4965 303.924 8.32271 0.01 1 72 0
4967 306.278 7.77419 0.01 1 65 0
4972 309.648 8.09162 0.01 1 72 0
4974 310.618 7.85101 0.01 1 79 0
4986 311.108 7.94011 0.01 1 78 0
4991 310.116 7.91403 0.01 1 72 0
4992 309.875 7.62432 0.01 1 72 0
4994 308.972 7.92355 0.01 1 72 0
4996 310.618 7.83453 0.01 1 78 0
4997 307.538 8.04567 0.01 1 66 0
5006 306.07 8.34499 0.01 1 67 0
5008 309.391 8.20558 0.01 1 72 0
5010 308.735 8.14418 0.01 1 72 0
5019 312.209 7.69779 0.01 1 78 0
5020 308.035 8.15446 0.01 1 72 0
5021 306.15 8.11222 0.01 1 67 0
5027 310.618 7.85101 0.01 1 77 0
5028 310.618 8.16119 0.01 1 79 0
5029 310.696 8.17561 0.01 1 77 0
5030 311.108 7.94011 0.01 1 78 0
5032 306.697 8.34499 0.01 1 67 0
5033 310.618 8.16119 0.01 1 78 0
5035 310.618 7.83453 0.01 1 78 0
5037 307.538 8.04567 0.01 1 66 0
5038 306.697 8.34499 0.01 1 65 0
5039 308.214 8.34499 0.01 1 67 0
5040 310.618 7.85101 0.01 1 77 0
5041 305.215 8.34499 0.01 1 65 -7.5981e-05
5042 309.88 7.94011 0.01 1 78 0
5043 312.054 7.76649 0.01 1 77 0
5048 307.57 7.80215 0.01 1 67 0
5053 310.185 8.06656 0.01 1 72 0
5054 307.73 8.06847 0.01 1 77 0
5057 309.733 8.1346 0.01 1 72 0
5061 309.37 7.69473 0.01 1 72 0
5063 309.848 7.59899 0.01 1 77 0
5065 310.253 7.5693 0.01 1 77 0
5066 308.028 7.85772 0.01 1 72 0
5071 307.87 8.27462 0.01 1 66 0
5074 306.697 8.34499 0.01 1 65 0
5075 311.666 7.76649 0.01 1 77 0
5076 311.008 8.13951 0.01 1 72 0
5079 310.618 8.16119 0.01 1 78 0
5081 306.936 7.90343 0.01 1 67 0
5082 308.805 7.92355 0.01 1 72 0
5085 306.573 8.03355 0.01 1 72 0
5086 306.936 7.90343 0.01 1 65 0
5088 310.116 7.96017 0.01 1 72 0
5090 311.424 7.78717 0.01 1 77 0
5094 309.88 7.94011 0.01 1 78 0
5097 307.87 8.27462 0.01 1 66 0
5102 311.16 7.67442 0.01 1 77 0
5103 312.507 7.66841 0.01 1 77 0
5106 308.426 8.08462 0.01 1 67 0
5107 310.618 7.83453 0.01 1 79 0
5111 311.424 7.78717 0.01 1 77 0
5113 309.066 8.27462 0.01 1 66 -0.0060534
5115 310.618 8.16119 0.01 1 78 0
5116 311.293 7.849 0.01 1 72 0
5117 308.795 8.21675 0.01 1 72 0
5124 306.573 8.03355 0.01 1 72 0
5125 308.735 8.14418 0.01 1 72 0
5127 308.499 7.91403 0.01 1 72 0.00156799
5130 310.178 8.07865 0.01 1 77 0
5132 310.253 7.59805 0.01 1 77 2.00868e-05
5137 312.319 7.62251 0.01 1 78 0
5139 306.622 8.20298 0.01 1 67 0
5141 310.916 7.85101 0.01 1 79 0
5145 303.924 8.32271 0.01 1 72 0
5149 310.618 7.85101 0.01 1 79 0
5153 307.87 8.27462 0.01 1 66 0
5155 306.697 8.34499 0.01 1 67 0
5157 308.772 7.97294 0.01 1 72 0
5158 305.628 7.58147 0.01 1 67 0
