max_pf 125 min_pf 10
individual T0 sigma disp_rate r0 patch_no mut_eff
37 308.088 7.99631 0.01 1 72 0
46 290.795 8.41082 0.01 1 12 0
63 309.739 8.30416 0.01 1 72 0
77 290.969 8.64934 0.01 1 12 0
83 308.723 8.21788 0.01 1 72 -1.131e-05
95 292.306 8.34496 0.01 1 11 0
160 290.795 8.41082 0.01 1 11 0
207 290.795 8.64934 0.01 1 12 0
233 290.795 8.64934 0.01 1 12 0
300 292.302 8.41082 0.01 1 12 0
331 308.088 7.81534 0.01 1 72 0
423 292.302 8.41082 0.01 1 11 0
457 291.284 8.64934 0.01 1 12 0
499 290.795 8.64934 0.01 1 11 0
515 290.795 8.53234 0.01 1 12 0
552 290.795 8.64934 0.01 1 12 0
574 290.795 8.41082 0.01 1 11 0
588 331.648 8.29997 0.01 1 123 0
645 307.233 8.21343 0.01 1 72 0
748 288.355 8.64934 0.01 1 10 0
751 290.795 8.64934 0.01 1 12 0
788 290.795 8.64934 0.01 1 11 0
927 288.355 8.64934 0.01 1 10 0
1002 290.795 8.64934 0.01 1 12 0
1020 290.795 8.41082 0.01 1 12 0
1089 288.355 8.81336 0.01 1 10 0.0025989
1142 290.795 8.64934 0.01 1 12 0
1153 311.939 7.91691 0.01 1 72 0
1164 290.795 8.41082 0.01 1 12 0
1224 291.287 8.41082 0.01 1 12 0
1233 306.899 8.10349 0.01 1 72 0
1264 291.287 8.41082 0.01 1 12 0
1284 290.795 8.64934 0.01 1 12 0
1292 290.795 8.64934 0.01 1 12 0
1311 292.306 8.41082 0.01 1 12 0
1317 292.302 8.4077 0.01 1 12 0
1378 292.302 8.25125 0.01 1 11 0
1386 308.088 7.70753 0.01 1 72 0
1466 308.323 7.74615 0.01 1 72 0
1468 290.795 8.41082 0.01 1 12 0
1481 290.795 8.41082 0.01 1 12 0
1531 331.648 8.29997 0.01 1 123 0
1546 331.935 8.00059 0.01 1 123 -0.000207618
1553 307.233 8.21343 0.01 1 72 0
1591 290.795 8.64934 0.01 1 11 0
1597 290.795 8.64934 0.01 1 11 0
1623 290.795 8.64934 0.01 1 11 0
1631 290.795 8.64934 0.01 1 11 0
1669 290.795 8.41082 0.01 1 10 0
1718 306.878 7.80382 0.01 1 72 0
1720 306.048 7.74538 0.01 1 72 0
1761 292.302 8.24831 0.01 1 12 0
1807 290.141 8.64934 0.01 1 11 0
1822 292.306 8.12969 0.01 1 12 0
1878 292.306 8.40084 0.01 1 12 0
1950 290.795 8.64934 0.01 1 12 0
2163 307.025 8.40666 0.01 1 72 0
2174 292.302 8.4077 0.01 1 11 0
2187 331.935 8.08757 0.01 1 123 0
2206 331.648 8.29997 0.01 1 124 0
2251 290.795 8.64934 0.01 1 12 0
2302 290.795 8.64934 0.01 1 12 0
2368 331.935 8.08757 0.01 1 124 0
2395 311.173 7.91691 0.01 1 72 0
2450 290.795 8.41082 0.01 1 11 0
2484 290.795 8.40527 0.01 1 12 0
2492 290.795 8.64934 0.01 1 12 0
2501 310.205 8.21343 0.01 1 72 0
2541 309.134 8.35543 0.01 1 72 0
2560 331.935 8.08757 0.01 1 124 0
2581 291.287 8.41082 0.01 1 12 0
2615 290.795 8.41082 0.01 1 11 0
2623 290.795 8.64934 0.01 1 11 0
2682 309.767 7.91836 0.01 1 72 0
2709 331.935 8.08757 0.01 1 124 0
2740 306.809 8.43606 0.01 1 72 0
2816 308.088 7.81464 0.01 1 72 0
2864 291.287 8.41082 0.01 1 12 0
2878 292.306 8.41082 0.01 1 12 0
2888 292.302 8.4077 0.01 1 11 0
2905 292.306 8.33515 0.01 1 12 0
2911 306.295 8.04765 0.01 1 72 0
2977 290.795 8.64934 0.01 1 11 0
3015 290.795 8.64934 0.01 1 12 0
3068 290.795 8.64934 0.01 1 11 0
3075 309.134 8.35543 0.01 1 72 0
3082 308.006 8.03158 0.01 1 72 0
3110 292.306 8.40084 0.01 1 12 0
3334 290.795 8.64934 0.01 1 12 0
3344 309.892 8.1841 0.01 1 72 0
3405 290.795 8.41082 0.01 1 12 0
3434 291.323 8.25125 0.01 1 12 0
3534 290.141 8.47723 0.01 1 11 0
3606 290.795 8.64934 0.01 1 11 0
3624 290.795 8.64934 0.01 1 10 0
3670 292.306 8.19502 0.01 1 11 -0.00373958
3794 292.306 8.34496 0.01 1 11 0
3815 291.555 8.53234 0.01 1 12 0
3856 292.302 8.25125 0.01 1 12 0
3861 309.739 8.30416 0.01 1 72 0
3918 310.608 8.11216 0.01 1 72 0
3944 292.306 8.5689 0.01 1 12 0
3948 289.982 8.64934 0.01 1 12 0
3957 306.92 8.60768 0.01 1 72 0
3961 311.023 8.07843 0.01 1 72 0
3987 292.302 8.41082 0.01 1 11 0
3988 290.795 8.64934 0.01 1 10 0
3998 292.306 8.41082 0.01 1 12 0
4048 309.739 8.30416 0.01 1 72 0
4051 308.873 8.126 0.01 1 72 0
4082 291.287 8.41082 0.01 1 12 0
4190 290.141 8.47723 0.01 1 11 -0.00292958
4314 290.141 8.64934 0.01 1 12 0
4322 292.306 8.41082 0.01 1 11 0
4330 308.873 8.126 0.01 1 72 0
4402 290.795 8.64934 0.01 1 12 0
4412 307.664 7.99737 0.01 1 72 0
4426 308.088 7.70753 0.01 1 72 0
4456 310.84 8.15585 0.01 1 72 0
4474 292.306 8.21597 0.01 1 11 0
4672 331.935 8.08757 0.01 1 123 0
4678 290.958 8.53234 0.01 1 12 0
4685 291.287 8.22833 0.01 1 12 -0.00320686
4741 292.302 8.4077 0.01 1 11 0
4776 292.302 8.41082 0.01 1 10 0
4778 307.417 8.05043 0.01 1 72 0
4811 309.117 8.17614 0.01 1 72 0
4839 291.284 8.64934 0.01 1 12 0
4875 290.795 8.64934 0.01 1 12 0
4884 290.795 8.64934 0.01 1 12 0
4939 290.795 8.41082 0.01 1 11 0
5013 292.306 8.21597 0.01 1 11 0
5038 310.608 8.11216 0.01 1 72 0
5057 332.133 8.08757 0.01 1 124 0
5059 309.345 8.70615 0.01 1 72 0
5117 292.306 8.41082 0.01 1 12 0
5124 308.581 7.81464 0.01 1 72 0
5164 290.795 8.64934 0.01 1 12 0
5167 292.306 8.38285 0.01 1 11 0
5185 331.935 8.08757 0.01 1 124 0
5346 290.795 8.64934 0.01 1 12 0
5370 331.935 8.17012 0.01 1 124 0
5394 310.181 8.49159 0.01 1 72 0
5405 291.055 8.41082 0.01 1 11 -0.00305686
5484 309.722 8.21788 0.01 1 72 0
5491 290.795 8.64934 0.01 1 11 0
5548 292.306 8.41082 0.01 1 12 0
5647 292.306 8.41082 0.01 1 12 0
5671 290.795 8.64934 0.01 1 11 0
5694 290.795 8.41082 0.01 1 12 0
5783 306.881 7.97172 0.01 1 72 0
5799 292.14 8.41082 0.01 1 12 0
5847 290.141 8.64934 0.01 1 11 0
5862 292.306 8.41082 0.01 1 12 0
5913 290.795 8.64934 0.01 1 12 0
5970 306.295 8.04765 0.01 1 72 0
5984 292.302 8.4077 0.01 1 12 0
6048 308.873 8.126 0.01 1 72 0
6082 306.636 8.43606 0.01 1 72 0
6145 292.306 8.41082 0.01 1 11 0
6149 309.117 8.03103 0.01 1 72 0
6165 331.935 8.08757 0.01 1 124 0
6172 309.117 8.03103 0.01 1 72 0
6298 331.93 8.12547 0.01 1 123 8.87662e-05
6300 309.134 8.35543 0.01 1 72 0
6306 291.253 8.41082 0.01 1 11 0
6317 308.787 8.21788 0.01 1 72 0.000698
6392 308.088 7.70753 0.01 1 72 0
6395 290.795 8.64934 0.01 1 11 0
6481 305.729 8.53518 0.01 1 72 0
6493 290.795 8.64934 0.01 1 11 0
6505 309.722 8.21788 0.01 1 72 0
6512 292.306 8.28584 0.01 1 12 0
6591 310.985 8.19285 0.01 1 72 0
6650 291.282 8.41082 0.01 1 11 0
6699 290.795 8.69148 0.01 1 12 0
6822 291.287 8.41082 0.01 1 12 0
6834 293.01 8.59983 0.01 1 12 0
6842 290.795 8.64934 0.01 1 12 0
6867 306.295 8.04765 0.01 1 72 0
6878 308.088 7.70753 0.01 1 72 0
6908 309.61 8.26292 0.01 1 72 0.00167009
6961 290.795 8.64934 0.01 1 12 0
7020 292.347 8.53234 0.01 1 12 -0.0179766
7029 306.295 8.04765 0.01 1 72 0
7035 307.269 7.67317 0.01 1 72 0
7036 309.134 8.35543 0.01 1 72 0
7059 291.287 8.41082 0.01 1 12 0
7109 292.302 8.3627 0.01 1 12 -0.000762649
7172 309.345 8.70542 0.01 1 72 0
7205 290.795 8.41082 0.01 1 11 0
7410 308.006 7.81628 0.01 1 72 0
7439 292.306 8.52365 0.01 1 12 0
7481 308.941 8.19578 0.01 1 72 -2.98023e-08
7486 331.935 8.08757 0.01 1 124 0
7534 292.708 8.41082 0.01 1 12 -0.00423454
7552 308.873 8.126 0.01 1 72 0
7648 307.233 8.22734 0.01 1 72 0
7670 290.795 8.41082 0.01 1 12 0
7693 292.302 8.25125 0.01 1 12 0
7716 290.795 8.64934 0.01 1 11 0
7741 331.935 8.08757 0.01 1 123 0
7748 290.795 8.41082 0.01 1 10 0
7760 308.873 8.126 0.01 1 72 0
7777 290.795 8.41082 0.01 1 11 0
7779 292.306 8.21597 0.01 1 12 0
7843 306.809 8.43606 0.01 1 72 0
7861 309.739 8.30416 0.01 1 72 0
7877 331.648 8.29997 0.01 1 123 0
7878 309.892 8.1841 0.01 1 72 0
7885 308.469 8.58007 0.01 1 72 0
7907 292.302 8.41082 0.01 1 10 0
7939 290.141 8.64934 0.01 1 11 0
7944 292.306 8.41082 0.01 1 12 0
7952 292.14 8.58584 0.01 1 12 0
7953 290.795 8.64934 0.01 1 12 0
7980 290.795 8.41082 0.01 1 12 0
7997 309.109 8.21343 0.01 1 72 0
8023 292.306 8.41082 0.01 1 12 0
8173 290.795 8.64934 0.01 1 12 0
8176 311.023 8.08395 0.01 1 72 0
8184 307.025 8.40666 0.01 1 72 0
8186 292.306 8.37388 0.01 1 12 0
8200 308.705 8.21788 0.01 1 72 0
8202 291.323 8.25125 0.01 1 12 0
8299 290.795 8.64934 0.01 1 12 0
8323 292.306 8.41082 0.01 1 12 0
8365 290.795 8.64934 0.01 1 11 0
8547 290.795 8.64934 0.01 1 12 0
8603 331.648 8.29997 0.01 1 123 0
8639 292.306 8.35199 0.01 1 12 0
8644 290.795 8.41082 0.01 1 11 0
8660 290.93 8.41082 0.01 1 12 0
8709 290.773 8.64934 0.01 1 12 0
8779 290.795 8.41082 0.01 1 11 0
8792 309.722 8.25953 0.01 1 72 0
8796 290.795 8.64934 0.01 1 11 0
8836 290.795 8.66896 0.01 1 12 0
8898 290.795 8.41082 0.01 1 11 0
8963 331.935 8.08757 0.01 1 123 0
8972 290.795 8.64934 0.01 1 12 0
9002 290.795 8.64934 0.01 1 10 0
9082 290.795 8.64934 0.01 1 11 0
9102 306.048 7.74538 0.01 1 72 0
9118 290.795 8.41082 0.01 1 11 0
9137 309.722 8.25953 0.01 1 72 0
9148 290.795 8.64934 0.01 1 12 0
9166 310.205 8.21343 0.01 1 72 0
9190 290.795 8.64934 0.01 1 12 0
9227 292.306 8.51855 0.01 1 12 0
9268 290.795 8.64934 0.01 1 10 0
9300 309.134 8.35543 0.01 1 72 0
9320 290.795 8.64934 0.01 1 11 0
9335 290.795 8.64934 0.01 1 11 0
9384 332.133 8.08757 0.01 1 123 0
9387 290.795 8.64934 0.01 1 12 0
9522 308.29 8.66845 0.01 1 72 0
9594 290.795 8.64934 0.01 1 12 0
9664 292.14 8.41082 0.01 1 12 0
9672 290.795 8.64934 0.01 1 12 0
9695 292.302 8.41082 0.01 1 12 0
9751 332.133 8.08757 0.01 1 125 0
9788 290.795 8.64934 0.01 1 12 0
9882 292.302 8.25125 0.01 1 10 0
9958 292.302 8.4077 0.01 1 12 0
10091 290.795 8.40527 0.01 1 11 0
10121 290.795 8.64934 0.01 1 12 0
10174 290.795 8.64934 0.01 1 11 0
10281 290.795 8.41082 0.01 1 12 0
10289 290.795 8.64934 0.01 1 11 0
10439 290.141 8.64934 0.01 1 11 0
10480 292.302 8.4077 0.01 1 12 0
10483 307.81 7.69639 0.01 1 72 0
10489 292.334 8.41082 0.01 1 12 0
10495 292.306 8.41082 0.01 1 11 0
10510 292.306 8.41082 0.01 1 12 0
10531 309.117 8.35288 0.01 1 72 0
10532 291.323 8.25125 0.01 1 12 0
10602 331.935 8.17012 0.01 1 124 0
10633 290.795 8.64934 0.01 1 12 0
10635 292.302 8.4077 0.01 1 12 0
10684 290.795 8.64934 0.01 1 12 0
10708 290.795 8.41082 0.01 1 11 0
10727 292.306 8.41082 0.01 1 12 0
10737 292.302 8.41082 0.01 1 10 0
10742 291.339 8.64934 0.01 1 12 -0.00659242
10743 290.795 8.41082 0.01 1 10 0
10768 309.345 8.69275 0.01 1 72 0
10770 290.795 8.41082 0.01 1 11 0
10780 290.795 8.64934 0.01 1 12 0
10806 291.287 8.41082 0.01 1 12 0
10816 290.795 8.64934 0.01 1 10 0
10820 290.795 8.41082 0.01 1 12 0
10833 307.789 8.66845 0.01 1 72 0
10843 290.795 8.41082 0.01 1 12 0
10853 306.809 8.15807 0.01 1 72 0
10873 290.795 8.64934 0.01 1 11 0
10879 290.795 8.64934 0.01 1 11 0
10897 311.897 8.03726 0.01 1 72 0
10943 292.302 8.4077 0.01 1 11 0
10945 307.482 8.35543 0.01 1 72 -0.00322582
10946 292.306 8.41082 0.01 1 12 0
10989 295.201 8.41082 0.01 1 10 0
11012 290.795 8.64934 0.01 1 12 0
11020 290.795 8.41082 0.01 1 11 0
11029 331.935 8.08757 0.01 1 123 0
11098 290.795 8.64934 0.01 1 12 0
11151 292.306 8.41082 0.01 1 12 0
11167 290.795 8.64934 0.01 1 12 0
11191 290.795 8.64934 0.01 1 12 0
11215 290.795 8.64934 0.01 1 12 0
11256 292.306 8.41082 0.01 1 12 0
11277 290.795 8.64934 0.01 1 11 0
11311 292.306 8.41082 0.01 1 12 0
11381 292.306 8.40084 0.01 1 12 0
11408 290.141 8.64934 0.01 1 11 0
11409 292.306 8.41082 0.01 1 12 0
11489 290.795 8.64934 0.01 1 12 0
11508 332.133 8.08757 0.01 1 124 0
11531 308.469 8.63718 0.01 1 72 0
11547 306.615 7.97172 0.01 1 72 0
11562 290.795 8.41082 0.01 1 12 0
11712 290.795 8.64934 0.01 1 12 0
11735 292.302 8.41082 0.01 1 12 0
11743 290.795 8.64934 0.01 1 12 0
11762 292.306 8.41082 0.01 1 12 0
11791 288.355 8.64934 0.01 1 10 0
11843 290.795 8.64934 0.01 1 10 0
11864 290.795 8.64934 0.01 1 10 0
11865 290.795 8.64934 0.01 1 12 0
11874 291.284 8.64934 0.01 1 11 0
11889 292.306 8.41082 0.01 1 12 0
11926 288.355 8.64934 0.01 1 10 0
12062 331.935 8.08757 0.01 1 123 0
12066 307.482 8.35543 0.01 1 72 0
12078 309.722 8.25953 0.01 1 72 0
12153 290.133 8.41082 0.01 1 12 0
12172 290.795 8.64934 0.01 1 11 0
12215 290.795 8.64934 0.01 1 12 0
12246 292.302 8.4077 0.01 1 12 0
12302 292.14 8.41082 0.01 1 10 0
12307 290.795 8.64934 0.01 1 12 0
12336 290.795 8.64934 0.01 1 12 0
12346 308.698 8.46305 0.01 1 72 0
12356 290.141 8.64934 0.01 1 12 0
12383 332.133 8.08757 0.01 1 124 0
12466 290.795 8.64934 0.01 1 12 0
12621 290.795 8.64934 0.01 1 12 0
12625 331.935 8.08757 0.01 1 123 0
12642 292.306 8.41082 0.01 1 12 0
12670 309.134 8.35543 0.01 1 72 0
12716 309.722 8.25953 0.01 1 72 0
12748 331.935 8.08757 0.01 1 123 0
12773 290.795 8.41082 0.01 1 11 0
12813 290.795 8.64934 0.01 1 11 0
12855 290.795 8.64934 0.01 1 12 0
12955 290.795 8.42489 0.01 1 11 0.000243858
13002 305.91 8.25083 0.01 1 72 0
13018 290.795 8.64934 0.01 1 12 0
13036 290.795 8.64934 0.01 1 12 0
13077 331.935 8.08757 0.01 1 123 0
13098 290.795 8.64934 0.01 1 11 0
13126 290.795 8.64934 0.01 1 11 0
13181 307.233 8.21343 0.01 1 72 0
13190 290.795 8.41082 0.01 1 12 0
13230 289.131 8.64934 0.01 1 12 0
13296 291.287 8.41082 0.01 1 11 0
13340 332.133 8.08757 0.01 1 125 0
13346 331.935 8.08757 0.01 1 124 0
13405 290.795 8.64934 0.01 1 12 0
13455 292.306 8.28584 0.01 1 12 0
13472 290.795 8.64934 0.01 1 12 0
13545 306.899 8.10349 0.01 1 72 0
13559 292.302 8.4077 0.01 1 12 0
13644 309.398 8.18589 0.01 1 72 0
13660 290.795 8.64934 0.01 1 10 0
13668 310.236 8.26292 0.01 1 72 0
13810 292.302 8.41082 0.01 1 10 0
13835 290.795 8.64934 0.01 1 12 0
13836 292.306 8.41082 0.01 1 11 0
13842 292.306 8.38285 0.01 1 12 0
13847 292.306 8.41082 0.01 1 12 0
13859 290.795 8.64934 0.01 1 12 0
13913 292.306 8.41082 0.01 1 12 0
13918 292.306 8.41082 0.01 1 11 0
13936 290.795 8.64934 0.01 1 12 0
13987 306.615 7.97172 0.01 1 72 0
14007 290.795 8.41082 0.01 1 12 0
14018 290.795 8.53837 0.01 1 12 -0.00188732
14146 290.141 8.64934 0.01 1 12 0
14158 290.795 8.64934 0.01 1 11 0
14201 307.471 8.21343 0.01 1 72 -0.00339429
14238 288.355 8.64934 0.01 1 10 0
14390 290.795 8.64934 0.01 1 11 0
14402 309.722 8.25953 0.01 1 72 0
14445 292.306 8.40084 0.01 1 12 0
14461 290.795 8.64934 0.01 1 11 0
14474 290.795 8.64934 0.01 1 12 0
14513 290.969 8.64934 0.01 1 12 0
14516 290.795 8.41082 0.01 1 12 0
14561 292.306 8.41082 0.01 1 12 0
14578 291.323 8.25125 0.01 1 12 0
14671 311.98 8.1025 0.01 1 72 0
14705 309.117 8.35288 0.01 1 72 0
14786 290.795 8.41082 0.01 1 12 0
14800 290.513 8.41082 0.01 1 11 0.00322976
14810 290.795 8.41082 0.01 1 12 0
14864 308.088 7.81534 0.01 1 72 0
14866 308.006 7.81628 0.01 1 72 0
14894 292.306 8.21597 0.01 1 12 0
14898 292.306 8.41082 0.01 1 12 0
14954 290.795 8.64934 0.01 1 11 0
14990 292.302 8.25125 0.01 1 12 0
14996 290.795 8.64934 0.01 1 10 0
15013 290.795 8.53234 0.01 1 12 0
15017 290.795 8.66896 0.01 1 11 0
15054 290.795 8.41082 0.01 1 12 0
15084 311.897 8.03726 0.01 1 72 0
15094 292.306 8.21597 0.01 1 12 0
15165 292.302 8.25125 0.01 1 12 0
15173 292.302 8.25125 0.01 1 12 0
15186 290.795 8.41082 0.01 1 11 0
15195 311.023 8.07843 0.01 1 72 0
15230 290.795 8.64934 0.01 1 12 0
15244 292.306 8.41082 0.01 1 11 0
15254 332.133 8.08757 0.01 1 125 0
15259 306.809 8.43606 0.01 1 72 0
15301 290.795 8.64934 0.01 1 12 0
15307 289.131 8.58265 0.01 1 11 0
15317 289.131 8.58265 0.01 1 11 0
15364 308.29 8.66845 0.01 1 72 0
15377 293.322 8.41082 0.01 1 10 -0.0114587
15382 292.14 8.41082 0.01 1 11 0
15433 310.84 8.15585 0.01 1 72 0
15462 290.795 8.64934 0.01 1 11 0
15474 291.323 8.39882 0.01 1 11 0
15481 290.795 8.64934 0.01 1 11 0
15523 290.795 8.64934 0.01 1 10 0
15570 292.14 8.58584 0.01 1 12 0
15579 290.795 8.64934 0.01 1 11 0
15588 292.306 8.34496 0.01 1 12 0
15596 311.031 7.84079 0.01 1 72 0
15619 312.224 7.76778 0.01 1 72 0
15739 291.323 8.25125 0.01 1 12 0
15789 290.795 8.41082 0.01 1 11 0
15811 308.088 7.70753 0.01 1 72 0
15830 290.795 8.41082 0.01 1 10 0
15833 292.306 8.37388 0.01 1 11 0
15854 290.795 8.41082 0.01 1 12 0
15894 290.795 8.66896 0.01 1 11 0
15974 290.795 8.53234 0.01 1 12 0
16015 309.224 8.1841 0.01 1 72 0.00110225
16039 307.492 8.66652 0.01 1 72 0
16060 290.795 8.64934 0.01 1 11 0
16079 309.722 8.25953 0.01 1 72 0
16201 290.93 8.41082 0.01 1 12 0
16213 290.795 8.64934 0.01 1 12 0
16454 290.795 8.64934 0.01 1 10 0
16485 290.795 8.64934 0.01 1 11 0
16610 290.795 8.64934 0.01 1 12 0
16612 292.302 8.25125 0.01 1 11 0
16679 290.795 8.64934 0.01 1 11 0
16703 290.795 8.64934 0.01 1 10 0
16759 308.29 8.66845 0.01 1 72 0
16776 309.345 8.70542 0.01 1 72 0
16805 290.795 8.64934 0.01 1 10 0
16933 291.287 8.41082 0.01 1 11 0
17020 331.935 8.08757 0.01 1 124 0
17035 290.795 8.64934 0.01 1 12 0
17137 295.201 8.41082 0.01 1 12 0
17161 292.306 8.34496 0.01 1 12 0
17316 309.134 8.35543 0.01 1 72 0
17329 292.306 8.40084 0.01 1 12 0
17355 307.269 7.67317 0.01 1 72 0
17376 292.306 8.51855 0.01 1 12 0
17394 309.345 8.69275 0.01 1 72 0
17405 292.306 8.41082 0.01 1 11 0
17407 290.795 8.41082 0.01 1 11 0
17413 290.473 8.40084 0.01 1 11 0
17444 290.795 8.41082 0.01 1 11 0
17467 290.795 8.41082 0.01 1 11 0
17473 290.795 8.64934 0.01 1 11 0
17534 292.302 8.25125 0.01 1 11 0
17538 292.302 8.41082 0.01 1 12 0
17554 290.795 8.6671 0.01 1 12 0
17583 310.181 8.31089 0.01 1 72 0
17595 290.795 8.64934 0.01 1 12 0
17608 291.323 8.25125 0.01 1 12 0.0109692
17609 306.048 7.74538 0.01 1 72 0
17613 288.911 8.64934 0.01 1 12 -0.00752691
17614 331.935 8.08757 0.01 1 124 0
17616 292.306 8.41082 0.01 1 12 0
17651 290.795 8.64934 0.01 1 11 0
17666 309.722 8.16621 0.01 1 72 0
17695 307.269 7.67317 0.01 1 72 0
17721 308.873 8.06878 0.01 1 72 0
17725 290.795 8.64934 0.01 1 11 0
17841 292.306 8.41082 0.01 1 12 0
17891 290.795 8.64934 0.01 1 12 0
17914 308.29 8.66845 0.01 1 72 0
17954 290.795 8.41082 0.01 1 11 0
17973 308.512 7.77477 0.01 1 72 0
17986 292.306 8.37388 0.01 1 11 0
17987 290.795 8.41082 0.01 1 12 0
17994 331.935 8.08757 0.01 1 124 0
18065 290.141 8.64934 0.01 1 11 0
18091 292.306 8.41082 0.01 1 12 0
18129 292.14 8.41082 0.01 1 11 0
18209 290.795 8.66896 0.01 1 11 0
18243 292.306 8.41082 0.01 1 11 0
18247 290.795 8.64934 0.01 1 11 0
18343 309.345 8.70542 0.01 1 72 0
18367 292.306 8.41082 0.01 1 12 0
18516 292.302 8.25125 0.01 1 11 0
18597 309.117 8.03103 0.01 1 72 0
18599 290.795 8.64934 0.01 1 11 0
18642 292.306 8.41082 0.01 1 12 0
18658 290.795 8.64934 0.01 1 12 0
18780 306.809 8.43606 0.01 1 72 0
18790 292.302 8.41082 0.01 1 12 0
18822 290.795 8.64934 0.01 1 12 0
18859 292.306 8.41082 0.01 1 12 0
18866 292.302 8.25125 0.01 1 12 0
18902 290.795 8.64934 0.01 1 12 0
18904 290.795 8.64934 0.01 1 12 0
18914 308.088 7.81464 0.01 1 72 0
18958 332.133 8.08757 0.01 1 124 0
19024 290.795 8.64934 0.01 1 12 0
19033 290.795 8.41082 0.01 1 11 0
19093 290.795 8.64934 0.01 1 12 0
19095 309.85 8.10912 0.01 1 72 0
19219 290.795 8.64934 0.01 1 12 0
19237 290.795 8.64934 0.01 1 12 0
19363 292.302 8.4077 0.01 1 12 0
19397 290.795 8.64934 0.01 1 12 0
19404 290.795 8.64934 0.01 1 11 0
19420 290.795 8.64934 0.01 1 11 0
19455 306.048 7.74538 0.01 1 72 0
19563 290.795 8.64934 0.01 1 11 0
19601 290.141 8.47723 0.01 1 11 0
19663 308.088 7.99631 0.01 1 72 0
19736 290.795 8.6671 0.01 1 12 0
19823 292.302 8.41082 0.01 1 10 0
19850 291.685 8.41082 0.01 1 12 0
19892 307.417 8.02849 0.01 1 72 -5.03659e-06
19996 290.133 8.41082 0.01 1 12 0.00841503
19997 288.355 8.73584 0.01 1 10 0.00138035
20050 290.795 8.64934 0.01 1 12 0
20072 290.795 8.64934 0.01 1 10 0
20074 306.048 7.74538 0.01 1 72 0
20083 308.581 7.81464 0.01 1 72 0
20196 290.795 8.64934 0.01 1 12 0
20416 290.795 8.64934 0.01 1 12 0
20427 290.795 8.64934 0.01 1 11 0
20434 292.302 8.25125 0.01 1 12 0
20480 290.795 8.64934 0.01 1 12 0
20513 292.306 8.41082 0.01 1 12 0
20533 305.856 7.79358 0.01 1 72 0
20538 289.982 8.64934 0.01 1 12 0.0103317
20579 290.795 8.64934 0.01 1 12 0
20640 290.795 8.41082 0.01 1 12 0
20666 290.795 8.64934 0.01 1 12 0
20669 292.306 8.21597 0.01 1 11 0
20673 290.795 8.64934 0.01 1 12 0
20701 290.795 8.64934 0.01 1 12 0
20706 290.795 8.64934 0.01 1 11 0
20741 294.85 8.53909 0.01 1 12 0
20901 290.795 8.41082 0.01 1 11 0
20905 292.306 8.41082 0.01 1 12 0
20940 291.323 8.39882 0.01 1 11 0.00255187
20961 309.398 8.18589 0.01 1 72 0
20979 331.935 8.08757 0.01 1 123 0
20998 288.355 8.64934 0.01 1 11 0
21023 290.981 8.64934 0.01 1 12 -0.00228551
21129 290.795 8.64934 0.01 1 12 0
21151 311.023 8.08395 0.01 1 72 0
21178 290.795 8.41082 0.01 1 11 0
21181 332.133 8.38388 0.01 1 123 0
21192 292.306 8.41082 0.01 1 12 0
21198 309.345 8.70615 0.01 1 72 0
21231 290.795 8.64934 0.01 1 10 0
21305 332.133 8.08757 0.01 1 124 0
21345 292.306 8.41082 0.01 1 12 0
21347 292.306 8.40084 0.01 1 12 0
21353 290.958 8.53234 0.01 1 12 0
21426 292.302 8.41082 0.01 1 11 0
21434 290.795 8.3835 0.01 1 10 -0.00047458
21439 291.287 8.41082 0.01 1 10 0
21443 290.795 8.41082 0.01 1 12 0
21482 290.795 8.41082 0.01 1 11 0
21501 290.795 8.64934 0.01 1 12 0
21562 309.345 8.63196 0.01 1 72 0
21655 292.306 8.41082 0.01 1 12 0
21671 292.306 8.5689 0.01 1 12 0
21679 290.795 8.64934 0.01 1 10 0
21718 290.795 8.64934 0.01 1 12 0
21726 292.306 8.41082 0.01 1 12 0
21804 290.795 8.64934 0.01 1 12 0
21816 290.795 8.64934 0.01 1 12 0
21834 290.795 8.64934 0.01 1 11 0
21840 292.306 8.40084 0.01 1 12 0
21896 310.759 8.16621 0.01 1 72 -0.00378498
21935 293.01 8.59983 0.01 1 12 0
21958 292.306 8.41082 0.01 1 12 0
22095 292.306 8.41082 0.01 1 11 0
22128 290.773 8.64934 0.01 1 12 0
22181 308.088 7.9922 0.01 1 72 0
22202 290.795 8.64934 0.01 1 12 0
22261 290.795 8.41082 0.01 1 11 0
22371 290.795 8.64934 0.01 1 12 0
22420 292.14 8.41082 0.01 1 12 0
22433 288.355 8.64934 0.01 1 10 0
22499 309.117 8.17614 0.01 1 72 0
22551 292.306 8.41082 0.01 1 12 0
22583 290.795 8.64934 0.01 1 12 0
22680 290.795 8.64934 0.01 1 11 0
22700 290.795 8.41082 0.01 1 11 0
22730 309.892 8.1841 0.01 1 72 0
22736 290.795 8.64934 0.01 1 10 0
22766 288.355 8.64934 0.01 1 10 0
22772 288.355 8.64934 0.01 1 10 0
22832 309.117 8.05033 0.01 1 72 8.9407e-08
22878 304.988 7.79358 0.01 1 72 0
22899 290.795 8.41082 0.01 1 11 0
22952 292.306 8.41082 0.01 1 12 0
23024 290.795 8.64934 0.01 1 11 0
23025 331.935 8.08757 0.01 1 124 0
23182 290.795 8.6671 0.01 1 12 0
23183 308.581 7.81464 0.01 1 72 0
23184 292.302 8.41082 0.01 1 12 0
23187 290.795 8.41082 0.01 1 11 0
23205 309.878 7.79738 0.01 1 72 0
23216 290.795 8.64934 0.01 1 11 0
23295 288.355 8.64934 0.01 1 10 0
23332 289.626 8.64463 0.01 1 11 -7.83429e-05
23475 290.141 8.64934 0.01 1 11 0
23478 308.29 8.66845 0.01 1 72 0
23511 290.795 8.64934 0.01 1 11 0
23541 288.355 8.64934 0.01 1 10 0
23549 290.795 8.64934 0.01 1 12 0
23615 292.306 8.41082 0.01 1 12 0
23623 290.795 8.64934 0.01 1 12 0
23638 292.306 8.41082 0.01 1 12 0
23678 290.795 8.64934 0.01 1 11 0
23735 290.795 8.64934 0.01 1 12 0
23761 308.873 8.126 0.01 1 72 0
23770 290.795 8.41082 0.01 1 12 0
23786 292.306 8.40084 0.01 1 12 0
23809 290.795 8.64934 0.01 1 11 0
23851 290.795 8.64934 0.01 1 11 0
23894 291.714 8.66903 0.01 1 12 0.000331588
23952 292.14 8.58584 0.01 1 11 0
23988 290.795 8.64934 0.01 1 11 0
24121 308.873 8.126 0.01 1 72 0
24136 309.109 8.23358 0.01 1 72 0
24158 292.302 8.4077 0.01 1 12 0
24201 290.795 8.41082 0.01 1 10 0
24278 292.306 8.28584 0.01 1 12 0
24290 292.302 8.25125 0.01 1 12 0
24302 309.345 8.44191 0.01 1 72 0
24305 290.795 8.64934 0.01 1 11 0
24309 290.795 8.41082 0.01 1 12 0
24321 308.088 7.70753 0.01 1 72 0
24491 290.795 8.64934 0.01 1 12 0
24518 292.306 8.41082 0.01 1 12 0
24532 309.722 8.25953 0.01 1 72 0
24539 290.795 8.64934 0.01 1 11 0
24570 290.795 8.41082 0.01 1 11 0
24575 290.795 8.64934 0.01 1 12 0
24587 292.306 8.33515 0.01 1 12 0
24610 290.795 8.64934 0.01 1 12 0
24614 307.664 7.70512 0.01 1 72 0
24626 331.935 8.08757 0.01 1 124 0
24677 309.345 8.69275 0.01 1 72 0
24688 331.648 8.29997 0.01 1 123 0
24713 312.224 7.76778 0.01 1 72 0
24770 309.117 8.17614 0.01 1 72 0
24774 310.236 8.26292 0.01 1 72 0
25049 292.302 8.25125 0.01 1 11 0
25053 306.295 8.04765 0.01 1 72 0
25121 292.302 8.4077 0.01 1 12 0
25178 290.795 8.64934 0.01 1 12 0
25195 290.795 8.64934 0.01 1 11 0
25208 292.306 8.21597 0.01 1 11 0
25297 290.795 8.64934 0.01 1 12 0
25332 291.323 8.25125 0.01 1 11 0
25345 308.581 7.81464 0.01 1 72 0
25390 288.355 8.64934 0.01 1 10 0
25399 288.355 8.81336 0.01 1 10 0
25424 331.935 8.08757 0.01 1 124 0
25445 290.795 8.64934 0.01 1 12 0
25475 292.306 8.41082 0.01 1 11 0
25488 292.302 8.4077 0.01 1 12 0
25499 292.306 8.28584 0.01 1 11 0
25516 292.306 8.41082 0.01 1 11 0
25565 290.795 8.64934 0.01 1 11 0
25644 309.134 8.35543 0.01 1 72 0
25671 292.306 8.40084 0.01 1 11 0
25687 290.969 8.64934 0.01 1 12 -0.00214852
25689 290.795 8.41082 0.01 1 12 0
25699 292.302 8.25125 0.01 1 12 0
25709 306.881 7.97172 0.01 1 72 0
25794 290.795 8.41082 0.01 1 12 0
25799 292.302 8.41082 0.01 1 10 0
25845 290.795 8.64934 0.01 1 12 0
25911 292.302 8.41082 0.01 1 10 0
25939 290.795 8.64934 0.01 1 12 0
25998 292.306 8.41082 0.01 1 11 0
26000 290.141 8.64934 0.01 1 11 0
26046 331.935 8.08757 0.01 1 123 0
26090 309.722 8.25953 0.01 1 72 0
26098 292.306 8.41082 0.01 1 12 0
26115 291.287 8.41082 0.01 1 12 0
26152 306.899 8.10349 0.01 1 72 0
26314 290.795 8.64934 0.01 1 10 0
26318 331.935 8.08757 0.01 1 123 0
26333 331.935 8.08757 0.01 1 124 0
26395 290.795 8.66896 0.01 1 11 0
26405 290.969 8.64934 0.01 1 12 0
26504 308.941 8.21788 0.01 1 72 0
26563 290.795 8.64934 0.01 1 12 0
26628 290.795 8.64934 0.01 1 12 0
26650 292.306 8.40084 0.01 1 11 0
26651 292.306 8.41082 0.01 1 12 0
26767 309.192 8.1242 0.01 1 72 0
26782 290.795 8.64934 0.01 1 11 0
26789 309.722 8.21788 0.01 1 72 0
26849 290.141 8.64934 0.01 1 11 0
26852 309.117 8.03103 0.01 1 72 0
26863 290.795 8.64934 0.01 1 11 0
26883 290.795 8.64934 0.01 1 12 0
26886 311.897 8.03726 0.01 1 72 0
26919 292.306 8.41082 0.01 1 11 0
26932 331.935 8.08757 0.01 1 124 0
26934 292.306 8.41082 0.01 1 12 0
26941 309.134 8.35543 0.01 1 72 0
27014 310.181 8.49159 0.01 1 72 0
27067 310.236 8.26292 0.01 1 72 0
27106 306.809 8.43606 0.01 1 72 0
27107 308.632 8.46305 0.01 1 72 0
27132 290.795 8.53234 0.01 1 12 0
27334 292.302 8.25125 0.01 1 12 0
27464 290.795 8.64934 0.01 1 11 0
27482 308.088 7.81464 0.01 1 72 0
27514 290.795 8.41082 0.01 1 11 0
27515 309.117 8.03103 0.01 1 72 0
27543 292.302 8.4077 0.01 1 12 0
27555 292.306 8.41082 0.01 1 11 0
27571 292.306 8.52365 0.01 1 12 0
27664 290.141 8.64934 0.01 1 11 0.00826319
27690 331.935 8.08757 0.01 1 123 0
27723 290.795 8.64934 0.01 1 11 0
27746 290.141 8.73465 0.01 1 12 0.00140926
27776 290.795 8.6671 0.01 1 12 0
27846 292.306 8.41082 0.01 1 12 0
28008 290.795 8.64934 0.01 1 11 0
28045 290.141 8.47723 0.01 1 11 0
28064 331.93 8.03239 0.01 1 123 -0.00022018
28096 290.795 8.64934 0.01 1 12 0
28154 291.282 8.41082 0.01 1 11 -0.00565653
28166 309.134 8.35543 0.01 1 72 0
28241 309.722 8.25953 0.01 1 72 0
28254 290.795 8.64934 0.01 1 11 0
28290 290.795 8.64934 0.01 1 12 0
28380 290.795 8.41082 0.01 1 12 0
28386 331.648 8.29997 0.01 1 123 0
28432 311.023 8.07843 0.01 1 72 0
28454 292.306 8.41082 0.01 1 12 0
28469 308.29 8.66845 0.01 1 72 0
28472 290.795 8.64934 0.01 1 11 0
28547 292.302 8.4077 0.01 1 12 0
28592 290.795 8.64934 0.01 1 12 0
28629 289.626 8.64934 0.01 1 11 0
28689 309.345 8.69275 0.01 1 72 0
28696 309.722 8.25953 0.01 1 72 0
28700 291.824 8.64934 0.01 1 12 -0.0122194
28773 311.023 8.07843 0.01 1 72 0
28827 290.795 8.64934 0.01 1 10 0
28866 290.795 8.41082 0.01 1 12 0
28867 305.856 7.79358 0.01 1 72 0
28879 292.306 8.41082 0.01 1 11 0
28882 290.795 8.64934 0.01 1 12 0
28924 292.306 8.41082 0.01 1 11 0
28956 290.795 8.64934 0.01 1 10 0
28997 308.873 8.126 0.01 1 72 0
29000 290.795 8.64934 0.01 1 12 0
29031 290.795 8.41082 0.01 1 12 0
29053 295.201 8.41082 0.01 1 11 0
29077 290.795 8.64934 0.01 1 12 0
29079 307.212 8.03118 0.01 1 72 0
29185 311.897 8.03726 0.01 1 72 0
29243 308.581 7.81464 0.01 1 72 0
29327 308.088 7.99631 0.01 1 72 0
29368 290.141 8.64934 0.01 1 11 0
29422 292.302 8.41082 0.01 1 12 0
29550 290.795 8.64934 0.01 1 12 0
29570 310.181 8.31089 0.01 1 72 0
29581 290.795 8.64934 0.01 1 12 0
29607 290.795 8.41082 0.01 1 11 0
29698 293.442 8.34808 0.01 1 10 -0.0114283
29714 290.795 8.41082 0.01 1 11 0
29778 292.302 8.41082 0.01 1 10 0
29808 292.306 8.41082 0.01 1 12 0
29872 290.795 8.66896 0.01 1 12 0
29877 290.795 8.64934 0.01 1 12 0
29958 308.088 7.99631 0.01 1 72 0
29991 292.302 8.25125 0.01 1 12 0
29996 290.795 8.64934 0.01 1 12 0
30048 290.795 8.64934 0.01 1 12 0
30066 310.236 8.26292 0.01 1 72 0
30077 310.236 8.26292 0.01 1 72 0
30109 290.795 8.64934 0.01 1 10 0
30117 290.458 8.64934 0.01 1 10 0.00388926
30129 290.795 8.64934 0.01 1 12 0
30165 292.306 8.40084 0.01 1 12 0
30175 290.795 8.64934 0.01 1 12 0
30304 292.306 8.21597 0.01 1 11 0
30307 292.302 8.41082 0.01 1 10 0
30308 290.795 8.66896 0.01 1 12 0
30356 292.302 8.25125 0.01 1 11 0
30439 290.795 8.66896 0.01 1 11 0
30451 308.705 8.21788 0.01 1 72 0
30475 292.306 8.34496 0.01 1 11 0
30486 331.648 8.29997 0.01 1 123 0
30556 290.795 8.64934 0.01 1 12 0
30578 309.134 8.35543 0.01 1 72 0
30594 292.306 8.33515 0.01 1 12 0
30643 290.795 8.64934 0.01 1 12 0
30720 290.795 8.64934 0.01 1 11 0
30732 290.795 8.41082 0.01 1 12 0
30747 332.133 8.38388 0.01 1 124 0
30799 292.306 8.21597 0.01 1 11 0
31097 289.131 8.58265 0.01 1 11 0
31110 308.873 8.126 0.01 1 72 0
31197 290.795 8.64934 0.01 1 12 0
31211 290.795 8.64934 0.01 1 12 0
31263 292.306 8.41082 0.01 1 10 0
31301 292.306 8.41082 0.01 1 12 0
31347 292.306 8.41082 0.01 1 11 0
31394 306.615 7.97172 0.01 1 72 0
31401 290.795 8.41082 0.01 1 11 0
31450 290.795 8.41082 0.01 1 11 0
31480 292.306 8.41082 0.01 1 12 0
31481 290.795 8.64934 0.01 1 12 0
31531 290.795 8.64934 0.01 1 11 0
31539 290.795 8.64934 0.01 1 10 0
31563 290.795 8.64934 0.01 1 12 0
31625 290.141 8.64934 0.01 1 11 0
31646 331.935 8.08757 0.01 1 124 0
31647 290.795 8.64934 0.01 1 10 0
31677 292.306 8.41082 0.01 1 12 0
31709 292.306 8.5689 0.01 1 12 0
31751 290.795 8.64934 0.01 1 12 0
31849 292.306 8.41082 0.01 1 12 0
31862 290.795 8.64934 0.01 1 11 0
31948 308.873 8.126 0.01 1 72 0
31960 290.795 8.64934 0.01 1 12 0
31980 290.795 8.64934 0.01 1 11 0
32007 292.302 8.4077 0.01 1 11 0
32009 292.306 8.41082 0.01 1 12 0
32027 290.795 8.64934 0.01 1 11 0
32029 290.141 8.47723 0.01 1 11 0
32046 291.287 8.41082 0.01 1 11 0
32056 312.224 7.76778 0.01 1 72 0
32153 331.935 8.17012 0.01 1 124 0
32239 291.287 8.41082 0.01 1 11 0
32286 290.795 8.64934 0.01 1 10 0
32293 291.284 8.64934 0.01 1 12 0
32351 292.306 8.33515 0.01 1 12 0
32361 290.795 8.64934 0.01 1 12 0
32392 292.306 8.41082 0.01 1 12 0
32411 290.795 8.64934 0.01 1 11 0
32428 307.94 8.06878 0.01 1 72 0
32430 290.795 8.64934 0.01 1 11 0
32503 290.795 8.64934 0.01 1 10 0
32565 306.295 8.04765 0.01 1 72 0
32604 308.469 8.63718 0.01 1 72 0
32686 308.323 7.70049 0.01 1 72 0
32688 290.795 8.64934 0.01 1 11 0
32708 290.795 8.64934 0.01 1 11 0
32747 306.809 8.43606 0.01 1 72 0
32780 290.795 8.6671 0.01 1 12 0
32833 308.323 7.55163 0.01 1 72 0
32904 293.343 8.41082 0.01 1 10 0
32955 331.112 8.29997 0.01 1 123 0
32999 307.025 8.40666 0.01 1 72 0
33022 290.795 8.64934 0.01 1 12 0
33030 306.881 7.97172 0.01 1 72 0
33042 308.941 8.21788 0.01 1 72 0
33046 308.088 7.99631 0.01 1 72 0
33073 292.302 8.25125 0.01 1 12 0
33107 292.306 8.41082 0.01 1 12 0
33167 292.14 8.41082 0.01 1 10 0
33203 310.181 8.49159 0.01 1 72 0
33254 290.795 8.64934 0.01 1 12 0
33282 331.935 8.08757 0.01 1 124 0
33299 290.795 8.64934 0.01 1 11 0
33321 290.795 8.58962 0.01 1 12 -0.00101075
33352 308.873 8.126 0.01 1 72 0
33375 306.809 8.43606 0.01 1 72 0
33398 311.897 8.03726 0.01 1 72 0
33408 292.306 8.31311 0.01 1 12 0
33438 309.134 8.35543 0.01 1 72 0
33440 307.025 8.40666 0.01 1 72 0
33441 290.795 8.64934 0.01 1 12 0
33482 290.795 8.64934 0.01 1 12 0
33488 310.236 8.26292 0.01 1 72 0
33543 290.795 8.64934 0.01 1 12 0
33589 291.253 8.41082 0.01 1 11 0
33680 288.355 8.64934 0.01 1 11 0
33702 292.306 8.40084 0.01 1 12 0
33725 309.345 8.70615 0.01 1 72 0
33728 290.795 8.64934 0.01 1 11 0
33733 308.469 8.63718 0.01 1 72 0
33765 311.023 8.07843 0.01 1 72 0
33773 290.795 8.64934 0.01 1 11 0
33785 290.795 8.64934 0.01 1 12 0
33840 292.306 8.41082 0.01 1 12 0
33848 290.795 8.64934 0.01 1 11 0
33856 310.181 8.31089 0.01 1 72 0
33869 292.306 8.38285 0.01 1 12 0
33875 292.302 8.41082 0.01 1 12 0
33880 290.795 8.41082 0.01 1 11 0
33901 290.795 8.64934 0.01 1 11 0
33918 290.141 8.64934 0.01 1 12 0
33951 292.306 8.41082 0.01 1 12 0
33977 306.809 8.53518 0.01 1 72 0
33979 292.302 8.41082 0.01 1 12 0
33986 310.236 8.26292 0.01 1 72 0
33994 308.941 8.21788 0.01 1 72 0
34014 292.302 8.37899 0.01 1 11 -0.000527188
34032 292.306 8.41082 0.01 1 12 0
34063 290.795 8.64934 0.01 1 12 0
34104 290.141 8.64934 0.01 1 11 0
34186 290.795 8.64934 0.01 1 12 0
34230 292.306 8.41082 0.01 1 12 0
34481 290.795 8.64934 0.01 1 12 0
34500 290.795 8.64934 0.01 1 11 0
34520 290.795 8.64934 0.01 1 12 0
34561 306.809 8.15807 0.01 1 72 -0.000448689
34578 290.795 8.64934 0.01 1 11 0
34637 292.306 8.41082 0.01 1 12 0
34676 292.14 8.41082 0.01 1 12 0
34692 293.343 8.41082 0.01 1 10 -0.00916821
34753 331.93 8.08757 0.01 1 123 0
34779 290.795 8.64934 0.01 1 12 0
34789 308.581 7.81464 0.01 1 72 0
34793 292.306 8.41082 0.01 1 12 0
34844 308.361 7.81464 0.01 1 72 0
34877 308.512 7.77477 0.01 1 72 0
34886 290.795 8.66896 0.01 1 10 0
34929 290.795 8.64934 0.01 1 11 0
34938 307.789 8.66845 0.01 1 72 0
34946 292.306 8.41082 0.01 1 12 0
34973 305.856 7.79358 0.01 1 72 0
34979 290.795 8.64934 0.01 1 12 0
34997 308.873 8.02489 0.01 1 72 0
35025 290.795 8.64934 0.01 1 11 0
35045 292.306 8.41082 0.01 1 12 0
35072 290.795 8.64934 0.01 1 12 0
35088 290.969 8.64934 0.01 1 12 0
35125 292.306 8.41082 0.01 1 12 0
35137 308.088 7.99631 0.01 1 72 0
35159 290.795 8.41082 0.01 1 12 0
35200 331.935 8.08757 0.01 1 123 0
35203 290.795 8.64934 0.01 1 11 0
35221 292.302 8.4077 0.01 1 12 0
35276 290.795 8.64934 0.01 1 12 0
35381 290.795 8.64934 0.01 1 12 0
35394 309.722 8.16621 0.01 1 72 0
35412 292.306 8.34496 0.01 1 12 0
35439 290.795 8.64934 0.01 1 10 0
35488 308.088 7.67317 0.01 1 72 0
35520 309.739 8.30416 0.01 1 72 0
35559 290.795 8.64934 0.01 1 11 0
35577 310.236 8.26292 0.01 1 72 0
35641 292.14 8.41082 0.01 1 12 0
35681 290.141 8.64934 0.01 1 11 0
35714 290.795 8.64934 0.01 1 11 0
35715 308.088 7.99631 0.01 1 72 0
35724 290.141 8.64934 0.01 1 11 0
35746 290.795 8.41082 0.01 1 12 0
35779 291.287 8.41082 0.01 1 12 0
35793 290.795 8.41082 0.01 1 11 0
35802 309.109 8.21343 0.01 1 72 0
35823 309.722 8.25953 0.01 1 72 0
35867 290.795 8.64934 0.01 1 12 0
35945 290.795 8.64934 0.01 1 12 0
35952 290.473 8.40084 0.01 1 11 0
35972 292.306 8.41082 0.01 1 12 0
35997 309.345 8.69275 0.01 1 72 0
36111 292.306 8.41082 0.01 1 12 0
36132 290.795 8.64934 0.01 1 11 0
36136 308.088 7.81534 0.01 1 72 0
36239 331.935 8.20716 0.01 1 124 0
36253 293.453 8.41082 0.01 1 11 0
36329 290.795 8.41082 0.01 1 12 0
36347 331.935 8.08757 0.01 1 124 0
36364 292.306 8.41082 0.01 1 11 0
36426 290.048 8.41082 0.01 1 12 0
36433 290.795 8.41082 0.01 1 11 0
36462 292.14 8.58584 0.01 1 11 0.00296041
36495 290.326 8.64934 0.01 1 12 0.00589135
36501 292.302 8.4077 0.01 1 11 0
36517 292.306 8.41082 0.01 1 12 0
36536 308.006 8.03158 0.01 1 72 0
36613 290.141 8.64934 0.01 1 11 0
36614 292.306 8.41082 0.01 1 12 0
36637 308.512 7.77477 0.01 1 72 0
36646 290.795 8.64934 0.01 1 12 0
36648 309.722 8.25953 0.01 1 72 0
36726 292.302 8.3796 0.01 1 12 0
36770 292.302 8.41082 0.01 1 12 0
36812 306.295 8.04765 0.01 1 72 0
36968 292.14 8.41082 0.01 1 12 0
36984 290.795 8.64934 0.01 1 11 0
37020 290.795 8.64934 0.01 1 12 0
37069 290.795 8.64934 0.01 1 12 0
37143 288.355 8.64934 0.01 1 11 0
37198 308.873 8.06878 0.01 1 72 0
37215 290.795 8.64934 0.01 1 12 0
37250 290.795 8.41082 0.01 1 12 0
37253 309.134 8.35543 0.01 1 72 0
37279 290.795 8.69148 0.01 1 12 0
37306 308.323 7.70049 0.01 1 72 0
37324 290.795 8.64934 0.01 1 12 0
37393 309.117 8.03103 0.01 1 72 0
37453 290.141 8.64934 0.01 1 11 0
37463 309.345 8.69275 0.01 1 72 0
37492 290.795 8.64934 0.01 1 12 0
37504 290.795 8.41082 0.01 1 12 0
37540 290.795 8.64934 0.01 1 12 0
37556 292.302 8.4077 0.01 1 11 0
37575 292.306 8.38285 0.01 1 12 0
37627 290.795 8.41082 0.01 1 11 0
37637 290.795 8.66896 0.01 1 11 0
37730 292.306 8.41082 0.01 1 12 0
37793 290.795 8.64934 0.01 1 12 0
37848 290.795 8.41082 0.01 1 11 0
37907 292.302 8.41082 0.01 1 12 0
38055 290.795 8.64934 0.01 1 11 0
38078 290.795 8.41082 0.01 1 11 0
38087 292.14 8.43637 0.01 1 12 0
38113 309.117 8.17614 0.01 1 72 0
38120 290.141 8.47723 0.01 1 11 0
38136 292.302 8.25125 0.01 1 11 0
38222 291.287 8.41082 0.01 1 12 0
38279 292.306 8.41082 0.01 1 12 0
38320 288.355 8.64934 0.01 1 10 0
38347 308.512 7.77477 0.01 1 72 0
38412 288.355 8.64934 0.01 1 10 0
38438 308.705 8.21788 0.01 1 72 0
38458 290.795 8.64934 0.01 1 10 0
38468 290.795 8.64934 0.01 1 11 0
38469 292.306 8.41082 0.01 1 12 0
38521 290.795 8.64934 0.01 1 11 0
38531 307.664 7.70512 0.01 1 72 0
38579 290.795 8.64934 0.01 1 11 0
38584 290.795 8.64934 0.01 1 10 0
38619 331.648 8.29997 0.01 1 124 0
38646 288.355 8.64934 0.01 1 10 0
38653 306.92 8.60768 0.01 1 72 0
38805 307.212 8.03118 0.01 1 72 0
38852 290.795 8.64934 0.01 1 12 0
38870 292.306 8.41082 0.01 1 10 0
38876 311.023 8.07843 0.01 1 72 0
38940 305.856 7.79358 0.01 1 72 0
38950 292.306 8.26829 0.01 1 11 0
38960 293.322 8.41082 0.01 1 12 0
38971 290.795 8.64934 0.01 1 12 0
38977 331.648 8.29997 0.01 1 123 0
38986 292.306 8.35199 0.01 1 12 -0.00101334
39022 307.212 8.03118 0.01 1 72 0
39044 292.302 8.25125 0.01 1 12 0
39067 307.957 8.00989 0.01 1 72 0
39101 308.941 8.21788 0.01 1 72 0
39173 290.795 8.64934 0.01 1 12 0
39237 292.14 8.41082 0.01 1 11 0
39251 290.795 8.41082 0.01 1 12 0
39253 290.795 8.41082 0.01 1 12 0
39277 290.795 8.41082 0.01 1 10 0
39314 295.201 8.41082 0.01 1 12 0
39361 290.795 8.64934 0.01 1 12 0
39367 308.941 8.21788 0.01 1 72 0
39374 305.91 8.25083 0.01 1 72 0
39421 292.14 8.41082 0.01 1 10 0
39437 292.306 8.41082 0.01 1 12 0
39438 288.355 8.64934 0.01 1 10 0
39444 308.088 7.70753 0.01 1 72 0
39448 290.795 8.64934 0.01 1 11 0
39453 290.795 8.64934 0.01 1 12 0
39456 308.716 8.19006 0.01 1 72 0
39512 331.935 8.08757 0.01 1 123 0
39525 291.785 8.64934 0.01 1 10 -0.0117815
39576 290.795 8.64934 0.01 1 12 0
39641 292.302 8.41082 0.01 1 11 0
39673 288.355 8.64934 0.01 1 10 0
39697 292.306 8.41082 0.01 1 12 0
39710 290.795 8.64934 0.01 1 11 0
39859 292.306 8.41082 0.01 1 12 0
39910 310.608 8.11216 0.01 1 72 0
39919 290.795 8.64934 0.01 1 12 0
39952 307.492 8.66652 0.01 1 72 0
39964 292.306 8.41082 0.01 1 11 0
39967 290.795 8.41082 0.01 1 12 0
39988 290.795 8.64934 0.01 1 12 0
39997 290.795 8.64934 0.01 1 11 0
40030 292.306 8.41082 0.01 1 12 0
40079 307.233 8.22734 0.01 1 72 1.51694e-05
40220 290.141 8.64934 0.01 1 11 0
40252 290.795 8.41082 0.01 1 10 0
40278 290.795 8.64934 0.01 1 11 0
40280 288.355 8.64934 0.01 1 10 0
40290 308.873 8.02489 0.01 1 72 0
40337 290.795 8.64934 0.01 1 11 0
40341 292.302 8.25125 0.01 1 12 0
40345 290.795 8.64934 0.01 1 11 0
40435 290.795 8.64934 0.01 1 11 0
40557 331.648 8.29997 0.01 1 124 0
40592 290.795 8.41082 0.01 1 10 0
40613 290.795 8.64934 0.01 1 12 0
40681 311.939 7.91691 0.01 1 72 0
40713 293.453 8.41082 0.01 1 11 0
40727 290.795 8.64934 0.01 1 11 0
40759 290.795 8.64934 0.01 1 11 0
40772 309.722 8.25953 0.01 1 72 0
40925 290.795 8.64934 0.01 1 11 0
40939 290.795 8.64934 0.01 1 11 0
40961 310.84 8.15585 0.01 1 72 0
40964 292.14 8.41082 0.01 1 12 0
40971 290.795 8.64934 0.01 1 11 0
40974 291.555 8.53234 0.01 1 12 0
40993 290.795 8.64934 0.01 1 11 0
41028 290.795 8.64934 0.01 1 11 0
41037 288.355 8.64934 0.01 1 10 0
41060 292.302 8.41082 0.01 1 10 0
41104 331.648 8.29997 0.01 1 123 0
41110 291.555 8.53234 0.01 1 11 0
41143 290.795 8.64934 0.01 1 12 0
41157 290.795 8.64934 0.01 1 12 0
41182 292.14 8.41082 0.01 1 12 0
41187 290.795 8.41082 0.01 1 12 0
41239 308.29 8.66845 0.01 1 72 0
41276 292.306 8.24278 0.01 1 12 -0.00285625
41318 288.355 8.64934 0.01 1 11 0
41357 310.181 8.31089 0.01 1 72 0
41404 290.795 8.64934 0.01 1 11 0
41422 288.355 8.73584 0.01 1 10 0
41423 292.306 8.41082 0.01 1 12 0
41441 290.795 8.41082 0.01 1 12 0
41453 290.795 8.64934 0.01 1 10 0
41484 306.615 7.97172 0.01 1 72 0
41525 290.795 8.64934 0.01 1 12 0
41536 290.795 8.41082 0.01 1 11 0
41569 290.795 8.69148 0.01 1 12 0
41586 290.795 8.25079 0.01 1 11 -0.00279795
41634 311.939 7.91691 0.01 1 72 0
41636 290.473 8.40084 0.01 1 11 0
41654 292.306 8.41082 0.01 1 12 0
41672 290.141 8.64934 0.01 1 11 0
41684 295.201 8.41082 0.01 1 10 0
41712 295.201 8.41082 0.01 1 11 0
41717 290.795 8.64934 0.01 1 12 0
41729 292.306 8.41082 0.01 1 12 0
41737 290.795 8.41082 0.01 1 11 0
41753 290.795 8.41082 0.01 1 12 0
41754 309.134 8.35543 0.01 1 72 0
41791 292.302 8.41082 0.01 1 11 0
41820 290.795 8.41082 0.01 1 11 0
41831 290.795 8.41082 0.01 1 10 0
41839 292.306 8.41082 0.01 1 12 0
41840 290.795 8.50709 0.01 1 12 -0.00240089
41862 290.795 8.64934 0.01 1 12 0
41885 307.81 7.69639 0.01 1 72 0
41963 292.306 8.40084 0.01 1 12 0
41964 290.795 8.64934 0.01 1 11 0
41976 309.109 8.23358 0.01 1 72 0
42102 288.355 8.64934 0.01 1 10 0
42119 293.01 8.59983 0.01 1 12 0
42142 290.795 8.64934 0.01 1 12 0
42144 292.302 8.25125 0.01 1 12 0
42201 291.555 8.53234 0.01 1 12 0
42206 290.796 8.64934 0.01 1 12 0
42319 331.935 8.17012 0.01 1 124 0
42342 290.795 8.64934 0.01 1 12 0
42345 290.795 8.64934 0.01 1 12 0
42346 290.795 8.64934 0.01 1 10 0
42356 290.795 8.41082 0.01 1 11 0
42391 292.302 8.25125 0.01 1 12 0
42440 292.306 8.41082 0.01 1 11 0
42446 292.306 8.41082 0.01 1 11 0
42492 290.795 8.64934 0.01 1 11 0
42532 308.873 8.126 0.01 1 72 0
42533 290.795 8.64934 0.01 1 11 0
42619 290.795 8.6671 0.01 1 12 0
42624 292.306 8.41082 0.01 1 12 0
42667 290.795 8.64934 0.01 1 12 0
42736 290.795 8.83628 0.01 1 12 0
42779 290.795 8.64934 0.01 1 12 0
42799 290.795 8.64934 0.01 1 12 0
42808 308.323 7.88027 0.01 1 72 1.75834e-06
43002 292.306 8.51855 0.01 1 12 0
43032 292.14 8.41082 0.01 1 12 0
43033 309.345 8.70542 0.01 1 72 0
43049 290.795 8.6671 0.01 1 12 0
43074 290.796 8.64934 0.01 1 12 0.00591742
43095 290.795 8.64934 0.01 1 12 0
43108 290.795 8.64934 0.01 1 11 0
43120 292.306 8.41082 0.01 1 10 0
43160 292.306 8.41082 0.01 1 12 0
43171 290.795 8.64934 0.01 1 11 0
43277 331.935 8.08757 0.01 1 123 0
43299 290.795 8.69148 0.01 1 12 0
43335 290.141 8.64934 0.01 1 11 0
43374 291.287 8.41082 0.01 1 11 0
43548 290.795 8.64934 0.01 1 10 0
43607 290.141 8.47723 0.01 1 11 0
43618 290.795 8.64934 0.01 1 12 0
43636 290.196 8.41082 0.01 1 12 0
43647 290.795 8.66896 0.01 1 11 0
43737 290.795 8.64934 0.01 1 12 0
43809 291.287 8.41082 0.01 1 10 0
43813 290.141 8.64934 0.01 1 11 0
43814 292.302 8.25125 0.01 1 12 0
43832 291.284 8.64934 0.01 1 12 0
43839 309.345 8.69275 0.01 1 72 0
43852 290.795 8.64934 0.01 1 12 0
43856 290.795 8.41082 0.01 1 11 0
43883 290.141 8.64934 0.01 1 11 0
43945 290.795 8.64934 0.01 1 10 0
43947 310.181 8.31089 0.01 1 72 0
43969 292.306 8.41082 0.01 1 11 0
44130 307.471 8.21343 0.01 1 72 0
44193 292.306 8.41082 0.01 1 12 0
44213 291.323 8.25125 0.01 1 12 0
44238 290.795 8.41082 0.01 1 11 0
44270 292.306 8.41082 0.01 1 10 0
44274 309.117 8.17614 0.01 1 72 0
44298 290.795 8.41082 0.01 1 12 0
44450 290.795 8.64934 0.01 1 12 0
44484 308.873 8.06878 0.01 1 72 0
44585 290.795 8.64934 0.01 1 10 0
44620 290.093 8.64934 0.01 1 11 0.00857334
44670 290.795 8.41082 0.01 1 11 0
44739 290.795 8.64934 0.01 1 11 0
44757 306.92 8.60768 0.01 1 72 0
44823 290.795 8.64934 0.01 1 12 0
44831 288.355 8.64934 0.01 1 10 0
44857 308.088 7.99631 0.01 1 72 0
44876 290.795 8.64934 0.01 1 12 0
44927 290.795 8.64934 0.01 1 12 0
44984 290.795 8.64934 0.01 1 12 0
45034 290.795 8.64934 0.01 1 11 0
45158 290.795 8.64934 0.01 1 12 0
45186 311.023 8.07843 0.01 1 72 0
45188 292.306 8.41082 0.01 1 12 0
45207 310.236 8.26292 0.01 1 72 0
45272 308.941 8.21788 0.01 1 72 0
45275 309.722 8.21788 0.01 1 72 0
45287 309.345 8.70542 0.01 1 72 0
45318 292.302 8.25125 0.01 1 12 0
45331 310.181 8.31089 0.01 1 72 0
45431 292.14 8.58584 0.01 1 12 0
45450 291.323 8.25125 0.01 1 12 0
45474 290.795 8.41082 0.01 1 11 0
45506 290.795 8.64934 0.01 1 12 0
45517 292.306 8.41082 0.01 1 11 0
45591 290.795 8.64934 0.01 1 12 0
45942 290.795 8.41082 0.01 1 11 0
45979 292.302 8.4077 0.01 1 12 0
46020 292.14 8.41082 0.01 1 12 0
46034 292.306 8.40084 0.01 1 11 0
46082 331.93 8.12547 0.01 1 123 0
46089 290.795 8.64934 0.01 1 11 0
46096 292.302 8.27567 0.01 1 12 -0.00229554
46111 290.795 8.64934 0.01 1 11 0
46181 309.117 8.03103 0.01 1 72 0
46255 290.141 8.64934 0.01 1 11 0
46260 306.809 8.43606 0.01 1 72 0
46321 290.795 8.64934 0.01 1 11 0
46348 291.287 8.41082 0.01 1 12 0
46374 292.306 8.41082 0.01 1 12 0
46383 307.269 7.67317 0.01 1 72 0
46415 290.795 8.64934 0.01 1 11 0
46470 290.795 8.64934 0.01 1 12 0
46472 292.302 8.4077 0.01 1 12 0
46485 290.141 8.64934 0.01 1 11 0
46499 290.795 8.64934 0.01 1 12 0
46513 290.795 8.64934 0.01 1 12 0
46533 290.795 8.64934 0.01 1 11 0
46543 292.306 8.21597 0.01 1 12 0
46600 290.795 8.41082 0.01 1 11 0
46613 290.795 8.64934 0.01 1 12 0
46657 292.306 8.41082 0.01 1 12 0
46701 331.935 8.08757 0.01 1 125 0
46805 290.795 8.64934 0.01 1 11 0
46866 290.795 8.64934 0.01 1 10 0
47042 292.302 8.3796 0.01 1 12 0
47124 308.873 8.126 0.01 1 72 0
47148 310.236 8.26292 0.01 1 72 0
47157 291.555 8.53234 0.01 1 11 0
47212 290.795 8.64934 0.01 1 11 0
47241 290.795 8.41082 0.01 1 11 0
47301 290.795 8.64934 0.01 1 12 0
47334 290.795 8.64934 0.01 1 10 0
47358 290.795 8.64934 0.01 1 12 0
47366 290.141 8.64934 0.01 1 11 0
47367 288.355 8.64934 0.01 1 10 0
47399 290.795 8.78591 0.01 1 11 0.00229041
47442 290.795 8.66908 0.01 1 12 0.000332341
47462 310.128 8.11705 0.01 1 72 5.44488e-05
47493 332.133 8.08757 0.01 1 125 0
47497 290.141 8.64934 0.01 1 12 0
47525 290.795 8.64934 0.01 1 10 0
47566 290.795 8.41082 0.01 1 11 0
47598 290.795 8.64934 0.01 1 11 0
47651 309.074 8.82718 0.01 1 72 0
47710 292.306 8.41082 0.01 1 11 0
47717 290.795 8.64934 0.01 1 12 0
47735 308.088 7.99631 0.01 1 72 0
47739 310.181 8.49159 0.01 1 72 0
47758 292.14 8.41082 0.01 1 12 0
47759 293.322 8.41082 0.01 1 12 0
47848 290.795 8.64934 0.01 1 11 0
47899 307.471 8.21343 0.01 1 72 0
47935 290.795 8.64934 0.01 1 12 0
47970 290.795 8.64934 0.01 1 12 0
47988 290.795 8.64934 0.01 1 12 0
48025 292.306 8.41082 0.01 1 12 0
48085 306.809 8.43606 0.01 1 72 0
48108 290.795 8.41082 0.01 1 12 0
48124 310.181 8.49159 0.01 1 72 0
48143 290.795 8.64934 0.01 1 11 0
48147 290.795 8.64934 0.01 1 12 0
48197 311.897 8.03726 0.01 1 72 0
48199 309.398 8.18589 0.01 1 72 0
48232 331.935 8.08757 0.01 1 125 0
48234 292.14 8.41082 0.01 1 12 0
48242 290.795 8.64934 0.01 1 12 0
48266 290.795 8.64934 0.01 1 12 0
48282 306.531 8.40666 0.01 1 72 0
48306 290.141 8.64934 0.01 1 11 0
48392 292.306 8.41082 0.01 1 12 0
48393 290.795 8.41082 0.01 1 11 0
48442 308.088 7.81534 0.01 1 72 0
48537 290.795 8.41082 0.01 1 12 0
48566 290.795 8.41082 0.01 1 11 0
48599 290.795 8.64934 0.01 1 12 0
48670 290.36 8.40084 0.01 1 11 0.00138051
48711 290.795 8.64934 0.01 1 12 0
48747 292.306 8.41082 0.01 1 12 0
48786 292.306 8.41082 0.01 1 12 0
48800 306.531 8.40666 0.01 1 72 0
48853 290.795 8.64934 0.01 1 10 0
48863 308.323 7.55163 0.01 1 72 0
48925 290.795 8.64934 0.01 1 10 0
49016 288.355 8.64934 0.01 1 10 0
49052 290.795 8.64934 0.01 1 11 0
49146 290.795 8.41082 0.01 1 11 0
49154 292.302 8.4077 0.01 1 11 0
49155 290.795 8.64934 0.01 1 12 0
49191 290.141 8.64934 0.01 1 12 0
49202 331.935 8.17012 0.01 1 124 0
49223 290.795 8.64934 0.01 1 12 0
49266 290.795 8.41082 0.01 1 12 0
49271 291.555 8.53234 0.01 1 12 0
49290 290.795 8.64934 0.01 1 12 0
49316 292.14 8.41082 0.01 1 12 0
49491 331.648 8.29997 0.01 1 123 0
49549 309.117 8.21343 0.01 1 72 0
49554 290.795 8.64934 0.01 1 10 0
49579 331.93 8.12547 0.01 1 123 0
49596 290.93 8.41082 0.01 1 12 -0.0016678
49598 290.795 8.64934 0.01 1 12 0
49625 291.323 8.25125 0.01 1 11 0
49698 307.471 8.21343 0.01 1 72 0
49806 310.608 8.11216 0.01 1 72 0
49918 290.795 8.64934 0.01 1 12 0
49957 309.345 8.70615 0.01 1 72 0
50079 311.023 8.08395 0.01 1 72 0
50089 292.302 8.25125 0.01 1 12 0
50106 291.555 8.53234 0.01 1 12 0
50118 290.795 8.64934 0.01 1 11 0
50143 290.795 8.66708 0.01 1 12 0.000298813
50183 332.133 8.08757 0.01 1 125 0
50251 309.345 8.66959 0.01 1 72 0
50281 292.302 8.4077 0.01 1 12 0
50329 290.795 8.64934 0.01 1 11 0
50448 290.795 8.64934 0.01 1 12 0
50472 290.795 8.64934 0.01 1 12 0
50486 290.795 8.64934 0.01 1 11 0
50501 292.302 8.2316 0.01 1 10 -0.0028862
50546 308.873 8.126 0.01 1 72 0
50556 292.302 8.3796 0.01 1 12 0
50735 309.722 8.25953 0.01 1 72 0
50761 290.795 8.64934 0.01 1 11 0
50783 290.795 8.64934 0.01 1 12 0
50841 292.302 8.25125 0.01 1 11 0
50880 290.795 8.64934 0.01 1 12 0
50945 292.14 8.58584 0.01 1 12 0
51005 310.759 8.16621 0.01 1 72 0
51013 290.795 8.64934 0.01 1 11 0
51072 290.795 8.64934 0.01 1 10 0
51081 292.306 8.41082 0.01 1 12 0
51085 290.795 8.64934 0.01 1 12 0
51120 292.306 8.41082 0.01 1 10 0
51188 307.025 8.40666 0.01 1 72 0
51205 292.306 8.41082 0.01 1 12 0
51224 308.723 8.21788 0.01 1 72 0
51265 306.048 7.74538 0.01 1 72 0
51283 292.306 8.41082 0.01 1 11 0
51292 292.306 8.41082 0.01 1 12 0
51360 290.141 8.64934 0.01 1 11 0
51388 292.306 8.41082 0.01 1 12 0
51425 308.705 8.21788 0.01 1 72 0
51434 290.795 8.64934 0.01 1 10 0
51451 292.306 8.41082 0.01 1 12 0
51458 292.14 8.34808 0.01 1 10 -0.00106985
51513 309.739 8.30416 0.01 1 72 0
51533 309.61 8.26292 0.01 1 72 0
51645 309.117 8.35288 0.01 1 72 0
51646 290.795 8.41082 0.01 1 11 0
51673 307.269 7.67317 0.01 1 72 0
51674 290.795 8.64934 0.01 1 12 0
51677 332.133 8.08757 0.01 1 124 0
51689 290.795 8.64934 0.01 1 11 0
51712 331.935 8.08757 0.01 1 124 0
51732 292.306 8.21597 0.01 1 11 0
51741 292.306 8.40084 0.01 1 11 0
51783 331.648 8.29997 0.01 1 123 0
51815 291.287 8.41082 0.01 1 12 0
51819 310.181 8.31089 0.01 1 72 0
51826 290.795 8.41082 0.01 1 10 0
51850 311.031 7.84079 0.01 1 72 0
51910 309.134 8.35543 0.01 1 72 0
51951 292.306 8.41082 0.01 1 10 0
51971 290.795 8.64934 0.01 1 12 0
51984 290.795 8.64934 0.01 1 12 0
52004 290.795 8.64934 0.01 1 11 0
52021 292.302 8.41082 0.01 1 11 0
52086 290.141 8.64934 0.01 1 12 0
52087 290.795 8.41082 0.01 1 10 0
52174 292.306 8.41082 0.01 1 12 0
52176 290.795 8.64934 0.01 1 10 0
52213 290.795 8.64934 0.01 1 11 0
52307 290.795 8.64934 0.01 1 12 0
52312 310.181 8.31089 0.01 1 72 0
52369 331.648 8.29997 0.01 1 123 0
52429 292.302 8.4077 0.01 1 12 0
52492 288.355 8.64934 0.01 1 10 0
52496 290.795 8.64934 0.01 1 11 0
52607 292.302 8.27567 0.01 1 12 0
52719 306.809 8.43606 0.01 1 72 0
52723 305.91 8.25083 0.01 1 72 0
52769 331.935 8.08757 0.01 1 124 0
52781 290.795 8.64934 0.01 1 11 0
52834 310.236 8.26292 0.01 1 72 0
52858 308.698 8.46305 0.01 1 72 0
52926 307.814 8.43606 0.01 1 72 0
53041 309.117 8.17614 0.01 1 72 0
53043 309.109 8.23358 0.01 1 72 0
53051 292.302 8.41082 0.01 1 11 0
53059 292.306 8.41082 0.01 1 12 0
53062 292.306 8.41082 0.01 1 12 0
53084 292.306 8.21597 0.01 1 10 0
53097 290.795 8.64934 0.01 1 11 0
53153 332.133 8.08757 0.01 1 123 0
53205 307.269 7.67317 0.01 1 72 0
53260 289.131 8.58265 0.01 1 11 0
53281 310.236 8.26292 0.01 1 72 0
53413 290.795 8.64934 0.01 1 12 0
53479 311.023 8.08395 0.01 1 72 0
53543 290.795 8.69148 0.01 1 11 0
53577 290.795 8.41082 0.01 1 12 0
53593 309.398 8.18589 0.01 1 72 0
53599 307.492 8.66652 0.01 1 72 0
53627 290.795 8.64934 0.01 1 12 0
53698 292.302 8.22805 0.01 1 10 0
53700 290.795 8.64934 0.01 1 12 0
53729 308.361 7.81464 0.01 1 72 0
53745 292.306 8.41082 0.01 1 12 0
53754 288.355 8.64934 0.01 1 10 0
53763 292.302 8.4077 0.01 1 11 0
53799 290.795 8.41082 0.01 1 11 0
53885 290.795 8.64934 0.01 1 12 0
53911 290.795 8.64934 0.01 1 11 0
53915 290.795 8.64934 0.01 1 11 0
53929 290.795 8.64934 0.01 1 12 0
53932 290.795 8.41082 0.01 1 11 0
53990 290.795 8.64934 0.01 1 12 0
54014 290.795 8.64934 0.01 1 12 0
54061 332.133 8.08757 0.01 1 125 0
54082 290.795 8.64934 0.01 1 11 0
54106 290.795 8.73551 0.01 1 11 0.00144456
54114 290.795 8.64934 0.01 1 12 0
54126 309.739 8.30416 0.01 1 72 0
54180 306.809 8.43606 0.01 1 72 0
54183 290.795 8.64934 0.01 1 11 0
54233 290.795 8.64934 0.01 1 12 0
54263 290.795 8.41082 0.01 1 12 0
54303 290.795 8.64934 0.01 1 11 0
54355 292.302 8.4077 0.01 1 12 0
54440 292.14 8.41082 0.01 1 12 0
54468 309.345 8.70542 0.01 1 72 0
54469 307.814 8.43606 0.01 1 72 0
54491 290.795 8.40527 0.01 1 11 0
54494 290.795 8.64934 0.01 1 12 0
54540 309.117 8.03103 0.01 1 72 0
54577 291.152 8.74349 0.01 1 12 -0.00277827
54629 291.984 8.41082 0.01 1 12 0
54634 304.988 7.79358 0.01 1 72 0
54648 290.141 8.47723 0.01 1 11 0
54655 307.957 8.00989 0.01 1 72 0
54681 290.141 8.64934 0.01 1 12 0
54707 311.023 8.07843 0.01 1 72 0
54729 290.141 8.64934 0.01 1 12 0
54782 292.306 8.41082 0.01 1 11 0
54912 292.306 8.41082 0.01 1 12 0
54936 290.795 8.64934 0.01 1 12 0
54947 292.302 8.41082 0.01 1 11 0
54963 288.355 8.64934 0.01 1 10 0
55050 310.181 8.31089 0.01 1 72 0
55052 292.302 8.25125 0.01 1 12 0
55065 310.02 8.01907 0.01 1 72 0
55072 292.302 8.41082 0.01 1 10 0
55193 307.233 8.22734 0.01 1 72 0
55196 292.302 8.41082 0.01 1 12 0
55211 290.795 8.41082 0.01 1 11 0
55253 290.795 8.64934 0.01 1 12 0
55266 292.306 8.41082 0.01 1 11 0
55302 307.492 8.66652 0.01 1 72 0
55323 290.795 8.64934 0.01 1 11 0
55353 290.795 8.64934 0.01 1 12 0
55445 309.345 8.70542 0.01 1 72 0
55490 292.302 8.25125 0.01 1 11 0
55496 290.795 8.41082 0.01 1 12 0
55516 290.795 8.64934 0.01 1 12 0
55557 295.201 8.41082 0.01 1 11 0
55580 290.969 8.64934 0.01 1 12 0
55617 307.025 8.40666 0.01 1 72 0
55634 292.306 8.5689 0.01 1 12 0
55663 306.048 7.74538 0.01 1 72 0
55672 290.795 8.64934 0.01 1 12 0
55676 292.306 8.21597 0.01 1 12 0
55739 290.795 8.64934 0.01 1 12 0
55749 290.795 8.64934 0.01 1 12 0
55775 292.306 8.41082 0.01 1 12 0
55831 290.795 8.64934 0.01 1 11 0
55853 292.306 8.41082 0.01 1 12 0
55859 306.809 8.43606 0.01 1 72 0
55908 291.287 8.41082 0.01 1 11 0
55913 290.795 8.64934 0.01 1 10 0
55952 290.795 8.64934 0.01 1 12 0
55981 310.181 8.49159 0.01 1 72 0
55986 290.795 8.41082 0.01 1 12 0
56053 290.795 8.64934 0.01 1 10 0
56220 292.302 8.25125 0.01 1 11 0
56306 292.306 8.41082 0.01 1 12 0
56335 292.306 8.41082 0.01 1 12 0
56352 306.881 7.97172 0.01 1 72 0
56360 290.795 8.64934 0.01 1 11 0
56438 290.795 8.64934 0.01 1 12 0
56468 331.93 8.12547 0.01 1 123 0
56473 290.795 8.59985 0.01 1 12 0
56523 291.287 8.41082 0.01 1 12 0
56540 290.795 8.64934 0.01 1 12 0
56581 290.795 8.41082 0.01 1 10 0
56613 290.795 8.64934 0.01 1 11 0
56638 288.355 8.64934 0.01 1 10 0
56678 290.795 8.64934 0.01 1 11 0
56704 308.006 8.03158 0.01 1 72 0
56744 290.795 8.78591 0.01 1 11 0
56792 291.253 8.41082 0.01 1 11 0
56803 305.91 8.25083 0.01 1 72 0
56807 290.795 8.64934 0.01 1 12 0
56829 290.795 8.64934 0.01 1 12 0
56843 311.98 8.1025 0.01 1 72 0
56870 292.302 8.41082 0.01 1 10 0
56887 331.935 8.08757 0.01 1 124 0
56910 292.306 8.41082 0.01 1 12 0
56951 290.795 8.64934 0.01 1 12 0
56966 292.14 8.41082 0.01 1 11 0
57016 331.935 8.08757 0.01 1 125 0
57196 292.306 8.41082 0.01 1 12 0
57393 290.795 8.64934 0.01 1 10 0
57437 307.269 7.67317 0.01 1 72 0
57461 308.698 8.46305 0.01 1 72 0
57621 290.795 8.66896 0.01 1 12 0
57631 288.355 8.64934 0.01 1 11 0
57639 292.306 8.41082 0.01 1 12 0
57650 292.306 8.41082 0.01 1 12 0
57652 290.795 8.64934 0.01 1 11 0
57663 308.088 7.70753 0.01 1 72 0
57682 290.448 8.41082 0.01 1 12 0.00435743
57683 290.141 8.64934 0.01 1 11 0
57698 292.14 8.41082 0.01 1 12 0
57798 308.632 8.46305 0.01 1 72 -6.14226e-05
57802 288.355 8.64934 0.01 1 12 0
57803 290.795 8.41082 0.01 1 11 0
57926 331.935 8.08757 0.01 1 123 0
57930 290.795 8.41082 0.01 1 12 0
57949 292.306 8.41082 0.01 1 11 0
57986 292.306 8.34496 0.01 1 11 0
58031 290.795 8.64934 0.01 1 12 0
58065 309.117 8.17614 0.01 1 72 0
58224 290.795 8.64934 0.01 1 11 0
58225 292.306 8.38285 0.01 1 12 0
58331 291.487 8.64934 0.01 1 12 -0.00833394
58342 306.295 8.04765 0.01 1 72 0
58344 306.809 8.43606 0.01 1 72 0
58346 308.941 8.21788 0.01 1 72 0
58461 290.795 8.64934 0.01 1 12 0
58531 309.878 7.79738 0.01 1 72 0
58536 290.795 8.83628 0.01 1 12 0
58584 290.795 8.64934 0.01 1 12 0
58618 292.306 8.41082 0.01 1 10 0
58643 290.795 8.64934 0.01 1 11 0
58670 306.926 7.67317 0.01 1 72 -0.00213574
58706 290.795 8.41082 0.01 1 10 0
58794 306.809 8.43606 0.01 1 72 0
58840 292.302 8.41082 0.01 1 12 0
58853 309.345 8.70615 0.01 1 72 0
58863 290.795 8.64934 0.01 1 12 0
58897 290.795 8.41082 0.01 1 12 0
58952 292.306 8.41082 0.01 1 11 0
58956 290.795 8.64934 0.01 1 10 0
58963 292.306 8.41082 0.01 1 11 0
59021 288.355 8.64934 0.01 1 10 0
59127 310.236 8.26292 0.01 1 72 0
59130 290.795 8.64934 0.01 1 12 0
59157 290.795 8.64934 0.01 1 12 0
59162 331.935 8.08757 0.01 1 124 0
59168 290.795 8.64934 0.01 1 12 0
59169 290.795 8.64934 0.01 1 11 0
59222 293.01 8.59983 0.01 1 12 0
59249 290.795 8.64934 0.01 1 12 0
59298 290.795 8.41082 0.01 1 12 0
59419 311.939 7.91691 0.01 1 72 0
59454 310.236 8.26292 0.01 1 72 0
59498 308.088 7.99631 0.01 1 72 0
59545 292.347 8.53234 0.01 1 12 0
59572 290.795 8.64934 0.01 1 10 0
59603 290.795 8.64934 0.01 1 11 0
59607 308.323 7.88027 0.01 1 72 0
59620 288.355 8.64934 0.01 1 10 0
59655 306.048 7.74538 0.01 1 72 0
59683 290.969 8.64934 0.01 1 12 0
59685 290.795 8.64934 0.01 1 11 0
59705 290.795 8.64934 0.01 1 12 0
59709 310.181 8.31089 0.01 1 72 0
59740 290.795 8.64934 0.01 1 12 0
59784 290.795 8.64934 0.01 1 12 0
59949 290.795 8.41082 0.01 1 11 0
59954 290.795 8.64934 0.01 1 12 0
59996 292.306 8.41082 0.01 1 12 0
59999 290.958 8.53234 0.01 1 12 0
60135 290.795 8.64934 0.01 1 11 0
60242 288.355 8.64934 0.01 1 10 0
60247 290.795 8.64934 0.01 1 12 0
60274 292.306 8.40084 0.01 1 12 0
60283 309.109 8.23358 0.01 1 72 0
60286 291.555 8.53234 0.01 1 12 0
60306 290.795 8.64934 0.01 1 11 0
60332 293.01 8.59983 0.01 1 12 0
60434 290.795 8.64934 0.01 1 11 0
60435 292.306 8.5689 0.01 1 11 0
60444 292.302 8.37899 0.01 1 10 0
60456 290.795 8.64934 0.01 1 11 0
60648 290.795 8.64934 0.01 1 11 0
60677 292.306 8.41082 0.01 1 12 0
60723 290.795 8.64934 0.01 1 12 0
60764 290.795 8.64934 0.01 1 11 0
60805 290.795 8.83628 0.01 1 12 0
60844 308.581 7.81464 0.01 1 72 0
60860 290.795 8.64934 0.01 1 12 0
60882 290.795 8.64934 0.01 1 12 0
60937 292.306 8.41082 0.01 1 12 0
60952 290.795 8.64934 0.01 1 11 0
60963 310.181 8.31089 0.01 1 72 0
61011 290.795 8.64934 0.01 1 12 0
61047 309.398 8.18589 0.01 1 72 0
61089 307.233 8.22734 0.01 1 72 0
61103 290.795 8.41082 0.01 1 11 0
61107 332.133 8.08757 0.01 1 125 0
61115 290.795 8.69148 0.01 1 11 0
61211 292.302 8.33235 0.01 1 11 -0.001249
61282 290.795 8.64934 0.01 1 11 0
61283 292.302 8.4077 0.01 1 11 0
61294 290.795 8.41082 0.01 1 10 0
61389 306.809 8.15807 0.01 1 72 0
61423 290.795 8.53234 0.01 1 12 0
61462 292.14 8.41082 0.01 1 12 0
61481 290.341 8.64934 0.01 1 12 0.00569434
61544 290.795 8.64934 0.01 1 12 0
61584 292.302 8.41082 0.01 1 11 0
61618 308.877 8.23496 0.01 1 72 0
61649 290.795 8.64934 0.01 1 12 0
61659 306.899 8.10349 0.01 1 72 0
61668 306.809 8.43606 0.01 1 72 0
61687 310.236 8.26292 0.01 1 72 0
61704 292.306 8.41082 0.01 1 12 0
61705 292.306 8.41082 0.01 1 12 0
61763 292.306 8.40084 0.01 1 11 0
61816 291.323 8.25125 0.01 1 12 0
61833 292.306 8.5689 0.01 1 12 0
61850 288.355 8.64934 0.01 1 10 0
61898 291.555 8.53234 0.01 1 12 0
62047 306.969 7.97172 0.01 1 72 0.00235359
62084 306.809 8.43606 0.01 1 72 0
62120 309.109 8.21343 0.01 1 72 0
62170 290.141 8.64934 0.01 1 11 0
62184 292.302 8.25125 0.01 1 11 0
62258 306.809 8.43606 0.01 1 72 0
62277 307.025 8.40666 0.01 1 72 0
62292 290.795 8.41082 0.01 1 12 0
62303 331.112 8.29997 0.01 1 123 0
62322 290.795 8.64934 0.01 1 12 0
62332 290.795 8.41082 0.01 1 10 0
62340 331.935 8.17012 0.01 1 124 0
62378 308.873 8.06878 0.01 1 72 0
62398 305.91 8.25083 0.01 1 72 0
62419 290.141 8.64934 0.01 1 12 0
62430 288.355 8.64934 0.01 1 10 0
62460 290.795 8.41082 0.01 1 12 0
62472 290.141 8.64934 0.01 1 11 0
62547 290.795 8.64934 0.01 1 11 0
62582 290.795 8.66896 0.01 1 11 0
62591 310.181 8.38256 0.01 1 72 3.37958e-05
62609 309.117 8.35288 0.01 1 72 0
62619 310.178 8.11216 0.01 1 72 0
62648 309.117 8.35288 0.01 1 72 0
62679 290.795 8.41082 0.01 1 12 0
62714 290.795 8.64934 0.01 1 11 0
62830 309.345 8.70615 0.01 1 72 0
62855 332.133 8.08757 0.01 1 124 0
62895 290.795 8.64934 0.01 1 12 0
