max_pf 87 min_pf 58
individual T0 sigma disp_rate r0 patch_no mut_eff
14 306.195 7.75096 0.01 1 60 0
37 307.268 8.4051 0.01 1 60 0
63 309.967 7.90776 0.01 1 72 0
70 306.195 7.75096 0.01 1 60 0
78 310.477 7.92646 0.01 1 72 0
81 312.059 7.99856 0.01 1 85 0
91 309.712 8.06846 0.01 1 72 0
100 306.195 7.75096 0.01 1 60 0
102 308.295 8.02424 0.01 1 72 0
116 312.059 8.21869 0.01 1 85 0
127 306.195 7.75096 0.01 1 60 0
140 307.914 8.4051 0.01 1 60 0
156 307.268 8.38346 0.01 1 60 0
161 312.059 8.22927 0.01 1 85 0
184 306.195 7.75096 0.01 1 60 0
191 306.195 7.75096 0.01 1 60 0
195 312.059 8.2763 0.01 1 85 0
199 312.059 8.22927 0.01 1 86 0
202 307.268 8.4051 0.01 1 59 0
213 309.843 8.02424 0.01 1 72 0
225 308.93 7.99339 0.01 1 72 0
230 307.897 7.64332 0.01 1 72 0
247 312.059 7.99856 0.01 1 86 0
281 310.26 8.06796 0.01 1 72 0
285 307.819 8.4051 0.01 1 60 0
290 312.059 8.22927 0.01 1 86 0
314 307.819 8.4051 0.01 1 59 0
316 312.059 8.22927 0.01 1 85 0
322 312.059 7.99856 0.01 1 85 0
323 307.797 8.11834 0.01 1 72 0
327 306.195 7.48266 0.01 1 60 0
328 309.575 8.009 0.01 1 72 0
336 306.173 8.4051 0.01 1 58 0
338 307.819 8.4051 0.01 1 60 0
349 306.195 7.75096 0.01 1 59 0
362 307.268 8.4051 0.01 1 60 0
370 310.393 8.24401 0.01 1 72 0
378 307.819 8.4051 0.01 1 60 0
383 310.26 8.26343 0.01 1 72 0
390 307.819 8.41038 0.01 1 60 0
409 307.268 8.4051 0.01 1 59 0
417 312.059 7.99856 0.01 1 85 0
427 312.059 8.22927 0.01 1 85 0
430 307.914 8.4051 0.01 1 60 0
439 309.898 8.14423 0.01 1 72 0
447 312.059 8.22927 0.01 1 85 0
449 306.173 8.4051 0.01 1 59 0
457 307.268 8.4051 0.01 1 60 0
465 309.117 8.13249 0.01 1 72 0
468 306.195 7.75096 0.01 1 59 0
470 307.819 8.44635 0.01 1 59 0
481 308.643 7.95501 0.01 1 72 0
482 310.477 7.92646 0.01 1 72 0
485 306.797 7.75096 0.01 1 60 -0.00627644
491 312.059 8.07789 0.01 1 85 0
498 307.819 8.4051 0.01 1 60 0
501 312.059 7.99856 0.01 1 85 0
515 307.971 8.38346 0.01 1 59 0
523 307.268 8.4051 0.01 1 59 0
545 306.195 7.75096 0.01 1 60 0
551 308.295 8.07084 0.01 1 72 0
555 307.268 8.4051 0.01 1 60 0
567 312.059 7.99856 0.01 1 86 0
574 307.971 8.38346 0.01 1 60 0
580 305.871 7.75096 0.01 1 60 0
590 307.797 8.11834 0.01 1 72 0
593 309.375 8.35856 0.01 1 72 0
598 312.435 8.22927 0.01 1 85 0
599 306.195 7.75096 0.01 1 60 0
602 307.819 8.4051 0.01 1 60 0
620 307.819 8.45039 0.01 1 60 0
623 305.503 8.04761 0.01 1 72 0
655 312.059 7.99856 0.01 1 86 0
674 311.878 8.44443 0.01 1 72 0
677 312.059 7.99856 0.01 1 85 0
679 308.076 7.95501 0.01 1 72 0
690 309.575 8.009 0.01 1 72 0
696 312.059 8.07789 0.01 1 85 -0.000601307
703 307.819 8.4051 0.01 1 60 0
711 307.268 8.4051 0.01 1 59 0
727 306.195 7.79108 0.01 1 60 0
730 312.059 8.22927 0.01 1 86 0
732 307.819 8.45039 0.01 1 59 0
740 312.059 7.99856 0.01 1 85 0
744 310.26 8.06796 0.01 1 72 0
756 309.905 7.96373 0.01 1 72 0
769 312.059 7.90593 0.01 1 85 0
771 312.059 8.22927 0.01 1 86 0
772 307.02 8.13232 0.01 1 72 0
784 312.059 7.99856 0.01 1 85 0
787 308.582 7.87172 0.01 1 72 0
794 312.059 7.99856 0.01 1 85 0
803 312.059 8.22927 0.01 1 85 0
804 312.059 8.22927 0.01 1 85 0
840 312.059 8.22927 0.01 1 86 0
855 308.643 7.95501 0.01 1 72 0
856 305.871 7.75096 0.01 1 60 0
871 306.195 7.75096 0.01 1 60 0
877 308.862 8.10237 0.01 1 72 0
884 309.419 8.009 0.01 1 72 0
891 312.059 7.99856 0.01 1 85 0
905 308.255 8.11834 0.01 1 72 0
908 309.792 8.24401 0.01 1 72 0
915 310.26 8.44061 0.01 1 72 0
916 312.059 7.99856 0.01 1 86 0
932 308.069 8.13999 0.01 1 72 -0.00128354
936 312.059 8.22927 0.01 1 85 0
941 312.059 7.99856 0.01 1 85 0
942 312.059 8.22927 0.01 1 85 0
954 307.268 8.4051 0.01 1 59 0
968 306.195 7.75096 0.01 1 59 0
970 312.059 8.22927 0.01 1 86 0
974 311.962 8.22927 0.01 1 85 0
977 312.059 8.22927 0.01 1 85 0
987 307.268 8.4051 0.01 1 58 0
989 306.195 7.75096 0.01 1 59 0
999 307.819 8.4051 0.01 1 58 0
1008 310.393 8.08586 0.01 1 72 0
1011 306.195 7.75096 0.01 1 59 0
1012 309.759 7.98087 0.01 1 72 0
1014 307.819 8.41038 0.01 1 60 0
1017 310.393 8.24401 0.01 1 72 0
1020 312.059 8.22927 0.01 1 85 0
1025 306.195 7.75096 0.01 1 59 0
1026 307.232 8.14893 0.01 1 72 0.000115275
1043 307.819 8.4051 0.01 1 60 0
1053 312.059 8.2763 0.01 1 85 0
1056 311.043 7.90776 0.01 1 72 0
1057 312.059 8.22927 0.01 1 87 0
1065 307.268 8.4051 0.01 1 58 0
1084 312.781 8.12031 0.01 1 72 -0.0100856
1112 310.26 8.26343 0.01 1 72 0
1115 306.195 7.75096 0.01 1 60 0
1125 312.059 8.48153 0.01 1 85 0
1130 308.295 8.07084 0.01 1 72 0
1154 312.059 8.22927 0.01 1 85 0
1159 308.643 7.95501 0.01 1 72 0
1171 312.059 8.22927 0.01 1 85 0
1199 308.295 8.07084 0.01 1 72 0
1204 306.195 7.75096 0.01 1 60 0
1208 312.059 8.22927 0.01 1 86 0
1218 306.195 7.75096 0.01 1 59 0
1222 312.059 8.22927 0.01 1 85 0
1246 308.677 7.94423 0.01 1 72 0
1247 312.059 7.99856 0.01 1 85 0
1249 307.268 8.4051 0.01 1 60 0
1254 306.195 7.75096 0.01 1 60 0
1255 307.819 8.45039 0.01 1 60 0
1259 308.076 7.95501 0.01 1 72 0
1260 309.611 8.1045 0.01 1 72 0
1263 307.268 8.38346 0.01 1 59 0
1269 312.059 8.22927 0.01 1 85 0
1271 312.059 8.22927 0.01 1 86 0
1273 306.195 7.75096 0.01 1 60 0
1278 312.059 8.22927 0.01 1 85 0
1309 306.195 7.75096 0.01 1 59 0
1313 312.059 8.22927 0.01 1 85 0
1315 311.653 7.94977 0.01 1 72 0
1317 312.059 8.24903 0.01 1 85 0
1349 308.295 8.07084 0.01 1 72 0
1354 307.268 8.4051 0.01 1 60 0
1357 306.195 7.75096 0.01 1 60 0
1360 306.195 7.75096 0.01 1 59 0
1376 312.059 8.22927 0.01 1 86 0
1382 308.365 7.98087 0.01 1 72 0
1392 307.819 8.4051 0.01 1 60 0
1396 312.059 8.22927 0.01 1 85 0
1397 307.081 8.11834 0.01 1 72 0
1401 306.195 7.48266 0.01 1 59 0
1421 306.195 7.75096 0.01 1 60 0
1422 307.897 7.64332 0.01 1 72 0
1423 307.819 8.45247 0.01 1 60 0
1425 306.195 7.75096 0.01 1 60 0
1428 307.268 8.4051 0.01 1 58 0
1442 312.059 8.22927 0.01 1 86 0
1457 309.898 8.14423 0.01 1 72 0
1463 308.3 8.4051 0.01 1 58 0
1485 307.268 8.4051 0.01 1 59 0
1494 308.255 8.11834 0.01 1 72 0
1496 308.643 7.95501 0.01 1 72 0
1501 308.295 8.07084 0.01 1 72 0
1508 306.195 7.75096 0.01 1 59 0
1511 312.059 8.02199 0.01 1 86 0
1523 308.076 7.95501 0.01 1 72 0
1539 308.643 7.95501 0.01 1 72 0
1549 312.059 8.22927 0.01 1 85 0
1562 305.503 7.98087 0.01 1 72 0
1564 306.195 7.75096 0.01 1 60 0
1575 307.897 7.64332 0.01 1 72 0
1607 308.837 7.98087 0.01 1 72 0
1612 312.059 8.22927 0.01 1 86 0
1615 306.128 7.75096 0.01 1 60 0
1634 306.195 7.75096 0.01 1 60 0
1649 312.059 8.22927 0.01 1 85 0
1654 308.076 7.95501 0.01 1 72 0
1657 307.971 8.38346 0.01 1 60 0
1659 308.295 8.07084 0.01 1 72 0
1661 307.714 8.36921 0.01 1 72 0
1663 309.575 8.009 0.01 1 72 0
1679 312.059 8.22927 0.01 1 85 0
1691 307.819 8.4051 0.01 1 60 0
1700 309.712 8.06846 0.01 1 72 0
1702 306.195 7.75096 0.01 1 59 0
1706 307.819 8.4051 0.01 1 60 0
1712 309.925 7.97516 0.01 1 72 0
1713 307.232 8.04804 0.01 1 72 0
1722 307.238 8.4051 0.01 1 60 0
1728 306.195 7.75096 0.01 1 60 0
1733 312.059 7.99856 0.01 1 85 0
1755 312.059 8.22927 0.01 1 85 0
1761 308.469 8.4051 0.01 1 60 0
1769 307.321 8.4051 0.01 1 60 0
1771 307.268 8.4051 0.01 1 59 0
1772 309.193 8.02405 0.01 1 72 0
1775 309.925 7.97516 0.01 1 72 0
1778 312.059 7.99856 0.01 1 85 0
1794 307.819 8.4051 0.01 1 59 0
1810 307.268 8.4051 0.01 1 59 0
1819 308.087 7.81765 0.01 1 72 0
1822 312.059 7.99856 0.01 1 85 0
1843 312.059 8.34651 0.01 1 85 0
1855 307.268 8.4051 0.01 1 59 0
1865 312.059 8.07789 0.01 1 85 0
1866 312.059 8.22927 0.01 1 85 0
1874 308.3 8.4051 0.01 1 58 0
1879 312.059 7.99856 0.01 1 85 0
1880 312.059 7.99856 0.01 1 86 0
1898 306.195 7.75096 0.01 1 60 0
1903 309.375 8.29943 0.01 1 72 0
1904 307.714 8.36921 0.01 1 72 0
1912 306.195 7.75096 0.01 1 59 0
1921 306.128 7.75096 0.01 1 60 0
1940 307.819 8.4051 0.01 1 60 0
1943 310.93 8.04073 0.01 1 72 0
1945 308.414 8.07084 0.01 1 72 5.30034e-05
1950 307.02 8.04049 0.01 1 72 0
1957 308.295 8.02424 0.01 1 72 0
1964 307.819 8.4051 0.01 1 60 0
1972 308.643 7.95501 0.01 1 72 0
1977 308.643 7.82847 0.01 1 72 0
1983 305.867 7.75096 0.01 1 60 3.97563e-05
1989 309.193 8.02405 0.01 1 72 0
1997 310.393 8.24401 0.01 1 72 0
2010 308.154 8.11834 0.01 1 72 0
2019 312.059 8.22927 0.01 1 85 0
2024 307.268 8.4051 0.01 1 59 0
2027 307.714 8.22399 0.01 1 72 0
2029 305.503 8.04761 0.01 1 72 0
2043 305.503 8.04761 0.01 1 72 0
2049 312.059 8.22927 0.01 1 87 0
2051 309.74 8.44061 0.01 1 72 0.00144093
2062 307.268 8.38346 0.01 1 59 0
2063 305.503 8.04761 0.01 1 72 0
2065 305.936 7.75096 0.01 1 59 0
2069 306.195 7.75096 0.01 1 59 0
2071 307.268 8.4051 0.01 1 60 0
2079 312.059 8.22927 0.01 1 86 0
2088 306.195 7.75096 0.01 1 59 0
2095 306.195 7.75096 0.01 1 60 0
2097 312.059 8.22927 0.01 1 85 0
2102 307.268 8.4051 0.01 1 60 0
2105 312.059 8.22927 0.01 1 86 0
2112 307.268 8.4051 0.01 1 58 0
2113 307.714 8.36921 0.01 1 72 0
2120 306.195 7.75096 0.01 1 59 0
2130 307.819 8.4051 0.01 1 59 0
2134 306.195 7.75096 0.01 1 60 0
2138 312.059 8.21869 0.01 1 85 0
2146 312.059 8.22927 0.01 1 86 0
2148 306.195 7.75096 0.01 1 60 0
2154 310.26 8.06796 0.01 1 72 0
2159 307.819 8.4051 0.01 1 60 0
2162 307.819 8.4051 0.01 1 60 0
2164 310.93 8.04073 0.01 1 72 0
2168 312.059 8.22927 0.01 1 86 0
2172 307.268 8.4051 0.01 1 59 0
2176 312.059 7.99856 0.01 1 86 0
2190 309.01 8.4051 0.01 1 60 0
2195 307.268 8.4051 0.01 1 58 0
2219 306.128 7.75096 0.01 1 60 0
2241 307.268 8.4051 0.01 1 58 0
2249 312.059 8.22927 0.01 1 85 0
2258 306.128 7.75096 0.01 1 60 0
2264 307.268 8.4051 0.01 1 59 0
2265 305.503 8.04761 0.01 1 72 0
2266 307.321 8.4051 0.01 1 59 0
2278 306.195 7.75096 0.01 1 60 0
2282 312.059 7.99856 0.01 1 86 0
2283 307.797 8.11834 0.01 1 72 0
2289 306.195 7.75096 0.01 1 60 0
2291 309.905 7.7171 0.01 1 72 0
2302 307.268 8.4051 0.01 1 59 0
2304 308.3 8.4051 0.01 1 58 0
2307 307.714 8.36921 0.01 1 72 0
2312 307.819 8.4051 0.01 1 60 0
2315 307.321 8.4051 0.01 1 60 0
2318 311.962 8.22927 0.01 1 85 0
2327 310.26 8.26343 0.01 1 72 0
2336 306.195 7.75096 0.01 1 60 0
2337 312.059 8.07789 0.01 1 85 0
2368 306.128 7.75096 0.01 1 60 0
2370 308.295 8.07084 0.01 1 72 0
2377 306.195 7.75096 0.01 1 60 0
2383 307.897 7.64332 0.01 1 72 0
2387 307.819 8.4051 0.01 1 60 0
2388 307.268 8.4051 0.01 1 60 0
2390 312.059 8.22927 0.01 1 85 0
2392 306.195 7.75096 0.01 1 60 0
2402 307.268 8.4051 0.01 1 60 0
2404 307.268 8.4051 0.01 1 60 0
2408 307.971 8.38346 0.01 1 60 0
2419 309.918 8.11281 0.01 1 72 0
2425 311.645 8.22927 0.01 1 86 0
2444 307.268 8.4051 0.01 1 60 0
2446 312.059 8.22927 0.01 1 85 0
2470 307.268 8.4051 0.01 1 59 0
2472 309.925 7.97516 0.01 1 72 0
2473 307.268 8.4051 0.01 1 58 0
2484 308.643 7.82847 0.01 1 72 0
2489 312.059 7.99856 0.01 1 85 0
2499 306.195 7.75096 0.01 1 60 0
2501 308.295 8.02424 0.01 1 72 0
2522 306.195 7.75096 0.01 1 58 0
2539 312.059 8.22927 0.01 1 85 0
2540 306.195 7.75096 0.01 1 60 0
2543 307.819 8.4051 0.01 1 60 0
2551 312.147 8.39928 0.01 1 72 -0.00148156
2566 307.819 8.4051 0.01 1 60 0
2567 308.266 7.98087 0.01 1 72 0
2572 307.819 8.44635 0.01 1 59 0
2582 312.059 8.22927 0.01 1 86 0
2599 310.671 7.93997 0.01 1 72 0
2623 312.761 8.17485 0.01 1 85 0.00578858
2635 312.059 8.22927 0.01 1 85 0
2643 312.059 8.22927 0.01 1 86 0
2646 312.059 8.22927 0.01 1 85 0
2655 308.643 7.95501 0.01 1 72 0
2667 306.128 7.75096 0.01 1 60 0.00065133
2680 307.819 8.4051 0.01 1 59 0
2683 312.059 7.99856 0.01 1 85 0
2707 306.195 7.75096 0.01 1 59 0
2715 305.503 7.98087 0.01 1 72 0
2741 312.059 8.22927 0.01 1 85 0
2744 307.268 8.4051 0.01 1 60 0
2758 312.059 8.22927 0.01 1 87 0
2765 307.268 8.4051 0.01 1 60 0
2769 309.759 7.98087 0.01 1 72 0
2785 307.819 8.45039 0.01 1 60 0
2786 312.059 8.22927 0.01 1 85 0
2799 307.819 8.4051 0.01 1 60 0
2802 309.967 7.90776 0.01 1 72 0
2806 310.26 8.44061 0.01 1 72 0
2817 307.268 8.4051 0.01 1 59 0
2823 307.714 8.36921 0.01 1 72 0
2833 309.905 7.7171 0.01 1 72 0
2839 308.3 8.4051 0.01 1 58 0
2842 307.268 8.38346 0.01 1 60 0
2844 312.059 7.99856 0.01 1 85 0
2854 306.195 7.75096 0.01 1 59 0
2866 307.268 8.4051 0.01 1 59 0
2867 307.819 8.4051 0.01 1 60 0
2872 308.255 8.11834 0.01 1 72 0
2876 306.195 7.75096 0.01 1 59 0
2890 306.195 7.66221 0.01 1 59 0
2896 312.059 7.99856 0.01 1 86 0
2903 308.401 7.88801 0.01 1 72 0
2918 307.268 8.28398 0.01 1 59 0
2929 307.268 8.27326 0.01 1 59 -0.000872195
2940 307.268 8.4051 0.01 1 59 0
2942 307.819 8.45039 0.01 1 60 0
2952 306.195 7.75096 0.01 1 58 0
2955 311.816 7.77194 0.01 1 72 0
2968 306.195 7.78252 0.01 1 60 0
3009 310.26 8.26343 0.01 1 72 0
3026 307.199 7.91446 0.01 1 72 0
3036 306.195 7.75422 0.01 1 60 0
3049 307.819 8.44635 0.01 1 59 0
3050 306.195 7.75096 0.01 1 59 0
3055 307.268 8.4051 0.01 1 59 0
3064 306.195 7.75096 0.01 1 60 0
3066 307.268 8.4051 0.01 1 58 0
3067 312.059 8.22927 0.01 1 85 0
3083 312.059 7.99856 0.01 1 85 0
3088 308.362 8.16363 0.01 1 72 0
3089 307.268 8.4051 0.01 1 60 0
3091 312.059 8.22927 0.01 1 85 0
3104 306.433 7.75096 0.01 1 60 -0.00237623
3105 308.913 8.13999 0.01 1 72 0
3115 309.792 8.24401 0.01 1 72 0
3118 309.152 8.02591 0.01 1 72 0
3129 306.195 7.75096 0.01 1 59 0
3157 305.503 8.04761 0.01 1 72 0
3171 307.819 8.4051 0.01 1 59 0
3187 306.195 7.75096 0.01 1 59 0
3206 307.268 8.4051 0.01 1 60 0
3240 312.059 8.22927 0.01 1 85 0
3267 307.268 8.38346 0.01 1 60 0
3269 312.059 8.22927 0.01 1 85 0
3270 312.059 7.99856 0.01 1 85 0
3292 306.195 7.75096 0.01 1 60 0
3308 311.653 8.12031 0.01 1 72 0
3318 312.059 7.99856 0.01 1 85 0
3329 309.044 7.96533 0.01 1 72 0
3331 306.195 7.75096 0.01 1 59 0
3341 307.268 8.4051 0.01 1 58 0
3350 307.268 8.4051 0.01 1 60 0
3364 306.195 7.75096 0.01 1 59 0
3383 312.059 8.22927 0.01 1 86 0
3384 312.059 8.22927 0.01 1 86 0
3387 307.819 8.4051 0.01 1 60 0
3396 312.059 8.22927 0.01 1 85 0
3405 307.268 8.4051 0.01 1 60 0
3406 312.059 7.99856 0.01 1 85 0
3432 311.839 7.98479 0.01 1 85 -4.95017e-05
3440 307.819 8.4051 0.01 1 60 0
3452 307.268 8.4051 0.01 1 58 0
3465 307.819 8.41038 0.01 1 60 3.47495e-05
3477 306.128 7.75096 0.01 1 60 0
3490 312.059 8.29324 0.01 1 86 0
3499 307.268 8.4051 0.01 1 58 0
3500 306.195 7.75096 0.01 1 60 0
3506 307.819 8.4051 0.01 1 59 0
3510 306.195 7.75096 0.01 1 60 0
3521 310.26 8.26343 0.01 1 72 0
3533 312.059 7.99856 0.01 1 85 0
3536 307.819 8.4051 0.01 1 60 0
3543 307.819 8.45039 0.01 1 60 0
3587 307.268 8.4051 0.01 1 59 0
3595 308.528 7.62061 0.01 1 72 0
3600 307.268 8.4051 0.01 1 59 0
3609 308.643 7.82847 0.01 1 72 0
3636 312.059 7.99856 0.01 1 85 0
3646 312.059 8.24903 0.01 1 85 0
3655 307.268 8.4051 0.01 1 60 0
3657 307.268 8.4051 0.01 1 58 0
3658 307.268 8.4051 0.01 1 60 0
3686 312.059 8.22927 0.01 1 86 0
3697 309.611 8.1045 0.01 1 72 0
3724 312.059 8.22927 0.01 1 85 0
3725 309.759 7.98087 0.01 1 72 0
3748 312.059 8.22927 0.01 1 85 0
3758 312.059 7.99856 0.01 1 86 0
3763 306.195 7.75096 0.01 1 60 0
3777 306.195 7.75096 0.01 1 59 0
3779 309.792 8.24401 0.01 1 72 0
3782 307.268 8.4051 0.01 1 60 0
3783 306.013 8.4051 0.01 1 60 0.0116643
3792 306.195 7.75096 0.01 1 59 0
3801 306.195 7.75096 0.01 1 60 0
3802 312.059 8.34651 0.01 1 85 0
3808 307.268 8.4051 0.01 1 59 0
3822 307.897 7.64332 0.01 1 72 0
3823 307.819 8.4051 0.01 1 60 0
3832 307.199 7.91446 0.01 1 72 0
3843 307.268 8.4051 0.01 1 60 0
3848 307.268 8.4051 0.01 1 58 0
3855 309.792 8.24401 0.01 1 72 0
3862 312.059 7.99856 0.01 1 85 0
3874 312.059 7.99856 0.01 1 85 0
3875 309.375 8.29943 0.01 1 72 0
3888 306.195 7.75096 0.01 1 59 0
3895 308.414 8.07084 0.01 1 72 0
3907 306.195 7.75096 0.01 1 59 0
3925 312.059 8.22927 0.01 1 85 0
3928 307.911 8.4051 0.01 1 59 0
3929 307.819 8.4051 0.01 1 59 0
3932 311.043 7.90776 0.01 1 72 -0.00504112
3947 306.195 7.75096 0.01 1 60 0
3952 308.295 8.07084 0.01 1 72 0
3961 307.232 8.04804 0.01 1 72 0
3976 307.268 8.4051 0.01 1 58 0
3981 308.528 7.62061 0.01 1 72 0
3986 308.643 7.95501 0.01 1 72 0
4013 306.128 7.75096 0.01 1 60 0
4024 309.898 8.14423 0.01 1 72 0
4025 307.268 8.38346 0.01 1 59 0
4027 306.195 7.75096 0.01 1 60 0
4041 307.268 8.4051 0.01 1 60 0
4046 307.268 8.4051 0.01 1 58 0
4053 307.819 8.4051 0.01 1 60 0
4057 307.268 8.4051 0.01 1 58 0
4072 307.911 8.4051 0.01 1 60 0
4074 312.059 7.99856 0.01 1 85 0
4079 312.059 8.22927 0.01 1 86 0
4089 306.195 7.75096 0.01 1 60 0
4094 307.268 8.4051 0.01 1 58 0
4095 307.819 8.4051 0.01 1 60 0
4098 306.195 7.75096 0.01 1 60 0
4106 306.195 7.75096 0.01 1 59 0
4107 306.195 7.75096 0.01 1 60 0
4115 308.087 7.89973 0.01 1 72 0
4117 307.819 8.4051 0.01 1 60 0
4125 312.059 8.3613 0.01 1 85 0
4136 307.268 8.4051 0.01 1 59 0
4143 309.759 7.98087 0.01 1 72 0
4152 312.059 8.29324 0.01 1 86 0
4153 309.117 8.13249 0.01 1 72 0
4164 306.195 7.75096 0.01 1 60 0
4171 309.898 8.14423 0.01 1 72 0
4178 307.819 8.4051 0.01 1 60 0
4187 312.059 8.22927 0.01 1 86 0
4195 306.195 7.75096 0.01 1 60 0
4201 312.059 8.22927 0.01 1 86 0
4210 307.797 8.11834 0.01 1 72 0
4213 312.059 8.22927 0.01 1 85 0
4222 307.897 7.64332 0.01 1 72 0
4224 307.268 8.4051 0.01 1 60 0
4239 312.059 8.22927 0.01 1 85 0
4242 309.759 7.98087 0.01 1 72 0
4255 312.059 8.22927 0.01 1 87 0
4256 311.653 8.12031 0.01 1 72 0
4264 306.195 7.72257 0.01 1 60 0
4275 306.195 7.78252 0.01 1 60 0
4276 307.819 8.4051 0.01 1 60 0
4283 312.059 8.22927 0.01 1 85 0
4293 312.059 7.99856 0.01 1 85 0
4296 309.9 8.10665 0.01 1 72 0
4297 306.195 7.72257 0.01 1 60 0
4308 307.971 8.38346 0.01 1 60 0
4322 306.195 7.75096 0.01 1 60 0
4326 312.059 8.22927 0.01 1 85 0
4330 306.128 7.75096 0.01 1 60 0
4335 307.971 8.38346 0.01 1 59 0
4349 307.819 8.45039 0.01 1 60 0
4353 308.93 7.99339 0.01 1 72 0
4354 306.195 7.75096 0.01 1 60 0
4358 309.898 8.14423 0.01 1 72 0
4359 306.173 8.4051 0.01 1 58 0
4362 309.152 8.02591 0.01 1 72 0
4363 306.195 7.75096 0.01 1 59 0
4364 310.725 7.74591 0.01 1 72 0
4381 308.643 7.95501 0.01 1 72 0
4396 312.059 8.07789 0.01 1 85 0
4411 312.059 8.22927 0.01 1 85 0
4428 309.575 8.009 0.01 1 72 0
4431 312.059 8.22927 0.01 1 85 0
4433 307.819 8.4051 0.01 1 60 0
4444 312.059 8.22927 0.01 1 86 0
4462 309.117 8.16363 0.01 1 72 0
4467 307.268 8.38346 0.01 1 60 0
4478 307.268 8.4051 0.01 1 59 0
4482 306.195 7.75096 0.01 1 59 0
4494 308.643 7.95501 0.01 1 72 0
4503 312.059 8.29324 0.01 1 86 0.000312597
4508 306.128 7.75096 0.01 1 60 0
4510 306.195 7.75096 0.01 1 59 0
4511 307.993 7.86259 0.01 1 72 0
4515 307.819 8.41038 0.01 1 60 0
4523 306.195 7.75096 0.01 1 60 0
4532 306.195 7.75096 0.01 1 60 0
4540 310.477 7.92646 0.01 1 72 0
4542 310.26 8.26343 0.01 1 72 0
4558 306.195 7.75096 0.01 1 59 0
4565 307.795 8.4051 0.01 1 60 0
4566 310.26 8.26343 0.01 1 72 0
4572 312.059 8.22927 0.01 1 86 0
4584 306.195 7.75096 0.01 1 60 0
4599 306.195 7.75096 0.01 1 60 0
4604 307.819 8.4051 0.01 1 60 0
4613 311.962 8.22927 0.01 1 85 0
4637 308.643 7.95501 0.01 1 72 0
4642 306.628 8.52867 0.01 1 60 0
4652 312.059 7.99856 0.01 1 85 0
4656 307.268 8.4051 0.01 1 60 0
4668 307.268 8.4051 0.01 1 59 0
4679 306.195 7.75096 0.01 1 60 0
4682 307.268 8.38346 0.01 1 60 0
4695 306.195 7.75096 0.01 1 59 0
4705 305.503 8.04761 0.01 1 72 0
4707 307.268 8.4051 0.01 1 59 0
4720 307.268 8.4051 0.01 1 60 0
4742 307.819 8.4051 0.01 1 60 0
4746 312.059 7.99856 0.01 1 86 0
4769 307.268 8.4051 0.01 1 60 0
4783 306.195 7.75096 0.01 1 60 0
4786 308.295 8.07084 0.01 1 72 0
4787 306.195 7.75096 0.01 1 59 0
4789 307.819 8.4051 0.01 1 60 0
4797 305.936 7.75096 0.01 1 58 0
4799 307.268 8.4051 0.01 1 60 0
4803 307.268 8.4051 0.01 1 60 0
4829 305.503 8.04761 0.01 1 72 0
4831 309.898 8.14423 0.01 1 72 0
4836 312.059 8.22927 0.01 1 86 0
4853 307.268 8.4051 0.01 1 60 0
4863 309.792 8.24401 0.01 1 72 0
4865 306.195 7.72257 0.01 1 60 0
4872 312.059 8.22927 0.01 1 86 0
4881 312.059 8.22927 0.01 1 85 0
4906 306.195 7.75096 0.01 1 60 0
4912 307.797 8.11834 0.01 1 72 0
4916 308.087 7.89973 0.01 1 72 0
4920 308.643 7.95501 0.01 1 72 0
4931 306.128 7.75096 0.01 1 60 0
4934 309.571 8.0231 0.01 1 72 0
4946 308.295 8.02424 0.01 1 72 0
4954 312.059 7.99856 0.01 1 85 0
4961 312.435 8.22927 0.01 1 85 0
4969 307.268 8.4051 0.01 1 58 0
4979 312.059 7.99856 0.01 1 86 0
4983 309.792 8.24401 0.01 1 72 0
5006 307.268 8.4051 0.01 1 58 0
5020 312.059 8.32555 0.01 1 85 0.000366494
5024 306.195 7.75096 0.01 1 60 0
5045 307.268 8.38346 0.01 1 60 0
5061 309.571 8.0231 0.01 1 72 0
5072 307.819 8.46286 0.01 1 60 0
5085 306.718 8.4051 0.01 1 60 0
5092 307.268 8.4051 0.01 1 60 0
5094 308.087 7.89973 0.01 1 72 0
5105 307.268 8.4051 0.01 1 60 0
5108 312.059 7.99856 0.01 1 86 0
5135 307.02 8.04049 0.01 1 72 0
5139 308.087 7.81765 0.01 1 72 0
5143 307.819 8.45039 0.01 1 60 0
5147 307.268 8.4051 0.01 1 58 0
5150 306.195 7.75096 0.01 1 60 0
5154 306.195 7.75096 0.01 1 60 0
5158 307.819 8.4051 0.01 1 60 0
5174 307.819 8.4051 0.01 1 60 0
5175 312.059 8.22927 0.01 1 87 0
5179 307.268 8.4051 0.01 1 60 0
5181 312.059 7.99856 0.01 1 85 0
5182 306.195 7.75096 0.01 1 58 0
5190 309.925 7.97516 0.01 1 72 0
5197 310.205 8.26343 0.01 1 72 0
5198 306.195 7.75096 0.01 1 60 0
5199 307.268 8.4051 0.01 1 60 0
5201 307.819 8.4051 0.01 1 60 0
5217 312.435 8.22927 0.01 1 86 0
5224 306.195 7.75096 0.01 1 59 0
5244 312.059 8.22927 0.01 1 86 0
5251 311.878 8.44443 0.01 1 72 0
5254 306.195 7.75096 0.01 1 59 0
5259 308.862 8.10237 0.01 1 72 0
5274 312.059 8.22927 0.01 1 86 0
5287 307.819 8.4051 0.01 1 60 0
5293 308.295 8.07084 0.01 1 72 0
5294 306.195 7.75096 0.01 1 60 0
5300 307.268 8.4051 0.01 1 60 0
5301 307.268 8.4051 0.01 1 59 0
5315 312.059 8.22927 0.01 1 85 0
5316 312.059 8.22927 0.01 1 86 0
5339 307.885 8.25612 0.01 1 72 0
5344 307.819 8.4051 0.01 1 60 0
5355 307.268 8.4051 0.01 1 59 0
5358 307.268 8.4051 0.01 1 58 0
5369 307.819 8.45039 0.01 1 60 0
5372 312.059 8.22927 0.01 1 86 0
5376 312.059 8.22927 0.01 1 85 0
5377 312.059 8.22927 0.01 1 87 0
5380 307.268 8.4051 0.01 1 58 0
5385 311.645 8.22927 0.01 1 86 0
5387 307.262 8.11834 0.01 1 72 0.000974715
5389 307.819 8.4051 0.01 1 60 0
5391 312.059 8.22927 0.01 1 85 0
5394 312.059 8.02199 0.01 1 86 0
5400 312.059 7.99856 0.01 1 85 0
5403 307.268 8.4051 0.01 1 59 0
5420 312.059 8.34651 0.01 1 85 0
5432 307.819 8.4051 0.01 1 60 0
5436 306.195 7.75096 0.01 1 60 0
5445 312.059 8.22927 0.01 1 86 0
5447 312.059 8.22927 0.01 1 86 0
5449 306.195 7.75096 0.01 1 60 0
5463 309.152 8.02591 0.01 1 72 0
5484 309.575 7.97718 0.01 1 72 0
5485 306.128 7.75096 0.01 1 60 0
5489 307.78 8.4328 0.01 1 72 0
5491 308.477 7.87498 0.01 1 72 0
5494 306.833 7.75096 0.01 1 60 -0.0066831
5500 308.477 7.91446 0.01 1 72 0
5501 308.477 7.91446 0.01 1 72 0
5518 310.26 8.06796 0.01 1 72 0
5520 308.076 7.95501 0.01 1 72 0
5536 312.059 7.99856 0.01 1 85 0
5540 307.268 8.4051 0.01 1 60 0
5544 304.733 7.75096 0.01 1 60 0
5549 312.059 8.22927 0.01 1 85 0
5558 312.059 8.22927 0.01 1 86 0
5567 307.268 8.4051 0.01 1 60 0
5571 309.759 7.98087 0.01 1 72 0
5590 312.059 8.22927 0.01 1 86 0
5595 306.128 7.75096 0.01 1 60 0
5597 312.059 8.22927 0.01 1 85 0
5616 307.714 8.36921 0.01 1 72 0
5618 312.059 8.22927 0.01 1 86 0
5619 307.911 8.4051 0.01 1 59 0
5625 312.435 8.22927 0.01 1 85 0
5632 310.393 8.24401 0.01 1 72 0
5634 306.195 7.75096 0.01 1 59 0
5636 306.195 7.75096 0.01 1 60 0
5637 310.26 8.26343 0.01 1 72 0
5657 306.195 7.75096 0.01 1 60 0
5673 307.911 8.4051 0.01 1 59 0
5680 306.195 7.75096 0.01 1 59 0
5684 310.022 8.02424 0.01 1 72 0
5691 309.905 7.7171 0.01 1 72 0
5696 312.059 8.22927 0.01 1 87 0
5700 312.059 8.22927 0.01 1 85 0
5735 306.195 7.75096 0.01 1 59 0
5741 312.059 7.98342 0.01 1 85 -6.36131e-05
5744 306.195 7.75096 0.01 1 60 0
5760 312.059 8.22927 0.01 1 86 0
5762 312.059 7.99856 0.01 1 85 0
5771 310.393 8.24401 0.01 1 72 0
5775 306.195 7.75096 0.01 1 59 0
5786 311.223 7.94977 0.01 1 72 -0.00762933
5793 308.295 8.07084 0.01 1 72 0
5796 312.059 8.22927 0.01 1 86 0
5811 311.878 8.44443 0.01 1 72 0
5813 307.797 8.11834 0.01 1 72 0
5817 311.962 8.29502 0.01 1 85 0
5831 307.819 8.44635 0.01 1 59 0
5832 307.321 8.4051 0.01 1 59 0
5868 312.059 8.22927 0.01 1 86 0
5882 312.059 7.99856 0.01 1 85 0
5886 312.059 8.22927 0.01 1 85 0
5905 307.268 8.4051 0.01 1 60 0
5906 312.059 7.99856 0.01 1 85 0
5913 312.059 7.90593 0.01 1 85 0
5958 307.819 8.44635 0.01 1 59 0
5966 307.714 8.36921 0.01 1 72 0
5967 307.268 8.4051 0.01 1 60 0
5980 307.897 7.64332 0.01 1 72 0
5981 307.268 8.4051 0.01 1 58 0
5987 309.575 8.03349 0.01 1 72 3.11434e-06
5992 307.797 8.11834 0.01 1 72 0
6015 306.195 7.75096 0.01 1 59 0
6024 312.059 7.99856 0.01 1 86 0
6029 312.059 8.22927 0.01 1 86 0
6033 308.295 8.07084 0.01 1 72 0
6041 306.195 7.75096 0.01 1 60 0
6046 308.643 7.95501 0.01 1 72 0
6049 304.865 8.04049 0.01 1 72 0
6051 306.128 7.75096 0.01 1 60 0
6062 305.936 7.75096 0.01 1 59 0
6077 308.837 7.98087 0.01 1 72 0
6094 309.575 8.009 0.01 1 72 0
6096 312.059 8.2763 0.01 1 86 0
6105 307.268 8.4051 0.01 1 60 0
6109 307.268 8.4051 0.01 1 60 0
6110 307.819 8.4051 0.01 1 60 0
6116 306.195 7.75096 0.01 1 60 0
6117 307.819 8.4051 0.01 1 60 0
6122 312.059 8.22927 0.01 1 86 0
6131 307.268 8.4051 0.01 1 60 0
6133 308.643 7.95501 0.01 1 72 0
6149 307.797 8.11834 0.01 1 72 0
6160 307.819 8.4051 0.01 1 60 0
6161 309.571 8.0231 0.01 1 72 0
6186 312.059 8.22927 0.01 1 86 0
6188 312.059 8.07789 0.01 1 85 0
6196 306.195 7.75096 0.01 1 60 0
6205 308.576 8.0543 0.01 1 72 0
6208 307.819 8.4051 0.01 1 60 0
6211 311.645 8.22927 0.01 1 86 -0.00443603
6220 308.469 8.4051 0.01 1 60 0
6222 306.195 7.75096 0.01 1 59 0
6240 308.295 8.02424 0.01 1 72 0
6246 306.195 7.75096 0.01 1 60 0
6281 310.245 7.77194 0.01 1 72 0
6284 305.503 8.04761 0.01 1 72 0
6287 307.268 8.28398 0.01 1 58 0
6288 307.819 8.44635 0.01 1 59 0
6299 312.059 8.22927 0.01 1 85 0
6302 307.897 7.64332 0.01 1 72 0
6303 307.819 8.45039 0.01 1 60 0
6306 306.256 7.75096 0.01 1 60 -0.000596896
6311 312.059 7.99856 0.01 1 85 0
6316 306.195 7.75096 0.01 1 60 0
6326 309.117 8.16363 0.01 1 72 0
6329 308.643 7.95501 0.01 1 72 0
6340 309.925 7.97516 0.01 1 72 0
6341 306.195 7.75096 0.01 1 60 0
6352 312.059 7.99856 0.01 1 85 0
6367 307.897 7.64332 0.01 1 72 0
6373 310.26 8.26343 0.01 1 72 0
6381 307.268 8.4051 0.01 1 60 0
6388 307.268 8.4051 0.01 1 58 0
6403 307.993 7.86259 0.01 1 72 0
6414 307.819 8.4051 0.01 1 60 0
6416 308.643 7.95501 0.01 1 72 0
6418 306.628 8.52867 0.01 1 60 0
6428 307.268 8.4051 0.01 1 59 0
6429 306.128 7.75096 0.01 1 60 0
6450 312.059 7.99856 0.01 1 86 0
6467 312.059 7.99856 0.01 1 85 0
6470 307.797 8.11834 0.01 1 72 0
6474 312.059 7.99856 0.01 1 85 0
6476 312.059 8.02199 0.01 1 87 0
6483 307.911 8.4051 0.01 1 59 0
6484 312.059 8.22927 0.01 1 85 0
6486 307.268 8.4051 0.01 1 59 0
6489 308.643 7.82847 0.01 1 72 0
6495 312.059 8.02199 0.01 1 86 0
6496 308.3 8.4051 0.01 1 58 0
6499 306.195 7.75096 0.01 1 59 0
6502 312.059 7.99856 0.01 1 85 0
6504 307.268 8.4051 0.01 1 60 0
6505 312.059 8.22927 0.01 1 85 0
6513 307.268 8.4051 0.01 1 60 0
6518 307.797 8.11834 0.01 1 72 0
6527 309.575 8.009 0.01 1 72 0
6540 309.925 7.97516 0.01 1 72 0
6567 309.898 8.14423 0.01 1 72 0
6570 309.905 7.96373 0.01 1 72 0
6586 307.819 8.4051 0.01 1 60 0
6597 307.268 8.4051 0.01 1 59 0
6622 312.059 8.22927 0.01 1 85 0
6623 307.819 8.4051 0.01 1 59 0
6625 312.435 8.22927 0.01 1 87 0
6629 306.195 7.75096 0.01 1 60 0
6634 305.841 7.75096 0.01 1 60 0
6646 308.862 8.10237 0.01 1 72 0
6656 308.087 7.89973 0.01 1 72 0
6657 306.195 7.75096 0.01 1 59 0
6668 312.059 8.22927 0.01 1 85 0
6698 312.059 8.22927 0.01 1 85 0
6706 312.059 8.22927 0.01 1 86 0
6708 305.841 7.75096 0.01 1 60 0
6719 308.087 7.89973 0.01 1 72 0
6737 307.819 8.4051 0.01 1 60 0
6738 307.819 8.4051 0.01 1 60 0
6744 307.993 7.86259 0.01 1 72 0
6745 312.059 8.22927 0.01 1 87 0
6748 309.898 8.14423 0.01 1 72 0
6752 307.897 7.64332 0.01 1 72 0
6764 306.195 7.75096 0.01 1 60 0
6767 308.862 8.10237 0.01 1 72 0
6779 307.914 8.4051 0.01 1 60 0
6786 307.268 8.28398 0.01 1 59 0
6806 307.819 8.4051 0.01 1 60 0
6825 306.628 8.52867 0.01 1 60 0
6829 307.797 8.11834 0.01 1 72 0
6836 306.173 8.4051 0.01 1 59 0
6837 308.913 8.13999 0.01 1 72 0
6844 309.575 8.009 0.01 1 72 0
6846 304.733 7.75096 0.01 1 60 0
6852 307.268 8.4051 0.01 1 60 0
6861 306.195 7.75096 0.01 1 59 0
6869 312.059 7.99856 0.01 1 85 0
6871 307.819 8.4051 0.01 1 59 0
6886 307.819 8.4051 0.01 1 59 0
6892 307.268 8.4051 0.01 1 59 0
6894 307.268 8.4051 0.01 1 60 0
6899 312.059 8.22927 0.01 1 86 0
6916 311.043 7.90776 0.01 1 72 0
6919 312.059 8.22927 0.01 1 85 0
6929 306.195 7.75096 0.01 1 59 0
6933 311.962 8.29502 0.01 1 85 0.000264615
6936 306.195 7.75096 0.01 1 60 0
6944 312.059 8.07789 0.01 1 85 0
6957 307.268 8.4051 0.01 1 58 0
6975 312.435 8.22927 0.01 1 86 0
6983 309.925 7.97516 0.01 1 72 0
6987 307 7.75096 0.01 1 60 0
7014 312.059 8.22927 0.01 1 85 0
7015 307.268 8.4051 0.01 1 60 0
7016 307.268 8.4051 0.01 1 60 0
7019 312.059 8.22927 0.01 1 85 0
7042 312.059 8.22927 0.01 1 86 0
7047 311.653 8.12031 0.01 1 72 0
7053 306.195 7.75096 0.01 1 60 0
7066 312.059 7.99856 0.01 1 85 0
7067 307.819 8.61463 0.01 1 60 0.00133707
7073 307.268 8.4051 0.01 1 60 0
7078 312.059 7.99856 0.01 1 85 0
7089 308.619 7.98087 0.01 1 72 0
7090 306.195 7.79108 0.01 1 60 0
7094 312.059 7.99856 0.01 1 85 0
7106 310.26 8.41842 0.01 1 72 0.000100821
7117 308.582 7.87172 0.01 1 72 0
7119 312.059 7.99856 0.01 1 85 0
7120 307.714 8.36921 0.01 1 72 0
7131 307.268 8.4051 0.01 1 59 0
7148 312.059 8.22927 0.01 1 86 0
7170 307.02 7.96533 0.01 1 72 0
7173 309.712 8.06846 0.01 1 72 0
7176 310.245 7.77194 0.01 1 72 0
7195 307.819 8.44635 0.01 1 59 0
7201 312.059 8.22927 0.01 1 85 0
7202 306.195 7.75096 0.01 1 60 0
7220 307.819 8.4051 0.01 1 59 0
7229 312.059 8.22927 0.01 1 85 0
7233 307.819 8.4051 0.01 1 60 0
7234 308.862 8.10237 0.01 1 72 0
7243 307.714 8.36921 0.01 1 72 0
7246 312.059 8.22927 0.01 1 87 0
7252 307.268 8.4051 0.01 1 58 0
7266 312.059 8.22927 0.01 1 85 0
7270 306.195 7.75096 0.01 1 60 0
7272 306.195 7.75096 0.01 1 60 0
7283 308.295 8.07084 0.01 1 72 0
7284 307.268 8.4051 0.01 1 60 0
7286 307.819 8.44635 0.01 1 60 0
7287 306.195 7.75096 0.01 1 60 0
7291 307.268 8.4051 0.01 1 60 0
7305 306.195 7.75096 0.01 1 60 0
7334 308.643 7.95501 0.01 1 72 0
7366 307.268 8.38346 0.01 1 60 0
7370 307.268 8.4051 0.01 1 59 0
7381 310.393 8.24401 0.01 1 72 0
7394 310.26 8.26343 0.01 1 72 0
7397 308.3 8.4051 0.01 1 58 0
7407 306.128 7.75096 0.01 1 60 0
7429 312.059 8.22927 0.01 1 86 0
7430 307.268 8.4051 0.01 1 59 0
7446 312.059 8.32555 0.01 1 85 0
7449 306.195 7.75096 0.01 1 59 0
7455 306.195 7.75096 0.01 1 59 0
7456 310.26 8.26343 0.01 1 72 0
7464 305.503 8.04761 0.01 1 72 0
7469 312.059 7.99856 0.01 1 85 0
7479 311.043 7.90776 0.01 1 72 0
7493 311.816 7.77194 0.01 1 72 -0.0100897
7501 307.268 8.4051 0.01 1 60 0
7509 307.797 8.11834 0.01 1 72 0
7519 312.059 7.99856 0.01 1 85 0
7551 312.059 8.22927 0.01 1 85 0
7554 309.044 7.97013 0.01 1 72 0
7559 312.059 7.99856 0.01 1 85 0
7561 310.26 8.06796 0.01 1 72 0
7565 306.413 7.75096 0.01 1 60 0
7566 310.245 8.21364 0.01 1 72 0
7568 310.26 8.06796 0.01 1 72 0
7571 309.193 8.02405 0.01 1 72 0
7579 312.059 7.99856 0.01 1 87 0
7580 312.059 8.22927 0.01 1 86 0
7584 305.841 8.4051 0.01 1 60 0.0130019
7595 308.576 8.0543 0.01 1 72 0
7596 306.195 7.75096 0.01 1 59 0
7604 309.9 8.10665 0.01 1 72 0
7610 312.059 7.99856 0.01 1 85 0
7619 307.268 8.4051 0.01 1 60 0
7626 307.993 7.86259 0.01 1 72 0
7645 307.819 8.4051 0.01 1 60 0
7662 307.268 8.4051 0.01 1 58 0
7663 311.653 8.0301 0.01 1 72 0
7674 310.26 8.26343 0.01 1 72 0
7685 307.268 8.4051 0.01 1 60 0
7689 307.819 8.4051 0.01 1 60 0
7692 309.375 8.35856 0.01 1 72 0
7698 306.195 7.75096 0.01 1 60 0
7700 307.897 7.64332 0.01 1 72 0
7704 307.268 8.4051 0.01 1 60 0
7709 309.575 8.009 0.01 1 72 0
7716 307.199 7.91446 0.01 1 72 0
7718 305.503 7.98087 0.01 1 72 0
7726 312.059 8.22927 0.01 1 86 0
7732 307.268 8.4051 0.01 1 60 0
7739 305.503 8.04761 0.01 1 72 0
7741 312.059 8.16111 0.01 1 85 -0.000266835
7751 308.576 8.0543 0.01 1 72 0
7755 306.195 7.75096 0.01 1 58 0
7756 307.819 8.4051 0.01 1 60 0
7761 308.643 7.95501 0.01 1 72 0
7766 307.911 8.4051 0.01 1 60 0
7767 306.195 7.75096 0.01 1 60 0
7820 312.059 7.99856 0.01 1 85 0
7821 306.195 7.75096 0.01 1 59 0
7823 309.759 7.98087 0.01 1 72 0
7829 312.435 8.22927 0.01 1 86 0
7838 308.589 8.26307 0.01 1 72 0
7840 312.059 8.2763 0.01 1 85 0.000180542
7850 307.321 8.4051 0.01 1 60 0
7860 307.081 8.11834 0.01 1 72 0
7866 304.893 8.4051 0.01 1 59 0
7876 307.268 8.28398 0.01 1 59 0
7877 306.195 7.75096 0.01 1 60 0
7884 306.195 7.75096 0.01 1 60 0
7885 310.245 7.77194 0.01 1 72 0
7891 306.195 7.75096 0.01 1 59 0
7897 312.059 7.99856 0.01 1 85 0
7902 312.059 7.99856 0.01 1 85 0
7905 308.643 7.82847 0.01 1 72 0
7908 309.575 8.009 0.01 1 72 0
7909 312.059 8.22927 0.01 1 85 0
7910 309.9 8.10665 0.01 1 72 0
7913 306.195 7.75422 0.01 1 60 1.30534e-05
7922 307.268 8.4051 0.01 1 60 0
7927 312.059 7.99856 0.01 1 85 0
7937 307.268 8.4051 0.01 1 58 0
7946 307.797 8.11834 0.01 1 72 0
7950 309.571 8.0231 0.01 1 72 0
7968 306.195 7.7852 0.01 1 60 0
7969 308.862 8.10237 0.01 1 72 0
7970 312.059 8.22927 0.01 1 85 0
7971 306.195 7.75096 0.01 1 60 0
7975 306.195 7.48266 0.01 1 60 0
7985 306.195 7.75096 0.01 1 59 0
7987 312.059 8.22927 0.01 1 85 0
7989 307.636 7.75096 0.01 1 60 -0.0163586
7992 307.02 7.96533 0.01 1 72 0
7997 306.128 7.75096 0.01 1 59 0
8000 310.26 8.26343 0.01 1 72 0
8003 312.059 8.29324 0.01 1 86 0
8007 312.059 8.22927 0.01 1 87 0
8012 309.759 7.98087 0.01 1 72 0
8015 306.173 8.4051 0.01 1 60 0
8017 309.905 7.7171 0.01 1 72 0
8038 306.345 7.81765 0.01 1 72 -0.00791152
8045 305.503 8.04761 0.01 1 72 0
8046 307.268 8.4051 0.01 1 59 0
8064 312.059 7.99856 0.01 1 85 0
8067 310.393 8.24401 0.01 1 72 0
8072 312.059 8.02199 0.01 1 86 0
8075 307.819 8.44635 0.01 1 59 0
8076 306.195 7.75096 0.01 1 60 0
8092 306.195 7.75096 0.01 1 59 0
8096 306.195 7.66221 0.01 1 59 0
8097 307.268 8.4051 0.01 1 58 0
8108 307.819 8.4051 0.01 1 60 0
8110 306.195 7.75096 0.01 1 60 0
8129 312.059 8.07789 0.01 1 85 0
8132 307.819 8.45039 0.01 1 60 0
8139 307.268 8.4051 0.01 1 60 0
8141 307.268 8.4051 0.01 1 60 0
8145 307.819 8.4051 0.01 1 59 0
8156 307.268 8.4051 0.01 1 60 0
8167 310.893 8.22927 0.01 1 86 -0.0132745
8174 306.195 7.75096 0.01 1 60 0
8184 307.714 8.36921 0.01 1 72 0
8187 306.195 7.75096 0.01 1 59 0
8194 307.268 8.4051 0.01 1 59 0
8196 312.059 8.22927 0.01 1 85 0
8223 306.195 7.75096 0.01 1 60 0
8225 307.797 8.11834 0.01 1 72 0
8226 305.936 7.75096 0.01 1 58 0
8237 309.375 8.29943 0.01 1 72 0
8243 307.819 8.4051 0.01 1 60 0
8245 307.819 8.4051 0.01 1 60 0
8247 307.268 8.4051 0.01 1 58 0
8251 312.059 8.22927 0.01 1 85 0
8260 307.268 8.4051 0.01 1 60 0
8271 312.059 8.22927 0.01 1 85 0
8281 306.195 7.75096 0.01 1 60 0
8324 308.255 8.11834 0.01 1 72 0
8326 306.195 7.75096 0.01 1 59 0
8328 306.195 7.75096 0.01 1 59 0
8333 306.128 7.75096 0.01 1 59 0
8342 312.059 8.22927 0.01 1 86 0
8356 312.059 8.22927 0.01 1 86 0
8364 307.268 8.4051 0.01 1 60 0
8366 306.195 7.75096 0.01 1 59 0
8369 312.059 8.22927 0.01 1 85 0
8390 308.582 7.87172 0.01 1 72 0
8418 312.059 7.99856 0.01 1 85 0
8428 306.195 7.78252 0.01 1 59 0
8429 309.575 8.009 0.01 1 72 0
8435 312.059 8.22927 0.01 1 86 0
8438 307.714 8.36921 0.01 1 72 0
8450 307.914 8.4051 0.01 1 60 0
8476 307.819 8.4051 0.01 1 60 0
8482 304.733 7.75096 0.01 1 60 0.0112844
8489 306.195 7.75096 0.01 1 59 0
8496 307.268 8.4051 0.01 1 58 0
8509 307.268 8.4051 0.01 1 58 0
8513 312.059 8.22927 0.01 1 86 0
8520 307.268 8.4051 0.01 1 58 0
8522 307.321 8.4051 0.01 1 59 0
8541 306.195 7.72257 0.01 1 60 0
8543 306.195 7.75096 0.01 1 60 0
8544 307.819 8.4051 0.01 1 60 0
8546 312.059 8.22927 0.01 1 85 0
8547 312.059 8.22927 0.01 1 85 0
8552 312.059 8.06158 0.01 1 85 0
8554 309.9 8.16257 0.01 1 72 3.99053e-05
8558 306.195 7.75096 0.01 1 59 0
8559 308.862 8.10237 0.01 1 72 0
8560 312.059 8.32555 0.01 1 85 0
8563 306.195 7.75096 0.01 1 60 0
8568 306.195 7.75096 0.01 1 60 0
8576 306.128 7.75096 0.01 1 60 0
8577 312.059 8.22927 0.01 1 85 0
8584 310.205 8.26343 0.01 1 72 0.000197962
8585 307.714 8.36921 0.01 1 72 0
8597 307.268 8.4051 0.01 1 59 0
8599 307.268 8.4051 0.01 1 58 0
8601 312.059 7.99856 0.01 1 85 0
8611 307.268 8.4051 0.01 1 59 0
8615 312.059 8.22927 0.01 1 87 0
8628 307.993 7.86259 0.01 1 72 0
8642 306.195 7.75096 0.01 1 60 0
8657 310.393 8.24401 0.01 1 72 0
8658 308.867 7.85761 0.01 1 72 0
8660 309.571 8.0231 0.01 1 72 0
8674 306.195 7.75096 0.01 1 60 0
8696 309.925 7.97516 0.01 1 72 0
8698 312.059 8.22927 0.01 1 86 0
8704 312.059 8.22927 0.01 1 85 0
8716 308.3 8.4051 0.01 1 58 0
8722 308.643 7.82847 0.01 1 72 0
8737 312.059 8.22927 0.01 1 87 0
8744 312.059 7.99856 0.01 1 85 0
8745 310.558 7.98087 0.01 1 72 0
8770 310.26 8.26343 0.01 1 72 0
8774 307.993 7.86259 0.01 1 72 0
8777 312.059 8.22927 0.01 1 85 0
8786 308.295 8.07084 0.01 1 72 0
8794 309.898 8.14423 0.01 1 72 0
8795 307.268 8.4051 0.01 1 58 0
8801 307.268 8.4051 0.01 1 59 0
8805 305.871 7.75096 0.01 1 60 0
8806 310.26 8.06796 0.01 1 72 0
8812 305.503 8.04761 0.01 1 72 0
8826 309.049 8.0369 0.01 1 72 0
8830 307.268 8.4051 0.01 1 60 0
8835 307.971 8.38346 0.01 1 60 0
8836 312.059 8.22927 0.01 1 85 0
8842 308.528 7.62061 0.01 1 72 0
8854 309.9 8.10665 0.01 1 72 0
8857 307.268 8.4051 0.01 1 60 0
8867 306.195 7.75096 0.01 1 59 0
8877 312.059 7.99856 0.01 1 86 0
8886 307.993 7.86259 0.01 1 72 0
8899 308.3 8.4051 0.01 1 58 0
8904 310.671 7.94977 0.01 1 72 0
8907 307.268 8.4051 0.01 1 59 0
8908 307.819 8.4051 0.01 1 59 0
8912 306.195 7.66221 0.01 1 59 0
8914 309.117 8.16363 0.01 1 72 0
8916 307.268 8.4051 0.01 1 59 0
8926 312.059 8.22927 0.01 1 85 0
8962 312.059 8.07789 0.01 1 85 0
8976 312.059 8.07789 0.01 1 86 0
9006 307.819 8.4051 0.01 1 60 0
9016 310.26 8.26343 0.01 1 72 0
9027 307.268 8.4051 0.01 1 60 0
9047 310.393 8.24401 0.01 1 72 0
9051 310.245 7.77194 0.01 1 72 0
9057 309.708 7.77151 0.01 1 72 0
9064 307.268 8.4051 0.01 1 59 0
9078 312.059 7.99856 0.01 1 85 0
9085 310.477 7.92646 0.01 1 72 0
9098 307.897 7.64332 0.01 1 72 0
9109 306.195 7.75096 0.01 1 60 0
9112 308.295 8.02093 0.01 1 72 4.05312e-06
9114 308.93 7.99339 0.01 1 72 0
9115 312.059 8.22927 0.01 1 85 0
9118 308.643 7.95501 0.01 1 72 0
9140 309.262 8.22871 0.01 1 72 0
9142 306.195 7.75096 0.01 1 59 0
9143 311.653 8.12031 0.01 1 72 0
9144 307.819 8.4051 0.01 1 60 0
9160 307.819 8.4051 0.01 1 60 0
9161 308.837 7.95308 0.01 1 72 0
9164 306.195 7.75096 0.01 1 60 0
9179 308.862 8.10237 0.01 1 72 0
9194 309.152 8.02591 0.01 1 72 0
9198 312.059 8.22927 0.01 1 86 0
9218 306.195 7.75096 0.01 1 60 0
9225 307.268 8.4051 0.01 1 59 0
9226 312.059 8.22927 0.01 1 86 0
9242 307.819 8.4051 0.01 1 60 0
9247 311.653 7.94977 0.01 1 72 0
9249 308.018 8.4051 0.01 1 60 0
9262 312.059 8.22927 0.01 1 85 0
9284 308.643 7.95501 0.01 1 72 0
9288 307.797 8.11834 0.01 1 72 0
9295 307.993 7.86259 0.01 1 72 0
9299 312.059 8.22927 0.01 1 86 0
9312 310.633 7.99856 0.01 1 85 0
9317 312.059 8.22927 0.01 1 85 0
9323 306.195 7.75096 0.01 1 59 0
9333 307.081 8.11834 0.01 1 72 0
9341 306.195 7.75096 0.01 1 59 0
9351 307.268 8.4051 0.01 1 60 0
9358 309.575 7.82983 0.01 1 72 -1.95801e-05
9381 307.268 8.4051 0.01 1 59 0
9384 307.268 8.4051 0.01 1 58 0
9388 309.419 8.009 0.01 1 72 0
9390 307.268 8.4051 0.01 1 59 0
9395 312.059 8.22927 0.01 1 86 0
9401 306.195 7.75096 0.01 1 59 0
9406 312.059 8.22927 0.01 1 85 0
9408 312.059 8.22927 0.01 1 86 0
9409 306.195 7.75096 0.01 1 59 0
9416 307.261 7.85761 0.01 1 72 0
9420 307.268 8.4051 0.01 1 60 0
9428 306.195 7.75096 0.01 1 59 0
9430 309.152 8.02591 0.01 1 72 0
9431 311.101 8.11484 0.01 1 72 0
9433 306.691 7.75096 0.01 1 60 -0.00511453
9441 308.93 7.99339 0.01 1 72 0
9445 305.141 8.13712 0.01 1 72 0
9446 312.059 8.22927 0.01 1 85 0
9461 306.195 7.75096 0.01 1 60 0
9468 308.087 7.89973 0.01 1 72 0
9471 306.195 7.75096 0.01 1 59 0
9480 312.059 8.21869 0.01 1 86 -4.1008e-05
9481 312.435 8.22927 0.01 1 85 0
9495 310.022 8.02424 0.01 1 72 0
9499 307.261 7.85761 0.01 1 72 0
9508 310.393 8.24401 0.01 1 72 0
9513 308.643 7.95501 0.01 1 72 0
9515 310.245 7.77194 0.01 1 72 0
9527 306.195 7.75096 0.01 1 60 0
9530 310.26 8.06796 0.01 1 72 0
9539 312.059 8.22927 0.01 1 86 0
9545 307.268 8.4051 0.01 1 60 0
9547 310.26 8.06796 0.01 1 72 0
9562 312.059 7.99856 0.01 1 86 0
9565 312.059 8.22927 0.01 1 85 0
9577 312.059 8.22927 0.01 1 86 0
9583 312.059 8.21869 0.01 1 85 0
9590 307.268 8.4051 0.01 1 60 0
9604 306.195 7.75096 0.01 1 59 0
9631 312.059 8.22927 0.01 1 85 0
9634 307.819 8.44635 0.01 1 59 0
9642 312.059 7.99856 0.01 1 85 0
9653 309.055 8.4051 0.01 1 59 -0.022572
9654 310.558 7.98087 0.01 1 72 0
9657 310.26 8.26343 0.01 1 72 0
9666 307.268 8.4051 0.01 1 58 0
9671 307.797 8.11834 0.01 1 72 0
9687 310.022 8.02424 0.01 1 72 0
9690 306.195 7.75096 0.01 1 59 0
9700 306.413 7.75096 0.01 1 60 0
9707 308.295 8.07084 0.01 1 72 0
9715 307.897 7.64332 0.01 1 72 0
9720 310.26 8.06796 0.01 1 72 0
9721 312.059 8.22927 0.01 1 85 0
9744 312.059 8.22927 0.01 1 86 0
9747 307.911 8.4051 0.01 1 60 0
9758 306.195 7.73479 0.01 1 59 -8.43704e-05
9771 310.26 8.26343 0.01 1 72 0
9810 307.819 8.45039 0.01 1 60 0
9811 312.059 8.22927 0.01 1 85 0
9814 307.714 8.22399 0.01 1 72 -8.26418e-05
9815 306.195 7.75096 0.01 1 59 0
9822 306.195 7.75096 0.01 1 59 0
9834 312.059 7.99856 0.01 1 85 0
9836 312.059 8.22927 0.01 1 85 0
9864 312.059 8.22927 0.01 1 86 0
9865 312.059 8.22927 0.01 1 86 0
9881 310.022 8.02424 0.01 1 72 0
9886 307.819 8.4051 0.01 1 60 0
9889 307.819 8.4051 0.01 1 60 0
9891 306.195 7.75096 0.01 1 59 0
9892 312.059 8.32555 0.01 1 85 0
9909 312.059 8.22927 0.01 1 86 0
9926 308.477 7.87498 0.01 1 72 0
9927 309.792 8.24401 0.01 1 72 0
9938 307.321 8.4051 0.01 1 60 0
9946 312.059 8.22927 0.01 1 85 0
9955 312.059 8.22927 0.01 1 87 0
9959 309.575 7.97718 0.01 1 72 0
9960 309.792 8.24401 0.01 1 72 0
9963 312.059 8.22927 0.01 1 86 0
9965 310.26 8.26343 0.01 1 72 0
9967 309.759 7.98087 0.01 1 72 0
9974 306.195 7.75096 0.01 1 60 0
9975 312.059 8.22927 0.01 1 86 0
9981 306.195 7.75096 0.01 1 60 0
9986 312.059 8.22927 0.01 1 86 0
9988 307.268 8.4051 0.01 1 60 0
9993 312.059 8.22927 0.01 1 85 0
9998 307.714 8.36921 0.01 1 72 0
10001 307.714 8.22399 0.01 1 72 0
10009 312.059 8.22927 0.01 1 85 0
10012 308.643 7.95501 0.01 1 72 0
10015 306.195 7.75096 0.01 1 60 0
10021 312.059 8.22927 0.01 1 85 0
10053 306.195 7.75096 0.01 1 60 0
10059 312.059 7.99856 0.01 1 85 0
10065 312.059 7.99856 0.01 1 86 0
10081 306.195 7.75096 0.01 1 60 0
10093 312.059 7.99856 0.01 1 85 0
10100 306.195 7.75096 0.01 1 60 0
10102 312.059 8.22927 0.01 1 86 0
10129 304.733 7.75096 0.01 1 60 0
10133 307.213 7.82847 0.01 1 72 -0.00490472
10146 307.268 8.4051 0.01 1 58 0
10147 308.295 8.02424 0.01 1 72 0
10148 310.671 7.93997 0.01 1 72 0
10151 312.059 8.22927 0.01 1 86 0
10153 307.02 8.04223 0.01 1 72 0
10155 306.195 7.75096 0.01 1 60 0
10157 306.195 7.75096 0.01 1 59 0
10160 312.059 8.22927 0.01 1 86 0
10165 312.059 8.22927 0.01 1 85 0
10168 307.819 8.4051 0.01 1 60 0
10174 312.059 7.99856 0.01 1 87 0
10176 306.195 7.75096 0.01 1 60 0
10178 308.011 7.95501 0.01 1 72 0
10186 312.059 8.22927 0.01 1 86 0
10192 306.195 7.75096 0.01 1 60 0
10207 311.043 7.90776 0.01 1 72 0
10210 312.059 8.22927 0.01 1 85 0
10211 312.059 8.22927 0.01 1 87 0
10213 306.195 7.75096 0.01 1 60 0
10217 306.195 7.75096 0.01 1 59 0
10218 306.195 7.75096 0.01 1 60 0
10220 312.059 8.22927 0.01 1 86 0
10222 307.268 8.38346 0.01 1 59 0
10225 308.414 8.07084 0.01 1 72 0
10236 307.819 8.44635 0.01 1 59 0
10237 307.819 8.4051 0.01 1 60 0
10242 307.261 7.85761 0.01 1 72 0
