max_pf 86 min_pf 57
individual T0 sigma disp_rate r0 patch_no mut_eff
10 311.012 7.87749 0.01 1 85 0
12 307.551 8.31614 0.01 1 58 0
15 307.551 8.29438 0.01 1 58 0
31 311.012 7.87749 0.01 1 85 0
60 311.948 7.78255 0.01 1 84 0
61 311.012 7.87749 0.01 1 85 0
69 307.551 8.29438 0.01 1 59 0
70 309.021 8.29438 0.01 1 58 0
72 308.399 8.05992 0.01 1 72 -0.000550404
78 311.012 7.98964 0.01 1 84 0
81 308.425 8.0079 0.01 1 72 0
82 307.551 8.29438 0.01 1 58 0
83 310.005 7.99093 0.01 1 72 0
85 307.48 8.29438 0.01 1 59 0.000852093
87 307.551 8.29438 0.01 1 59 0
106 308.742 8.14939 0.01 1 72 0
129 308.63 8.29438 0.01 1 59 0
142 307.551 8.29438 0.01 1 59 0
144 311.948 7.78255 0.01 1 84 0
165 308.822 8.39062 0.01 1 57 0
174 308.901 8.29438 0.01 1 59 0
180 311.012 7.93333 0.01 1 84 0
196 311.012 7.79786 0.01 1 84 0
201 311.012 7.87749 0.01 1 84 0
207 309.021 8.04534 0.01 1 59 0
213 308.256 8.06579 0.01 1 72 0
227 307.551 8.29438 0.01 1 58 0
230 307.551 8.29438 0.01 1 57 0
235 311.948 7.77356 0.01 1 85 0
247 308.967 8.0079 0.01 1 72 0
266 308.901 8.29438 0.01 1 58 0
271 310.315 8.34072 0.01 1 72 0
275 307.551 8.46797 0.01 1 59 0
284 307.551 8.29438 0.01 1 57 0
287 308.299 8.29438 0.01 1 59 -0.00946404
289 311.948 7.78255 0.01 1 84 0
291 312.923 7.78255 0.01 1 84 0
301 307.551 8.29438 0.01 1 59 0
314 307.551 8.29438 0.01 1 59 0
320 307.551 8.29438 0.01 1 58 0
322 307.551 8.29438 0.01 1 59 0
323 310.711 8.59143 0.01 1 84 0
334 311.948 7.77356 0.01 1 85 0
350 309.021 8.29438 0.01 1 58 0
352 307.647 8.29438 0.01 1 59 0
356 311.948 7.77356 0.01 1 85 0
361 308.822 8.56023 0.01 1 59 0.000839159
364 308.597 8.14545 0.01 1 72 0
371 308.988 8.29438 0.01 1 58 0
383 311.012 7.97167 0.01 1 84 0
387 310.005 7.99093 0.01 1 72 0
397 309.132 7.37405 0.01 1 72 0
399 307.551 8.29438 0.01 1 59 0
402 307.551 8.29438 0.01 1 59 0
403 310.237 8.27346 0.01 1 72 0
425 307.551 8.29438 0.01 1 59 0
430 307.551 8.29438 0.01 1 59 0
431 307.288 8.22184 0.01 1 72 0
452 307.551 8.46797 0.01 1 59 0
455 309.132 7.37405 0.01 1 72 0
458 308.967 8.0079 0.01 1 72 0
459 306.659 8.29438 0.01 1 59 0
498 309.57 8.29438 0.01 1 58 -0.026424
499 307.551 8.29438 0.01 1 59 0
506 307.551 8.29438 0.01 1 57 0
513 307.551 8.3767 0.01 1 59 0
521 309.021 8.04534 0.01 1 59 0
523 307.659 8.29438 0.01 1 58 -0.00139667
524 307.288 8.22184 0.01 1 72 0
539 307.551 8.29438 0.01 1 58 0
556 308.256 8.06579 0.01 1 72 0
557 311.092 8.08847 0.01 1 72 0
564 307.551 8.29438 0.01 1 59 0
574 308.425 8.0079 0.01 1 72 0
579 307.551 8.29438 0.01 1 59 0
581 309.021 8.04534 0.01 1 59 0
583 308.742 8.02292 0.01 1 72 0
593 308.742 8.02292 0.01 1 72 0
596 311.948 7.78255 0.01 1 84 0
601 308.425 8.0079 0.01 1 72 0
604 311.012 7.87749 0.01 1 85 0
607 307.551 8.29438 0.01 1 58 0
608 311.948 7.78255 0.01 1 84 0
614 310.711 8.5379 0.01 1 84 0
619 307.551 8.29438 0.01 1 59 0
624 308.591 7.93369 0.01 1 72 0
631 307.551 8.29438 0.01 1 59 0
640 308.822 8.39062 0.01 1 59 0
644 307.551 8.29438 0.01 1 59 0
645 310.377 7.7982 0.01 1 72 0
648 307.551 8.29438 0.01 1 59 0
650 311.012 7.97167 0.01 1 84 0
656 306.659 8.29438 0.01 1 59 0
657 308.425 8.0079 0.01 1 72 0
666 307.551 8.29438 0.01 1 59 0
673 307.551 8.29438 0.01 1 59 0
681 307.551 8.29438 0.01 1 57 0
683 307.551 8.29438 0.01 1 59 0
690 311.012 7.87749 0.01 1 84 0
697 309.021 8.29438 0.01 1 58 0
710 311.948 7.77356 0.01 1 85 0
718 307.551 8.29438 0.01 1 59 0
724 311.012 7.87749 0.01 1 84 0
732 307.551 8.29438 0.01 1 58 0
753 308.425 8.0079 0.01 1 72 0
755 308.773 8.29438 0.01 1 58 0
771 311.012 7.87749 0.01 1 85 0
773 310.212 8.27346 0.01 1 72 0
777 311.012 7.87749 0.01 1 86 0
778 307.551 8.29438 0.01 1 59 0
783 307.487 8.29438 0.01 1 59 0.000768483
791 307.551 8.16492 0.01 1 59 0
803 308.901 8.29438 0.01 1 58 0
810 307.551 8.29438 0.01 1 59 0
812 307.551 8.29438 0.01 1 58 0
814 311.948 7.77356 0.01 1 85 0
820 307.551 8.29438 0.01 1 59 0
821 308.484 8.39062 0.01 1 58 0.00462948
823 307.551 8.29438 0.01 1 59 0
840 308.901 8.29438 0.01 1 58 0
846 308.901 8.23201 0.01 1 57 0
849 308.967 8.05992 0.01 1 72 0
851 307.551 8.28595 0.01 1 58 0
856 307.551 8.29438 0.01 1 59 0
859 307.551 8.29438 0.01 1 59 0
868 307.551 8.29438 0.01 1 58 0
871 307.551 8.29438 0.01 1 57 0
873 307.288 8.21353 0.01 1 72 0
876 307.551 8.36823 0.01 1 58 0
879 310.739 8.27639 0.01 1 72 0
906 309.021 8.34287 0.01 1 59 0
909 308.901 8.29438 0.01 1 58 0
917 307.551 8.29438 0.01 1 59 0
925 308.504 7.84362 0.01 1 72 0
928 311.698 7.93702 0.01 1 85 0.000440404
930 311.012 7.94403 0.01 1 85 0.000458077
938 307.551 8.29438 0.01 1 58 0
940 307.551 8.29438 0.01 1 57 0
941 310.711 8.5379 0.01 1 86 0
946 307.551 8.29438 0.01 1 58 0
960 307.551 8.46797 0.01 1 59 0
963 311.948 7.77356 0.01 1 85 0
969 307.551 8.29438 0.01 1 57 0
970 311.948 7.77356 0.01 1 85 0
975 312.005 7.87749 0.01 1 85 0
976 310.005 8.01123 0.01 1 72 0
980 308.822 8.39062 0.01 1 57 0
990 307.551 8.29438 0.01 1 59 0
1002 308.822 8.39062 0.01 1 59 0
1006 311.948 7.77356 0.01 1 85 0
1015 308.425 8.0079 0.01 1 72 0
1026 311.948 7.78255 0.01 1 84 0
1028 311.948 7.78255 0.01 1 84 0
1035 307.551 8.29438 0.01 1 58 0
1047 307.551 8.29438 0.01 1 58 0
1062 309.021 8.29438 0.01 1 59 0
1089 311.948 7.78255 0.01 1 84 0
1102 309.895 8.06483 0.01 1 72 0
1108 307.647 8.29438 0.01 1 59 0
1116 311.948 7.78255 0.01 1 84 0
1128 308.599 7.76009 0.01 1 72 0
1132 307.551 8.29438 0.01 1 59 0
1135 307.551 8.29438 0.01 1 57 0
1153 307.551 8.29438 0.01 1 59 0
1154 311.012 7.97167 0.01 1 84 0
1165 311.948 7.77356 0.01 1 85 0
1171 311.948 7.78255 0.01 1 85 0
1179 309.021 8.34287 0.01 1 59 0
1181 307.551 8.29438 0.01 1 58 0
1191 310.711 8.59143 0.01 1 84 0
1192 310.711 8.5379 0.01 1 84 0
1202 309.637 8.29438 0.01 1 59 0
1208 308.256 8.06579 0.01 1 72 0
1217 307.551 8.29438 0.01 1 59 0
1223 311.012 7.79786 0.01 1 86 0
1231 308.591 7.93369 0.01 1 72 0
1232 307.551 8.29438 0.01 1 58 0
1248 307.551 8.29438 0.01 1 58 0
1249 308.742 8.02292 0.01 1 72 0
1250 307.874 8.27179 0.01 1 72 0
1251 308.901 8.29438 0.01 1 58 0
1258 308.737 8.05992 0.01 1 72 -0.000104278
1261 307.551 8.29438 0.01 1 57 0
1269 308.425 8.0079 0.01 1 72 0
1270 307.551 8.29438 0.01 1 57 0
1273 307.551 8.29438 0.01 1 59 0
1276 307.551 8.16492 0.01 1 59 0
1286 308.597 8.14545 0.01 1 72 0
1292 309.132 7.37405 0.01 1 72 0
1294 311.948 7.78255 0.01 1 84 0
1296 308.599 7.76009 0.01 1 72 0
1299 310.759 8.27639 0.01 1 72 0
1302 308.822 8.39062 0.01 1 58 0
1306 310.711 8.59143 0.01 1 84 0
1312 308.901 8.29438 0.01 1 59 0
1315 310.017 8.27639 0.01 1 72 0.00294337
1316 311.012 7.72649 0.01 1 85 0
1320 310.711 8.5379 0.01 1 86 0
1323 311.948 7.78255 0.01 1 84 0
1325 309.021 8.29438 0.01 1 58 0
1326 307.551 8.29438 0.01 1 59 0
1330 309.637 8.29438 0.01 1 59 0
1348 308.742 8.02292 0.01 1 72 0
1361 309.132 7.37405 0.01 1 72 0
1394 308.901 8.29438 0.01 1 59 0
1402 307.551 8.29438 0.01 1 59 0
1406 311.948 7.78255 0.01 1 84 0
1407 307.551 8.29438 0.01 1 58 0
1409 308.988 8.29438 0.01 1 58 0
1423 308.599 7.87321 0.01 1 72 0
1427 307.551 8.29438 0.01 1 59 0
1428 311.948 7.78255 0.01 1 84 0
1440 307.551 8.29438 0.01 1 59 0
1442 310.237 8.27346 0.01 1 72 0
1446 308.591 7.89569 0.01 1 72 0
1450 307.551 8.29438 0.01 1 58 0
1456 310.237 8.27346 0.01 1 72 -1.93715e-06
1475 311.948 7.78255 0.01 1 84 0
1479 310.005 8.01123 0.01 1 72 0
1480 311.012 7.87749 0.01 1 84 0
1482 307.551 8.29438 0.01 1 59 0
1489 309.132 7.37405 0.01 1 72 0
1496 308.591 7.93369 0.01 1 72 0
1497 307.551 8.29438 0.01 1 58 0
1498 308.256 8.06579 0.01 1 72 0
1505 307.288 8.22184 0.01 1 72 0
1516 308.388 7.8207 0.01 1 72 0
1519 311.012 7.93333 0.01 1 84 0
1533 311.012 7.97167 0.01 1 84 0
1540 310.005 8.01123 0.01 1 72 0
1543 311.012 7.91975 0.01 1 84 0
1547 311.012 7.87749 0.01 1 84 0
1549 307.551 8.29438 0.01 1 58 0
1559 307.551 8.22255 0.01 1 59 0
1565 311.012 7.87749 0.01 1 85 0
1566 307.551 8.29438 0.01 1 59 0
1569 311.012 7.97167 0.01 1 84 0
1570 309.263 8.12247 0.01 1 72 0
1585 307.551 8.29438 0.01 1 57 0
1592 311.948 7.77356 0.01 1 85 0
1601 310.759 8.27639 0.01 1 72 0
1605 308.822 8.39062 0.01 1 59 0
1609 307.659 8.29438 0.01 1 58 0
1614 311.948 7.77356 0.01 1 84 0
1626 310.241 7.68656 0.01 1 84 -0.0196024
1629 310.711 8.59143 0.01 1 84 0
1653 309.021 8.29438 0.01 1 59 0
1658 307.551 8.29438 0.01 1 59 0
1669 309.021 8.07514 0.01 1 59 0
1675 311.012 7.87749 0.01 1 85 0
1684 307.551 8.29438 0.01 1 58 0
1686 308.425 8.0079 0.01 1 72 0
1688 311.491 7.87749 0.01 1 86 0
1707 311.012 7.87749 0.01 1 85 0
1719 310.157 7.77356 0.01 1 84 0
1722 307.873 7.66661 0.01 1 72 0
1729 307.551 8.29438 0.01 1 58 0
1735 311.012 7.87749 0.01 1 86 0
1738 307.551 8.29438 0.01 1 58 0
1744 306.601 8.16273 0.01 1 72 0
1756 307.551 8.29438 0.01 1 59 0
1765 307.551 8.29438 0.01 1 58 0
1780 307.551 8.29438 0.01 1 59 0
1790 308.591 7.8806 0.01 1 72 0
1792 307.551 8.29438 0.01 1 58 0
1795 307.873 7.66661 0.01 1 72 0
1796 310.711 8.59143 0.01 1 84 0
1799 311.948 7.78255 0.01 1 85 0
1804 308.724 8.35712 0.01 1 72 0
1819 308.591 7.8806 0.01 1 72 0
1821 306.529 8.29438 0.01 1 58 0.0123445
1823 310.241 7.68656 0.01 1 84 0
1826 307.551 8.29438 0.01 1 59 0
1836 311.357 7.84622 0.01 1 72 0
1851 307.551 8.29438 0.01 1 58 0
1855 310.656 8.29438 0.01 1 57 -0.0236029
1859 309.021 8.29438 0.01 1 59 0
1862 311.012 7.87749 0.01 1 84 0
1866 311.012 7.97167 0.01 1 84 0
1867 307.551 8.29438 0.01 1 59 0
1870 309.132 7.37405 0.01 1 72 0
1876 308.742 8.14939 0.01 1 72 0
1878 307.551 8.16492 0.01 1 59 0
1897 311.948 7.78255 0.01 1 84 0
1903 311.948 7.78255 0.01 1 84 0
1909 309.021 8.32947 0.01 1 59 0
1913 310.044 8.06579 0.01 1 72 0
1917 309.021 8.34287 0.01 1 59 0
1919 309.021 8.29438 0.01 1 59 0
1920 310.711 8.5379 0.01 1 86 0
1934 307.551 8.29438 0.01 1 59 0
1940 311.948 7.77356 0.01 1 85 0
1949 309.516 8.42105 0.01 1 72 0
1960 310.005 7.99093 0.01 1 72 0
1965 307.288 8.22184 0.01 1 72 0
1974 308.967 8.05992 0.01 1 72 0
1977 307.551 8.29438 0.01 1 59 0
1986 307.551 8.29438 0.01 1 59 0
1989 307.551 8.29438 0.01 1 59 0
1991 307.551 8.29438 0.01 1 58 0
1996 311.948 7.78255 0.01 1 84 0
1997 307.551 8.29438 0.01 1 59 0
1998 311.948 7.77356 0.01 1 84 0
2000 311.948 7.78255 0.01 1 84 0
2001 311.012 7.79786 0.01 1 86 0
2019 311.948 7.77356 0.01 1 85 0
2020 311.012 7.87749 0.01 1 84 0
2022 307.551 8.29438 0.01 1 59 0
2031 308.302 8.29438 0.01 1 57 0
2032 310.711 8.5379 0.01 1 86 0
2033 307.551 8.29438 0.01 1 59 0
2061 311.698 7.8523 0.01 1 84 0
2062 307.438 7.88051 0.01 1 72 0
2087 307.647 8.29438 0.01 1 59 0
2092 311.012 7.98845 0.01 1 84 0
2102 308.967 8.0079 0.01 1 72 0
2103 311.012 7.98964 0.01 1 84 0
2115 307.874 8.27179 0.01 1 72 0
2133 310.005 8.01123 0.01 1 72 0
2135 311.012 7.87749 0.01 1 86 0
2142 306.659 8.29438 0.01 1 59 0
2149 308.742 8.02292 0.01 1 72 0
2171 311.012 7.97167 0.01 1 84 0
2173 311.491 7.87749 0.01 1 85 0
2177 311.012 7.98964 0.01 1 84 0
2183 311.948 7.75718 0.01 1 85 0
2184 312.48 7.77356 0.01 1 86 0.00587456
2222 311.012 7.87749 0.01 1 84 0
2223 307.551 8.29438 0.01 1 59 0
2224 307.288 8.21353 0.01 1 72 0
2232 306.819 7.85581 0.01 1 72 0
2234 311.012 7.87749 0.01 1 85 0
2254 311.012 7.93333 0.01 1 84 0
2256 307.551 8.29438 0.01 1 59 0
2263 307.551 8.23319 0.01 1 59 -0.00045602
2270 306.659 8.29438 0.01 1 59 0
2280 307.551 8.29438 0.01 1 59 0
2284 307.288 8.22184 0.01 1 72 0
2286 307.551 8.29438 0.01 1 59 0
2293 311.012 7.97167 0.01 1 84 0
2304 311.271 7.78255 0.01 1 85 -0.00762118
2305 308.302 8.29438 0.01 1 57 0
2311 307.551 8.29438 0.01 1 58 0
2318 307.551 8.29438 0.01 1 59 0
2319 307.551 8.29438 0.01 1 59 0
2329 311.012 7.87749 0.01 1 85 0
2334 311.012 7.87749 0.01 1 85 0
2338 308.901 8.29438 0.01 1 58 0
2340 311.948 7.77356 0.01 1 84 0
2342 311.698 7.8523 0.01 1 84 0
2346 311.012 7.97167 0.01 1 84 0
2350 306.659 8.29438 0.01 1 59 0
2364 311.948 7.77356 0.01 1 85 0
2377 310.005 7.99093 0.01 1 72 0
2392 307.551 8.29438 0.01 1 58 0
2396 311.012 7.87749 0.01 1 85 0
2399 311.948 7.78255 0.01 1 84 0
2409 308.599 7.76009 0.01 1 72 0
2413 309.021 8.34287 0.01 1 59 0
2415 308.388 7.8207 0.01 1 72 0
2416 309.021 8.29438 0.01 1 58 0
2421 307.551 8.29438 0.01 1 59 0
2426 308.901 8.29438 0.01 1 58 0
2430 310.711 8.5379 0.01 1 84 0
2431 311.948 7.78255 0.01 1 84 0
2434 311.012 7.87749 0.01 1 85 0
2445 311.948 7.78255 0.01 1 84 0
2457 307.551 8.29438 0.01 1 58 0
2480 313.063 7.8523 0.01 1 85 0
2482 307.551 8.29438 0.01 1 58 0
2485 307.551 8.39747 0.01 1 59 0.000748545
2499 310.005 8.06687 0.01 1 72 0
2501 309.021 8.04534 0.01 1 59 0
2504 307.551 8.29438 0.01 1 58 0
2543 311.012 7.97167 0.01 1 84 0
2553 307.551 8.29438 0.01 1 58 0
2562 310.005 8.01123 0.01 1 72 0
2563 311.948 7.77356 0.01 1 86 0
2571 307.551 8.29438 0.01 1 59 0
2573 309.658 8.06687 0.01 1 72 0
2575 308.256 8.06579 0.01 1 72 0
2579 309.021 8.29438 0.01 1 59 0
2582 307.551 8.29438 0.01 1 58 0
2588 310.711 8.5379 0.01 1 86 0
2589 311.012 7.87749 0.01 1 85 0
2593 308.947 7.9142 0.01 1 72 0
2597 308.256 8.06579 0.01 1 72 0
2598 307.551 8.29438 0.01 1 59 0
2605 307.551 8.29438 0.01 1 58 0
2620 311.012 7.87749 0.01 1 85 0
2626 307.551 8.3767 0.01 1 58 0
2627 310.005 7.99093 0.01 1 72 0
2634 307.551 8.29438 0.01 1 58 0
2637 311.012 7.87749 0.01 1 84 0
2643 310.711 8.5379 0.01 1 84 0
2663 306.75 8.29438 0.01 1 59 0
2669 310.005 7.99093 0.01 1 72 0
2689 308.302 8.29438 0.01 1 57 0
2693 311.012 7.87749 0.01 1 84 0
2695 308.302 8.29438 0.01 1 57 0
2712 309.167 8.02406 0.01 1 72 0
2719 311.012 7.87749 0.01 1 84 0
2724 311.012 7.98964 0.01 1 84 0
2725 308.476 8.0079 0.01 1 72 0
2727 307.551 8.29438 0.01 1 59 0
2733 307.551 8.29438 0.01 1 58 0
2735 309.021 8.04534 0.01 1 59 0
2738 309.021 8.29438 0.01 1 58 0
2740 306.37 8.29438 0.01 1 59 0
2744 307.551 8.29438 0.01 1 59 0
2746 307.551 8.29438 0.01 1 58 0
2749 311.012 7.87749 0.01 1 86 0
2756 308.901 8.29438 0.01 1 58 0
2763 307.551 8.29438 0.01 1 59 0
2778 311.012 7.87749 0.01 1 85 0
2781 307.551 8.29438 0.01 1 58 0
2793 307.551 8.29438 0.01 1 59 0
2799 307.551 8.29438 0.01 1 58 0
2806 310.005 8.01123 0.01 1 72 0
2811 311.948 7.77356 0.01 1 85 0
2812 311.948 7.78255 0.01 1 84 0
2818 309.021 8.29438 0.01 1 59 0
2828 306.659 8.29438 0.01 1 59 0
2844 307.551 8.32353 0.01 1 58 0
2846 308.899 8.10875 0.01 1 72 0
2850 307.551 8.3767 0.01 1 59 0
2857 307.551 8.29438 0.01 1 59 0
2862 311.698 7.8523 0.01 1 84 0
2869 307.551 8.29438 0.01 1 59 0
2876 309.516 8.42105 0.01 1 72 0
2879 307.551 8.29438 0.01 1 58 0
2881 308.822 8.56023 0.01 1 58 0
2892 311.491 7.87749 0.01 1 85 0
2893 310.005 7.99093 0.01 1 72 0
2897 307.873 7.66661 0.01 1 72 0
2899 307.551 8.29438 0.01 1 59 0
2900 308.822 8.39062 0.01 1 58 0
2901 307.551 8.29438 0.01 1 58 0
2910 310.711 8.5379 0.01 1 86 0
2918 309.021 8.29438 0.01 1 59 0
2920 311.948 7.77356 0.01 1 85 0
2921 308.822 8.25669 0.01 1 58 0
2929 307.551 8.29438 0.01 1 59 0
2940 307.551 8.29438 0.01 1 59 0
2967 308.591 7.70453 0.01 1 72 0
2970 311.491 7.87749 0.01 1 86 0
2972 308.501 7.61889 0.01 1 72 0
2975 307.288 8.22184 0.01 1 72 0
2980 307.551 8.29438 0.01 1 59 0
2983 311.012 7.87749 0.01 1 84 0
2985 311.491 7.87749 0.01 1 86 0
2995 307.551 8.29438 0.01 1 58 0
3019 308.742 8.02292 0.01 1 72 0
3023 308.988 8.29438 0.01 1 59 0
3027 310.711 8.70996 0.01 1 84 0
3029 308.256 8.06579 0.01 1 72 0
3034 309.516 8.42105 0.01 1 72 0
3038 308.256 8.06579 0.01 1 72 0
3040 307.551 8.29438 0.01 1 58 0
3052 310.603 7.88386 0.01 1 72 0
3054 307.551 8.29438 0.01 1 59 0
3060 307.551 8.29438 0.01 1 57 0
3061 311.948 7.78255 0.01 1 84 0
3069 311.491 7.87749 0.01 1 85 0
3075 307.551 8.29438 0.01 1 57 0
3076 307.551 8.29438 0.01 1 59 0
3080 307.551 8.29438 0.01 1 59 0
3100 311.012 7.87749 0.01 1 85 0
3101 307.551 8.29438 0.01 1 59 0
3103 311.012 7.91313 0.01 1 85 0
3122 308.256 8.06579 0.01 1 72 0
3130 308.901 8.29438 0.01 1 59 0
3131 308.302 8.29438 0.01 1 57 0
3135 311.948 7.78255 0.01 1 84 0
3145 307.551 8.29438 0.01 1 58 0
3148 311.012 7.98964 0.01 1 84 0
3153 307.551 8.29438 0.01 1 58 0
3156 307.551 8.29438 0.01 1 58 0
3163 308.591 7.93369 0.01 1 72 0
3165 311.712 7.87749 0.01 1 84 0.00733235
3171 308.591 7.8806 0.01 1 72 0
3188 311.012 7.87749 0.01 1 86 0
3196 307.551 8.29438 0.01 1 58 0
3199 308.822 8.39062 0.01 1 58 0
3201 306.686 8.16492 0.01 1 59 0.0101324
3217 307.551 8.29438 0.01 1 59 0
3218 311.012 7.91975 0.01 1 84 0
3221 307.551 8.29438 0.01 1 58 0
3226 308.426 8.02076 0.01 1 72 7.49528e-06
3230 311.012 7.98845 0.01 1 84 0
3234 309.839 7.95963 0.01 1 72 0
3241 307.288 8.21353 0.01 1 72 0
3244 308.256 8.06579 0.01 1 72 0
3256 309.586 7.7526 0.01 1 72 0
3257 307.551 8.29438 0.01 1 59 0
3264 308.591 7.93369 0.01 1 72 0
3272 311.698 7.8523 0.01 1 85 0
3279 307.551 8.29438 0.01 1 58 0
3284 311.948 7.77356 0.01 1 85 0
3291 306.679 8.39099 0.01 1 59 0.00974341
3298 308.901 8.29438 0.01 1 58 0
3310 307.551 8.29438 0.01 1 57 0
3316 307.551 8.29438 0.01 1 57 0
3322 307.551 8.29438 0.01 1 59 0
3327 311.012 7.72649 0.01 1 85 0
3348 311.012 7.98964 0.01 1 84 0
3350 307.551 8.27574 0.01 1 59 -0.00013794
3354 307.551 8.29438 0.01 1 58 0
3368 310.48 8.27346 0.01 1 72 0
3370 308.256 8.07665 0.01 1 72 0
3372 307.551 8.29438 0.01 1 59 0
3382 307.551 8.29438 0.01 1 58 0
3386 311.012 7.87749 0.01 1 84 0
3387 307.551 8.29438 0.01 1 59 0
3392 311.012 7.91313 0.01 1 85 0.000246674
3398 308.599 7.76009 0.01 1 72 0
3419 307.551 8.3767 0.01 1 58 0
3420 307.551 8.29438 0.01 1 57 0
3428 310.212 8.27346 0.01 1 72 0
3434 307.551 8.35069 0.01 1 59 0.000411868
3436 307.551 8.29438 0.01 1 58 0
3437 307.551 8.29438 0.01 1 58 0
3438 307.873 7.66661 0.01 1 72 0
3467 308.63 8.29438 0.01 1 59 0
3480 309.021 8.29438 0.01 1 59 0
3481 308.822 8.39062 0.01 1 58 0
3493 311.948 7.77356 0.01 1 85 0
3504 308.591 7.72561 0.01 1 72 -1.08182e-05
3514 307.551 8.29438 0.01 1 59 0
3519 310.711 8.59143 0.01 1 84 0
3527 311.012 7.79786 0.01 1 84 0
3528 307.551 8.29438 0.01 1 59 0
3529 307.551 8.29438 0.01 1 58 0
3530 309.021 8.38133 0.01 1 59 0
3536 309.132 7.37405 0.01 1 72 0
3548 307.551 8.29438 0.01 1 58 0
3552 308.822 8.56023 0.01 1 58 0
3561 312.254 7.77356 0.01 1 85 0
3568 309.263 8.04534 0.01 1 59 -0.00350806
3574 307.551 8.29438 0.01 1 59 0
3582 308.256 8.06579 0.01 1 72 0
3585 311.012 7.72649 0.01 1 85 0
3588 307.551 8.29438 0.01 1 59 0
3599 311.012 7.79786 0.01 1 86 0
3602 305.825 8.21353 0.01 1 72 0
3603 308.049 7.97876 0.01 1 72 0
3605 311.948 7.77356 0.01 1 84 0
3609 311.012 7.87749 0.01 1 85 0
3612 310.6 7.95963 0.01 1 72 -0.00287321
3615 309.021 8.12505 0.01 1 59 0
3619 307.551 8.29438 0.01 1 59 0
3630 310.379 7.87579 0.01 1 72 0
3638 307.551 8.29438 0.01 1 58 0
3647 311.012 7.81966 0.01 1 84 0
3670 308.988 8.29438 0.01 1 58 0
3673 308.425 8.0079 0.01 1 72 0
3674 311.012 7.87749 0.01 1 85 0
3676 307.551 8.29438 0.01 1 59 0
3687 307.551 8.29438 0.01 1 59 0
3691 307.551 8.29438 0.01 1 58 0
3692 308.901 8.29438 0.01 1 58 0
3707 310.759 8.27639 0.01 1 72 0
3708 311.012 7.97167 0.01 1 84 0
3717 306.37 8.29438 0.01 1 59 0
3727 310.711 8.59143 0.01 1 84 0
3728 307.551 8.29438 0.01 1 59 0
3738 307.551 8.29438 0.01 1 59 0
3739 307.551 8.29438 0.01 1 58 0
3744 311.948 7.77356 0.01 1 85 0
3749 307.551 8.29438 0.01 1 57 0
3770 311.948 7.8523 0.01 1 84 0
3776 310.48 8.27346 0.01 1 72 0
3782 311.948 7.77356 0.01 1 85 0
3784 311.948 7.68021 0.01 1 85 -0.000456378
3786 307.551 8.29438 0.01 1 59 0
3794 307.551 8.29438 0.01 1 59 0
3803 308.822 8.39062 0.01 1 57 0
3807 307.551 8.29438 0.01 1 57 0
3826 310.711 8.72698 0.01 1 84 0
3837 311.012 7.87749 0.01 1 86 0
3840 311.012 7.87749 0.01 1 85 0
3844 311.948 7.78255 0.01 1 84 0
3854 307.551 8.29438 0.01 1 59 0
3863 311.948 7.77356 0.01 1 85 0
3869 307.551 8.29438 0.01 1 58 0
3870 307.647 8.29438 0.01 1 59 0
3873 311.948 7.77356 0.01 1 84 0
3877 307.551 8.29438 0.01 1 59 0
3885 311.012 7.87749 0.01 1 84 0
3886 307.551 8.29438 0.01 1 59 0
3893 310.005 7.99093 0.01 1 72 0
3894 311.948 7.78255 0.01 1 85 0
3900 307.551 8.29438 0.01 1 59 0
3910 311.012 7.98964 0.01 1 84 0
3920 309.021 8.29438 0.01 1 58 0
3923 307.551 8.29438 0.01 1 58 0
3926 307.288 8.22184 0.01 1 72 0
3933 311.948 7.77356 0.01 1 85 0
3937 310.005 8.01123 0.01 1 72 0
3967 307.551 8.29438 0.01 1 59 0
3975 310.795 7.87749 0.01 1 84 0
3982 307.551 8.29438 0.01 1 57 0
4003 310.989 8.59143 0.01 1 84 0.0027598
4004 307.551 8.29438 0.01 1 59 0
4017 309.021 8.29438 0.01 1 58 0
4020 309.132 7.37405 0.01 1 72 0
4027 307.551 8.29438 0.01 1 59 0
4035 307.551 8.29438 0.01 1 59 0
4046 308.425 8.0079 0.01 1 72 0
4082 310.212 8.27346 0.01 1 72 0
4084 309.975 8.05885 0.01 1 72 0
4085 307.551 8.29438 0.01 1 58 0
4091 311.012 7.87749 0.01 1 85 0
4096 311.012 7.87749 0.01 1 85 0
4099 309.021 8.7969 0.01 1 59 0
4101 307.873 7.66661 0.01 1 72 0
4120 307.551 8.29438 0.01 1 59 0
4132 307.288 8.22184 0.01 1 72 0
4135 308.476 8.0079 0.01 1 72 0
4137 307.551 8.29438 0.01 1 59 0
4147 311.948 7.78255 0.01 1 85 0
4149 308.967 8.0079 0.01 1 72 0
4152 311.948 7.77356 0.01 1 85 0
4153 309.021 8.29438 0.01 1 59 0
4154 307.551 8.29438 0.01 1 58 0
4159 307.551 8.29438 0.01 1 59 0
4165 308.256 8.06579 0.01 1 72 0
4180 307.551 8.29438 0.01 1 59 0
4209 308.256 8.06579 0.01 1 72 0
4221 308.901 8.29438 0.01 1 58 0
4227 311.948 7.78255 0.01 1 85 0
4236 309.247 7.93369 0.01 1 72 0
4240 311.012 7.98964 0.01 1 84 0
4243 311.698 7.8523 0.01 1 85 0
4247 311.012 7.98845 0.01 1 84 0
4250 307.551 8.29438 0.01 1 58 0
4251 311.012 7.87749 0.01 1 86 0
4256 311.948 7.78255 0.01 1 84 0
4261 308.742 8.14939 0.01 1 72 0
4276 311.012 7.87749 0.01 1 84 0
4282 307.551 8.29438 0.01 1 58 0
4284 311.491 7.87749 0.01 1 86 0
4288 307.551 8.29438 0.01 1 59 0
4291 309.288 8.57188 0.01 1 72 0
4292 307.551 8.3767 0.01 1 58 0
4294 309.516 8.42105 0.01 1 72 0
4301 308.256 8.06579 0.01 1 72 0
4302 308.742 8.02292 0.01 1 72 0
4305 307.551 8.29438 0.01 1 57 0
4309 311.948 7.78255 0.01 1 84 0
4311 311.948 7.78255 0.01 1 84 0
4322 310.759 8.27639 0.01 1 72 0
4342 310.212 8.27346 0.01 1 72 0
4348 311.948 7.78255 0.01 1 84 0
4352 311.948 7.82987 0.01 1 85 0
4355 311.012 7.87749 0.01 1 85 0
4361 307.551 8.29438 0.01 1 58 0
4362 309.132 7.37405 0.01 1 72 0
4366 310.315 8.34072 0.01 1 72 0
4369 306.967 8.29438 0.01 1 59 0
4374 307.551 8.29438 0.01 1 58 0
4381 307.551 8.28595 0.01 1 59 0
4391 307.551 8.3767 0.01 1 58 0
4392 309.895 8.01155 0.01 1 72 0
4399 309.021 8.12505 0.01 1 59 0
4401 308.256 8.06579 0.01 1 72 0
4437 307.551 8.29438 0.01 1 59 0
4438 311.012 7.97167 0.01 1 84 0
4441 309.021 8.29438 0.01 1 58 0
4447 307.551 8.29438 0.01 1 59 0
4457 307.551 8.29438 0.01 1 58 0
4461 308.773 8.29438 0.01 1 58 0
4464 311.012 7.93333 0.01 1 85 0.000314564
4469 311.698 7.8523 0.01 1 85 0
4470 307.647 8.29438 0.01 1 59 0
4492 308.425 8.0079 0.01 1 72 0
4496 307.487 8.29438 0.01 1 59 0
4499 309.729 8.27639 0.01 1 72 0.00366829
4513 309.445 7.94104 0.01 1 72 0
4516 307.551 8.29438 0.01 1 58 0
4521 307.288 8.22184 0.01 1 72 0
4528 307.551 8.29438 0.01 1 58 0
4531 308.901 8.29438 0.01 1 58 0
4535 307.551 8.29438 0.01 1 59 0
4539 307.551 8.29438 0.01 1 59 0
4543 307.873 7.66661 0.01 1 72 0
4550 308.599 7.76009 0.01 1 72 0
4551 311.948 7.77356 0.01 1 84 0
4591 311.012 7.87749 0.01 1 86 0
4598 308.425 8.0079 0.01 1 72 0
4608 307.551 8.29438 0.01 1 58 0
4624 308.256 8.06579 0.01 1 72 0
4628 307.551 8.29438 0.01 1 58 0
4631 308.302 8.29438 0.01 1 58 0
4636 310.005 8.06687 0.01 1 72 0
4642 309.586 7.88737 0.01 1 72 0
4648 307.551 8.29438 0.01 1 58 0
4654 307.551 8.29438 0.01 1 58 0
4656 311.491 7.87749 0.01 1 86 0
4657 310.48 8.27346 0.01 1 72 0
4664 308.822 8.56023 0.01 1 58 0
4667 307.288 8.22184 0.01 1 72 0
4672 308.425 8.0079 0.01 1 72 0
4678 309.021 8.29438 0.01 1 59 0
4684 311.491 7.87749 0.01 1 85 0
4686 309.021 8.29438 0.01 1 59 0
4692 307.551 8.28595 0.01 1 58 0
4695 310.237 8.14044 0.01 1 72 0
4699 307.551 8.29438 0.01 1 59 0
4709 307.551 8.29438 0.01 1 58 0
4711 310.005 8.01123 0.01 1 72 0
4733 307.551 8.29438 0.01 1 59 0
4738 308.504 7.84362 0.01 1 72 0
4740 311.012 7.87749 0.01 1 85 0
4741 307.551 8.29438 0.01 1 58 0
4743 309.247 7.93369 0.01 1 72 0
4751 308.988 8.29438 0.01 1 58 0
4764 307.647 8.29438 0.01 1 59 0
4765 307.551 8.29438 0.01 1 59 0
4784 308.425 8.05405 0.01 1 72 0
4787 311.948 7.78255 0.01 1 84 0
4792 307.551 8.29438 0.01 1 57 0
4795 306.51 7.96709 0.01 1 72 0
4803 310.711 8.59143 0.01 1 85 0
4810 311.012 7.87749 0.01 1 85 0
4811 312.923 7.78255 0.01 1 84 0
4816 311.698 7.8523 0.01 1 84 0
4819 310.941 8.1028 0.01 1 72 0
4821 307.551 8.29438 0.01 1 58 0
4830 307.551 8.29438 0.01 1 59 0
4833 307.551 8.29438 0.01 1 59 0
4834 311.012 7.87749 0.01 1 84 0
4846 311.491 7.87749 0.01 1 86 0
4849 307.416 8.35069 0.01 1 59 0.00160299
4867 308.742 8.02292 0.01 1 72 0
4871 311.012 7.97167 0.01 1 84 0
4881 307.551 8.29438 0.01 1 59 0
4882 307.551 8.29438 0.01 1 58 0
4889 306.659 8.29438 0.01 1 59 0
4900 311.948 7.78255 0.01 1 84 0
4903 309.021 8.29438 0.01 1 58 0
4913 307.551 8.29438 0.01 1 59 0
4921 307.551 8.29438 0.01 1 59 0
4927 307.551 8.29438 0.01 1 58 0
4929 308.599 7.76009 0.01 1 72 0
4934 312.005 7.87749 0.01 1 85 0.0111496
4952 307.551 8.29438 0.01 1 58 0
4954 306.37 8.29438 0.01 1 59 0
4961 309.132 7.37405 0.01 1 72 0
4963 307.551 8.29438 0.01 1 58 0
4964 308.591 7.70453 0.01 1 72 0
4968 307.551 8.32353 0.01 1 58 0.000248879
4970 307.551 8.29438 0.01 1 58 0
4973 311.948 7.77356 0.01 1 85 0
4981 311.491 7.87749 0.01 1 85 0
4984 309.586 7.7526 0.01 1 72 0
4987 307.551 8.29438 0.01 1 57 0
4992 308.822 8.29438 0.01 1 59 0
4997 310.377 7.87579 0.01 1 72 0
5002 310.711 8.5379 0.01 1 86 0
5009 306.876 8.29438 0.01 1 59 0.00780401
5016 309.79 8.01219 0.01 1 72 0
5017 307.551 8.28595 0.01 1 59 0
5018 311.012 7.87749 0.01 1 85 0
5021 308.426 7.96208 0.01 1 72 0
5022 308.947 7.9142 0.01 1 72 0
5029 308.822 8.39062 0.01 1 58 0
5049 307.551 8.29438 0.01 1 58 0
5060 307.647 8.29438 0.01 1 59 0
5065 309.021 8.29438 0.01 1 58 0
5072 308.599 7.76009 0.01 1 72 0
5073 307.551 8.3767 0.01 1 58 0
5074 308.302 8.29438 0.01 1 57 0
5076 310.005 8.01123 0.01 1 72 0
5084 307.551 8.29438 0.01 1 59 0
5095 308.899 8.10875 0.01 1 72 0
5096 308.901 8.29438 0.01 1 58 0
5101 307.551 8.48759 0.01 1 58 0
5106 307.551 8.29438 0.01 1 58 0
5109 307.551 8.29438 0.01 1 59 0
5110 307.551 8.3767 0.01 1 58 0
5113 306.659 8.29438 0.01 1 59 0
5116 309.167 8.02406 0.01 1 72 0
5117 307.551 8.29438 0.01 1 59 0
5118 307.551 8.29438 0.01 1 59 0
5122 307.551 8.29438 0.01 1 59 0
5131 311.948 7.77356 0.01 1 85 0
5136 308.388 7.8207 0.01 1 72 0
5140 310.711 8.5379 0.01 1 84 0
5144 311.012 7.93333 0.01 1 84 0
5145 307.551 8.29438 0.01 1 58 0
5146 311.012 7.98964 0.01 1 84 0
5147 307.551 8.13619 0.01 1 59 0
5159 307.551 8.29438 0.01 1 59 0
5164 310.51 8.59143 0.01 1 84 0
5170 311.948 7.78255 0.01 1 84 0
5172 311.948 7.77356 0.01 1 84 0
5181 308.773 8.29438 0.01 1 58 0
5207 311.012 7.98964 0.01 1 84 0
5211 308.845 8.29438 0.01 1 59 -0.0167835
5232 309.79 8.01219 0.01 1 72 0
5233 311.948 7.75718 0.01 1 85 0
5238 311.012 7.87749 0.01 1 85 0
5244 308.599 7.76009 0.01 1 72 0
5248 306.659 8.29438 0.01 1 59 0
5250 309.021 8.12505 0.01 1 59 0
5260 307.551 8.29438 0.01 1 58 0
5273 307.551 8.29438 0.01 1 58 0
5279 311.012 7.87749 0.01 1 86 0
5294 308.591 7.70453 0.01 1 72 0
5300 310.711 8.59143 0.01 1 84 0
5310 308.901 8.29438 0.01 1 58 0
5311 308.302 8.29438 0.01 1 57 0
5321 308.425 8.0079 0.01 1 72 0
5337 307.551 8.29438 0.01 1 59 0
5346 311.948 7.77356 0.01 1 85 0
5358 307.551 8.29438 0.01 1 59 0
5361 307.551 8.29438 0.01 1 59 0
5362 311.948 7.78255 0.01 1 84 0
5366 309.658 8.06687 0.01 1 72 0
5370 307.551 8.29438 0.01 1 59 0
5377 307.647 8.29438 0.01 1 59 0
5387 308.901 8.29438 0.01 1 59 0
5408 309.021 8.32947 0.01 1 59 0
5422 306.659 8.29438 0.01 1 59 0
5441 307.551 8.29438 0.01 1 57 0
5442 310.005 7.7109 0.01 1 72 0
5446 311.012 7.98964 0.01 1 84 0
5450 310.005 8.01123 0.01 1 72 0
5455 307.551 8.29438 0.01 1 59 0
5456 307.551 8.29438 0.01 1 58 0
5461 307.551 8.35069 0.01 1 59 0
5471 307.551 8.29438 0.01 1 58 0
5472 308.822 8.29438 0.01 1 59 0
5485 308.591 7.89569 0.01 1 72 0
5498 307.551 8.29438 0.01 1 58 0
5500 308.773 8.29438 0.01 1 58 0
5501 308.901 8.29438 0.01 1 58 0
5508 307.551 8.3767 0.01 1 58 0
5512 307.551 8.29438 0.01 1 59 0
5514 311.012 7.87749 0.01 1 86 0
5520 308.591 7.70453 0.01 1 72 0
5521 308.042 8.29438 0.01 1 57 -0.00612246
5529 308.302 8.29438 0.01 1 57 0
5537 308.425 8.0079 0.01 1 72 0
5539 308.813 8.29438 0.01 1 57 -0.0175671
5543 307.551 8.3767 0.01 1 58 0
5550 307.198 8.22184 0.01 1 72 -0.000452176
5577 307.551 8.29438 0.01 1 59 0
5579 311.948 7.78255 0.01 1 84 0
5584 307.551 8.29438 0.01 1 59 0
5588 310.005 8.01123 0.01 1 72 0
5595 311.948 7.92 0.01 1 85 0
5597 311.948 7.78255 0.01 1 84 0
5599 308.901 8.29438 0.01 1 58 0
5611 307.551 8.29438 0.01 1 58 0
5612 308.822 8.25669 0.01 1 58 0
5615 307.551 8.29438 0.01 1 59 0
5628 307.551 8.29438 0.01 1 57 0
5629 307.551 8.29438 0.01 1 58 0
5633 311.948 7.77356 0.01 1 84 0
5637 308.597 8.14545 0.01 1 72 0
5645 310.711 8.5379 0.01 1 84 0
5649 309.021 8.29438 0.01 1 58 0
5652 307.551 8.29438 0.01 1 59 0
5653 307.551 8.29438 0.01 1 58 0
5654 307.551 8.29438 0.01 1 58 0
5669 310.237 8.32448 0.01 1 72 0
5673 309.735 8.29438 0.01 1 58 -0.0156905
5687 307.551 8.29438 0.01 1 58 0
5711 308.742 8.02292 0.01 1 72 0
5712 308.901 8.29438 0.01 1 58 0
5715 310.237 8.27346 0.01 1 72 0
5726 307.551 8.29438 0.01 1 59 0
5729 307.551 8.29438 0.01 1 59 0
5734 311.948 7.78255 0.01 1 84 0
5750 307.551 8.29438 0.01 1 57 0
5768 311.012 7.87749 0.01 1 85 0
5770 311.928 7.92 0.01 1 85 -0.000204176
5776 307.551 8.29438 0.01 1 59 0
5780 311.012 7.87749 0.01 1 85 0
5790 307.551 8.3767 0.01 1 58 0
5795 308.822 8.56023 0.01 1 58 0
5801 311.948 7.75718 0.01 1 85 0
5803 311.948 7.77356 0.01 1 85 0
5829 307.551 8.29438 0.01 1 59 0
5830 309.021 8.34287 0.01 1 59 0
5837 312.254 7.77356 0.01 1 85 0.00271399
5849 308.988 8.29594 0.01 1 57 0
5861 308.822 8.25669 0.01 1 58 0
5865 309.021 8.29438 0.01 1 59 0
5867 308.967 8.0079 0.01 1 72 0
5870 309.021 8.32947 0.01 1 59 0
5881 307.551 8.29438 0.01 1 59 0
5891 311.948 7.78255 0.01 1 84 0
5898 311.012 7.87749 0.01 1 84 0
5901 309.021 8.07514 0.01 1 59 0
5907 308.742 8.02292 0.01 1 72 0
5929 308.501 7.61889 0.01 1 72 0
5931 312.158 7.78255 0.01 1 84 0.00189088
5937 311.948 7.78255 0.01 1 84 0
5940 308.967 8.0079 0.01 1 72 0
5943 309.021 8.33438 0.01 1 59 0
5946 307.551 8.29438 0.01 1 57 0
5949 307.551 8.29438 0.01 1 59 0
5960 311.948 7.92 0.01 1 85 0
5965 306.529 8.29438 0.01 1 58 0
5993 307.551 8.29438 0.01 1 58 0
5999 309.334 8.22631 0.01 1 72 0
6008 309.021 8.29438 0.01 1 58 0
6010 310.711 8.5379 0.01 1 84 0
6015 308.256 8.06579 0.01 1 72 0
6022 308.256 8.06579 0.01 1 72 0
6030 311.948 7.78255 0.01 1 85 0
6035 308.256 8.06579 0.01 1 72 0
6037 311.948 7.77356 0.01 1 85 0
6039 311.471 7.8693 0.01 1 72 0
6050 311.012 7.93333 0.01 1 84 0
6061 308.425 8.0079 0.01 1 72 0
6066 311.012 7.87749 0.01 1 86 0
6067 308.425 8.05405 0.01 1 72 5.84126e-06
6070 308.967 8.05992 0.01 1 72 0
6091 310.711 8.5379 0.01 1 84 0
6092 311.012 7.87749 0.01 1 85 0
6098 306.51 7.96709 0.01 1 72 0
6101 310.005 7.99093 0.01 1 72 0
6104 310.711 8.70996 0.01 1 84 0
6106 308.599 7.76009 0.01 1 72 0
6112 311.012 7.79786 0.01 1 84 0
6116 310.315 8.34072 0.01 1 72 0
6119 308.256 8.06579 0.01 1 72 0
6121 311.012 7.98964 0.01 1 84 0
6126 311.948 7.75718 0.01 1 85 0
6131 306.659 8.17497 0.01 1 59 -0.000647113
6148 304.921 8.29438 0.01 1 59 0
6149 308.822 8.39062 0.01 1 58 0
6150 311.012 7.93333 0.01 1 84 0
6152 307.551 8.29438 0.01 1 59 0
6153 308.591 7.80331 0.01 1 72 -6.34789e-06
6162 307.551 8.29438 0.01 1 59 0
6164 307.551 8.29438 0.01 1 59 0
6165 311.948 7.78255 0.01 1 84 0
6174 311.031 8.70996 0.01 1 84 0
6190 307.551 8.29438 0.01 1 58 0
6194 311.948 7.78255 0.01 1 84 0
6198 311.948 7.77356 0.01 1 85 0
6201 307.551 8.29438 0.01 1 59 0
6215 308.742 8.14939 0.01 1 72 0
6219 310.711 8.5379 0.01 1 84 0
6225 307.551 8.29438 0.01 1 59 0
6229 307.551 8.29438 0.01 1 59 0
6236 307.551 8.3767 0.01 1 58 0
6238 310.005 8.01123 0.01 1 72 0
6242 307.551 8.29438 0.01 1 59 0
6257 309.021 8.29438 0.01 1 59 0
6264 307.551 8.29438 0.01 1 59 0
6268 308.822 8.29438 0.01 1 59 0
6309 311.491 7.87749 0.01 1 85 0
6311 306.996 8.22184 0.01 1 72 -0.00155574
6314 308.597 8.14545 0.01 1 72 0
6323 307.551 8.29438 0.01 1 58 0
6324 311.948 7.73536 0.01 1 84 -0.000140294
6326 307.551 8.29438 0.01 1 59 0
6347 310.711 8.5379 0.01 1 84 0
6349 307.551 8.29438 0.01 1 59 0
6356 308.484 8.39062 0.01 1 58 0
6370 307.551 8.29438 0.01 1 59 0
6375 309.021 8.29438 0.01 1 57 0
6402 308.501 7.55503 0.01 1 72 0
6404 311.948 7.77356 0.01 1 85 0
6405 307.551 8.29438 0.01 1 57 0
6412 307.551 8.29438 0.01 1 57 0
6414 311.948 7.68656 0.01 1 84 -0.000355184
6416 307.551 8.29438 0.01 1 59 0
6417 310.711 8.5379 0.01 1 84 0
6424 308.425 8.0079 0.01 1 72 0
6429 308.822 8.56023 0.01 1 58 0
6435 307.551 8.21512 0.01 1 58 -0.000688165
6440 310.711 8.5379 0.01 1 84 0
6441 311.28 7.87749 0.01 1 86 -0.00262497
6442 311.948 7.78255 0.01 1 84 0
6444 308.901 8.29438 0.01 1 57 0
6456 307.443 8.29438 0.01 1 59 0.00120561
6466 307.288 8.21353 0.01 1 72 0
6494 307.551 8.29438 0.01 1 58 0
6508 311.031 8.68066 0.01 1 84 -0.000125691
6522 308.597 8.14545 0.01 1 72 0
6524 307.551 8.29438 0.01 1 57 0
6525 307.551 8.29438 0.01 1 57 0
6534 309.021 8.07514 0.01 1 59 0
6546 309.735 8.29438 0.01 1 58 0
6547 307.551 8.29438 0.01 1 59 0
6553 308.388 7.8207 0.01 1 72 0
6557 311.948 7.78255 0.01 1 84 0
6558 307.551 8.29438 0.01 1 59 0
6559 309.021 8.7969 0.01 1 59 0
6582 308.425 8.0079 0.01 1 72 0
6585 307.551 8.29438 0.01 1 58 0
6595 307.551 8.29438 0.01 1 57 0
6597 307.647 8.29438 0.01 1 59 0
6607 311.948 7.92 0.01 1 85 0
6622 311.948 7.73396 0.01 1 86 0
6625 307.551 8.29438 0.01 1 57 0
6630 307.551 8.35069 0.01 1 59 0
6631 308.742 8.14939 0.01 1 72 0
6632 307.551 8.29438 0.01 1 58 0
6639 308.822 8.39062 0.01 1 58 0
6641 311.948 7.92 0.01 1 85 0
6657 311.012 7.87749 0.01 1 85 0
6659 311.948 7.77356 0.01 1 85 0
6665 309.658 8.06687 0.01 1 72 0
6685 311.491 7.87749 0.01 1 85 0
6687 307.551 8.29438 0.01 1 57 0
6712 307.288 8.22184 0.01 1 72 0
6717 310.315 8.34072 0.01 1 72 0
6718 310.48 8.27346 0.01 1 72 0
6741 311.012 7.87749 0.01 1 85 0
6745 311.012 7.93333 0.01 1 84 0
6763 307.551 8.29438 0.01 1 59 0
6770 307.551 8.29438 0.01 1 59 0
6772 307.551 8.29438 0.01 1 59 0
6777 308.256 8.06579 0.01 1 72 0
6783 307.551 8.29438 0.01 1 58 0
6800 307.551 8.29438 0.01 1 57 0
6811 310.377 7.87579 0.01 1 72 0
6824 306.659 8.29438 0.01 1 59 0
6827 310.795 7.87749 0.01 1 84 0
6843 309.021 8.29438 0.01 1 58 0
6869 307.551 8.29438 0.01 1 59 0
6870 310.237 8.14044 0.01 1 72 -7.23004e-05
6874 308.426 8.02076 0.01 1 72 0
6875 311.012 7.97167 0.01 1 84 0
6879 307.551 8.29438 0.01 1 59 0
6892 310.711 8.5379 0.01 1 84 0
6899 312.254 7.77356 0.01 1 85 0
6900 307.551 8.29438 0.01 1 58 0
6901 308.967 8.0079 0.01 1 72 0
6902 307.551 8.29438 0.01 1 58 0
6905 311.491 7.87749 0.01 1 85 0
6911 311.491 7.87749 0.01 1 85 0
6918 310.711 8.5379 0.01 1 85 0
6919 308.773 8.29438 0.01 1 58 0.00179009
6920 308.425 8.0079 0.01 1 72 0
6922 309.586 7.88737 0.01 1 72 0
6925 307.551 8.29438 0.01 1 58 0
6934 311.948 7.77356 0.01 1 85 0
6941 311.948 7.78255 0.01 1 84 0
6943 307.551 8.29438 0.01 1 59 0
6960 311.092 8.08847 0.01 1 72 0
6972 307.551 8.29438 0.01 1 58 0
6973 308.256 8.06579 0.01 1 72 0
6979 311.698 7.82291 0.01 1 85 -0.000596225
6983 308.597 8.14545 0.01 1 72 0
6994 307.551 8.29438 0.01 1 58 0
6996 307.551 8.29438 0.01 1 57 0
7012 307.551 8.29438 0.01 1 58 0
7020 310.005 7.99093 0.01 1 72 0
7021 307.551 8.29438 0.01 1 58 0
7027 309.975 8.05885 0.01 1 72 0
7028 309.288 8.51793 0.01 1 72 0
7032 307.551 8.29438 0.01 1 59 0
7035 307.551 8.29438 0.01 1 58 0
7043 307.551 8.29438 0.01 1 59 0
7045 307.551 8.29438 0.01 1 59 0
7050 306.659 8.29438 0.01 1 59 0
7063 310.711 8.5379 0.01 1 86 0
7070 307.551 8.29438 0.01 1 58 0
7080 308.599 7.76009 0.01 1 72 0
7100 310.711 8.5379 0.01 1 85 0
7104 308.724 8.27326 0.01 1 72 0
7107 311.948 7.78255 0.01 1 84 0
7109 307.551 8.29438 0.01 1 59 0
7110 307.551 8.29438 0.01 1 57 0
7111 309.021 8.29438 0.01 1 59 0
7116 308.599 7.76009 0.01 1 72 0
7120 307.551 8.3767 0.01 1 57 0
7122 311.012 7.87749 0.01 1 86 0
7130 310.005 8.06687 0.01 1 72 0
7132 311.491 7.87749 0.01 1 86 0
7148 307.551 8.29438 0.01 1 59 0
7154 311.948 7.77356 0.01 1 84 0
7155 311.948 7.92 0.01 1 85 0
7165 311.012 7.87749 0.01 1 86 0
7173 309.167 7.86674 0.01 1 72 0
7178 309.021 8.29438 0.01 1 59 0
7192 307.551 8.29438 0.01 1 59 0
7200 308.425 8.0079 0.01 1 72 0
7201 310.711 8.5379 0.01 1 86 0
7209 311.012 7.87749 0.01 1 85 0
7214 308.302 8.29438 0.01 1 57 0
7217 311.012 7.98964 0.01 1 84 6.54161e-06
7219 307.647 8.29438 0.01 1 59 0
7229 310.759 8.27639 0.01 1 72 0
7233 309.445 7.94104 0.01 1 72 0
7237 308.591 7.8806 0.01 1 72 0
7239 310.005 8.01123 0.01 1 72 0
7241 310.48 8.27346 0.01 1 72 0
7252 310.005 7.99093 0.01 1 72 0
7263 309.021 8.7969 0.01 1 59 0
7280 307.551 8.29438 0.01 1 59 0
7286 307.551 8.29438 0.01 1 57 0
7306 307.551 8.29438 0.01 1 59 0
7322 311.948 7.78255 0.01 1 84 0
7324 311.948 7.78255 0.01 1 84 0
7330 308.599 7.76009 0.01 1 72 0
7332 311.948 7.78255 0.01 1 84 0
7333 307.551 8.29438 0.01 1 58 0
7339 311.012 7.98964 0.01 1 84 0
7340 311.948 7.78255 0.01 1 84 0
7343 307.438 7.88051 0.01 1 72 0
7353 311.012 7.87749 0.01 1 84 0
7359 307.551 8.28871 0.01 1 58 -4.86523e-05
7373 310.005 7.99093 0.01 1 72 0
7374 308.899 8.08018 0.01 1 72 0
7377 307.551 8.29438 0.01 1 59 0
7379 308.798 7.91346 0.01 1 72 0
7380 308.256 8.06579 0.01 1 72 0
7387 306.75 8.29438 0.01 1 59 0.00918423
7389 311.012 7.87749 0.01 1 84 0
7397 307.551 8.29438 0.01 1 59 0
7401 309.021 8.29438 0.01 1 59 0
7416 307.551 8.29438 0.01 1 59 0
7421 307.551 8.29438 0.01 1 58 0
7426 311.948 7.77356 0.01 1 85 0
7442 309.021 8.29438 0.01 1 59 0
7450 311.357 7.84622 0.01 1 72 0
7452 311.948 7.77356 0.01 1 85 0
7454 307.551 8.29438 0.01 1 58 0
7466 311.012 7.87749 0.01 1 85 0
7472 311.948 7.75718 0.01 1 84 0
7480 309.569 8.05163 0.01 1 72 0
7486 311.948 7.77356 0.01 1 84 0
7496 310.237 8.27346 0.01 1 72 0
7500 309.586 7.7526 0.01 1 72 0
7504 311.012 7.87749 0.01 1 84 0
7507 307.551 8.29438 0.01 1 59 0
7509 311.948 7.78255 0.01 1 84 0
7526 309.021 8.29438 0.01 1 58 0
7528 309.021 8.34287 0.01 1 59 0
7541 307.551 8.29438 0.01 1 59 0
7548 309.733 8.01123 0.01 1 72 0.000311136
7558 307.551 8.29438 0.01 1 59 0
7561 307.551 8.29438 0.01 1 58 0
7570 311.012 7.87749 0.01 1 85 0
7574 311.948 7.78255 0.01 1 86 0
7585 308.901 8.29438 0.01 1 58 0
7605 307.288 8.22184 0.01 1 72 0
7616 307.551 8.29438 0.01 1 59 0
7617 307.551 8.29438 0.01 1 57 0
7619 306.659 8.29438 0.01 1 59 0
7624 308.822 8.39062 0.01 1 58 0
7627 311.948 7.78255 0.01 1 85 0
7633 307.551 8.29438 0.01 1 58 0
7646 307.551 8.29438 0.01 1 59 0
7657 308.591 7.8806 0.01 1 72 0
7661 307.551 8.29438 0.01 1 58 0
7681 311.012 7.87749 0.01 1 86 0
7684 308.967 8.05992 0.01 1 72 0
7686 307.551 8.29438 0.01 1 59 0
7692 308.967 8.05992 0.01 1 72 0
7696 307.288 8.21353 0.01 1 72 0
7705 310.005 8.01123 0.01 1 72 0
7714 307.551 8.29438 0.01 1 57 0
7719 307.551 8.29438 0.01 1 58 0
7720 308.967 8.0079 0.01 1 72 0
7726 309.021 8.29438 0.01 1 59 0
7731 311.012 7.97167 0.01 1 84 0
7743 307.551 8.29438 0.01 1 59 0
7755 307.551 8.29438 0.01 1 59 0
7774 309.021 8.12505 0.01 1 59 0
7781 307.551 8.29438 0.01 1 59 0
7790 311.948 7.77356 0.01 1 85 0
7809 307.551 8.29438 0.01 1 58 0
7812 311.012 7.97167 0.01 1 84 0
7814 311.948 7.78255 0.01 1 84 0
7824 307.551 8.29438 0.01 1 58 0
7827 307.551 8.29438 0.01 1 59 0
7833 311.234 7.87749 0.01 1 85 0.00267603
7836 311.012 7.97167 0.01 1 84 0
7842 308.425 8.0079 0.01 1 72 0
7858 311.012 7.79786 0.01 1 86 0
7859 307.551 8.29438 0.01 1 59 0
7864 308.425 8.0079 0.01 1 72 0
7869 310.005 8.01123 0.01 1 72 0
7871 309.021 8.29438 0.01 1 58 0
7897 308.988 8.29438 0.01 1 58 0
7898 309.975 8.05885 0.01 1 72 0
7899 307.551 8.29438 0.01 1 58 0
7900 308.967 8.0079 0.01 1 72 0
7902 307.551 8.29438 0.01 1 59 0
7903 309.658 8.06687 0.01 1 72 0
7907 307.551 8.3767 0.01 1 58 0
7912 309.516 8.42105 0.01 1 72 0
7919 307.551 8.22255 0.01 1 59 -0.000536218
7920 309.516 8.42105 0.01 1 72 0
7922 307.551 8.29438 0.01 1 57 0
7934 308.597 8.14545 0.01 1 72 0
7938 307.551 8.29438 0.01 1 57 0
7947 311.012 7.87749 0.01 1 85 0
7955 310.379 7.87579 0.01 1 72 0
7965 307.551 8.29438 0.01 1 58 0
7975 307.551 8.28595 0.01 1 58 0
7982 311.698 7.8523 0.01 1 84 0
7985 307.551 8.52261 0.01 1 59 0.00162522
7992 311.948 7.92 0.01 1 85 0
7995 311.012 7.87749 0.01 1 85 0
7999 308.742 8.14939 0.01 1 72 0
8007 307.288 8.21353 0.01 1 72 0
8023 308.822 8.29438 0.01 1 59 0
8028 311.012 7.87749 0.01 1 85 0
8038 307.551 8.29438 0.01 1 59 0
8048 310.005 8.06687 0.01 1 72 0
8050 311.012 7.98964 0.01 1 84 0
8058 311.948 7.68656 0.01 1 84 0
8067 311.948 7.78255 0.01 1 84 0
8068 306.659 8.29438 0.01 1 59 0
8083 309.021 8.29438 0.01 1 58 0
8087 307.551 8.29438 0.01 1 59 0
8093 309.021 8.34287 0.01 1 59 0
8094 307.551 8.29438 0.01 1 59 0
8099 308.822 8.39062 0.01 1 57 0
8100 308.425 8.0079 0.01 1 72 0
8106 308.256 8.06579 0.01 1 72 0
8119 309.021 8.32947 0.01 1 59 0
8120 309.975 8.28718 0.01 1 72 0
8122 308.597 8.27179 0.01 1 72 0
8125 307.551 8.29438 0.01 1 58 0
8129 311.491 7.87749 0.01 1 86 0
8141 311.948 7.78255 0.01 1 84 0
8147 309.516 8.42105 0.01 1 72 0
8151 307.551 8.29438 0.01 1 58 0
8153 309.516 8.42105 0.01 1 72 0
8155 311.357 7.84622 0.01 1 72 0
8180 311.948 7.78255 0.01 1 84 0
8181 307.551 8.29438 0.01 1 59 0
8224 307.551 8.29438 0.01 1 59 0
8248 309.167 7.86674 0.01 1 72 0
8262 310.711 8.5379 0.01 1 84 0
8273 307.551 8.29438 0.01 1 59 0
8284 311.948 7.77356 0.01 1 85 0
8293 309.132 7.37405 0.01 1 72 0
8310 307.551 8.29438 0.01 1 58 0
8312 307.551 8.29438 0.01 1 58 0
8317 307.696 7.88051 0.01 1 72 0.00219999
8332 308.822 8.39062 0.01 1 58 0
8338 307.551 8.29438 0.01 1 59 0
8346 311.012 7.97167 0.01 1 84 0
8348 307.551 8.29438 0.01 1 58 0
8349 307.551 8.29438 0.01 1 58 0
8363 308.742 8.02292 0.01 1 72 0
8365 310.711 8.59143 0.01 1 86 0
8375 307.551 8.29438 0.01 1 59 0
8377 309.167 8.0357 0.01 1 72 0
8379 311.012 7.87749 0.01 1 85 0
8389 307.551 8.29438 0.01 1 58 0
8390 307.551 8.29438 0.01 1 58 0
8392 307.551 8.29438 0.01 1 58 0
8393 311.012 7.87749 0.01 1 84 0
8403 311.012 7.98845 0.01 1 84 0
8405 307.551 8.29438 0.01 1 58 0
8424 307.551 8.29438 0.01 1 59 0
8427 309.021 8.34287 0.01 1 59 0
8428 308.845 8.29438 0.01 1 59 0
8442 309.132 7.37405 0.01 1 72 0
8450 311.948 7.92 0.01 1 85 0
8465 311.698 7.8523 0.01 1 85 0
8468 307.351 8.29438 0.01 1 58 0.00253154
8471 309.563 7.93213 0.01 1 72 0.00223771
8475 308.425 8.0079 0.01 1 72 0
8477 307.551 8.29438 0.01 1 58 0
8481 307.709 8.29438 0.01 1 59 -0.00181426
8484 311.948 7.78255 0.01 1 84 0
8491 311.948 7.77356 0.01 1 86 0
8492 309.79 8.01219 0.01 1 72 0
8498 309.839 7.95963 0.01 1 72 0
8505 308.302 8.29438 0.01 1 57 0
8513 310.711 8.5379 0.01 1 86 0
8515 307.551 8.29438 0.01 1 58 0
8528 311.012 7.87749 0.01 1 85 0
8531 311.948 7.77356 0.01 1 85 0
8543 308.844 7.99069 0.01 1 72 0
8551 309.021 8.34287 0.01 1 59 0
8552 309.021 8.12505 0.01 1 59 0
8560 313.063 7.8523 0.01 1 84 0
8567 307.551 8.29438 0.01 1 59 0
8589 307.551 8.29438 0.01 1 58 0
8608 307.551 8.29438 0.01 1 59 0
8611 311.012 7.97167 0.01 1 84 0
8613 310.006 8.02292 0.01 1 72 0
8619 307.551 8.29438 0.01 1 57 0
8620 309.586 7.7526 0.01 1 72 0
8643 309.167 8.0357 0.01 1 72 0
8646 307.01 8.29438 0.01 1 58 0.00673036
8652 311.012 7.87749 0.01 1 85 0
8654 307.551 8.29438 0.01 1 59 0
8658 307.551 8.29438 0.01 1 57 0
8660 307.288 8.22184 0.01 1 72 8.53837e-06
8669 307.551 8.29438 0.01 1 59 0
8670 307.551 8.29438 0.01 1 59 0
8673 307.551 8.29438 0.01 1 58 0
8680 311.012 7.87749 0.01 1 85 0
8682 310.005 8.06687 0.01 1 72 0
8684 307.438 7.88051 0.01 1 72 0
8687 307.551 8.29438 0.01 1 58 0
8690 311.012 7.87749 0.01 1 84 0
8693 307.551 8.29438 0.01 1 59 0
8697 309.334 8.16217 0.01 1 72 0
8702 307.551 8.29438 0.01 1 59 0
8706 307.551 8.29438 0.01 1 59 0
8709 310.759 8.27639 0.01 1 72 0
8741 308.899 8.08018 0.01 1 72 0
8758 311.012 7.87749 0.01 1 84 0
8779 308.988 8.29594 0.01 1 58 0
8781 307.551 8.29438 0.01 1 58 0
8789 311.012 7.87749 0.01 1 86 0
8791 308.302 8.29438 0.01 1 57 0
8797 309.021 8.07514 0.01 1 59 0
8805 308.599 7.76009 0.01 1 72 0
8807 307.551 8.29438 0.01 1 59 0
8809 308.822 8.25669 0.01 1 58 0
8816 307.551 8.29438 0.01 1 58 0
8820 311.012 7.87749 0.01 1 85 0
8838 311.948 7.77356 0.01 1 84 0
8839 307.551 8.29438 0.01 1 58 0
8841 309.895 8.01155 0.01 1 72 0
8847 308.967 8.0079 0.01 1 72 0
8850 311.012 7.87749 0.01 1 86 0
8856 309.021 8.29438 0.01 1 58 0
8859 307.551 8.29438 0.01 1 58 0
8869 309.021 8.29438 0.01 1 58 0
8874 311.948 7.77356 0.01 1 85 0
8887 307.551 8.29438 0.01 1 59 0
8889 307.551 8.29438 0.01 1 59 0
8892 309.021 8.29438 0.01 1 58 0
8893 311.012 7.87749 0.01 1 84 0
8904 308.901 8.29438 0.01 1 58 0
8909 308.967 8.0079 0.01 1 72 0
8912 311.012 7.87749 0.01 1 85 0
8947 307.551 8.29438 0.01 1 58 0
8952 309.167 7.86674 0.01 1 72 0
8962 308.967 8.05992 0.01 1 72 0
8965 311.012 7.98964 0.01 1 84 0
8968 308.425 8.0079 0.01 1 72 0
9001 307.551 8.29438 0.01 1 59 0
9033 309.167 8.02406 0.01 1 72 0
9057 310.005 8.01123 0.01 1 72 0
9065 307.551 8.29438 0.01 1 57 0
9081 307.551 8.29438 0.01 1 59 0
9088 310.212 8.27346 0.01 1 72 0
9096 309.195 8.30272 0.01 1 72 0
9098 308.822 8.39062 0.01 1 58 0
9131 309.247 7.93369 0.01 1 72 0
9137 311.948 7.77356 0.01 1 85 0
9154 311.948 7.92 0.01 1 85 0
9157 311.948 7.78255 0.01 1 84 0
9168 307.551 8.28595 0.01 1 58 0
9177 311.012 7.79786 0.01 1 84 0
9179 308.822 8.39062 0.01 1 57 0
9189 307.551 8.29438 0.01 1 58 0
9191 308.591 7.89053 0.01 1 72 6.70552e-07
9197 307.551 8.29438 0.01 1 59 0
9200 307.551 8.29438 0.01 1 57 0
9210 307.551 8.29438 0.01 1 59 0
9215 309.167 7.86674 0.01 1 72 0
9216 311.012 7.87749 0.01 1 85 0
9224 307.288 8.21353 0.01 1 72 0
9227 311.948 7.78255 0.01 1 84 0
9228 304.921 8.29438 0.01 1 59 0
9242 311.012 7.87749 0.01 1 85 0
9244 308.988 8.29438 0.01 1 58 0
9248 308.425 8.0079 0.01 1 72 0
9268 309.658 8.06687 0.01 1 72 0
9273 308.822 8.39062 0.01 1 57 0
9274 309.516 8.42105 0.01 1 72 0
9282 310.006 8.02292 0.01 1 72 0
9285 308.742 8.02292 0.01 1 72 0
9290 307.551 8.29438 0.01 1 57 0
9291 307.551 8.29438 0.01 1 59 0
9292 311.012 7.87749 0.01 1 85 0
9299 307.551 8.29438 0.01 1 58 0
9302 308.724 8.27326 0.01 1 72 0
9303 307.551 8.29438 0.01 1 57 0
9307 306.659 8.29438 0.01 1 59 0
9312 309.021 8.33438 0.01 1 59 0
9321 311.948 7.7744 0.01 1 84 0
9322 308.484 8.39062 0.01 1 58 0
9327 311.948 7.77356 0.01 1 85 0
9343 311.012 7.87749 0.01 1 84 0
9344 306.659 8.29438 0.01 1 59 0
9369 308.256 8.06579 0.01 1 72 0
9402 307.551 8.29438 0.01 1 59 0
9408 307.551 8.29438 0.01 1 59 0
9425 309.658 8.06687 0.01 1 72 0
9433 306.967 8.29438 0.01 1 59 0
9449 311.948 7.92 0.01 1 85 0
9452 307.288 8.21353 0.01 1 72 0
9462 310.005 8.01123 0.01 1 72 0
9483 309.875 8.1137 0.01 1 72 0
9487 307.551 8.29438 0.01 1 59 0
9488 307.551 8.29438 0.01 1 58 0
9493 311.012 7.98964 0.01 1 84 0
9499 309.247 7.93369 0.01 1 72 0.000167266
9504 309.658 8.06687 0.01 1 72 0
9510 308.302 8.29438 0.01 1 58 0
9519 307.288 8.22184 0.01 1 72 0
9546 307.551 8.29438 0.01 1 59 0
9551 306.659 8.29438 0.01 1 59 0
9552 309.569 8.05163 0.01 1 72 0
9561 311.948 7.78255 0.01 1 84 0
9562 310.711 8.5379 0.01 1 86 0
9564 311.012 7.87749 0.01 1 86 0
9579 311.948 7.92 0.01 1 85 0
9586 307.551 8.29438 0.01 1 58 0
9594 307.551 8.29438 0.01 1 59 0
9596 307.551 8.29438 0.01 1 59 0
9599 307.551 8.31614 0.01 1 57 0.000186041
9603 308.599 7.76009 0.01 1 72 0
9604 307.551 8.29438 0.01 1 58 0
9606 311.948 7.77356 0.01 1 85 0
9614 309.021 8.29438 0.01 1 59 0
9619 310.711 8.5379 0.01 1 84 0
9632 307.551 8.29438 0.01 1 59 0
9634 310.237 8.32448 0.01 1 72 0
9638 309.021 8.29438 0.01 1 58 0
9641 307.551 8.29438 0.01 1 59 0
9643 306.659 8.29438 0.01 1 59 0
9647 310.005 7.99093 0.01 1 72 0
9654 307.551 8.29438 0.01 1 59 0
9660 309.021 8.04534 0.01 1 59 0
9663 311.491 7.87749 0.01 1 85 0
9664 311.948 7.77356 0.01 1 86 0
9667 311.012 7.87749 0.01 1 85 0
9671 309.167 8.0357 0.01 1 72 0
9695 309.021 8.29438 0.01 1 59 0
9708 311.948 7.78255 0.01 1 84 0
9710 310.294 8.01123 0.01 1 72 -0.00101657
9720 308.63 8.29438 0.01 1 59 0
9722 308.967 8.0079 0.01 1 72 0
9729 308.798 7.91346 0.01 1 72 0
9735 307.551 8.29438 0.01 1 57 0
9743 311.012 7.97167 0.01 1 84 0
9748 307.551 8.29438 0.01 1 59 0
9762 307.551 8.29438 0.01 1 57 0
9766 311.012 7.87749 0.01 1 86 0
9769 307.551 8.29438 0.01 1 58 0
9770 311.948 7.78255 0.01 1 84 0
9771 307.551 8.29438 0.01 1 59 0
9779 310.711 8.5379 0.01 1 86 0
9788 309.021 8.29438 0.01 1 58 0
9798 310.005 7.99093 0.01 1 72 0
9799 310.237 8.27346 0.01 1 72 0
9800 309.132 7.37405 0.01 1 72 0
9801 307.551 8.50218 0.01 1 59 0.00148445
9809 307.551 8.29438 0.01 1 58 0
9821 311.948 7.78255 0.01 1 84 0
9826 310.377 7.87579 0.01 1 72 0
9830 311.948 7.77356 0.01 1 85 0
9850 307.551 8.29438 0.01 1 59 0
9851 312.923 7.78255 0.01 1 84 0
9856 307.551 8.29438 0.01 1 59 0
9870 307.551 8.29438 0.01 1 58 0
9874 311.012 7.96584 0.01 1 84 0.000494972
9876 311.012 7.97167 0.01 1 84 0
9877 308.901 8.29438 0.01 1 58 0
9879 308.822 8.29438 0.01 1 59 0
9881 307.551 8.29438 0.01 1 59 0
9890 309.288 8.57188 0.01 1 72 0
9891 307.551 8.29438 0.01 1 59 0
9894 310.237 8.27346 0.01 1 72 0
9897 311.012 7.93333 0.01 1 84 0
9902 307.551 8.29438 0.01 1 58 0
9909 311.948 7.77356 0.01 1 85 0
9929 307.551 8.29438 0.01 1 58 0
9933 310.51 8.59143 0.01 1 84 0
9934 307.551 8.29438 0.01 1 58 0
9945 308.302 8.29438 0.01 1 57 0
9948 308.988 8.29594 0.01 1 58 0
9968 309.733 8.01123 0.01 1 72 0
9973 309.021 8.04534 0.01 1 59 0
9978 310.711 8.70996 0.01 1 84 0
9981 307.551 8.29438 0.01 1 57 0
9987 310.711 8.5379 0.01 1 84 0
9990 307.288 8.22184 0.01 1 72 0
9998 307.551 8.29438 0.01 1 58 0
9999 311.012 7.81966 0.01 1 84 -0.000332341
10016 307.551 8.29438 0.01 1 59 0
10020 310.51 8.59143 0.01 1 84 0
10022 311.012 7.98964 0.01 1 84 0
10040 311.948 7.78255 0.01 1 84 0
10055 307.551 8.29438 0.01 1 58 0
10070 311.471 7.97943 0.01 1 72 0
10071 307.551 8.28595 0.01 1 58 0
10080 311.012 7.87749 0.01 1 85 0
10088 307.551 8.29438 0.01 1 59 0
10094 307.551 8.29438 0.01 1 59 0
10097 310.005 7.99093 0.01 1 72 0
10099 307.551 8.29438 0.01 1 58 0
10102 311.012 7.87749 0.01 1 85 0
10122 311.698 7.8523 0.01 1 85 0
10124 306.659 8.29438 0.01 1 59 0
10126 311.012 7.87749 0.01 1 86 0
10137 307.551 8.29438 0.01 1 59 0
10140 310.711 8.70996 0.01 1 84 0
10142 311.012 7.87749 0.01 1 85 0
10146 307.551 8.29438 0.01 1 58 0
10161 307.551 8.29438 0.01 1 59 0
10170 312.773 7.8523 0.01 1 85 0
10173 307.551 8.29438 0.01 1 58 0
10185 307.551 8.29438 0.01 1 59 0
10190 307.551 8.29438 0.01 1 59 0
10211 308.501 7.55503 0.01 1 72 0
10212 308.988 8.29438 0.01 1 58 0
10216 307.647 8.29438 0.01 1 59 0
10217 307.551 8.29438 0.01 1 58 0
10231 308.049 7.97876 0.01 1 72 0
10238 307.551 8.29438 0.01 1 58 0
10243 311.012 7.87749 0.01 1 84 0
10250 307.551 8.29438 0.01 1 58 0
10251 311.948 7.78255 0.01 1 84 0
10253 307.551 8.29438 0.01 1 57 0
10255 307.551 8.29438 0.01 1 58 0
10267 307.551 8.29438 0.01 1 59 0
10284 307.551 8.29438 0.01 1 57 0
10286 309.021 8.29438 0.01 1 59 0
10302 308.822 8.56023 0.01 1 58 0
10309 309.021 8.29438 0.01 1 58 0
10311 311.012 7.87749 0.01 1 85 0
10330 310.711 8.59143 0.01 1 84 0
10331 307.551 8.29438 0.01 1 59 0
10350 307.551 8.29438 0.01 1 58 0
10352 311.031 8.7925 0.01 1 84 0
10363 306.659 8.29438 0.01 1 59 0
10365 308.63 8.29438 0.01 1 59 0
10366 307.551 8.29438 0.01 1 59 0
10369 311.948 7.77356 0.01 1 85 0
10377 307.551 8.28595 0.01 1 59 -6.23167e-05
10390 307.551 8.29438 0.01 1 58 0
10397 307.551 8.29438 0.01 1 58 0
10399 311.012 7.87749 0.01 1 84 0
10403 307.551 8.29438 0.01 1 58 0
10421 308.901 8.29438 0.01 1 59 0
10428 308.425 7.84362 0.01 1 72 0
10456 308.302 8.29438 0.01 1 58 0
10465 311.012 7.87749 0.01 1 85 0
10468 307.551 8.29438 0.01 1 58 0
10471 307.551 8.29438 0.01 1 58 0
10474 312.115 7.87749 0.01 1 84 0.0110195
10483 309.021 8.07514 0.01 1 59 0
10488 308.742 8.02292 0.01 1 72 0
10498 311.948 7.77356 0.01 1 84 0
10501 307.551 8.29438 0.01 1 59 0
10507 308.597 8.14545 0.01 1 72 0
10508 307.551 8.29438 0.01 1 58 0
10518 307.551 8.29438 0.01 1 57 0
10520 308.988 8.29594 0.01 1 58 1.86414e-05
10524 311.948 7.77356 0.01 1 85 0
10548 307.551 8.29438 0.01 1 59 0
10551 307.551 8.29438 0.01 1 59 0
10555 309.334 8.22631 0.01 1 72 0
10560 308.476 8.0079 0.01 1 72 0
10566 307.551 8.29438 0.01 1 59 0
10569 310.237 8.27346 0.01 1 72 0
10587 311.948 7.78255 0.01 1 84 0
10589 310.739 8.34043 0.01 1 72 0.000152335
10592 307.551 8.29438 0.01 1 58 0
10594 307.551 8.48759 0.01 1 58 0
10596 311.491 7.87749 0.01 1 85 0
10598 310.337 7.87749 0.01 1 84 0
10603 311.698 7.8523 0.01 1 85 0
10612 311.012 7.98964 0.01 1 84 0
10614 307.551 8.29438 0.01 1 59 0
10618 311.012 7.91975 0.01 1 84 0
10626 311.948 7.78255 0.01 1 84 0
10633 307.551 8.29438 0.01 1 59 0
10634 309.021 8.29438 0.01 1 58 0
10635 308.256 8.06579 0.01 1 72 0
10646 309.021 8.34287 0.01 1 59 0
10647 308.302 8.29438 0.01 1 58 0
10655 307.551 8.29438 0.01 1 57 0
10656 307.551 8.29438 0.01 1 59 0
10669 309.021 8.7969 0.01 1 59 0
10676 307.288 8.22184 0.01 1 72 0
10691 307.551 8.29438 0.01 1 58 0
10696 310.315 8.34072 0.01 1 72 0
10697 307.551 8.29438 0.01 1 58 0
10698 308.591 7.93369 0.01 1 72 0
10701 310.005 8.01123 0.01 1 72 0
10719 308.822 8.29438 0.01 1 59 0
10728 307.239 7.88051 0.01 1 72 -0.00103413
10734 310.005 8.01123 0.01 1 72 0
10735 308.425 8.0079 0.01 1 72 0
10738 311.012 7.87749 0.01 1 84 0
10739 307.551 8.29438 0.01 1 59 0
10741 310.711 8.5379 0.01 1 85 0
10742 307.551 8.29438 0.01 1 58 0
10754 307.551 8.29438 0.01 1 58 0
10771 307.288 8.22184 0.01 1 72 0
10772 307.551 8.29438 0.01 1 59 0
10781 307.551 8.29438 0.01 1 59 0
10783 307.551 8.26039 0.01 1 59 0
10798 307.551 8.29438 0.01 1 59 0
10799 307.551 8.29438 0.01 1 59 0
10803 307.551 8.29438 0.01 1 58 0
10804 311.012 7.98964 0.01 1 84 0
10809 309.167 8.0357 0.01 1 72 0
10825 307.551 8.29438 0.01 1 59 0
10826 307.551 8.29438 0.01 1 58 0
10827 307.551 8.29438 0.01 1 59 0
10853 307.551 8.29438 0.01 1 58 0
10855 308.822 8.39062 0.01 1 58 0
10857 307.551 8.48759 0.01 1 58 0
10859 307.709 8.29438 0.01 1 59 0
10873 311.012 7.97167 0.01 1 84 0
10874 311.948 7.78255 0.01 1 84 0
10880 307.551 8.48759 0.01 1 58 0
10888 310.711 8.59143 0.01 1 84 0
10894 308.901 8.29438 0.01 1 58 0
10895 311.012 7.87749 0.01 1 85 0
10902 306.967 8.39774 0.01 1 59 0.000611037
10909 307.551 8.29438 0.01 1 59 0
10916 309.79 8.01219 0.01 1 72 0
10918 310.711 8.5379 0.01 1 84 0
10923 307.551 8.29438 0.01 1 58 0
10924 310.711 8.5379 0.01 1 84 0
10925 308.599 7.76009 0.01 1 72 0
10931 307.551 8.29438 0.01 1 58 0
10934 308.822 8.25669 0.01 1 58 0
10938 307.551 8.29438 0.01 1 59 0
10939 311.948 7.78255 0.01 1 84 0
10946 307.551 8.25155 0.01 1 57 -0.000421137
10947 311.012 7.87749 0.01 1 84 0
10949 311.948 7.78255 0.01 1 85 0
10952 307.551 8.29438 0.01 1 59 0
10962 311.012 7.87749 0.01 1 86 0
10968 307.551 8.29438 0.01 1 58 0
10980 311.948 7.77356 0.01 1 85 0
10982 307.551 8.23971 0.01 1 59 -0.00040701
10991 311.012 7.87749 0.01 1 86 0
10992 307.551 8.29438 0.01 1 58 0
10997 311.948 7.92 0.01 1 85 0
10998 308.822 8.39062 0.01 1 57 0
11000 307.551 8.29438 0.01 1 58 0
11004 307.551 8.29438 0.01 1 58 0
11006 311.012 7.98964 0.01 1 84 0
11020 311.012 7.98964 0.01 1 84 0
11028 307.551 8.29438 0.01 1 58 0
11049 310.51 8.59143 0.01 1 84 0
11053 311.948 7.77356 0.01 1 85 0
11054 307.551 8.29438 0.01 1 59 0
11066 310.237 8.27346 0.01 1 72 0
11075 311.948 7.75718 0.01 1 85 0
11076 311.491 7.87749 0.01 1 85 0
11078 311.364 7.68656 0.01 1 84 0
11081 308.822 8.29438 0.01 1 59 0
11082 308.822 8.25669 0.01 1 58 0
11086 311.012 7.91975 0.01 1 84 0
11088 307.551 8.3767 0.01 1 58 0
11098 311.012 7.87749 0.01 1 85 0
11101 311.948 7.77356 0.01 1 86 0
11102 307.551 8.29438 0.01 1 59 0
11105 311.948 7.77356 0.01 1 85 0
11110 309.132 7.37405 0.01 1 72 0
11121 311.012 7.87749 0.01 1 85 0
