max_pf 103 min_pf 24
individual T0 sigma disp_rate r0 patch_no mut_eff
26 312.248 8.37286 0.01 1 72 0
58 319.198 7.94295 0.01 1 102 0
123 318.073 8.03498 0.01 1 101 0
179 318.28 8.15764 0.01 1 101 0
183 307.602 7.6016 0.01 1 72 0
191 309.37 8.08269 0.01 1 72 0
237 318.28 8.15764 0.01 1 102 0
283 308.617 8.07829 0.01 1 72 0
291 309.108 8.34825 0.01 1 72 0
302 320.976 8.03498 0.01 1 102 0
306 319.198 8.03498 0.01 1 102 0
419 318.28 8.15764 0.01 1 101 0
442 299.692 7.80776 0.01 1 24 0
455 310.204 7.6016 0.01 1 72 0
475 306.786 8.12895 0.01 1 72 0
583 308.023 8.04279 0.01 1 72 0
645 310.204 7.6016 0.01 1 72 0
671 308.852 7.92942 0.01 1 72 0
674 300.226 7.82103 0.01 1 26 0
702 319.198 7.96323 0.01 1 102 0
731 300.64 8.05139 0.01 1 24 0
805 316.298 8.03498 0.01 1 102 0
845 319.198 8.03498 0.01 1 101 0
918 310.296 8.0863 0.01 1 72 0
950 300.64 7.98859 0.01 1 24 0
971 309.924 8.04023 0.01 1 72 0
1138 311.008 8.28153 0.01 1 72 0.000165105
1266 319.198 8.03498 0.01 1 102 0
1271 319.198 7.96323 0.01 1 102 0
1281 298.721 7.80776 0.01 1 26 0
1289 319.198 8.03498 0.01 1 102 0
1307 298.429 7.95893 0.01 1 26 0
1318 304.906 8.15263 0.01 1 72 0
1331 309.108 8.28314 0.01 1 72 0
1388 316.105 8.03498 0.01 1 101 -0.00281072
1535 298.721 7.80776 0.01 1 26 0
1555 308.023 8.04279 0.01 1 72 0
1557 306.42 7.85357 0.01 1 72 0
1591 316.298 8.03498 0.01 1 102 0
1598 308.852 7.92942 0.01 1 72 0
1654 304.906 8.15263 0.01 1 72 -0.0127818
1686 316.298 8.03498 0.01 1 101 0
1689 315.776 8.15378 0.01 1 101 0
1707 316.298 8.03498 0.01 1 101 0
1796 318.589 8.03498 0.01 1 101 0
1846 308.758 7.70733 0.01 1 72 0
1972 316.298 8.03498 0.01 1 101 0
1999 310.693 7.92942 0.01 1 72 0
2045 318.28 8.15764 0.01 1 101 0
2058 319.198 7.96323 0.01 1 102 0
2169 320.976 8.03498 0.01 1 102 0
2171 306.812 8.05597 0.01 1 72 0
2188 309.639 7.89481 0.01 1 72 0
2290 319.198 8.03498 0.01 1 102 0
2363 318.28 8.15764 0.01 1 103 0
2472 319.198 8.03498 0.01 1 102 0
2477 316.298 8.03498 0.01 1 103 0
2504 308.852 7.92942 0.01 1 72 0
2554 320.293 8.03498 0.01 1 102 0
2555 309.835 7.74759 0.01 1 72 0
2560 319.198 8.03498 0.01 1 102 0
2579 316.298 8.03498 0.01 1 101 0
2588 316.298 8.03498 0.01 1 102 0
2696 319.198 7.96323 0.01 1 102 0
2727 309.068 7.90699 0.01 1 72 0
2769 317.147 7.90339 0.01 1 101 0
2836 309.509 7.74759 0.01 1 72 0
2872 311.068 8.02559 0.01 1 72 0
2931 300.64 7.98859 0.01 1 24 0
3002 308.617 8.07829 0.01 1 72 0
3039 318.28 8.15764 0.01 1 102 0
3159 319.198 8.03498 0.01 1 102 0
3204 299.692 7.80776 0.01 1 26 0
3239 318.28 8.15764 0.01 1 101 0
3247 309.242 8.11903 0.01 1 72 0
3248 316.298 8.03498 0.01 1 101 0
3285 300.313 7.80776 0.01 1 26 0
3300 319.198 7.96323 0.01 1 103 0
3382 318.28 8.15764 0.01 1 102 0
3406 316.298 8.03498 0.01 1 101 0
3489 316.298 8.03498 0.01 1 101 0
3562 309.068 7.93002 0.01 1 72 0
3580 305.915 7.97484 0.01 1 72 0
3597 318.28 8.15764 0.01 1 101 0
3612 300.226 7.80776 0.01 1 26 0
3665 316.298 8.03498 0.01 1 103 0
3753 318.28 8.15764 0.01 1 102 0
3792 300.64 7.98859 0.01 1 25 0
3869 318.28 8.15764 0.01 1 102 0
3947 299.692 7.80776 0.01 1 25 0
3999 308.815 8.12708 0.01 1 72 0.00196253
4030 319.198 8.03498 0.01 1 102 0
4049 310.16 8.12708 0.01 1 72 0
4069 309.37 8.08269 0.01 1 72 0
4102 316.298 8.03498 0.01 1 101 0
4141 307.134 8.09235 0.01 1 72 0
4169 318.28 8.15764 0.01 1 102 0
4238 318.28 8.15764 0.01 1 101 0
4269 318.28 8.15764 0.01 1 101 0
4278 298.721 7.80776 0.01 1 26 0
4378 306.277 8.14751 0.01 1 72 0
4395 309.835 7.74759 0.01 1 72 0
4405 315.776 8.15378 0.01 1 101 0
4440 306.588 8.28314 0.01 1 72 -0.00823531
4456 307.892 8.12605 0.01 1 72 0
4470 310.16 8.1472 0.01 1 72 0
4531 318.28 8.15764 0.01 1 101 0
4555 309.242 8.11903 0.01 1 72 0
4592 318.28 8.15764 0.01 1 102 0
4603 316.422 8.03498 0.01 1 102 -0.0310229
4627 300.226 7.80776 0.01 1 26 0
4657 320.293 8.03498 0.01 1 101 0
4673 309.924 8.04023 0.01 1 72 0
4689 310.204 7.6016 0.01 1 72 0
4709 311.085 8.03515 0.01 1 72 0
4802 300.64 7.98859 0.01 1 25 0
4821 309.108 8.28314 0.01 1 72 0
4870 318.28 8.15764 0.01 1 102 0
4917 316.298 8.03498 0.01 1 101 0
5004 318.28 8.15764 0.01 1 101 0
5123 317.414 7.93166 0.01 1 101 0
5192 309.835 7.74759 0.01 1 72 0
5280 319.198 8.03498 0.01 1 101 0
5327 298.721 7.80776 0.01 1 26 0
5352 319.198 8.03498 0.01 1 102 0
5366 317.414 7.93166 0.01 1 101 0
5436 316.298 8.05751 0.01 1 101 0
5461 311.174 8.0863 0.01 1 72 0
5471 317.147 7.90339 0.01 1 101 0
5680 308.121 7.93743 0.01 1 72 0
5759 298.721 7.64767 0.01 1 26 0
5781 316.298 8.03498 0.01 1 103 0
5795 300.226 7.82103 0.01 1 26 0
5816 300.226 7.80776 0.01 1 26 0
5967 308.852 7.92942 0.01 1 72 0
6111 300.64 7.98859 0.01 1 25 0
6165 307.626 8.09603 0.01 1 72 0
6170 310.16 8.1472 0.01 1 72 0
6240 307.626 8.09603 0.01 1 72 0
6287 319.198 8.03498 0.01 1 102 0
6315 308.617 8.07829 0.01 1 72 0
6414 310.16 8.1472 0.01 1 72 0
6434 298.721 7.80776 0.01 1 26 0
6457 320.293 8.00219 0.01 1 101 0
6478 311.174 8.0863 0.01 1 72 0
6489 318.28 8.15764 0.01 1 101 0
6512 308.852 7.92942 0.01 1 72 0
6583 305.284 8.1065 0.01 1 72 0
6597 308.353 7.86434 0.01 1 72 2.97278e-05
6630 300.64 7.80776 0.01 1 26 0
6745 316.298 8.03498 0.01 1 101 0
6792 300.64 7.80776 0.01 1 26 0
6796 309.509 7.74759 0.01 1 72 0
6811 310.296 8.0863 0.01 1 72 0
6815 309.108 8.34825 0.01 1 72 0
6820 318.28 8.15764 0.01 1 102 0
6828 311.87 7.85474 0.01 1 72 0
6897 309.108 8.34825 0.01 1 72 0
6907 318.28 8.15764 0.01 1 102 0
6949 298.721 7.80776 0.01 1 26 0
7032 298.721 7.80776 0.01 1 26 0
7114 299.692 7.80776 0.01 1 26 0
7135 307.626 8.09603 0.01 1 72 0
7170 307.44 7.95017 0.01 1 72 0
7191 298.721 7.80776 0.01 1 26 0
7192 309.509 7.74759 0.01 1 72 0
7383 308.935 7.85791 0.01 1 72 -1.19209e-07
7399 309.37 8.08269 0.01 1 72 0
7525 307.44 7.95017 0.01 1 72 0
7536 311.068 8.1472 0.01 1 72 0
7629 305.915 7.97484 0.01 1 72 0
7680 309.835 7.74759 0.01 1 72 0
7700 320.976 8.03498 0.01 1 102 0
7737 300.226 7.80776 0.01 1 25 0
7744 306.909 8.03783 0.01 1 72 0
7797 319.198 7.85353 0.01 1 102 -0.00128034
7802 318.28 8.15764 0.01 1 102 0
7898 308.852 7.92942 0.01 1 72 0
7989 319.198 7.96323 0.01 1 103 0
8005 310.998 8.28157 0.01 1 72 0
8184 300.226 7.80776 0.01 1 25 0
8218 308.553 7.92942 0.01 1 72 -0.000280514
8221 316.298 8.03498 0.01 1 103 0
8247 308.365 7.8807 0.01 1 72 0
8270 298.541 7.80776 0.01 1 26 0
8280 306.909 8.03783 0.01 1 72 0
8319 308.852 7.92942 0.01 1 72 0
8402 300.64 7.98859 0.01 1 25 0
8408 300.226 7.80776 0.01 1 26 0
8419 308.617 8.07829 0.01 1 72 0
8542 299.34 7.80776 0.01 1 25 0.00321381
8591 300.64 7.98859 0.01 1 25 0
8664 316.298 8.04802 0.01 1 101 0.000173092
8734 310.503 7.89481 0.01 1 72 0
8808 316.298 8.03498 0.01 1 102 0
8809 300.313 7.68296 0.01 1 25 0
8937 298.721 7.80776 0.01 1 25 0
8943 299.496 7.80776 0.01 1 26 0
8955 298.721 8.02772 0.01 1 26 0
8962 305.915 7.97484 0.01 1 72 0
9038 298.721 8.02772 0.01 1 26 0
9087 309.96 8.02559 0.01 1 72 0
9120 300.226 7.80776 0.01 1 26 0
9126 300.226 7.80776 0.01 1 26 0
9163 310.296 8.0863 0.01 1 72 0
9312 319.198 7.96323 0.01 1 102 0
9356 297.232 7.80776 0.01 1 26 0
9362 306.28 8.15263 0.01 1 72 0
9388 308.815 8.12708 0.01 1 72 0
9431 309.068 7.93002 0.01 1 72 0
9443 308.578 7.70733 0.01 1 72 0
9560 307.44 7.95017 0.01 1 72 0
9577 318.28 8.15764 0.01 1 102 0
9624 306.84 8.14751 0.01 1 72 0.00393207
9626 308.758 7.70733 0.01 1 72 0
9636 309.96 8.02559 0.01 1 72 0
9677 308.815 8.12708 0.01 1 72 0
9708 300.313 7.80776 0.01 1 26 0
9761 311.174 7.93305 0.01 1 72 -0.000395894
9775 298.721 7.80776 0.01 1 25 0
9865 309.645 7.79747 0.01 1 72 0
9875 311.174 8.0863 0.01 1 72 0
9878 300.226 7.76822 0.01 1 26 -0.000634734
9985 309.924 8.04023 0.01 1 72 0
10019 318.28 8.15764 0.01 1 102 0
10035 300.226 7.80776 0.01 1 26 0
10180 316.298 8.03498 0.01 1 102 0
10188 305.915 7.97484 0.01 1 72 0
10238 299.692 7.80776 0.01 1 26 0
10282 318.28 8.15764 0.01 1 102 0
10287 308.852 7.92942 0.01 1 72 0
10300 300.313 7.68296 0.01 1 25 0
10303 299.692 7.68756 0.01 1 26 -0.00201991
10351 308.014 8.01505 0.01 1 72 0
10361 308.852 7.92942 0.01 1 72 0
10381 300.64 7.98859 0.01 1 24 0
10461 300.64 7.98859 0.01 1 25 0
10465 310.292 7.92711 0.01 1 72 0
10476 319.198 8.03498 0.01 1 103 0
10533 309.108 8.34825 0.01 1 72 0
10563 297.154 7.80776 0.01 1 26 0.0189263
10581 310.204 7.6016 0.01 1 72 0
10588 308.852 7.92942 0.01 1 72 0
10619 299.692 7.80776 0.01 1 26 0
10652 316.298 8.03498 0.01 1 101 0
10715 298.721 7.80776 0.01 1 26 0
10772 307.892 8.12605 0.01 1 72 0
10940 298.429 7.95893 0.01 1 26 0
10965 309.068 7.93002 0.01 1 72 0
10972 310.018 8.06111 0.01 1 72 0
10986 298.721 7.80776 0.01 1 25 0
11023 312.311 8.37286 0.01 1 72 0
11145 300.226 7.80776 0.01 1 26 0
11196 298.429 7.95893 0.01 1 26 0
11234 310.503 7.89481 0.01 1 72 0
11245 316.298 8.03498 0.01 1 102 0
11248 318.28 8.15764 0.01 1 101 0
11304 319.198 8.03498 0.01 1 103 0
11309 300.313 7.80776 0.01 1 26 0
11476 309.359 7.62269 0.01 1 72 -4.11272e-06
11500 318.28 8.15764 0.01 1 103 0
11510 306.786 8.12895 0.01 1 72 0
11694 300.64 7.80776 0.01 1 26 0
11762 312.311 8.37286 0.01 1 72 0
11782 319.198 8.03498 0.01 1 102 0
11805 310.296 8.0863 0.01 1 72 0
11887 307.727 7.6016 0.01 1 72 0
11893 310.16 8.1472 0.01 1 72 0
11974 308.718 7.74044 0.01 1 72 0
11978 309.108 8.28314 0.01 1 72 0
12001 316.298 8.03498 0.01 1 101 0
12008 319.198 8.03498 0.01 1 102 0
12064 309.835 7.6002 0.01 1 72 0
12127 300.226 7.80776 0.01 1 26 0
12141 308.758 7.70733 0.01 1 72 0
12156 316.298 8.03498 0.01 1 102 0
12184 318.28 8.15764 0.01 1 102 0
12194 300.64 7.80776 0.01 1 26 0
12277 318.28 8.15764 0.01 1 102 0
12330 308.617 8.07829 0.01 1 72 0
12348 318.412 8.18505 0.01 1 101 0
12419 308.023 8.04279 0.01 1 72 0
12426 309.835 7.6016 0.01 1 72 0
12479 316.298 8.03498 0.01 1 103 0
12484 308.852 7.82961 0.01 1 72 0
12548 311.174 8.0863 0.01 1 72 0
12666 308.852 7.92942 0.01 1 72 0
12712 308.852 7.92942 0.01 1 72 0
12821 315.776 8.13602 0.01 1 102 0
12965 306.909 8.03783 0.01 1 72 0
12990 309.108 8.28314 0.01 1 72 0
13064 309.924 8.04023 0.01 1 72 0
13091 306.909 8.03783 0.01 1 72 0
13107 318.28 8.15764 0.01 1 102 0
13112 300.64 7.98859 0.01 1 25 0
13131 318.28 8.15764 0.01 1 102 0
13159 308.718 7.74044 0.01 1 72 0
13161 319.198 7.70337 0.01 1 102 -0.00120874
13174 309.96 8.02559 0.01 1 72 0
13194 318.28 8.15764 0.01 1 102 0
13223 318.28 8.15764 0.01 1 101 0
13230 311.87 7.85474 0.01 1 72 0
13234 309.688 8.02559 0.01 1 72 0
13287 316.298 8.03498 0.01 1 101 0
13306 309.509 7.74759 0.01 1 72 0
13323 309.242 8.11903 0.01 1 72 0
13391 300.64 7.98859 0.01 1 25 0
13510 298.721 7.80776 0.01 1 26 0
13563 311.008 8.07817 0.01 1 72 0
13617 319.198 8.03498 0.01 1 102 0
13629 308.617 8.07829 0.01 1 72 0
13653 308.935 7.92942 0.01 1 72 0
13705 318.28 8.15764 0.01 1 102 0
13724 311.068 8.02559 0.01 1 72 0
13736 309.688 8.02559 0.01 1 72 0
13740 298.429 7.95893 0.01 1 26 0
13793 316.298 8.03498 0.01 1 103 0
13803 298.721 7.80776 0.01 1 26 0
13879 318.28 8.15764 0.01 1 101 0
13881 309.835 7.6016 0.01 1 72 0
13989 308.023 8.04279 0.01 1 72 0
13996 310.247 7.95401 0.01 1 72 0
14003 308.852 7.92942 0.01 1 72 0
14042 309.835 7.6016 0.01 1 72 0
14054 299.692 7.80776 0.01 1 25 0
14078 298.721 7.80776 0.01 1 26 0
14086 309.108 8.28314 0.01 1 72 0
14137 310.266 8.21428 0.01 1 72 0.0027076
14145 300.226 7.80776 0.01 1 25 0
14151 310.443 8.02559 0.01 1 72 0
14239 318.28 8.15764 0.01 1 101 0
14242 318.589 8.03498 0.01 1 102 0
14246 309.509 7.74759 0.01 1 72 0
14321 319.198 8.03498 0.01 1 102 0
14349 309.108 8.28314 0.01 1 72 0
14356 310.16 8.12708 0.01 1 72 0
14360 300.64 7.98859 0.01 1 25 0
14414 300.226 7.75575 0.01 1 26 0
14428 307.134 8.09235 0.01 1 72 0
14516 308.954 7.99832 0.01 1 72 0
14675 316.298 7.99908 0.01 1 103 0
14703 319.198 8.03498 0.01 1 102 0
14706 298.721 8.02772 0.01 1 26 0.00391949
14712 298.721 7.64767 0.01 1 26 0
14769 309.108 8.28314 0.01 1 72 0
14780 316.298 8.05751 0.01 1 101 0
14868 311.068 8.02559 0.01 1 72 0
14890 300.64 7.98859 0.01 1 25 0
14921 309.835 7.6016 0.01 1 72 0
14982 298.721 7.80776 0.01 1 26 0
15139 311.085 8.03515 0.01 1 72 0
15268 310.803 7.6016 0.01 1 72 0
15331 319.198 8.03498 0.01 1 102 0
15342 306.812 8.05597 0.01 1 72 0
15347 316.298 8.03498 0.01 1 101 0
15364 309.972 7.6016 0.01 1 72 0
15391 299.692 7.66504 0.01 1 26 0
15403 299.692 7.80776 0.01 1 26 0
15411 310.443 8.02559 0.01 1 72 0
15431 317.414 7.93166 0.01 1 101 0
15440 309.835 7.74759 0.01 1 72 0
15465 311.87 7.89232 0.01 1 72 8.21501e-05
15480 309.688 8.02559 0.01 1 72 0
15484 309.688 8.02559 0.01 1 72 0
15491 311.085 8.03515 0.01 1 72 0
15499 318.28 8.15764 0.01 1 102 0
15561 300.226 7.80776 0.01 1 26 0
15764 315.776 8.15378 0.01 1 101 0
15824 300.64 7.61195 0.01 1 26 0
15956 316.105 8.03498 0.01 1 102 0
15962 318.28 8.15764 0.01 1 102 0
15995 309.582 7.74759 0.01 1 72 0
16020 311.068 8.02559 0.01 1 72 0
16085 300.226 7.82103 0.01 1 26 0
16155 309.108 8.34825 0.01 1 72 0
16184 298.721 7.80776 0.01 1 26 0
16246 316.298 8.03498 0.01 1 102 0
16260 316.298 8.05751 0.01 1 101 0
16273 299.692 7.80776 0.01 1 26 0
16293 317.414 7.93166 0.01 1 101 0
16344 310.296 8.0863 0.01 1 72 0
16378 317.063 8.02591 0.01 1 101 -0.000104621
16403 312.311 8.37286 0.01 1 72 0
16428 308.954 7.99832 0.01 1 72 0
16441 308.845 8.05459 0.01 1 72 0
16540 319.198 8.03498 0.01 1 103 0
16665 311.068 8.02559 0.01 1 72 0
16852 317.147 7.90339 0.01 1 101 0
16887 308.578 7.70733 0.01 1 72 0
16933 309.835 7.45631 0.01 1 72 -3.44366e-05
16971 318.28 8.15764 0.01 1 101 0
17003 320.293 8.00219 0.01 1 101 0
17087 308.247 8.08269 0.01 1 72 0
17099 318.28 8.15764 0.01 1 102 0
17140 309.108 8.28314 0.01 1 72 0
17256 310.998 8.28157 0.01 1 72 0
17333 318.28 8.15764 0.01 1 102 0
17354 305.915 7.97484 0.01 1 72 0
17401 318.28 8.15764 0.01 1 101 0
17417 310.204 7.6016 0.01 1 72 0
17431 298.429 7.95893 0.01 1 26 0
17510 300.226 7.80776 0.01 1 26 0
17690 308.852 7.92942 0.01 1 72 0
17700 320.976 8.03498 0.01 1 103 0
17719 309.108 8.34825 0.01 1 72 0
17729 309.688 8.02559 0.01 1 72 0
17775 308.617 8.07829 0.01 1 72 0
17824 316.298 8.03498 0.01 1 103 0
17912 309.96 8.0427 0.01 1 72 0
17929 318.28 8.15764 0.01 1 101 0
17969 308.758 7.70733 0.01 1 72 0
18125 300.64 7.98859 0.01 1 24 0
18217 309.108 8.34825 0.01 1 72 0
18257 318.28 8.15764 0.01 1 102 0
18268 300.226 7.80776 0.01 1 26 0
18495 309.068 7.90699 0.01 1 72 0
18511 316.298 8.03498 0.01 1 101 0
18565 300.313 7.80776 0.01 1 26 0
18608 320.293 8.03498 0.01 1 101 0
18638 306.786 8.12895 0.01 1 72 0
18662 309.835 7.74759 0.01 1 72 0
18663 316.298 8.05751 0.01 1 101 0
18727 299.028 7.80776 0.01 1 26 0
18728 309.835 7.74759 0.01 1 72 0
18748 309.972 7.6016 0.01 1 72 0
18809 310.204 7.6016 0.01 1 72 0
18855 307.44 7.95017 0.01 1 72 0
18981 309.96 8.02559 0.01 1 72 0
19002 300.226 7.80776 0.01 1 26 0
19012 318.28 8.15764 0.01 1 101 0
19083 318.28 8.15764 0.01 1 102 0
19101 298.721 7.80776 0.01 1 25 0
19110 310.16 8.1472 0.01 1 72 0
19154 309.213 8.0863 0.01 1 72 0.00246663
19176 298.429 7.95893 0.01 1 25 0
19228 309.791 8.07829 0.01 1 72 -0.000726432
19269 300.64 7.80776 0.01 1 26 0
19277 307.134 8.09235 0.01 1 72 0
19300 309.068 7.93002 0.01 1 72 0
19308 300.64 7.98859 0.01 1 24 0
19596 306.909 8.03783 0.01 1 72 0
19640 307.477 7.6016 0.01 1 72 -0.00171825
19751 318.28 8.15764 0.01 1 102 0
19765 309.96 8.02559 0.01 1 72 0
19776 316.298 8.03498 0.01 1 102 0
19845 309.108 8.28314 0.01 1 72 0
19846 317.147 7.90339 0.01 1 101 0
19852 300.64 7.98859 0.01 1 26 0
19877 298.721 7.80776 0.01 1 25 0
19908 319.198 7.96323 0.01 1 103 0
19919 308.852 7.92942 0.01 1 72 0
19948 316.298 8.10361 0.01 1 101 0.000904113
19971 308.014 8.01505 0.01 1 72 0
20014 309.835 7.74759 0.01 1 72 0
20023 309.108 8.28314 0.01 1 72 0
20057 318.28 8.15764 0.01 1 102 0
20084 310.296 8.0863 0.01 1 72 0
20273 309.37 8.08269 0.01 1 72 0
20279 319.198 8.03498 0.01 1 102 0
20461 300.64 7.98859 0.01 1 25 0
20510 308.758 7.67926 0.01 1 72 0
20592 316.298 8.04802 0.01 1 101 0
20680 308.845 8.10066 0.01 1 72 0
20704 306.786 8.12895 0.01 1 72 0
20833 316.298 8.03498 0.01 1 102 0
20906 305.915 7.97484 0.01 1 72 0
20974 308.852 7.92942 0.01 1 72 0
21000 309.423 8.00449 0.01 1 72 0
21009 300.64 7.80776 0.01 1 26 0
21044 318.28 8.15764 0.01 1 101 0
21059 311.174 8.0863 0.01 1 72 0
21061 319.198 8.03498 0.01 1 102 0
21077 307.502 7.96849 0.01 1 72 0
21150 319.198 8.03498 0.01 1 102 0
21177 316.298 8.03498 0.01 1 101 0
21310 309.835 7.6016 0.01 1 72 0
21332 307.727 7.6016 0.01 1 72 0
21355 310.296 8.0863 0.01 1 72 0
21403 305.284 8.1065 0.01 1 72 0
21411 309.068 7.93002 0.01 1 72 0
21464 308.852 7.68815 0.01 1 72 0
21465 308.852 7.92942 0.01 1 72 0
21514 317.396 8.03498 0.01 1 101 0
21589 320.293 8.03498 0.01 1 101 0
21599 316.298 8.03498 0.01 1 101 0
21603 305.915 7.97484 0.01 1 72 0
21706 298.721 7.80776 0.01 1 26 0
21728 307.727 7.6016 0.01 1 72 0
21762 309.835 7.6016 0.01 1 72 0
21806 310.018 8.06111 0.01 1 72 0
21860 308.718 7.91424 0.01 1 72 0
21917 311.174 8.0863 0.01 1 72 0
21950 299.576 7.80776 0.01 1 26 0
22000 306.956 8.09235 0.01 1 72 -0.00102279
22002 300.226 7.80776 0.01 1 26 0
22016 315.776 8.15378 0.01 1 103 0
22018 316.298 8.03498 0.01 1 101 0
22025 310.204 7.6016 0.01 1 72 0
22045 308.852 8.05572 0.01 1 72 0
22069 309.108 8.34825 0.01 1 72 0
22098 309.242 8.11903 0.01 1 72 0
22142 308.852 7.82961 0.01 1 72 0
22193 309.509 7.74759 0.01 1 72 0
22210 308.815 8.12708 0.01 1 72 0
22454 319.198 8.03498 0.01 1 102 0
22458 307.892 8.12605 0.01 1 72 0
22510 300.64 7.80776 0.01 1 26 0
22528 300.226 7.75575 0.01 1 26 0
22556 320.293 8.00219 0.01 1 101 0
22576 307.727 7.6016 0.01 1 72 0
22579 309.108 8.28314 0.01 1 72 0
22582 308.758 7.67926 0.01 1 72 -7.15256e-07
22650 316.298 8.03498 0.01 1 101 0
22752 315.776 8.15378 0.01 1 103 0
22788 300.226 7.80776 0.01 1 26 0
22832 319.198 8.03498 0.01 1 102 0
22869 317.918 7.9989 0.01 1 102 0
22872 308.845 8.05459 0.01 1 72 0
22879 309.242 8.11903 0.01 1 72 0
22968 298.888 7.7744 0.01 1 26 0
23040 300.64 7.80776 0.01 1 26 0
23148 306.786 8.12895 0.01 1 72 0
23227 309.96 8.02559 0.01 1 72 0
23244 316.298 8.03498 0.01 1 101 0
23249 305.284 8.1065 0.01 1 72 0
23354 306.909 8.03783 0.01 1 72 0
23362 309.108 8.34825 0.01 1 72 0
23363 309.108 8.34825 0.01 1 72 0
23409 310.16 8.12708 0.01 1 72 0
23516 310.296 8.0863 0.01 1 72 0
23571 308.718 7.74044 0.01 1 72 0
23592 318.28 8.15764 0.01 1 102 0
23602 317.207 8.03498 0.01 1 101 0
23619 309.835 7.6016 0.01 1 72 0
23641 319.198 8.03498 0.01 1 102 0
23645 308.852 7.92942 0.01 1 72 0
23655 318.073 8.03498 0.01 1 101 0
23759 300.226 7.80776 0.01 1 25 0
23908 300.226 7.75575 0.01 1 26 0
23960 316.298 7.99908 0.01 1 103 0
23963 316.298 8.03498 0.01 1 103 0
23999 316.298 8.03498 0.01 1 101 0
24020 305.915 7.97484 0.01 1 72 0
24061 318.28 8.15764 0.01 1 102 0
24065 319.198 8.03498 0.01 1 103 0
24106 319.198 8.03498 0.01 1 102 0
24120 299.34 7.80776 0.01 1 25 0
24194 308.617 8.07829 0.01 1 72 0
24269 299.028 7.80776 0.01 1 26 0
24362 298.721 7.80776 0.01 1 26 0
24442 300.64 7.98859 0.01 1 26 0
24466 318.28 8.15764 0.01 1 102 0
24492 309.242 8.11903 0.01 1 72 0
24536 298.721 7.64767 0.01 1 26 0
24594 318.28 8.15764 0.01 1 101 0
24756 309.108 8.34825 0.01 1 72 0
24816 308.852 7.92942 0.01 1 72 0
24861 309.835 7.6016 0.01 1 72 0
24919 316.298 8.03498 0.01 1 102 0
24939 306.277 8.14751 0.01 1 72 0
25155 316.084 8.15764 0.01 1 101 0
25227 308.852 7.68815 0.01 1 72 0
25302 307.44 7.95017 0.01 1 72 0
25320 306.28 8.15263 0.01 1 72 0
25458 309.835 7.74759 0.01 1 72 0
25510 298.721 7.80776 0.01 1 26 0
25550 306.396 8.03186 0.01 1 72 0
25566 300.226 7.82103 0.01 1 26 0
25596 311.174 7.93305 0.01 1 72 0
25623 314.496 7.99908 0.01 1 103 -0.0265552
25659 309.108 8.28314 0.01 1 72 0
25758 298.721 7.64767 0.01 1 26 0
25814 309.639 7.89481 0.01 1 72 0
25825 309.359 7.62269 0.01 1 72 0
25852 309.108 8.34825 0.01 1 72 0
25860 300.226 7.80776 0.01 1 26 0
25879 310.204 7.6016 0.01 1 72 0
26056 302.034 7.80776 0.01 1 26 0
26068 318.28 8.15764 0.01 1 102 0
26142 318.28 8.15764 0.01 1 102 0
26225 318.28 8.15764 0.01 1 103 0
26253 318.28 8.15764 0.01 1 102 0
26388 298.721 7.80776 0.01 1 26 0
26404 309.37 8.08269 0.01 1 72 0
26475 319.198 8.03498 0.01 1 102 0
26516 309.96 8.02559 0.01 1 72 0
26520 307.626 8.09603 0.01 1 72 0
26608 320.293 8.03498 0.01 1 101 0
26645 298.721 7.80776 0.01 1 25 0
26723 316.298 7.99908 0.01 1 103 0
26760 319.198 8.03498 0.01 1 102 0
26783 309.068 7.93002 0.01 1 72 0
26789 304.906 8.15263 0.01 1 72 0
26793 316.298 8.03498 0.01 1 103 0
26828 306.786 8.12895 0.01 1 72 0
26856 308.852 7.92942 0.01 1 72 0
26886 309.423 8.00449 0.01 1 72 0
26905 298.721 7.80776 0.01 1 25 0
26932 319.198 7.94295 0.01 1 102 -0.00069046
26959 315.776 8.15378 0.01 1 101 0
27064 311.068 8.02559 0.01 1 72 0
27090 309.108 8.28314 0.01 1 72 0
27091 319.198 8.03498 0.01 1 102 0
27133 298.721 7.80776 0.01 1 26 0
27139 309.108 8.34825 0.01 1 72 0
27163 308.758 7.70733 0.01 1 72 0
27217 309.068 7.93002 0.01 1 72 0
27218 310.998 8.28157 0.01 1 72 0
27236 318.28 8.15764 0.01 1 101 0
27282 311.174 8.0863 0.01 1 72 0
27296 309.96 8.02559 0.01 1 72 0
27435 316.298 8.03498 0.01 1 101 0
27468 308.247 8.08269 0.01 1 72 0
27489 311.008 8.28153 0.01 1 72 0
27492 309.37 8.08269 0.01 1 72 0
27631 309.835 7.6016 0.01 1 72 0
27673 318.589 8.03498 0.01 1 102 0
27699 318.28 8.15764 0.01 1 101 0
27731 316.298 8.03498 0.01 1 103 0
27746 306.909 8.03783 0.01 1 72 0
27765 308.023 8.04279 0.01 1 72 0
27784 300.64 7.98859 0.01 1 24 0
27793 317.147 7.90339 0.01 1 101 0
27861 310.296 8.0863 0.01 1 72 0
27927 308.247 8.08269 0.01 1 72 0
27989 309.972 7.6016 0.01 1 72 0
28000 298.429 7.95893 0.01 1 26 0
28130 311.174 8.0863 0.01 1 72 0
28171 309.688 8.02559 0.01 1 72 0
28219 309.835 7.74759 0.01 1 72 0
28241 319.198 8.03498 0.01 1 102 0
28294 310.16 8.1472 0.01 1 72 0
28314 318.28 8.15764 0.01 1 102 0
28387 308.758 7.70733 0.01 1 72 0
28419 310.204 7.6016 0.01 1 72 0
28528 305.284 8.1065 0.01 1 72 0
28621 319.198 8.03498 0.01 1 102 0
28732 308.852 7.92942 0.01 1 72 0
28769 298.721 7.80776 0.01 1 26 0
28861 319.198 7.94295 0.01 1 102 0
28939 309.688 8.02559 0.01 1 72 0
29009 309.645 7.79747 0.01 1 72 0
29062 311.068 8.02559 0.01 1 72 0
29079 299.253 7.80776 0.01 1 26 0.00296155
29101 308.852 7.92942 0.01 1 72 0
29166 309.37 8.08269 0.01 1 72 0
29228 307.134 8.09235 0.01 1 72 0
29273 319.198 8.03498 0.01 1 102 0
29285 303.45 8.23273 0.01 1 72 -0.0260907
29304 318.28 8.15764 0.01 1 102 0
29314 309.835 7.6016 0.01 1 72 0
29400 316.298 8.03498 0.01 1 101 0
29423 306.909 8.03783 0.01 1 72 0
29448 319.198 7.96323 0.01 1 103 0
29576 300.64 8.05139 0.01 1 25 0
29592 300.64 8.0261 0.01 1 26 0.000556897
29670 319.198 8.03498 0.01 1 102 0
29834 318.28 8.15764 0.01 1 102 0
29868 318.412 8.18505 0.01 1 101 0.023199
29945 305.819 8.23273 0.01 1 72 0
29989 319.198 7.96323 0.01 1 102 0
30031 319.705 8.15764 0.01 1 101 0.0163995
30053 316.298 8.03498 0.01 1 102 0
30070 316.298 8.03498 0.01 1 102 0
30099 310.16 8.1472 0.01 1 72 0
30132 310.503 7.89481 0.01 1 72 0
30141 309.688 8.02559 0.01 1 72 0
30229 308.247 8.08269 0.01 1 72 0
30345 309.37 8.08269 0.01 1 72 0
30347 316.298 8.03498 0.01 1 102 0
30350 308.852 7.92942 0.01 1 72 0
30366 318.28 8.15764 0.01 1 101 0
30442 318.28 8.15764 0.01 1 101 0
30460 309.96 8.02559 0.01 1 72 0
30485 308.852 7.92942 0.01 1 72 0
30509 318.28 8.15764 0.01 1 103 0
30531 310.803 7.6016 0.01 1 72 0
30666 300.64 7.98859 0.01 1 25 0
30670 308.852 7.92942 0.01 1 72 0
30692 306.812 8.05597 0.01 1 72 0
30698 319.198 8.03498 0.01 1 102 0
30710 310.744 7.86506 0.01 1 72 0
30740 306.42 7.85357 0.01 1 72 0
30790 316.298 8.03498 0.01 1 101 0
30857 316.298 8.03498 0.01 1 101 0
30861 300.64 7.80776 0.01 1 26 0
30918 306.909 8.03783 0.01 1 72 0
30991 302.034 7.85062 0.01 1 26 0.000560313
30992 308.247 8.08269 0.01 1 72 0
31092 316.298 8.03498 0.01 1 102 0
31134 309.924 8.04023 0.01 1 72 0
31251 310.16 8.1472 0.01 1 72 0
31277 300.226 7.80776 0.01 1 26 0
31318 308.852 7.92942 0.01 1 72 0
31359 297.232 7.80776 0.01 1 26 0
31394 300.226 7.82103 0.01 1 26 0
31399 319.198 8.03498 0.01 1 102 0
31414 300.226 7.80776 0.01 1 25 0
31424 309.108 8.28314 0.01 1 72 0
31571 300.226 7.80776 0.01 1 25 0
31619 318.28 8.15764 0.01 1 101 0
31651 318.28 8.15764 0.01 1 102 0
31654 309.108 8.17508 0.01 1 72 -4.32134e-07
31707 299.496 7.80776 0.01 1 26 0
31761 318.28 8.15764 0.01 1 102 0
31772 308.852 7.92942 0.01 1 72 0
31810 298.721 7.80776 0.01 1 26 0
31940 311.174 8.0863 0.01 1 72 0
31989 316.298 8.03498 0.01 1 101 0
31999 318.589 8.03498 0.01 1 101 0
32005 308.718 7.74044 0.01 1 72 0
32077 308.954 7.99832 0.01 1 72 0
32097 300.226 7.80776 0.01 1 25 0
32107 310.693 7.92942 0.01 1 72 0
32130 318.28 8.15764 0.01 1 101 0
32245 311.068 8.02559 0.01 1 72 0
32303 308.815 8.12708 0.01 1 72 0
32331 300.226 7.80776 0.01 1 26 0
32342 310.326 7.90502 0.01 1 72 2.2456e-05
32448 306.786 8.12895 0.01 1 72 0
32627 316.298 7.99908 0.01 1 103 0
32666 309.972 7.6016 0.01 1 72 0
32671 318.589 8.03498 0.01 1 102 0
32737 300.64 7.98859 0.01 1 25 0
32846 307.477 7.6016 0.01 1 72 0
32882 318.28 8.15764 0.01 1 102 0
32982 320.976 8.03498 0.01 1 102 0
32984 316.298 8.03498 0.01 1 103 0
33059 299.028 7.80776 0.01 1 26 0.0116053
33117 300.64 7.98859 0.01 1 26 0
33131 318.28 8.15764 0.01 1 102 0
33193 299.692 7.80776 0.01 1 26 0
33470 308.852 7.92942 0.01 1 72 0
33524 309.423 8.00449 0.01 1 72 0
33552 300.226 7.80776 0.01 1 25 0
33739 300.53 7.80776 0.01 1 26 0
33763 319.198 8.03498 0.01 1 102 0
33824 316.298 8.03498 0.01 1 101 0
33972 315.776 8.15378 0.01 1 101 0
33999 319.198 8.03498 0.01 1 102 0
34075 300.64 7.98859 0.01 1 25 0
34140 308.852 7.92942 0.01 1 72 0
34144 309.791 8.07829 0.01 1 72 0
34164 308.695 7.97683 0.01 1 72 0
34170 300.226 7.80776 0.01 1 26 0
34243 319.198 8.03498 0.01 1 102 0
34272 318.28 8.15764 0.01 1 102 0
34365 318.589 8.03498 0.01 1 101 0
34381 319.198 8.03498 0.01 1 102 0
34390 299.692 7.80776 0.01 1 24 0
34428 308.852 7.92942 0.01 1 72 0
34444 299.692 7.80776 0.01 1 26 0
34513 308.852 7.92942 0.01 1 72 0
34514 309.242 8.22569 0.01 1 72 0
34551 309.068 7.90857 0.01 1 72 0
34617 311.174 8.0863 0.01 1 72 0
34651 300.226 7.80776 0.01 1 26 0
34745 297.232 7.80776 0.01 1 26 0
34759 316.298 8.03498 0.01 1 102 0
34782 300.226 7.80776 0.01 1 26 0
34807 308.365 7.8807 0.01 1 72 0
34866 319.198 8.03498 0.01 1 103 0
34897 319.198 8.02127 0.01 1 102 -0.000101537
34912 318.28 8.15764 0.01 1 101 0
34945 299.692 7.80776 0.01 1 24 0
34971 309.108 8.28314 0.01 1 72 0
35034 298.721 8.02772 0.01 1 26 0
35036 309.835 7.6002 0.01 1 72 0
35066 306.909 8.03783 0.01 1 72 0
35074 309.972 7.6016 0.01 1 72 0
35117 309.835 7.74759 0.01 1 72 0
35134 317.624 8.15764 0.01 1 103 -0.00929254
35179 299.692 7.80776 0.01 1 26 0
35191 310.16 8.12708 0.01 1 72 0
35221 305.915 7.97484 0.01 1 72 0
35231 309.835 7.74759 0.01 1 72 0
35327 298.721 7.80776 0.01 1 26 0
35328 298.721 7.80776 0.01 1 26 0
35416 299.692 7.80776 0.01 1 26 0
35429 311.008 8.07817 0.01 1 72 0
35522 309.835 7.56209 0.01 1 72 0
35534 318.28 8.15764 0.01 1 103 0
35561 309.108 8.28314 0.01 1 72 0
35581 309.688 8.02559 0.01 1 72 0
35653 300.64 7.80776 0.01 1 26 0
35674 298.721 7.80776 0.01 1 26 0
35682 310.16 8.1472 0.01 1 72 0
35761 309.108 8.15566 0.01 1 72 -5.21541e-07
35877 309.972 7.6016 0.01 1 72 0
35933 306.812 8.05597 0.01 1 72 0
36046 308.852 7.92942 0.01 1 72 0
36122 319.198 8.03498 0.01 1 102 0
36155 311.656 7.92798 0.01 1 72 0
36172 318.589 8.03498 0.01 1 102 0
36219 308.023 8.04279 0.01 1 72 0
36260 319.198 8.03498 0.01 1 102 0
36329 308.186 7.97683 0.01 1 72 0
36377 311.174 8.0863 0.01 1 72 0
36406 316.298 8.03498 0.01 1 103 0
36415 316.298 8.03498 0.01 1 103 0
36424 300.226 7.80776 0.01 1 26 0
36496 312.213 8.12708 0.01 1 72 -0.0129211
36522 298.721 7.80776 0.01 1 26 0
36547 320.293 8.03498 0.01 1 101 0
36590 309.509 7.74759 0.01 1 72 0
36727 298.721 7.74368 0.01 1 26 -0.0011496
36743 300.64 7.98859 0.01 1 25 0
36744 318.28 8.15764 0.01 1 102 0
36843 300.313 7.68296 0.01 1 25 -0.00198245
36883 300.226 7.80776 0.01 1 25 0
36901 308.954 7.99832 0.01 1 72 0
36938 305.284 8.1065 0.01 1 72 0
36999 311.008 8.13613 0.01 1 72 0
37000 308.365 7.8807 0.01 1 72 0
37046 298.429 7.95893 0.01 1 26 0
37101 300.64 7.80776 0.01 1 26 0
37195 318.28 8.15764 0.01 1 102 0
37266 311.87 8.00968 0.01 1 72 0
37272 311.174 8.0863 0.01 1 72 0
37335 319.198 7.90786 0.01 1 102 -0.000959367
37358 311.068 8.02559 0.01 1 72 0
37399 309.96 8.02559 0.01 1 72 0
37530 315.776 8.15378 0.01 1 101 0
37535 307.626 8.09603 0.01 1 72 0
37558 310.744 8.0055 0.01 1 72 0
37581 318.28 8.15764 0.01 1 102 0
37646 319.198 8.03498 0.01 1 102 0
37696 319.198 8.03498 0.01 1 101 0
37737 300.226 7.80776 0.01 1 26 0
37770 316.298 8.03498 0.01 1 101 0
37799 308.852 7.92942 0.01 1 72 0
37815 298.429 7.95893 0.01 1 26 0
37837 309.801 7.97867 0.01 1 72 0
37880 300.64 7.98859 0.01 1 24 0
37912 308.758 7.70733 0.01 1 72 0
37947 300.64 7.98859 0.01 1 25 0
37959 310.443 8.02559 0.01 1 72 -0.00177005
37965 318.073 8.03498 0.01 1 101 0
37988 312.248 8.37286 0.01 1 72 0
37989 316.298 8.03498 0.01 1 101 0
38028 308.852 7.92942 0.01 1 72 0
38067 308.852 7.92942 0.01 1 72 0
38072 319.198 8.03498 0.01 1 102 0
38093 307.502 7.96849 0.01 1 72 0
38106 318.28 8.15764 0.01 1 101 0
38142 298.721 7.80776 0.01 1 25 0
38177 316.298 8.03498 0.01 1 101 0
38198 309.37 8.08269 0.01 1 72 0
38267 300.64 7.98859 0.01 1 25 0
38269 311.174 8.0863 0.01 1 72 0
