max_pf 86 min_pf 58
individual T0 sigma disp_rate r0 patch_no mut_eff
4 305.997 8.12422 0.01 1 60 0
16 306.684 8.13483 0.01 1 59 0
26 304.776 8.12422 0.01 1 60 0
37 309.105 7.7185 0.01 1 72 5.96046e-08
60 310.371 7.98252 0.01 1 72 0
63 306.684 8.12422 0.01 1 60 0
76 306.969 8.12422 0.01 1 60 -0.00294317
83 307.637 7.77723 0.01 1 72 0
84 309.617 8.1449 0.01 1 84 0
86 306.684 8.1054 0.01 1 60 0
97 309.617 8.1449 0.01 1 85 0
104 309.617 8.1449 0.01 1 85 0
108 309.74 8.1449 0.01 1 84 0
109 306.684 8.12422 0.01 1 59 0
111 308.712 7.82956 0.01 1 72 0
112 307.637 7.81092 0.01 1 72 0
123 307.997 7.81092 0.01 1 72 0
145 309.74 8.1449 0.01 1 84 0
154 306.684 8.12422 0.01 1 60 0
162 309.617 8.09763 0.01 1 85 0
163 309.617 8.1449 0.01 1 84 0
180 306.684 8.12422 0.01 1 58 0
185 309.617 8.24437 0.01 1 84 0.000838846
191 307.442 8.13483 0.01 1 60 0
198 308.177 8.19752 0.01 1 72 0
205 306.684 8.12422 0.01 1 60 0
218 306.684 8.12422 0.01 1 60 0
225 306.684 8.12422 0.01 1 59 0
231 308.177 8.19752 0.01 1 72 0
233 313.681 8.20354 0.01 1 72 0
242 309.768 8.1228 0.01 1 72 0
246 311.462 8.31808 0.01 1 72 0
247 310.409 8.1449 0.01 1 85 0
249 309.617 8.1449 0.01 1 86 0
263 308.374 7.97979 0.01 1 72 0
271 306.311 8.04325 0.01 1 72 0
274 305.419 8.12422 0.01 1 60 0
283 306.684 8.12422 0.01 1 59 0
294 306.684 8.12422 0.01 1 60 0
323 304.776 8.12422 0.01 1 59 0
347 308.374 7.97979 0.01 1 72 0
350 309.617 8.1449 0.01 1 84 0
354 307.722 8.12422 0.01 1 60 0
361 305.997 8.12422 0.01 1 60 0
364 309.617 8.1449 0.01 1 85 0
367 306.684 8.12422 0.01 1 60 0
371 310.036 7.86578 0.01 1 72 0
380 308.231 7.70912 0.01 1 72 0
381 310.052 8.1449 0.01 1 84 0
388 306.684 8.12422 0.01 1 59 0
393 309.573 8.59403 0.01 1 72 0
394 309.423 8.59403 0.01 1 72 0
397 307.527 7.75197 0.01 1 72 0
401 304.776 8.12422 0.01 1 59 0
406 306.562 8.04325 0.01 1 72 0
414 304.776 8.12206 0.01 1 60 -2.45869e-06
416 313.681 8.20354 0.01 1 72 0
424 309.617 8.1449 0.01 1 84 0
468 309.617 8.1449 0.01 1 86 0
473 308.089 7.97632 0.01 1 72 0
475 310.052 8.1449 0.01 1 84 0
488 305.627 7.74596 0.01 1 72 0
495 309.313 7.81092 0.01 1 72 0
499 310.036 7.86578 0.01 1 72 0
501 306.146 8.20391 0.01 1 60 0.000267416
509 310.409 8.1449 0.01 1 85 0
532 306.684 8.12422 0.01 1 60 0
541 307.385 8.1449 0.01 1 86 -0.0157202
554 308.712 7.82956 0.01 1 72 0
558 306.684 8.12422 0.01 1 60 0
565 309.617 8.1449 0.01 1 86 0
574 310.688 8.1449 0.01 1 84 0
576 310.052 8.1449 0.01 1 84 0
577 309.008 7.72495 0.01 1 72 0
578 310.053 8.00141 0.01 1 72 0
579 309.36 8.1449 0.01 1 84 0
583 308.958 8.12324 0.01 1 72 0
595 309.449 8.3729 0.01 1 72 0
600 310.125 8.1449 0.01 1 84 0
631 310.036 7.86578 0.01 1 72 0
638 306.684 8.12422 0.01 1 60 0
663 310.125 8.1449 0.01 1 85 0
665 309.617 8.1449 0.01 1 86 0
666 308.958 8.12324 0.01 1 72 0
673 312.36 8.11621 0.01 1 72 0
675 304.776 8.12422 0.01 1 58 0
687 310.331 8.21954 0.01 1 72 0
690 309.617 8.1449 0.01 1 84 0
691 306.684 8.12422 0.01 1 59 0
698 310.331 8.21954 0.01 1 72 0
723 308.089 7.97632 0.01 1 72 0
753 307.811 7.96824 0.01 1 60 0
756 306.684 8.12422 0.01 1 60 0
759 310.125 8.1449 0.01 1 85 0
767 309.617 8.1449 0.01 1 86 0
798 305.24 8.12206 0.01 1 60 -0.00272056
807 310.076 8.04967 0.01 1 72 0
811 310.689 8.12192 0.01 1 72 0
813 308.231 7.66077 0.01 1 72 -1.24425e-05
826 306.684 8.12422 0.01 1 60 0
831 304.776 8.12422 0.01 1 59 0
837 310.331 8.21954 0.01 1 72 0
845 307.811 8.01784 0.01 1 60 0
857 310.053 7.8493 0.01 1 72 0
862 310.371 7.98252 0.01 1 72 0
875 306.562 8.04325 0.01 1 72 0
876 309.617 8.28194 0.01 1 85 0.00114892
886 306.562 8.04325 0.01 1 72 0
893 309.617 8.1449 0.01 1 85 0
894 309.617 8.1449 0.01 1 84 0
895 304.776 8.12422 0.01 1 59 0
909 306.684 8.12422 0.01 1 60 0
917 306.684 8.12422 0.01 1 59 0
935 310.052 8.1449 0.01 1 85 0
950 310.154 7.86485 0.01 1 72 0
951 310.052 8.1449 0.01 1 85 0
970 306.684 8.20632 0.01 1 59 0.000459984
971 308.687 8.00141 0.01 1 72 0
984 310.179 8.1449 0.01 1 85 0
986 304.776 8.12422 0.01 1 59 0
995 310.487 8.03535 0.01 1 72 0
1001 306.684 8.12422 0.01 1 59 0
1017 310.052 8.1449 0.01 1 86 0
1021 304.776 8.12422 0.01 1 60 0
1038 309.617 8.1449 0.01 1 84 0
1041 306.684 8.12422 0.01 1 59 0
1057 306.684 8.12422 0.01 1 60 0
1066 309.74 8.1449 0.01 1 84 0
1083 310.455 7.84533 0.01 1 72 0
1087 304.776 8.12422 0.01 1 60 0
1101 311.544 8.21417 0.01 1 72 -0.00162375
1111 305.032 8.12422 0.01 1 58 0
1118 309.617 8.1449 0.01 1 85 0
1119 306.684 8.12422 0.01 1 59 0
1122 307.133 8.12422 0.01 1 60 -0.00167127
1123 307.442 8.13483 0.01 1 59 0
1128 310.576 8.20954 0.01 1 72 -1.88947e-05
1135 308.831 7.70912 0.01 1 72 0.000938237
1136 308.099 7.80918 0.01 1 72 0
1143 309.617 8.1449 0.01 1 84 0
1149 311.853 8.1449 0.01 1 84 0
1153 307.799 8.05614 0.01 1 72 0
1154 306.684 8.12422 0.01 1 60 0
1156 305.997 8.12422 0.01 1 60 0
1160 309.042 7.70912 0.01 1 72 0
1166 306.684 8.13483 0.01 1 60 0
1170 309.617 8.1449 0.01 1 85 0
1184 306.684 8.12422 0.01 1 59 0
1186 306.684 8.12422 0.01 1 59 0
1194 306.684 8.12422 0.01 1 59 0
1202 306.562 8.04325 0.01 1 72 0
1222 309.617 8.00416 0.01 1 85 -0.00158361
1245 304.776 8.12422 0.01 1 59 0
1252 310.076 8.04967 0.01 1 72 0
1254 305.997 8.12422 0.01 1 60 0
1261 308.712 7.82956 0.01 1 72 0
1262 306.684 8.12422 0.01 1 60 0
1266 306.684 8.12422 0.01 1 60 0
1276 306.562 8.04325 0.01 1 72 0
1297 308.231 7.70912 0.01 1 72 0
1299 309.617 8.1449 0.01 1 84 0
1311 309.617 8.1449 0.01 1 85 0
1320 306.684 8.12422 0.01 1 59 0
1327 308.231 7.70912 0.01 1 72 0
1341 306.684 8.12422 0.01 1 60 0
1347 306.684 8.12422 0.01 1 60 0
1353 309.617 8.1449 0.01 1 86 0
1368 309.557 8.30519 0.01 1 72 0
1369 306.684 8.12422 0.01 1 60 0
1374 306.684 8.12422 0.01 1 59 0
1378 306.684 8.1054 0.01 1 60 0
1383 306.684 8.12422 0.01 1 60 0
1389 307.722 8.12422 0.01 1 60 0
1400 309.36 8.1449 0.01 1 84 0
1404 310.487 8.03535 0.01 1 72 0
1424 304.776 8.12422 0.01 1 59 0
1426 306.684 8.12422 0.01 1 59 0
1431 309.617 8.1449 0.01 1 86 0
1438 306.684 8.12422 0.01 1 60 0
1445 305.032 8.12422 0.01 1 58 0
1455 309.449 8.3729 0.01 1 72 0
1460 309.617 8.1449 0.01 1 86 0
1464 309.617 8.1449 0.01 1 84 0
1465 306.684 8.12422 0.01 1 60 0
1487 310.154 8.00141 0.01 1 72 0
1489 311.914 8.31828 0.01 1 72 0
1492 304.776 8.12422 0.01 1 60 0
1494 308.231 7.70912 0.01 1 72 0
1495 308.177 8.19752 0.01 1 72 0
1503 309.617 8.1449 0.01 1 85 0
1506 310.154 8.00141 0.01 1 72 0
1519 304.776 8.12422 0.01 1 59 0
1525 309.617 8.1449 0.01 1 84 0
1531 309.617 8.1449 0.01 1 84 0
1560 304.776 8.20623 0.01 1 60 9.22233e-05
1561 310.571 8.1449 0.01 1 84 0
1563 306.684 8.13483 0.01 1 60 0
1565 309.617 8.1449 0.01 1 84 0
1566 307.637 7.92151 0.01 1 72 0
1569 309.617 8.1449 0.01 1 84 0
1588 310.413 8.00141 0.01 1 72 0
1607 304.776 8.12422 0.01 1 59 0
1608 306.684 8.12422 0.01 1 60 0
1618 308.712 7.82956 0.01 1 72 0
1627 305.622 8.12422 0.01 1 60 0.00932418
1633 306.684 8.12422 0.01 1 59 0
1644 306.684 8.12422 0.01 1 58 0
1646 307.442 8.13483 0.01 1 60 0
1663 309.617 8.1449 0.01 1 84 0
1675 308.297 8.15986 0.01 1 72 0
1710 310.371 7.98252 0.01 1 72 0
1718 310.053 8.00141 0.01 1 72 0
1722 306.793 7.67249 0.01 1 72 0
1727 305.627 7.74596 0.01 1 72 0
1733 306.684 8.12422 0.01 1 60 0
1738 306.684 8.12422 0.01 1 60 0
1746 306.684 8.1054 0.01 1 60 0
1758 306.684 8.12422 0.01 1 60 0
1769 310.125 8.1449 0.01 1 84 0
1775 309.617 8.1449 0.01 1 84 0
1777 308.177 8.19752 0.01 1 72 0
1783 304.776 8.12422 0.01 1 58 0
1784 310.18 8.1449 0.01 1 85 0
1792 306.684 8.13483 0.01 1 60 0
1793 307.722 8.12422 0.01 1 60 0
1796 306.684 8.12422 0.01 1 60 0
1797 306.657 8.30385 0.01 1 72 0
1799 307.442 8.13483 0.01 1 59 0
1808 307.722 8.12422 0.01 1 60 0
1825 309.617 8.1449 0.01 1 85 0
1839 306.684 8.12422 0.01 1 59 0
1856 309.617 8.1449 0.01 1 86 0
1868 306.684 8.12422 0.01 1 60 0
1875 306.684 8.12422 0.01 1 60 0
1884 309.212 8.08166 0.01 1 72 0
1886 304.776 8.15926 0.01 1 60 3.97414e-05
1900 309.136 8.12571 0.01 1 72 0
1906 304.776 8.12422 0.01 1 59 0
1913 308.991 7.82956 0.01 1 72 0
1923 306.684 8.12422 0.01 1 60 0
1934 304.776 8.12422 0.01 1 58 0
1935 307.405 7.81092 0.01 1 72 0
1948 306.147 8.13483 0.01 1 60 0.00503737
1949 309.105 7.86199 0.01 1 72 0
1955 309.74 8.1449 0.01 1 84 0
1964 309.74 8.1449 0.01 1 84 0
1967 310.154 8.00141 0.01 1 72 0
1975 307.385 8.1449 0.01 1 86 0
1978 306.684 8.12422 0.01 1 60 0
1983 309.617 8.1449 0.01 1 86 0
1985 309.272 8.2801 0.01 1 72 0
1989 307.385 8.1449 0.01 1 86 0
1993 306.146 8.12422 0.01 1 60 0
2001 304.776 8.12422 0.01 1 59 0
2005 304.776 8.12422 0.01 1 59 0
2031 306.684 8.12422 0.01 1 60 0
2043 306.684 8.13483 0.01 1 59 0
2044 309.617 8.1449 0.01 1 84 0
2050 308.712 7.82956 0.01 1 72 0
2053 306.684 8.12422 0.01 1 60 0
2057 304.776 8.12422 0.01 1 59 0
2080 309.617 8.1449 0.01 1 84 0
2112 306.657 8.30385 0.01 1 72 0
2117 310.036 7.86578 0.01 1 72 0
2128 306.684 8.12422 0.01 1 60 0
2132 306.684 8.12422 0.01 1 60 0
2145 306.684 8.1054 0.01 1 60 0
2151 304.776 8.12422 0.01 1 58 0
2196 306.684 8.12422 0.01 1 59 0
2203 310.125 8.1449 0.01 1 84 0
2211 309.617 8.1449 0.01 1 84 0
2215 304.776 8.12422 0.01 1 60 0
2221 305.997 8.12422 0.01 1 59 0
2224 306.684 8.12422 0.01 1 58 0
2229 310.125 8.12088 0.01 1 85 0
2238 308.297 8.15986 0.01 1 72 0
2239 310.866 8.09308 0.01 1 72 0
2260 304.776 8.12422 0.01 1 59 0
2264 304.776 8.12422 0.01 1 59 0
2268 309.617 8.1449 0.01 1 86 0
2272 309.617 8.1449 0.01 1 86 0
2289 308.712 7.82956 0.01 1 72 0
2299 306.684 8.12422 0.01 1 60 0
2309 309.008 7.72495 0.01 1 72 0
2312 312.36 8.11621 0.01 1 72 0
2320 310.576 8.19233 0.01 1 72 0
2341 306.684 8.12422 0.01 1 59 0
2350 309.008 7.65225 0.01 1 72 0
2352 308.088 8.12422 0.01 1 59 0
2354 307.697 8.12422 0.01 1 58 -0.0128864
2366 304.776 8.12422 0.01 1 59 0
2373 304.776 8.12422 0.01 1 59 0
2374 304.776 8.12422 0.01 1 59 0
2376 307.732 7.82956 0.01 1 72 0
2377 309.617 8.1449 0.01 1 84 0
2385 304.776 8.12422 0.01 1 60 0
2386 309.74 8.1449 0.01 1 84 0
2390 308.991 7.82956 0.01 1 72 0
2392 309.008 7.65225 0.01 1 72 0
2394 304.776 8.09356 0.01 1 59 0
2398 309.617 8.1449 0.01 1 84 0
2407 307.722 8.12422 0.01 1 60 0
2412 309.617 8.1449 0.01 1 84 0
2418 306.147 8.18522 0.01 1 59 0.000169441
2443 304.776 8.12422 0.01 1 60 0
2466 306.684 8.12422 0.01 1 60 0
2476 309.74 8.1449 0.01 1 84 0
2488 307.497 8.12422 0.01 1 60 0.00265692
2496 309.617 8.1449 0.01 1 84 0
2504 307.637 7.85506 0.01 1 72 0
2508 304.776 8.12422 0.01 1 60 0
2514 309.74 8.1449 0.01 1 84 0
2522 307.909 7.81092 0.01 1 72 0
2524 306.684 8.12422 0.01 1 60 0
2538 304.776 8.12422 0.01 1 59 0
2543 310.192 8.03459 0.01 1 72 0
2561 306.684 8.12422 0.01 1 60 0
2562 306.684 8.12422 0.01 1 60 0
2569 306.684 8.13483 0.01 1 60 0
2573 310.036 7.86578 0.01 1 72 0
2574 304.776 8.12422 0.01 1 59 0
2578 310.487 8.03535 0.01 1 72 0
2609 310.036 7.86578 0.01 1 72 0
2623 306.684 8.12422 0.01 1 60 0
2626 304.776 8.12422 0.01 1 59 0
2632 310.154 8.00141 0.01 1 72 0
2633 306.684 8.13483 0.01 1 59 0
2639 311.853 8.1449 0.01 1 85 0
2640 306.684 8.12422 0.01 1 60 0
2645 308.089 8.02242 0.01 1 72 1.47521e-05
2654 310.487 8.03535 0.01 1 72 -1.15335e-05
2659 309.617 8.1449 0.01 1 84 0
2666 309.74 8.1449 0.01 1 84 0
2671 309.17 7.72486 0.01 1 72 0.0009339
2672 306.684 8.12422 0.01 1 59 0
2676 306.684 8.12422 0.01 1 58 0
2686 306.684 8.12422 0.01 1 60 0
2687 306.684 8.12422 0.01 1 59 0
2689 308.231 7.81092 0.01 1 72 0
2696 311.914 8.31828 0.01 1 72 0
2703 308.177 8.19752 0.01 1 72 0
2709 308.712 7.82956 0.01 1 72 0
2715 310.179 8.1449 0.01 1 85 0
2719 306.684 8.12422 0.01 1 60 0
2729 304.776 8.12422 0.01 1 59 0
2742 306.684 8.12422 0.01 1 60 0
2743 304.776 8.12422 0.01 1 59 0
2752 305.997 8.12422 0.01 1 60 0
2755 307.376 8.06935 0.01 1 72 0
2756 311.853 8.1449 0.01 1 84 0
2761 308.099 7.80918 0.01 1 72 0
2766 310.125 8.1449 0.01 1 84 0
2788 305.997 8.12422 0.01 1 60 0
2803 310.052 8.1449 0.01 1 85 0
2806 309.617 8.1449 0.01 1 84 0
2811 307.497 8.12422 0.01 1 60 0
2812 309.105 7.86199 0.01 1 72 0
2817 304.321 7.74596 0.01 1 72 -0.0151694
2818 304.776 8.12422 0.01 1 60 0
2828 305.997 8.12422 0.01 1 60 0
2840 305.24 8.12206 0.01 1 60 0
2848 308.231 7.81092 0.01 1 72 0
2856 310.145 7.83164 0.01 1 72 0
2871 304.776 8.12422 0.01 1 59 0
2874 306.684 8.12422 0.01 1 60 0
2877 305.997 8.12422 0.01 1 60 0
2879 305.997 8.12422 0.01 1 60 0
2884 304.776 8.12422 0.01 1 59 0
2892 309.316 7.70912 0.01 1 72 -0.000163585
2897 309.008 7.65225 0.01 1 72 0
2902 306.684 8.12422 0.01 1 59 0
2904 306.684 8.12422 0.01 1 58 0
2910 307.722 8.12422 0.01 1 60 0
2911 308.712 7.82956 0.01 1 72 0
2912 306.684 8.12422 0.01 1 60 0
2926 309.617 8.1449 0.01 1 84 0
2927 308.231 7.70912 0.01 1 72 0
2937 310.145 7.83164 0.01 1 72 0
2938 309.617 8.31791 0.01 1 84 0
2940 308.449 8.1449 0.01 1 86 -0.0268414
2947 310.417 8.35864 0.01 1 72 0
2958 308.05 7.81092 0.01 1 72 0.000446618
2960 304.776 8.12422 0.01 1 60 0
2978 309.617 8.1449 0.01 1 84 0
2984 305.997 8.12422 0.01 1 60 0
2997 306.684 8.13483 0.01 1 60 0
3002 309.617 8.1449 0.01 1 84 0
3006 304.776 8.12422 0.01 1 59 0
3008 308.297 8.15986 0.01 1 72 0
3010 304.776 8.01126 0.01 1 59 -0.000212803
3013 306.684 8.1054 0.01 1 60 0
3018 309.008 7.65225 0.01 1 72 0
3025 304.776 8.12422 0.01 1 59 0
3029 306.684 8.13483 0.01 1 59 0
3034 309.617 8.1449 0.01 1 84 0
3035 309.617 8.1449 0.01 1 84 0
3041 309.617 8.1449 0.01 1 84 0
3046 307.799 7.93908 0.01 1 72 0
3051 310.154 8.00141 0.01 1 72 0
3056 304.776 8.12422 0.01 1 59 0
3057 306.684 8.12422 0.01 1 60 0
3062 306.684 8.12422 0.01 1 60 0
3068 310.487 8.03535 0.01 1 72 0
3071 306.146 8.20391 0.01 1 60 0
3075 304.776 8.12422 0.01 1 59 0
3080 306.684 8.12422 0.01 1 59 0
3082 312.429 8.37504 0.01 1 72 0
3087 306.684 8.23644 0.01 1 60 0
3088 308.297 8.15986 0.01 1 72 0
3092 308.177 8.24159 0.01 1 72 0
3097 305.997 8.12422 0.01 1 59 0
3103 306.684 8.12422 0.01 1 59 0
3104 309.617 8.1449 0.01 1 85 0
3108 306.684 8.12422 0.01 1 59 0
3115 306.684 8.1054 0.01 1 60 -8.56519e-05
3117 306.684 8.12422 0.01 1 60 0
3122 304.776 8.12422 0.01 1 59 0
3127 306.684 8.13483 0.01 1 60 0
3135 304.776 8.12422 0.01 1 59 0
3141 306.684 8.12422 0.01 1 60 0
3149 306.684 8.12422 0.01 1 60 0
3173 306.684 8.12422 0.01 1 58 0
3178 306.684 8.12422 0.01 1 60 0
3185 306.684 8.12422 0.01 1 60 0
3186 309.617 8.1449 0.01 1 86 0
3190 310.154 8.00141 0.01 1 72 0
3199 304.776 8.12422 0.01 1 60 0
3216 310.487 8.03535 0.01 1 72 0
3217 310.036 7.86578 0.01 1 72 0
3218 310.053 8.00141 0.01 1 72 0
3221 307.385 8.1449 0.01 1 86 0
3233 306.684 8.12422 0.01 1 60 0
3235 310.125 8.1449 0.01 1 84 0
3242 305.997 8.12422 0.01 1 60 0
3243 308.509 7.96824 0.01 1 60 0
3245 309.617 8.1449 0.01 1 84 0
3263 309.617 8.1449 0.01 1 85 0
3287 308.089 7.97632 0.01 1 72 0
3288 306.684 8.12422 0.01 1 60 0
3289 309.617 8.06051 0.01 1 84 -0.000626788
3302 309.617 8.24437 0.01 1 84 0
3311 306.562 8.04325 0.01 1 72 0
3327 304.776 8.12422 0.01 1 60 0
3329 308.099 7.80918 0.01 1 72 0
3333 310.125 8.1449 0.01 1 86 0
3334 304.776 8.12422 0.01 1 60 0
3336 306.684 8.12422 0.01 1 58 0
3343 306.684 8.12422 0.01 1 58 0
3356 306.684 8.12422 0.01 1 60 0
3359 310.487 8.03535 0.01 1 72 0
3361 306.684 8.12422 0.01 1 60 0
3366 306.684 8.12422 0.01 1 59 0
3367 310.18 8.1449 0.01 1 85 0
3379 306.684 8.12422 0.01 1 59 0
3385 308.231 7.81092 0.01 1 72 0
3408 310.207 7.81092 0.01 1 72 0
3412 309.617 8.1449 0.01 1 85 0
3434 304.776 8.12422 0.01 1 59 0
3452 309.617 8.1449 0.01 1 85 0
3460 304.776 8.12422 0.01 1 59 0
3464 306.684 8.12422 0.01 1 59 0
3471 304.776 8.12422 0.01 1 59 0
3472 306.03 7.62542 0.01 1 72 0
3490 304.776 8.12422 0.01 1 59 0
3508 308.177 8.19752 0.01 1 72 0
3511 306.684 8.12422 0.01 1 60 0
3512 306.684 8.12422 0.01 1 59 0
3516 306.684 8.12422 0.01 1 59 0
3524 310.413 8.00141 0.01 1 72 0
3536 310.125 8.1449 0.01 1 85 0
3538 308.231 7.81092 0.01 1 72 0
3548 308.231 7.70912 0.01 1 72 0
3555 306.311 8.04325 0.01 1 72 0
3560 305.032 8.12422 0.01 1 58 0
3570 310.154 7.86485 0.01 1 72 0
3578 304.776 8.12422 0.01 1 59 0
3581 309.617 8.1449 0.01 1 86 0
3583 308.449 8.1449 0.01 1 86 0
3586 306.684 8.12422 0.01 1 58 0
3599 304.776 8.12422 0.01 1 59 0
3601 309.188 7.92441 0.01 1 72 0
3621 306.684 8.13483 0.01 1 60 0
3627 309.617 8.1449 0.01 1 84 0
3638 309.74 8.1449 0.01 1 84 0
3646 308.319 7.82956 0.01 1 72 0
3647 309.617 8.1449 0.01 1 84 0
3648 306.684 8.12422 0.01 1 60 0
3651 306.684 8.13483 0.01 1 60 0
3655 313.681 8.13726 0.01 1 72 0
3663 308.089 7.97632 0.01 1 72 0
3666 308.177 8.19752 0.01 1 72 0
3673 306.684 8.12422 0.01 1 60 0
3684 309.617 8.1449 0.01 1 84 0
3689 306.311 8.04325 0.01 1 72 -0.00187746
3699 306.684 8.12422 0.01 1 60 0
3736 304.776 8.12206 0.01 1 60 0
3742 307.811 8.01784 0.01 1 60 0
3747 304.776 8.12422 0.01 1 60 0
3757 309.74 8.1449 0.01 1 84 0
3758 310.413 8.00141 0.01 1 72 0
3763 309.617 8.1449 0.01 1 84 0
3768 306.684 8.12422 0.01 1 60 0
3778 306.684 8.12422 0.01 1 59 0
3783 306.684 8.12422 0.01 1 60 0
3794 310.052 8.1449 0.01 1 85 0
3798 308.991 7.82956 0.01 1 72 0
3803 306.684 8.12422 0.01 1 60 0
3829 306.657 8.30385 0.01 1 72 0
3833 307.997 7.81092 0.01 1 72 0
3847 309.617 8.10759 0.01 1 84 0
3854 308.089 7.97632 0.01 1 72 0
3855 304.776 8.12422 0.01 1 59 0
3859 310.179 8.1449 0.01 1 85 0.00164095
3863 310.688 8.1449 0.01 1 84 0
3871 311.853 8.1449 0.01 1 84 0
3901 309.36 8.1449 0.01 1 84 0
3922 306.684 8.12422 0.01 1 60 0
3924 304.776 8.12422 0.01 1 60 0
3934 307.722 8.12422 0.01 1 60 0
3951 306.684 8.13483 0.01 1 60 0
3954 306.562 8.04325 0.01 1 72 0
3964 306.684 8.12422 0.01 1 60 0
3965 306.684 8.12422 0.01 1 60 0
3980 310.125 8.1449 0.01 1 84 0
3988 306.684 8.12422 0.01 1 60 0
3992 306.684 8.12422 0.01 1 60 0
3993 306.684 8.12422 0.01 1 59 0
3998 313.681 8.20354 0.01 1 72 0
4001 309.74 8.09544 0.01 1 84 0
4002 306.684 8.12422 0.01 1 59 0
4023 309.617 8.1449 0.01 1 84 0
4029 308.977 7.73643 0.01 1 72 0
4052 306.684 8.12422 0.01 1 60 0
4070 307.637 7.77723 0.01 1 72 0
4073 309.045 8.29155 0.01 1 72 0
4082 308.231 7.66077 0.01 1 72 0
4085 304.776 8.12422 0.01 1 59 0
4087 309.188 8.01289 0.01 1 72 0
4097 307.637 7.92151 0.01 1 72 0
4126 306.684 8.12422 0.01 1 60 0
4128 306.562 8.04325 0.01 1 72 0
4130 306.684 8.12422 0.01 1 58 0
4143 309.105 7.86199 0.01 1 72 0
4145 304.776 8.12422 0.01 1 60 0
4148 304.776 8.12422 0.01 1 59 0
4154 307.997 7.81092 0.01 1 72 0
4167 306.684 8.12422 0.01 1 59 0
4173 304.776 8.20623 0.01 1 60 0
4198 306.684 8.13483 0.01 1 60 0
4199 306.684 8.12422 0.01 1 60 0
4201 306.684 8.12422 0.01 1 60 0
4204 306.684 8.13483 0.01 1 60 0
4206 310.125 8.1449 0.01 1 84 0
4212 304.776 8.12422 0.01 1 59 0
4217 309.008 7.72495 0.01 1 72 0
4224 309.617 8.09763 0.01 1 85 0
4229 309.617 8.1449 0.01 1 84 0
4247 310.076 8.10632 0.01 1 72 0
4248 306.684 8.19021 0.01 1 60 -0.000203446
4254 306.684 8.13483 0.01 1 60 0
4268 308.74 8.14951 0.01 1 72 0
4287 306.684 8.12422 0.01 1 60 0
4288 310.053 8.00141 0.01 1 72 0
4290 304.776 8.12422 0.01 1 59 0
4292 306.684 8.12422 0.01 1 60 0
4301 304.776 8.12422 0.01 1 59 0
4306 309.617 8.31791 0.01 1 84 0
4310 306.147 8.13483 0.01 1 60 0
4313 304.776 8.12422 0.01 1 59 0
4318 310.125 8.1449 0.01 1 84 0
4325 309.343 8.18345 0.01 1 72 0
4327 309.617 8.1449 0.01 1 86 0
4335 309.136 8.12571 0.01 1 72 0
4366 310.052 8.1449 0.01 1 84 0
4392 309.188 8.01289 0.01 1 72 0
4398 310.371 7.98252 0.01 1 72 0
4404 306.684 8.12422 0.01 1 60 0
4414 305.627 7.74596 0.01 1 72 0
4423 308.089 7.97632 0.01 1 72 0
4425 307.637 7.81092 0.01 1 72 0
4426 306.684 8.12422 0.01 1 58 0
4433 309.617 8.1449 0.01 1 84 0
4435 306.684 8.12422 0.01 1 58 0
4459 306.684 8.12422 0.01 1 58 0
4461 304.776 8.12422 0.01 1 59 0
4470 306.684 8.13483 0.01 1 59 0
4474 306.562 8.04325 0.01 1 72 0
4477 311.853 8.1449 0.01 1 84 0
4485 309.617 8.1449 0.01 1 86 0
4489 304.776 8.12422 0.01 1 59 0
4490 309.617 8.09763 0.01 1 85 0
4496 309.617 8.1449 0.01 1 85 0
4517 306.562 8.04325 0.01 1 72 0
4520 306.684 8.12422 0.01 1 60 0
4525 309.617 8.1449 0.01 1 84 0
4526 308.297 8.15986 0.01 1 72 0
4530 309.617 8.1449 0.01 1 84 0
4535 309.617 8.1449 0.01 1 86 0
4544 306.684 8.0905 0.01 1 59 -0.000192657
4552 306.684 8.13483 0.01 1 59 0
4557 310.154 8.00141 0.01 1 72 0
4565 304.776 8.12422 0.01 1 60 0
4573 306.684 8.12422 0.01 1 60 0
4577 306.684 8.12422 0.01 1 60 0
4579 306.657 8.30385 0.01 1 72 0
4580 311.853 8.1449 0.01 1 84 0
4599 308.181 8.02846 0.01 1 72 0
4604 309.617 8.1449 0.01 1 85 0
4627 306.146 8.12422 0.01 1 60 0
4631 305.139 8.12422 0.01 1 59 -0.00256647
4638 309.617 8.1449 0.01 1 86 0
4639 309.617 8.1449 0.01 1 85 0
4651 306.684 8.12422 0.01 1 59 0
4684 306.562 8.04325 0.01 1 72 0
4694 306.03 7.63969 0.01 1 72 0
4701 307.637 7.81092 0.01 1 72 0
4710 304.776 8.12422 0.01 1 59 0
4712 304.776 8.12422 0.01 1 58 0
4716 310.331 8.21954 0.01 1 72 0
4719 310.145 7.83164 0.01 1 72 0
4721 306.684 8.12422 0.01 1 58 0
4722 307.997 7.81092 0.01 1 72 0
4726 304.776 8.12422 0.01 1 60 0
4752 310.125 8.1449 0.01 1 85 0
4765 306.146 8.12422 0.01 1 60 0
4768 309.617 8.09763 0.01 1 84 0
4774 308.712 7.82956 0.01 1 72 0
4776 304.776 8.12422 0.01 1 59 0
4793 311.306 8.21417 0.01 1 72 0
4802 304.776 8.12422 0.01 1 59 0
4811 307.722 8.12422 0.01 1 60 0
4817 310.076 8.04967 0.01 1 72 0
4820 304.776 8.12422 0.01 1 58 0
4824 309.105 7.86199 0.01 1 72 0
4842 309.757 8.1449 0.01 1 84 0
4858 311.914 8.31828 0.01 1 72 0
4864 310.052 8.1449 0.01 1 86 0
4877 310.076 8.04967 0.01 1 72 0
4878 306.684 8.12422 0.01 1 58 0
4882 308.177 8.19752 0.01 1 72 0
4886 304.776 8.12206 0.01 1 60 0
4887 309.617 8.1449 0.01 1 84 0
4894 306.684 8.13483 0.01 1 60 0
4896 306.684 8.12422 0.01 1 60 0
4903 304.776 8.12422 0.01 1 60 0
4914 304.776 8.12422 0.01 1 59 0
4920 306.562 8.04325 0.01 1 72 0
4921 310.125 8.1449 0.01 1 85 0
4932 310.331 8.21954 0.01 1 72 0
4942 306.684 8.12422 0.01 1 59 0
4944 306.684 8.12422 0.01 1 59 0
4957 306.684 8.12422 0.01 1 60 0
4959 304.776 8.12422 0.01 1 59 0
4963 308.177 8.19752 0.01 1 72 0
4978 304.776 8.12422 0.01 1 60 0
4979 306.684 8.12422 0.01 1 59 0
4984 306.684 8.12422 0.01 1 58 0
4987 312.36 8.11621 0.01 1 72 0
4990 306.684 8.12422 0.01 1 60 0
4991 306.684 8.12422 0.01 1 60 0
4998 306.684 8.12422 0.01 1 60 0
5000 309.617 8.1449 0.01 1 86 0
5002 308.089 7.97632 0.01 1 72 0
5034 309.617 8.1449 0.01 1 86 0
5039 304.776 8.09356 0.01 1 60 -5.69075e-05
5040 306.684 8.12422 0.01 1 60 0
5053 309.617 8.1449 0.01 1 84 0
5060 311.914 8.31828 0.01 1 72 0
5069 304.776 8.12422 0.01 1 60 0
5084 304.776 8.12422 0.01 1 59 0
5099 304.776 8.12422 0.01 1 60 0
5110 306.684 8.12422 0.01 1 60 0
5121 310.409 8.1449 0.01 1 85 0
5129 310.052 8.1449 0.01 1 85 0
5130 306.684 8.12422 0.01 1 59 0
5136 306.684 8.12422 0.01 1 60 0
5139 306.684 8.12422 0.01 1 59 0
5141 309.17 7.72486 0.01 1 72 0
5149 306.562 8.04325 0.01 1 72 0
5161 306.684 8.13483 0.01 1 59 0
5166 307.799 7.93908 0.01 1 72 0
5167 304.776 8.12422 0.01 1 59 0
5180 307.442 8.13483 0.01 1 59 0
5182 306.684 8.12422 0.01 1 60 0
5184 306.684 8.09081 0.01 1 59 -0.000190854
5185 306.684 8.12422 0.01 1 60 0
5186 310.052 8.1449 0.01 1 85 0
5187 310.145 7.83164 0.01 1 72 0
5194 310.409 8.1449 0.01 1 85 0
5195 306.977 8.12422 0.01 1 60 -0.00303225
5197 309.617 8.1449 0.01 1 84 0
5198 307.722 8.12422 0.01 1 60 0
5199 310.154 8.00141 0.01 1 72 0
5200 309.617 8.1449 0.01 1 84 0
5213 310.076 8.04967 0.01 1 72 -2.31713e-05
5233 307.442 8.13483 0.01 1 60 0
5235 308.089 7.97632 0.01 1 72 0
5244 309.617 8.1449 0.01 1 86 0
5263 304.776 8.12422 0.01 1 59 0
5288 309.617 8.1449 0.01 1 84 0
5293 310.052 8.1449 0.01 1 84 0
5295 307.9 8.12422 0.01 1 59 0
5313 309.212 8.08166 0.01 1 72 0
5330 309.617 8.26272 0.01 1 84 0
5337 310.192 8.03459 0.01 1 72 0
5340 308.099 7.80918 0.01 1 72 0
5345 309.617 8.1449 0.01 1 84 0
5346 306.684 8.13483 0.01 1 60 0
5349 310.866 8.09308 0.01 1 72 0
5357 310.154 7.86485 0.01 1 72 0
5365 308.231 7.70912 0.01 1 72 0
5366 307.229 8.13483 0.01 1 60 -0.00575459
5371 308.231 7.81092 0.01 1 72 0
5374 309.617 8.1449 0.01 1 84 0
5378 307.376 8.06935 0.01 1 72 0
5380 310.455 7.84533 0.01 1 72 0
5391 308.877 8.1449 0.01 1 84 0
5394 308.231 7.70912 0.01 1 72 0
5400 310.052 8.1449 0.01 1 84 0
5401 306.03 7.62542 0.01 1 72 0
5406 309.423 8.59403 0.01 1 72 0
5407 305.997 8.12422 0.01 1 60 0
5412 304.776 8.12422 0.01 1 60 0
5423 309.74 8.1449 0.01 1 84 0
5431 309.23 8.59403 0.01 1 72 -5.60731e-05
5447 307.799 8.05614 0.01 1 72 0
5453 308.449 8.1449 0.01 1 86 0
5468 306.684 8.12422 0.01 1 60 0
5473 309.617 8.1449 0.01 1 84 0
5482 309.74 8.1449 0.01 1 84 0
5486 309.617 8.1449 0.01 1 86 0
5506 306.684 8.12422 0.01 1 59 0
5509 310.576 8.19233 0.01 1 72 0
5515 306.684 8.12422 0.01 1 60 0
5521 310.052 8.1449 0.01 1 84 0
5553 304.776 8.12422 0.01 1 60 0
5568 309.191 7.81092 0.01 1 72 0
5570 307.497 8.12422 0.01 1 60 0
5587 306.684 8.13483 0.01 1 59 0
5594 304.776 8.12422 0.01 1 60 0
5604 309.617 8.1449 0.01 1 84 0
5605 307.499 8.12422 0.01 1 60 -0.00884037
5606 304.776 8.12422 0.01 1 59 0
5611 306.684 8.12422 0.01 1 60 0
5612 306.684 8.12422 0.01 1 59 0
5619 306.684 8.2745 0.01 1 60 0.000664607
5623 307.722 8.12422 0.01 1 60 0
5630 308.099 7.80918 0.01 1 72 0
5662 310.053 8.00141 0.01 1 72 0
5668 306.684 8.12422 0.01 1 58 0
5669 306.562 8.04325 0.01 1 72 0
5674 306.562 8.04325 0.01 1 72 0
5682 310.409 8.1449 0.01 1 85 0
5683 309.617 8.1449 0.01 1 84 0
5684 310.125 8.1449 0.01 1 84 0
5690 306.684 8.13483 0.01 1 60 0
5691 309.045 8.29155 0.01 1 72 0
5705 306.684 8.12422 0.01 1 59 0
5772 311.853 8.1449 0.01 1 84 0
5804 305.997 8.12422 0.01 1 60 0
5805 306.684 8.12422 0.01 1 58 0
5814 307.637 7.81092 0.01 1 72 0
5816 309.617 8.1449 0.01 1 84 0
5819 306.684 8.30506 0.01 1 59 0.000795677
5830 308.089 7.97632 0.01 1 72 0
5849 305.997 8.12422 0.01 1 60 0
5852 306.684 8.13483 0.01 1 60 0
5855 309.617 8.1449 0.01 1 86 0
5862 306.684 8.12422 0.01 1 58 0
5868 311.853 8.1449 0.01 1 84 0
5884 308.177 8.19752 0.01 1 72 0
5890 304.776 8.09356 0.01 1 60 0
5914 309.36 8.1449 0.01 1 84 0
5924 307.442 8.13483 0.01 1 59 0
5931 307.722 8.12422 0.01 1 60 0
5968 305.627 7.74596 0.01 1 72 0
5971 306.684 8.12422 0.01 1 58 0
5988 306.684 8.12422 0.01 1 59 0
6000 306.684 8.12422 0.01 1 59 0
6004 310.052 8.1449 0.01 1 85 0
6027 308.297 8.15986 0.01 1 72 0
6036 309.74 8.1449 0.01 1 84 0
6054 308.374 7.97979 0.01 1 72 0
6056 307.637 7.85506 0.01 1 72 0
6064 306.684 8.12422 0.01 1 60 0
6071 306.684 8.12422 0.01 1 60 0
6077 306.684 8.12422 0.01 1 59 0
6079 310.154 8.00141 0.01 1 72 0
6085 308.089 7.97632 0.01 1 72 0
6092 309.74 8.1449 0.01 1 84 0
6093 309.617 8.09763 0.01 1 85 0
6108 304.776 8.12206 0.01 1 60 0
6119 304.776 8.12422 0.01 1 59 0
6128 306.684 8.12422 0.01 1 60 0
6136 309.617 8.1449 0.01 1 84 0
6138 309.74 8.1449 0.01 1 84 0
6156 306.684 8.12422 0.01 1 59 0
6161 306.684 8.12422 0.01 1 59 0
6168 307.442 8.13483 0.01 1 60 0
6177 307.722 8.12422 0.01 1 60 0
6181 306.684 8.12422 0.01 1 58 0
6186 309.617 8.1449 0.01 1 84 0
6210 309.617 8.1449 0.01 1 84 0
6215 309.617 8.1449 0.01 1 84 0
6217 309.617 8.1449 0.01 1 85 0
6224 307.637 7.81092 0.01 1 72 0
6225 306.684 8.12422 0.01 1 60 0
6226 307.722 8.12422 0.01 1 60 0
6238 310.371 7.98252 0.01 1 72 0
6239 304.776 8.12422 0.01 1 60 0
6273 309.617 8.1449 0.01 1 86 0
6274 306.684 8.12422 0.01 1 60 0
6284 306.684 8.12422 0.01 1 60 0
6285 304.776 8.12422 0.01 1 60 0
6293 306.684 8.12422 0.01 1 60 0
6299 310.036 7.86578 0.01 1 72 0
6300 309.617 8.1449 0.01 1 84 0
6301 307.799 7.97979 0.01 1 72 0
6312 306.684 8.12422 0.01 1 60 0
6314 308.231 7.91831 0.01 1 72 0
6333 308.449 8.31557 0.01 1 86 0
6334 309.74 8.1449 0.01 1 84 0
6335 304.776 8.12422 0.01 1 60 0
6340 306.684 8.12422 0.01 1 60 0
6341 311.914 8.31828 0.01 1 72 0
6347 306.684 8.13483 0.01 1 60 0
6353 306.684 8.12422 0.01 1 60 0
6373 311.853 8.1449 0.01 1 84 0
6386 305.032 8.12422 0.01 1 58 0
6387 306.684 8.12422 0.01 1 60 0
6392 307.385 8.1449 0.01 1 86 0
6408 307.405 7.81092 0.01 1 72 0
6415 306.657 8.30385 0.01 1 72 0
6447 307.809 8.1449 0.01 1 84 -0.0251565
6493 306.684 8.12422 0.01 1 60 0
6498 305.032 8.12422 0.01 1 58 0
6504 306.684 8.13483 0.01 1 60 0
6506 306.684 8.13483 0.01 1 60 0
6508 307.637 7.85506 0.01 1 72 0
6519 309.136 8.12571 0.01 1 72 0
6525 309.74 8.1449 0.01 1 84 0
6533 306.684 8.12422 0.01 1 60 0
6538 306.684 8.12422 0.01 1 60 0
6549 306.684 8.23644 0.01 1 60 0
6556 304.776 8.20623 0.01 1 60 0
6570 309.191 7.81092 0.01 1 72 0
6579 306.562 8.04325 0.01 1 72 0
6580 306.684 8.12422 0.01 1 59 0
6584 308.958 8.12324 0.01 1 72 0
6588 310.053 7.8493 0.01 1 72 0
6591 304.776 8.12422 0.01 1 59 0
6605 306.684 8.12422 0.01 1 60 0
6610 309.617 8.11077 0.01 1 84 -0.000293911
6619 309.232 8.1449 0.01 1 86 0
6647 313.681 8.20354 0.01 1 72 0
6649 306.684 8.12422 0.01 1 59 0
6657 306.684 8.13483 0.01 1 60 0
6662 310.125 8.1449 0.01 1 84 0
6669 308.231 7.81092 0.01 1 72 0
6706 308.958 8.05508 0.01 1 72 0
6709 308.231 7.81092 0.01 1 72 0
6714 306.03 7.62542 0.01 1 72 0
6719 309.74 8.1449 0.01 1 84 0
6723 304.776 8.12422 0.01 1 59 0
6739 311.853 8.1449 0.01 1 85 0
6744 306.684 8.12422 0.01 1 59 0
6745 309.617 8.1449 0.01 1 86 0
6765 309.617 8.1449 0.01 1 86 0
6768 309.212 8.08166 0.01 1 72 0
6771 308.089 7.97632 0.01 1 72 0
6778 305.997 8.12422 0.01 1 60 0
6790 309.74 8.1449 0.01 1 84 0
6792 310.576 8.19233 0.01 1 72 0
6809 309.36 8.1449 0.01 1 84 0
6814 307.811 8.01784 0.01 1 59 0
6821 309.617 8.24437 0.01 1 84 0
6833 310.053 7.8493 0.01 1 72 0
6865 310.052 8.1449 0.01 1 84 0
6867 305.997 8.12422 0.01 1 59 0
6872 308.231 7.70912 0.01 1 72 0
6876 310.154 8.00141 0.01 1 72 0
6878 306.684 8.12422 0.01 1 60 0
6879 307.637 7.92151 0.01 1 72 8.25971e-05
6880 312.36 8.11621 0.01 1 72 0
6893 308.088 8.12422 0.01 1 59 0
6897 312.959 8.1449 0.01 1 84 0.00815175
6899 304.776 8.12422 0.01 1 59 0
6902 310.207 7.81092 0.01 1 72 0
6913 304.776 8.12422 0.01 1 59 0
6918 310.036 7.86578 0.01 1 72 0
6923 304.776 8.12206 0.01 1 60 0
6932 309.617 8.1449 0.01 1 84 0
6938 309.008 7.72495 0.01 1 72 0
6944 306.684 8.12422 0.01 1 60 0
6945 306.684 8.12422 0.01 1 60 0
6955 310.409 8.1449 0.01 1 85 0
6957 307.637 7.96564 0.01 1 72 0
6960 304.776 8.12422 0.01 1 59 0
6964 304.776 8.12422 0.01 1 59 0
6988 307.497 8.12422 0.01 1 60 0
6990 306.684 8.12422 0.01 1 60 0
6998 307.811 7.96824 0.01 1 60 0
7012 310.455 7.84533 0.01 1 72 0
7015 309.617 8.1449 0.01 1 84 0
7018 309.617 8.1449 0.01 1 84 0
7023 309.617 8.1449 0.01 1 84 0
7026 304.776 8.12422 0.01 1 60 0
7033 309.243 7.61528 0.01 1 72 0
7039 310.052 8.1449 0.01 1 85 0
7044 308.177 8.19752 0.01 1 72 0
7047 309.617 8.1449 0.01 1 86 0
7062 309.617 8.1449 0.01 1 84 0
7071 310.125 8.1449 0.01 1 85 0
7081 304.776 8.12422 0.01 1 60 0
7091 307.722 8.12422 0.01 1 60 0
7092 306.684 8.12422 0.01 1 60 0
7093 308.089 7.97632 0.01 1 72 0
7094 309.617 8.1449 0.01 1 84 0
7102 308.089 7.97632 0.01 1 72 0
7109 310.18 8.1449 0.01 1 85 0
7119 306.684 8.12422 0.01 1 60 0
7124 309.74 8.1449 0.01 1 84 0
7133 306.684 8.12422 0.01 1 60 0
7138 310.036 7.86578 0.01 1 72 0
7139 309.617 8.1449 0.01 1 86 0
7142 311.462 8.31808 0.01 1 72 0
7149 310.052 8.1449 0.01 1 85 0
7163 306.684 8.12422 0.01 1 58 0
7165 312.429 8.37504 0.01 1 72 0
7175 306.684 8.12422 0.01 1 59 0
7184 309.617 8.1449 0.01 1 84 0
7189 309.74 8.1449 0.01 1 84 0
7210 309.617 8.1449 0.01 1 85 0
7211 309.617 8.1449 0.01 1 85 0
7215 310.26 8.1449 0.01 1 85 0.00173573
7218 309.617 8.1449 0.01 1 84 0
7233 308.958 8.12324 0.01 1 72 0
7243 310.371 7.98252 0.01 1 72 0
7258 306.684 8.30506 0.01 1 60 0
7261 311.853 8.1449 0.01 1 84 0
7275 306.684 8.13483 0.01 1 60 0
7279 310.154 8.00141 0.01 1 72 0
7280 311.853 8.09916 0.01 1 84 -0.000155866
7291 306.684 8.12422 0.01 1 60 0
7298 309.045 8.29155 0.01 1 72 0
7301 309.74 8.1449 0.01 1 84 0
7302 308.231 7.70912 0.01 1 72 0
7312 306.684 8.12422 0.01 1 59 0
7315 309.617 8.1449 0.01 1 86 0
7327 306.684 8.12422 0.01 1 60 0
7328 306.684 8.12422 0.01 1 59 0
7340 309.617 8.1449 0.01 1 86 0
7357 306.684 8.12422 0.01 1 59 0
7361 306.684 8.12422 0.01 1 60 0
7376 307.909 7.81092 0.01 1 72 0
7384 310.125 8.1449 0.01 1 84 0
7385 306.684 8.12422 0.01 1 60 0
7389 310.154 8.00141 0.01 1 72 0
7393 309.008 7.72495 0.01 1 72 0
7409 306.684 8.12422 0.01 1 59 0
7411 307.499 8.12422 0.01 1 60 0
7413 309.206 7.93404 0.01 1 72 0
7414 309.729 8.12571 0.01 1 72 0
7419 304.776 8.12422 0.01 1 59 0
7433 309.617 8.1449 0.01 1 86 0
7444 306.684 8.12422 0.01 1 59 0
7451 309.617 8.1449 0.01 1 84 0
7452 309.045 8.29155 0.01 1 72 0
7457 308.099 7.80918 0.01 1 72 0
7463 306.684 8.13483 0.01 1 59 0
7466 308.231 7.91831 0.01 1 72 2.58088e-05
7472 306.684 8.12422 0.01 1 60 0
7474 304.776 8.12422 0.01 1 59 0
7479 310.036 7.86578 0.01 1 72 0
7482 306.684 8.12422 0.01 1 59 0
7500 309.617 8.1449 0.01 1 84 0
7501 306.684 8.12422 0.01 1 60 0
7506 310.053 8.00141 0.01 1 72 0
7512 308.449 8.1449 0.01 1 86 0
7526 307.637 7.92151 0.01 1 72 0
7532 306.684 8.12422 0.01 1 60 0
7533 309.042 7.70912 0.01 1 72 0
7541 306.684 8.12422 0.01 1 59 0
7542 308.231 7.81092 0.01 1 72 0
7545 304.776 8.12422 0.01 1 59 0
7550 311.853 8.1449 0.01 1 85 0
7561 309.617 8.1449 0.01 1 84 0
7570 306.684 8.12422 0.01 1 60 0
7571 306.684 8.12422 0.01 1 59 0
7574 304.776 8.12422 0.01 1 59 0
7577 311.853 8.1449 0.01 1 84 0
7588 308.958 8.05508 0.01 1 72 0
7596 307.442 8.13483 0.01 1 59 0
7605 307.799 8.05614 0.01 1 72 0
7650 306.684 8.12422 0.01 1 60 0
7661 310.052 8.25289 0.01 1 84 0.000794604
7674 310.053 7.8493 0.01 1 72 0
7680 309.313 7.81092 0.01 1 72 0
7682 308.231 7.81092 0.01 1 72 0
7689 306.657 8.30385 0.01 1 72 0
7691 306.684 8.12422 0.01 1 60 0
7696 306.684 8.13483 0.01 1 59 0
7699 306.684 8.12422 0.01 1 60 0
7739 306.684 8.12422 0.01 1 59 0
7750 306.684 8.12422 0.01 1 60 0
7752 308.177 8.19752 0.01 1 72 0
7754 310.689 8.12192 0.01 1 72 0
7775 305.032 8.12422 0.01 1 58 0
7786 306.684 8.12422 0.01 1 58 0
7799 306.684 8.12422 0.01 1 60 0
7800 308.509 7.96824 0.01 1 60 0
7804 306.684 8.12422 0.01 1 60 0
7819 309.008 7.72495 0.01 1 72 0
7829 309.617 8.1449 0.01 1 84 0
7831 304.776 8.12422 0.01 1 59 0
7832 310.576 8.19233 0.01 1 72 0
7835 309.617 8.1449 0.01 1 84 0
7836 309.617 8.1449 0.01 1 84 0
7838 306.684 8.13483 0.01 1 60 0
7845 310.689 8.12192 0.01 1 72 0
7849 310.052 8.1449 0.01 1 84 0
7850 309.343 8.18345 0.01 1 72 0
7854 309.617 8.1449 0.01 1 86 0
7856 306.684 8.12422 0.01 1 58 0
7857 306.684 8.12422 0.01 1 60 0
7860 306.684 8.12422 0.01 1 59 0
7865 309.008 7.72495 0.01 1 72 0
7869 306.684 8.12422 0.01 1 59 0
7877 306.684 8.12422 0.01 1 60 0
7879 306.684 8.12422 0.01 1 60 0
7885 306.684 8.12422 0.01 1 60 0
7897 311.853 8.1449 0.01 1 85 0
7898 304.776 8.12422 0.01 1 59 0
7900 309.74 8.1449 0.01 1 84 0
7910 309.617 8.1449 0.01 1 84 0
7911 309.74 8.1449 0.01 1 84 0
7915 308.231 7.81092 0.01 1 72 0
7916 310.125 8.1449 0.01 1 84 0
7917 309.106 8.59403 0.01 1 72 0.000226066
7919 312.36 8.11621 0.01 1 72 0
7924 307.722 8.12422 0.01 1 60 0
7939 309.617 8.1449 0.01 1 84 0
7945 306.684 8.12422 0.01 1 60 0
7950 304.776 8.12422 0.01 1 59 0
7953 308.231 7.70912 0.01 1 72 0
7956 304.776 8.12422 0.01 1 58 0
7964 305.997 8.12422 0.01 1 60 0
7965 306.684 8.12422 0.01 1 60 0
7967 309.042 7.70912 0.01 1 72 0
7971 306.684 8.1054 0.01 1 60 0
7972 310.052 8.1449 0.01 1 85 0
7975 304.776 8.12422 0.01 1 59 0
7981 310.036 7.86578 0.01 1 72 0
8010 304.776 8.12422 0.01 1 58 0
8016 309.617 8.1449 0.01 1 84 0
8031 307.442 8.13483 0.01 1 60 0
8032 306.684 8.12422 0.01 1 58 0
8043 306.684 8.12422 0.01 1 60 0
8053 308.4 8.13483 0.01 1 59 -0.0213435
8073 310.409 8.1449 0.01 1 85 0
8082 306.684 8.12422 0.01 1 60 0
8084 306.684 8.23644 0.01 1 60 0.000499517
8088 306.562 8.04325 0.01 1 72 0
8092 306.684 8.12422 0.01 1 59 0
8099 309.617 8.1449 0.01 1 84 0
8105 306.684 8.12422 0.01 1 60 0
8106 311.853 8.1449 0.01 1 85 0
8107 306.684 8.12422 0.01 1 59 0
8112 304.776 8.12422 0.01 1 60 0
8115 304.776 8.12422 0.01 1 60 0
8120 304.776 8.12422 0.01 1 60 0
8124 310.331 8.21954 0.01 1 72 0
8129 307.722 8.12422 0.01 1 60 0
8161 305.932 8.12422 0.01 1 59 -0.00931258
8164 313.681 8.13726 0.01 1 72 0
8171 306.684 8.12422 0.01 1 60 0
8182 310.409 8.1449 0.01 1 85 0
8186 310.154 8.00141 0.01 1 72 0
8192 306.073 8.12422 0.01 1 60 0.00569017
8198 308.231 7.72486 0.01 1 72 -2.63751e-06
8202 304.776 8.12422 0.01 1 58 0
8225 304.776 8.12422 0.01 1 59 0
8235 309.984 8.19695 0.01 1 72 0
8252 305.768 8.04325 0.01 1 72 -0.00648829
8255 307.637 7.77723 0.01 1 72 0
8264 306.684 8.12422 0.01 1 59 0
8266 309.768 8.1228 0.01 1 72 0
8269 308.297 8.15986 0.01 1 72 0
8271 306.684 8.12422 0.01 1 60 0
8274 311.853 8.1449 0.01 1 84 0
8287 309.617 8.1449 0.01 1 84 0
8293 308.963 8.13344 0.01 1 72 0
8311 309.723 7.82956 0.01 1 72 0
8320 310.409 8.1449 0.01 1 85 0
8327 304.776 8.12422 0.01 1 59 0
8328 309.74 8.1449 0.01 1 84 0
8332 310.076 8.10632 0.01 1 72 2.45273e-05
8361 306.684 8.12422 0.01 1 60 0
8366 310.036 7.86578 0.01 1 72 0
8377 309.74 8.1449 0.01 1 84 0
8385 308.089 7.97632 0.01 1 72 0
8398 306.684 8.12422 0.01 1 58 0
8408 306.684 8.12422 0.01 1 60 0
8422 311.853 8.1449 0.01 1 85 0
8431 310.576 8.03167 0.01 1 72 -0.000160947
8433 309.984 8.19695 0.01 1 72 0
8444 306.684 8.12422 0.01 1 60 0
8479 307.385 8.1449 0.01 1 86 0
8481 306.684 8.1054 0.01 1 60 0
8483 306.684 8.13483 0.01 1 60 0
8486 309.212 8.08166 0.01 1 72 0
8487 304.776 8.12422 0.01 1 59 0
8491 307.385 8.1449 0.01 1 86 0
8495 310.052 8.1449 0.01 1 84 0
8499 306.465 8.12422 0.01 1 59 0.00213259
8501 309.617 8.1449 0.01 1 84 0
8516 310.053 7.8493 0.01 1 72 0
8537 309.74 8.1449 0.01 1 84 0
8552 309.008 7.72495 0.01 1 72 0
8561 304.776 8.12422 0.01 1 60 0
8565 310.125 8.1449 0.01 1 85 0
8567 304.776 8.12422 0.01 1 59 0
8583 308.089 7.97632 0.01 1 72 0
8599 306.684 8.12422 0.01 1 59 0
8601 310.558 8.12324 0.01 1 72 0
8606 306.657 8.30385 0.01 1 72 0
8609 306.684 8.12422 0.01 1 60 0
8616 310.371 7.98252 0.01 1 72 0
8631 306.684 8.12422 0.01 1 60 0
8637 308.231 7.81092 0.01 1 72 0
8639 311.853 8.1449 0.01 1 84 0
8640 310.052 8.1449 0.01 1 85 0
8641 309.617 8.1449 0.01 1 84 0
8644 307.997 7.81092 0.01 1 72 0
8647 304.321 7.74596 0.01 1 72 0
8658 306.684 8.12422 0.01 1 60 0
8668 309.617 8.1449 0.01 1 84 0
8674 304.776 8.12422 0.01 1 59 0
8679 306.684 8.12422 0.01 1 60 0
8680 310.154 8.00141 0.01 1 72 0
8690 307.722 8.12422 0.01 1 60 0
8692 311.914 8.31828 0.01 1 72 0
8698 309.74 8.09544 0.01 1 84 -0.000411764
8708 304.776 8.12422 0.01 1 60 0
8713 308.099 7.80918 0.01 1 72 0
8724 309.617 8.1449 0.01 1 84 0
8725 307.527 7.75197 0.01 1 72 0
8734 306.146 8.12422 0.01 1 60 0
8736 306.684 8.13483 0.01 1 60 0
8743 309.617 8.1449 0.01 1 86 0
8755 310.154 8.00141 0.01 1 72 0
8762 304.776 8.12422 0.01 1 60 0
8777 308.712 7.82956 0.01 1 72 0
8778 307.722 8.12422 0.01 1 59 0
8780 308.177 8.19752 0.01 1 72 0
8785 306.733 7.70912 0.01 1 72 0
8797 310.413 8.00141 0.01 1 72 0
8815 308.231 7.70912 0.01 1 72 0
8817 307.442 8.13483 0.01 1 59 0
8824 306.684 8.13483 0.01 1 59 0
8828 309.617 8.1449 0.01 1 86 0
8832 310.125 8.1449 0.01 1 85 0
8856 310.053 8.00141 0.01 1 72 0
8864 304.776 8.12422 0.01 1 59 0
8867 306.684 8.12422 0.01 1 60 0
8874 304.776 8.12422 0.01 1 60 0
8891 306.684 8.13483 0.01 1 60 0
8898 306.684 8.12422 0.01 1 60 0
8903 306.684 8.12422 0.01 1 60 0
8916 310.036 7.86578 0.01 1 72 0
8940 309.617 8.1449 0.01 1 84 0
8942 310.837 8.10759 0.01 1 84 0.0147613
8944 309.74 8.1449 0.01 1 84 0
8947 313.681 8.13726 0.01 1 72 0
8950 308.231 7.81092 0.01 1 72 0
8954 307.442 8.13483 0.01 1 60 0
8963 309.617 8.1449 0.01 1 84 0
8966 310.052 8.1449 0.01 1 85 0
8975 306.684 8.12422 0.01 1 59 0
8984 309.617 8.1449 0.01 1 86 0
8990 306.684 8.12422 0.01 1 59 0
8994 308.449 8.1449 0.01 1 85 0
9001 304.776 8.15926 0.01 1 60 0
9009 304.776 8.12422 0.01 1 60 0
9010 304.776 8.20623 0.01 1 60 0
9012 309.617 8.1449 0.01 1 84 0
9028 309.617 8.1449 0.01 1 84 0
9031 310.154 8.00141 0.01 1 72 0
9047 311.914 8.31828 0.01 1 72 0
9072 309.617 8.1449 0.01 1 84 0
9076 304.776 8.15926 0.01 1 60 0
9081 309.105 7.86199 0.01 1 72 0
9093 311.914 8.31828 0.01 1 72 0
9118 306.684 8.12422 0.01 1 58 0
9125 306.684 8.12422 0.01 1 60 0
9128 313.681 8.20354 0.01 1 72 0
9144 308.231 7.81092 0.01 1 72 0
9148 307.637 7.85506 0.01 1 72 0
9159 311.914 8.31828 0.01 1 72 0
9176 307.405 7.81092 0.01 1 72 0
9185 304.776 8.17967 0.01 1 59 0.000101328
9205 309.617 8.09763 0.01 1 85 -0.000407919
9212 307.909 7.81092 0.01 1 72 0
9216 308.374 7.97979 0.01 1 72 0
9221 307.442 8.13483 0.01 1 59 0
9222 309.617 8.1449 0.01 1 84 0
9234 309.212 8.08166 0.01 1 72 0
9235 308.089 7.97632 0.01 1 72 0
9238 306.684 8.12422 0.01 1 59 0
9244 311.853 8.1449 0.01 1 84 0
9251 307.287 8.12422 0.01 1 60 0
9253 309.617 8.1449 0.01 1 84 0
9260 306.684 8.13483 0.01 1 60 0
9271 309.191 7.81092 0.01 1 72 0
9272 307.497 8.12422 0.01 1 60 0
9276 308.177 8.24159 0.01 1 72 0
9292 313.681 8.20354 0.01 1 72 0
9296 306.684 8.12422 0.01 1 59 0
9315 309.617 8.10759 0.01 1 84 0
9326 306.684 8.13483 0.01 1 59 0
9339 310.688 8.1449 0.01 1 84 0.0114132
9345 306.684 8.12422 0.01 1 58 0
9351 304.776 8.12422 0.01 1 60 0
9354 310.154 8.00141 0.01 1 72 0
9356 309.617 8.1449 0.01 1 84 0
9360 310.052 8.1449 0.01 1 85 0
9367 306.684 8.12422 0.01 1 60 0
9378 310.036 7.86578 0.01 1 72 0
9380 310.18 8.1449 0.01 1 85 0
9384 308.712 7.82956 0.01 1 72 0
9387 310.576 8.19233 0.01 1 72 0
9389 303.7 8.12422 0.01 1 59 0
9399 308.345 7.97979 0.01 1 72 0
9400 306.684 8.12422 0.01 1 60 0
9414 308.177 8.19752 0.01 1 72 0
9415 311.853 8.1449 0.01 1 85 0
9428 309.617 8.1449 0.01 1 84 0
9443 304.776 8.12422 0.01 1 59 0
9447 304.776 8.12422 0.01 1 59 0
9449 310.207 7.81092 0.01 1 72 0
9463 306.146 8.12422 0.01 1 60 0
9470 311.853 8.1449 0.01 1 85 0
9474 306.684 8.12422 0.01 1 59 0
9476 309.617 8.1449 0.01 1 84 0
9485 308.231 7.6924 0.01 1 72 8.18074e-06
9490 308.177 8.19752 0.01 1 72 0
9503 309.617 8.1449 0.01 1 84 0
9509 309.617 8.1449 0.01 1 86 0
9515 310.688 8.1449 0.01 1 84 0
9518 310.413 8.00141 0.01 1 72 0
9519 309.617 8.1449 0.01 1 86 0
9533 308.231 7.81092 0.01 1 72 0
9535 306.684 8.12422 0.01 1 60 0
9536 308.089 7.97632 0.01 1 72 0
9541 306.684 8.06478 0.01 1 60 -0.000272453
9550 307.722 8.12422 0.01 1 60 0
9551 308.177 8.19752 0.01 1 72 0
9565 306.684 8.12422 0.01 1 59 0
9571 306.684 8.12422 0.01 1 60 0
9576 310.053 8.00141 0.01 1 72 0
9582 306.684 8.12422 0.01 1 59 0
9585 306.684 8.12422 0.01 1 60 0
9594 306.684 8.12422 0.01 1 60 0
9606 308.449 8.31557 0.01 1 86 0
9626 309.617 8.1449 0.01 1 84 0
9637 307.497 8.12422 0.01 1 60 0
9638 304.776 8.12422 0.01 1 59 0
9642 306.684 8.12422 0.01 1 60 0
9643 310.371 7.98252 0.01 1 72 0
9645 306.684 8.12422 0.01 1 58 0
9650 304.776 8.12422 0.01 1 60 0
9656 309.617 8.1449 0.01 1 86 0
9664 307.442 8.13483 0.01 1 59 0
9677 309.617 8.1449 0.01 1 86 0
9690 310.154 8.00141 0.01 1 72 0
9692 306.684 8.12422 0.01 1 60 0
9697 306.684 8.12422 0.01 1 59 0
9698 309.617 8.1449 0.01 1 84 0
9699 311.853 8.1449 0.01 1 85 0
9704 306.684 8.12422 0.01 1 60 0
9710 310.409 8.1449 0.01 1 85 0
9731 306.684 8.12422 0.01 1 60 0
9735 306.684 8.12422 0.01 1 60 0
9742 308.977 7.73643 0.01 1 72 0
9749 309.617 8.1449 0.01 1 86 0
9766 306.684 8.12422 0.01 1 58 0
9769 308.177 8.30847 0.01 1 72 0
9770 309.74 8.1449 0.01 1 84 0
9787 308.877 8.1449 0.01 1 84 0
9807 306.684 8.00253 0.01 1 59 -0.000705719
9812 309.313 7.81092 0.01 1 72 0
9813 310.154 8.00141 0.01 1 72 0
9820 310.409 8.1449 0.01 1 85 0
9824 310.558 8.12324 0.01 1 72 0
9853 304.776 8.12422 0.01 1 59 0
9863 304.776 8.12422 0.01 1 59 0
9866 306.684 8.12422 0.01 1 59 0
9882 309.74 8.1449 0.01 1 84 0
9884 308.877 8.1449 0.01 1 84 0
9887 306.684 8.12422 0.01 1 60 0
9889 310.036 7.86578 0.01 1 72 0
9890 306.091 8.12422 0.01 1 60 0
9895 306.684 8.12422 0.01 1 60 0
9897 306.684 8.12422 0.01 1 60 0
9905 310.036 7.86578 0.01 1 72 0
9911 306.684 8.12422 0.01 1 60 0
9923 304.776 8.15926 0.01 1 60 0
9936 306.657 8.30385 0.01 1 72 0
9950 304.776 8.12422 0.01 1 59 0
9960 307.722 8.12422 0.01 1 60 0
9962 309.617 8.1449 0.01 1 86 0
9966 304.776 8.12422 0.01 1 59 0
9971 306.684 8.12422 0.01 1 59 0
9974 306.684 8.12422 0.01 1 60 0
9981 306.684 8.12422 0.01 1 60 0
9986 310.053 8.00141 0.01 1 72 0
9988 306.562 8.04325 0.01 1 72 0
10005 306.657 8.30385 0.01 1 72 0
10006 304.776 8.12422 0.01 1 60 0
10009 308.958 8.12324 0.01 1 72 0
10011 307.799 7.97979 0.01 1 72 0
10014 310.689 8.12192 0.01 1 72 0
10016 307.405 7.81092 0.01 1 72 0
10022 309.232 8.1449 0.01 1 85 0
10026 306.684 8.12422 0.01 1 59 0
10029 306.684 8.12422 0.01 1 59 0
10035 306.684 8.12422 0.01 1 60 0
10038 305.032 8.12422 0.01 1 58 0
10048 306.684 8.12422 0.01 1 60 0
10053 309.617 8.1449 0.01 1 85 0
10054 310.571 8.1449 0.01 1 84 0
10059 304.776 8.12422 0.01 1 59 0
