max_pf 86 min_pf 55
individual T0 sigma disp_rate r0 patch_no mut_eff
7 309.593 8.35223 0.01 1 72 0
13 307.068 7.85046 0.01 1 57 0
14 307.045 7.93733 0.01 1 57 0
16 307.379 7.90567 0.01 1 57 0
26 310.37 7.83486 0.01 1 84 0
30 310.37 7.74758 0.01 1 84 0
31 306.501 7.93733 0.01 1 57 0
42 310.37 7.96642 0.01 1 86 0
56 307.045 8.02757 0.01 1 57 0
60 309.568 7.93631 0.01 1 72 0
63 307.045 7.93733 0.01 1 57 0
72 310.076 8.00896 0.01 1 86 0
83 310.37 7.89796 0.01 1 85 0
91 310.37 7.99003 0.01 1 85 0
92 307.379 8.00741 0.01 1 57 0
96 307.045 8.02757 0.01 1 57 0
99 307.865 7.95731 0.01 1 72 0
103 309.97 7.58531 0.01 1 72 0
107 306.501 7.93733 0.01 1 56 0
108 309.97 7.58531 0.01 1 72 0
113 307.068 7.91109 0.01 1 57 0
119 309.593 8.35223 0.01 1 72 0
123 309.97 7.55068 0.01 1 72 0
124 307.045 8.02757 0.01 1 56 0
132 307.045 8.02592 0.01 1 57 -1.53631e-05
136 307.068 7.91109 0.01 1 57 0
139 310.37 7.83486 0.01 1 84 0
166 308.126 8.07672 0.01 1 72 0
177 310.37 7.96642 0.01 1 85 0
190 310.37 7.96642 0.01 1 86 0
243 307.104 8.02757 0.01 1 57 -0.000796378
245 307.321 8.08508 0.01 1 72 0
247 308.367 7.93733 0.01 1 57 -0.0262695
261 307.774 7.49479 0.01 1 72 0
265 309.019 7.89883 0.01 1 72 0
267 310.095 7.64119 0.01 1 72 0
270 307.244 7.87204 0.01 1 72 0
277 306.501 7.93733 0.01 1 57 0
278 308.579 7.75018 0.01 1 72 0
292 309.568 8.07086 0.01 1 72 0
301 309.896 8.07086 0.01 1 72 0
309 306.985 7.96246 0.01 1 57 0
315 309.638 8.40528 0.01 1 72 0
322 309.568 8.05697 0.01 1 72 0
336 307.045 7.96246 0.01 1 57 0
354 305.968 7.95731 0.01 1 72 0
382 310.076 8.00896 0.01 1 86 0
408 310.37 7.83486 0.01 1 84 0
409 305.968 7.95731 0.01 1 72 0
414 308.579 7.75018 0.01 1 72 0
453 310.37 8.00193 0.01 1 84 0
465 310.37 8.00896 0.01 1 85 0
473 306.985 7.96246 0.01 1 57 0
475 307.379 7.90567 0.01 1 57 0
517 305.406 7.93733 0.01 1 56 0.0140486
523 310.37 7.96642 0.01 1 86 0
528 310.37 7.98433 0.01 1 85 0
532 307.068 7.85046 0.01 1 57 0
550 310.37 8.16653 0.01 1 84 0
556 308.567 7.97406 0.01 1 72 0
558 310.37 7.83098 0.01 1 84 0
578 307.379 7.93653 0.01 1 57 0
590 309.568 8.07086 0.01 1 72 0
592 310.37 8.1222 0.01 1 85 0.00148964
598 310.37 8.00896 0.01 1 85 0
599 309.142 8.07086 0.01 1 72 0
604 310.37 7.94124 0.01 1 84 0
606 311.164 7.78017 0.01 1 84 0
608 307.379 7.90567 0.01 1 57 0
614 307.045 7.96246 0.01 1 57 0
633 309.97 7.58531 0.01 1 72 0
641 310.37 7.83486 0.01 1 84 0
655 309.567 8.20776 0.01 1 86 -0.0109017
668 307.068 7.85046 0.01 1 57 0
675 309.122 7.78005 0.01 1 72 0
686 311.651 7.83486 0.01 1 84 0.014485
704 308.367 7.93733 0.01 1 57 0
716 307.451 8.03013 0.01 1 72 0
750 308.579 7.67142 0.01 1 72 0
755 310.37 7.96642 0.01 1 84 0
758 307.045 8.02757 0.01 1 57 0
761 310.37 7.83486 0.01 1 84 0
762 310.37 7.96642 0.01 1 86 0
764 307.865 7.95731 0.01 1 72 0
765 307.068 7.91109 0.01 1 57 0
768 309.861 7.83486 0.01 1 84 0
775 307.045 8.02757 0.01 1 56 0
782 307.045 8.02757 0.01 1 57 0
783 310.057 7.64119 0.01 1 72 0
787 310.37 7.93418 0.01 1 86 0
788 310.37 7.83486 0.01 1 85 0
804 310.37 7.83486 0.01 1 84 0
805 310.37 7.83486 0.01 1 84 0
806 309.019 7.95108 0.01 1 72 0
820 306.501 7.93733 0.01 1 56 0
822 307.068 7.91109 0.01 1 57 0
825 310.37 7.96642 0.01 1 84 0
827 307.045 8.12872 0.01 1 56 0
829 310.37 7.96642 0.01 1 84 0
840 311.618 7.83486 0.01 1 84 0
846 310.37 7.78038 0.01 1 86 0
859 310.37 7.83486 0.01 1 84 0
870 310.37 7.96642 0.01 1 86 0
880 306.985 7.96246 0.01 1 57 0
884 310.37 8.00896 0.01 1 85 0
885 309.142 8.07086 0.01 1 72 0
889 310.37 8.00896 0.01 1 85 0
915 307.045 8.02757 0.01 1 57 0
918 309.149 8.0307 0.01 1 72 0
919 311.618 7.83486 0.01 1 84 0
921 310.076 8.00896 0.01 1 86 0
936 308.323 7.49479 0.01 1 72 0
940 308.579 7.58196 0.01 1 72 0
955 308.659 8.08897 0.01 1 72 0
959 310.37 7.96642 0.01 1 84 0
970 310.501 7.98289 0.01 1 72 0
975 306.985 7.96246 0.01 1 57 0
983 310.37 8.00896 0.01 1 85 0
988 310.37 7.99003 0.01 1 85 0
991 310.37 7.96642 0.01 1 85 0
996 310.37 7.93418 0.01 1 86 0
998 310.37 8.00193 0.01 1 84 0
1003 310.37 8.00896 0.01 1 86 0
1005 307.045 8.02757 0.01 1 57 0
1008 310.076 8.00896 0.01 1 86 0
1009 309.638 8.10189 0.01 1 72 9.23872e-06
1047 310.37 7.83486 0.01 1 86 0
1080 310.37 7.96642 0.01 1 85 0
1082 307.045 8.02757 0.01 1 57 0
1087 310.37 8.00896 0.01 1 85 0
1089 307.068 7.91109 0.01 1 57 0
1092 307.045 8.02757 0.01 1 56 0
1109 310.37 7.83486 0.01 1 84 0
1113 310.37 7.96642 0.01 1 86 0
1115 308.279 8.02757 0.01 1 56 -0.0179305
1117 309.568 7.93631 0.01 1 72 0
1123 310.37 8.00193 0.01 1 84 0
1142 308.323 7.52658 0.01 1 72 0
1147 310.37 7.83486 0.01 1 84 0
1156 310.37 7.83486 0.01 1 84 0
1157 307.068 7.91109 0.01 1 57 0
1167 307.379 7.90567 0.01 1 56 0
1172 313.865 8.31526 0.01 1 72 0
1174 309.019 7.89883 0.01 1 72 0
1175 310.37 7.96642 0.01 1 86 0
1190 310.076 8.00896 0.01 1 86 0
1193 306.501 7.93733 0.01 1 56 0
1194 310.37 7.83486 0.01 1 84 0
1198 310.37 7.96642 0.01 1 85 0
1201 307.379 7.90567 0.01 1 57 0
1227 310.74 7.96642 0.01 1 85 0
1237 310.37 7.96642 0.01 1 86 0
1241 310.37 7.85205 0.01 1 84 0
1243 308.579 7.67142 0.01 1 72 0
1244 309.149 7.95924 0.01 1 72 0
1246 309.861 7.83911 0.01 1 84 0
1247 311.097 7.96642 0.01 1 85 0
1254 308.279 8.02757 0.01 1 56 0
1269 305.406 7.93733 0.01 1 56 0
1279 307.045 8.13599 0.01 1 57 0
1280 310.37 7.96642 0.01 1 86 0
1288 309.149 8.0307 0.01 1 72 0
1293 310.312 7.83486 0.01 1 85 0
1296 309.09 7.49275 0.01 1 72 0
1303 309.481 7.78017 0.01 1 84 0
1321 307.379 7.90567 0.01 1 57 0
1323 309.436 7.96642 0.01 1 86 0
1330 310.37 7.83486 0.01 1 85 0
1341 307.068 7.78193 0.01 1 57 0
1356 310.37 7.96642 0.01 1 85 0
1377 306.985 7.96246 0.01 1 56 0
1379 306.985 7.96246 0.01 1 57 0
1393 310.37 7.83486 0.01 1 85 0
1397 306.639 7.56945 0.01 1 72 0
1423 307.045 8.02757 0.01 1 57 0
1428 313.865 8.31526 0.01 1 72 0
1435 307.701 8.04301 0.01 1 72 0
1441 309.019 7.89883 0.01 1 72 0
1453 307.865 7.95731 0.01 1 72 0
1457 308.796 8.02169 0.01 1 72 0
1459 308.659 8.08508 0.01 1 72 0
1483 310.501 7.98289 0.01 1 72 0
1484 310.37 7.83486 0.01 1 85 0
1489 307.045 8.02757 0.01 1 57 0
1492 309.593 8.35223 0.01 1 72 0
1509 310.37 7.93418 0.01 1 86 -0.000314489
1526 307.045 8.02757 0.01 1 56 0
1534 310.37 7.82778 0.01 1 84 0
1550 310.37 7.96642 0.01 1 86 0
1597 309.861 7.83486 0.01 1 85 0
1599 310.37 7.96642 0.01 1 86 0
1633 310.37 8.00193 0.01 1 84 0
1635 307.045 8.02757 0.01 1 57 0
1648 309.97 7.58531 0.01 1 72 0
1651 310.37 7.88113 0.01 1 84 0
1664 309.436 7.96642 0.01 1 85 0
1671 310.37 7.7458 0.01 1 84 0
1676 308.579 7.58196 0.01 1 72 0
1692 307.379 7.93653 0.01 1 57 0
1702 307.045 7.96246 0.01 1 57 0
1711 310.229 7.55758 0.01 1 72 0
1718 309.593 8.35223 0.01 1 72 0
1729 309.97 7.58531 0.01 1 72 0
1733 310.767 7.67142 0.01 1 72 0
1740 306.501 7.93733 0.01 1 57 0
1747 307.379 7.90567 0.01 1 56 0
1752 310.37 7.83486 0.01 1 86 0
1761 307.045 8.02757 0.01 1 56 0
1763 307.045 8.02757 0.01 1 57 0
1776 310.37 7.88113 0.01 1 84 0
1795 310.37 7.88113 0.01 1 85 0
1804 309.122 7.78005 0.01 1 72 0
1805 310.229 7.49275 0.01 1 72 0
1819 308.796 8.02169 0.01 1 72 0
1821 310.057 7.64119 0.01 1 72 0
1827 310.37 7.96642 0.01 1 85 0
1844 310.37 7.96642 0.01 1 86 0
1850 310.37 7.93418 0.01 1 86 0
1861 306.985 7.96246 0.01 1 57 0
1868 310.37 7.96642 0.01 1 86 0
1882 307.379 7.93653 0.01 1 57 0
1898 310.37 7.96642 0.01 1 84 0
1899 310.37 8.00896 0.01 1 85 0
1900 307.045 8.02757 0.01 1 56 0
1903 307.045 8.02757 0.01 1 56 0
1916 307.045 8.02757 0.01 1 57 0
1919 308.126 8.07672 0.01 1 72 0
1927 313.865 8.31526 0.01 1 72 0
1934 307.068 7.91109 0.01 1 57 0
1937 308.567 7.97406 0.01 1 72 0
1942 310.37 8.00896 0.01 1 86 0
1979 310.074 8.07086 0.01 1 72 0
1982 307.865 7.95731 0.01 1 72 0
1983 307.045 7.96437 0.01 1 57 0.000944808
1988 307.379 7.67061 0.01 1 56 0
1996 310.37 7.96642 0.01 1 86 0
2011 310.37 7.83486 0.01 1 84 0
2021 310.37 7.93418 0.01 1 86 0
2041 310.37 8.00193 0.01 1 84 0
2047 310.37 7.83486 0.01 1 84 0
2053 307.045 8.02757 0.01 1 57 0
2054 310.37 7.83486 0.01 1 85 0
2058 307.045 8.02757 0.01 1 57 0
2064 307.379 7.93653 0.01 1 57 0
2081 307.379 7.93653 0.01 1 57 0
2094 310.229 7.49275 0.01 1 72 0
2104 309.659 7.83911 0.01 1 84 -0.0027402
2115 309.019 7.89883 0.01 1 72 0
2132 307.045 8.11913 0.01 1 57 0
2135 309.007 7.62871 0.01 1 72 0
2137 306.501 7.93733 0.01 1 56 0
2138 310.37 7.96642 0.01 1 84 0
2159 306.501 7.93733 0.01 1 56 0
2160 310.37 8.00896 0.01 1 85 0
2162 307.045 8.02757 0.01 1 57 0
2169 310.37 7.96642 0.01 1 84 0
2171 307.045 8.02757 0.01 1 56 0
2179 306.501 7.93733 0.01 1 56 0
2204 310.37 7.68784 0.01 1 85 0
2210 310.37 7.99003 0.01 1 84 0
2212 310.37 7.68784 0.01 1 85 -0.00132184
2217 309.019 7.89883 0.01 1 72 0
2223 308.659 8.08508 0.01 1 72 0
2237 310.37 7.96642 0.01 1 85 0
2239 310.37 7.99003 0.01 1 84 0
2242 308.579 7.75018 0.01 1 72 0
2253 307.045 8.02757 0.01 1 57 0
2280 308.579 7.58196 0.01 1 72 0
2300 307.045 8.02757 0.01 1 55 0
2301 310.501 7.98289 0.01 1 72 0
2305 309.142 8.07086 0.01 1 72 0
2313 310.37 8.00896 0.01 1 85 0
2320 308.579 7.67142 0.01 1 72 0
2331 310.37 7.96642 0.01 1 85 0
2355 309.638 7.88888 0.01 1 72 0
2362 310.37 7.96642 0.01 1 86 0
2374 307.045 8.02757 0.01 1 56 0
2387 309.568 8.07086 0.01 1 72 0
2389 310.37 7.83486 0.01 1 84 0
2427 307.045 7.96246 0.01 1 57 0
2431 307.303 7.93653 0.01 1 57 0
2445 310.076 8.00896 0.01 1 86 0
2447 309.593 8.35223 0.01 1 72 0
2448 307.045 8.02757 0.01 1 57 0
2462 309.909 7.96642 0.01 1 85 0
2464 306.501 7.93733 0.01 1 57 0
2465 307.045 8.02757 0.01 1 55 0
2472 306.501 7.93733 0.01 1 57 0
2473 310.37 7.96642 0.01 1 85 0
2478 306.464 7.93733 0.01 1 57 0
2483 309.436 7.96642 0.01 1 86 0
2484 310.665 7.83911 0.01 1 84 0.0102499
2486 310.336 7.83486 0.01 1 86 0
2487 307.045 7.93733 0.01 1 56 0
2507 310.37 7.83486 0.01 1 86 0
2521 309.481 7.78017 0.01 1 84 0
2538 307.045 7.99307 0.01 1 57 0
2553 310.166 7.49275 0.01 1 72 0
2572 312.463 7.83486 0.01 1 84 0
2594 307.379 7.93653 0.01 1 56 0
2606 306.501 7.94902 0.01 1 56 0
2609 309.019 7.95108 0.01 1 72 0
2629 307.379 7.90567 0.01 1 56 0
2640 310.37 7.96642 0.01 1 85 0
2642 308.518 7.49275 0.01 1 72 0
2647 310.37 7.96642 0.01 1 85 0
2655 310.37 7.96642 0.01 1 85 0
2668 307.379 7.93653 0.01 1 57 0
2669 310.37 7.78038 0.01 1 85 0
2683 308.579 7.67142 0.01 1 72 0
2687 309.184 8.08897 0.01 1 72 0
2690 310.37 7.96642 0.01 1 86 0
2705 310.37 7.82778 0.01 1 85 0
2713 310.37 7.96642 0.01 1 85 0
2717 306.501 7.93733 0.01 1 56 0
2738 309.593 8.35223 0.01 1 72 0
2747 306.501 7.93733 0.01 1 57 0
2751 307.068 7.85046 0.01 1 57 0
2753 310.076 8.00896 0.01 1 86 0
2774 310.37 7.96642 0.01 1 86 0
2775 311.618 7.83486 0.01 1 84 0
2792 308.579 7.58196 0.01 1 72 0
2800 307.303 7.93653 0.01 1 57 0
2802 306.968 7.93733 0.01 1 57 0
2807 310.37 7.88113 0.01 1 84 0
2814 307.379 7.93653 0.01 1 57 0
2818 309.638 8.40528 0.01 1 72 0
2826 309.861 7.83486 0.01 1 84 0
2837 310.312 7.83486 0.01 1 85 0
2839 309.896 8.07086 0.01 1 72 0
2843 309.568 7.93631 0.01 1 72 0
2844 307.045 7.96246 0.01 1 57 0
2850 309.861 7.83486 0.01 1 84 0
2863 309.481 7.78017 0.01 1 84 0
2869 310.37 8.00193 0.01 1 84 0
2870 310.37 7.83486 0.01 1 84 0
2871 310.37 7.96642 0.01 1 85 0
2878 310.37 7.96642 0.01 1 85 0
2881 310.891 8.07086 0.01 1 72 0
2892 310.37 8.00896 0.01 1 85 0
2901 307.303 7.93653 0.01 1 57 0
2918 309.97 7.63243 0.01 1 72 0
2929 309.861 7.83486 0.01 1 84 0
2930 307.045 8.02757 0.01 1 57 0
2934 307.045 8.02757 0.01 1 57 0
2935 310.37 7.83486 0.01 1 84 0
2958 311.909 8.11505 0.01 1 72 0
2964 310.095 7.64119 0.01 1 72 0
2970 310.37 7.94662 0.01 1 84 0
2972 307.244 8.3742 0.01 1 72 0
2996 310.37 7.96642 0.01 1 85 0
3007 310.37 8.00193 0.01 1 84 0
3014 307.045 8.13599 0.01 1 57 0
3043 310.37 7.83486 0.01 1 84 0
3051 308.579 7.75018 0.01 1 72 0
3060 310.37 8.00193 0.01 1 84 0
3077 310.37 7.88113 0.01 1 84 0
3079 310.37 8.00896 0.01 1 85 0
3086 310.336 7.83486 0.01 1 86 0
3093 310.37 7.83486 0.01 1 84 0
3103 310.37 7.83486 0.01 1 86 0
3107 310.37 7.83486 0.01 1 84 0
3127 307.068 7.91109 0.01 1 57 0
3132 308.579 7.58196 0.01 1 72 0
3137 307.045 8.13599 0.01 1 56 0
3138 310.195 7.78805 0.01 1 84 0
3139 310.37 8.00193 0.01 1 84 0
3160 309.122 7.78005 0.01 1 72 0
3181 310.336 7.83486 0.01 1 86 0
3182 310.37 8.00896 0.01 1 85 0
3197 307.068 7.72211 0.01 1 57 0
3210 308.906 7.52418 0.01 1 72 0
3236 307.379 7.90567 0.01 1 56 0
3238 308.579 7.58196 0.01 1 72 0
3246 307.825 7.78005 0.01 1 72 0
3256 310.37 7.96642 0.01 1 84 0
3260 310.076 8.00896 0.01 1 86 0
3264 310.37 7.96642 0.01 1 84 0
3269 307.068 7.91109 0.01 1 57 0
3278 308.579 7.58196 0.01 1 72 0
3295 309.638 8.40528 0.01 1 72 0
3300 310.37 7.96642 0.01 1 84 0
3311 306.501 7.93733 0.01 1 57 0
3312 306.985 7.96246 0.01 1 57 0
3317 309.436 7.96642 0.01 1 85 0
3344 310.37 8.00896 0.01 1 85 0
3353 307.045 8.02757 0.01 1 57 0
3376 310.838 8.12061 0.01 1 72 2.31862e-05
3386 308.567 7.97406 0.01 1 72 0
3394 310.37 7.82778 0.01 1 85 0
3407 307.045 7.93733 0.01 1 57 0
3410 310.37 7.96642 0.01 1 85 0
3416 307.068 7.91109 0.01 1 57 0
3419 310.37 7.7123 0.01 1 84 0
3424 307.045 8.13599 0.01 1 56 0
3439 308.567 7.97406 0.01 1 72 0
3451 309.017 8.08681 0.01 1 72 0
3455 306.985 7.96246 0.01 1 57 0
3462 310.37 7.85205 0.01 1 84 0
3465 310.37 7.82778 0.01 1 85 0
3473 307.045 8.02757 0.01 1 56 0
3482 307.365 7.89268 0.01 1 72 0
3488 308.659 8.08508 0.01 1 72 0
3494 310.37 8.00896 0.01 1 85 0
3514 310.37 7.7123 0.01 1 84 0
3515 310.37 7.96642 0.01 1 84 0
3529 310.37 8.00896 0.01 1 85 0
3534 310.37 7.96642 0.01 1 85 0
3538 307.068 7.85046 0.01 1 57 0
3542 310.767 7.67142 0.01 1 72 0
3545 309.861 7.83486 0.01 1 84 0
3567 309.97 7.58531 0.01 1 72 0
3571 311.097 7.96642 0.01 1 85 0
3576 310.37 7.94124 0.01 1 85 0
3583 308.659 8.08897 0.01 1 72 0
3593 306.501 7.93733 0.01 1 56 0
3600 309.593 8.35223 0.01 1 72 0
3608 310.37 7.83486 0.01 1 86 0
3619 307.045 8.02757 0.01 1 57 0
3620 309.638 7.88888 0.01 1 72 0
3623 309.055 8.0533 0.01 1 72 0
3632 310.37 7.98433 0.01 1 85 0
3633 310.37 7.7123 0.01 1 84 0
3636 308.126 8.07672 0.01 1 72 0
3640 310.37 7.78038 0.01 1 85 0
3655 307.068 7.91109 0.01 1 57 0
3667 307.068 7.78193 0.01 1 57 0
3693 307.321 8.08508 0.01 1 72 0
3710 307.068 7.78193 0.01 1 57 0
3712 310.37 7.96642 0.01 1 84 0
3716 307.068 7.91109 0.01 1 57 0
3717 307.068 7.91109 0.01 1 57 0
3719 310.37 7.83486 0.01 1 85 0
3724 308.443 7.85157 0.01 1 72 0
3731 310.37 8.00896 0.01 1 85 0
3735 308.51 7.49275 0.01 1 72 0
3743 310.37 7.83486 0.01 1 84 0
3761 307.379 7.90567 0.01 1 57 0
3786 306.501 7.93733 0.01 1 57 0
3788 310.37 8.00896 0.01 1 85 0
3792 307.045 8.02757 0.01 1 57 0
3793 309.568 7.93631 0.01 1 72 0
3800 306.501 7.93733 0.01 1 57 0
3805 306.501 7.93733 0.01 1 56 0
3819 309.568 8.07086 0.01 1 72 0
3840 307.068 7.91109 0.01 1 57 0
3844 310.229 7.49275 0.01 1 72 0
3848 310.37 7.96642 0.01 1 85 0
3852 310.838 8.1017 0.01 1 72 0
3856 307.104 8.02757 0.01 1 57 0
3857 310.37 7.96642 0.01 1 85 0
3863 306.855 7.95731 0.01 1 72 0
3869 307.045 8.02757 0.01 1 57 0
3885 309.584 7.8081 0.01 1 72 0
3890 310.37 7.96642 0.01 1 86 0
3897 310.37 7.99003 0.01 1 84 0
3904 310.37 7.96642 0.01 1 86 0
3925 310.37 7.96642 0.01 1 85 0
3929 307.045 8.02757 0.01 1 57 0
3931 310.37 7.93418 0.01 1 86 0
3935 310.37 8.00896 0.01 1 85 0
3944 306.464 7.93733 0.01 1 57 0
3961 310.37 7.96642 0.01 1 84 0
3974 310.37 7.74758 0.01 1 85 0
3982 310.37 7.78038 0.01 1 86 0
3988 306.985 7.96246 0.01 1 57 0
3991 310.37 7.83486 0.01 1 84 0
3996 307.045 8.02757 0.01 1 55 0
4041 310.501 7.98289 0.01 1 72 0
4043 309.97 7.71795 0.01 1 72 0
4052 309.149 7.95924 0.01 1 72 0
4060 310.37 7.96642 0.01 1 85 0
4066 310.37 7.96642 0.01 1 85 0
4074 310.501 7.98289 0.01 1 72 0
4075 310.37 7.78038 0.01 1 85 0
4079 307.045 8.02757 0.01 1 56 0
4082 310.37 7.82778 0.01 1 84 0
4098 310.37 8.00896 0.01 1 85 0
4100 306.501 7.93733 0.01 1 57 0
4103 310.767 7.67142 0.01 1 72 -0.00490093
4104 310.37 7.83486 0.01 1 84 0
4111 310.37 7.78038 0.01 1 86 0
4142 310.37 7.83486 0.01 1 84 0
4147 309.568 8.05697 0.01 1 72 0
4173 310.74 7.96642 0.01 1 85 0.00472304
4174 310.37 7.83486 0.01 1 85 0
4176 310.37 7.96642 0.01 1 84 0
4177 308.126 8.07672 0.01 1 72 0
4181 308.51 7.49275 0.01 1 72 0
4188 308.367 7.93733 0.01 1 57 0
4197 310.74 7.96642 0.01 1 85 0
4198 311.097 7.77143 0.01 1 85 -0.00131862
4208 310.37 8.00193 0.01 1 84 0
4211 309.142 8.07086 0.01 1 72 0
4219 310.37 7.88113 0.01 1 84 0
4224 307.379 7.90567 0.01 1 57 0
4231 311.618 7.83486 0.01 1 84 0
4232 306.501 7.93733 0.01 1 55 0
4265 310.275 7.74723 0.01 1 72 0
4272 309.638 7.88888 0.01 1 72 0
4273 307.068 7.91109 0.01 1 57 0
4275 307.379 7.91411 0.01 1 57 0
4278 309.861 7.83486 0.01 1 84 0
4282 310.37 7.96642 0.01 1 85 0
4304 306.501 7.93733 0.01 1 55 0
4310 309.142 8.07086 0.01 1 72 0
4316 310.37 7.96642 0.01 1 84 0
4324 305.199 7.72096 0.01 1 72 0
4326 310.37 7.96642 0.01 1 86 0
4328 307.045 8.02757 0.01 1 57 0
4338 307.303 7.93653 0.01 1 57 0
4361 306.501 7.93733 0.01 1 55 0
4362 306.501 7.93733 0.01 1 57 0
4363 309.149 8.0307 0.01 1 72 0
4365 306.501 7.93733 0.01 1 56 0
4370 311.097 7.96642 0.01 1 85 0
4401 307.045 7.99307 0.01 1 57 0
4407 310.37 7.96642 0.01 1 86 0
4409 309.149 7.95924 0.01 1 72 0
4412 309.97 7.58531 0.01 1 72 0
4413 310.37 7.94124 0.01 1 84 0
4416 310.37 7.83486 0.01 1 84 0
4418 310.37 7.83486 0.01 1 84 0
4457 307.045 8.02757 0.01 1 57 0
4463 309.568 7.93631 0.01 1 72 0
4464 310.37 7.96642 0.01 1 86 0
4466 307.045 8.02757 0.01 1 57 0
4476 309.593 8.35223 0.01 1 72 0
4480 307.045 7.99307 0.01 1 57 0
4485 307.045 8.02757 0.01 1 56 0
4517 310.229 7.49275 0.01 1 72 0
4522 307.045 8.02757 0.01 1 57 0
4527 310.37 7.83486 0.01 1 84 0
4536 310.471 7.96642 0.01 1 84 0.00122963
4552 310.915 7.83486 0.01 1 84 0
4553 307.045 8.02757 0.01 1 57 0
4561 309.481 7.78017 0.01 1 84 0
4565 309.909 7.90618 0.01 1 85 -0.000584155
4569 307.045 7.99307 0.01 1 57 0
4570 307.379 7.93653 0.01 1 57 0
4577 310.076 8.00896 0.01 1 86 0
4587 308.126 8.07672 0.01 1 72 0
4596 308.323 7.49479 0.01 1 72 0
4607 310.37 7.96642 0.01 1 84 0
4613 306.985 7.96246 0.01 1 57 0
4614 310.838 8.17652 0.01 1 72 0.000125036
4621 307.045 8.02757 0.01 1 57 0
4624 310.37 8.00896 0.01 1 85 0
4641 310.37 7.96642 0.01 1 84 0
4648 310.37 7.83486 0.01 1 86 0
4653 309.909 7.96642 0.01 1 85 0
4665 307.045 8.02757 0.01 1 56 0
4670 308.579 7.58196 0.01 1 72 0
4685 306.501 7.93733 0.01 1 56 0
4689 310.37 7.96642 0.01 1 86 0
4690 306.501 7.93733 0.01 1 57 0
4694 310.37 7.96642 0.01 1 85 0
4708 308.518 7.49275 0.01 1 72 0
4740 310.37 7.96642 0.01 1 85 0
4743 307.045 7.99307 0.01 1 57 0
4776 307.068 7.85046 0.01 1 57 0
4784 309.97 7.63243 0.01 1 72 0
4787 310.37 7.83486 0.01 1 85 0
4792 310.37 7.83486 0.01 1 85 0
4794 310.37 7.83486 0.01 1 85 0
4804 307.068 7.78193 0.01 1 57 0
4808 309.593 8.35223 0.01 1 72 0
4827 310.37 7.83486 0.01 1 86 0
4843 307.045 8.02757 0.01 1 57 0
4844 310.37 7.96642 0.01 1 85 0
4849 310.37 7.88113 0.01 1 84 0
4854 307.045 7.96246 0.01 1 57 0
4866 309.019 7.80634 0.01 1 72 -1.49012e-08
4880 309.861 7.83486 0.01 1 85 0
4884 310.37 8.00896 0.01 1 85 0
4891 310.37 7.78038 0.01 1 86 0
4892 307.379 7.90567 0.01 1 57 0
4894 309.149 8.0307 0.01 1 72 0
4900 307.865 7.95731 0.01 1 72 0
4903 307.068 7.85046 0.01 1 57 0
4915 310.37 7.7458 0.01 1 84 0
4921 307.379 7.90567 0.01 1 56 0
4929 310.37 7.96642 0.01 1 86 0
4934 309.638 8.40528 0.01 1 72 0
4940 307.379 7.93653 0.01 1 57 0
4943 307.045 8.02757 0.01 1 55 0
4963 310.37 7.83486 0.01 1 86 0
4966 309.568 7.93631 0.01 1 72 0
4973 310.37 7.94124 0.01 1 84 0
4986 310.37 7.68784 0.01 1 85 0
4988 308.579 7.75018 0.01 1 72 0
4993 307.068 7.91109 0.01 1 57 0
5000 307.83 7.97406 0.01 1 72 0
5002 310.055 7.80207 0.01 1 72 0
5006 307.045 8.02757 0.01 1 57 0
5007 310.37 7.94124 0.01 1 85 0
5011 308.126 8.07672 0.01 1 72 0
5016 310.37 7.96642 0.01 1 85 0
5021 310.501 7.98289 0.01 1 72 0
5025 310.37 7.83486 0.01 1 84 0
5039 310.37 7.83486 0.01 1 84 0
5047 307.045 8.02757 0.01 1 57 0
5052 310.37 7.83486 0.01 1 85 0
5077 307.068 7.91109 0.01 1 57 0
5080 309.861 7.83486 0.01 1 84 0
5090 308.253 7.71795 0.01 1 72 0.000635445
5093 310.37 7.83486 0.01 1 84 0
5110 310.811 7.94124 0.01 1 84 0
5122 308.906 7.52418 0.01 1 72 0
5126 310.37 8.00193 0.01 1 84 0
5136 309.149 8.0307 0.01 1 72 0
5147 308.126 8.07672 0.01 1 72 0
5154 307.577 8.00703 0.01 1 72 0
5167 307.068 7.85046 0.01 1 57 0
5192 310.37 7.96642 0.01 1 85 0
5213 309.97 7.55068 0.01 1 72 0
5220 310.37 7.96642 0.01 1 85 0
5223 308.567 7.97406 0.01 1 72 0
5237 308.367 7.93733 0.01 1 57 0
5238 309.149 8.0307 0.01 1 72 0
5245 307.379 7.93653 0.01 1 57 0
5250 308.886 8.04301 0.01 1 72 0.00255303
5262 307.045 8.02757 0.01 1 57 0
5263 307.379 7.90567 0.01 1 57 0
5279 308.579 7.75018 0.01 1 72 0
5282 310.37 7.98433 0.01 1 85 0
5314 308.51 7.49275 0.01 1 72 0
5315 309.861 7.83911 0.01 1 85 0
5328 306.647 8.01119 0.01 1 72 0
5330 310.37 7.78038 0.01 1 86 0
5335 310.113 7.96642 0.01 1 84 0
5340 306.77 7.44875 0.01 1 72 0
5346 310.37 7.82778 0.01 1 84 0
5350 308.579 7.58196 0.01 1 72 0
5373 310.37 7.83486 0.01 1 86 0
5376 307.045 8.05174 0.01 1 57 0.000224009
5377 310.811 7.94124 0.01 1 84 0
5380 310.37 7.83486 0.01 1 84 0
5394 310.37 8.00193 0.01 1 84 0
5398 307.865 7.95731 0.01 1 72 0
5422 308.367 7.93733 0.01 1 57 0
5425 310.37 8.05601 0.01 1 84 0
5434 307.068 7.78193 0.01 1 57 0
5449 307.045 7.97099 0.01 1 57 0
5456 305.406 7.93733 0.01 1 56 0
5458 309.638 7.88888 0.01 1 72 0
5467 310.37 7.88113 0.01 1 84 0
5472 309.436 7.96642 0.01 1 86 0
5473 310.076 8.00896 0.01 1 86 0
5474 310.37 7.83486 0.01 1 85 0
5486 307.244 7.87204 0.01 1 72 0
5499 309.149 8.0307 0.01 1 72 0
5517 310.37 7.94124 0.01 1 84 0
5526 307.068 7.78193 0.01 1 57 0
5528 310.37 7.88113 0.01 1 84 0
5535 310.37 7.96642 0.01 1 85 0
5539 310.37 7.83486 0.01 1 84 0
5553 310.312 7.83486 0.01 1 85 0
5556 310.667 8.00896 0.01 1 86 0.00805712
5613 307.045 8.13599 0.01 1 57 0
5619 306.985 7.96246 0.01 1 57 0
5627 306.501 7.94902 0.01 1 56 0.000110447
5634 309.97 7.58531 0.01 1 72 0
5642 310.095 7.64119 0.01 1 72 0
5646 310.37 7.83486 0.01 1 86 0
5655 310.37 7.82778 0.01 1 84 0
5658 310.893 7.83486 0.01 1 85 0
5663 307.045 8.02757 0.01 1 57 0
5666 310.37 7.83486 0.01 1 85 0
5668 306.501 7.93733 0.01 1 57 0
5670 307.045 8.02757 0.01 1 57 0
5674 310.37 7.83098 0.01 1 85 0
5679 307.068 7.91109 0.01 1 57 0
5687 310.37 7.96642 0.01 1 86 0
5696 310.37 7.83486 0.01 1 84 0
5705 307.045 8.02757 0.01 1 57 0
5710 307.379 7.93653 0.01 1 57 0
5733 307.045 8.02757 0.01 1 57 0
5744 308.323 7.49883 0.01 1 72 0
5748 306.639 7.58077 0.01 1 72 0
5749 309.97 7.55068 0.01 1 72 0
5752 309.593 8.35223 0.01 1 72 0
5755 310.336 7.83486 0.01 1 85 0
5768 310.37 7.96642 0.01 1 86 0
5793 307.068 7.78193 0.01 1 57 0
5813 309.122 7.78005 0.01 1 72 0
5818 310.838 8.1017 0.01 1 72 0
5837 310.37 7.7458 0.01 1 84 0
5839 310.149 8.28673 0.01 1 72 -0.00217704
5842 306.985 7.96246 0.01 1 57 0
5844 307.045 7.99307 0.01 1 57 0
5849 310.37 7.83486 0.01 1 86 0
5857 310.37 7.96642 0.01 1 85 0
5858 309.638 7.88888 0.01 1 72 0
5863 307.045 7.7631 0.01 1 57 -0.00256655
5886 310.37 7.83486 0.01 1 84 0
5902 307.045 8.02757 0.01 1 57 0
5917 310.37 7.96642 0.01 1 84 0
5921 307.865 7.76516 0.01 1 72 0
5923 309.568 8.07086 0.01 1 72 0
5932 310.37 7.96642 0.01 1 84 0
5976 310.37 8.00896 0.01 1 85 0
5985 307.045 7.93733 0.01 1 57 0
5987 307.068 7.78193 0.01 1 57 0
5991 306.501 7.93733 0.01 1 57 0
5992 313.865 8.31526 0.01 1 72 0
6017 310.37 7.83098 0.01 1 85 0
6024 309.593 8.35223 0.01 1 72 0
6035 310.37 8.00193 0.01 1 85 0
6037 310.37 7.99003 0.01 1 84 0
6058 310.336 7.83486 0.01 1 85 0
6075 310.37 7.96642 0.01 1 86 0
6077 310.37 8.00193 0.01 1 84 0
6080 310.37 7.78038 0.01 1 86 0
6081 310.37 7.83486 0.01 1 86 0
6108 307.045 8.10826 0.01 1 57 0
6130 310.37 7.83486 0.01 1 85 0
6142 310.37 7.89796 0.01 1 85 0
6143 308.51 7.49275 0.01 1 72 0
6153 307.379 7.90567 0.01 1 57 0
6160 307.045 7.99307 0.01 1 57 0
6171 307.045 8.02757 0.01 1 57 0
6174 309.568 8.07086 0.01 1 72 0
6186 310.37 7.96642 0.01 1 84 0
6200 308.906 7.52418 0.01 1 72 0
6202 310.688 8.04301 0.01 1 72 0
6210 309.593 8.35223 0.01 1 72 0
6211 307.068 7.78193 0.01 1 57 0
6212 309.861 7.83911 0.01 1 85 0
6220 310.37 7.7123 0.01 1 84 0
6226 307.045 8.05464 0.01 1 56 0.000980169
6232 309.481 7.78017 0.01 1 84 0
6246 307.379 7.90567 0.01 1 57 0
6251 310.139 7.83486 0.01 1 84 -0.00296175
6264 307.045 8.02757 0.01 1 57 0
6265 307.045 8.02757 0.01 1 57 0
6267 310.37 7.96642 0.01 1 84 0
6270 308.126 8.07672 0.01 1 72 0
6275 309.584 7.8081 0.01 1 72 0
6276 310.166 7.41081 0.01 1 72 0
6296 306.985 7.96246 0.01 1 56 0
6300 309.029 8.0307 0.01 1 72 3.27677e-05
6323 309.568 8.07086 0.01 1 72 0
6324 307.045 8.11913 0.01 1 57 0
6333 310.113 7.96642 0.01 1 84 -0.00320725
6344 308.567 7.97406 0.01 1 72 0
6349 307.045 8.02757 0.01 1 56 0
6352 310.37 7.83486 0.01 1 84 0
6373 307.068 7.91109 0.01 1 57 0
6374 307.865 7.95731 0.01 1 72 0
6378 307.045 8.02757 0.01 1 57 0
6380 307.045 8.02757 0.01 1 56 0
6385 307.379 7.93653 0.01 1 57 0
6387 310.37 7.83486 0.01 1 84 0
6394 307.045 8.02757 0.01 1 57 0
6397 309.234 8.02757 0.01 1 57 -0.0316009
6410 308.51 7.49275 0.01 1 72 0
6432 309.861 7.83486 0.01 1 84 0
6441 312.508 7.83486 0.01 1 84 0.0220352
6449 310.229 7.49275 0.01 1 72 0
6458 310.37 7.83486 0.01 1 85 0
6465 310.37 7.83486 0.01 1 84 0
6466 307.045 7.96246 0.01 1 57 0
6472 309.694 7.87041 0.01 1 72 0
6482 310.37 7.83486 0.01 1 84 0
6490 307.045 7.93733 0.01 1 57 0
6495 310.37 7.83486 0.01 1 84 0
6503 309.861 7.83486 0.01 1 84 0
6505 307.045 7.99307 0.01 1 57 0
6508 310.229 7.49275 0.01 1 72 0
6513 306.501 7.93733 0.01 1 56 0
6521 307.244 8.3742 0.01 1 72 0
6522 309.568 8.05697 0.01 1 72 0
6547 307.045 8.02757 0.01 1 57 0
6553 307.379 7.93653 0.01 1 57 0
6554 307.045 8.13599 0.01 1 56 0
6555 310.501 7.98289 0.01 1 72 0
6565 307.045 8.02757 0.01 1 56 0
6577 309.97 7.71795 0.01 1 72 0
6578 310.37 7.96642 0.01 1 86 0
6585 310.37 7.78038 0.01 1 86 0
6592 307.045 7.97099 0.01 1 57 -0.00152291
6608 309.97 7.58531 0.01 1 72 0
6615 307.045 7.96246 0.01 1 57 0
6643 307.045 7.99307 0.01 1 57 0
6648 310.166 7.41081 0.01 1 72 0
6650 307.068 7.85046 0.01 1 57 0
6651 306.501 7.93733 0.01 1 56 0
6670 307.045 8.02757 0.01 1 57 0
6673 310.076 8.00896 0.01 1 86 0
6678 310.37 7.83486 0.01 1 84 0
6681 310.37 7.83486 0.01 1 86 0
6695 307.379 7.93653 0.01 1 57 0
6697 309.593 8.35223 0.01 1 72 0
6705 310.37 7.83486 0.01 1 86 0
6716 310.076 8.00896 0.01 1 86 0
6717 306.985 7.96246 0.01 1 57 0.000809297
6733 311.357 7.77414 0.01 1 84 0
6746 309.007 7.62871 0.01 1 72 0
6750 307.379 7.90567 0.01 1 57 0
6754 307.865 7.95731 0.01 1 72 0
6759 307.068 7.85046 0.01 1 57 0
6764 307.365 7.89268 0.01 1 72 0
6808 306.401 7.93653 0.01 1 56 0.013769
6809 310.37 7.96642 0.01 1 85 0
6810 306.985 7.96246 0.01 1 56 0
6812 308.579 7.58196 0.01 1 72 0
6863 310.37 7.83486 0.01 1 84 0
6866 310.37 8.17871 0.01 1 84 0
6869 309.861 7.83486 0.01 1 84 0
6870 307.068 7.91109 0.01 1 57 0
6872 307.068 7.72211 0.01 1 57 0
6888 308.054 8.02877 0.01 1 72 0
6891 310.37 7.93933 0.01 1 85 -0.000378862
6892 311.357 7.73983 0.01 1 85 0
6897 307.57 7.93733 0.01 1 57 0
6914 310.312 7.83486 0.01 1 85 0
6933 306.985 7.96246 0.01 1 57 0
6959 310.336 7.83486 0.01 1 85 0
6966 310.37 7.93418 0.01 1 86 0
6970 309.568 7.93631 0.01 1 72 0
6972 310.37 8.00193 0.01 1 84 0
6974 310.37 7.96642 0.01 1 84 0
6978 309.861 7.83911 0.01 1 85 0
6982 310.01 7.94124 0.01 1 84 0
6989 310.37 7.96642 0.01 1 86 0
6999 309.149 8.0307 0.01 1 72 0
7010 307.303 7.93653 0.01 1 57 0
7020 307.045 7.96246 0.01 1 57 0
7034 310.37 7.96642 0.01 1 85 0
7046 310.37 8.11536 0.01 1 85 0.00122234
7050 310.37 7.93418 0.01 1 86 0
7059 309.149 8.0307 0.01 1 72 0
7079 309.149 8.0307 0.01 1 72 0
7084 310.37 7.83486 0.01 1 85 0
7086 309.007 7.62871 0.01 1 72 0
7092 310.37 7.96642 0.01 1 84 0
7121 310.074 8.07086 0.01 1 72 0
7130 310.37 8.00896 0.01 1 85 0
7137 310.37 7.82778 0.01 1 85 0
7138 309.861 7.83486 0.01 1 84 0
7159 307.045 8.02757 0.01 1 55 0
7174 311.146 7.41081 0.01 1 72 0
7180 310.37 7.94124 0.01 1 84 0
7184 307.045 8.02757 0.01 1 57 0
7188 309.568 8.07086 0.01 1 72 0
7206 308.579 7.58196 0.01 1 72 0
7207 310.37 7.96642 0.01 1 84 0
7217 310.37 7.83486 0.01 1 85 0
7223 307.379 7.90567 0.01 1 57 0
7228 306.501 7.93733 0.01 1 56 0
7234 309.019 7.89883 0.01 1 72 0
7241 310.37 7.99003 0.01 1 84 0
7248 309.861 7.83486 0.01 1 84 0
7257 310.37 8.00896 0.01 1 85 0
7264 306.501 7.93733 0.01 1 56 0
7271 310.37 7.96642 0.01 1 86 0
7276 310.076 8.00896 0.01 1 86 0
7283 310.37 7.96642 0.01 1 84 0
7295 310.37 8.00896 0.01 1 86 0
7316 307.527 7.90567 0.01 1 57 -0.00211373
7319 307.045 8.13599 0.01 1 56 0
7366 307.045 8.02757 0.01 1 57 0
7369 308.323 7.52658 0.01 1 72 0
7376 310.37 7.74758 0.01 1 85 0
7382 308.367 7.93733 0.01 1 57 0
7387 307.57 7.93733 0.01 1 57 0
7396 308.567 7.97406 0.01 1 72 0
7403 307.379 7.93653 0.01 1 57 0
7413 307.045 7.97293 0.01 1 56 0
7430 306.501 7.93733 0.01 1 57 0
7448 307.865 7.95731 0.01 1 72 0
7459 308.323 7.52658 0.01 1 72 0
7467 310.37 7.83486 0.01 1 86 0
7486 307.045 7.96246 0.01 1 56 0
7487 309.568 8.05697 0.01 1 72 0
7491 313.865 8.31526 0.01 1 72 0
7507 310.37 7.96642 0.01 1 86 0
7513 309.481 7.78017 0.01 1 84 0
7522 308.51 7.49275 0.01 1 72 0
7525 307.379 7.93653 0.01 1 57 0
7527 308.367 8.05177 0.01 1 57 0
7529 307.379 7.91411 0.01 1 57 0
7532 309.481 7.78017 0.01 1 84 0
7548 310.37 7.96642 0.01 1 85 0
7557 309.142 8.07086 0.01 1 72 0
7568 309.857 8.08897 0.01 1 72 0
7586 310.37 7.7458 0.01 1 84 0
7594 310.229 7.55758 0.01 1 72 4.50611e-05
7601 308.283 8.3742 0.01 1 72 0.00359476
7630 310.37 7.71222 0.01 1 86 -0.000709161
7631 308.579 7.58196 0.01 1 72 0
7632 308.126 8.07672 0.01 1 72 0
7686 312.51 7.83486 0.01 1 84 0
7731 307.068 7.72211 0.01 1 57 0
7742 309.568 8.07086 0.01 1 72 0
7750 309.593 8.35223 0.01 1 72 0
7754 309.017 8.08681 0.01 1 72 0
7757 309.142 8.07086 0.01 1 72 0
7758 310.336 7.83486 0.01 1 85 0
7759 310.37 7.96642 0.01 1 84 0
7760 307.045 8.02757 0.01 1 57 0
7761 309.694 8.07086 0.01 1 72 0
7770 308.076 7.49275 0.01 1 72 0
7780 310.37 7.96642 0.01 1 84 0
7783 307.045 8.13599 0.01 1 57 0.000991747
7787 307.045 8.13599 0.01 1 57 0
7804 310.37 7.96642 0.01 1 85 0
7807 310.37 7.96642 0.01 1 84 0
7811 310.37 7.96642 0.01 1 86 0
7813 307.068 7.91109 0.01 1 57 0
7824 309.97 7.71795 0.01 1 72 0
7834 307.068 7.91109 0.01 1 57 0
7845 310.37 7.88113 0.01 1 84 0
7847 307.045 7.96246 0.01 1 56 0
7860 310.37 7.96642 0.01 1 84 0
7897 310.336 7.83486 0.01 1 85 0
7908 307.379 7.90567 0.01 1 57 0
7918 310.37 8.16653 0.01 1 84 0
7920 310.37 7.83486 0.01 1 86 0
7937 310.37 7.83486 0.01 1 86 0
7943 310.37 7.94124 0.01 1 85 0
7949 309.97 7.58531 0.01 1 72 0
7957 309.218 8.05601 0.01 1 84 -0.0148778
7973 308.253 7.71795 0.01 1 72 0
7997 309.593 8.35223 0.01 1 72 0
7998 310.37 7.83486 0.01 1 85 0
8002 308.673 7.9379 0.01 1 72 0
8006 310.37 7.96642 0.01 1 86 0
8010 308.367 7.93733 0.01 1 57 0
8011 310.37 7.83486 0.01 1 85 0
8014 310.37 7.83486 0.01 1 86 0
8020 309.019 7.89883 0.01 1 72 0
8024 310.37 8.00896 0.01 1 85 0
8026 310.571 8.04166 0.01 1 72 0
8029 310.37 7.96642 0.01 1 86 0
8033 311.618 7.83486 0.01 1 84 0
8045 307.045 8.02757 0.01 1 57 0
8064 307.068 7.85046 0.01 1 57 0
8073 306.501 7.93733 0.01 1 57 0
8082 307.068 7.78193 0.01 1 57 0
8100 308.126 8.07672 0.01 1 72 0
8111 309.568 8.07086 0.01 1 72 0
8121 310.893 7.83486 0.01 1 84 0
8132 307.83 7.95195 0.01 1 72 0
8136 307.83 7.95195 0.01 1 72 -1.17868e-05
8141 306.501 7.93733 0.01 1 56 0
8165 310.37 7.94124 0.01 1 84 0
8166 310.37 7.99003 0.01 1 84 0
8180 310.37 7.83486 0.01 1 85 0
8198 310.076 8.00896 0.01 1 86 0
8199 310.057 7.64119 0.01 1 72 0
8211 309.584 7.8081 0.01 1 72 0
8214 308.579 7.58196 0.01 1 72 0
8221 310.37 7.82778 0.01 1 84 0
8223 310.37 7.96642 0.01 1 84 0
8224 310.37 7.7458 0.01 1 84 0
8238 310.37 7.83486 0.01 1 84 0
8239 307.379 7.90567 0.01 1 56 0
8244 307.045 7.96246 0.01 1 57 0
8245 310.37 7.96642 0.01 1 86 0
8248 310.417 8.03668 0.01 1 84 0
8278 307.045 8.13599 0.01 1 57 0
8286 311.618 7.83486 0.01 1 84 0
8299 307.379 7.90567 0.01 1 56 0
8311 310.37 7.88113 0.01 1 84 0
8314 309.593 8.35223 0.01 1 72 0
8315 307.701 8.04301 0.01 1 72 0
8320 307.045 7.96246 0.01 1 56 0
8323 310.37 7.83486 0.01 1 84 0
8332 307.303 7.93653 0.01 1 57 0
8334 310.166 7.49275 0.01 1 72 0
8348 310.37 7.94124 0.01 1 85 0
8358 310.37 7.96642 0.01 1 84 0
8363 308.51 7.49275 0.01 1 72 0
8364 309.019 7.89883 0.01 1 72 0
8380 310.37 8.00896 0.01 1 86 0
8403 310.37 7.83486 0.01 1 86 0
8405 310.37 8.00896 0.01 1 85 0
8409 310.989 7.71756 0.01 1 72 0
8447 310.37 8.00193 0.01 1 84 0
8453 309.122 7.78005 0.01 1 72 0
8472 306.985 7.96246 0.01 1 57 0
8482 307.379 7.93653 0.01 1 57 0
8488 309.861 7.83486 0.01 1 84 0
8513 308.567 7.97406 0.01 1 72 0
8522 310.37 7.83486 0.01 1 84 0
8532 310.37 7.96642 0.01 1 86 0
8535 310.076 8.00896 0.01 1 86 0
8536 310.37 8.00896 0.01 1 85 0
8540 310.37 7.96642 0.01 1 85 0
8541 310.37 7.96642 0.01 1 85 0
8553 309.568 8.07086 0.01 1 72 0
8564 310.37 7.83486 0.01 1 84 0
8567 309.122 7.78005 0.01 1 72 0
8574 310.37 7.96642 0.01 1 84 0
8583 310.37 7.96642 0.01 1 86 0
8584 310.37 7.96642 0.01 1 84 0
8590 312.463 7.83486 0.01 1 84 0.0216834
8594 309.019 7.89883 0.01 1 72 0
8596 310.37 7.68784 0.01 1 85 0
8603 310.229 7.49275 0.01 1 72 0
8604 310.37 7.96642 0.01 1 85 0
8606 310.37 7.83486 0.01 1 84 0
8607 306.985 7.96246 0.01 1 56 0
8608 308.579 7.58196 0.01 1 72 0
8612 310.076 8.00896 0.01 1 86 0
8617 309.575 8.00896 0.01 1 85 -0.0107248
8637 309.142 8.07086 0.01 1 72 0
8646 310.076 8.00896 0.01 1 86 0
8647 308.323 7.49883 0.01 1 72 0
8669 310.37 7.7123 0.01 1 84 -0.00127223
8677 310.37 7.98433 0.01 1 85 0
8685 307.045 8.02757 0.01 1 57 0
8698 307.068 7.85046 0.01 1 57 0
8706 307.045 7.93733 0.01 1 57 0
8745 309.149 8.0307 0.01 1 72 0
8749 307.045 8.02757 0.01 1 56 0
8752 310.37 7.96642 0.01 1 85 0
8774 308.367 7.93733 0.01 1 57 0
8785 310.37 7.83098 0.01 1 85 0
8789 310.074 8.07086 0.01 1 72 0
8791 311.357 7.78805 0.01 1 84 0
8792 310.37 7.96642 0.01 1 85 0
8807 310.37 7.83486 0.01 1 84 0
8814 310.514 7.96642 0.01 1 84 0
8816 309.436 7.96642 0.01 1 86 0
8827 310.514 7.96642 0.01 1 84 0
8829 310.37 8.00896 0.01 1 85 0
8844 307.774 7.49479 0.01 1 72 0
8848 307.045 8.02757 0.01 1 57 0
8849 306.985 7.96246 0.01 1 57 0
8855 306.501 7.93733 0.01 1 57 0
8884 306.985 7.96246 0.01 1 57 0
8894 306.501 7.93733 0.01 1 57 0
8897 310.37 7.96642 0.01 1 85 0
8904 307.045 8.02757 0.01 1 57 0
8910 307.068 7.91109 0.01 1 57 0
8919 309.638 8.40528 0.01 1 72 0
8927 310.37 7.96642 0.01 1 86 0
8929 307.379 7.90567 0.01 1 56 0
8939 310.37 7.83486 0.01 1 84 0
8944 310.74 7.96642 0.01 1 85 0
8956 309.97 7.58531 0.01 1 72 0
8960 309.149 8.0307 0.01 1 72 0
8980 310.37 7.96642 0.01 1 85 0
9003 310.37 7.85205 0.01 1 84 0
9005 307.045 7.96246 0.01 1 56 0
9008 310.37 7.96642 0.01 1 86 0
9010 307.379 7.90567 0.01 1 57 0
9011 308.567 7.97406 0.01 1 72 0
9013 308.567 7.97406 0.01 1 72 0
9024 310.37 7.83486 0.01 1 84 0
9036 310.37 7.85205 0.01 1 84 0
9043 310.37 7.96642 0.01 1 86 0
9045 309.568 8.07086 0.01 1 72 0
9056 307.068 7.85046 0.01 1 57 0
9069 310.37 7.83486 0.01 1 84 0
9072 309.638 7.88888 0.01 1 72 0
9079 307.068 7.78193 0.01 1 57 0
9102 311.618 7.83486 0.01 1 84 0
9107 310.275 7.74723 0.01 1 72 0
9110 310.37 7.96642 0.01 1 86 0
9119 309.568 8.07086 0.01 1 72 0
9133 308.076 7.49275 0.01 1 72 0
9138 310.37 7.96642 0.01 1 84 0
9145 309.568 8.07086 0.01 1 72 0
9153 310.229 7.49275 0.01 1 72 0
9174 309.593 8.30055 0.01 1 72 -6.22869e-06
9185 311.618 7.83486 0.01 1 84 0
9190 308.567 7.97406 0.01 1 72 0
9198 306.501 7.93733 0.01 1 57 0
9200 310.37 7.7458 0.01 1 84 0
9211 310.336 7.83486 0.01 1 86 0
9233 307.045 7.93733 0.01 1 57 0
9235 310.336 7.83486 0.01 1 86 0
9261 310.37 7.96642 0.01 1 84 0
9262 307.068 7.91109 0.01 1 57 0
9268 308.076 7.49275 0.01 1 72 0
9278 310.37 7.88113 0.01 1 84 0
9288 310.37 7.96642 0.01 1 85 0
9289 305.968 7.95731 0.01 1 72 0
9297 309.97 7.63243 0.01 1 72 0
9298 306.968 7.93733 0.01 1 57 0
9308 308.518 7.49275 0.01 1 72 1.41412e-05
9318 310.37 7.83486 0.01 1 84 0
9323 307.379 8.00741 0.01 1 57 0.00105587
9337 308.567 7.97406 0.01 1 72 0
9338 307.045 8.02757 0.01 1 57 0
9345 308.579 7.58196 0.01 1 72 0
9348 307.068 7.91109 0.01 1 57 0
9349 310.229 7.49275 0.01 1 72 0
9356 309.97 7.63243 0.01 1 72 0
9363 307.365 7.89268 0.01 1 72 0
9386 310.37 7.83486 0.01 1 84 0
9428 310.37 7.78038 0.01 1 86 0
9500 310.37 7.96642 0.01 1 86 0
9504 307.045 8.10826 0.01 1 57 0.00159302
9519 310.37 8.00896 0.01 1 85 0
9527 310.37 7.96642 0.01 1 85 0
9548 310.37 7.83486 0.01 1 84 0
9558 309.184 8.08897 0.01 1 72 0
9563 310.37 7.96642 0.01 1 86 0
9589 307.577 8.00703 0.01 1 72 0
9603 310.37 7.83486 0.01 1 85 0
9604 308.579 7.58196 0.01 1 72 0
9642 307.045 8.13599 0.01 1 56 0
9659 308.579 7.58196 0.01 1 72 0
9662 306.501 7.93733 0.01 1 55 0
9664 310.37 7.96642 0.01 1 85 0
9665 310.37 8.1311 0.01 1 84 0.00209749
9673 310.37 7.78038 0.01 1 86 0
9697 307.379 7.84877 0.01 1 57 -0.000928938
9704 307.068 7.85046 0.01 1 57 0
9723 310.37 7.96642 0.01 1 84 0
9731 307.045 8.02757 0.01 1 55 0
9736 310.37 7.96642 0.01 1 85 0
9742 307.045 8.02757 0.01 1 57 0
9747 311.618 7.83486 0.01 1 84 0
9775 310.166 7.49275 0.01 1 72 0
9778 306.501 7.93733 0.01 1 57 0
9787 310.37 7.83486 0.01 1 85 0
9801 309.638 8.04166 0.01 1 72 0
9809 309.861 7.83486 0.01 1 84 0
9826 310.37 8.00193 0.01 1 84 0
9829 306.501 7.93733 0.01 1 56 0
9843 309.638 8.40528 0.01 1 72 0
9845 310.37 7.7458 0.01 1 84 0
9858 310.37 7.94124 0.01 1 84 0
9863 309.122 7.81812 0.01 1 72 6.15418e-06
9872 310.37 7.94124 0.01 1 84 0
9873 307.379 7.90567 0.01 1 57 0
9879 309.149 8.0307 0.01 1 72 0
9893 310.229 7.55758 0.01 1 72 0
9894 307.068 7.78193 0.01 1 57 0
9905 308.51 7.49275 0.01 1 72 0
9911 310.057 7.64119 0.01 1 72 0
9915 306.985 7.96246 0.01 1 57 0
9929 311.164 7.78017 0.01 1 84 0
9932 310.37 7.83098 0.01 1 85 0
9955 307.379 7.90567 0.01 1 56 0
9965 309.481 7.78017 0.01 1 84 0
9995 310.37 7.83486 0.01 1 85 0
9996 307.701 8.04301 0.01 1 72 0
10004 307.045 7.93733 0.01 1 57 0
10023 310.01 7.94124 0.01 1 84 -0.0045418
10031 310.37 7.83486 0.01 1 84 0
10034 307.966 8.04301 0.01 1 72 0
10036 309.568 8.07385 0.01 1 72 0
10045 310.37 7.94124 0.01 1 85 0
10053 307.379 7.90567 0.01 1 56 0
10056 310.37 7.83486 0.01 1 86 0
10079 307.379 7.90567 0.01 1 56 0
10086 307.045 7.96246 0.01 1 57 0
10094 310.37 7.88113 0.01 1 85 0
10111 310.37 7.96642 0.01 1 85 0
10114 307.83 7.97406 0.01 1 72 0
10141 310.37 8.00193 0.01 1 84 0
10147 310.37 7.96642 0.01 1 86 0
10181 308.51 7.49275 0.01 1 72 0
10193 310.37 7.83486 0.01 1 84 0
10214 310.37 7.96642 0.01 1 86 0
10215 307.865 7.95731 0.01 1 72 0
10217 306.639 7.58077 0.01 1 72 0
10220 310.37 7.83486 0.01 1 85 0
10239 310.37 7.74758 0.01 1 84 0
10253 310.336 7.83486 0.01 1 84 0
10257 309.484 8.35223 0.01 1 72 0
10264 310.501 7.98289 0.01 1 72 0
10269 309.694 7.87041 0.01 1 72 -3.77744e-05
10283 311.618 7.83486 0.01 1 84 0
10286 307.701 8.02143 0.01 1 72 0
10292 310.37 7.93418 0.01 1 86 0
10312 307.045 8.02757 0.01 1 56 0
10323 310.37 7.83486 0.01 1 84 0
10358 307.379 7.67061 0.01 1 56 -0.00287761
10361 310.37 7.96642 0.01 1 86 0
10376 307.379 7.90567 0.01 1 57 0
10377 310.37 7.99003 0.01 1 84 0
10391 310.37 8.00896 0.01 1 85 0
10394 310.336 7.83486 0.01 1 85 0
10398 307.045 8.13599 0.01 1 56 0
10404 310.37 7.96642 0.01 1 85 0
10408 310.37 8.00896 0.01 1 85 0
10412 309.568 8.07086 0.01 1 72 0
10413 311.357 7.73983 0.01 1 84 0
10417 306.501 7.94902 0.01 1 56 0
10420 310.37 7.83486 0.01 1 84 0
10424 307.045 8.02757 0.01 1 57 0
10426 310.37 7.83486 0.01 1 85 0
10492 308.367 7.93733 0.01 1 57 0
10498 309.638 7.88888 0.01 1 72 0
10510 307.068 7.78193 0.01 1 57 0
10511 309.484 8.35223 0.01 1 72 0
10515 307.045 8.02757 0.01 1 56 0
10518 309.638 8.40528 0.01 1 72 0
10530 307.045 8.13599 0.01 1 55 0
10531 310.37 7.83486 0.01 1 85 0
10537 309.568 8.07086 0.01 1 72 0
10538 310.665 7.70374 0.01 1 84 -0.000921905
10546 308.076 7.49275 0.01 1 72 0
10555 310.37 7.96642 0.01 1 86 0
10570 311.038 7.39273 0.01 1 72 0
10576 307.527 7.90567 0.01 1 57 0
10587 306.501 7.93733 0.01 1 57 0
10596 310.838 8.1017 0.01 1 72 0
10601 307.068 7.78193 0.01 1 57 0
10604 307.379 7.90567 0.01 1 57 0
10632 310.37 7.7123 0.01 1 84 0
10634 310.37 7.83486 0.01 1 84 0
10636 308.579 7.58196 0.01 1 72 0
10646 306.526 7.93733 0.01 1 57 -0.000317052
10651 307.57 7.93733 0.01 1 57 0
10668 310.37 8.00896 0.01 1 85 0
10671 308.796 8.02169 0.01 1 72 0
10674 309.568 7.93631 0.01 1 72 0
10678 309.568 8.07086 0.01 1 72 0
10692 311.618 7.83486 0.01 1 84 0
10700 310.37 7.88113 0.01 1 85 0
10705 306.501 7.93733 0.01 1 56 0
10714 307.045 7.86636 0.01 1 57 -0.000593379
10717 306.501 7.93733 0.01 1 56 0
10720 309.436 7.96642 0.01 1 86 0
10723 310.37 7.82778 0.01 1 85 0
10731 309.593 8.35223 0.01 1 72 0
10733 308.579 7.58196 0.01 1 72 0
10735 306.77 7.44875 0.01 1 72 0
10736 313.865 8.31526 0.01 1 72 0
10737 310.37 8.1222 0.01 1 85 0
10738 310.501 7.98289 0.01 1 72 0
10750 309.593 8.35223 0.01 1 72 0
10755 310.37 8.00896 0.01 1 85 0
10775 308.126 8.07672 0.01 1 72 0
10784 307.379 7.90567 0.01 1 57 0
10789 310.37 7.83486 0.01 1 85 0
10799 307.068 7.91109 0.01 1 57 0
10802 310.37 8.00896 0.01 1 85 0
10806 309.436 7.96642 0.01 1 86 0
10808 310.37 7.96642 0.01 1 86 0
10810 310.336 7.83486 0.01 1 85 0
10833 306.985 7.96246 0.01 1 57 0
10834 309.97 7.58531 0.01 1 72 0
10835 310.37 7.83486 0.01 1 85 0
10865 309.638 8.04166 0.01 1 72 0
10888 307.045 8.02757 0.01 1 57 0
10900 311.618 7.83486 0.01 1 84 0
10922 307.045 8.02757 0.01 1 57 0
10923 309.593 8.35223 0.01 1 72 0
10930 310.37 7.96642 0.01 1 85 0
10937 309.149 8.0307 0.01 1 72 0
10959 306.501 7.93733 0.01 1 57 0
10960 307.045 7.93733 0.01 1 57 0
10970 310.37 7.82778 0.01 1 85 0
10979 309.638 7.88888 0.01 1 72 0
10998 307.045 7.93733 0.01 1 56 0
11002 309.593 8.35223 0.01 1 72 0
11004 307.045 8.02757 0.01 1 57 0
11005 310.893 7.83486 0.01 1 85 0
11033 307.293 7.93733 0.01 1 57 0
11037 307.379 7.90567 0.01 1 56 0
11043 310.37 7.94124 0.01 1 85 0
11067 310.37 7.96642 0.01 1 85 0
11068 310.571 8.04166 0.01 1 72 0
11071 307.045 8.02757 0.01 1 56 0
11075 310.37 7.82778 0.01 1 85 0
11083 310.37 7.94124 0.01 1 84 0
11084 307.045 8.02757 0.01 1 57 0
11086 307.045 8.02757 0.01 1 57 0
11089 307.068 7.78193 0.01 1 56 0
11096 310.37 7.96642 0.01 1 86 0
11107 307.045 8.02757 0.01 1 56 0
11111 310.37 7.94124 0.01 1 85 0
11112 310.37 7.94124 0.01 1 84 0
11119 307.379 7.93653 0.01 1 57 0
11125 310.37 8.20776 0.01 1 86 0.0022561
11129 307.045 8.02757 0.01 1 56 0
11130 309.97 7.55068 0.01 1 72 -1.48118e-05
11143 310.37 7.83486 0.01 1 86 0
11154 310.37 7.83486 0.01 1 86 0
11156 309.97 7.63243 0.01 1 72 0
11161 307.045 7.93733 0.01 1 57 0
11164 310.37 7.78038 0.01 1 86 0
11175 307.045 8.13599 0.01 1 57 0
11182 307.701 8.04301 0.01 1 72 0
11201 308.367 7.93733 0.01 1 57 0
11209 310.37 7.96642 0.01 1 85 0
11221 310.37 7.93418 0.01 1 86 0
11255 308.579 7.75018 0.01 1 72 0
11279 310.37 7.83486 0.01 1 84 0
11284 309.149 8.0307 0.01 1 72 0
11290 310.37 7.83486 0.01 1 85 0
11291 309.436 7.96642 0.01 1 85 0
11305 310.37 7.83486 0.01 1 85 0
11306 306.501 7.93733 0.01 1 56 0
11307 314.236 8.31526 0.01 1 72 -0.00447375
11308 309.436 7.96642 0.01 1 86 0
11316 305.406 7.93733 0.01 1 56 0
11320 309.568 8.07086 0.01 1 72 0
11322 310.37 7.83486 0.01 1 84 0
11326 310.37 7.99003 0.01 1 84 0
11328 307.398 7.88695 0.01 1 57 -0.00649075
11329 309.436 7.96642 0.01 1 86 0
11331 307.045 7.99307 0.01 1 57 0
11333 310.37 7.78038 0.01 1 86 0
11357 310.057 7.64119 0.01 1 72 0
11372 309.593 8.35223 0.01 1 72 0
11379 307.045 8.02757 0.01 1 57 0
11382 307.865 7.95731 0.01 1 72 0
11383 310.37 7.88113 0.01 1 84 0
11396 307.068 7.91109 0.01 1 57 0
11405 309.019 7.89883 0.01 1 72 0
11422 310.37 7.68784 0.01 1 86 0
11426 310.37 7.94124 0.01 1 85 0
11429 306.501 7.93733 0.01 1 56 0
11433 311.688 7.78017 0.01 1 84 0
11436 310.37 8.00896 0.01 1 85 0
11437 307.045 8.13599 0.01 1 56 0
11445 307.412 7.99307 0.01 1 57 0
11453 306.985 7.96246 0.01 1 57 0
11462 306.501 7.93733 0.01 1 56 0
11472 310.229 7.49275 0.01 1 72 0
11477 307.068 7.91109 0.01 1 57 0
11487 310.37 7.96642 0.01 1 86 0
11488 310.37 8.00896 0.01 1 85 0
11492 310.312 7.83486 0.01 1 86 0
11512 306.501 7.93733 0.01 1 56 0
11516 309.97 7.71795 0.01 1 72 0
11520 310.37 7.96642 0.01 1 86 0
11521 306.639 7.58077 0.01 1 72 0
11526 309.122 7.78005 0.01 1 72 0
11530 307.379 7.90567 0.01 1 56 0
11533 306.985 7.96246 0.01 1 57 0
11534 307.045 8.02757 0.01 1 57 0
11536 307.379 7.93653 0.01 1 57 0
11553 310.37 7.83486 0.01 1 86 0
11562 306.501 7.93733 0.01 1 56 0
11570 307.045 7.93733 0.01 1 57 0
11574 310.37 8.00896 0.01 1 85 0
11575 307.774 7.49479 0.01 1 72 0
11576 310.37 7.83486 0.01 1 84 0
11583 310.37 7.83486 0.01 1 85 0
11591 310.37 7.83486 0.01 1 86 0
11594 307.045 8.02757 0.01 1 56 0
11613 310.37 8.00193 0.01 1 84 0
11621 310.37 7.83486 0.01 1 84 0
11623 310.37 7.96642 0.01 1 85 0
11627 310.37 7.82778 0.01 1 84 0
11632 307.379 7.91411 0.01 1 57 0
11637 307.045 8.02757 0.01 1 56 0
11647 307.865 7.95731 0.01 1 72 0
11660 310.37 7.96642 0.01 1 85 0
11687 310.08 7.83486 0.01 1 84 -0.00372082
11700 309.97 7.76911 0.01 1 72 2.04146e-05
11701 306.501 7.93733 0.01 1 56 0
11704 307.068 7.78193 0.01 1 57 0
11705 310.37 7.96642 0.01 1 84 0
11706 310.37 7.99003 0.01 1 85 0
11739 307.068 7.78193 0.01 1 57 0
11746 310.37 7.96642 0.01 1 85 0
