max_pf 111 min_pf 16
individual T0 sigma disp_rate r0 patch_no mut_eff
15 305.316 7.96605 0.01 1 72 0
30 292.626 7.8227 0.01 1 18 0
43 292.626 7.8227 0.01 1 18 0
67 293.12 7.77506 0.01 1 18 0
211 307.569 8.19114 0.01 1 72 0
248 293.082 7.77506 0.01 1 17 0
262 310.341 7.99684 0.01 1 72 0
281 308.439 7.91718 0.01 1 72 0
288 309.675 7.63311 0.01 1 72 0
318 305.241 7.82786 0.01 1 72 -0.00253445
357 294.247 7.77506 0.01 1 17 -0.0249656
408 307.533 8.24343 0.01 1 72 0
420 309.573 7.91361 0.01 1 72 0
450 291.349 7.77506 0.01 1 18 0
477 308.488 7.8734 0.01 1 72 0
524 292.626 7.8227 0.01 1 17 0
562 310.467 7.72683 0.01 1 72 0
663 291.468 7.77506 0.01 1 17 0.0223151
682 319.854 8.21398 0.01 1 109 -0.019492
770 292.626 7.77506 0.01 1 17 0
818 306.975 8.08969 0.01 1 72 0
863 293.12 7.77506 0.01 1 17 0
872 321.73 8.11482 0.01 1 111 0
933 291.98 7.77506 0.01 1 18 0.00166156
978 323.179 8.14711 0.01 1 111 0
1021 308.494 8.22439 0.01 1 72 0
1047 291.997 7.8227 0.01 1 18 0.00882702
1093 293.12 7.77506 0.01 1 17 0
1101 291.251 7.77506 0.01 1 18 0
1125 291.251 7.77506 0.01 1 18 0
1310 293.12 7.77506 0.01 1 18 0
1364 310.134 7.84696 0.01 1 72 0
1365 291.251 7.77506 0.01 1 17 0
1453 310.731 7.60354 0.01 1 72 0
1552 293.12 7.57157 0.01 1 17 0
1602 308.002 7.59429 0.01 1 72 0
1651 310.537 8.02751 0.01 1 72 0
1680 308.439 8.11806 0.01 1 72 0
1687 293.12 7.77506 0.01 1 18 0
1742 293.12 7.77506 0.01 1 18 0
1849 309.506 8.05928 0.01 1 72 0
1883 293.12 7.77506 0.01 1 18 0
1911 292.626 7.8227 0.01 1 18 0
1985 323.179 8.14711 0.01 1 110 0
2050 310.537 8.02751 0.01 1 72 0
2058 293.328 7.82476 0.01 1 18 0
2059 309.573 7.67653 0.01 1 72 0
2062 292.222 7.77506 0.01 1 17 0
2065 309.043 8.33181 0.01 1 72 0
2107 292.626 7.78643 0.01 1 18 0
2192 323.179 8.14711 0.01 1 109 0
2197 293.12 7.77506 0.01 1 17 0
2288 293.12 7.77506 0.01 1 17 0
2327 292.222 7.77506 0.01 1 17 0
2386 293.12 7.77506 0.01 1 17 0
2433 310.731 7.60354 0.01 1 72 0
2438 292.222 7.77506 0.01 1 17 0
2455 292.626 7.77506 0.01 1 18 0
2538 291.349 7.92886 0.01 1 18 0
2579 292.626 7.78643 0.01 1 18 0
2649 308.439 8.11806 0.01 1 72 0
2778 292.626 7.89793 0.01 1 18 0
2810 293.12 7.77506 0.01 1 18 0
2886 293.12 7.77506 0.01 1 17 0
2921 307.533 8.24343 0.01 1 72 0
2937 291.251 7.77506 0.01 1 18 0
2966 308.439 8.11806 0.01 1 72 0
2983 310.537 8.02751 0.01 1 72 0
3011 293.12 7.77506 0.01 1 18 0
3075 293.12 7.82476 0.01 1 18 0
3081 293.12 7.57157 0.01 1 17 0
3114 309.675 7.63311 0.01 1 72 0
3261 292.626 7.8227 0.01 1 18 0
3331 293.12 7.82476 0.01 1 17 0
3399 311.042 8.2815 0.01 1 72 -0.0026269
3443 291.349 7.77506 0.01 1 18 0
3521 292.222 7.77506 0.01 1 18 0
3565 306.975 8.08969 0.01 1 72 0
3575 311.143 7.51062 0.01 1 72 0
3583 310.927 7.91982 0.01 1 72 0
3589 293.12 7.77506 0.01 1 17 0
3606 309.571 7.58847 0.01 1 72 0
3632 309.223 7.91718 0.01 1 72 0.00041993
3643 293.12 8.02185 0.01 1 18 0
3663 293.12 7.77506 0.01 1 16 0
3700 293.12 7.77506 0.01 1 17 0
3716 307.727 7.92084 0.01 1 72 -0.00151338
3727 293.12 7.77506 0.01 1 18 0
3763 292.626 7.77506 0.01 1 17 0
3771 308.842 7.85169 0.01 1 72 0.00100957
3779 294.171 7.77506 0.01 1 18 -0.0130976
3822 306.975 8.08969 0.01 1 72 0
3912 307.9 8.02844 0.01 1 72 -1.85668e-05
3951 293.12 7.77506 0.01 1 18 0
4030 292.626 7.77506 0.01 1 18 0
4031 308.439 8.11806 0.01 1 72 0
4033 292.626 7.77506 0.01 1 18 0
4075 292.626 7.8227 0.01 1 17 0
4095 293.12 7.77506 0.01 1 17 0
4155 308.103 8.18689 0.01 1 72 0
4200 293.12 8.02185 0.01 1 17 0
4244 311.143 7.51062 0.01 1 72 0
4452 291.468 7.77506 0.01 1 17 0
4454 321.488 8.19536 0.01 1 109 0
4456 293.12 7.77506 0.01 1 18 0
4459 310.613 8.4513 0.01 1 72 0
4518 293.12 7.77506 0.01 1 16 0
4522 293.12 7.77506 0.01 1 18 0
4558 309.064 7.66564 0.01 1 72 0
4574 307.482 8.0697 0.01 1 72 0
4604 306.975 8.08969 0.01 1 72 0
4611 291.997 7.8227 0.01 1 18 0
4617 293.12 7.77506 0.01 1 18 0
4683 291.251 7.77506 0.01 1 18 0
4720 309.573 7.9353 0.01 1 72 0
4738 291.251 7.77506 0.01 1 18 0
4837 309.573 7.94079 0.01 1 72 0
4890 291.468 7.77506 0.01 1 17 0
4899 293.12 7.6574 0.01 1 17 0
4907 293.12 7.82476 0.01 1 18 0
4938 308.494 8.22439 0.01 1 72 0
4979 292.222 7.77506 0.01 1 17 0
5216 292.626 7.89793 0.01 1 18 0
5252 307.533 8.24343 0.01 1 72 0
5359 308.439 8.11806 0.01 1 72 0
5419 310.537 8.02751 0.01 1 72 0
5595 294.058 7.8227 0.01 1 18 -0.00465629
5602 310.235 8.28043 0.01 1 72 0
5605 293.12 7.77506 0.01 1 18 0
5657 292.626 7.77506 0.01 1 18 0
5672 291.251 7.77506 0.01 1 18 0
5694 307.533 8.44545 0.01 1 72 0
5763 309.573 7.94048 0.01 1 72 0
5803 293.12 7.82476 0.01 1 16 0
5836 322.832 8.23881 0.01 1 109 0
5881 292.222 7.77506 0.01 1 17 0
5919 309.573 7.9353 0.01 1 72 0
5920 293.12 7.77506 0.01 1 18 0
5969 292.222 7.77506 0.01 1 18 0
6032 307.569 8.21702 0.01 1 72 0
6048 295.948 8.01017 0.01 1 18 0
6071 309.011 7.80583 0.01 1 72 0
6146 293.12 7.77506 0.01 1 17 0
6192 292.222 7.77506 0.01 1 16 0
6250 292.626 7.77506 0.01 1 18 0
6320 307.709 8.01623 0.01 1 72 0
6369 323.179 8.14711 0.01 1 109 0
6507 308.439 8.11806 0.01 1 72 0
6514 293.12 7.77506 0.01 1 18 0
6535 309.573 7.9353 0.01 1 72 0
6582 293.12 7.77506 0.01 1 17 0
6591 308.439 8.11806 0.01 1 72 0
6598 310.521 8.2815 0.01 1 72 0
6637 308.192 7.85169 0.01 1 72 0
6649 292.626 7.8227 0.01 1 17 0
6705 293.12 7.77506 0.01 1 18 0
6733 308.439 8.11806 0.01 1 72 0
6736 291.251 7.77506 0.01 1 17 0
6774 293.12 7.77506 0.01 1 17 0
6844 293.12 7.87125 0.01 1 18 0
6878 324.165 8.19536 0.01 1 111 0
6973 292.626 7.8227 0.01 1 17 0
7089 292.947 7.82476 0.01 1 18 0
7103 292.096 7.77506 0.01 1 18 0
7131 292.626 7.77506 0.01 1 18 0
7185 291.251 7.77506 0.01 1 18 0
7208 309.675 7.63311 0.01 1 72 0
7231 309.026 8.04145 0.01 1 72 0
7242 293.12 7.77506 0.01 1 18 0
7306 293.12 7.77506 0.01 1 17 0
7356 308.369 8.21702 0.01 1 72 0
7404 309.675 7.63311 0.01 1 72 0
7431 307.569 8.24809 0.01 1 72 0
7491 306.087 8.36456 0.01 1 72 0
7496 293.12 7.77506 0.01 1 18 0
7499 308.439 8.11806 0.01 1 72 0
7508 307.473 7.92801 0.01 1 72 0
7513 309.011 7.80583 0.01 1 72 0
7517 309.573 7.94079 0.01 1 72 0
7657 291.468 7.77506 0.01 1 17 0
7660 293.12 7.82476 0.01 1 18 0
7739 310.235 8.28043 0.01 1 72 0
7889 309.571 7.58847 0.01 1 72 0
7946 311.143 7.55706 0.01 1 72 0
7955 321.644 8.19536 0.01 1 109 0
7973 307.473 7.78275 0.01 1 72 0
8033 308.192 7.85169 0.01 1 72 0
8048 293.12 7.77506 0.01 1 18 0
8098 293.12 7.77506 0.01 1 18 0
8173 309.043 8.46591 0.01 1 72 0
8212 293.12 7.77506 0.01 1 18 0
8249 293.12 7.77506 0.01 1 17 0
8250 292.626 7.77506 0.01 1 18 0
8256 292.626 7.8227 0.01 1 18 0
8316 292.626 7.77506 0.01 1 18 0
8338 322.479 8.19536 0.01 1 111 0
8347 306.975 8.18561 0.01 1 72 0
8368 293.12 7.82476 0.01 1 18 0
8390 291.349 7.77506 0.01 1 18 0
8431 320.874 8.19536 0.01 1 109 0
8465 292.626 7.77506 0.01 1 17 0
8581 310.009 8.11806 0.01 1 72 0
8600 293.12 7.77506 0.01 1 18 0
8642 322.832 8.23881 0.01 1 109 0
8644 324.151 8.07151 0.01 1 109 0
8650 292.626 7.77506 0.01 1 18 0
8662 293.12 7.82476 0.01 1 17 0
8688 292.626 7.78643 0.01 1 18 0.000213169
8779 292.626 7.77506 0.01 1 18 0
8836 291.251 7.77506 0.01 1 17 0
8897 309.573 7.9353 0.01 1 72 0
8963 293.12 7.77506 0.01 1 18 0
9007 309.011 7.80583 0.01 1 72 0
9022 307.64 7.82786 0.01 1 72 0
9028 321.488 8.19536 0.01 1 109 0
9057 319.31 8.07168 0.01 1 109 -0.0231054
9063 293.12 7.77506 0.01 1 17 0
9095 323.179 8.14711 0.01 1 110 0
9114 293.12 7.77506 0.01 1 17 0
9133 292.222 7.77506 0.01 1 17 0
9155 293.12 7.77506 0.01 1 17 0
9161 290.182 7.8227 0.01 1 18 0.0360106
9220 323.576 8.19536 0.01 1 109 0
9225 322.184 8.19536 0.01 1 109 0
9258 293.12 7.77506 0.01 1 18 0
9262 293.653 7.77506 0.01 1 18 0
9263 308.439 8.11806 0.01 1 72 0
9309 293.12 7.77506 0.01 1 18 0
9313 293.12 7.77506 0.01 1 18 0
9334 308.779 7.62533 0.01 1 72 0
9442 293.12 7.77506 0.01 1 17 0
9501 292.626 7.8227 0.01 1 17 0
9547 322.184 8.19536 0.01 1 109 0
9567 293.12 7.77506 0.01 1 18 0
9574 310.613 8.36046 0.01 1 72 0
9639 293.12 7.6574 0.01 1 17 0
9651 293.12 7.77506 0.01 1 18 0
9682 293.12 7.77506 0.01 1 18 0
9691 293.12 7.57157 0.01 1 17 0
9692 321.488 8.19536 0.01 1 109 0
9796 291.251 7.77506 0.01 1 18 0
9812 293.12 7.82476 0.01 1 18 0
9829 308.439 8.11806 0.01 1 72 0
9940 293.12 7.82476 0.01 1 16 0
10028 308.254 7.39735 0.01 1 72 0
10121 293.12 8.02185 0.01 1 17 0
10125 293.12 7.77506 0.01 1 18 0
10141 320.874 8.19536 0.01 1 110 0
10142 293.12 7.82476 0.01 1 17 0
10176 292.626 7.8227 0.01 1 17 0
10202 293.12 7.77506 0.01 1 16 0
10214 293.12 7.77506 0.01 1 17 0
10216 309.783 8.26129 0.01 1 72 0
10257 307.569 8.26408 0.01 1 72 0
10318 292.222 7.77506 0.01 1 17 0
10338 320.874 8.19536 0.01 1 109 0
10387 319.854 8.21398 0.01 1 109 0
10396 307.569 8.24809 0.01 1 72 0
10444 293.12 7.82476 0.01 1 18 0
10469 308.439 7.91718 0.01 1 72 0
10541 307.569 8.26408 0.01 1 72 0
10543 293.12 7.77506 0.01 1 18 0
10551 308.369 8.21702 0.01 1 72 0
10585 292.626 7.77506 0.01 1 18 0
10601 292.626 7.6968 0.01 1 18 0
10792 321.644 8.19536 0.01 1 109 0
10870 309.675 7.63311 0.01 1 72 0
10871 310.927 7.91982 0.01 1 72 0
10973 293.328 7.87541 0.01 1 18 0.000942528
10977 292.222 7.77506 0.01 1 17 0
11069 309.881 8.08102 0.01 1 72 0
11144 293.12 7.82476 0.01 1 18 0
11298 292.626 7.77506 0.01 1 18 0
11435 293.12 7.77506 0.01 1 18 0
11436 310.805 7.91361 0.01 1 72 0
11439 291.251 7.77506 0.01 1 18 0
11450 293.12 7.77506 0.01 1 17 0
11462 320.874 8.19536 0.01 1 109 0
11467 291.251 7.77506 0.01 1 18 0
11470 310.235 8.28043 0.01 1 72 0
11504 308.425 7.80583 0.01 1 72 0
11684 293.12 7.77506 0.01 1 17 0
11703 308.439 8.11806 0.01 1 72 0
11731 309.011 7.80583 0.01 1 72 0
11825 307.569 8.19114 0.01 1 72 0
11839 292.868 7.79587 0.01 1 18 0.000390686
11861 292.222 7.77506 0.01 1 18 0
11864 308.439 8.11806 0.01 1 72 0
11949 322.184 8.19536 0.01 1 109 0
12053 292.096 7.77506 0.01 1 18 0
12064 293.12 7.77506 0.01 1 17 0
12081 293.12 7.77506 0.01 1 18 0
12089 293.12 7.77506 0.01 1 18 0
12172 293.12 7.77506 0.01 1 18 0
12173 292.626 7.77506 0.01 1 18 0
12199 292.626 7.77506 0.01 1 18 0
12212 293.12 7.82476 0.01 1 18 0
12248 323.179 8.14711 0.01 1 110 0
12368 308.369 8.21702 0.01 1 72 0
12464 306.975 8.18561 0.01 1 72 0
12466 309.783 8.26129 0.01 1 72 0
12483 293.12 7.77506 0.01 1 18 0
12521 310.613 8.36046 0.01 1 72 0
12549 292.222 7.77506 0.01 1 17 0
12578 323.179 8.14711 0.01 1 110 0
12752 292.626 7.77506 0.01 1 18 0
12753 310.731 7.60354 0.01 1 72 0
12762 308.369 8.21702 0.01 1 72 0
12767 310.648 8.05928 0.01 1 72 0
12826 309.573 7.9353 0.01 1 72 0
12991 320.874 8.19536 0.01 1 109 0
13000 291.98 7.77506 0.01 1 18 0
13066 310.009 8.11806 0.01 1 72 0
13083 293.12 7.77506 0.01 1 18 0
13096 293.12 7.82476 0.01 1 18 0
13109 293.12 7.82476 0.01 1 18 0
13186 310.235 8.28043 0.01 1 72 0
13212 292.626 7.85108 0.01 1 18 0
13246 292.222 7.77506 0.01 1 18 0
13337 292.222 7.77506 0.01 1 17 0
13483 292.626 7.77506 0.01 1 18 0
13573 292.222 7.77506 0.01 1 17 0
13604 309.573 7.92448 0.01 1 72 -1.40071e-06
13642 293.12 7.82476 0.01 1 18 0
13720 309.675 7.63311 0.01 1 72 0
13747 309.571 7.58847 0.01 1 72 0
13800 293.653 7.77506 0.01 1 18 0
13857 292.626 7.77506 0.01 1 18 0
13864 291.251 7.77506 0.01 1 18 0
13906 320.874 8.14574 0.01 1 109 -0.000571251
13947 308.435 7.58847 0.01 1 72 0
13963 309.043 8.33181 0.01 1 72 0
14002 292.222 7.77506 0.01 1 16 0
14020 307.533 8.24343 0.01 1 72 0
14035 293.12 7.77506 0.01 1 17 0
14083 293.12 7.82476 0.01 1 17 0
14159 293.12 7.77506 0.01 1 16 0
14162 293.12 7.77506 0.01 1 18 0
14174 293.12 7.77506 0.01 1 16 0
14197 309.011 7.80583 0.01 1 72 0
14221 293.12 7.77506 0.01 1 17 0
14232 292.222 7.77506 0.01 1 18 0
14236 291.251 7.77506 0.01 1 18 0
14264 320.874 8.19536 0.01 1 109 0
14283 291.349 7.77506 0.01 1 18 0
14289 292.626 7.77506 0.01 1 18 0
14313 293.12 7.77506 0.01 1 18 0
14423 291.251 7.77506 0.01 1 18 0
14533 293.12 7.77506 0.01 1 17 0
14560 291.251 7.77506 0.01 1 17 0
14574 310.731 7.60354 0.01 1 72 0
14584 308.002 7.48672 0.01 1 72 0
14650 292.626 7.77506 0.01 1 18 0
14656 293.12 7.57157 0.01 1 17 0
14683 321.73 8.11482 0.01 1 111 0
14712 293.12 7.82476 0.01 1 18 0
14921 293.12 7.77742 0.01 1 18 0
14949 309.789 7.94048 0.01 1 72 0
14995 293.12 7.77506 0.01 1 18 0
15005 310.521 8.2815 0.01 1 72 0
15105 310.731 7.60354 0.01 1 72 0
15133 292.626 7.77506 0.01 1 18 0
15241 292.222 7.77506 0.01 1 17 0
15260 293.12 7.77506 0.01 1 17 0
15365 320.874 8.19536 0.01 1 109 0
15423 293.12 7.77742 0.01 1 18 0
15431 292.626 7.77506 0.01 1 18 0
15454 307.889 8.72304 0.01 1 72 0
15582 291.468 7.87927 0.01 1 17 0.00190696
15589 293.12 7.82476 0.01 1 18 0
15605 307.569 8.24809 0.01 1 72 0
15729 293.12 7.77506 0.01 1 18 0
15742 292.626 7.8227 0.01 1 17 0
15748 308.439 8.11806 0.01 1 72 0
15791 293.12 7.77506 0.01 1 18 0
15803 292.222 7.69518 0.01 1 16 -0.00150876
15830 293.12 7.82476 0.01 1 18 0
15838 293.12 7.77506 0.01 1 17 0
15888 292.626 7.77506 0.01 1 18 0
15952 292.626 7.77506 0.01 1 18 0
15992 293.12 7.57157 0.01 1 17 0
16009 292.222 7.77506 0.01 1 18 0
16026 293.12 7.77506 0.01 1 18 0
16048 310.521 8.37141 0.01 1 72 7.04229e-05
16215 308.002 7.59429 0.01 1 72 0
16279 293.12 8.02185 0.01 1 18 0
16306 293.12 7.77506 0.01 1 17 0
16307 310.648 8.05928 0.01 1 72 0
16330 322.184 8.19536 0.01 1 109 0
16348 293.12 7.89569 0.01 1 18 0
16476 310.731 7.60354 0.01 1 72 0
16490 320.874 8.07168 0.01 1 109 0
16622 308.002 7.48672 0.01 1 72 0
16789 291.251 7.77506 0.01 1 18 0
16807 310.341 7.99684 0.01 1 72 0
17048 310.537 8.02751 0.01 1 72 0
17132 309.043 8.46591 0.01 1 72 0
17143 323.179 8.14711 0.01 1 110 0
17178 308.641 7.7721 0.01 1 72 0
17196 309.573 7.94048 0.01 1 72 0
17203 309.573 7.9353 0.01 1 72 0
17242 292.222 7.77506 0.01 1 17 0
17250 292.626 7.8227 0.01 1 17 0
17264 293.12 7.77506 0.01 1 18 0
17346 292.626 7.77506 0.01 1 18 0
17412 309.573 7.9353 0.01 1 72 0
17422 292.222 7.77506 0.01 1 18 0
17428 293.12 7.82476 0.01 1 18 0
17478 307.9 8.06908 0.01 1 72 0
17479 309.571 7.58847 0.01 1 72 0
17490 323.179 8.14711 0.01 1 110 0
17544 293.12 7.77506 0.01 1 18 0
17630 292.626 7.77506 0.01 1 18 0
17738 293.12 7.82476 0.01 1 18 0
17742 309.032 8.11806 0.01 1 72 0
17750 293.12 7.77506 0.01 1 17 0
17791 306.087 8.36456 0.01 1 72 0
17803 307.9 8.06908 0.01 1 72 0
17911 293.12 7.77506 0.01 1 18 0
17925 291.251 7.77506 0.01 1 18 0
17929 310.134 7.84696 0.01 1 72 0
17981 324.165 8.19536 0.01 1 110 0
18033 293.12 7.82476 0.01 1 18 0
18049 308.002 7.59429 0.01 1 72 0
18065 324.165 8.19536 0.01 1 111 0
18085 324.151 8.07151 0.01 1 109 0
18108 310.467 7.72683 0.01 1 72 0
18110 310.01 8.11268 0.01 1 72 0
18117 293.12 7.77506 0.01 1 18 0
18147 307.9 8.07402 0.01 1 72 2.23517e-06
18158 293.12 7.77506 0.01 1 18 0
18159 293.12 7.77506 0.01 1 16 0
18189 310.467 7.89518 0.01 1 72 0
18190 293.12 7.77506 0.01 1 17 0
18378 294.171 7.77506 0.01 1 18 0
18427 293.12 7.77506 0.01 1 18 0
18452 307.533 8.24343 0.01 1 72 0
18492 291.251 7.77506 0.01 1 18 0
18515 292.626 7.77506 0.01 1 17 0
18562 293.12 7.77506 0.01 1 16 0
18606 322.184 8.19536 0.01 1 109 0
18627 292.934 7.8227 0.01 1 18 -0.00417016
18672 291.981 7.76423 0.01 1 17 0
18685 306.327 8.21021 0.01 1 72 0
18821 293.12 7.77506 0.01 1 18 0
18917 293.12 7.77506 0.01 1 17 0
18985 293.12 7.77506 0.01 1 17 0
19000 293.12 7.82476 0.01 1 18 0
19022 309.573 7.94048 0.01 1 72 0
19026 308.435 7.58847 0.01 1 72 0
19051 310.731 7.60354 0.01 1 72 0
19104 293.12 7.67956 0.01 1 17 0
19245 322.184 8.19536 0.01 1 109 0
19274 310.805 7.91361 0.01 1 72 0
19323 323.179 8.1016 0.01 1 109 0
19357 321.73 8.11482 0.01 1 111 0
19408 293.12 7.77506 0.01 1 18 0
19416 309.573 7.9353 0.01 1 72 0
19426 291.468 7.77506 0.01 1 17 0
19441 307.64 7.77949 0.01 1 72 0
19460 291.468 7.77506 0.01 1 17 0
19560 293.12 7.77506 0.01 1 17 0
19579 292.626 7.77506 0.01 1 18 0
19703 307.569 8.24809 0.01 1 72 0
19791 307.473 7.78275 0.01 1 72 0
19806 293.12 7.57157 0.01 1 18 0
19928 293.12 7.77506 0.01 1 18 0
19961 292.626 7.77506 0.01 1 18 0
19986 292.626 7.8227 0.01 1 18 0
20009 309.011 7.80583 0.01 1 72 0
20075 322.184 8.19536 0.01 1 109 0
20204 294.331 7.77506 0.01 1 18 0
20311 307.569 8.26408 0.01 1 72 0
20395 291.443 7.77506 0.01 1 18 0
20449 293.12 7.82476 0.01 1 17 0
20457 323.179 8.14711 0.01 1 110 0
20469 308.002 7.59429 0.01 1 72 0
20485 309.365 7.9341 0.01 1 72 0
20496 292.626 7.77506 0.01 1 18 0
20507 307.473 7.78275 0.01 1 72 0
20521 293.12 7.82476 0.01 1 18 0
20543 311.143 7.51062 0.01 1 72 0
20561 309.573 7.9353 0.01 1 72 0
20596 293.441 7.77506 0.01 1 18 0
20687 292.626 7.8227 0.01 1 17 0
20712 293.12 7.77506 0.01 1 16 0
20780 292.626 7.77506 0.01 1 18 0
20800 293.12 7.78679 0.01 1 17 -0.000711158
20815 292.626 7.8227 0.01 1 18 0
20827 320.874 8.19536 0.01 1 109 0
20834 310.613 8.36046 0.01 1 72 0
20850 292.222 7.77506 0.01 1 17 0
20864 310.134 7.84696 0.01 1 72 0
20924 293.12 7.77506 0.01 1 18 0
21034 293.12 7.77506 0.01 1 18 0
21055 309.011 7.80583 0.01 1 72 0
21093 293.12 7.77506 0.01 1 18 0
21099 291.251 7.77506 0.01 1 18 0
21141 321.488 8.19536 0.01 1 109 0
21185 293.12 7.82476 0.01 1 18 0
21254 292.626 7.77506 0.01 1 17 0
21259 292.626 7.77506 0.01 1 18 0
21262 307.9 8.06908 0.01 1 72 0
21310 310.009 8.11806 0.01 1 72 0
21373 311.144 8.21136 0.01 1 72 0
21385 292.626 7.8227 0.01 1 18 0
21476 293.12 7.82476 0.01 1 18 0
21498 292.626 7.8227 0.01 1 18 0
21509 309.718 7.58847 0.01 1 72 0
21544 308.002 7.48672 0.01 1 72 0
21607 293.12 7.91434 0.01 1 18 0.00166438
21634 311.144 8.21136 0.01 1 72 0
21645 309.573 7.91361 0.01 1 72 0
21647 309.573 7.9353 0.01 1 72 0
21676 293.12 7.82476 0.01 1 18 0
21713 323.179 8.1016 0.01 1 109 0
21718 292.626 7.8227 0.01 1 17 0
21768 293.12 7.77506 0.01 1 17 0
21799 306.975 8.08969 0.01 1 72 0
21824 292.626 7.8227 0.01 1 17 0
21928 309.571 7.58847 0.01 1 72 0
21963 310.521 8.2815 0.01 1 72 0
22006 309.266 7.9341 0.01 1 72 0.00325803
22101 292.626 7.77506 0.01 1 18 0
22107 310.927 7.73445 0.01 1 72 0
22108 293.12 7.77506 0.01 1 17 0
22116 310.467 7.82689 0.01 1 72 0
22121 320.874 8.07168 0.01 1 109 0
22128 292.626 7.77506 0.01 1 18 0
22146 321.644 8.19536 0.01 1 109 0
22281 309.573 7.67653 0.01 1 72 0
22500 322.832 8.23881 0.01 1 109 0
22639 311.144 8.21136 0.01 1 72 0
22649 323.179 8.1016 0.01 1 111 0
22656 291.349 7.77506 0.01 1 17 0
22664 292.626 7.77506 0.01 1 18 0
22712 308.439 8.11806 0.01 1 72 0
22775 292.626 7.77506 0.01 1 18 0
22854 293.12 7.77506 0.01 1 17 0
22862 291.443 7.77506 0.01 1 18 0
22867 292.634 7.77506 0.01 1 18 0
22879 293.12 7.77506 0.01 1 18 0
22950 310.537 8.02751 0.01 1 72 0
23193 293.12 7.77506 0.01 1 18 0
23360 292.626 7.77506 0.01 1 17 0
23404 292.222 7.77506 0.01 1 18 0
23452 293.12 7.77506 0.01 1 18 0
23464 310.467 7.72683 0.01 1 72 0
23530 311.143 7.55706 0.01 1 72 0
23581 295.138 7.77506 0.01 1 18 0
23584 293.12 7.77506 0.01 1 17 0
23666 307.569 8.26408 0.01 1 72 0
23696 322.184 8.19536 0.01 1 109 0
23701 309.269 7.92113 0.01 1 72 0
23726 293.12 7.77506 0.01 1 17 0
23829 293.12 7.82476 0.01 1 18 0
23835 293.12 7.77506 0.01 1 17 0
23840 308.439 8.11806 0.01 1 72 0
23845 292.626 7.77506 0.01 1 17 0
24043 308.439 8.11806 0.01 1 72 0
24098 292.626 7.77506 0.01 1 18 0
24149 293.12 7.77506 0.01 1 17 0
24173 292.626 7.77506 0.01 1 18 0
24176 293.12 7.82476 0.01 1 18 0
24178 308.488 7.8734 0.01 1 72 0
24181 307.533 8.24343 0.01 1 72 0
24194 310.009 8.11806 0.01 1 72 0
24223 322.184 8.19536 0.01 1 109 0
24416 310.731 7.60354 0.01 1 72 0
24422 309.506 8.05928 0.01 1 72 0
24457 293.12 7.77506 0.01 1 17 0
24478 309.573 7.82498 0.01 1 72 0
24494 307.569 8.26408 0.01 1 72 0
24513 310.134 7.84696 0.01 1 72 0
24546 309.571 7.58847 0.01 1 72 0
24555 293.12 7.82476 0.01 1 18 0
24569 310.521 8.42122 0.01 1 72 0
24611 293.12 7.82476 0.01 1 18 0
24664 324.165 8.19536 0.01 1 110 0
24697 293.12 7.82476 0.01 1 18 0
24715 292.868 7.77506 0.01 1 18 -0.0107224
24778 310.234 8.08091 0.01 1 72 0
24792 310.521 8.42122 0.01 1 72 0
24863 309.573 7.94048 0.01 1 72 0
24878 293.12 7.77506 0.01 1 18 0
24937 308.439 8.11806 0.01 1 72 0
24995 291.251 7.77506 0.01 1 18 0
25027 292.626 7.77506 0.01 1 18 0
25246 293.12 7.77506 0.01 1 18 0
25347 291.251 7.77506 0.01 1 18 0
25361 293.082 7.77506 0.01 1 18 0
25372 291.349 7.80406 0.01 1 18 0
25435 293.12 7.77506 0.01 1 18 0
25499 293.12 7.82476 0.01 1 18 0
25573 291.251 7.77506 0.01 1 17 0
25629 293.12 7.77506 0.01 1 17 0
25640 306.087 8.36456 0.01 1 72 0
25652 293.12 7.77506 0.01 1 17 0
25669 293.12 7.82476 0.01 1 17 0
25718 307.569 8.24809 0.01 1 72 0
25726 307.782 8.11806 0.01 1 72 0
25731 291.31 7.77506 0.01 1 18 0
25754 293.12 7.77506 0.01 1 17 0
25766 293.12 7.77506 0.01 1 18 0
25816 293.12 7.77506 0.01 1 18 0
25822 292.222 7.77506 0.01 1 18 0
25894 293.12 7.6574 0.01 1 18 0
25925 307.731 8.27011 0.01 1 72 0
25928 293.12 7.57157 0.01 1 16 0
25963 293.12 7.82476 0.01 1 18 0
26057 293.12 7.77506 0.01 1 18 0
26070 292.626 7.8227 0.01 1 17 0
26073 323.557 8.19536 0.01 1 110 0
26075 293.12 7.77506 0.01 1 17 0
26089 293.12 7.77506 0.01 1 17 0
26187 310.134 7.84696 0.01 1 72 0
26219 292.222 7.77506 0.01 1 17 0
26243 292.222 7.77506 0.01 1 17 0
26264 292.626 7.93696 0.01 1 18 0
26531 308.369 8.21702 0.01 1 72 0
26534 293.12 7.77506 0.01 1 18 0
26552 308.439 8.11806 0.01 1 72 0
26568 293.12 7.77506 0.01 1 17 0
26593 292.626 7.8227 0.01 1 17 0
26599 308.439 8.11806 0.01 1 72 0
26633 293.12 7.77506 0.01 1 18 0
26703 293.12 7.6574 0.01 1 17 0
26805 293.12 7.77506 0.01 1 17 0
26853 291.468 7.77506 0.01 1 17 0
26885 323.179 8.14711 0.01 1 110 0
26924 291.803 7.92886 0.01 1 18 -0.00662453
26979 292.868 7.77506 0.01 1 18 0
27063 292.75 7.77506 0.01 1 17 -0.00702396
27108 309.903 8.05021 0.01 1 72 0
27146 291.349 7.92886 0.01 1 18 0
27162 291.251 7.80488 0.01 1 18 0.000529908
27175 306.975 8.08969 0.01 1 72 0
27234 321.488 8.19536 0.01 1 110 0
27257 291.251 7.77506 0.01 1 17 0
27265 293.12 7.82476 0.01 1 18 0
27332 292.626 7.77506 0.01 1 18 0
27351 310.537 8.02751 0.01 1 72 0
27475 309.573 7.9353 0.01 1 72 0
27494 293.12 7.77506 0.01 1 17 0
27500 293.12 7.57157 0.01 1 18 0
27599 292.626 7.77506 0.01 1 17 0
27635 292.626 7.77506 0.01 1 18 0
27636 293.12 7.77506 0.01 1 17 0
27778 308.439 8.11806 0.01 1 72 0
27804 291.251 7.77506 0.01 1 18 0
27805 291.468 7.77506 0.01 1 17 0
27859 308.439 8.11806 0.01 1 72 0
27876 292.626 7.8227 0.01 1 18 0
27886 293.12 7.77506 0.01 1 17 0
27891 309.064 7.66564 0.01 1 72 0
27903 292.626 7.77506 0.01 1 18 0
27971 307.569 8.19114 0.01 1 72 0
27987 293.12 7.77506 0.01 1 18 0
27989 292.69 7.77506 0.01 1 18 0.00599805
28018 293.12 7.6574 0.01 1 17 0
28026 293.12 7.77506 0.01 1 18 0
28080 291.251 7.77506 0.01 1 18 0
28185 292.626 7.77506 0.01 1 18 0
28205 292.222 7.77506 0.01 1 18 0
28243 293.12 7.82476 0.01 1 17 0
28346 293.12 7.82476 0.01 1 18 0
28381 293.328 7.82476 0.01 1 18 0
28425 292.222 7.77506 0.01 1 17 0
28468 309.573 7.9353 0.01 1 72 0
28491 292.626 7.77506 0.01 1 18 0
28529 309.675 7.63311 0.01 1 72 0
28540 293.12 7.77506 0.01 1 18 0
28559 310.234 8.08091 0.01 1 72 0
28585 293.12 7.91434 0.01 1 18 0
28594 309.573 7.67653 0.01 1 72 0
28697 293.12 7.89569 0.01 1 18 0
28716 306.975 8.08969 0.01 1 72 -0.000140667
28720 309.032 8.11806 0.01 1 72 0
28758 309.011 7.80583 0.01 1 72 0
28783 292.634 7.77506 0.01 1 18 0
28840 308.435 7.58847 0.01 1 72 0
28925 292.096 7.77506 0.01 1 18 0
28939 293.12 7.57157 0.01 1 17 0
28978 293.12 7.77506 0.01 1 18 0
28996 321.644 8.19536 0.01 1 109 0
29000 309.675 7.63311 0.01 1 72 0
29010 308.439 8.04847 0.01 1 72 -8.22544e-06
29039 291.803 7.92886 0.01 1 18 0
29061 292.222 7.77506 0.01 1 18 0
29064 293.12 7.77506 0.01 1 18 0
29071 309.064 7.66564 0.01 1 72 0
29112 324.151 8.0621 0.01 1 109 0
29124 292.626 7.77506 0.01 1 18 0
29213 320.874 8.19536 0.01 1 109 0
29236 292.626 7.77506 0.01 1 18 0
29256 306.087 8.36456 0.01 1 72 0
29288 310.009 8.11806 0.01 1 72 0
29328 291.349 7.77506 0.01 1 18 0
29411 292.626 7.77506 0.01 1 18 0
29431 292.222 7.77506 0.01 1 17 0
29453 292.626 7.77506 0.01 1 18 0
29470 307.782 8.11806 0.01 1 72 0
29669 292.626 7.77506 0.01 1 18 0
29806 292.222 7.77506 0.01 1 17 0
29856 310.613 8.2542 0.01 1 72 0
29862 310.537 8.02751 0.01 1 72 0
29868 308.682 7.96399 0.01 1 72 0
29938 293.12 7.82476 0.01 1 18 0
29981 293.12 7.77506 0.01 1 16 0
30031 306.087 8.36456 0.01 1 72 0
30040 307.889 8.72304 0.01 1 72 0
30100 308.002 7.48672 0.01 1 72 0
30230 292.947 7.82476 0.01 1 18 0
30325 293.12 7.6574 0.01 1 17 0
30405 292.947 7.82476 0.01 1 18 0
30413 308.254 7.39735 0.01 1 72 0
30577 293.12 7.77506 0.01 1 18 0
30687 293.12 7.77506 0.01 1 17 0
30691 310.927 7.91982 0.01 1 72 0
30749 291.251 7.77506 0.01 1 18 0
30758 323.179 8.14711 0.01 1 110 0
30764 291.251 7.77506 0.01 1 18 0
30815 309.789 7.94048 0.01 1 72 0
30900 309.573 7.9353 0.01 1 72 0
30903 292.626 7.8227 0.01 1 17 0
30907 293.12 7.82476 0.01 1 18 0
30986 294.331 7.77506 0.01 1 18 -0.0149642
31050 293.12 7.77506 0.01 1 18 0
31182 291.31 7.77506 0.01 1 18 0
31214 291.251 7.77506 0.01 1 18 0
31247 309.573 7.91361 0.01 1 72 0
31255 292.69 7.77506 0.01 1 17 0
31273 292.626 7.77506 0.01 1 18 0
31323 309.043 8.33181 0.01 1 72 0
31538 309.011 7.80583 0.01 1 72 0
31561 308.103 8.18689 0.01 1 72 0
31597 321.644 8.19536 0.01 1 109 0
31644 310.731 7.60354 0.01 1 72 0
31703 292.626 7.8227 0.01 1 18 0
31708 293.12 7.89569 0.01 1 18 0
31735 293.12 7.77506 0.01 1 18 0
31743 310.805 7.91361 0.01 1 72 0
31752 295.948 8.01017 0.01 1 18 0
31862 293.12 7.82476 0.01 1 18 0
31870 293.12 7.77506 0.01 1 17 0
31934 292.626 7.85108 0.01 1 18 0
31936 292.626 7.77506 0.01 1 18 0
31941 322.832 8.23881 0.01 1 109 0
31961 324.165 8.19536 0.01 1 110 0
31962 293.12 7.82476 0.01 1 18 0
31969 293.12 7.77506 0.01 1 18 0
32044 292.222 7.77506 0.01 1 17 0
32119 291.349 7.80406 0.01 1 18 0
32122 310.537 8.02751 0.01 1 72 0
32179 292.626 7.77506 0.01 1 17 0
32235 308.103 8.18689 0.01 1 72 0
32242 310.467 7.89518 0.01 1 72 0
32272 309.754 8.24809 0.01 1 72 0.00214113
32339 307.569 8.24809 0.01 1 72 0
32392 293.12 7.82476 0.01 1 18 0
32432 293.12 7.77506 0.01 1 17 0
32481 293.12 7.82476 0.01 1 17 0
32504 310.134 7.84696 0.01 1 72 0
32532 308.488 7.72137 0.01 1 72 -1.66595e-05
32581 293.12 7.77506 0.01 1 18 0
32610 306.975 8.18561 0.01 1 72 0
32675 325.83 8.50724 0.01 1 109 0
32735 293.12 7.77506 0.01 1 17 0
32781 292.222 7.91825 0.01 1 17 0.00266173
32813 293.12 7.77506 0.01 1 17 0
32863 291.356 7.77506 0.01 1 18 0.0182419
32874 293.12 7.77506 0.01 1 18 0
32911 292.626 7.8227 0.01 1 18 0
32925 291.251 7.77701 0.01 1 18 3.47346e-05
32935 309.043 8.46591 0.01 1 72 0
32951 309.573 7.94048 0.01 1 72 0
32952 292.626 7.77506 0.01 1 18 0
33047 292.626 7.8227 0.01 1 17 0
33117 292.222 7.77506 0.01 1 17 0
33182 306.991 7.59429 0.01 1 72 0
33261 309.783 8.33181 0.01 1 72 0
33390 293.12 7.77506 0.01 1 16 0
33423 307.194 7.59429 0.01 1 72 0
33457 311.143 7.51062 0.01 1 72 0
33519 309.789 7.94048 0.01 1 72 0
33558 292.626 7.77506 0.01 1 17 0
33687 291.31 7.77506 0.01 1 18 0
33732 293.12 7.77506 0.01 1 17 0
33754 310.467 7.89518 0.01 1 72 0
33761 308.425 7.80583 0.01 1 72 0
33858 291.251 7.77506 0.01 1 17 0
33917 306.087 8.36456 0.01 1 72 0
33941 311.143 7.51062 0.01 1 72 0
33948 292.626 7.78643 0.01 1 18 0
33953 291.251 7.77506 0.01 1 18 0
33988 307.194 7.59429 0.01 1 72 0
34023 308.435 7.58847 0.01 1 72 0
34027 324.165 8.19536 0.01 1 111 0
34084 309.064 7.66564 0.01 1 72 0
34135 310.521 8.2815 0.01 1 72 0
34227 325.83 8.50724 0.01 1 109 0
34236 309.573 7.94048 0.01 1 72 0
34291 310.537 8.02751 0.01 1 72 0
34309 292.626 7.77506 0.01 1 18 0
34360 322.184 8.19536 0.01 1 109 0
34381 292.626 7.70909 0.01 1 18 -0.00145684
34437 307.569 8.24809 0.01 1 72 0
34474 292.626 7.77506 0.01 1 18 0
34498 292.626 7.8227 0.01 1 18 0
34532 293.12 7.82476 0.01 1 18 0
34534 310.537 8.02751 0.01 1 72 0
34604 293.12 7.77506 0.01 1 17 0
34630 308.439 8.11806 0.01 1 72 0
34658 291.251 7.77506 0.01 1 18 0
34673 293.12 7.77506 0.01 1 18 0
34707 293.12 7.77506 0.01 1 18 0
34778 308.488 7.8734 0.01 1 72 0
34939 292.626 7.8227 0.01 1 18 0
34948 293.12 7.77506 0.01 1 17 0
35024 307.473 7.78275 0.01 1 72 0
35074 292.626 7.8227 0.01 1 17 0
35094 293.12 7.77506 0.01 1 18 0
35180 310.927 7.91982 0.01 1 72 0
35189 292.626 7.8227 0.01 1 17 0
35219 321.73 8.11482 0.01 1 111 0
35223 307.727 7.92084 0.01 1 72 0
35230 293.12 7.82476 0.01 1 18 0
35244 307.569 8.19114 0.01 1 72 0
35277 309.064 7.66564 0.01 1 72 0
35358 322.832 8.23881 0.01 1 109 0
35394 292.626 7.8227 0.01 1 17 0
35464 293.12 7.82476 0.01 1 17 0
35488 292.626 7.89793 0.01 1 18 0
35528 292.222 7.66149 0.01 1 18 -0.00213366
35529 291.251 7.77506 0.01 1 18 0
35692 306.975 8.08969 0.01 1 72 0
35733 309.011 7.80583 0.01 1 72 0
35740 292.626 7.8227 0.01 1 18 0
35794 307.533 8.17345 0.01 1 72 0
35823 292.222 7.77506 0.01 1 17 0
35868 307.533 8.24343 0.01 1 72 0
35874 307.533 8.24343 0.01 1 72 0
35966 292.222 7.77506 0.01 1 18 0
35975 309.573 7.9353 0.01 1 72 0
36044 307.533 8.24343 0.01 1 72 0
36051 292.096 7.77506 0.01 1 17 0
36134 293.12 7.64573 0.01 1 16 -0.00239424
36142 293.12 7.77506 0.01 1 16 0
36150 291.251 7.77506 0.01 1 17 0
36242 292.626 7.77506 0.01 1 18 0
36281 293.12 7.77506 0.01 1 16 0
36282 309.011 7.80583 0.01 1 72 0
36320 293.12 7.77506 0.01 1 18 0
36422 308.435 7.58847 0.01 1 72 0
36460 293.12 7.82476 0.01 1 18 0
36582 307.473 7.78275 0.01 1 72 0
36612 310.134 7.84696 0.01 1 72 0
36617 310.467 7.89518 0.01 1 72 0
36635 323.179 8.14711 0.01 1 109 0
36650 291.349 7.92886 0.01 1 18 0
36655 309.573 7.94079 0.01 1 72 0
36689 320.874 8.19536 0.01 1 109 0
36821 292.626 7.77506 0.01 1 18 0
36883 309.573 7.9353 0.01 1 72 0
36964 307.473 7.78275 0.01 1 72 0
36970 293.12 7.77506 0.01 1 17 0
36990 309.573 7.67653 0.01 1 72 0
37022 322.832 8.23881 0.01 1 109 0
37052 292.626 7.77506 0.01 1 18 0
37112 307.194 7.59429 0.01 1 72 0
37113 308.988 8.72304 0.01 1 72 0
37115 293.12 7.77506 0.01 1 18 0
37143 323.179 8.14711 0.01 1 110 0
37152 308.425 7.97741 0.01 1 72 0
37168 293.12 7.87125 0.01 1 18 0
37232 310.134 7.84696 0.01 1 72 0
37246 292.626 7.8227 0.01 1 17 0
37269 292.626 7.77506 0.01 1 17 0
37293 310.521 8.2815 0.01 1 72 0
37335 294.171 7.77506 0.01 1 18 0
37347 322.832 8.23881 0.01 1 109 0
37416 310.731 7.60354 0.01 1 72 0
37477 293.12 7.77506 0.01 1 18 0
37558 306.975 8.18561 0.01 1 72 0
37572 293.12 7.89569 0.01 1 18 0
37596 325.83 8.50724 0.01 1 109 0
37613 309.573 7.67653 0.01 1 72 0
37618 293.12 7.77506 0.01 1 18 0
37665 291.251 7.77506 0.01 1 18 0
37667 323.179 8.14711 0.01 1 109 0
37736 293.12 7.89569 0.01 1 18 0
37737 310.731 7.60354 0.01 1 72 0
37878 306.975 8.08969 0.01 1 72 0
37939 308.439 8.11806 0.01 1 72 0
38044 292.626 7.8227 0.01 1 18 0
38119 293.12 7.77506 0.01 1 18 0
38146 308.002 7.59429 0.01 1 72 0
38179 307.533 8.24343 0.01 1 72 0
38196 291.251 7.77506 0.01 1 18 0
38206 293.265 7.89721 0.01 1 18 0.00227778
38212 292.626 7.77506 0.01 1 18 0
38246 292.626 7.85108 0.01 1 18 0
38250 321.488 8.19536 0.01 1 109 0
38271 310.235 8.28043 0.01 1 72 0
38307 293.12 7.77506 0.01 1 17 0
38349 293.12 7.77506 0.01 1 17 0
38402 293.12 8.02185 0.01 1 18 0
38441 309.573 7.82498 0.01 1 72 0
38458 308.439 8.11806 0.01 1 72 0
38524 309.011 7.80583 0.01 1 72 0
38529 322.832 8.23881 0.01 1 109 0
38550 321.73 8.11482 0.01 1 111 0
38551 292.626 7.77506 0.01 1 17 0
38713 293.12 7.77506 0.01 1 18 0
38846 308.614 7.94048 0.01 1 72 0.000281796
38909 293.12 7.6574 0.01 1 17 0
38938 309.043 8.33181 0.01 1 72 0
38952 292.626 7.77506 0.01 1 18 0
38980 293.12 7.77506 0.01 1 18 0
39092 309.675 7.63311 0.01 1 72 0
39152 309.011 7.80583 0.01 1 72 0
39179 292.626 7.77506 0.01 1 17 0
39181 292.626 7.77506 0.01 1 18 0
39277 308.369 8.17382 0.01 1 72 0
39281 292.626 7.77506 0.01 1 18 0
39291 292.626 7.77506 0.01 1 18 0
39298 309.573 7.94048 0.01 1 72 0
39354 293.12 7.77506 0.01 1 17 0
39365 310.341 7.99684 0.01 1 72 0
39366 307.533 8.24343 0.01 1 72 0
39435 307.798 7.78275 0.01 1 72 0
39463 293.12 7.77506 0.01 1 18 0
39471 310.134 7.84696 0.01 1 72 0
39531 293.12 7.77506 0.01 1 18 0
39547 293.12 7.77506 0.01 1 18 0
39556 293.12 7.77506 0.01 1 18 0
39557 291.251 7.77506 0.01 1 18 0
39609 292.222 7.77506 0.01 1 18 0
39686 293.265 7.77506 0.01 1 18 -0.0018995
39776 293.12 7.82476 0.01 1 18 0
39784 310.521 8.2815 0.01 1 72 0
39799 292.798 7.77506 0.01 1 18 0.00942861
39833 291.251 7.77506 0.01 1 18 0
39888 323.179 8.14711 0.01 1 109 0
39988 293.12 7.77506 0.01 1 17 0
40035 291.251 7.77506 0.01 1 18 0
40067 310.731 7.60354 0.01 1 72 0
40103 308.439 7.91718 0.01 1 72 0
40293 291.251 7.77506 0.01 1 17 0
40397 293.12 7.77506 0.01 1 17 0
40399 309.064 7.66564 0.01 1 72 0
40436 293.12 7.57157 0.01 1 17 0
40461 293.12 7.77506 0.01 1 17 0
40482 292.626 7.77506 0.01 1 18 0
40536 293.12 7.82476 0.01 1 18 0
40546 309.573 7.94048 0.01 1 72 0
40582 292.222 7.77506 0.01 1 17 0
40624 291.251 7.77506 0.01 1 18 0
40674 320.874 8.19536 0.01 1 109 0
40701 293.12 7.77506 0.01 1 18 0
40731 292.626 7.77506 0.01 1 18 0
40737 292.626 7.77506 0.01 1 18 0
40786 309.573 7.94048 0.01 1 72 0
40876 291.251 7.77506 0.01 1 18 0
40994 291.468 7.77506 0.01 1 17 0
41069 307.747 8.0873 0.01 1 72 0
41077 293.12 7.77506 0.01 1 17 0
41099 292.222 7.77506 0.01 1 16 0
41171 310.537 8.02751 0.01 1 72 0
41182 293.12 7.82476 0.01 1 18 0
41191 291.251 7.77506 0.01 1 18 0
41310 310.134 7.84696 0.01 1 72 0
41378 309.903 8.05021 0.01 1 72 0
41380 292.626 7.77506 0.01 1 18 0
41456 292.626 7.77506 0.01 1 18 0
41530 307.194 7.59429 0.01 1 72 0
41551 309.573 7.9353 0.01 1 72 0
41680 307.194 7.59429 0.01 1 72 -0.00383125
41770 293.12 7.82476 0.01 1 18 0
41775 308.439 8.11806 0.01 1 72 0
41781 291.349 7.77506 0.01 1 18 0
41837 291.468 7.77506 0.01 1 17 0
41862 321.644 8.19536 0.01 1 109 0
41885 309.573 7.91361 0.01 1 72 0
41908 293.12 7.77506 0.01 1 18 0
41909 309.064 7.66564 0.01 1 72 0
41911 308.002 7.48672 0.01 1 72 0
41963 293.12 7.77506 0.01 1 17 0
41980 293.12 7.82476 0.01 1 18 0
41986 321.644 8.19536 0.01 1 109 0
41996 293.12 7.77506 0.01 1 17 0
42009 293.12 7.6574 0.01 1 17 0
42057 310.927 7.91982 0.01 1 72 0
42087 293.12 7.77506 0.01 1 18 0
42101 307.533 8.24343 0.01 1 72 0
42123 293.12 7.6574 0.01 1 17 0
42129 293.12 7.82476 0.01 1 18 0
42176 306.991 7.59429 0.01 1 72 0
42205 293.12 7.6574 0.01 1 17 0
42208 310.927 7.73445 0.01 1 72 0
42237 293.12 7.82476 0.01 1 16 0
42245 310.521 8.42122 0.01 1 72 0
42263 320.874 8.19536 0.01 1 109 0
42275 293.12 7.77506 0.01 1 18 0
42298 291.349 7.77506 0.01 1 18 0
42337 293.12 7.77506 0.01 1 17 0
42352 293.12 7.77506 0.01 1 18 0
42356 307.9 8.06908 0.01 1 72 0
42390 293.12 7.77506 0.01 1 18 0
42535 291.251 7.77506 0.01 1 17 0
42543 310.467 7.89518 0.01 1 72 0
42594 308.439 8.11806 0.01 1 72 0
42603 306.991 7.59429 0.01 1 72 0
42699 293.009 7.77506 0.01 1 17 0
42740 311.144 8.21136 0.01 1 72 0
42750 293.12 7.77506 0.01 1 18 0
42752 323.179 8.14711 0.01 1 110 0
42755 310.521 8.2815 0.01 1 72 0
42770 309.675 7.63311 0.01 1 72 0
42809 293.12 8.02185 0.01 1 17 0
42890 293.12 7.77506 0.01 1 18 0
42895 292.626 7.8227 0.01 1 18 0
42980 321.219 8.21398 0.01 1 109 0
42990 291.251 7.77506 0.01 1 18 0
43068 292.222 7.77506 0.01 1 18 0
43082 309.573 7.97405 0.01 1 72 0
43123 292.626 7.77506 0.01 1 17 0
43164 308.439 8.11806 0.01 1 72 0
43208 291.349 7.77506 0.01 1 18 0
43255 305.316 7.96605 0.01 1 72 0
43271 292.626 7.85108 0.01 1 18 0
43307 292.626 7.77506 0.01 1 18 0
43308 293.12 7.77506 0.01 1 17 0
43329 309.675 7.63311 0.01 1 72 0
43362 293.12 7.82476 0.01 1 17 0
43376 293.12 7.87125 0.01 1 18 0
43422 320.692 8.36265 0.01 1 109 0
43431 291.349 7.77506 0.01 1 18 0
43464 308.002 7.59429 0.01 1 72 0
43501 293.12 7.77506 0.01 1 17 0
43552 293.289 7.77506 0.01 1 18 -0.00884007
43563 291.349 7.77506 0.01 1 17 0
43595 293.328 7.82476 0.01 1 18 -0.00270961
43634 307.747 8.0873 0.01 1 72 0
43664 293.12 7.82476 0.01 1 18 0
43665 293.12 7.77506 0.01 1 17 0
43671 292.626 7.8227 0.01 1 18 0
43673 310.613 8.33401 0.01 1 72 -2.30819e-05
43676 292.222 7.77506 0.01 1 17 0
43735 323.179 8.14711 0.01 1 111 0
43795 292.626 7.77506 0.01 1 18 0
43831 323.179 8.14711 0.01 1 109 0
43894 308.439 8.11806 0.01 1 72 0
43939 293.12 7.77506 0.01 1 18 0
43997 309.571 7.58847 0.01 1 72 0
44031 309.881 8.08102 0.01 1 72 0
44097 292.626 7.77506 0.01 1 18 0
44098 307.211 8.46591 0.01 1 72 0
44131 307.569 8.19114 0.01 1 72 -1.87904e-05
44171 292.626 7.77506 0.01 1 18 0
44223 293.12 7.77506 0.01 1 17 0
44242 308.439 8.11806 0.01 1 72 0
44257 292.626 7.8227 0.01 1 18 0
44319 309.675 7.63311 0.01 1 72 0
44402 293.12 7.77506 0.01 1 18 0
44406 310.134 7.84696 0.01 1 72 0
44465 310.134 7.84696 0.01 1 72 0
44488 293.676 7.8227 0.01 1 18 -0.0143599
44511 309.571 7.58847 0.01 1 72 0
44566 292.626 7.8227 0.01 1 18 0
44590 306.991 7.59429 0.01 1 72 0
44592 311.143 7.51062 0.01 1 72 0
44598 322.832 8.23881 0.01 1 109 0
44629 292.626 7.77506 0.01 1 18 0
44637 308.002 7.59429 0.01 1 72 0
44638 293.12 7.77506 0.01 1 18 0
44668 293.12 7.77506 0.01 1 17 0
44692 308.488 7.72137 0.01 1 72 0
44710 292.626 7.77506 0.01 1 17 0
44739 292.626 7.8227 0.01 1 18 0
44765 291.98 7.77506 0.01 1 18 0
44782 292.626 7.77506 0.01 1 18 0
44786 291.468 7.77506 0.01 1 17 0
44884 291.468 7.77506 0.01 1 17 0
44942 310.521 8.2815 0.01 1 72 0
44960 293.525 7.77506 0.01 1 18 0
44966 292.626 7.8227 0.01 1 18 0
45201 293.12 7.77506 0.01 1 18 0
45218 310.927 7.73445 0.01 1 72 0
45314 292.222 7.77506 0.01 1 17 0
45329 321.644 8.19536 0.01 1 109 0
45400 292.626 7.77506 0.01 1 18 0
45401 308.19 7.92084 0.01 1 72 0
45429 291.349 7.77506 0.01 1 18 0
45442 308.192 7.85169 0.01 1 72 0
45460 308.439 8.11806 0.01 1 72 0
45500 323.179 8.1016 0.01 1 109 0
45501 293.12 7.77506 0.01 1 18 0
45516 292.626 7.77506 0.01 1 17 0
45729 293.12 7.77506 0.01 1 17 0
45743 309.043 8.46591 0.01 1 72 0
45791 308.439 8.11806 0.01 1 72 0
45794 309.011 7.80583 0.01 1 72 0
45867 293.12 7.77506 0.01 1 17 0
45884 293.12 7.77506 0.01 1 16 0
45971 306.087 8.36456 0.01 1 72 0
45991 293.12 7.77506 0.01 1 18 0
46048 292.222 7.77506 0.01 1 17 0
46085 313.787 7.9341 0.01 1 72 0
46129 307.533 8.24343 0.01 1 72 0
46159 306.975 8.08969 0.01 1 72 0
46210 293.12 7.77506 0.01 1 16 0
46235 293.12 7.77506 0.01 1 18 0
46300 308.369 8.21702 0.01 1 72 0
46311 308.865 7.89513 0.01 1 72 0
46340 293.12 7.57157 0.01 1 17 0
46394 310.009 8.11806 0.01 1 72 0
46408 321.488 8.19536 0.01 1 110 0
46463 292.626 7.77506 0.01 1 18 0
46506 293.12 7.77506 0.01 1 17 0
46507 292.626 7.77506 0.01 1 17 0
46570 293.12 7.77506 0.01 1 18 0
46598 293.12 7.77506 0.01 1 16 0
46608 323.179 8.14711 0.01 1 110 0
46663 309.573 7.94048 0.01 1 72 0
46676 309.573 7.9353 0.01 1 72 0
46741 307.782 8.11806 0.01 1 72 0
46809 292.626 7.77506 0.01 1 18 0
46815 309.903 8.05021 0.01 1 72 0.00118111
46825 310.613 8.36046 0.01 1 72 0
46827 309.573 7.9353 0.01 1 72 0
46851 306.087 8.36456 0.01 1 72 0
46857 291.31 7.77506 0.01 1 18 0
46947 293.12 7.77506 0.01 1 18 0
46978 309.011 7.80583 0.01 1 72 0
46991 292.626 7.8227 0.01 1 18 0
47027 293.12 7.77506 0.01 1 18 0
47046 323.179 8.14711 0.01 1 110 0
47122 309.573 7.9353 0.01 1 72 0
47131 310.613 8.36046 0.01 1 72 0
47149 293.12 7.79234 0.01 1 18 -0.000607006
47278 310.467 7.89518 0.01 1 72 0
47292 291.356 7.77506 0.01 1 18 0
47329 324.165 8.19536 0.01 1 111 0
47386 320.874 8.07168 0.01 1 109 -0.0014393
47442 322.184 8.19536 0.01 1 109 0
47468 323.179 8.14711 0.01 1 110 0
47546 310.613 8.36046 0.01 1 72 0
47599 293.12 7.57157 0.01 1 18 0
47643 308.369 8.21702 0.01 1 72 0
47709 292.868 7.77506 0.01 1 18 0
47807 293.12 7.77506 0.01 1 17 0
47855 292.626 7.77506 0.01 1 17 0
47864 293.12 7.77506 0.01 1 17 0
47873 292.626 7.77506 0.01 1 18 0
47934 293.12 7.77506 0.01 1 17 0
47937 310.927 7.73445 0.01 1 72 0
47976 292.947 7.82476 0.01 1 18 0.00229245
47997 307.569 8.26408 0.01 1 72 0
48015 322.832 8.23881 0.01 1 109 0
48081 293.12 7.77506 0.01 1 17 0
48121 293.12 7.77506 0.01 1 17 0
48233 292.222 7.77506 0.01 1 17 0
48248 291.468 7.77506 0.01 1 17 0
48251 310.977 7.9341 0.01 1 72 0
48337 308.439 8.11806 0.01 1 72 0
48351 296.286 7.82476 0.01 1 18 -0.0348547
48373 323.179 8.14711 0.01 1 110 0
48422 310.731 7.60354 0.01 1 72 0
48476 292.626 7.77506 0.01 1 18 0
48655 293.12 7.77506 0.01 1 18 0
48823 322.832 8.23881 0.01 1 109 0
48861 308.682 7.96399 0.01 1 72 0
48893 293.12 7.77506 0.01 1 16 0
48973 310.731 7.60354 0.01 1 72 0
49158 292.626 7.8227 0.01 1 17 0
49184 292.222 7.77506 0.01 1 18 0
49277 291.251 7.77506 0.01 1 18 0
49455 310.134 7.84696 0.01 1 72 0
49488 324.684 8.19536 0.01 1 109 0
49532 293.12 7.77506 0.01 1 17 0
49558 293.12 7.77506 0.01 1 17 0
49561 291.251 7.77506 0.01 1 18 0
49587 309.573 7.91361 0.01 1 72 0
49661 292.626 7.8227 0.01 1 18 0
49677 293.12 7.77506 0.01 1 17 0
49713 293.12 7.77506 0.01 1 17 0
49767 308.192 7.85169 0.01 1 72 0
49820 310.927 7.91982 0.01 1 72 0
49830 291.251 7.77506 0.01 1 18 0
49850 309.675 7.63311 0.01 1 72 0
49905 322.184 8.19536 0.01 1 109 0
49982 307.533 8.24343 0.01 1 72 0
49983 293.12 7.67956 0.01 1 16 -0.00179289
50000 310.927 7.75043 0.01 1 72 0
50026 292.096 7.77506 0.01 1 18 0
50042 292.222 7.77506 0.01 1 18 0
50067 293.12 7.77506 0.01 1 18 0
50077 292.626 7.77506 0.01 1 18 0
50078 307.569 8.24809 0.01 1 72 0
50218 292.626 7.77506 0.01 1 17 0
50238 291.251 7.77506 0.01 1 18 0
50245 309.043 8.46591 0.01 1 72 0
50272 293.12 7.77506 0.01 1 17 0
50297 308.192 7.85169 0.01 1 72 0
50481 310.467 7.72683 0.01 1 72 0
50591 310.731 7.60354 0.01 1 72 0
50600 293.12 7.77506 0.01 1 18 0
50629 293.525 7.77506 0.01 1 18 -0.0182204
50643 323.576 8.19536 0.01 1 109 0
50658 323.576 8.19536 0.01 1 109 0
50663 310.521 8.2815 0.01 1 72 0
50896 292.222 7.77506 0.01 1 17 0
50904 293.12 7.82476 0.01 1 17 0
50906 293.328 7.82476 0.01 1 18 0
50952 306.087 8.36456 0.01 1 72 0
50958 293.12 7.77506 0.01 1 17 0
50983 293.12 7.57157 0.01 1 17 0
50984 292.626 7.78643 0.01 1 18 0
51034 292.626 7.8227 0.01 1 17 0
51080 291.468 7.77506 0.01 1 17 0
51099 293.12 7.82476 0.01 1 16 0
51100 293.12 7.77506 0.01 1 16 0
51115 292.222 7.77506 0.01 1 18 0
51123 292.626 7.77506 0.01 1 18 0
51139 292.626 7.77506 0.01 1 18 0
51163 292.626 7.77506 0.01 1 18 0
51167 309.064 7.66564 0.01 1 72 0
51188 324.165 8.19536 0.01 1 111 0
51252 309.573 7.9353 0.01 1 72 0
51320 292.222 7.77506 0.01 1 17 0
51395 293.12 7.77506 0.01 1 16 0
51441 324.165 8.19536 0.01 1 111 0
51476 292.626 7.77506 0.01 1 17 0
51508 308.988 8.72304 0.01 1 72 0
51518 296.286 7.82476 0.01 1 17 0
51563 321.644 8.19536 0.01 1 109 0
51568 291.468 7.77506 0.01 1 17 0
51603 291.251 7.77506 0.01 1 18 0
51633 293.009 7.77506 0.01 1 17 -0.0103464
51639 309.011 7.80583 0.01 1 72 0
51653 293.12 7.6574 0.01 1 17 0
51667 293.12 7.77506 0.01 1 16 0
51673 323.179 8.14711 0.01 1 110 0
51704 292.222 7.77506 0.01 1 18 0
51739 308.847 8.46591 0.01 1 72 -2.98768e-05
51754 311.143 7.55706 0.01 1 72 0
51801 291.251 7.77506 0.01 1 17 0
51812 291.803 7.92886 0.01 1 18 0
51825 292.868 7.77506 0.01 1 18 0
51829 323.557 8.19536 0.01 1 110 0
