max_pf 111 min_pf 20
individual T0 sigma disp_rate r0 patch_no mut_eff
12 324.081 7.9922 0.01 1 110 0
136 294.05 8.14502 0.01 1 22 0.0114531
219 294.511 7.87914 0.01 1 22 0
315 294.884 8.06262 0.01 1 22 0
328 293.715 8.06262 0.01 1 21 0
353 324.081 7.9922 0.01 1 110 0
391 310.124 7.92475 0.01 1 72 0
439 309.816 8.53989 0.01 1 72 0
470 294.884 8.06262 0.01 1 20 0
532 307.337 7.87921 0.01 1 72 0
546 294.884 8.06262 0.01 1 22 0
548 294.264 7.87914 0.01 1 22 0
707 310.124 7.92475 0.01 1 72 0
718 311.076 8.1405 0.01 1 72 0
721 308.209 7.87998 0.01 1 72 0
840 308.037 7.87998 0.01 1 72 0
842 293.173 8.10703 0.01 1 21 0
888 308.562 7.80207 0.01 1 72 0
958 294.197 8.14502 0.01 1 22 0.00938428
960 294.884 8.06262 0.01 1 21 0
963 294.884 8.06262 0.01 1 21 0
991 307.744 8.33754 0.01 1 72 0
1008 323.06 7.9922 0.01 1 109 0
1018 294.884 8.06262 0.01 1 22 0
1026 324.081 7.9922 0.01 1 110 0
1031 294.928 8.0419 0.01 1 22 0
1050 308.037 7.87998 0.01 1 72 0
1087 311.076 8.1405 0.01 1 72 0
1110 294.884 8.06262 0.01 1 22 0
1148 293.972 7.95864 0.01 1 21 0
1188 294.884 8.06262 0.01 1 21 0
1197 295.265 8.20257 0.01 1 22 0
1272 323.06 7.9922 0.01 1 109 0
1367 294.884 8.10012 0.01 1 22 0.000675336
1397 294.884 8.06262 0.01 1 22 0
1412 308.526 7.77891 0.01 1 72 0
1421 323.457 7.9922 0.01 1 109 0
1425 307.337 7.95888 0.01 1 72 0
1429 309.717 8.08198 0.01 1 72 0
1515 310.949 8.31151 0.01 1 72 -1.43945e-05
1528 323.06 7.9922 0.01 1 109 0
1535 323.024 7.9922 0.01 1 110 0
1544 292.541 8.06262 0.01 1 22 0
1572 309.638 8.37293 0.01 1 72 0
1581 324.081 7.96891 0.01 1 110 0
1626 294.884 8.06262 0.01 1 22 0
1690 294.884 8.14502 0.01 1 21 0
1739 294.884 8.14502 0.01 1 22 0
1742 324.081 7.86305 0.01 1 110 0
1765 295.403 8.0419 0.01 1 22 0
1795 307.385 8.19878 0.01 1 72 0
1839 307.435 7.77891 0.01 1 72 0
1886 308.514 7.95074 0.01 1 72 0
2001 295.265 8.06262 0.01 1 22 0
2018 294.884 8.06262 0.01 1 22 0
2088 294.264 7.87914 0.01 1 20 0
2094 294.884 8.06262 0.01 1 22 0
2161 312.05 7.94638 0.01 1 72 0
2174 308.81 8.43607 0.01 1 72 0
2218 307.209 8.13901 0.01 1 72 0
2281 294.884 8.06262 0.01 1 21 0
2321 307.527 8.0352 0.01 1 72 0
2363 295.403 8.0419 0.01 1 21 0
2403 297.402 7.87914 0.01 1 22 0
2416 294.884 8.06262 0.01 1 22 0
2430 294.884 8.06262 0.01 1 20 0
2462 294.264 7.87914 0.01 1 21 0
2486 294.884 8.06262 0.01 1 21 0
2509 294.264 7.87914 0.01 1 20 0
2630 295.827 8.06262 0.01 1 22 0
2645 307.838 8.24444 0.01 1 72 0
2655 323.06 7.9922 0.01 1 109 0
2669 295.403 8.00813 0.01 1 22 0
2691 294.884 8.06262 0.01 1 20 0
2726 307.337 7.95888 0.01 1 72 0
2727 294.884 8.06262 0.01 1 22 0
2767 294.884 8.06262 0.01 1 21 0
2824 311.076 8.1405 0.01 1 72 0
2848 294.264 7.87914 0.01 1 20 0
2851 297.402 7.87914 0.01 1 22 0
2910 294.884 8.06262 0.01 1 22 0
2998 294.884 8.06262 0.01 1 20 0
3093 323.06 7.9922 0.01 1 109 0
3117 309.717 8.08198 0.01 1 72 0
3129 294.884 7.89442 0.01 1 22 -0.00112534
3232 323.457 7.9922 0.01 1 110 0
3269 307.337 7.95888 0.01 1 72 0
3295 306.8 8.24444 0.01 1 72 0
3370 307.209 8.13901 0.01 1 72 0
3421 294.167 8.06262 0.01 1 22 0
3468 294.884 8.06262 0.01 1 22 0
3507 323.457 7.9922 0.01 1 109 0
3577 308.383 7.81952 0.01 1 72 0
3611 293.173 8.10703 0.01 1 22 0
3613 309.721 7.98148 0.01 1 72 0
3615 294.264 7.87914 0.01 1 21 0
3637 294.884 8.06262 0.01 1 22 0
3677 294.972 7.87914 0.01 1 22 -0.0097013
3686 308.702 7.9524 0.01 1 72 0
3710 294.884 8.06262 0.01 1 22 0
3750 295.265 8.19787 0.01 1 22 0
3792 294.264 7.87914 0.01 1 21 0
3810 322.403 7.96891 0.01 1 110 -0.0207945
3841 324.081 8.08489 0.01 1 110 0
3849 309.717 8.08198 0.01 1 72 0
3865 297.402 7.93809 0.01 1 22 0
3866 293.173 8.10703 0.01 1 22 0
3870 293.715 8.06262 0.01 1 22 0
3882 294.264 7.87914 0.01 1 21 0
3894 294.884 8.06262 0.01 1 22 0
3908 308.521 8.08931 0.01 1 72 0
3950 294.884 8.06262 0.01 1 20 0
3966 307.17 8.03092 0.01 1 72 0
3995 294.884 8.06262 0.01 1 22 0
4123 294.884 8.06262 0.01 1 22 0
4166 308.702 7.9524 0.01 1 72 0
4233 295.403 8.0419 0.01 1 22 0
4296 324.081 7.9922 0.01 1 109 0
4298 294.264 7.87914 0.01 1 20 0
4329 295.403 8.0419 0.01 1 21 0
4338 324.081 7.96891 0.01 1 110 0
4410 324.081 7.9922 0.01 1 109 0
4450 308.521 8.08931 0.01 1 72 0
4499 294.884 8.06262 0.01 1 21 0
4555 294.264 7.87914 0.01 1 22 0
4573 294.264 7.87914 0.01 1 22 0
4593 294.264 7.87914 0.01 1 20 0
4599 294.884 8.06262 0.01 1 22 0
4613 294.884 8.06262 0.01 1 22 0
4620 311.076 8.1405 0.01 1 72 0
4674 294.884 8.06262 0.01 1 22 0
4760 294.884 8.06262 0.01 1 21 0
4768 308.521 8.08931 0.01 1 72 0
4782 323.457 7.9922 0.01 1 109 0
4858 297.402 7.87914 0.01 1 21 0
4882 294.884 8.14502 0.01 1 22 0
4934 294.884 8.06262 0.01 1 22 0
4955 295.403 8.00813 0.01 1 22 0
4969 323.457 7.9922 0.01 1 109 0
5036 309.083 8.16842 0.01 1 72 0
5057 312.255 8.00374 0.01 1 72 0
5102 294.884 7.86492 0.01 1 22 -0.00362121
5125 308.276 7.62874 0.01 1 72 0
5168 294.884 8.06262 0.01 1 20 0
5175 294.884 8.06262 0.01 1 22 0
5184 295.501 7.95552 0.01 1 22 -0.0209977
5216 310.309 7.98148 0.01 1 72 0
5223 324.081 7.9922 0.01 1 110 0
5225 308.702 7.9524 0.01 1 72 0
5237 307.934 8.08681 0.01 1 72 0
5244 294.264 7.87914 0.01 1 22 0
5253 294.972 7.87914 0.01 1 22 0
5278 325.094 7.9922 0.01 1 109 0
5328 309.72 8.42786 0.01 1 72 0
5362 294.884 8.06262 0.01 1 22 0
5403 295.265 8.06262 0.01 1 22 0
5406 308.837 7.80207 0.01 1 72 0
5407 294.441 7.87914 0.01 1 22 0
5439 294.884 8.06262 0.01 1 22 0
5441 294.264 7.87914 0.01 1 22 0
5488 323.024 7.9922 0.01 1 110 0
5523 294.884 8.06262 0.01 1 21 0
5538 308.785 8.1911 0.01 1 72 0
5582 293.887 7.87914 0.01 1 20 0.00497688
5600 293.173 8.10703 0.01 1 22 0
5604 294.884 8.06262 0.01 1 21 0
5617 307.814 8.08681 0.01 1 72 0
5770 324.081 7.98059 0.01 1 110 0
5772 297.402 7.93809 0.01 1 22 0
5773 295.403 8.0419 0.01 1 21 0
5793 324.081 8.05678 0.01 1 110 0.000338659
5794 294.884 8.06262 0.01 1 22 0
5905 323.06 7.9922 0.01 1 109 0
5915 294.884 8.06262 0.01 1 22 0
5943 323.06 7.9922 0.01 1 109 0
5945 293.173 8.10703 0.01 1 21 0
6044 308.876 7.80207 0.01 1 72 0
6081 294.884 8.06262 0.01 1 22 0
6083 306.8 8.24444 0.01 1 72 0
6198 324.081 7.9922 0.01 1 110 0
6214 308.81 8.43607 0.01 1 72 0
6220 323.457 7.9922 0.01 1 109 0
6224 294.884 8.06262 0.01 1 22 0
6279 294.884 8.23677 0.01 1 22 0
6344 294.884 8.06262 0.01 1 22 0
6356 295.265 8.06262 0.01 1 22 0
6361 297.402 7.87914 0.01 1 22 0
6400 311.411 7.98148 0.01 1 72 0
6425 294.264 7.81022 0.01 1 22 0
6458 324.081 7.9922 0.01 1 111 0
6491 294.884 8.06262 0.01 1 21 0
6496 294.884 8.06262 0.01 1 22 0
6503 294.264 7.87914 0.01 1 22 0
6566 293.173 8.10703 0.01 1 22 0
6571 309.451 8.24444 0.01 1 72 0
6582 324.081 7.9922 0.01 1 110 0
6694 324.081 7.9922 0.01 1 110 0
6711 294.884 8.06262 0.01 1 22 0
6717 294.884 8.06262 0.01 1 22 0
6718 307.435 7.77891 0.01 1 72 0
6767 307.435 7.77891 0.01 1 72 0
6838 309.816 8.53989 0.01 1 72 0
6854 295.403 8.00813 0.01 1 22 0
6946 294.884 8.06262 0.01 1 21 0
6956 296.623 7.87914 0.01 1 22 0
6982 294.884 8.14502 0.01 1 22 0
7080 311.455 8.11287 0.01 1 72 0
7087 324.081 7.9922 0.01 1 110 0
7131 294.884 8.06262 0.01 1 21 0
7146 294.884 8.06262 0.01 1 22 0
7172 294.884 8.06262 0.01 1 21 0
7201 323.06 7.9922 0.01 1 109 0
7214 309.935 8.107 0.01 1 72 0
7261 308.995 7.69066 0.01 1 72 0
7267 307.593 8.13901 0.01 1 72 0
7322 324.081 7.9922 0.01 1 110 0
7352 294.772 8.06262 0.01 1 22 0
7356 294.05 8.14502 0.01 1 21 0
7407 307.337 7.95888 0.01 1 72 0
7464 293.715 8.06262 0.01 1 22 0
7538 294.884 8.06262 0.01 1 21 0
7542 294.264 7.87914 0.01 1 22 0
7611 294.884 8.06262 0.01 1 22 0
7652 293.972 8.06262 0.01 1 22 0
7695 294.884 8.06262 0.01 1 22 0
7736 324.081 7.9922 0.01 1 109 0
7906 324.081 7.9922 0.01 1 110 0
7915 311.076 8.17617 0.01 1 72 0
8026 294.884 8.06262 0.01 1 22 0
8034 294.264 7.87914 0.01 1 20 0
8107 292.541 8.00202 0.01 1 22 0
8127 294.884 8.06262 0.01 1 22 0
8161 294.884 8.06262 0.01 1 22 0
8176 295.403 8.00813 0.01 1 22 0
8184 306.703 7.95888 0.01 1 72 -0.00381915
8208 294.884 8.06262 0.01 1 22 0
8268 294.884 8.06262 0.01 1 21 0
8276 294.884 8.06262 0.01 1 21 0
8287 295.403 8.00813 0.01 1 22 0
8305 294.884 8.06262 0.01 1 22 0
8313 309.032 7.95888 0.01 1 72 0
8350 323.457 7.9922 0.01 1 109 0
8360 311.131 7.0367 0.01 1 72 0
8389 294.884 8.06262 0.01 1 22 0
8423 294.884 8.06262 0.01 1 22 0
8485 324.081 7.9922 0.01 1 109 0
8490 294.264 7.94305 0.01 1 20 0.00118098
8537 294.884 8.06262 0.01 1 22 0
8567 311.131 7.0367 0.01 1 72 0
8615 294.884 8.06262 0.01 1 22 0
8718 323.06 7.9922 0.01 1 109 0
8740 324.081 7.9922 0.01 1 110 0
8753 295.403 8.0419 0.01 1 22 0
8755 309.922 8.07086 0.01 1 72 0
8810 294.884 8.09541 0.01 1 22 0
8815 298.231 7.96796 0.01 1 22 0
8857 294.884 8.06262 0.01 1 21 0
8862 294.884 8.06262 0.01 1 22 0
8883 294.264 7.87914 0.01 1 21 0
8916 311.076 8.1405 0.01 1 72 0
8983 309.717 8.08198 0.01 1 72 0
9025 294.264 7.87914 0.01 1 20 0
9069 309.593 8.53984 0.01 1 72 0
9115 307.948 7.80207 0.01 1 72 -0.001772
9140 294.884 8.06262 0.01 1 22 0
9179 308.821 7.95888 0.01 1 72 0
9224 293.173 8.10703 0.01 1 22 0
9250 307.385 8.25785 0.01 1 72 0
9275 308.037 7.87998 0.01 1 72 0
9350 310.124 7.92475 0.01 1 72 0
9352 323.06 7.9922 0.01 1 109 0
9365 311.909 8.05364 0.01 1 72 0
9366 294.884 8.06262 0.01 1 22 0
9371 294.884 8.14502 0.01 1 21 0
9377 293.173 8.10703 0.01 1 22 0
9386 294.264 7.87914 0.01 1 22 0
9437 294.884 8.06262 0.01 1 22 0
9570 294.884 7.89442 0.01 1 21 0
9589 293.951 7.95552 0.01 1 22 0
9595 309.453 8.08681 0.01 1 72 0
9605 308.785 8.1911 0.01 1 72 0
9623 294.884 8.06262 0.01 1 22 0
9627 294.884 8.06262 0.01 1 22 0
9752 309.717 8.08198 0.01 1 72 0
9793 309.717 8.08198 0.01 1 72 0
9798 294.884 8.06262 0.01 1 20 0
9808 294.264 7.87914 0.01 1 22 0
9813 294.264 7.90743 0.01 1 22 0.000516944
9851 295.129 7.87914 0.01 1 22 -0.0117716
9857 294.884 8.06262 0.01 1 22 0
9871 294.264 7.87914 0.01 1 21 0
9886 294.264 7.87914 0.01 1 22 0
9916 308.451 8.4688 0.01 1 72 0
10000 294.884 8.06262 0.01 1 22 0
10020 310.876 8.07086 0.01 1 72 0
10083 294.264 7.87914 0.01 1 20 0
10156 294.884 8.14502 0.01 1 21 0
10166 294.884 8.09541 0.01 1 22 0
10189 294.884 8.06262 0.01 1 22 0
10361 324.081 7.9922 0.01 1 111 0
10435 308.037 7.87998 0.01 1 72 0
10444 294.264 7.87914 0.01 1 21 0
10456 295.614 7.87914 0.01 1 22 -0.0187213
10457 311.131 7.0367 0.01 1 72 0
10502 294.264 7.87914 0.01 1 22 0
10504 294.884 8.06262 0.01 1 22 0
10510 323.06 7.9922 0.01 1 109 0
10610 311.456 7.98148 0.01 1 72 0
10695 307.721 8.24444 0.01 1 72 0
10720 294.884 8.06262 0.01 1 22 0
10828 309.568 8.00374 0.01 1 72 0
10833 309.717 8.05239 0.01 1 72 0
10836 324.081 7.96891 0.01 1 110 0
10874 308.276 7.62874 0.01 1 72 0
10908 294.884 8.06262 0.01 1 22 0
10912 295.403 8.00813 0.01 1 22 0
10943 309.237 7.80207 0.01 1 72 0
10997 298.231 7.96598 0.01 1 22 0
11102 308.876 7.80207 0.01 1 72 0
11304 294.884 8.06262 0.01 1 21 0
11311 294.884 8.06262 0.01 1 21 0
11325 294.884 8.06262 0.01 1 20 0
11344 311.076 8.1405 0.01 1 72 0
11477 294.884 8.06262 0.01 1 21 0
11529 294.884 8.06262 0.01 1 20 0
11552 295.403 8.0419 0.01 1 22 0
11580 293.173 8.10703 0.01 1 21 0
11583 294.884 8.12811 0.01 1 22 0
11626 308.995 7.69066 0.01 1 72 0
11637 307.385 8.19878 0.01 1 72 0
11650 294.264 7.87914 0.01 1 22 0
11681 311.076 8.1405 0.01 1 72 0
11682 294.884 7.89442 0.01 1 22 0
11769 295.403 8.0419 0.01 1 21 0
11894 294.884 8.06262 0.01 1 22 0
12012 294.884 8.06262 0.01 1 20 0
12030 308.785 8.1911 0.01 1 72 0
12248 297.402 7.93809 0.01 1 22 0
12274 308.001 8.24444 0.01 1 72 0
12281 294.884 8.06262 0.01 1 21 0
12406 295.69 8.0419 0.01 1 22 -0.0036307
12459 297.402 7.87914 0.01 1 21 0
12515 294.884 8.06262 0.01 1 21 0
12537 295.403 8.0419 0.01 1 22 0
12566 324.081 7.9922 0.01 1 110 0
12611 307.721 8.12793 0.01 1 72 0
12648 307.385 8.19878 0.01 1 72 0
12757 324.081 7.9922 0.01 1 110 0
12814 293.173 8.10703 0.01 1 22 0
12826 324.081 7.9922 0.01 1 110 0
12830 294.884 8.06262 0.01 1 22 0
12844 308.821 7.95888 0.01 1 72 0
12860 294.884 8.06262 0.01 1 21 0
12969 294.264 7.87914 0.01 1 22 0
12971 294.884 8.14502 0.01 1 22 0
12980 294.884 8.06262 0.01 1 21 0
13018 293.173 8.10703 0.01 1 22 0
13095 321.423 7.9922 0.01 1 109 0
13098 293.972 8.06262 0.01 1 22 0
13109 295.308 8.14471 0.01 1 20 -0.00361858
13165 294.884 8.06262 0.01 1 20 0
13184 294.884 8.06262 0.01 1 22 0
13233 309.556 8.29582 0.01 1 72 0
13270 311.076 8.1405 0.01 1 72 0
13289 295.557 8.06262 0.01 1 22 -0.00875401
13327 295.265 8.19787 0.01 1 22 0
13340 324.081 7.9922 0.01 1 110 0
13406 294.699 7.87914 0.01 1 22 0
13435 294.884 8.06262 0.01 1 21 0
13436 293.972 8.06262 0.01 1 22 0
13440 294.884 8.06262 0.01 1 21 0
13502 307.209 8.13901 0.01 1 72 0
13528 294.884 8.06262 0.01 1 21 0
13541 294.884 8.06262 0.01 1 22 0
13585 308.81 8.43607 0.01 1 72 0
13608 293.972 8.06262 0.01 1 22 0
13633 307.337 7.95888 0.01 1 72 0
13640 311.909 8.05364 0.01 1 72 0
13641 294.884 8.06262 0.01 1 21 0
13676 294.884 8.06262 0.01 1 22 0
13691 294.264 7.87914 0.01 1 21 0
13724 309.72 8.42786 0.01 1 72 0
13732 307.385 8.19878 0.01 1 72 0
13752 295.403 8.00813 0.01 1 22 0
13817 309.816 8.53989 0.01 1 72 0
13831 294.264 7.87914 0.01 1 22 0
13844 294.884 8.12811 0.01 1 22 0
13863 310.876 8.07086 0.01 1 72 0
13968 309.721 7.98148 0.01 1 72 0
13973 308.276 7.62874 0.01 1 72 0
14044 293.953 8.06262 0.01 1 22 0.0128617
14049 309.816 8.51175 0.01 1 72 0
14085 294.884 8.06262 0.01 1 21 0
14117 311.455 8.10803 0.01 1 72 -1.03861e-05
14133 309.816 8.53989 0.01 1 72 0
14161 308.037 7.87998 0.01 1 72 0
14181 323.457 7.9922 0.01 1 109 0
14194 310.124 7.92475 0.01 1 72 0
14224 295.403 8.00813 0.01 1 22 0
14261 310.209 8.107 0.01 1 72 0
14271 293.173 8.10703 0.01 1 22 0
14344 309.083 8.16842 0.01 1 72 0
14386 325.094 7.9922 0.01 1 109 0
14438 293.715 8.06262 0.01 1 22 0
14441 323.06 7.9922 0.01 1 110 0
14470 294.884 8.06262 0.01 1 22 0
14481 294.884 8.06262 0.01 1 22 0
14515 310.37 8.16863 0.01 1 72 0
14565 294.884 8.06262 0.01 1 22 0
14634 295.265 8.06262 0.01 1 22 0
14638 323.457 7.9922 0.01 1 109 0
14670 294.884 8.06262 0.01 1 22 0
14671 294.884 8.06262 0.01 1 21 0
14674 294.884 8.09541 0.01 1 22 0
14898 295.403 7.97383 0.01 1 22 0
14946 324.081 7.9922 0.01 1 110 0
14953 308.785 8.1911 0.01 1 72 0
14955 291.747 8.10703 0.01 1 22 0.0211052
15048 294.884 8.06262 0.01 1 21 0
15053 298.231 7.96598 0.01 1 22 0
15099 294.884 8.06262 0.01 1 21 0
15100 294.884 8.06262 0.01 1 20 0
15103 308.526 7.77891 0.01 1 72 0
15193 309.453 8.08681 0.01 1 72 0
15228 308.534 8.48224 0.01 1 72 -0.000626743
15272 294.884 8.06262 0.01 1 20 0
15295 308.894 7.80207 0.01 1 72 0
15303 297.402 7.87914 0.01 1 22 0
15318 307.385 8.19878 0.01 1 72 0
15370 294.884 8.06262 0.01 1 21 0
15402 294.884 8.06262 0.01 1 22 0
15405 294.264 7.87914 0.01 1 22 0
15412 294.264 7.87914 0.01 1 22 0
15494 294.884 8.06262 0.01 1 21 0
15613 323.457 7.9922 0.01 1 111 0
15632 308.037 7.87998 0.01 1 72 0
15638 307.435 7.77891 0.01 1 72 0
15648 294.884 8.06262 0.01 1 21 0
15649 294.884 8.06262 0.01 1 21 0
15671 294.884 8.06262 0.01 1 22 0
15726 309.083 8.16842 0.01 1 72 0
15740 292.541 8.06262 0.01 1 22 0
15747 293.715 8.06262 0.01 1 22 0
15789 308.702 7.9524 0.01 1 72 0
15838 311.076 8.1405 0.01 1 72 0
15847 307.17 8.03092 0.01 1 72 0
15851 294.796 7.87914 0.01 1 22 0
15864 294.264 7.87914 0.01 1 20 0
15924 307.527 8.0352 0.01 1 72 0
15928 294.884 8.06262 0.01 1 20 0
15945 294.884 8.06262 0.01 1 22 0
15977 294.789 7.87914 0.01 1 22 -0.0072395
16008 294.264 7.87914 0.01 1 22 0
16037 294.264 7.87914 0.01 1 22 0
16059 311.131 7.0367 0.01 1 72 0
16081 308.383 7.96032 0.01 1 72 0
16149 294.884 8.06262 0.01 1 20 0
16255 298.231 7.96598 0.01 1 22 0
16264 294.884 8.06262 0.01 1 22 0
16288 295.645 7.99032 0.01 1 22 -0.0111764
16314 308.521 8.08931 0.01 1 72 0
16355 294.264 7.87914 0.01 1 22 0
16357 294.264 7.87914 0.01 1 22 0
16358 325.094 8.05143 0.01 1 111 0
16411 308.323 7.69544 0.01 1 72 0
16450 294.884 8.06262 0.01 1 22 0
16453 324.081 8.18363 0.01 1 110 0.00110643
16484 294.772 8.06262 0.01 1 22 0
16491 307.17 8.03092 0.01 1 72 0
16494 307.435 7.77891 0.01 1 72 0
16517 294.884 8.06262 0.01 1 21 0
16591 294.884 8.06262 0.01 1 22 0
16597 323.457 7.9922 0.01 1 109 0
16611 295.403 8.0419 0.01 1 21 0
16619 295.265 8.06262 0.01 1 22 0
16639 294.884 8.07375 0.01 1 21 0.00020165
16689 309.556 8.29582 0.01 1 72 0
16690 295.265 8.19787 0.01 1 22 0
16711 311.076 8.1405 0.01 1 72 0
16778 294.264 7.87914 0.01 1 22 0
16852 295.403 8.0419 0.01 1 21 0
16888 324.081 7.9922 0.01 1 110 0
16892 307.209 8.13901 0.01 1 72 0
16901 294.884 8.06262 0.01 1 21 0
16909 294.884 8.06262 0.01 1 22 0
16944 294.884 8.06262 0.01 1 20 0
16958 309.717 8.08198 0.01 1 72 0
16969 307.385 8.25785 0.01 1 72 0
17059 309.451 8.288 0.01 1 72 0
17135 294.884 8.06262 0.01 1 22 0
17165 294.884 8.06262 0.01 1 20 0
17183 294.884 8.06262 0.01 1 21 0
17253 292.541 8.00202 0.01 1 22 0
17343 293.173 8.10703 0.01 1 22 0
17399 307.934 8.01811 0.01 1 72 -2.94298e-05
17440 294.884 8.06262 0.01 1 21 0
17476 294.884 8.06262 0.01 1 22 0
17492 294.884 7.89442 0.01 1 21 0
17498 323.06 7.9922 0.01 1 109 0
17539 294.884 8.14502 0.01 1 22 0
17586 294.884 8.06262 0.01 1 21 0
17595 309.575 7.94165 0.01 1 72 0
17632 311.131 7.09553 0.01 1 72 0.000143811
17643 323.06 7.9922 0.01 1 109 0
17700 323.457 7.9922 0.01 1 109 0
17720 294.884 8.06262 0.01 1 22 0
17771 307.802 8.24444 0.01 1 72 0
17780 294.884 8.06262 0.01 1 22 0
17837 308.034 7.95888 0.01 1 72 0
17934 294.884 8.07375 0.01 1 21 0
17957 294.052 7.75119 0.01 1 22 0
18027 294.884 8.06262 0.01 1 22 0
18037 308.785 8.1911 0.01 1 72 0
18050 307.385 8.19878 0.01 1 72 0
18172 294.884 8.06262 0.01 1 22 0
18239 298.231 7.96598 0.01 1 22 0
18241 294.884 8.06262 0.01 1 22 0
18253 294.884 8.06262 0.01 1 22 0
18254 308.037 7.87998 0.01 1 72 0
18262 307.77 7.98148 0.01 1 72 0
18289 294.884 8.06262 0.01 1 20 0
18350 323.06 7.9922 0.01 1 109 0
18367 294.884 8.14502 0.01 1 22 0
18369 308.383 7.81952 0.01 1 72 -2.15918e-05
18382 294.884 8.06262 0.01 1 22 0
18400 311.076 8.1405 0.01 1 72 0
18506 294.884 8.0231 0.01 1 22 0
18512 310.876 8.07086 0.01 1 72 0
18630 294.884 8.03249 0.01 1 22 -0.000545368
18671 310.309 7.98148 0.01 1 72 0
18757 323.457 7.9922 0.01 1 109 0
18786 294.884 8.06262 0.01 1 22 0
18791 309.721 7.98148 0.01 1 72 0
18832 308.785 8.1911 0.01 1 72 0
18856 308.876 7.80207 0.01 1 72 0
18877 307.802 8.24444 0.01 1 72 0
19078 310.291 8.38806 0.01 1 72 0
19102 294.884 8.06262 0.01 1 22 0
19113 294.884 8.06262 0.01 1 22 0
19186 323.457 8.01088 0.01 1 110 0.000127345
19227 294.884 7.86492 0.01 1 22 0
19286 309.575 7.94165 0.01 1 72 0
19336 309.717 8.08198 0.01 1 72 0
19340 294.264 7.87914 0.01 1 21 0
19349 308.516 8.03221 0.01 1 72 0
19383 297.402 7.87914 0.01 1 22 0
19393 292.442 8.10703 0.01 1 22 0.0107783
19423 294.884 8.06262 0.01 1 22 0
19477 324.081 7.9922 0.01 1 110 0
19530 311.455 8.11287 0.01 1 72 0
19573 293.173 8.10703 0.01 1 21 0
19586 295.308 8.14471 0.01 1 20 0
19628 294.884 8.06262 0.01 1 22 0
19655 311.131 7.0367 0.01 1 72 0
19661 293.972 7.95864 0.01 1 21 0
19680 307.934 8.08681 0.01 1 72 0
19698 310.124 7.92475 0.01 1 72 0
19706 309.453 8.08681 0.01 1 72 0
19730 294.884 8.06262 0.01 1 22 0
19812 309.922 8.07086 0.01 1 72 0
19880 294.884 8.06262 0.01 1 22 0
19885 307.744 8.33754 0.01 1 72 0
19928 305.294 7.91349 0.01 1 72 0.000284284
19997 294.264 7.87914 0.01 1 22 0
20018 294.884 8.21455 0.01 1 22 0
20055 306.8 8.24444 0.01 1 72 -0.0054957
20060 311.076 8.1405 0.01 1 72 0
20077 295.403 8.00813 0.01 1 22 0
20166 294.884 8.06262 0.01 1 22 0
20183 294.884 8.06262 0.01 1 22 0
20261 294.884 8.06262 0.01 1 20 0
20288 323.06 7.9922 0.01 1 109 0
20290 308.785 8.1911 0.01 1 72 0
20295 307.337 7.95888 0.01 1 72 0
20329 307.337 7.87921 0.01 1 72 0
20346 310.209 8.107 0.01 1 72 0
20392 294.264 7.87914 0.01 1 20 0
20400 307.385 8.25785 0.01 1 72 0
20434 294.884 8.09541 0.01 1 22 0
20463 294.264 7.87914 0.01 1 20 0
20471 308.307 8.16842 0.01 1 72 -0.000703573
20505 294.264 7.87914 0.01 1 22 0
20528 309.721 7.98148 0.01 1 72 0
20531 294.884 8.09541 0.01 1 22 0
20558 294.884 8.06677 0.01 1 22 0
20563 308.323 7.69544 0.01 1 72 0
20578 294.884 8.06262 0.01 1 21 0
20584 308.521 8.08931 0.01 1 72 0
20639 311.076 8.17617 0.01 1 72 0
20641 308.562 7.80207 0.01 1 72 0
20697 309.451 8.36304 0.01 1 72 0
20700 308.037 7.87998 0.01 1 72 0
20713 307.435 7.77891 0.01 1 72 0
20745 294.884 8.06262 0.01 1 20 0
20767 294.884 8.06262 0.01 1 22 0
20789 297.402 7.87914 0.01 1 22 0
20790 323.06 7.9922 0.01 1 109 0
20864 294.884 8.06262 0.01 1 20 0
20876 323.06 7.9922 0.01 1 109 0
20948 309.568 8.00374 0.01 1 72 0
21111 323.457 7.9922 0.01 1 109 0
21149 295.726 8.06262 0.01 1 22 -0.0108839
21171 307.337 7.87921 0.01 1 72 0
21292 294.884 8.06262 0.01 1 20 0
21298 307.17 8.03092 0.01 1 72 0
21419 294.264 7.87914 0.01 1 22 0
21431 294.884 8.06262 0.01 1 21 0
21447 294.884 8.06262 0.01 1 20 0
21493 324.081 7.9922 0.01 1 109 0
21513 308.526 7.77891 0.01 1 72 0
21557 295.403 8.0419 0.01 1 22 0
21594 308.276 7.62874 0.01 1 72 0
21602 308.81 8.43607 0.01 1 72 0
21643 294.264 7.87914 0.01 1 22 0
21721 323.457 7.9922 0.01 1 109 0
21725 294.884 8.06262 0.01 1 22 0
21815 311.076 8.1405 0.01 1 72 0
21823 293.972 8.0446 0.01 1 22 -0.000316784
21952 294.884 8.06262 0.01 1 22 0
22025 309.789 7.95888 0.01 1 72 0
22173 294.441 7.87914 0.01 1 22 0
22205 308.526 7.77891 0.01 1 72 0
22273 323.06 7.9922 0.01 1 110 0
22364 305.711 8.1911 0.01 1 72 0
22402 294.884 8.06262 0.01 1 22 0
22408 306.8 8.24444 0.01 1 72 0
22428 307.744 8.33754 0.01 1 72 0
22436 294.884 8.06262 0.01 1 21 0
22484 294.264 7.87914 0.01 1 20 0
22487 294.884 8.06262 0.01 1 22 0
22496 295.403 8.0419 0.01 1 21 0
22524 297.402 7.93809 0.01 1 22 0
22539 294.884 8.06262 0.01 1 21 0
22622 307.435 7.77891 0.01 1 72 0
22678 324.081 7.9922 0.01 1 110 0
22682 324.081 7.9922 0.01 1 110 0
22713 294.884 8.14502 0.01 1 22 0
22806 293.585 8.06262 0.01 1 22 0
22849 309.453 8.08681 0.01 1 72 0
22881 294.884 8.06262 0.01 1 22 0
22882 308.521 8.08931 0.01 1 72 0
22941 294.167 8.06262 0.01 1 22 0
23017 307.435 7.77891 0.01 1 72 0
23038 324.081 7.9922 0.01 1 110 0
23065 298.231 7.96598 0.01 1 22 0
23184 294.264 7.87914 0.01 1 22 0
23211 307.802 8.24444 0.01 1 72 0
23227 294.884 8.06262 0.01 1 21 0
23336 293.173 8.10703 0.01 1 21 0
23459 295.403 8.00813 0.01 1 22 0
23538 297.402 7.87914 0.01 1 22 0
23550 294.884 8.06262 0.01 1 22 0
23619 294.884 8.06262 0.01 1 21 0
23643 324.081 7.9922 0.01 1 109 0
23676 323.457 7.9922 0.01 1 109 0
23723 309.083 8.16842 0.01 1 72 0
23795 309.568 8.00374 0.01 1 72 0
23823 298.231 7.96598 0.01 1 21 0
23865 295.265 8.06262 0.01 1 22 0
23882 294.884 8.06262 0.01 1 22 0
23886 307.934 8.08681 0.01 1 72 0
23894 308.516 8.03221 0.01 1 72 0
23924 293.721 8.14502 0.01 1 22 0.016114
23935 309.922 8.07086 0.01 1 72 0
23936 293.951 8.05619 0.01 1 22 0
23956 294.264 7.87914 0.01 1 22 0
23970 308.209 7.94154 0.01 1 72 0
23972 294.884 8.06262 0.01 1 21 0
24004 324.081 7.9922 0.01 1 110 0
24046 294.884 8.06262 0.01 1 22 0
24075 294.884 8.06262 0.01 1 22 0
24079 294.884 8.06262 0.01 1 22 0
24080 294.884 8.23677 0.01 1 22 0
24144 307.337 7.95888 0.01 1 72 0
24171 298.231 7.96598 0.01 1 22 0
24177 294.884 8.06262 0.01 1 22 0
24212 294.884 8.06262 0.01 1 22 0
24215 324.081 7.96891 0.01 1 110 0
24235 294.884 8.06262 0.01 1 21 0
24293 298.231 7.96598 0.01 1 22 0
24296 294.264 7.87914 0.01 1 22 0
24297 295.403 8.00813 0.01 1 22 0
24312 294.884 8.14502 0.01 1 22 0
24318 308.034 7.95888 0.01 1 72 0
24333 295.403 8.00813 0.01 1 22 0
24341 325.094 7.9922 0.01 1 109 0
24354 293.173 8.10703 0.01 1 22 0
24371 294.884 8.14502 0.01 1 21 0
24526 324.081 7.9922 0.01 1 110 0
24537 294.884 8.06262 0.01 1 22 0
24545 294.884 8.06262 0.01 1 22 0
24587 323.06 8.1245 0.01 1 109 0.000850931
24598 295.403 8.0419 0.01 1 22 0
24671 294.264 7.89313 0.01 1 22 -0.000261068
24745 323.457 7.9922 0.01 1 109 0
24776 294.264 7.87914 0.01 1 21 0
24799 323.06 7.9922 0.01 1 109 0
24821 294.264 7.87914 0.01 1 21 0
24873 294.884 8.06262 0.01 1 22 0
24879 294.264 7.87914 0.01 1 22 0
24892 294.884 8.06262 0.01 1 22 0
24896 311.076 8.1405 0.01 1 72 0
24920 292.541 8.00202 0.01 1 22 0
24934 307.337 7.95888 0.01 1 72 0
24971 294.884 8.23677 0.01 1 22 0
25000 297.402 7.93809 0.01 1 22 0
25030 297.402 7.87914 0.01 1 21 0
25047 324.081 7.9922 0.01 1 109 0
25080 294.884 8.14502 0.01 1 22 0
25090 294.884 8.06262 0.01 1 22 0
25108 308.276 7.62874 0.01 1 72 0
25137 297.402 7.93809 0.01 1 22 0
25172 294.884 8.06262 0.01 1 22 0
25186 309.816 8.53989 0.01 1 72 0
25194 294.884 8.06262 0.01 1 22 0
25200 294.884 8.06262 0.01 1 21 0
25308 297.402 7.87914 0.01 1 22 0
25318 310.949 8.32279 0.01 1 72 0
25333 307.337 7.95888 0.01 1 72 0
25426 298.231 7.96796 0.01 1 20 0
25428 294.884 8.06262 0.01 1 22 0
25476 294.264 7.97413 0.01 1 22 0.00172654
25507 294.884 8.06262 0.01 1 21 0
25546 324.081 7.9922 0.01 1 109 0
25573 294.884 8.06262 0.01 1 22 0
25577 294.884 8.06262 0.01 1 22 0
25599 298.231 7.96598 0.01 1 22 0
25619 294.884 8.06262 0.01 1 20 0
25622 294.264 7.87914 0.01 1 22 0
25632 324.081 7.9922 0.01 1 109 0
25662 294.264 7.87914 0.01 1 21 0
25668 294.884 8.06262 0.01 1 20 0
25691 294.884 8.06262 0.01 1 21 0
25712 324.081 7.9922 0.01 1 110 0
25716 324.081 7.9922 0.01 1 111 0
25719 311.455 8.11287 0.01 1 72 0
25720 310.949 8.32279 0.01 1 72 0
25787 294.884 8.06262 0.01 1 22 0
25831 323.457 7.9922 0.01 1 110 0
25887 294.884 8.06262 0.01 1 22 0
25998 294.884 8.06262 0.01 1 22 0
26050 294.884 8.06262 0.01 1 22 0
26083 294.884 8.06262 0.01 1 22 0
26213 294.264 7.87914 0.01 1 20 0
26356 294.884 8.06262 0.01 1 21 0
26359 293.173 8.10703 0.01 1 22 0
26380 294.884 8.06262 0.01 1 21 0
26482 294.884 8.14502 0.01 1 22 0
26524 323.06 7.9922 0.01 1 109 0
26548 295.265 8.06262 0.01 1 22 0
26625 294.884 8.06262 0.01 1 20 0
26756 294.884 8.06262 0.01 1 22 0
26789 294.884 8.06262 0.01 1 21 0
26804 324.4 7.91672 0.01 1 111 -0.00687361
26823 308.876 7.80207 0.01 1 72 0
26910 294.884 8.10874 0.01 1 22 0.00082998
26945 309.721 7.98148 0.01 1 72 0
26981 307.435 7.77891 0.01 1 72 0
26992 294.884 8.06262 0.01 1 20 0
26998 294.264 7.87914 0.01 1 22 0
27042 307.934 8.21117 0.01 1 72 0
27049 307.015 8.22421 0.01 1 72 0
27064 308.323 7.69544 0.01 1 72 0
27096 294.264 7.87914 0.01 1 22 0
27104 308.521 8.08931 0.01 1 72 0
27111 294.264 7.87914 0.01 1 22 0
27126 294.362 8.09541 0.01 1 22 0.00709841
27185 294.884 8.06262 0.01 1 21 0
27261 292.541 8.06262 0.01 1 22 0
27306 294.884 8.06262 0.01 1 20 0
27395 294.884 8.06262 0.01 1 22 0
27407 295.403 8.0419 0.01 1 21 0
27438 323.457 7.9922 0.01 1 109 0
27490 298.231 7.96796 0.01 1 22 0
27528 324.081 7.86305 0.01 1 110 -0.000700355
27529 294.884 8.06262 0.01 1 22 0
27544 324.081 7.9922 0.01 1 110 0
27548 309.721 7.98148 0.01 1 72 0
27564 294.884 8.06262 0.01 1 22 0
27574 295.36 7.87914 0.01 1 22 0
27575 294.264 7.87914 0.01 1 22 0
27605 295.614 7.87914 0.01 1 22 0
27693 294.167 8.06262 0.01 1 22 0
27723 294.884 8.06262 0.01 1 21 0
27790 309.935 8.107 0.01 1 72 0
27842 308.876 7.80207 0.01 1 72 0
27952 309.568 8.00374 0.01 1 72 0
27983 297.402 7.87914 0.01 1 22 0
28001 324.081 7.96891 0.01 1 110 0
28015 323.457 7.9922 0.01 1 109 0
28017 307.015 8.22421 0.01 1 72 0
28041 297.402 7.87914 0.01 1 22 0
28053 324.081 7.9922 0.01 1 109 0
28091 311.076 8.1405 0.01 1 72 0
28144 294.884 8.06262 0.01 1 20 0
28149 294.884 8.06262 0.01 1 20 0
28237 297.402 7.93809 0.01 1 22 0
28253 294.264 7.87914 0.01 1 22 0
28288 309.083 8.14834 0.01 1 72 -5.96046e-08
28292 294.884 8.06262 0.01 1 20 0
28320 309.556 8.29582 0.01 1 72 0
28324 311.076 8.1405 0.01 1 72 0
28344 307.527 8.0352 0.01 1 72 0
28345 307.527 8.0352 0.01 1 72 0
28347 324.081 7.9922 0.01 1 110 0
28386 308.526 7.77891 0.01 1 72 0
28442 323.457 7.9922 0.01 1 109 0
28468 294.884 8.06262 0.01 1 20 0
28494 311.076 8.1405 0.01 1 72 0
28533 323.06 7.9922 0.01 1 109 0
28586 294.884 7.86492 0.01 1 22 0
28595 305.314 7.85645 0.01 1 72 0
28634 308.81 8.43931 0.01 1 72 0
28649 323.06 7.9922 0.01 1 109 0
28683 292.928 8.10703 0.01 1 22 0.00359444
28702 294.772 8.06262 0.01 1 22 0
28706 294.884 8.06262 0.01 1 22 0
28821 309.453 8.08681 0.01 1 72 0
28831 294.264 7.87914 0.01 1 20 0
28836 323.06 7.9922 0.01 1 109 0
28839 307.934 8.21117 0.01 1 72 0
28880 323.06 7.9922 0.01 1 109 0
28894 294.884 8.06262 0.01 1 22 0
28895 307.934 8.01811 0.01 1 72 0
28936 308.991 8.43607 0.01 1 72 0
28959 308.383 7.81952 0.01 1 72 0
28968 308.001 8.24444 0.01 1 72 0
28973 324.081 7.96891 0.01 1 110 0
29022 295.403 8.00813 0.01 1 22 0
29041 294.884 8.06262 0.01 1 21 0
29138 295.403 8.0419 0.01 1 22 0
29188 324.081 7.9922 0.01 1 109 0
29213 310.309 7.98148 0.01 1 72 0
29247 307.527 8.04571 0.01 1 72 8.58307e-06
29333 309.816 8.51175 0.01 1 72 0
29361 309.789 7.95888 0.01 1 72 0
29432 294.884 8.06262 0.01 1 21 0
29438 294.884 8.06262 0.01 1 21 0
29450 309.453 8.08681 0.01 1 72 0
29459 294.699 7.87914 0.01 1 22 0
29473 309.083 8.16842 0.01 1 72 0
29476 308.785 8.1911 0.01 1 72 0
29496 307.209 8.13901 0.01 1 72 0
29583 293.951 8.05619 0.01 1 22 0.00178304
29644 298.231 7.96598 0.01 1 21 0
29654 311.909 8.05364 0.01 1 72 0
29661 309.816 8.53989 0.01 1 72 0
29760 308.995 7.69066 0.01 1 72 0
29782 294.772 8.06262 0.01 1 22 0
29813 307.934 8.21117 0.01 1 72 0
29818 294.884 8.06262 0.01 1 20 0
29846 294.884 8.06262 0.01 1 22 0
29880 306.8 8.24444 0.01 1 72 0
30020 294.884 8.06262 0.01 1 22 0
30108 296.623 7.87914 0.01 1 22 0
30147 296.198 8.06262 0.01 1 22 -0.0166228
30156 324.081 7.9922 0.01 1 110 0
30173 293.173 8.10703 0.01 1 22 0.000706531
30266 294.884 7.86492 0.01 1 22 0
30320 294.264 7.87914 0.01 1 22 0
30331 294.884 8.06262 0.01 1 21 0
30379 324.081 7.96891 0.01 1 110 0
30478 294.884 8.06262 0.01 1 22 0
30598 308.526 7.77891 0.01 1 72 0
30601 293.715 8.06262 0.01 1 22 0
30620 309.922 8.07086 0.01 1 72 0
30640 293.173 8.10703 0.01 1 22 0
30659 294.884 8.06262 0.01 1 22 0
30721 298.231 7.96598 0.01 1 22 0
30794 297.402 7.87914 0.01 1 21 0
30901 294.884 8.06262 0.01 1 21 0
30907 294.884 8.06262 0.01 1 22 0
30960 294.884 8.06262 0.01 1 22 0
30964 294.884 8.06262 0.01 1 22 0
30990 294.884 8.14502 0.01 1 22 0
31026 324.081 7.9922 0.01 1 110 0
31077 294.884 8.06262 0.01 1 22 0
31151 294.884 8.06262 0.01 1 21 0
31179 308.81 8.43607 0.01 1 72 0
31402 305.377 7.96093 0.01 1 72 0
31449 307.435 7.77891 0.01 1 72 0
31452 294.884 8.23677 0.01 1 22 0
31461 295.403 8.0419 0.01 1 22 0
31485 293.951 7.95552 0.01 1 22 0
31623 294.884 8.06262 0.01 1 21 0
31685 309.935 8.107 0.01 1 72 0.0018696
31695 295.912 8.06262 0.01 1 22 -0.0131727
31701 294.884 8.14502 0.01 1 22 0
31717 293.951 7.95552 0.01 1 22 0
31719 307.209 8.13901 0.01 1 72 0
31724 293.972 8.06262 0.01 1 22 0
31727 295.265 8.06262 0.01 1 22 0
31758 294.884 8.06262 0.01 1 22 0
31785 294.264 7.87914 0.01 1 22 0
31789 308.041 7.87152 0.01 1 72 0
31792 309.816 8.51175 0.01 1 72 -5.99027e-06
31872 294.884 8.06262 0.01 1 22 0
31907 309.181 8.107 0.01 1 72 0
31922 297.402 7.87914 0.01 1 22 0
31966 294.884 8.06262 0.01 1 21 0
31968 294.884 8.06262 0.01 1 20 0
32003 295.403 8.00813 0.01 1 22 0
32024 293.715 8.06262 0.01 1 22 0
32029 324.081 7.9922 0.01 1 111 0
32033 294.884 8.06262 0.01 1 21 0
32035 310.458 8.107 0.01 1 72 0
32063 293.951 7.95552 0.01 1 22 0
32084 294.884 8.06262 0.01 1 22 0
32125 294.264 7.87914 0.01 1 22 0
32153 294.884 8.06262 0.01 1 22 0
32271 308.516 8.03221 0.01 1 72 0
32272 307.435 7.77891 0.01 1 72 0
32274 293.715 8.06262 0.01 1 22 0
32280 307.385 8.19878 0.01 1 72 0
32351 308.034 7.95888 0.01 1 72 0
32438 309.468 7.63639 0.01 1 72 0
32448 309.083 8.16842 0.01 1 72 0
32451 295.265 8.19787 0.01 1 22 0
32464 294.951 8.06262 0.01 1 22 0
32508 307.934 8.20497 0.01 1 72 0
32514 294.264 7.87914 0.01 1 21 0
32557 294.264 7.87914 0.01 1 22 0
32558 294.884 8.06262 0.01 1 21 0
32560 295.403 8.00813 0.01 1 22 0
32590 294.884 8.06262 0.01 1 21 0
32638 294.884 8.06262 0.01 1 21 0
32643 295.403 8.0419 0.01 1 21 0
32693 292.541 8.00202 0.01 1 22 -0.000963099
32744 323.457 7.9922 0.01 1 111 0
32752 323.457 7.9922 0.01 1 109 0
32775 297.611 7.93809 0.01 1 22 -0.00209598
32781 295.403 8.0419 0.01 1 20 0
32798 308.81 8.43607 0.01 1 72 0
32820 294.884 8.06262 0.01 1 20 0
32850 311.456 8.1095 0.01 1 72 0
32934 294.884 8.06262 0.01 1 22 0
32948 294.884 8.06262 0.01 1 21 0
33283 294.884 8.06677 0.01 1 22 0.00202418
33305 298.231 7.96598 0.01 1 22 0
33350 294.884 8.06262 0.01 1 21 0
33379 308.526 7.77891 0.01 1 72 0
33397 308.821 7.95888 0.01 1 72 0
33403 295.265 8.06262 0.01 1 22 0
33406 293.715 8.06262 0.01 1 22 0
33444 297.402 7.91906 0.01 1 22 0.000685412
33609 294.884 8.14502 0.01 1 21 0
33717 295.403 8.0419 0.01 1 22 0
33817 310.393 8.29582 0.01 1 72 0
33826 307.721 8.24444 0.01 1 72 0
33899 294.884 8.06677 0.01 1 22 0
33933 294.264 7.87914 0.01 1 22 0
34052 294.884 8.14502 0.01 1 21 0
34059 307.527 8.0352 0.01 1 72 0
34082 294.884 8.06262 0.01 1 21 0
34096 309.717 8.08198 0.01 1 72 0
34117 308.037 7.87998 0.01 1 72 0
34160 294.264 7.87914 0.01 1 22 0
34278 295.265 8.19787 0.01 1 22 0
34334 294.884 8.06262 0.01 1 22 0
34398 308.876 7.80207 0.01 1 72 0
34416 294.884 8.06262 0.01 1 20 0
34443 294.264 7.87914 0.01 1 21 0
34452 308.323 7.69544 0.01 1 72 0
34466 294.264 7.87914 0.01 1 22 0
34520 294.264 7.81022 0.01 1 22 0
34577 309.721 7.98148 0.01 1 72 0
34580 295.403 7.97383 0.01 1 22 0
34582 308.516 8.03221 0.01 1 72 0
34617 325.094 7.9922 0.01 1 109 0
34664 297.402 7.87914 0.01 1 21 0
34719 291.747 8.10703 0.01 1 21 0
34741 293.715 8.06262 0.01 1 22 0
34743 295.403 8.00813 0.01 1 22 0
34788 311.456 8.1095 0.01 1 72 0
34804 294.264 7.87914 0.01 1 21 0
34825 294.264 7.87914 0.01 1 20 0
34903 294.884 8.06262 0.01 1 21 0
34909 311.909 8.05364 0.01 1 72 0
34922 307.209 8.13901 0.01 1 72 0
34992 323.757 7.9922 0.01 1 109 0
35026 308.521 8.08931 0.01 1 72 0
35038 293.173 8.06262 0.01 1 22 0
35086 309.816 8.53989 0.01 1 72 0
35116 294.511 7.87914 0.01 1 22 -0.0034465
35133 295.403 8.0419 0.01 1 22 0
35135 293.173 8.10703 0.01 1 22 0
35183 307.209 8.13901 0.01 1 72 0
35204 311.076 8.1405 0.01 1 72 0
35221 309.568 8.00374 0.01 1 72 0
35245 309.717 8.05239 0.01 1 72 0
35283 294.884 8.06262 0.01 1 21 0
35287 310.403 7.6073 0.01 1 72 0
35330 295.265 8.19787 0.01 1 22 0
35356 309.816 8.53989 0.01 1 72 0
35361 294.884 8.06262 0.01 1 22 0
35435 309.875 7.95343 0.01 1 72 0
35455 294.884 8.06262 0.01 1 22 0
35486 294.05 8.14502 0.01 1 22 0
35502 324.081 7.9922 0.01 1 109 0
35545 323.457 7.9922 0.01 1 109 0
35546 294.884 8.06262 0.01 1 22 0
35581 323.06 7.9922 0.01 1 109 0
35591 294.884 8.06262 0.01 1 21 0
35615 294.884 8.06262 0.01 1 22 0
35650 294.884 8.06262 0.01 1 20 0
35659 293.972 7.95864 0.01 1 21 0
35753 294.884 8.06262 0.01 1 22 0
35806 294.884 8.06262 0.01 1 20 0
35811 323.757 7.9922 0.01 1 109 0
35845 294.884 8.14502 0.01 1 21 0
35846 310.91 8.20497 0.01 1 72 0
35883 323.457 7.9922 0.01 1 109 0
35952 311.131 7.09553 0.01 1 72 0
35964 293.173 8.10703 0.01 1 22 0
35973 307.802 8.24444 0.01 1 72 0
35978 294.884 8.06262 0.01 1 22 0
35982 294.884 8.06262 0.01 1 22 0
36109 294.884 7.88975 0.01 1 22 0
36245 293.951 7.81524 0.01 1 22 -0.00432206
36255 294.884 8.06262 0.01 1 22 0
36415 294.264 8.00562 0.01 1 22 0
36433 294.884 8.06262 0.01 1 22 0
36447 307.385 8.19878 0.01 1 72 0
36552 308.81 8.43607 0.01 1 72 0
36595 293.173 8.10703 0.01 1 22 0
36601 294.884 8.06262 0.01 1 21 0
36646 307.934 8.21117 0.01 1 72 0
36678 307.385 8.25785 0.01 1 72 0
36700 307.337 7.95888 0.01 1 72 0
36743 294.264 7.87914 0.01 1 21 0
36781 294.884 8.06262 0.01 1 20 0
36907 294.884 8.06262 0.01 1 22 0
36953 294.884 8.06262 0.01 1 21 0
36988 293.951 8.05619 0.01 1 22 0
37073 308.383 7.93549 0.01 1 72 -3.71039e-06
37078 294.884 8.06262 0.01 1 22 0
37155 295.7 7.87914 0.01 1 20 0
37202 297.402 7.87914 0.01 1 22 0
37203 295.265 8.06262 0.01 1 22 0
37237 294.884 8.06262 0.01 1 22 0
37294 294.075 8.06262 0.01 1 22 0.0111376
37382 294.884 8.06262 0.01 1 21 0
37429 298.231 7.96598 0.01 1 22 0
37435 308.521 8.08931 0.01 1 72 0
37465 308.835 7.95888 0.01 1 72 0
37467 294.264 7.87914 0.01 1 20 0
37481 294.884 7.95552 0.01 1 21 0
37505 307.435 7.77891 0.01 1 72 0
37595 295.403 8.00813 0.01 1 22 0
37640 294.884 8.06262 0.01 1 20 0
37649 324.081 7.9922 0.01 1 110 0
37659 295.403 7.97383 0.01 1 22 0
37670 295.403 8.0419 0.01 1 22 0
37828 307.527 8.0352 0.01 1 72 0
37845 324.081 7.96891 0.01 1 110 0
37869 310.876 8.07086 0.01 1 72 0
37970 307.385 8.25785 0.01 1 72 0
37995 309.717 8.08198 0.01 1 72 0
38139 295.403 8.0419 0.01 1 21 0
38172 294.167 8.06262 0.01 1 22 0
38189 294.884 8.14502 0.01 1 22 0
38190 294.167 8.06262 0.01 1 22 0
38263 293.972 8.06262 0.01 1 22 0
38290 294.884 8.06262 0.01 1 22 0
38302 294.884 8.06262 0.01 1 22 0
38330 293.972 8.06262 0.01 1 22 0
38344 297.402 7.87914 0.01 1 22 0
38616 294.884 8.06262 0.01 1 21 0
38656 308.81 8.43607 0.01 1 72 0
38658 323.06 7.81186 0.01 1 109 0
38719 308.516 8.03221 0.01 1 72 0
38778 310.209 8.107 0.01 1 72 0
38790 310.949 8.32279 0.01 1 72 0
38880 294.884 8.06262 0.01 1 22 0
38936 295.403 8.0419 0.01 1 22 0
39013 311.063 7.13236 0.01 1 72 0
39023 311.455 8.11287 0.01 1 72 0
39046 294.884 8.09541 0.01 1 22 0
39083 309.717 8.08198 0.01 1 72 0
39127 294.884 8.06262 0.01 1 22 0
39154 294.264 7.87914 0.01 1 22 0
39170 309.721 7.98148 0.01 1 72 0
39210 307.527 8.0352 0.01 1 72 0
39224 308.521 8.08931 0.01 1 72 0
39227 295.265 8.20257 0.01 1 22 0
39249 296.623 7.76427 0.01 1 22 0
39339 294.884 8.06262 0.01 1 22 0
39371 294.884 8.06262 0.01 1 21 0
39380 294.884 8.06262 0.01 1 22 0
39399 294.264 7.59213 0.01 1 22 -0.00538231
39436 310.37 8.16863 0.01 1 72 0
39438 294.884 8.06262 0.01 1 22 0
39547 294.884 8.06262 0.01 1 22 0
39556 294.884 8.06262 0.01 1 20 0
39567 294.884 8.06262 0.01 1 22 0
39574 324.081 7.9922 0.01 1 109 0
39598 294.884 8.06262 0.01 1 21 0
39955 294.884 8.06262 0.01 1 20 0
40019 324.081 7.9922 0.01 1 109 0
40023 308.037 7.87998 0.01 1 72 0
40080 310.876 8.07086 0.01 1 72 0
40166 294.884 8.06262 0.01 1 22 0
40223 294.884 8.06262 0.01 1 22 0
40230 311.076 8.1405 0.01 1 72 0
40245 309.816 8.53989 0.01 1 72 0
40270 294.884 8.06262 0.01 1 20 0
40284 294.264 7.87914 0.01 1 20 0
40347 294.884 8.14502 0.01 1 21 0
40380 324.081 7.9922 0.01 1 110 0
40399 294.884 8.06262 0.01 1 21 0
40498 324.081 7.9922 0.01 1 109 0
40512 309.575 7.94165 0.01 1 72 0
40521 295.403 8.0419 0.01 1 21 0
40637 294.264 7.81022 0.01 1 22 0
40668 324.081 7.9922 0.01 1 110 0
40684 308.521 8.08931 0.01 1 72 0
40693 312.05 7.99518 0.01 1 72 0
40700 308.759 7.8061 0.01 1 72 0
40701 295.403 8.00813 0.01 1 22 0
40709 294.884 8.06262 0.01 1 20 0
40767 297.611 7.93809 0.01 1 22 0
40834 294.884 8.06262 0.01 1 22 0
40836 294.884 8.06262 0.01 1 22 0
40845 298.231 7.96598 0.01 1 22 0
40846 307.934 8.20497 0.01 1 72 0
40895 294.884 8.06262 0.01 1 20 0
40991 310.949 8.32279 0.01 1 72 0
41014 294.884 8.06262 0.01 1 22 0
41112 308.516 8.03221 0.01 1 72 0
41160 295.403 8.0419 0.01 1 22 0
41334 323.457 7.9922 0.01 1 109 0
41343 293.951 8.05619 0.01 1 22 0
41351 294.884 8.06262 0.01 1 22 0
41386 294.884 8.06262 0.01 1 22 0
41388 310.309 7.98148 0.01 1 72 0
41436 294.884 8.06262 0.01 1 20 0
41455 294.884 8.06262 0.01 1 22 0
41481 308.81 8.43607 0.01 1 72 0
41489 307.015 8.22421 0.01 1 72 0
41509 323.06 7.9922 0.01 1 109 0
41583 307.209 8.13901 0.01 1 72 0
41676 294.884 8.06262 0.01 1 22 0
41692 309.816 8.53989 0.01 1 72 0
41715 307.337 7.95888 0.01 1 72 0
41768 324.081 7.9922 0.01 1 110 0
41816 294.884 8.06262 0.01 1 22 0
41835 294.884 8.06262 0.01 1 22 0
41931 297.402 7.87914 0.01 1 22 0
41938 294.884 8.06262 0.01 1 22 0
42058 307.435 7.77891 0.01 1 72 0
42083 308.521 8.08931 0.01 1 72 0
42107 323.06 7.9922 0.01 1 109 0
42128 324.081 7.9922 0.01 1 111 0
42164 312.05 7.99518 0.01 1 72 0
42233 294.884 8.09058 0.01 1 22 0.000497542
42300 294.884 8.06262 0.01 1 22 0
42337 294.264 7.87914 0.01 1 22 0
42411 297.402 7.87914 0.01 1 22 0
42418 324.081 7.9922 0.01 1 110 0
42437 297.402 7.93809 0.01 1 22 0
42505 294.884 8.06262 0.01 1 22 0
42516 308.526 7.77891 0.01 1 72 0
42586 307.337 7.87921 0.01 1 72 0
42662 323.06 7.9922 0.01 1 109 0
42679 297.402 7.87914 0.01 1 22 0
42794 308.516 8.03221 0.01 1 72 0
42866 309.237 7.80207 0.01 1 72 0
42907 294.884 8.06262 0.01 1 22 0
42933 323.06 7.9922 0.01 1 109 0
43028 294.884 8.06262 0.01 1 21 0
43059 323.06 7.9922 0.01 1 109 0
43061 293.951 8.05619 0.01 1 22 0
43209 294.884 8.06262 0.01 1 22 0
43234 294.264 7.87914 0.01 1 22 0
43244 308.037 7.87998 0.01 1 72 0
43250 324.081 7.9922 0.01 1 110 0
43295 294.884 8.06262 0.01 1 21 0
43337 295.403 8.00813 0.01 1 22 0
43353 294.264 7.87914 0.01 1 20 0
43356 293.173 8.10703 0.01 1 22 0
43385 308.526 7.77891 0.01 1 72 0
43386 324.081 7.9922 0.01 1 110 0
43422 294.884 8.06262 0.01 1 22 0
43431 295.403 8.00813 0.01 1 22 0
43465 294.264 7.87914 0.01 1 22 0
43505 297.402 7.89713 0.01 1 22 0.000308864
43528 294.884 8.09541 0.01 1 22 0
43548 297.402 7.93809 0.01 1 22 0
43557 294.05 8.14502 0.01 1 22 0
43619 294.884 8.06262 0.01 1 22 0
43626 324.081 7.98059 0.01 1 110 0
43627 323.223 7.9922 0.01 1 110 0
43707 294.884 8.06262 0.01 1 21 0
43708 310.37 8.16863 0.01 1 72 0
43765 309.717 8.08198 0.01 1 72 0
43786 294.884 8.06262 0.01 1 20 0
43802 308.876 7.80207 0.01 1 72 0
43823 323.757 7.9922 0.01 1 110 0
43871 324.081 7.9922 0.01 1 109 0
43915 324.081 7.96891 0.01 1 110 0
43945 294.884 8.06262 0.01 1 22 0
43962 309.083 8.16842 0.01 1 72 0
43968 309.922 8.07086 0.01 1 72 0
43987 294.884 8.06262 0.01 1 22 0
44000 308.894 7.80207 0.01 1 72 0
44146 308.785 8.1911 0.01 1 72 0
44150 309.717 8.08198 0.01 1 72 0
44162 294.884 8.06262 0.01 1 22 0
44171 309.789 7.95888 0.01 1 72 0
44205 308.516 8.03221 0.01 1 72 0
44211 309.816 8.53989 0.01 1 72 0
44238 309.721 7.98148 0.01 1 72 0
44256 308.516 8.03221 0.01 1 72 0
44325 292.085 8.10703 0.01 1 22 0.00530741
44487 307.337 7.95888 0.01 1 72 0
44536 293.173 8.10703 0.01 1 22 0
44563 307.435 7.77891 0.01 1 72 0
44596 309.556 8.29582 0.01 1 72 0.00233464
44639 294.264 7.90696 0.01 1 22 0.000508383
44674 294.884 8.06262 0.01 1 22 0
44785 294.264 7.87914 0.01 1 22 0
44856 295.403 8.00813 0.01 1 22 0
44905 308.276 7.62874 0.01 1 72 0
44906 294.884 8.06262 0.01 1 21 0
44917 307.385 8.25785 0.01 1 72 0
44922 295.403 8.0419 0.01 1 21 0
44994 307.934 8.21117 0.01 1 72 0
45015 309.721 7.98148 0.01 1 72 0
45093 294.699 7.87914 0.01 1 22 0
45112 294.884 8.06262 0.01 1 22 0
45114 323.223 7.9922 0.01 1 110 -0.00998731
45248 295.403 8.00813 0.01 1 21 0
45312 312.05 7.99518 0.01 1 72 0
45315 323.06 7.9922 0.01 1 109 0
45343 294.167 8.06262 0.01 1 22 0
45368 292.541 8.00202 0.01 1 22 0
45385 297.402 7.87914 0.01 1 21 0
45392 294.884 8.06262 0.01 1 20 0
45411 294.884 8.06262 0.01 1 22 0
45433 308.037 7.87998 0.01 1 72 0
45439 307.385 8.25785 0.01 1 72 0
45459 294.264 7.87914 0.01 1 22 0
45484 294.884 8.12811 0.01 1 22 0
45544 294.884 8.06262 0.01 1 22 0
45570 294.884 8.03249 0.01 1 22 0
45613 311.076 8.1405 0.01 1 72 0
45627 307.435 7.77891 0.01 1 72 0
45640 293.173 8.10703 0.01 1 22 0
45681 307.934 8.08681 0.01 1 72 0
45692 308.516 8.03221 0.01 1 72 0
45699 294.264 7.87914 0.01 1 20 0
45710 294.884 8.06262 0.01 1 22 0
45739 324.081 7.9922 0.01 1 109 0
45761 309.816 8.53989 0.01 1 72 0
45924 298.231 7.96598 0.01 1 22 0
45975 294.264 7.87914 0.01 1 22 0
46017 308.516 8.03221 0.01 1 72 0
46033 294.884 8.06262 0.01 1 22 0
46039 294.884 8.06262 0.01 1 22 0
46134 309.789 7.95888 0.01 1 72 0
46143 324.4 7.91672 0.01 1 111 0
46181 294.884 8.06262 0.01 1 22 0
46204 309.935 8.107 0.01 1 72 0
46219 294.884 8.06262 0.01 1 22 0
46262 294.884 8.06262 0.01 1 21 0
46330 309.453 8.08681 0.01 1 72 0
46361 295.403 8.0419 0.01 1 21 0
