max_pf 92 min_pf 44
individual T0 sigma disp_rate r0 patch_no mut_eff
1 304.277 7.90887 0.01 1 45 0
5 310.126 8.11662 0.01 1 91 0
21 303.13 7.90887 0.01 1 46 0
33 304.277 7.79926 0.01 1 46 0
50 304.277 7.90887 0.01 1 46 0
53 309.953 8.11662 0.01 1 92 -0.00254805
106 304.277 7.90887 0.01 1 45 0
127 309.278 7.99515 0.01 1 72 0
133 309.946 8.07928 0.01 1 72 0
145 310.126 8.13192 0.01 1 90 0
152 309.507 8.1448 0.01 1 72 0
161 312.219 8.02273 0.01 1 90 0
163 303.13 7.90887 0.01 1 45 0
187 309.635 7.86146 0.01 1 72 0
188 304.277 7.90887 0.01 1 45 0
193 303.13 7.90887 0.01 1 46 0
195 308.332 7.71276 0.01 1 72 0
221 309.992 8.09943 0.01 1 72 0
270 307.241 8.42935 0.01 1 72 0
292 308.515 8.11662 0.01 1 91 0
300 310.126 8.11662 0.01 1 91 0
305 309.767 7.53486 0.01 1 72 0
313 308.111 8.14527 0.01 1 72 0
318 302.195 7.74537 0.01 1 46 0
355 308.57 8.00713 0.01 1 72 0
366 304.277 7.90887 0.01 1 45 0
384 303.13 7.86341 0.01 1 46 0
416 303.13 7.90887 0.01 1 46 0
475 303.13 7.90887 0.01 1 45 0
514 311.009 8.11662 0.01 1 90 0
529 305.754 8.01752 0.01 1 72 0
536 311.009 8.11662 0.01 1 90 0
553 311.009 8.11662 0.01 1 90 0
559 308.988 7.85532 0.01 1 72 0
564 309.22 8.35775 0.01 1 72 0
593 307.996 8.0281 0.01 1 72 0.00146998
614 304.277 7.90887 0.01 1 46 0
619 307.942 7.85532 0.01 1 72 0
639 304.277 7.90887 0.01 1 46 0
650 310.126 8.11662 0.01 1 91 0
665 304.277 7.90887 0.01 1 46 0
728 302.195 7.74537 0.01 1 46 0
774 307.04 8.06699 0.01 1 72 0
787 308.804 7.97961 0.01 1 72 0
790 310.126 8.11662 0.01 1 91 0
805 309.383 8.12473 0.01 1 72 0
811 310.126 8.11662 0.01 1 90 0
869 304.277 7.90887 0.01 1 46 0
892 310.126 8.11662 0.01 1 90 0
907 303.904 7.90887 0.01 1 44 0.00564739
908 304.277 7.90887 0.01 1 46 0
909 306.145 8.05249 0.01 1 72 0
915 310.126 8.11662 0.01 1 91 0
971 308.988 7.81971 0.01 1 72 0
982 303.13 7.90887 0.01 1 46 0
997 307.653 7.96084 0.01 1 72 0
1021 310.126 8.11662 0.01 1 91 0
1037 310.126 8.11662 0.01 1 90 0
1039 303.13 7.90887 0.01 1 44 0
1050 303.13 7.86341 0.01 1 46 -0.00163797
1051 310.126 8.11662 0.01 1 90 0
1109 303.13 7.90887 0.01 1 45 0
1115 307.145 8.06699 0.01 1 72 0
1116 306.385 8.35775 0.01 1 72 0
1136 309.383 8.25959 0.01 1 72 0
1146 309.347 8.11662 0.01 1 90 -0.0115616
1151 304.277 7.90887 0.01 1 46 0
1154 309.672 8.11662 0.01 1 90 -0.00675139
1162 303.13 7.90887 0.01 1 46 0
1175 309.278 7.99515 0.01 1 72 0
1185 303.13 7.90887 0.01 1 46 0
1202 304.277 7.90887 0.01 1 46 0
1206 304.277 7.90887 0.01 1 46 0
1285 304.277 7.90887 0.01 1 45 0
1310 304.277 7.90887 0.01 1 46 0
1317 305.752 8.1456 0.01 1 72 0
1325 304.277 7.90887 0.01 1 45 0
1336 308.57 8.00713 0.01 1 72 0
1364 311.009 8.11662 0.01 1 90 0
1380 307.653 7.96084 0.01 1 72 0
1434 310.022 8.15219 0.01 1 90 0
1455 310.022 8.15219 0.01 1 90 0
1460 310.126 8.11662 0.01 1 91 0
1480 302.195 7.74537 0.01 1 46 0
1485 306.504 8.39302 0.01 1 72 0
1505 309.091 8.00713 0.01 1 72 0
1511 310.022 8.11662 0.01 1 91 0
1525 304.277 7.90887 0.01 1 46 0
1533 302.195 7.74537 0.01 1 46 0
1583 303.13 7.90887 0.01 1 45 0
1598 303.13 7.90887 0.01 1 46 0
1619 308.804 7.97961 0.01 1 72 0
1626 308.398 8.33487 0.01 1 72 0
1666 310.126 8.11662 0.01 1 91 0
1673 308.988 7.81971 0.01 1 72 0
1677 303.13 7.90887 0.01 1 45 0
1678 306.385 8.35775 0.01 1 72 0
1707 303.13 7.90887 0.01 1 46 0
1720 304.277 7.90887 0.01 1 46 0
1773 308.988 7.85532 0.01 1 72 0
1784 304.277 7.92096 0.01 1 45 0
1817 304.277 7.90887 0.01 1 46 0
1819 310.126 8.11662 0.01 1 91 0
1821 308.988 7.85532 0.01 1 72 0
1830 307.71 8.43993 0.01 1 72 0
1865 309.767 7.53486 0.01 1 72 0
1889 309.507 8.1448 0.01 1 72 0
1903 309.635 7.86146 0.01 1 72 0
1985 304.277 7.90887 0.01 1 45 0
2067 307.951 8.36911 0.01 1 72 0
2068 304.277 7.90887 0.01 1 45 0
2076 303.13 7.90887 0.01 1 46 0
2077 309.383 8.12473 0.01 1 72 0
2131 303.13 7.90887 0.01 1 46 0
2132 309.22 8.35775 0.01 1 72 0
2133 308.804 7.97961 0.01 1 72 0
2134 310.126 8.11662 0.01 1 91 0
2184 304.277 7.90887 0.01 1 45 0
2187 310.126 8.11662 0.01 1 90 0
2197 311.009 8.11662 0.01 1 91 0
2200 310.126 8.11662 0.01 1 90 0
2216 304.277 7.90887 0.01 1 46 0
2225 308.57 8.00713 0.01 1 72 0
2262 304.277 7.90887 0.01 1 46 0
2272 308.988 7.85532 0.01 1 72 0
2292 302.195 7.74537 0.01 1 46 0
2306 308.57 8.00713 0.01 1 72 0
2311 308.988 7.85532 0.01 1 72 0
2325 308.57 8.00713 0.01 1 72 0
2363 304.277 7.90887 0.01 1 46 0
2376 304.277 7.90887 0.01 1 46 0
2389 309.635 7.86146 0.01 1 72 0
2423 304.277 7.79396 0.01 1 46 0
2460 310.126 8.11662 0.01 1 90 0
2482 309.946 8.07928 0.01 1 72 0
2483 311.009 8.11662 0.01 1 91 0
2512 309.383 8.12473 0.01 1 72 0
2535 308.34 7.79691 0.01 1 72 0
2546 305.832 8.39302 0.01 1 72 -0.0050685
2554 304.277 7.90887 0.01 1 46 0
2581 304.277 7.90887 0.01 1 46 0
2592 307.991 7.70612 0.01 1 72 0
2593 311.009 8.11662 0.01 1 91 0
2595 304.277 7.90887 0.01 1 46 0
2603 308.804 7.97961 0.01 1 72 0
2607 306.385 8.35775 0.01 1 72 0
2610 312.324 8.07774 0.01 1 72 0
2622 310.126 8.11662 0.01 1 90 0
2656 310.126 8.11662 0.01 1 91 0
2688 310.126 8.11662 0.01 1 90 0
2693 308.928 8.04982 0.01 1 72 0
2724 309.576 7.85223 0.01 1 72 0
2743 303.13 7.86341 0.01 1 46 0
2745 308.988 7.81971 0.01 1 72 0
2748 304.277 7.90887 0.01 1 46 0
2772 303.13 7.90887 0.01 1 46 0
2801 304.277 7.90887 0.01 1 45 0
2806 309.578 8.27326 0.01 1 72 0
2808 309.813 8.04472 0.01 1 72 0
2820 307.942 7.85532 0.01 1 72 0
2833 310.126 8.11662 0.01 1 90 0
2925 303.13 7.90887 0.01 1 46 0
2926 303.13 7.90887 0.01 1 46 0
2927 304.277 7.90887 0.01 1 45 0
2996 308.727 7.71276 0.01 1 72 0
3008 306.852 8.02255 0.01 1 72 -0.00294229
3015 309.278 7.99515 0.01 1 72 0
3031 303.13 8.05845 0.01 1 46 0
3040 304.277 7.90887 0.01 1 46 0
3047 310.117 8.00267 0.01 1 72 0
3057 306.82 8.53614 0.01 1 72 0
3075 303.13 8.05845 0.01 1 46 0
3163 309.813 8.04472 0.01 1 72 0
3164 304.277 7.90887 0.01 1 46 0
3167 307.327 8.24108 0.01 1 72 0
3178 304.277 7.92985 0.01 1 46 0
3182 311.009 8.11662 0.01 1 90 0
3183 306.504 8.39302 0.01 1 72 0
3204 308.212 8.27168 0.01 1 72 0
3222 308.34 7.88296 0.01 1 72 0
3245 310.022 8.15219 0.01 1 90 0
3266 309.22 8.35775 0.01 1 72 0
3273 304.277 7.90887 0.01 1 46 0
3280 310.126 8.11662 0.01 1 90 0
3281 310.126 8.11662 0.01 1 90 0
3285 305.266 7.90887 0.01 1 45 -0.0148828
3293 304.277 7.90887 0.01 1 46 0
3321 307.653 7.96084 0.01 1 72 0
3344 307.951 8.36911 0.01 1 72 0
3354 304.277 7.90887 0.01 1 44 0
3359 311.009 8.11662 0.01 1 90 0
3402 308.212 8.27168 0.01 1 72 0
3417 310.126 8.11662 0.01 1 92 0
3431 310.126 8.11662 0.01 1 90 0
3451 308.988 7.68518 0.01 1 72 0
3459 309.278 8.09384 0.01 1 72 0
3461 308.57 8.00713 0.01 1 72 0
3462 310.126 8.11662 0.01 1 91 0
3464 304.277 7.90887 0.01 1 45 0
3481 307.47 8.14527 0.01 1 72 -0.00229515
3526 306.82 8.53614 0.01 1 72 0
3565 306.504 8.39302 0.01 1 72 0
3566 308.804 7.97961 0.01 1 72 0
3568 303.13 8.05845 0.01 1 46 0
3571 309.091 8.00713 0.01 1 72 0
3580 307.489 8.07517 0.01 1 72 0
3603 304.277 7.79396 0.01 1 46 0
3656 309.997 8.11662 0.01 1 91 -0.000381224
3658 302.376 7.90887 0.01 1 46 0
3680 310.126 8.11662 0.01 1 90 0
3682 304.277 7.90887 0.01 1 46 0
3693 310.193 7.85532 0.01 1 72 0
3694 310.126 8.11662 0.01 1 90 0
3707 309.946 8.07928 0.01 1 72 0
3736 307.145 8.06699 0.01 1 72 0
3761 308.804 7.97961 0.01 1 72 0
3771 310.126 8.11662 0.01 1 92 0
3783 303.13 7.90887 0.01 1 44 0
3803 304.277 7.90887 0.01 1 46 0
3840 310.126 8.11662 0.01 1 91 0
3882 304.277 7.90887 0.01 1 46 0
3912 304.277 7.90887 0.01 1 46 0
3928 303.13 7.86341 0.01 1 46 0
3935 303.13 7.90887 0.01 1 46 0
3963 309.507 8.1448 0.01 1 72 0
3977 305.266 7.90887 0.01 1 46 0
3988 311.009 8.11662 0.01 1 90 0
4000 304.277 7.90887 0.01 1 46 0
4005 304.277 7.90887 0.01 1 45 0
4023 304.277 7.90887 0.01 1 46 0
4044 310.126 8.13192 0.01 1 90 0
4049 303.13 7.90887 0.01 1 45 0
4080 305.266 7.90887 0.01 1 46 0
4127 310.126 8.11662 0.01 1 90 0
4128 307.129 8.01752 0.01 1 72 0
4129 309.767 7.53486 0.01 1 72 0
4134 304.277 7.90887 0.01 1 46 0
4141 304.277 7.90887 0.01 1 46 0
4173 308.988 7.85532 0.01 1 72 0
4194 310.126 8.11662 0.01 1 91 0
4211 304.277 7.90887 0.01 1 46 0
4213 309.278 8.09384 0.01 1 72 0
4226 304.637 7.92096 0.01 1 45 0
4243 309.383 8.11373 0.01 1 72 0
4261 304.277 7.90887 0.01 1 45 0
4271 309.278 8.09384 0.01 1 72 0
4275 310.022 8.15219 0.01 1 90 0
4280 310.193 7.85532 0.01 1 72 0
4299 308.111 8.14527 0.01 1 72 0
4304 309.576 7.85223 0.01 1 72 0
4308 304.277 7.90887 0.01 1 45 0
4323 304.277 7.90887 0.01 1 46 0
4327 303.13 7.90887 0.01 1 44 0
4341 308.57 8.00713 0.01 1 72 0
4342 307.653 7.96084 0.01 1 72 0
4372 303.13 7.90887 0.01 1 45 0
4380 303.13 7.90887 0.01 1 46 0
4424 304.277 7.79926 0.01 1 46 0
4458 308.57 8.00713 0.01 1 72 0
4501 302.195 7.74537 0.01 1 46 0
4523 307.129 8.01664 0.01 1 72 0
4547 310.022 8.15219 0.01 1 90 0
4549 308.048 7.51455 0.01 1 72 0
4558 307.145 8.06699 0.01 1 72 0
4599 303.13 7.90887 0.01 1 45 0
4633 302.195 7.74537 0.01 1 46 0
4637 303.13 7.90887 0.01 1 45 0
4639 303.361 7.90887 0.01 1 46 0
4645 304.277 8.05249 0.01 1 46 0
4656 307.653 7.96084 0.01 1 72 0
4699 303.13 7.90887 0.01 1 46 0
4701 308.34 7.88296 0.01 1 72 0
4707 308.988 7.85532 0.01 1 72 0
4768 307.71 8.43993 0.01 1 72 0
4803 309.269 8.1448 0.01 1 72 0
4814 304.277 7.90887 0.01 1 46 0
4837 304.277 7.90887 0.01 1 46 0
4845 305.266 7.88667 0.01 1 46 -0.000386283
4903 303.13 7.90887 0.01 1 45 0
4921 306.82 8.53614 0.01 1 72 0
4941 303.13 7.90887 0.01 1 46 0
4980 309.383 8.12473 0.01 1 72 0
4993 310.126 8.11662 0.01 1 90 0
5018 304.277 7.90887 0.01 1 46 0
5032 304.277 7.90887 0.01 1 46 0
5082 310.126 8.11662 0.01 1 91 0
5094 312.219 8.02273 0.01 1 90 0
5099 302.376 7.90887 0.01 1 46 0.0109579
5102 308.447 7.87768 0.01 1 72 0
5108 304.277 7.90887 0.01 1 45 0
5109 308.361 8.13274 0.01 1 72 0
5119 304.277 7.90887 0.01 1 46 0
5136 303.13 7.90887 0.01 1 46 0
5201 302.078 7.79926 0.01 1 46 0.0335204
5214 304.277 7.90887 0.01 1 46 0
5253 308.93 8.10002 0.01 1 72 0
5333 309.22 8.35775 0.01 1 72 0
5353 306.504 8.39302 0.01 1 72 0
5356 304.277 7.92985 0.01 1 46 0
5366 309.576 7.85223 0.01 1 72 0
5379 305.754 8.01752 0.01 1 72 0
5402 310.126 8.11662 0.01 1 90 0
5478 309.578 8.24898 0.01 1 72 0
5500 304.277 7.90887 0.01 1 46 0
5534 306.145 8.03163 0.01 1 72 0
5545 304.277 7.90887 0.01 1 46 0
5580 307.653 7.96084 0.01 1 72 0
5583 310.126 8.11662 0.01 1 92 0
5591 311.009 8.11662 0.01 1 90 0
5602 302.195 7.74537 0.01 1 46 0
5615 310.126 8.11662 0.01 1 91 0
5625 304.277 7.90887 0.01 1 46 0
5634 304.277 8.08814 0.01 1 46 0.000545621
5635 310.117 8.00267 0.01 1 72 0
5661 304.277 7.90887 0.01 1 46 0
5672 304.277 7.90887 0.01 1 45 0
5714 302.376 7.90887 0.01 1 46 0
5732 310.126 8.11662 0.01 1 90 0
5741 305.497 8.07002 0.01 1 72 0
5742 310.126 8.11662 0.01 1 91 0
5767 308.988 7.68518 0.01 1 72 0
5779 309.21 8.11662 0.01 1 90 0
5799 312.219 8.02273 0.01 1 90 0
5828 304.277 7.92096 0.01 1 45 0
5858 310.126 8.11662 0.01 1 90 0
5859 303.13 7.90887 0.01 1 46 0
5862 303.13 7.90887 0.01 1 45 0
5881 311.009 8.11662 0.01 1 91 0
5964 305.752 8.1456 0.01 1 72 0
5993 303.13 7.90887 0.01 1 46 0
5996 304.277 7.90887 0.01 1 46 0
6006 304.277 7.90887 0.01 1 45 0
6011 304.277 7.90887 0.01 1 46 0
6035 303.13 7.90887 0.01 1 46 0
6038 304.637 7.92096 0.01 1 45 0
6042 308.928 8.04982 0.01 1 72 0
6068 305.752 8.1456 0.01 1 72 0
6092 304.277 7.90887 0.01 1 46 0
6100 308.804 7.97961 0.01 1 72 0
6106 310.126 8.11662 0.01 1 90 0
6147 306.82 8.53614 0.01 1 72 0
6149 310.126 8.11662 0.01 1 91 0
6153 308.027 7.96084 0.01 1 72 0
6163 304.277 7.90887 0.01 1 46 0
6172 303.13 7.90887 0.01 1 46 0
6178 310.126 8.11662 0.01 1 90 0
6188 304.277 7.90887 0.01 1 44 0
6199 306.173 8.05249 0.01 1 72 0
6205 303.13 7.90887 0.01 1 44 0
6263 308.34 7.88296 0.01 1 72 0
6271 310.126 8.11662 0.01 1 91 0
6274 309.383 8.25959 0.01 1 72 7.7486e-06
6280 310.126 8.11662 0.01 1 91 0
6315 304.277 7.90887 0.01 1 46 0
6345 307.468 7.89164 0.01 1 72 0
6359 308.57 8.00713 0.01 1 72 0
6361 303.13 7.90887 0.01 1 46 0
6393 304.277 7.90887 0.01 1 46 0
6407 309.22 8.35775 0.01 1 72 0
6435 311.122 8.11662 0.01 1 90 0
6442 307.371 8.02255 0.01 1 72 0
6456 303.13 7.90887 0.01 1 46 0
6476 304.277 7.90887 0.01 1 46 0
6477 310.126 8.11662 0.01 1 90 0
6488 312.219 8.02273 0.01 1 90 0
6496 302.195 7.74537 0.01 1 46 0
6539 311.569 7.59091 0.01 1 72 0
6561 309.635 7.86146 0.01 1 72 0
6570 308.57 8.00713 0.01 1 72 0
6575 304.277 7.90887 0.01 1 45 0
6584 304.277 7.90887 0.01 1 46 0
6633 307.489 8.07517 0.01 1 72 0
6649 304.277 7.79926 0.01 1 46 0
6695 308.988 7.85532 0.01 1 72 0
6720 304.277 7.90887 0.01 1 45 0
6724 304.277 7.90887 0.01 1 45 0
6729 309.278 7.99515 0.01 1 72 0
6737 304.277 7.90887 0.01 1 46 0
6752 310.126 8.11662 0.01 1 92 0
6776 308.988 7.85532 0.01 1 72 0
6787 304.277 7.90887 0.01 1 44 0
6807 302.195 7.74537 0.01 1 46 0
6821 303.13 7.90887 0.01 1 46 0
6831 310.126 8.11662 0.01 1 92 0
6865 306.049 8.51148 0.01 1 72 0
6871 304.277 7.90887 0.01 1 46 0
6892 304.277 8.01289 0.01 1 45 0
6903 312.219 8.02273 0.01 1 90 0
6910 304.277 7.90887 0.01 1 46 0
6921 309.578 8.27326 0.01 1 72 0
6923 310.126 8.11662 0.01 1 92 0
6933 308.57 7.86976 0.01 1 72 -1.00881e-05
6935 304.277 7.90887 0.01 1 46 0
6957 302.195 7.74537 0.01 1 46 0
6970 307.327 8.24108 0.01 1 72 0
6980 308.93 8.10002 0.01 1 72 0
7001 310.126 8.11662 0.01 1 92 0
7011 304.277 7.90887 0.01 1 45 0
7018 304.277 7.90887 0.01 1 46 0
7052 302.099 7.90887 0.01 1 46 0
7067 303.13 7.90887 0.01 1 46 0
7106 303.13 7.90887 0.01 1 46 0
7120 304.277 7.90887 0.01 1 46 0
7126 302.195 7.74537 0.01 1 46 0
7131 303.13 7.90887 0.01 1 45 0
7135 304.277 7.90887 0.01 1 46 0
7145 304.277 7.90887 0.01 1 46 0
7153 310.126 8.11662 0.01 1 90 0
7174 310.126 8.11662 0.01 1 90 0
7178 303.13 7.86341 0.01 1 46 0
7179 308.988 7.68518 0.01 1 72 0
7196 310.126 8.11662 0.01 1 90 0
7204 303.13 7.90887 0.01 1 45 0
7207 309.576 7.85223 0.01 1 72 0
7214 309.578 8.24898 0.01 1 72 0
7219 310.126 8.11662 0.01 1 91 0
7225 309.576 7.85223 0.01 1 72 0
7227 308.57 8.00713 0.01 1 72 0
7233 310.022 8.15219 0.01 1 90 0
7243 311.009 8.11662 0.01 1 90 0
7252 304.277 7.90887 0.01 1 46 0
7292 307.595 8.07517 0.01 1 72 0
7316 308.767 7.7824 0.01 1 72 0
7321 303.13 7.90887 0.01 1 44 0
7328 309.578 8.27326 0.01 1 72 0
7331 303.13 7.90887 0.01 1 45 0
7362 310.126 8.11662 0.01 1 92 0
7394 303.13 7.90887 0.01 1 46 0
7447 307.942 7.85532 0.01 1 72 0
7469 307.653 7.96084 0.01 1 72 0
7475 304.277 7.92096 0.01 1 45 0
7513 312.404 8.02273 0.01 1 90 0
7515 308.727 7.71276 0.01 1 72 0
7516 310.193 7.85532 0.01 1 72 0
7523 303.13 7.90887 0.01 1 46 0
7528 307.653 7.96084 0.01 1 72 0
7554 310.126 8.11662 0.01 1 90 0
7556 306.686 8.05249 0.01 1 72 0
7578 308.57 8.00713 0.01 1 72 0
7598 307.655 8.01338 0.01 1 72 -8.87215e-05
7601 310.193 7.85532 0.01 1 72 0
7603 304.277 7.90887 0.01 1 46 0
7628 307.653 7.96084 0.01 1 72 0
7647 310.126 8.11662 0.01 1 90 0
7653 303.13 7.90887 0.01 1 46 0
7659 304.277 7.90887 0.01 1 46 0
7680 304.277 7.90887 0.01 1 46 0
7688 305.268 7.90887 0.01 1 46 -0.0323415
7710 304.277 7.90887 0.01 1 45 0
7714 304.277 7.90887 0.01 1 46 0
7742 303.13 7.90887 0.01 1 44 0
7748 310.022 8.11662 0.01 1 90 0
7771 307.653 7.96084 0.01 1 72 0
7773 305.497 8.07002 0.01 1 72 0
7791 310.475 7.68518 0.01 1 72 0
7822 309.22 8.35775 0.01 1 72 0
7827 303.13 7.90887 0.01 1 46 0
7838 308.727 7.71276 0.01 1 72 0
7847 304.277 7.90887 0.01 1 45 0
7881 304.277 7.90887 0.01 1 45 0
7917 310.126 8.11662 0.01 1 90 0
7928 306.504 8.39302 0.01 1 72 0
7980 310.126 8.11662 0.01 1 91 0
7990 307.71 8.48032 0.01 1 72 0
8032 304.277 7.90887 0.01 1 46 0
8058 310.126 8.11662 0.01 1 91 0
8059 308.111 8.14527 0.01 1 72 0
8065 308.804 7.97961 0.01 1 72 0
8076 302.195 7.74537 0.01 1 46 0
8097 304.277 7.90887 0.01 1 46 0
8118 309.383 8.11373 0.01 1 72 0
8130 303.13 7.9121 0.01 1 46 0
8138 303.13 7.90887 0.01 1 46 0
8147 309.383 8.12473 0.01 1 72 0
8171 308.34 7.88296 0.01 1 72 0
8222 309.278 7.99515 0.01 1 72 0
8269 307.653 7.96084 0.01 1 72 0
8339 304.277 7.90887 0.01 1 46 0
8346 304.277 7.90887 0.01 1 45 0
8358 303.13 7.90887 0.01 1 46 0
8385 303.361 7.90887 0.01 1 45 0
8395 303.13 7.90887 0.01 1 45 0
8400 311.122 8.11662 0.01 1 90 0
8453 306.385 8.35775 0.01 1 72 0
8506 307.327 8.24108 0.01 1 72 0
8562 310.126 8.11662 0.01 1 90 0
8624 310.022 8.11662 0.01 1 91 0
8628 308.515 8.11662 0.01 1 90 0
8631 310.126 8.11662 0.01 1 91 0
8637 309.578 8.24898 0.01 1 72 0
8648 310.126 8.11662 0.01 1 92 0
8663 305.752 8.1456 0.01 1 72 0
8681 303.13 7.90887 0.01 1 45 0
8711 310.126 8.11662 0.01 1 91 0
8726 304.277 7.90887 0.01 1 46 0
8739 311.122 8.11662 0.01 1 90 0
8744 311.009 8.11662 0.01 1 91 0
8779 310.126 8.11662 0.01 1 90 0
8788 304.277 7.90887 0.01 1 45 0
8811 307.653 7.96084 0.01 1 72 0
8825 303.13 7.90887 0.01 1 46 0
8862 304.277 7.90887 0.01 1 46 0
8866 307.129 8.01664 0.01 1 72 0
8941 311.009 8.11662 0.01 1 90 0
8975 304.637 7.92096 0.01 1 45 0
8988 304.277 7.90887 0.01 1 45 0
9006 303.13 7.90887 0.01 1 44 0
9019 303.13 7.90887 0.01 1 46 0
9065 308.57 7.86976 0.01 1 72 0
9073 311.009 8.11662 0.01 1 90 0
9074 308.016 7.96084 0.01 1 72 0.00131477
9076 307.653 7.96084 0.01 1 72 0
9110 310.852 8.17709 0.01 1 72 5.07683e-05
9127 302.078 7.79926 0.01 1 45 0
9177 308.34 7.79691 0.01 1 72 -1.54078e-05
9183 307.145 8.06699 0.01 1 72 0
9184 307.595 8.0281 0.01 1 72 0
9190 303.13 7.90887 0.01 1 44 0
9192 309.278 7.99515 0.01 1 72 0
9203 303.13 7.90887 0.01 1 46 0
9210 310.126 7.9634 0.01 1 90 0
9212 310.126 8.11662 0.01 1 90 0
9228 308.24 8.00713 0.01 1 72 -0.000607356
9230 305.266 7.90887 0.01 1 46 0
9246 310.126 8.11662 0.01 1 92 0
9254 304.277 7.90887 0.01 1 46 0
9256 309.22 8.35775 0.01 1 72 0
9258 302.195 7.74537 0.01 1 46 0
9259 307.241 8.42935 0.01 1 72 0
9262 309.22 8.43896 0.01 1 72 0
9264 304.277 7.90887 0.01 1 45 0
9298 310.022 8.11662 0.01 1 90 0
9315 304.277 7.90887 0.01 1 46 0
9320 301.592 7.90887 0.01 1 46 0
9322 310.126 8.11662 0.01 1 92 0
9342 304.277 7.90887 0.01 1 46 0
9361 303.13 7.90887 0.01 1 44 0
9362 304.277 7.90887 0.01 1 45 0
9407 305.609 7.90887 0.01 1 45 0
9411 303.13 7.90887 0.01 1 45 0
9437 304.277 7.90887 0.01 1 46 0
9439 309.946 8.07928 0.01 1 72 0
9485 309.278 7.99515 0.01 1 72 0
9508 304.277 8.05038 0.01 1 46 0
9512 304.277 7.90887 0.01 1 45 0
9513 304.277 7.90887 0.01 1 46 0
9515 311.009 8.32134 0.01 1 90 0
9516 308.988 7.68518 0.01 1 72 0
9521 310.126 8.11662 0.01 1 90 0
9526 310.126 7.9634 0.01 1 90 -0.00224867
9529 308.928 8.04982 0.01 1 72 0
9560 310.126 8.11662 0.01 1 91 0
9586 303.13 7.90887 0.01 1 45 0
9603 308.34 7.79691 0.01 1 72 0
9612 304.277 7.90887 0.01 1 46 0
9615 308.111 8.14527 0.01 1 72 0
9619 310.126 8.11662 0.01 1 90 0
9655 304.277 7.90887 0.01 1 46 0
9673 307.468 7.89164 0.01 1 72 0
9693 306.504 8.39302 0.01 1 72 0
9707 309.635 7.86146 0.01 1 72 0
9735 310.271 8.11662 0.01 1 91 0
9750 307.489 8.07517 0.01 1 72 0
9775 310.126 8.11662 0.01 1 90 0
9811 307.6 7.96084 0.01 1 72 0
9821 303.13 7.90887 0.01 1 45 0
9833 304.277 8.05249 0.01 1 46 0
9838 303.13 7.90887 0.01 1 46 0
9842 301.592 7.90887 0.01 1 46 0
9845 310.022 8.11662 0.01 1 90 0
9850 307.327 8.24108 0.01 1 72 0
9861 310.193 7.85532 0.01 1 72 0
9900 303.972 7.90887 0.01 1 46 0.00464075
9903 304.117 7.843 0.01 1 46 0
9906 303.13 7.90887 0.01 1 45 0
9920 302.195 7.74537 0.01 1 46 0
9926 310.126 8.11662 0.01 1 90 0
9939 308.57 8.00713 0.01 1 72 0
9968 305.752 8.1456 0.01 1 72 0
9997 309.992 8.09943 0.01 1 72 0
10006 309.479 7.85532 0.01 1 72 -0.000368789
10014 303.13 7.90887 0.01 1 46 0
10040 306.385 8.35775 0.01 1 72 0
10046 304.277 7.90887 0.01 1 46 0
10118 308.988 7.68518 0.01 1 72 0
10193 307.327 8.24108 0.01 1 72 0
10202 306.504 8.39302 0.01 1 72 0
10222 308.34 7.88296 0.01 1 72 0
10230 310.126 8.11662 0.01 1 92 0
10258 307.653 7.96084 0.01 1 72 0
10283 303.13 7.90887 0.01 1 46 0
10288 310.126 8.11662 0.01 1 90 0
10320 310.126 8.11662 0.01 1 91 0
10321 304.277 7.90887 0.01 1 46 0
10328 310.022 8.11662 0.01 1 91 0
10362 304.277 7.96637 0.01 1 46 0.000908867
10418 311.009 8.11662 0.01 1 90 0
10427 310.126 8.2319 0.01 1 90 0
10429 310.126 8.11662 0.01 1 90 0
10433 303.13 7.90887 0.01 1 46 0
10448 303.13 7.90887 0.01 1 44 0
10454 308.57 8.00713 0.01 1 72 0
10459 304.277 7.90887 0.01 1 46 0
10504 309.352 8.12924 0.01 1 91 0
10612 309.21 8.11662 0.01 1 90 0
10628 304.277 7.90887 0.01 1 46 0
10662 303.13 7.90887 0.01 1 44 0
10692 304.277 7.79926 0.01 1 46 0
10697 305.266 7.90887 0.01 1 46 0
10704 308.645 8.11662 0.01 1 90 0
10779 308.988 7.68518 0.01 1 72 0
10794 310.126 8.11662 0.01 1 90 0
10803 304.277 7.90887 0.01 1 46 0
10810 310.475 7.68518 0.01 1 72 0
10845 304.277 7.90887 0.01 1 45 0
10864 308.212 8.27168 0.01 1 72 0
10877 308.645 8.11662 0.01 1 90 0
10916 308.988 7.85532 0.01 1 72 0
10966 303.13 7.90887 0.01 1 45 0
10997 310.022 8.15219 0.01 1 90 0
11000 304.277 7.90887 0.01 1 46 0
11002 303.361 7.97588 0.01 1 45 0.00100644
11008 309.767 7.53486 0.01 1 72 0
11031 310.126 8.11662 0.01 1 91 0
11039 310.126 8.11662 0.01 1 91 0
11049 308.292 8.11145 0.01 1 72 -4.57764e-05
11056 303.13 7.90887 0.01 1 45 0
11059 310.126 8.11662 0.01 1 90 0
11076 311.009 8.11662 0.01 1 90 0
11093 304.277 7.90887 0.01 1 46 0
11107 307.71 8.43993 0.01 1 72 0
11115 302.195 7.74537 0.01 1 46 0
11127 311.009 8.11662 0.01 1 90 0
11128 304.277 7.90887 0.01 1 45 0
11139 310.022 8.15219 0.01 1 90 0
11145 304.277 7.90887 0.01 1 45 0
11146 310.126 8.11662 0.01 1 91 0
11154 307.71 8.43993 0.01 1 72 -2.17855e-05
11161 304.277 7.90887 0.01 1 46 0
11176 311.009 8.11662 0.01 1 90 0
11185 305.266 7.99733 0.01 1 46 0
11195 303.13 7.90887 0.01 1 46 0
11224 310.126 8.11662 0.01 1 92 0
11226 303.13 7.90887 0.01 1 45 0
11240 310.126 8.11662 0.01 1 91 0
11244 305.752 8.1456 0.01 1 72 0
11247 310.126 8.11662 0.01 1 91 0
11251 307.653 7.96084 0.01 1 72 0
11268 306.504 8.39302 0.01 1 72 0
11270 306.385 8.35775 0.01 1 72 0
11275 308.767 7.7824 0.01 1 72 0
11317 304.277 7.79655 0.01 1 46 0
11320 304.277 7.90887 0.01 1 45 0
11347 309.091 8.00713 0.01 1 72 0
11374 304.277 7.90887 0.01 1 46 0
11375 305.266 7.90887 0.01 1 46 0
11379 303.13 7.90887 0.01 1 44 0
11399 307.145 8.06699 0.01 1 72 0
11412 304.277 7.90887 0.01 1 46 0
11429 310.126 8.11662 0.01 1 91 0
11443 306.173 8.05249 0.01 1 72 0
11464 304.277 7.90887 0.01 1 45 0
11467 309.352 8.12924 0.01 1 91 0
11477 307.653 7.96084 0.01 1 72 0
11485 303.13 7.90887 0.01 1 45 0
11504 309.578 8.24898 0.01 1 72 0
11528 308.727 7.71276 0.01 1 72 0
11538 304.277 7.90887 0.01 1 46 0
11541 307.468 7.89164 0.01 1 72 0
11551 304.277 7.90887 0.01 1 46 0
11603 303.13 7.90887 0.01 1 44 0
11611 304.277 7.90887 0.01 1 46 0
11620 307.327 8.24108 0.01 1 72 0
11653 310.232 7.96084 0.01 1 72 0
11667 303.13 7.90887 0.01 1 46 0
11678 307.468 7.89164 0.01 1 72 0
11686 309.578 8.27326 0.01 1 72 0
11735 303.13 7.90887 0.01 1 44 0
11741 303.13 7.86341 0.01 1 46 0
11743 310.022 8.15219 0.01 1 90 0
11754 306.504 8.39302 0.01 1 72 0
11757 311.009 8.11662 0.01 1 90 0
11768 308.988 7.85532 0.01 1 72 0
11790 308.958 8.14527 0.01 1 72 0
11796 304.277 7.92985 0.01 1 46 0
11804 310.126 8.11662 0.01 1 92 0
11844 307.595 7.92226 0.01 1 72 0
11858 303.13 7.90887 0.01 1 46 0
11880 309.22 8.43896 0.01 1 72 0
11889 304.277 7.90887 0.01 1 45 0
11891 303.13 7.90887 0.01 1 45 0
11946 306.145 8.03163 0.01 1 72 0
11998 308.988 7.81971 0.01 1 72 0
12038 310.126 8.11662 0.01 1 90 0
12102 304.277 7.90887 0.01 1 46 0
12105 303.13 7.90887 0.01 1 44 0
12154 308.332 7.71276 0.01 1 72 0
12181 303.13 7.90887 0.01 1 45 0
12209 308.013 7.82826 0.01 1 72 0
12221 305.266 7.90887 0.01 1 46 0
12246 301.592 7.90887 0.01 1 46 0
12250 311.009 8.11662 0.01 1 90 0
12292 310.126 8.11662 0.01 1 90 0
12321 304.277 7.90887 0.01 1 44 0
12331 306.385 8.35775 0.01 1 72 0
12333 309.113 8.23196 0.01 1 72 0
12358 308.636 8.28454 0.01 1 72 0
12380 309.576 7.85223 0.01 1 72 0
12454 308.727 7.71276 0.01 1 72 0
12488 304.277 7.90887 0.01 1 46 0
12517 304.277 7.90887 0.01 1 46 0
12531 309.278 7.99515 0.01 1 72 0
12557 307.129 8.01752 0.01 1 72 0
12588 310.126 8.11662 0.01 1 91 0
12656 310.126 8.11662 0.01 1 92 0
12657 310.126 8.11662 0.01 1 90 0
12690 307.489 8.07517 0.01 1 72 0
12694 312.219 8.02273 0.01 1 90 0
12732 310.126 8.11662 0.01 1 92 0
12738 310.193 7.85532 0.01 1 72 0
12779 303.13 7.90887 0.01 1 46 0
12801 301.592 7.90887 0.01 1 46 0
12819 301.592 7.90887 0.01 1 46 0
12827 310.022 8.15219 0.01 1 90 0
12866 301.592 7.90887 0.01 1 46 0
12915 310.126 8.11662 0.01 1 90 0
12916 310.126 8.11662 0.01 1 91 0
12918 304.277 7.90887 0.01 1 46 0
12938 302.195 7.74537 0.01 1 46 0
12967 309.635 7.86146 0.01 1 72 0
12990 307.6 7.96084 0.01 1 72 0
12993 304.277 7.90887 0.01 1 46 0
13005 311.009 8.11662 0.01 1 91 0
13013 303.13 7.90887 0.01 1 45 0
13031 310.126 8.11662 0.01 1 91 0
13056 310.126 8.11662 0.01 1 91 0
13057 304.277 7.90887 0.01 1 46 0
13090 308.988 7.81971 0.01 1 72 0
13138 310.126 8.11662 0.01 1 92 0
13140 306.983 8.1456 0.01 1 72 0
13165 303.13 7.90887 0.01 1 46 0
13171 306.504 8.39302 0.01 1 72 0
13213 310.126 8.11662 0.01 1 91 0
13226 304.277 7.90887 0.01 1 45 0
13245 307.371 8.02255 0.01 1 72 0
13262 309.113 8.23196 0.01 1 72 0
13265 305.266 7.90887 0.01 1 46 0
13274 305.266 7.90887 0.01 1 45 0
13275 308.804 7.97961 0.01 1 72 0
13277 308.988 7.85532 0.01 1 72 0
13299 304.277 7.90887 0.01 1 45 0
13345 309.946 8.07928 0.01 1 72 0
13346 303.13 7.90887 0.01 1 45 0
13350 303.13 7.86341 0.01 1 46 0
13373 304.277 7.90887 0.01 1 45 0
13376 308.988 7.85532 0.01 1 72 0
13399 307.327 8.24108 0.01 1 72 0
13402 309.578 8.27326 0.01 1 72 0
13405 310.126 8.11662 0.01 1 92 0
13430 306.173 8.05249 0.01 1 72 0
13439 306.145 8.03163 0.01 1 72 0
13442 308.34 7.88296 0.01 1 72 0
13443 310.126 8.11662 0.01 1 90 0
13456 310.126 8.11662 0.01 1 92 0
13486 303.341 8.05249 0.01 1 46 0
13498 310.022 8.11662 0.01 1 91 0
13501 302.332 7.90887 0.01 1 45 0.0294846
13514 310.126 8.11662 0.01 1 91 0
13520 304.277 7.90887 0.01 1 46 0
13545 308.398 8.44264 0.01 1 72 0
13556 304.277 7.90887 0.01 1 46 0
13561 303.13 7.90887 0.01 1 45 0
13565 308.34 7.88296 0.01 1 72 0
13572 304.277 7.92985 0.01 1 46 0
13602 309.278 7.99515 0.01 1 72 0
13647 308.34 7.88296 0.01 1 72 0
13665 308.229 8.1382 0.01 1 90 -0.0138906
13680 302.099 7.90887 0.01 1 46 -0.00716111
13682 304.637 7.92096 0.01 1 45 0
13720 309.211 7.99515 0.01 1 72 5.09173e-05
13721 303.13 7.90887 0.01 1 44 0
13807 310.126 8.11662 0.01 1 91 0
13894 303.13 7.90887 0.01 1 45 0
13904 303.13 7.90887 0.01 1 45 0
13908 304.277 7.90887 0.01 1 45 0
13979 303.13 7.90887 0.01 1 44 0
14007 309.576 7.85223 0.01 1 72 0
14033 306.504 8.39302 0.01 1 72 0
14123 307.416 8.06699 0.01 1 72 0
14132 304.277 7.90887 0.01 1 46 0
14141 306.504 8.39302 0.01 1 72 0
14164 309.383 8.12473 0.01 1 72 0
14167 304.277 7.90887 0.01 1 46 0
14180 310.193 7.85532 0.01 1 72 0
14185 308.526 7.85223 0.01 1 72 0
14210 304.277 7.90887 0.01 1 46 0
14259 310.126 8.11662 0.01 1 90 0
14261 304.277 7.90887 0.01 1 44 0
14263 307.942 7.85532 0.01 1 72 0
14283 304.277 7.90887 0.01 1 45 0
14300 310.126 8.11662 0.01 1 90 0
14330 310.126 8.11662 0.01 1 90 0
14338 304.277 7.90887 0.01 1 46 0
14376 308.767 7.7824 0.01 1 72 0
14379 308.57 8.00713 0.01 1 72 0
14426 303.13 7.86341 0.01 1 46 0
14438 303.13 7.90887 0.01 1 46 0
14444 310.126 8.11662 0.01 1 92 0
14465 307.129 8.01664 0.01 1 72 0
14484 310.126 8.11662 0.01 1 90 0
14493 311.122 8.11662 0.01 1 90 0
14499 308.57 8.00713 0.01 1 72 0
14525 304.277 7.90887 0.01 1 46 0
14530 310.126 8.11662 0.01 1 92 0
14557 308.013 7.82826 0.01 1 72 0
14597 303.13 7.90887 0.01 1 45 0
14601 304.277 7.90887 0.01 1 46 0
14621 310.126 8.11662 0.01 1 90 0
14627 310.022 8.15219 0.01 1 90 0
14635 310.126 8.11662 0.01 1 92 0
14659 308.361 8.13274 0.01 1 72 0
14665 309.352 8.11662 0.01 1 91 0
14677 309.22 8.43896 0.01 1 72 0
14717 312.22 8.11662 0.01 1 91 0.0300751
14720 304.277 7.90887 0.01 1 46 0
14727 303.361 7.90887 0.01 1 45 0
14730 304.277 7.90887 0.01 1 46 0
14733 309.22 8.35775 0.01 1 72 0
14765 308.57 7.86976 0.01 1 72 0
14772 304.277 7.92985 0.01 1 46 0
14779 304.277 7.92096 0.01 1 45 0
14796 303.13 7.86341 0.01 1 46 0
14797 304.277 7.90887 0.01 1 45 0
14808 310.126 8.11662 0.01 1 90 0
14815 308.767 7.7824 0.01 1 72 0
14835 310.126 8.11662 0.01 1 92 0
14840 304.277 7.90887 0.01 1 46 0
14849 310.193 7.85532 0.01 1 72 0
14852 303.13 7.90887 0.01 1 44 0
14875 304.277 7.90887 0.01 1 46 0
14889 312.219 8.02273 0.01 1 90 0
14938 310.126 8.11662 0.01 1 90 0
14960 309.635 7.95642 0.01 1 72 0
14961 304.277 7.90887 0.01 1 45 0
14997 304.277 7.90887 0.01 1 44 0
14998 302.426 7.90887 0.01 1 46 0.0279237
15014 308.57 8.00713 0.01 1 72 0
15025 308.027 7.96084 0.01 1 72 0
15053 308.988 7.85532 0.01 1 72 0
15099 310.126 8.11662 0.01 1 90 0
15148 310.126 8.11662 0.01 1 90 0
15151 306.145 8.03163 0.01 1 72 0
15176 310.126 8.11662 0.01 1 91 0
15179 301.592 7.90887 0.01 1 46 0
15186 310.126 8.11662 0.01 1 91 0
15190 308.57 8.00713 0.01 1 72 0
15198 310.126 8.11662 0.01 1 92 0
15213 308.561 7.80951 0.01 1 72 0
15218 310.117 8.00267 0.01 1 72 0
15242 304.277 7.90887 0.01 1 46 0
15259 304.277 7.90887 0.01 1 46 0
15275 304.277 7.90887 0.01 1 46 0
15379 304.277 7.90887 0.01 1 46 0
15382 307.327 8.24108 0.01 1 72 0
15386 312.219 8.02273 0.01 1 91 0
15390 310.022 8.15219 0.01 1 90 0
15438 304.277 7.90887 0.01 1 46 0
15447 304.277 7.90887 0.01 1 46 0
15452 304.277 7.90887 0.01 1 46 0
15466 307.653 7.96084 0.01 1 72 0
15472 308.515 8.11662 0.01 1 90 0
15500 310.271 8.11662 0.01 1 91 0
15509 302.195 7.74537 0.01 1 46 0
15510 303.13 7.90887 0.01 1 45 0
15543 308.111 8.14527 0.01 1 72 0
15545 306.504 8.39302 0.01 1 72 0
15548 302.426 7.90887 0.01 1 46 0
15559 304.277 7.90887 0.01 1 45 0
15630 304.277 7.90887 0.01 1 45 0
15673 303.13 7.90887 0.01 1 44 0
15680 308.804 7.97961 0.01 1 72 0
15687 309.507 8.1448 0.01 1 72 0
15715 303.13 7.90887 0.01 1 45 0
15723 309.383 8.12473 0.01 1 72 0
15730 311.009 8.11662 0.01 1 90 0
15743 310.126 8.11662 0.01 1 92 0
15745 304.277 7.92985 0.01 1 46 0
15812 313.404 8.01376 0.01 1 72 0
15821 304.277 7.90887 0.01 1 46 0
15841 309.383 8.25959 0.01 1 72 0
15842 303.13 7.90887 0.01 1 45 0
15846 309.278 8.11157 0.01 1 72 0
15867 303.677 7.90887 0.01 1 46 0.00913469
15943 308.292 8.11145 0.01 1 72 0
15966 304.277 7.90887 0.01 1 46 0
16021 309.278 8.09384 0.01 1 72 0
16027 310.126 8.2319 0.01 1 90 0
16047 304.277 7.90887 0.01 1 45 0
16056 304.277 7.90887 0.01 1 46 0
16070 304.277 7.90887 0.01 1 46 0
16078 304.277 7.92096 0.01 1 45 0
16086 304.277 7.90887 0.01 1 46 0
16203 309.091 8.00713 0.01 1 72 0
16220 307.468 7.89164 0.01 1 72 0
16232 310.126 8.11662 0.01 1 92 0
16246 303.13 7.86341 0.01 1 46 0
16255 306.504 8.39302 0.01 1 72 0
16276 309.946 8.07928 0.01 1 72 0
16307 304.277 7.90887 0.01 1 46 0
16324 303.13 7.90887 0.01 1 45 0
16352 308.988 7.85532 0.01 1 72 0
16381 309.21 8.11662 0.01 1 90 0
16397 304.277 7.90887 0.01 1 46 0
16415 306.504 8.39302 0.01 1 72 0
16424 304.277 7.90887 0.01 1 46 0
16461 310.022 8.11662 0.01 1 91 0
16473 307.98 8.23025 0.01 1 72 0
16483 302.195 7.87419 0.01 1 46 0.00150582
16487 304.277 7.90887 0.01 1 45 0
16534 304.277 7.90887 0.01 1 46 0
16543 304.277 7.90887 0.01 1 46 0
16565 310.126 8.13192 0.01 1 90 0
16611 304.277 7.90887 0.01 1 46 0
16637 304.277 7.90887 0.01 1 46 0
16640 308.804 7.97961 0.01 1 72 0
16643 307.951 8.36911 0.01 1 72 0
16658 303.13 7.90887 0.01 1 46 0
16665 308.988 7.81971 0.01 1 72 0
16684 303.13 7.90887 0.01 1 46 0
16685 304.277 7.90887 0.01 1 46 0
16688 303.13 7.90887 0.01 1 45 0
16697 309.946 8.07928 0.01 1 72 0
16735 308.988 7.85532 0.01 1 72 0
16755 310.126 8.11662 0.01 1 90 0
16765 304.277 7.90887 0.01 1 46 0
16831 308.292 8.36931 0.01 1 72 0
16843 306.504 8.39302 0.01 1 72 0
16852 309.091 8.00713 0.01 1 72 0
16868 308.34 7.88296 0.01 1 72 0
16891 304.277 7.79926 0.01 1 46 0
16898 308.988 7.7295 0.01 1 72 0
16914 310.126 8.11662 0.01 1 92 0
16920 310.126 8.11662 0.01 1 90 0
16922 307.951 8.36911 0.01 1 72 0
16953 308.048 7.51455 0.01 1 72 0
16971 304.277 7.90887 0.01 1 46 0
17007 309.22 8.35775 0.01 1 72 0
17031 309.491 8.04472 0.01 1 72 0.000641465
17040 304.277 7.92096 0.01 1 45 0
17058 304.277 7.90887 0.01 1 46 0
17060 310.193 7.85532 0.01 1 72 0
17087 304.277 7.90887 0.01 1 46 0
17106 304.277 7.90887 0.01 1 46 0
17124 311.009 8.11662 0.01 1 90 0
17126 303.13 7.90887 0.01 1 46 0
17142 310.126 8.11662 0.01 1 90 0
17147 308.804 7.97961 0.01 1 72 0
17155 304.277 7.90887 0.01 1 46 0
17165 309.383 8.12473 0.01 1 72 0
17204 307.6 7.96084 0.01 1 72 -0.000301704
17241 310.126 8.2319 0.01 1 90 0.00163495
17276 304.277 7.90887 0.01 1 46 0
17282 310.126 8.11662 0.01 1 90 0
17328 304.277 7.90887 0.01 1 46 0
17333 308.93 8.10002 0.01 1 72 0
17352 304.277 7.90887 0.01 1 45 0
17355 309.383 8.12473 0.01 1 72 0
17394 310.022 8.11662 0.01 1 91 0
17411 303.13 7.90887 0.01 1 46 0
17433 307.034 8.35775 0.01 1 72 0
17443 311.009 8.11662 0.01 1 90 0
17464 309.383 8.11373 0.01 1 72 0
17495 308.645 8.11662 0.01 1 90 0
17498 302.195 7.74537 0.01 1 46 0
17596 310.126 8.11662 0.01 1 90 0
17661 302.078 7.79926 0.01 1 46 0
17675 307.327 8.24108 0.01 1 72 0
17776 307.653 7.96084 0.01 1 72 0
17780 304.277 7.90887 0.01 1 45 0
17782 304.277 7.90887 0.01 1 46 0
17800 308.498 8.36784 0.01 1 72 0
17818 303.13 7.90887 0.01 1 45 0
17836 309.22 8.43896 0.01 1 72 0
17891 304.277 7.90887 0.01 1 46 0
17920 312.404 8.02273 0.01 1 90 0
17934 307.942 7.85532 0.01 1 72 0
17938 308.988 7.85532 0.01 1 72 0
17939 304.277 7.90887 0.01 1 46 0
17944 304.277 7.90887 0.01 1 45 0
17974 308.988 7.85532 0.01 1 72 0
17980 308.398 8.33487 0.01 1 72 0
17994 307.653 7.96084 0.01 1 72 0
18004 304.277 7.90887 0.01 1 46 0
18025 308.988 7.85532 0.01 1 72 0
18036 303.13 8.05845 0.01 1 46 0
18041 309.352 8.12924 0.01 1 91 0.000207692
18088 304.117 7.843 0.01 1 46 0
18089 309.22 8.43896 0.01 1 72 0
18136 304.277 7.90887 0.01 1 46 0
18166 304.277 7.90887 0.01 1 44 0
18177 304.277 7.90887 0.01 1 45 0
18219 308.57 8.00713 0.01 1 72 0
18226 308.878 7.71276 0.01 1 72 0
18257 310.126 8.11662 0.01 1 90 0
18258 303.13 7.90887 0.01 1 44 0
18267 308.515 8.11662 0.01 1 90 0
18279 306.385 8.35775 0.01 1 72 0
18307 310.126 8.11662 0.01 1 90 0
18340 303.13 7.90887 0.01 1 46 0
18395 304.277 7.90887 0.01 1 46 0
18400 304.277 7.90887 0.01 1 46 0
18408 309.383 8.22382 0.01 1 72 0
18409 309.992 8.09943 0.01 1 72 0
18411 304.277 7.90887 0.01 1 46 0
18412 304.277 7.90887 0.01 1 46 0
18433 307.129 8.01664 0.01 1 72 0
18437 310.126 8.11662 0.01 1 92 0
18477 308.988 7.68518 0.01 1 72 0
18493 310.126 8.11662 0.01 1 92 0
18524 309.507 8.1448 0.01 1 72 0
18531 304.277 7.92096 0.01 1 45 0
18571 303.13 7.86341 0.01 1 46 0
18574 304.277 7.90887 0.01 1 46 0
18605 308.027 7.96084 0.01 1 72 0
18607 308.727 7.71276 0.01 1 72 0
18612 310.126 8.11662 0.01 1 90 0
18618 303.361 7.90887 0.01 1 46 0.0139072
18674 309.22 8.43896 0.01 1 72 0
18711 310.126 8.11662 0.01 1 91 0
18731 309.507 8.1448 0.01 1 72 0
18774 310.126 8.11662 0.01 1 91 0
18846 304.277 8.06847 0.01 1 45 0.00279924
18901 309.383 8.11373 0.01 1 72 0
18923 304.277 7.90887 0.01 1 46 0
18940 301.592 7.90887 0.01 1 46 0
18941 308.57 8.00713 0.01 1 72 0
18961 303.13 7.90887 0.01 1 46 0
18980 304.277 8.05038 0.01 1 46 0.00208201
18985 304.277 7.90887 0.01 1 46 0
19022 306.504 8.39302 0.01 1 72 0
19049 308.988 7.68518 0.01 1 72 0
19073 304.277 7.90887 0.01 1 45 0
19080 305.609 7.90887 0.01 1 45 0
19083 308.111 8.14527 0.01 1 72 0
19096 306.504 8.39302 0.01 1 72 0
19098 304.277 7.90887 0.01 1 46 0
19103 303.13 7.90887 0.01 1 45 0
19128 307.47 8.14527 0.01 1 72 0
19140 306.074 7.90887 0.01 1 46 0
19146 310.126 8.11662 0.01 1 92 0
19156 304.277 8.05038 0.01 1 46 0
19157 304.277 7.96637 0.01 1 46 0
19193 308.57 8.00713 0.01 1 72 0
19205 304.277 7.92096 0.01 1 45 0
19210 303.341 8.05249 0.01 1 46 0.013984
19252 310.022 8.15219 0.01 1 90 0
19264 311.009 8.11662 0.01 1 90 0
19279 308.398 8.33487 0.01 1 72 0
19290 310.126 8.2319 0.01 1 90 0
19297 310.022 8.25779 0.01 1 90 0
19305 304.277 7.90887 0.01 1 46 0
19357 309.813 8.04472 0.01 1 72 0
19366 303.13 7.90887 0.01 1 46 0
19369 304.277 7.92088 0.01 1 46 0.000190936
19375 304.988 7.90887 0.01 1 46 -0.0107488
19414 304.277 7.90887 0.01 1 46 0
19415 302.078 7.79926 0.01 1 46 0
19425 310.126 8.13192 0.01 1 90 0
19441 308.515 8.11662 0.01 1 90 0
19452 304.277 7.90887 0.01 1 45 0
19460 304.277 7.90887 0.01 1 46 0
19466 308.878 7.71276 0.01 1 72 0
19467 302.304 7.90887 0.01 1 45 0.0160022
19475 308.57 8.00713 0.01 1 72 0
19482 311.009 8.11662 0.01 1 90 0
19483 303.13 7.90887 0.01 1 44 0
19506 304.277 7.90887 0.01 1 45 0
19529 304.277 8.05249 0.01 1 46 0
19535 310.126 8.11662 0.01 1 91 0
19536 303.13 7.90887 0.01 1 44 0
19595 304.277 7.90887 0.01 1 45 0
19600 308.988 7.68518 0.01 1 72 0
19603 310.126 8.06858 0.01 1 90 -0.000695668
19608 310.126 8.11662 0.01 1 91 0
19627 310.022 8.24217 0.01 1 90 0.00128666
19647 308.727 7.71276 0.01 1 72 0
19667 305.266 7.90887 0.01 1 45 0
19673 305.752 8.1456 0.01 1 72 0
19684 310.126 8.11662 0.01 1 91 0
19685 303.13 7.86341 0.01 1 46 0
19698 312.404 8.02273 0.01 1 90 0
19729 306.145 8.03163 0.01 1 72 0
19760 304.277 7.90887 0.01 1 46 0
19768 304.277 7.90887 0.01 1 46 0
19773 303.13 7.90887 0.01 1 46 0
19776 309.22 8.38113 0.01 1 72 -9.38773e-07
19777 303.361 7.97588 0.01 1 45 0
19791 310.126 8.11662 0.01 1 91 0
19806 308.57 8.00713 0.01 1 72 0
19807 309.278 7.99515 0.01 1 72 0
19813 303.13 7.90887 0.01 1 45 0
19837 308.988 7.85532 0.01 1 72 0
19873 308.57 8.00713 0.01 1 72 0
19885 303.13 7.90887 0.01 1 45 0
19914 308.292 8.11145 0.01 1 72 0
19940 310.193 7.85532 0.01 1 72 0
