max_pf 111 min_pf 26
individual T0 sigma disp_rate r0 patch_no mut_eff
0 309.192 8.1368 0.01 1 72 0
81 308.219 7.74886 0.01 1 72 0
121 307.283 8.03787 0.01 1 72 0
125 299.568 8.58889 0.01 1 28 0
158 303.938 8.36512 0.01 1 27 0
189 302.022 8.31813 0.01 1 28 0
269 299.568 8.58889 0.01 1 28 0
317 299.54 8.58889 0.01 1 28 0
318 310.464 8.27423 0.01 1 72 0
320 302.112 8.37935 0.01 1 28 0
352 310.078 7.94955 0.01 1 72 -0.000637293
385 302.022 8.40293 0.01 1 27 0.000345275
412 299.568 8.58889 0.01 1 28 0
446 309.926 8.13513 0.01 1 72 0
469 300.768 8.40181 0.01 1 28 0
488 310.258 8.15658 0.01 1 72 0
489 300.583 8.37935 0.01 1 28 0
502 302.022 8.51253 0.01 1 28 0
575 308.2 7.92536 0.01 1 72 0.000947684
608 297.983 8.41082 0.01 1 26 0
617 323.294 8.35975 0.01 1 110 0
637 301.504 8.5113 0.01 1 27 0
691 308.822 8.19447 0.01 1 72 0
711 309.926 8.126 0.01 1 72 0
756 302.022 8.51253 0.01 1 28 0
760 302.022 8.37935 0.01 1 28 0
770 302.022 8.37935 0.01 1 28 0
817 323.885 8.57964 0.01 1 109 0
827 302.022 8.40103 0.01 1 27 0
832 309.675 7.547 0.01 1 72 0
846 307.212 7.91995 0.01 1 72 0
868 301.504 8.58889 0.01 1 28 0
882 307.781 8.01286 0.01 1 72 0
884 307.283 8.03787 0.01 1 72 0
887 325.788 8.35975 0.01 1 111 0
898 307.879 7.92489 0.01 1 72 0
940 297.983 8.41082 0.01 1 26 0
969 307.283 8.03787 0.01 1 72 0
1047 308.237 8.25735 0.01 1 72 0
1106 324.11 8.35975 0.01 1 110 0
1155 302.022 8.37935 0.01 1 28 0
1187 322.489 8.66752 0.01 1 109 0
1199 302.022 8.37935 0.01 1 28 0
1229 302.022 8.37935 0.01 1 28 0
1248 302.022 8.37935 0.01 1 28 0
1295 307.179 8.10917 0.01 1 72 0
1314 302.022 8.40103 0.01 1 27 0
1437 302.022 8.37935 0.01 1 28 0
1510 307.283 8.03787 0.01 1 72 0
1521 302.022 8.51253 0.01 1 28 0
1529 302.022 8.37935 0.01 1 28 0
1541 309.869 7.94955 0.01 1 72 0
1572 325.788 8.35975 0.01 1 111 0
1582 299.9 8.37935 0.01 1 27 0
1595 323.294 8.35975 0.01 1 110 0
1611 309.134 8.25735 0.01 1 72 0
1681 326.149 8.35975 0.01 1 109 0
1719 300.399 8.42253 0.01 1 28 0
1742 300.399 8.37733 0.01 1 28 0
1746 307.212 7.91995 0.01 1 72 0
1803 326.149 8.35975 0.01 1 109 0
1815 301.504 8.58889 0.01 1 28 0
1830 300.249 8.50019 0.01 1 28 0
1845 300.399 8.37733 0.01 1 28 0
1847 308.803 8.10042 0.01 1 72 0
1848 302.022 8.37935 0.01 1 28 0
1853 302.022 8.37935 0.01 1 28 0
1881 310.668 8.08998 0.01 1 72 0
1923 324.966 8.35975 0.01 1 111 0
1945 310.258 8.04891 0.01 1 72 0
2048 302.022 8.37935 0.01 1 28 0
2049 299.568 8.58889 0.01 1 28 0
2060 323.294 8.36629 0.01 1 110 1.55121e-05
2146 301.386 8.50352 0.01 1 28 0
2216 305.72 8.08304 0.01 1 72 0
2235 308.237 8.25735 0.01 1 72 0
2258 300.399 8.37733 0.01 1 28 0
2287 307.212 7.91995 0.01 1 72 0
2335 301.504 8.58889 0.01 1 28 0
2376 309.893 8.21343 0.01 1 72 0
2389 302.022 8.37935 0.01 1 27 0
2409 308.884 8.20305 0.01 1 72 0
2428 302.022 8.37935 0.01 1 28 0
2445 325.788 8.35975 0.01 1 111 0
2446 302.831 8.37935 0.01 1 27 0
2513 324.11 8.35975 0.01 1 110 0
2519 308.57 8.10263 0.01 1 72 0
2618 310.258 8.04891 0.01 1 72 0
2648 297.72 8.37935 0.01 1 28 0.0145954
2657 324.956 8.62496 0.01 1 109 0.00707386
2723 299.568 8.58889 0.01 1 28 0
2769 307.502 7.87769 0.01 1 72 0
2787 307.185 7.90771 0.01 1 72 0
2895 302.022 8.37935 0.01 1 27 0
2922 307.185 7.95751 0.01 1 72 0
2950 310.83 8.45343 0.01 1 72 0
2951 309.277 8.30416 0.01 1 72 0
2963 309.414 7.87769 0.01 1 72 0
2995 300.768 8.40181 0.01 1 28 0
3001 301.504 8.58889 0.01 1 28 0
3020 307.502 7.87769 0.01 1 72 0
3060 299.885 8.37935 0.01 1 28 0
3148 302.022 8.51253 0.01 1 27 0
3149 308.57 8.10263 0.01 1 72 0
3170 299.568 8.58889 0.01 1 28 0
3174 324.453 8.17707 0.01 1 111 0
3175 297.983 8.41082 0.01 1 26 0
3180 310.258 8.04891 0.01 1 72 0
3308 301.504 8.58889 0.01 1 28 0
3318 302.112 8.37935 0.01 1 28 0
3394 302.022 8.37935 0.01 1 28 0
3449 307.623 8.19484 0.01 1 72 0
3454 307.885 7.92536 0.01 1 72 0
3476 326.149 8.35975 0.01 1 109 0
3490 309.192 8.17146 0.01 1 72 0
3559 302.022 8.42057 0.01 1 28 0
3583 302.022 8.37935 0.01 1 27 0
3611 322.943 8.35975 0.01 1 109 0
3660 299.342 8.58889 0.01 1 28 0
3687 312.862 7.83057 0.01 1 72 0
3746 300.399 8.42253 0.01 1 28 0
3786 310.464 8.27423 0.01 1 72 0
3794 307.212 7.91995 0.01 1 72 0
3798 299.568 8.58889 0.01 1 28 0
3803 299.568 8.58889 0.01 1 28 0
3858 302.485 8.29766 0.01 1 27 0
3861 302.022 8.37935 0.01 1 28 0
3888 307.42 8.21657 0.01 1 72 0
3892 302.022 8.40103 0.01 1 26 0
3980 308.517 7.87695 0.01 1 72 0
4013 302.022 8.37935 0.01 1 27 0
4066 300.399 8.37733 0.01 1 28 0
4073 309.893 8.21343 0.01 1 72 0
4084 324.453 8.17707 0.01 1 110 0
4170 300.399 8.37733 0.01 1 28 0
4239 325.788 8.35975 0.01 1 111 0
4253 325.788 8.35975 0.01 1 111 0
4259 326.609 8.35975 0.01 1 111 0
4276 310.512 8.45343 0.01 1 72 0
4285 307.185 7.75302 0.01 1 72 0
4288 309.192 8.1368 0.01 1 72 0
4294 322.943 8.35975 0.01 1 109 0
4301 301.504 8.40181 0.01 1 28 0
4321 302.022 8.29766 0.01 1 27 0
4359 308.57 8.10263 0.01 1 72 0
4399 307.879 7.92489 0.01 1 72 0
4400 325.788 8.35975 0.01 1 111 0
4495 307.185 7.90771 0.01 1 72 0
4499 302.435 8.40103 0.01 1 28 0
4510 308.331 7.99282 0.01 1 72 0
4596 301.504 8.5113 0.01 1 28 0
4687 302.022 8.37935 0.01 1 28 0
4706 326.149 8.35975 0.01 1 109 0
4732 326.149 8.35975 0.01 1 109 0
4747 322.846 8.35975 0.01 1 109 0
4779 324.349 8.21854 0.01 1 110 0
4808 308.57 8.10263 0.01 1 72 0
4817 322.846 8.35975 0.01 1 109 0
4852 322.943 8.35975 0.01 1 109 0
4875 302.022 8.37935 0.01 1 28 0
4982 302.022 8.37935 0.01 1 28 0
4986 300.399 8.42253 0.01 1 28 0
5016 302.022 8.37935 0.01 1 28 0
5043 322.489 8.66752 0.01 1 109 0
5077 323.294 8.35975 0.01 1 110 0
5084 300.768 8.20286 0.01 1 28 0
5114 299.568 8.58889 0.01 1 27 0
5119 324.02 8.62496 0.01 1 110 0
5124 308.191 7.91354 0.01 1 72 0
5136 302.022 8.37935 0.01 1 28 0
5142 299.568 8.58889 0.01 1 27 0
5145 308.219 8.00251 0.01 1 72 3.00556e-05
5180 302.022 8.51253 0.01 1 26 0
5217 310.247 7.87769 0.01 1 72 0.00108695
5250 301.685 8.40293 0.01 1 27 0
5324 299.9 8.37935 0.01 1 28 0
5341 322.943 8.37826 0.01 1 110 0
5363 309.192 8.04158 0.01 1 72 0
5375 308.237 8.25735 0.01 1 72 0
5420 311.633 8.17612 0.01 1 72 0
5426 322.943 8.37826 0.01 1 110 0
5479 324.02 8.62496 0.01 1 109 0
5481 307.212 7.91995 0.01 1 72 0
5525 310.83 8.45343 0.01 1 72 0
5535 301.664 8.37935 0.01 1 28 0
5580 310.169 8.056 0.01 1 72 0
5608 309.893 8.21343 0.01 1 72 0
5679 322.846 8.35975 0.01 1 109 0
5724 302.022 8.37935 0.01 1 28 0
5845 302.022 8.51253 0.01 1 28 0
5887 309.226 8.21343 0.01 1 72 0
5902 302.112 8.37935 0.01 1 28 0
5962 300.399 8.37733 0.01 1 28 0
6018 306.026 8.17418 0.01 1 72 0
6020 300.399 8.37733 0.01 1 28 0
6031 300.399 8.37733 0.01 1 28 0
6076 302.022 8.36512 0.01 1 28 0
6192 323.294 8.30577 0.01 1 110 0
6354 310.258 8.04891 0.01 1 72 0
6359 302.022 8.37935 0.01 1 28 0
6454 299.54 8.58889 0.01 1 28 0
6464 300.332 8.37935 0.01 1 27 0
6501 307.581 7.99282 0.01 1 72 0
6583 310.83 8.45343 0.01 1 72 0
6605 307.185 7.95751 0.01 1 72 0
6627 302.022 8.41633 0.01 1 28 0
6632 322.943 8.35975 0.01 1 109 0
6640 302.022 8.51253 0.01 1 27 0
6654 322.943 8.35975 0.01 1 109 0
6681 299.568 8.58889 0.01 1 28 0
6746 324.956 8.62496 0.01 1 109 0
6757 299.568 8.58889 0.01 1 28 0
6785 308.884 8.246 0.01 1 72 2.08616e-07
6791 310.169 8.00855 0.01 1 72 0
6810 308.331 7.99282 0.01 1 72 0
6818 307.863 7.87507 0.01 1 72 -5.99176e-05
6833 302.022 8.51253 0.01 1 28 0
6867 302.022 8.3776 0.01 1 28 -0.00206473
6893 302.485 8.29766 0.01 1 27 0
6897 299.885 8.37935 0.01 1 27 0
6905 309.893 8.21343 0.01 1 72 0
6919 299.568 8.58889 0.01 1 28 0
6966 302.022 8.37935 0.01 1 27 0
6999 302.022 8.37935 0.01 1 27 0
7251 322.943 8.35975 0.01 1 109 0
7307 323.294 8.30577 0.01 1 110 0
7309 325.788 8.35975 0.01 1 111 0
7317 308.517 7.87695 0.01 1 72 0
7343 299.885 8.37935 0.01 1 28 0
7372 309.117 8.21343 0.01 1 72 0
7373 309.321 8.18136 0.01 1 72 0
7415 299.885 8.37935 0.01 1 28 0
7444 299.568 8.58889 0.01 1 27 0
7478 302.022 8.51253 0.01 1 28 0
7518 309.192 8.17146 0.01 1 72 0
7533 302.022 8.4299 0.01 1 27 0.000740685
7559 305.72 8.08304 0.01 1 72 0
7580 307.664 7.70196 0.01 1 72 0
7597 309.117 8.21343 0.01 1 72 0
7602 322.858 8.35975 0.01 1 109 -0.0113735
7607 322.943 8.35975 0.01 1 109 0
7623 308.884 8.20305 0.01 1 72 0
7631 302.022 8.51253 0.01 1 28 0
7634 299.568 8.58889 0.01 1 28 0
7710 310.258 8.14655 0.01 1 72 0
7721 309.893 8.21343 0.01 1 72 0
7917 324.11 8.35975 0.01 1 110 0
7932 299.568 8.58889 0.01 1 28 0
7993 305.72 8.08304 0.01 1 72 0
7999 300.399 8.37733 0.01 1 27 0
8042 302.022 8.37935 0.01 1 26 0
8092 310.258 8.14655 0.01 1 72 0
8110 309.189 7.37905 0.01 1 72 0
8134 305.72 8.08304 0.01 1 72 0
8171 302.022 8.37935 0.01 1 28 0
8196 326.149 8.35975 0.01 1 109 0
8202 299.568 8.58889 0.01 1 28 0
8242 302.022 8.37935 0.01 1 28 0
8244 310.258 8.14655 0.01 1 72 0
8259 307.623 8.19484 0.01 1 72 0
8271 302.485 8.29766 0.01 1 27 0
8302 302.022 8.51253 0.01 1 28 0
8308 302.022 8.40103 0.01 1 28 0
8503 325.788 8.35975 0.01 1 111 0
8519 308.57 8.10263 0.01 1 72 0
8540 324.966 8.35975 0.01 1 111 0
8561 302.022 8.37935 0.01 1 28 0
8566 304.287 8.37935 0.01 1 27 -0.017764
8574 324.453 8.17707 0.01 1 110 0
8585 302.022 8.37935 0.01 1 28 0
8596 310.258 8.04891 0.01 1 72 0
8599 309.117 8.21343 0.01 1 72 0
8600 305.72 8.08304 0.01 1 72 0
8688 299.885 8.37935 0.01 1 28 0
8755 299.568 8.58889 0.01 1 28 0
8766 308.146 8.14757 0.01 1 72 0.00339331
8768 325.788 8.479 0.01 1 111 0
8800 309.192 8.04158 0.01 1 72 0
8807 300.399 8.37733 0.01 1 26 0
8825 302.022 8.37935 0.01 1 27 0
8838 323.963 8.35975 0.01 1 109 0
8855 302.485 8.29766 0.01 1 28 0
8868 308.2 7.92536 0.01 1 72 0
8872 302.022 8.37935 0.01 1 27 0
8934 310.247 7.87769 0.01 1 72 0
8982 307.581 7.99282 0.01 1 72 0
8995 299.342 8.58889 0.01 1 27 0
9080 302.022 8.40103 0.01 1 27 0
9109 325.788 8.35975 0.01 1 109 0
9118 308.303 7.87769 0.01 1 72 0
9173 308.2 7.92536 0.01 1 72 0
9214 302.022 8.37935 0.01 1 28 0
9254 310.169 8.056 0.01 1 72 0
9259 313.639 7.98349 0.01 1 72 0
9295 322.943 8.37826 0.01 1 110 0
9406 324.02 8.62496 0.01 1 109 0
9474 307.42 8.21657 0.01 1 72 0
9485 299.568 8.47851 0.01 1 27 0
9537 310.28 7.44832 0.01 1 72 0
9588 309.192 8.1368 0.01 1 72 0
9634 326.609 8.35975 0.01 1 111 0
9681 309.226 8.21343 0.01 1 72 0
9732 302.022 8.59012 0.01 1 27 0.00309894
9779 324.453 8.17707 0.01 1 110 0
9805 308.33 8.10917 0.01 1 72 0
9816 307.212 7.91995 0.01 1 72 0
9843 300.399 8.42253 0.01 1 28 0
9916 326.149 8.35975 0.01 1 109 0
9920 307.185 7.90771 0.01 1 72 0
9931 301.504 8.58889 0.01 1 28 0
9946 301.664 8.37935 0.01 1 27 0
10007 323.885 8.35975 0.01 1 109 0
10077 302.022 8.36512 0.01 1 27 0
10128 300.399 8.37733 0.01 1 28 0
10145 310.169 8.07412 0.01 1 72 3.38852e-05
10176 322.943 8.35975 0.01 1 109 0
10183 302.022 8.37935 0.01 1 28 0
10253 301.504 8.58889 0.01 1 28 0
10261 308.544 8.18136 0.01 1 72 0
10307 299.568 8.58889 0.01 1 28 0
10325 322.943 8.35975 0.01 1 109 0
10327 308.57 8.10263 0.01 1 72 0
10387 306.392 7.81464 0.01 1 72 0
10401 325.788 8.35975 0.01 1 111 0
10415 307.42 8.21657 0.01 1 72 0
10436 310.78 7.80067 0.01 1 72 0
10455 312.862 7.83057 0.01 1 72 0
10494 299.9 8.37935 0.01 1 28 0
10521 309.342 7.74512 0.01 1 72 -2.6077e-06
10578 322.846 8.35975 0.01 1 110 0
10585 324.956 8.62496 0.01 1 109 0
10589 310.668 8.08998 0.01 1 72 0
10591 310.267 7.9922 0.01 1 72 -0.000130802
10620 302.022 8.38469 0.01 1 26 0
10638 299.568 8.58889 0.01 1 28 0
10680 305.72 8.08304 0.01 1 72 0
10711 300.399 8.37733 0.01 1 28 0
10731 299.9 8.37935 0.01 1 28 0
10750 323.294 8.35975 0.01 1 110 0
10766 307.212 7.91995 0.01 1 72 0
10850 323.294 8.30577 0.01 1 109 0
10879 310.464 8.17812 0.01 1 72 0
10887 310.28 7.44832 0.01 1 72 0
10891 301.183 8.36512 0.01 1 28 0
10933 302.022 8.37935 0.01 1 28 0
10934 299.568 8.58889 0.01 1 28 0
10977 309.893 8.21343 0.01 1 72 0
10982 302.022 8.51253 0.01 1 28 0
11021 300.399 8.37733 0.01 1 28 0
11030 307.212 7.91995 0.01 1 72 0
11053 310.464 8.27423 0.01 1 72 0
11062 310.28 7.44832 0.01 1 72 0
11076 298.815 8.37935 0.01 1 28 0
11141 302.022 8.41633 0.01 1 28 0
11184 322.943 8.35975 0.01 1 109 0
11187 302.022 8.37935 0.01 1 28 0
11201 325.238 8.35975 0.01 1 109 0
11331 309.192 8.17146 0.01 1 72 0
11337 307.212 7.91995 0.01 1 72 0
11360 302.138 8.37935 0.01 1 28 0
11366 301.664 8.37935 0.01 1 26 0
11393 307.212 7.91995 0.01 1 72 0
11406 299.568 8.47851 0.01 1 27 0
11423 300.399 8.37733 0.01 1 28 0
11460 302.022 8.37935 0.01 1 28 0
11477 307.212 7.91995 0.01 1 72 0
11483 308.57 8.10263 0.01 1 72 0
11501 299.885 8.37935 0.01 1 28 0
11506 325.238 8.35975 0.01 1 110 0
11535 299.568 8.58889 0.01 1 28 0
11600 309.675 7.547 0.01 1 72 0
11626 301.504 8.50625 0.01 1 28 0
11639 324.02 8.62496 0.01 1 109 0
11680 306.635 8.41927 0.01 1 72 0
11821 308.803 8.10042 0.01 1 72 0
11845 302.022 8.51253 0.01 1 27 0
11855 299.568 8.58889 0.01 1 28 0
11930 324.11 8.35975 0.01 1 110 0
11960 302.022 8.40293 0.01 1 27 0
11991 302.022 8.37935 0.01 1 28 0
12008 321.721 8.35975 0.01 1 109 0
12009 309.189 7.37905 0.01 1 72 0
12026 309.117 8.21343 0.01 1 72 0
12042 326.609 8.35975 0.01 1 111 0
12071 323.885 8.57964 0.01 1 109 0
12080 302.022 8.37935 0.01 1 28 0
12134 299.568 8.58889 0.01 1 28 0
12144 323.259 8.62496 0.01 1 109 0
12237 325.788 8.35975 0.01 1 111 0
12277 305.397 8.24086 0.01 1 72 0
12348 308.237 8.25735 0.01 1 72 0
12359 308.219 7.87769 0.01 1 72 0
12399 308.191 7.91354 0.01 1 72 0
12424 307.885 7.92536 0.01 1 72 0
12488 307.896 8.19445 0.01 1 72 0
12596 302.022 8.37935 0.01 1 27 0
12624 299.885 8.37935 0.01 1 28 0
12644 301.504 8.30443 0.01 1 27 0
12682 300.399 8.41082 0.01 1 28 0
12688 324.966 8.35975 0.01 1 111 0
12704 299.568 8.58889 0.01 1 28 0
12716 299.568 8.58889 0.01 1 28 0
12757 302.022 8.37935 0.01 1 27 0
12762 326.149 8.35975 0.01 1 109 0
12798 302.022 8.37935 0.01 1 28 0
12800 309.296 8.31532 0.01 1 72 0
12878 301.386 8.50352 0.01 1 28 0
12898 302.022 8.37935 0.01 1 28 0
12929 324.453 8.17707 0.01 1 110 0
12941 312.862 7.83057 0.01 1 72 0
12964 301.504 8.58889 0.01 1 28 0
12982 302.768 8.37935 0.01 1 26 -0.00510774
12988 324.11 8.35975 0.01 1 110 0
13009 322.943 8.37826 0.01 1 110 0
13054 301.504 8.58889 0.01 1 28 0
13062 302.022 8.37935 0.01 1 27 0
13086 309.134 8.25735 0.01 1 72 0
13191 309.296 8.31532 0.01 1 72 0
13228 324.11 8.20266 0.01 1 110 -0.000744909
13260 301.504 8.58889 0.01 1 28 0
13290 309.192 8.17146 0.01 1 72 0
13370 299.568 8.58889 0.01 1 28 0
13412 307.179 8.10917 0.01 1 72 0
13432 308.331 7.99282 0.01 1 72 0
13440 309.192 8.17146 0.01 1 72 0
13492 307.185 7.95751 0.01 1 72 0
13512 299.885 8.37935 0.01 1 27 0
13522 307.283 7.94197 0.01 1 72 -0.000107646
13531 326.149 8.6069 0.01 1 109 0
13533 324.11 8.35975 0.01 1 110 0
13538 309.117 8.21343 0.01 1 72 0
13568 299.568 8.58889 0.01 1 28 0
13574 298.815 8.37935 0.01 1 28 0
13577 310.83 8.45343 0.01 1 72 0
13597 300.768 8.40181 0.01 1 28 0
13631 325.788 8.35975 0.01 1 111 0
13671 302.022 8.37935 0.01 1 28 0
13682 302.022 8.36512 0.01 1 27 0
13764 309.893 8.21343 0.01 1 72 0
13771 300.249 8.50019 0.01 1 28 0
13798 302.138 8.37935 0.01 1 28 0
13821 310.258 8.15658 0.01 1 72 0
13822 323.259 8.62496 0.01 1 109 -0.00708885
13856 302.022 8.37935 0.01 1 28 0
13884 302.022 8.51253 0.01 1 28 0
13929 300.391 8.37935 0.01 1 26 0
13949 326.149 8.6069 0.01 1 109 0
14043 300.399 8.37733 0.01 1 28 0
14048 302.022 8.37935 0.01 1 28 0
14099 301.504 8.5113 0.01 1 28 0
14148 299.885 8.37935 0.01 1 28 0
14195 309.415 8.70778 0.01 1 72 0
14197 302.352 8.55722 0.01 1 28 0
14223 308.219 7.87769 0.01 1 72 0
14297 309.192 8.1368 0.01 1 72 0
14348 324.453 8.17707 0.01 1 110 0
14377 322.489 8.66752 0.01 1 109 0
14383 302.022 8.3984 0.01 1 27 0
14396 309.893 8.21343 0.01 1 72 0
14460 302.022 8.37935 0.01 1 28 0
14560 309.226 8.21343 0.01 1 72 0
14617 302.022 8.37935 0.01 1 28 0
14627 301.504 8.58889 0.01 1 28 0
14632 309.192 8.1368 0.01 1 72 0
14670 324.11 8.35975 0.01 1 110 0
14681 306.921 8.11306 0.01 1 72 0
14689 302.022 8.36512 0.01 1 27 0
14727 302.022 8.37935 0.01 1 27 0
14728 322.943 8.35975 0.01 1 109 0
14779 301.664 8.37935 0.01 1 27 0
14795 302.022 8.37935 0.01 1 27 0
14836 299.342 8.58889 0.01 1 28 0
14907 302.485 8.29766 0.01 1 28 0
14916 302.022 8.37935 0.01 1 27 0
14939 300.399 8.37733 0.01 1 28 0
14944 309.893 8.21343 0.01 1 72 0
14952 324.453 8.17707 0.01 1 110 0
14953 307.212 7.91995 0.01 1 72 0
14983 302.022 8.51253 0.01 1 28 0
15165 310.169 8.00855 0.01 1 72 0
15210 307.212 7.91995 0.01 1 72 0
15253 322.846 8.35975 0.01 1 109 0
15263 308.331 7.99282 0.01 1 72 0
15311 322.846 8.35975 0.01 1 109 0
15353 305.578 7.95751 0.01 1 72 0
15361 302.435 8.40103 0.01 1 28 -0.00342599
15366 302.022 8.51253 0.01 1 27 0
15384 308.539 7.87022 0.01 1 72 0
15388 325.788 8.35975 0.01 1 111 0
15396 325.788 8.35975 0.01 1 111 0
15408 302.022 8.53933 0.01 1 28 0
15454 325.788 8.35975 0.01 1 111 0
15480 310.83 8.45343 0.01 1 72 0
15489 302.138 8.37935 0.01 1 28 0
15509 310.258 8.09374 0.01 1 72 0
15515 322.943 8.35975 0.01 1 109 0
15536 301.504 8.58889 0.01 1 28 0
15541 302.022 8.51253 0.01 1 28 0
15550 301.504 8.58889 0.01 1 28 0
15586 299.568 8.58889 0.01 1 28 0
15610 300.768 8.40181 0.01 1 28 0
15640 326.149 8.35975 0.01 1 110 0
15642 307.896 8.19445 0.01 1 72 0
15670 301.504 8.30443 0.01 1 27 0
15682 324.349 8.21854 0.01 1 110 0
15695 302.022 8.37935 0.01 1 28 0
15723 300.399 8.37733 0.01 1 27 0
15809 323.294 8.35975 0.01 1 110 0
15993 308.803 8.10042 0.01 1 72 0
15998 302.022 8.37935 0.01 1 27 0
16040 300.909 8.37733 0.01 1 28 0
16046 300.399 8.41082 0.01 1 28 0
16065 299.885 8.37935 0.01 1 28 0
16068 302.022 8.37935 0.01 1 27 0
16069 307.885 7.92536 0.01 1 72 0
16157 302.022 8.53933 0.01 1 28 0
16204 302.022 8.29766 0.01 1 28 0
16247 307.502 7.87769 0.01 1 72 0
16259 307.212 7.91995 0.01 1 72 0
16272 302.022 8.40103 0.01 1 27 0
16301 310.169 8.00855 0.01 1 72 0
16372 302.485 8.29766 0.01 1 26 0
16404 324.453 8.17707 0.01 1 109 0
16431 302.022 8.37935 0.01 1 28 0
16449 302.022 8.37935 0.01 1 28 0
16470 299.9 8.37935 0.01 1 27 0
16569 299.568 8.58889 0.01 1 28 0
16625 324.028 8.37826 0.01 1 109 0.0109721
16665 302.022 8.37935 0.01 1 27 0
16733 306.635 8.41927 0.01 1 72 0
16787 309.277 8.30416 0.01 1 72 0
16795 299.568 8.58889 0.01 1 27 0
16813 302.022 8.37935 0.01 1 28 0
16849 302.022 8.37935 0.01 1 27 0
16943 310.83 8.45343 0.01 1 72 0
16950 302.022 8.37935 0.01 1 27 0
16962 309.342 7.74512 0.01 1 72 0
16994 302.022 8.37935 0.01 1 27 0
17032 300.249 8.50019 0.01 1 27 0
17041 300.399 8.42253 0.01 1 28 0
17071 307.746 8.19484 0.01 1 72 0.000474095
17092 302.022 8.37935 0.01 1 28 0
17104 309.414 7.87769 0.01 1 72 0
17114 302.022 8.51253 0.01 1 26 0
17143 308.237 8.25735 0.01 1 72 0
17149 322.943 8.37826 0.01 1 110 0
17156 309.296 8.31532 0.01 1 72 0
17189 307.212 7.91995 0.01 1 72 0
17207 307.723 7.87769 0.01 1 72 -0.00162113
17257 301.504 8.58889 0.01 1 28 0
17279 310.661 8.21957 0.01 1 72 0
17307 302.022 8.51253 0.01 1 28 0
17309 302.022 8.37935 0.01 1 28 0
17363 325.238 8.35975 0.01 1 109 0
17402 305.397 8.24086 0.01 1 72 0
17525 302.022 8.3984 0.01 1 27 0
17567 322.439 8.35975 0.01 1 109 0
17573 309.675 7.547 0.01 1 72 0
17652 299.568 8.58889 0.01 1 28 0
17686 302.022 8.37935 0.01 1 28 0
17707 300.399 8.42253 0.01 1 27 0
17730 322.846 8.35975 0.01 1 110 0
17740 309.321 8.18136 0.01 1 72 0
17799 308.57 8.10263 0.01 1 72 0
17869 300.768 8.40181 0.01 1 28 0
17884 300.399 8.37733 0.01 1 27 0
17898 323.294 8.30577 0.01 1 110 0
17920 308.237 8.25735 0.01 1 72 0
17968 308.57 8.10263 0.01 1 72 0
18034 302.022 8.37935 0.01 1 28 0
18058 302.022 8.37935 0.01 1 27 0
18093 308.884 8.20305 0.01 1 72 0
18111 325.788 8.35975 0.01 1 111 0
18117 325.788 8.35975 0.01 1 109 0
18145 322.489 8.66752 0.01 1 109 0
18146 301.475 8.46243 0.01 1 28 -0.000499129
18229 302.022 8.37935 0.01 1 27 0
18330 302.138 8.37935 0.01 1 28 0
18359 305.397 8.24086 0.01 1 72 0
18406 302.022 8.37935 0.01 1 28 0
18425 307.212 7.91995 0.01 1 72 0
18486 300.768 8.40181 0.01 1 28 0
18515 302.022 8.37935 0.01 1 28 0
18519 301.685 8.40293 0.01 1 27 0.00274457
18536 302.022 8.17309 0.01 1 28 0
18563 302.022 8.37935 0.01 1 28 0
18579 302.022 8.37935 0.01 1 27 0
18583 302.022 8.51253 0.01 1 28 0
18648 308.57 8.10263 0.01 1 72 0
18659 310.28 7.44832 0.01 1 72 0
18706 309.296 8.31532 0.01 1 72 0
18804 302.022 8.37935 0.01 1 28 0
18884 309.893 8.21343 0.01 1 72 0
18885 302.022 8.37935 0.01 1 28 0
18897 324.02 8.62496 0.01 1 109 0
18909 302.022 8.37935 0.01 1 28 0
18919 309.192 8.17146 0.01 1 72 0
19024 302.022 8.37935 0.01 1 28 0
19057 324.453 8.17707 0.01 1 110 0
19099 324.349 8.21854 0.01 1 110 0
19111 322.943 8.35975 0.01 1 109 0
19133 322.943 8.35975 0.01 1 109 0
19138 308.803 8.10042 0.01 1 72 0
19168 323.294 8.30577 0.01 1 110 0
19179 324.349 8.21854 0.01 1 110 0
19256 301.504 8.5113 0.01 1 28 0
19291 302.022 8.37935 0.01 1 27 0
19297 302.022 8.37935 0.01 1 28 0
19312 310.668 8.08998 0.01 1 72 0
19317 302.022 8.51253 0.01 1 27 0
19325 309.192 8.1368 0.01 1 72 0
19353 307.42 8.21657 0.01 1 72 0
19356 300.399 8.37733 0.01 1 28 0
19372 326.149 8.35975 0.01 1 109 0
19392 299.568 8.58889 0.01 1 28 0
19424 307.185 7.95751 0.01 1 72 0
19438 322.943 8.35975 0.01 1 109 0
19579 305.397 8.24086 0.01 1 72 0
19584 324.11 8.35975 0.01 1 110 0
19619 325.788 8.35975 0.01 1 109 0
19621 307.896 8.19445 0.01 1 72 0
19756 323.294 8.30577 0.01 1 110 0
19783 322.858 8.35975 0.01 1 109 0
19785 301.71 8.31813 0.01 1 28 0
19987 301.504 8.30443 0.01 1 27 0
19996 307.502 7.87769 0.01 1 72 0
20021 302.022 8.41924 0.01 1 28 0
20050 326.149 8.35975 0.01 1 109 0
20067 310.668 8.08998 0.01 1 72 0
20103 307.502 7.87769 0.01 1 72 0
20204 300.399 8.42253 0.01 1 28 0
20212 325.788 8.35975 0.01 1 111 0
20237 301.504 8.58889 0.01 1 28 0
20241 309.321 8.18136 0.01 1 72 0
20265 302.022 8.37935 0.01 1 28 0
20269 309.321 8.18136 0.01 1 72 0
20285 311.633 8.17612 0.01 1 72 0
20350 323.885 8.35975 0.01 1 109 0
20434 302.6 8.40103 0.01 1 28 -0.00509594
20458 310.464 8.17812 0.01 1 72 0
20473 322.943 8.37826 0.01 1 110 0
20478 307.179 8.10917 0.01 1 72 0
20564 298.815 8.37935 0.01 1 28 0
20570 301.504 8.58889 0.01 1 28 0
20662 302.022 8.51253 0.01 1 26 0
20670 308.517 7.87695 0.01 1 72 0
20705 323.294 8.30577 0.01 1 110 0
20748 310.28 7.44832 0.01 1 72 0
20778 307.283 8.03787 0.01 1 72 0
20782 302.022 8.37935 0.01 1 28 0
20800 308.303 7.87769 0.01 1 72 0
20806 309.117 8.21343 0.01 1 72 0
20812 310.258 8.04891 0.01 1 72 0
20843 302.485 8.29766 0.01 1 27 0
20846 302.022 8.40103 0.01 1 28 0
20850 302.022 8.37935 0.01 1 28 0
20869 308.539 7.87022 0.01 1 72 0
20888 325.788 8.35975 0.01 1 111 0
20899 322.846 8.35975 0.01 1 109 0
21008 309.134 8.25735 0.01 1 72 0
21022 307.212 7.77653 0.01 1 72 0
21059 302.022 8.40103 0.01 1 28 0
21080 302.112 8.37935 0.01 1 28 0
21130 302.022 8.37935 0.01 1 26 0
21149 302.022 8.3321 0.01 1 28 0
21161 300.768 8.40181 0.01 1 28 0
21220 308.237 8.25735 0.01 1 72 0
21239 307.212 7.91995 0.01 1 72 0
21243 309.893 8.21343 0.01 1 72 0
21247 302.022 8.37935 0.01 1 27 0
21259 307.781 8.01286 0.01 1 72 0
21320 302.022 8.40103 0.01 1 27 0
21331 297.983 8.41082 0.01 1 26 0
21391 302.138 8.37935 0.01 1 28 0
21395 302.022 8.37935 0.01 1 27 0
21407 307.283 8.03787 0.01 1 72 0
21424 299.9 8.37935 0.01 1 28 0
21448 301.504 8.58889 0.01 1 28 0
21479 302.022 8.40103 0.01 1 27 0
21480 302.022 8.37935 0.01 1 27 0
21612 302.022 8.40103 0.01 1 28 0
21654 300.249 8.50019 0.01 1 28 0
21657 300.399 8.37733 0.01 1 28 0
21670 301.504 8.58889 0.01 1 28 0
21714 299.568 8.58889 0.01 1 28 0
21717 307.283 7.97448 0.01 1 72 0
21731 308.237 8.25735 0.01 1 72 0
21744 302.022 8.37935 0.01 1 27 0
21860 302.022 8.37935 0.01 1 27 0
21910 325.788 8.35975 0.01 1 110 0
21930 310.258 8.15658 0.01 1 72 0
21932 310.668 8.21741 0.01 1 72 8.0362e-05
21933 307.212 7.94227 0.01 1 72 2.77013e-05
21936 305.397 8.24086 0.01 1 72 0
21964 307.283 8.03787 0.01 1 72 0
21974 302.022 8.40103 0.01 1 27 0
22024 325.788 8.35975 0.01 1 111 0
22057 301.504 8.58889 0.01 1 28 0
22090 299.568 8.58889 0.01 1 28 0
22110 313.639 7.98349 0.01 1 72 0
22133 326.181 8.35975 0.01 1 111 0.00268964
22142 324.349 8.21854 0.01 1 110 0
22160 305.72 8.08304 0.01 1 72 0
22170 310.668 8.08998 0.01 1 72 0
22190 302.022 8.37935 0.01 1 27 0
22221 300.399 8.37733 0.01 1 28 0
22264 308.33 8.10917 0.01 1 72 0
22290 324.02 8.62496 0.01 1 109 0
22344 300.399 8.37733 0.01 1 28 0
22354 302.022 8.48648 0.01 1 28 0
22362 307.212 7.91995 0.01 1 72 0
22365 309.869 7.94955 0.01 1 72 0
22397 305.397 8.24086 0.01 1 72 0
22525 298.776 8.58889 0.01 1 27 0.00910239
22555 301.504 8.5113 0.01 1 28 0
22601 303.502 8.37935 0.01 1 28 0
22618 302.022 8.37935 0.01 1 28 0
22704 323.294 8.36387 0.01 1 110 2.64347e-05
22726 301.504 8.30443 0.01 1 26 0
22731 302.022 8.37935 0.01 1 26 0
22733 302.022 8.36512 0.01 1 28 0
22772 301.664 8.37935 0.01 1 27 0
22809 301.504 8.58889 0.01 1 28 0
22812 325.788 8.35975 0.01 1 111 0
22943 324.02 8.62496 0.01 1 109 0
23033 309.192 8.17146 0.01 1 72 0
23034 310.668 8.08998 0.01 1 72 0
23082 325.788 8.35975 0.01 1 111 0
23105 307.283 8.03787 0.01 1 72 0
23155 299.568 8.58889 0.01 1 28 0
23162 326.149 8.6069 0.01 1 109 0
23221 301.183 8.36512 0.01 1 28 0
23260 310.258 8.15658 0.01 1 72 0
23308 301.386 8.50352 0.01 1 28 0
23309 325.788 8.35975 0.01 1 110 0
23329 303.938 8.36512 0.01 1 27 0
23336 309.296 8.31532 0.01 1 72 0
23340 309.192 8.1368 0.01 1 72 0
23421 308.822 8.19447 0.01 1 72 3.57628e-07
23504 300.399 8.42253 0.01 1 28 0
23569 309.192 8.17146 0.01 1 72 0
23700 324.11 8.35975 0.01 1 110 0
23729 309.134 8.25735 0.01 1 72 0
23733 326.149 8.35975 0.01 1 109 0
23737 326.149 8.35975 0.01 1 109 0
23790 302.022 8.29766 0.01 1 27 0
23840 300.399 8.37733 0.01 1 28 0
23848 325.788 8.35975 0.01 1 109 0
23853 302.022 8.37935 0.01 1 28 0
23880 310.464 8.17812 0.01 1 72 0
23891 310.28 7.44832 0.01 1 72 0
23913 302.221 8.36512 0.01 1 28 -0.00166563
23936 321.721 8.35975 0.01 1 109 -0.0137063
23945 307.185 7.84112 0.01 1 72 0
23981 323.963 8.35975 0.01 1 109 0
23998 324.453 8.17707 0.01 1 110 0
23999 302.022 8.53933 0.01 1 28 0.00211733
24005 302.113 8.37935 0.01 1 28 -0.000771284
24077 322.943 8.35975 0.01 1 109 0
24086 302.022 8.37935 0.01 1 27 0
24136 308.822 8.13031 0.01 1 72 -7.30157e-07
24143 308.57 8.10263 0.01 1 72 0
24165 309.893 8.21343 0.01 1 72 0
24181 301.183 8.36512 0.01 1 28 0
24185 308.237 8.25735 0.01 1 72 0
24198 308.33 8.10917 0.01 1 72 0
24223 310.258 8.14655 0.01 1 72 0
24236 301.504 8.58889 0.01 1 28 0
24244 324.11 8.35975 0.01 1 110 0
24277 300.399 8.42253 0.01 1 28 0
24325 301.504 8.30443 0.01 1 26 0
24337 325.788 8.35975 0.01 1 111 0
24357 324.966 8.35975 0.01 1 111 0
24425 307.212 7.91995 0.01 1 72 0
24456 322.943 8.38192 0.01 1 109 -0.000305548
24461 299.568 8.58889 0.01 1 28 0
24483 299.885 8.37935 0.01 1 28 0
24597 302.022 8.37935 0.01 1 28 0
24693 299.251 8.40181 0.01 1 28 0
24715 308.282 8.29249 0.01 1 72 0
24731 326.149 8.35975 0.01 1 109 0
24733 302.022 8.3984 0.01 1 27 0
24809 307.212 7.91995 0.01 1 72 0
24855 299.568 8.58889 0.01 1 28 0
24861 302.022 8.51253 0.01 1 28 0
24877 309.189 7.37905 0.01 1 72 0
24911 302.022 8.37935 0.01 1 28 0
24916 324.956 8.62496 0.01 1 109 0
24934 302.022 8.3984 0.01 1 28 0
24963 302.831 8.37935 0.01 1 28 0
24987 302.022 8.40103 0.01 1 27 0
24993 307.283 8.03787 0.01 1 72 0
24994 307.212 7.91995 0.01 1 72 0
25040 300.768 8.40181 0.01 1 28 0
25075 299.885 8.37935 0.01 1 28 0
25113 302.022 8.37935 0.01 1 28 0
25167 302.022 8.37935 0.01 1 28 0
25216 301.504 8.58889 0.01 1 28 0
25234 300.583 8.37935 0.01 1 28 0
25298 302.022 8.37935 0.01 1 28 0
25335 300.249 8.63323 0.01 1 28 0
25354 301.664 8.37935 0.01 1 27 0
25391 302.022 8.37935 0.01 1 27 0
25452 310.258 8.04891 0.01 1 72 0
25559 305.72 8.08304 0.01 1 72 0
25575 310.668 8.08998 0.01 1 72 0
25611 302.022 8.37935 0.01 1 28 0
25684 308.884 8.20305 0.01 1 72 0
25712 322.943 8.35975 0.01 1 109 0
25731 299.568 8.54722 0.01 1 28 0
25802 302.022 8.51253 0.01 1 28 0
25811 325.788 8.35975 0.01 1 111 0
25817 302.022 8.37935 0.01 1 26 0
25826 307.185 7.95751 0.01 1 72 0
25879 326.609 8.35975 0.01 1 111 0
25949 307.212 7.91995 0.01 1 72 0
25970 322.943 8.37826 0.01 1 110 0
25973 300.399 8.37733 0.01 1 28 0
25995 299.9 8.37935 0.01 1 27 0
26026 310.258 8.14655 0.01 1 72 0
26045 300.249 8.50019 0.01 1 28 0
26046 302.022 8.37935 0.01 1 28 0
26054 301.504 8.58889 0.01 1 28 0
26064 323.294 8.30577 0.01 1 110 0
26094 302.022 8.37935 0.01 1 27 0
26111 324.349 8.21854 0.01 1 110 0
26168 325.788 8.35975 0.01 1 111 0
26230 299.568 8.58889 0.01 1 28 0
26252 310.464 8.17812 0.01 1 72 0
26261 322.846 8.35975 0.01 1 109 0
26294 299.9 8.37935 0.01 1 28 0
26377 325.788 8.35975 0.01 1 111 0
26407 326.149 8.35975 0.01 1 109 0
26411 307.81 7.81464 0.01 1 72 0
26413 324.453 8.17707 0.01 1 111 0
26485 323.885 8.57964 0.01 1 109 0
26492 302.022 8.51253 0.01 1 28 0
26555 299.568 8.58889 0.01 1 27 0
26577 302.112 8.37935 0.01 1 28 0
26614 305.397 8.24086 0.01 1 72 0
26628 309.117 8.21343 0.01 1 72 0
26783 308.237 8.25735 0.01 1 72 0
26799 310.668 8.056 0.01 1 72 0
26833 310.464 8.27423 0.01 1 72 0
26872 307.179 8.10917 0.01 1 72 0
26891 322.489 8.66752 0.01 1 109 0
26896 299.568 8.58889 0.01 1 27 0
26969 325.788 8.35975 0.01 1 111 0
26991 323.294 8.30577 0.01 1 110 0
27059 307.185 7.90771 0.01 1 72 0
27096 306.24 7.95751 0.01 1 72 0
27115 323.294 8.35975 0.01 1 110 0
27139 309.192 8.17146 0.01 1 72 0
27167 301.183 8.36512 0.01 1 27 0
27205 307.863 7.99282 0.01 1 72 0
27224 323.885 8.57964 0.01 1 109 0
27264 326.609 8.35975 0.01 1 111 0
27279 307.185 7.95751 0.01 1 72 0
27403 307.623 8.19484 0.01 1 72 0
27419 309.192 8.12354 0.01 1 72 -1.78814e-07
27445 322.943 8.35975 0.01 1 109 0
27469 301.504 8.58889 0.01 1 28 0
27509 305.72 8.08304 0.01 1 72 0
27511 322.489 8.66752 0.01 1 109 0
27552 299.885 8.37935 0.01 1 28 0
27569 326.149 8.35975 0.01 1 109 0
27570 308.33 8.10917 0.01 1 72 0
27572 324.453 8.17707 0.01 1 110 0
27598 310.28 7.44832 0.01 1 72 0
27623 307.623 8.19484 0.01 1 72 0
27625 302.022 8.37935 0.01 1 27 0
27642 299.568 8.58889 0.01 1 27 0
27683 302.022 8.37935 0.01 1 28 0
27737 305.72 8.08304 0.01 1 72 0
27798 310.258 8.04891 0.01 1 72 0
27865 311.633 8.17612 0.01 1 72 0
27873 302.022 8.51253 0.01 1 28 0
27893 324.966 8.35975 0.01 1 111 0
27914 302.022 8.51253 0.01 1 27 0
27916 300.092 8.40181 0.01 1 28 0
27941 324.453 8.17707 0.01 1 111 0
27994 324.02 8.62496 0.01 1 109 0
28012 299.568 8.58889 0.01 1 28 0
28056 325.788 8.35975 0.01 1 111 0
28090 302.022 8.37935 0.01 1 26 0
28125 297.72 8.37935 0.01 1 28 0
28156 326.149 8.35975 0.01 1 109 0
28188 309.296 8.31532 0.01 1 72 0
28228 323.294 8.35975 0.01 1 110 0
28230 300.399 8.37733 0.01 1 28 0
28258 307.212 7.91995 0.01 1 72 0
28294 305.72 8.08304 0.01 1 72 0
28298 309.699 8.21343 0.01 1 72 0
28406 325.788 8.35975 0.01 1 111 0
28414 308.237 8.25735 0.01 1 72 0
28436 323.294 8.36629 0.01 1 110 0
28470 302.112 8.37935 0.01 1 27 -0.000815704
28559 310.452 7.79685 0.01 1 72 0
28601 302.022 8.37935 0.01 1 28 0
28669 302.138 8.37935 0.01 1 28 0
28700 310.791 7.43384 0.01 1 72 0
28707 307.212 7.91995 0.01 1 72 0
28744 301.386 8.50352 0.01 1 28 0
28754 302.022 8.36512 0.01 1 27 0
28768 307.905 7.6702 0.01 1 72 0
28800 306.389 8.00131 0.01 1 72 0
28809 308.803 8.10042 0.01 1 72 0
28821 301.504 8.30443 0.01 1 27 0
28911 307.212 7.91995 0.01 1 72 0
28952 310.28 7.44832 0.01 1 72 0
29038 324.02 8.62496 0.01 1 109 0
29119 309.926 8.13513 0.01 1 72 0
29174 308.57 8.10263 0.01 1 72 0
29185 299.568 8.58889 0.01 1 28 0
29195 299.568 8.58889 0.01 1 28 0
29249 309.926 8.126 0.01 1 72 0
29256 299.568 8.58889 0.01 1 28 0
29274 325.788 8.35975 0.01 1 111 0
29331 299.568 8.58889 0.01 1 28 0
29372 302.022 8.42057 0.01 1 27 0
29439 299.568 8.58889 0.01 1 28 0
29519 310.258 8.14655 0.01 1 72 0
29523 301.183 8.36512 0.01 1 28 0
29567 302.022 8.38469 0.01 1 26 0
29576 300.583 8.37935 0.01 1 28 0
29591 305.397 8.24086 0.01 1 72 0
29598 302.022 8.51253 0.01 1 28 0
29706 307.283 7.97448 0.01 1 72 -4.54783e-05
29719 299.885 8.37935 0.01 1 28 0
29744 307.185 7.95751 0.01 1 72 0
29804 325.788 8.35975 0.01 1 111 0
29834 299.9 8.37935 0.01 1 28 0
29846 297.72 8.37935 0.01 1 28 0
29868 303.894 8.37935 0.01 1 28 -0.0138028
29916 302.485 8.29766 0.01 1 27 0
29929 325.788 8.35975 0.01 1 111 0
29959 302.022 8.36512 0.01 1 27 0
29988 302.022 8.51253 0.01 1 28 0
29993 302.022 8.37935 0.01 1 28 0
30012 299.568 8.58889 0.01 1 28 0
30056 302.022 8.37935 0.01 1 28 0
30113 302.022 8.37935 0.01 1 28 0
30138 308.237 8.25735 0.01 1 72 0
30168 305.923 7.90835 0.01 1 72 0
30230 308.517 7.87695 0.01 1 72 0
30239 325.788 8.35975 0.01 1 109 0
30294 302.022 8.37935 0.01 1 28 0
30307 301.504 8.58889 0.01 1 27 0
30358 302.022 8.40103 0.01 1 27 0
30363 302.138 8.37935 0.01 1 28 0
30384 326.149 8.35975 0.01 1 109 0
30391 305.923 7.89587 0.01 1 72 -4.41372e-05
30418 302.022 8.51253 0.01 1 28 0
30426 299.568 8.58889 0.01 1 28 0
30446 325.788 8.35975 0.01 1 111 0
30525 302.352 8.55722 0.01 1 28 0
30531 309.893 8.21343 0.01 1 72 0
30543 302.022 8.36512 0.01 1 28 0
30576 322.943 8.37826 0.01 1 109 0
30680 309.926 8.13513 0.01 1 72 0
30711 308.237 8.25735 0.01 1 72 0
30740 305.397 8.24086 0.01 1 72 0
30798 306.392 7.81464 0.01 1 72 -0.00847399
30816 305.397 8.24086 0.01 1 72 0
30820 322.943 8.35975 0.01 1 109 0
30864 310.169 8.00855 0.01 1 72 0
30867 324.349 8.21854 0.01 1 110 0
30892 301.504 8.5113 0.01 1 27 0
30912 322.846 8.40833 0.01 1 109 0
30923 299.568 8.58889 0.01 1 28 0
30934 307.283 7.95635 0.01 1 72 -9.12547e-05
30938 300.399 8.37733 0.01 1 28 0
31026 302.022 8.37935 0.01 1 28 0
31080 302.352 8.55722 0.01 1 28 0
31137 308.331 7.99282 0.01 1 72 0
31165 299.9 8.37935 0.01 1 27 0
31250 302.022 8.40103 0.01 1 28 0
31285 305.72 8.08304 0.01 1 72 0
31323 324.453 8.17707 0.01 1 110 0
31337 310.668 8.08998 0.01 1 72 0
31341 299.54 8.58889 0.01 1 28 0.000326611
31346 302.022 8.36512 0.01 1 27 0
31391 322.846 8.35975 0.01 1 109 0
31417 302.022 8.37935 0.01 1 27 0
31432 302.022 8.40103 0.01 1 28 0
31457 299.568 8.58889 0.01 1 28 0
31458 309.675 7.547 0.01 1 72 0
31459 323.885 8.57964 0.01 1 109 0
31520 300.399 8.37733 0.01 1 28 0
31535 325.788 8.35975 0.01 1 109 0
31537 301.504 8.58889 0.01 1 28 0
31565 322.846 8.35975 0.01 1 109 0
31566 322.943 8.37826 0.01 1 111 0
31589 299.568 8.58889 0.01 1 28 0
31652 313.639 7.98349 0.01 1 72 0
31663 301.183 8.36512 0.01 1 27 0
31682 301.504 8.4077 0.01 1 28 -0.00287599
31746 302.022 8.40103 0.01 1 27 0
31762 300.909 8.37733 0.01 1 28 0
31766 302.022 8.37935 0.01 1 26 0
31767 309.192 8.1368 0.01 1 72 0
31786 325.788 8.35975 0.01 1 109 0
31837 309.893 8.21343 0.01 1 72 0
31885 323.294 8.30577 0.01 1 110 0
31893 300.399 8.37733 0.01 1 28 0
31908 307.212 7.91995 0.01 1 72 0
31919 307.212 7.91995 0.01 1 72 0
31927 299.568 8.58889 0.01 1 28 0
31982 302.768 8.37935 0.01 1 26 0
32005 299.9 8.37935 0.01 1 28 0
32041 322.943 8.35975 0.01 1 109 0
32082 302.022 8.37935 0.01 1 28 0
32130 322.943 8.35975 0.01 1 109 0
32170 299.568 8.54722 0.01 1 28 0
32182 307.185 7.90771 0.01 1 72 0
32193 302.022 8.37935 0.01 1 27 0
32232 302.837 8.40103 0.01 1 27 0
32273 302.022 8.36512 0.01 1 27 0
32330 324.453 8.17707 0.01 1 110 0
32356 302.112 8.37935 0.01 1 28 0
32463 302.022 8.37935 0.01 1 27 0
32517 308.803 8.10042 0.01 1 72 0
32562 324.453 8.17707 0.01 1 111 0
32566 323.885 8.35975 0.01 1 109 0
32590 302.022 8.36512 0.01 1 27 0
32689 300.399 8.37733 0.01 1 28 0
32699 299.885 8.37935 0.01 1 28 0
32747 322.846 8.35975 0.01 1 109 0
32752 309.926 8.13513 0.01 1 72 0
32755 302.022 8.37935 0.01 1 28 0
32926 302.022 8.38469 0.01 1 28 7.82497e-05
32984 309.699 8.21343 0.01 1 72 0.000452921
32987 302.837 8.40103 0.01 1 27 0
32996 306.476 7.70049 0.01 1 72 0
33055 307.81 7.81464 0.01 1 72 0
33122 302.352 8.51253 0.01 1 28 0
33251 307.781 8.01286 0.01 1 72 0
33289 322.489 8.66752 0.01 1 109 0
33292 309.192 8.1368 0.01 1 72 0
33303 300.399 8.37733 0.01 1 28 0
33311 302.022 8.37935 0.01 1 27 0
33330 309.192 8.1368 0.01 1 72 0
33344 309.117 8.21343 0.01 1 72 0
33378 324.028 8.37826 0.01 1 109 0
33391 308.027 8.19484 0.01 1 72 0
33403 301.664 8.37935 0.01 1 28 0
33430 308.57 8.10263 0.01 1 72 0
33436 309.192 8.17146 0.01 1 72 0
33456 325.788 8.35975 0.01 1 111 0
33467 301.504 8.58889 0.01 1 28 0
33473 324.453 8.17707 0.01 1 110 0
33486 308.517 7.87695 0.01 1 72 0
33743 324.453 8.17707 0.01 1 111 0
33752 302.022 8.37935 0.01 1 27 0
33784 302.112 8.37935 0.01 1 28 0
33825 306.24 7.95751 0.01 1 72 0
33896 302.022 8.3776 0.01 1 28 0
33961 299.251 8.40181 0.01 1 28 0
33963 302.022 8.51253 0.01 1 27 0
33971 308.237 8.25735 0.01 1 72 0
34031 302.022 8.37935 0.01 1 26 0
34042 309.189 7.37905 0.01 1 72 0
34047 324.349 8.37826 0.01 1 110 0
34051 308.237 8.25735 0.01 1 72 0
34086 299.568 8.58889 0.01 1 27 0
34111 322.489 8.66752 0.01 1 109 0
34114 309.675 7.5749 0.01 1 72 5.82635e-06
34117 326.609 8.35975 0.01 1 111 0
34223 322.489 8.66752 0.01 1 109 0
34256 326.149 8.35975 0.01 1 109 0
34267 308.57 8.10263 0.01 1 72 0
34277 302.485 8.29766 0.01 1 27 0
34333 301.386 8.50352 0.01 1 28 0
34367 323.885 8.35975 0.01 1 109 0
34372 307.212 7.91995 0.01 1 72 0
34375 302.022 8.37935 0.01 1 28 0
34423 307.016 8.41927 0.01 1 72 0.00295334
34488 301.719 8.37935 0.01 1 28 0
34537 309.342 7.7981 0.01 1 72 0
34566 300.249 8.50019 0.01 1 28 0
34664 309.926 8.126 0.01 1 72 0
34769 324.028 8.37826 0.01 1 109 0
34848 324.11 8.35975 0.01 1 110 0
34852 309.893 8.21343 0.01 1 72 0
34874 300.391 8.37935 0.01 1 26 0.0135348
34897 300.249 8.50019 0.01 1 28 0
34923 325.788 8.35975 0.01 1 111 0
34987 299.885 8.37935 0.01 1 28 0
34988 311.633 8.17612 0.01 1 72 0
35053 309.192 8.1368 0.01 1 72 0
35071 302.022 8.51253 0.01 1 27 0
35084 310.258 8.14655 0.01 1 72 0
35095 326.149 8.35975 0.01 1 109 0
35196 310.258 8.14655 0.01 1 72 0
35204 308.219 7.87769 0.01 1 72 0
35246 299.885 8.37935 0.01 1 28 0
35249 309.192 8.1368 0.01 1 72 0
35257 325.788 8.35975 0.01 1 110 0
35259 326.609 8.35975 0.01 1 111 0
35277 310.258 8.14655 0.01 1 72 0
35278 299.568 8.58889 0.01 1 28 0
35303 307.781 8.01286 0.01 1 72 0
35326 302.022 8.37935 0.01 1 27 0
35331 302.67 8.37935 0.01 1 26 0
35339 299.885 8.37935 0.01 1 28 0
35374 302.022 8.40293 0.01 1 27 0
35378 310.83 8.45343 0.01 1 72 0
35406 302.022 8.37935 0.01 1 27 0
35409 324.02 8.47255 0.01 1 109 0
35419 326.149 8.35975 0.01 1 109 0
35454 322.846 8.35975 0.01 1 110 0
35507 299.568 8.58889 0.01 1 27 0
35524 307.212 7.91995 0.01 1 72 0
35541 299.568 8.58889 0.01 1 28 0
35543 309.893 8.21343 0.01 1 72 0
35620 302.022 8.42057 0.01 1 28 0
35631 301.504 8.58889 0.01 1 28 0
35741 324.453 8.17707 0.01 1 111 0
35808 310.464 8.27423 0.01 1 72 0
35865 299.568 8.58889 0.01 1 27 0
35875 302.022 8.40103 0.01 1 28 0
35888 322.943 8.35975 0.01 1 109 0
35892 307.81 7.81464 0.01 1 72 0
35906 326.149 8.35975 0.01 1 109 0
35908 310.464 8.27423 0.01 1 72 0
35937 307.212 7.91995 0.01 1 72 0
36046 299.568 8.58889 0.01 1 28 0
36059 302.022 8.36512 0.01 1 27 0
36090 301.504 8.58889 0.01 1 28 0
36199 326.149 8.35975 0.01 1 109 0
36207 301.386 8.50352 0.01 1 28 0
36224 310.83 8.45343 0.01 1 72 0
36255 300.399 8.37733 0.01 1 27 0
36266 302.022 8.37935 0.01 1 28 0
36272 307.361 7.81903 0.01 1 72 0
36298 305.397 8.24086 0.01 1 72 0
36377 307.879 7.92489 0.01 1 72 0
36388 302.022 8.3984 0.01 1 27 0
36393 302.352 8.55722 0.01 1 28 0
36403 299.885 8.37935 0.01 1 28 0
36414 308.57 8.10263 0.01 1 72 0
36452 308.517 7.98189 0.01 1 72 0
36457 326.149 8.35975 0.01 1 109 0
36458 307.781 8.01286 0.01 1 72 0
36480 302.022 8.37935 0.01 1 27 0
36501 325.788 8.35975 0.01 1 111 0
36690 302.022 8.37935 0.01 1 28 0
36791 302.022 8.37935 0.01 1 27 0
36844 324.349 8.21854 0.01 1 110 0
36867 325.788 8.35975 0.01 1 111 0
36937 302.022 8.29766 0.01 1 28 0
36987 311.633 8.17612 0.01 1 72 0
37017 302.022 8.37935 0.01 1 28 0
37049 301.664 8.37935 0.01 1 27 0
37107 302.022 8.40103 0.01 1 28 0
37134 323.294 8.35975 0.01 1 110 0
37151 305.397 8.24086 0.01 1 72 0
37153 324.02 8.62496 0.01 1 109 0
37161 322.943 8.35975 0.01 1 109 0
37203 324.11 8.35975 0.01 1 110 0
37214 324.453 8.17707 0.01 1 110 0
37220 297.682 8.41082 0.01 1 26 0.00371097
37226 302.022 8.37935 0.01 1 28 0
37255 302.022 8.37935 0.01 1 28 0
37310 299.342 8.58889 0.01 1 28 0
37321 310.28 7.44832 0.01 1 72 0
37360 302.022 8.3776 0.01 1 28 0
37382 325.788 8.35975 0.01 1 111 0
37404 310.661 8.21957 0.01 1 72 0
37413 302.022 8.37935 0.01 1 28 0
37491 310.83 8.45343 0.01 1 72 0
37507 299.568 8.58889 0.01 1 28 0
37518 307.623 8.19484 0.01 1 72 0
37538 306.818 8.09246 0.01 1 72 0
37581 310.83 8.45343 0.01 1 72 0
37602 308.146 8.14757 0.01 1 72 0
37608 302.022 8.37935 0.01 1 27 0
37659 301.386 8.50352 0.01 1 28 0
37714 301.504 8.40181 0.01 1 27 0
37826 307.502 7.87769 0.01 1 72 0
37837 324.02 8.62496 0.01 1 109 0
37869 300.092 8.40181 0.01 1 28 0
37913 325.788 8.35975 0.01 1 111 0
37948 309.414 7.87769 0.01 1 72 0
38105 307.212 7.91995 0.01 1 72 0
38106 308.539 7.87022 0.01 1 72 0
38130 302.022 8.37935 0.01 1 26 0
38192 302.022 8.37935 0.01 1 28 0
38218 310.399 8.15127 0.01 1 72 0
38226 323.885 8.57964 0.01 1 109 0
38247 323.294 8.30577 0.01 1 110 0
38266 302.022 8.40103 0.01 1 27 0
38306 302.022 8.51253 0.01 1 28 0
38343 299.9 8.37935 0.01 1 27 0
38361 300.399 8.42253 0.01 1 27 0
38389 300.399 8.37733 0.01 1 28 0
38397 324.028 8.37826 0.01 1 109 0
38400 308.544 8.18136 0.01 1 72 0
38413 310.169 8.056 0.01 1 72 0
38455 323.294 8.30577 0.01 1 110 0
38460 302.485 8.29766 0.01 1 27 0
