max_pf 80 min_pf 65
individual T0 sigma disp_rate r0 patch_no mut_eff
0 307.948 7.77587 0.01 1 65 0
1 307.464 7.95049 0.01 1 66 0
3 307.974 8.06491 0.01 1 72 0
4 308.229 8.31613 0.01 1 72 0
6 307.948 7.77587 0.01 1 65 0
8 306.168 7.60788 0.01 1 67 0
11 307.464 7.70927 0.01 1 66 0
12 304.152 8.05968 0.01 1 66 0
15 306.83 7.74954 0.01 1 65 0
21 310.675 7.7344 0.01 1 78 0
22 307.177 8.1499 0.01 1 67 0
23 309.56 7.93269 0.01 1 78 0
33 306.657 8.18278 0.01 1 66 0
38 310.194 7.81281 0.01 1 72 -0.00224239
40 308.017 7.82905 0.01 1 67 0
41 306.168 7.60788 0.01 1 66 0
43 306.83 7.74954 0.01 1 65 0
45 306.051 7.63029 0.01 1 67 0
46 307.156 7.74875 0.01 1 67 0
47 307.164 7.91074 0.01 1 67 0
51 308.889 8.06491 0.01 1 72 0
53 310.905 7.88123 0.01 1 78 0
55 307.464 7.82905 0.01 1 67 0
59 306.051 7.63341 0.01 1 67 0
65 306.394 7.60788 0.01 1 67 0.00016965
66 306.168 7.60788 0.01 1 66 0
74 307.251 7.53262 0.01 1 67 0
75 304.152 8.05968 0.01 1 67 0
78 305.501 8.06555 0.01 1 67 0
81 307.424 8.31613 0.01 1 72 0
86 304.152 8.05968 0.01 1 67 0
91 309.112 8.11031 0.01 1 72 0
98 312.191 8.10396 0.01 1 79 0
99 311.966 7.92517 0.01 1 79 0
102 311.966 7.92517 0.01 1 79 0
105 308.017 7.82905 0.01 1 67 0
106 310.2 8.20828 0.01 1 78 0
108 310.675 7.7344 0.01 1 78 0
113 306.63 8.05968 0.01 1 67 0
114 307.907 7.85418 0.01 1 72 0
117 312.117 7.92073 0.01 1 72 0
120 310.905 7.88123 0.01 1 78 0
122 306.051 7.63341 0.01 1 67 0
134 307.948 7.77587 0.01 1 67 0
136 307.667 8.12451 0.01 1 67 0
140 310.905 7.88123 0.01 1 78 0
146 310.905 7.88123 0.01 1 78 0
156 311.516 7.92517 0.01 1 78 0
158 307.704 8.015 0.01 1 66 0
165 308.397 8.21255 0.01 1 67 0
169 310.905 7.88123 0.01 1 78 0
173 311.966 7.92517 0.01 1 80 0
182 306.168 7.60788 0.01 1 66 0
185 306.63 8.05968 0.01 1 67 0
189 311.516 7.92517 0.01 1 78 0
190 307.033 8.015 0.01 1 67 0
196 307.85 7.72762 0.01 1 67 0
203 310.106 8.31613 0.01 1 72 0
204 310.106 8.31613 0.01 1 72 0
205 307.479 8.10187 0.01 1 72 0
206 310.165 7.85082 0.01 1 72 0
215 309.838 7.82678 0.01 1 72 0
216 308.434 7.88123 0.01 1 78 0
220 307.806 7.9296 0.01 1 66 0
223 306.051 7.63341 0.01 1 67 0
227 306.63 8.08286 0.01 1 66 3.45707e-06
229 307.948 7.77587 0.01 1 66 0
230 309.163 8.04581 0.01 1 72 0
237 304.152 8.05968 0.01 1 67 0
239 307.464 7.95049 0.01 1 66 0
242 309.475 8.13127 0.01 1 72 0
244 310.03 7.84996 0.01 1 72 0
245 308.19 7.78088 0.01 1 67 0.000165001
252 307.177 8.1499 0.01 1 67 0
259 308.393 8.11031 0.01 1 72 0
267 307.9 7.74954 0.01 1 67 0
270 305.719 7.55913 0.01 1 72 -0.0165476
272 310.104 7.67862 0.01 1 72 0
277 308.889 8.06491 0.01 1 72 0
280 310.905 7.88123 0.01 1 78 0
283 308.19 7.64432 0.01 1 67 0
284 310.905 7.88123 0.01 1 78 0
288 311.966 7.91911 0.01 1 78 0
291 310.675 7.7344 0.01 1 78 0
292 309.56 7.93269 0.01 1 79 0
293 306.168 7.60788 0.01 1 66 0
294 306.168 7.60788 0.01 1 66 0
297 307.251 7.53262 0.01 1 66 0
300 312.191 8.10396 0.01 1 79 0
303 307.464 7.82905 0.01 1 67 0
312 306.366 7.63341 0.01 1 67 0
321 308.164 8.1344 0.01 1 67 0
323 308.397 8.21255 0.01 1 67 0
326 307.156 7.74875 0.01 1 66 0
327 308.122 8.06491 0.01 1 72 0
337 308.19 7.64432 0.01 1 67 0
340 307.424 8.31613 0.01 1 72 0
342 310.78 8.12929 0.01 1 67 0
343 306.482 8.015 0.01 1 67 0
344 307.704 7.9591 0.01 1 65 0
348 307.974 8.06491 0.01 1 72 0
349 307.512 8.32635 0.01 1 67 0
351 309.485 7.83579 0.01 1 72 0.00406517
352 309.597 7.79839 0.01 1 72 0
354 307.156 7.74875 0.01 1 67 0
355 310.675 7.7344 0.01 1 78 0
358 306.83 7.74954 0.01 1 65 0
359 307.999 8.22987 0.01 1 72 0
361 310.165 7.85082 0.01 1 72 0
366 310.905 7.88123 0.01 1 78 0
369 304.152 8.05968 0.01 1 67 0
373 306.168 7.60788 0.01 1 67 0
374 307.464 7.60771 0.01 1 67 0
382 307.914 7.94817 0.01 1 72 0
388 307.862 8.05412 0.01 1 66 0
395 307.464 7.82905 0.01 1 67 0
396 306.047 7.88866 0.01 1 67 0
402 310.88 7.94026 0.01 1 78 1.62423e-05
409 307.156 7.74875 0.01 1 67 0
410 306.394 7.60788 0.01 1 67 0
412 308.19 7.64432 0.01 1 66 0
413 306.83 7.74954 0.01 1 65 0
418 307.464 7.82905 0.01 1 67 0
420 308.19 7.64432 0.01 1 67 0
421 309.766 7.6388 0.01 1 72 0
428 310.91 7.99204 0.01 1 72 0
430 306.168 7.60788 0.01 1 67 0
431 307.704 7.9591 0.01 1 65 0
433 307.948 7.77587 0.01 1 67 0
435 307.177 8.02717 0.01 1 67 0
440 310.03 7.84996 0.01 1 72 0
442 306.482 8.015 0.01 1 67 0
443 306.482 8.015 0.01 1 67 0
445 307.164 7.91074 0.01 1 67 0
448 310.862 8.04581 0.01 1 72 0
449 309.597 7.79839 0.01 1 72 0
450 306.83 7.74954 0.01 1 65 0
455 307.177 8.02717 0.01 1 66 0
456 310.698 8.04853 0.01 1 79 0
457 309.112 8.11031 0.01 1 72 0
461 307.948 7.77587 0.01 1 66 0
467 307.862 8.05412 0.01 1 66 0
468 310.862 8.04581 0.01 1 72 0
472 310.905 7.88123 0.01 1 78 0
475 307.876 7.79207 0.01 1 72 0
476 306.572 8.0533 0.01 1 72 0
479 307.806 7.9296 0.01 1 65 0
484 311.966 7.7635 0.01 1 79 0
485 307.704 7.9591 0.01 1 65 0
487 307.862 8.05412 0.01 1 66 0
493 308.122 8.06491 0.01 1 72 0
494 310.905 7.88123 0.01 1 78 0
496 308.367 7.7344 0.01 1 78 0
497 309.163 8.04581 0.01 1 72 0
498 311.966 7.92517 0.01 1 79 0
499 306.734 8.015 0.01 1 66 -0.000473246
503 310.862 8.04581 0.01 1 72 0
506 310.644 8.31613 0.01 1 72 -0.000308782
507 306.366 7.63341 0.01 1 67 0
510 307.464 7.60771 0.01 1 66 0
511 310.675 7.7344 0.01 1 78 0
513 307.948 7.77587 0.01 1 67 0
517 306.168 7.60788 0.01 1 66 0
520 307.686 8.06491 0.01 1 72 0
527 306.482 8.015 0.01 1 67 0
530 311.516 7.92517 0.01 1 79 0
532 307.464 7.82905 0.01 1 65 0
533 310.905 7.88123 0.01 1 78 0
536 307.786 8.29714 0.01 1 65 0
538 308.127 7.44016 0.01 1 72 0
540 307.704 7.9591 0.01 1 65 0
541 310.675 7.7344 0.01 1 78 0
545 307.908 8.2013 0.01 1 72 0
546 307.948 7.77587 0.01 1 67 0
548 306.482 8.015 0.01 1 66 0
553 311.966 7.92517 0.01 1 79 0
556 308.911 7.82651 0.01 1 79 0
564 309.112 8.11031 0.01 1 72 0
570 311.966 7.92517 0.01 1 79 0
572 307.177 8.1499 0.01 1 67 0
573 311.966 7.92517 0.01 1 79 0
574 306.27 8.29714 0.01 1 65 0
577 306.168 7.60788 0.01 1 66 0
579 310.905 7.88123 0.01 1 78 0
580 311.275 8.0059 0.01 1 78 0
581 310.675 7.7344 0.01 1 78 0
587 308.127 7.58204 0.01 1 67 0
593 308.882 8.14851 0.01 1 72 0
594 307.948 7.71313 0.01 1 67 0
597 311.463 8.01165 0.01 1 78 0
598 308.302 8.09623 0.01 1 67 0
599 311.966 7.92517 0.01 1 79 0
604 307.177 8.10352 0.01 1 67 0
605 309.112 8.11031 0.01 1 72 0
606 307.948 7.77587 0.01 1 67 0
608 308.229 8.31613 0.01 1 67 0
615 307.704 7.9591 0.01 1 65 0
617 307.282 7.86411 0.01 1 67 0
621 308.623 8.3865 0.01 1 78 0
622 310.03 7.84996 0.01 1 72 0
623 309.092 8.14851 0.01 1 72 0
624 307.704 7.98365 0.01 1 67 0
634 306.168 7.60788 0.01 1 67 0
638 306.482 8.015 0.01 1 66 0
644 310.104 7.67862 0.01 1 72 0
645 307.464 7.72762 0.01 1 67 0
647 306.83 7.74954 0.01 1 65 0
655 308.882 8.14851 0.01 1 72 0
659 307.156 7.74875 0.01 1 67 0
660 307.424 8.31613 0.01 1 72 0
663 307.464 7.82905 0.01 1 67 0
664 307.907 7.83579 0.01 1 72 0
665 310.905 7.88123 0.01 1 78 0
670 310.2 8.20828 0.01 1 72 0
671 311.966 7.92517 0.01 1 78 0
675 311.516 7.92517 0.01 1 78 0
687 308.8 8.1344 0.01 1 72 0
689 308.127 7.48844 0.01 1 66 0
697 307.741 7.55913 0.01 1 72 0.00664084
703 307.908 8.2013 0.01 1 72 0
704 307.786 8.29714 0.01 1 67 0
707 307.948 7.77587 0.01 1 67 0
709 307.464 7.82905 0.01 1 67 0
711 312.007 7.91706 0.01 1 78 0
715 310.905 7.88123 0.01 1 78 0
716 307.604 7.58868 0.01 1 67 0
724 307.251 7.53262 0.01 1 66 0
726 308.229 8.31613 0.01 1 67 0
729 306.83 7.74954 0.01 1 65 0
730 310.862 8.04581 0.01 1 72 0
731 308.911 7.82651 0.01 1 78 0
732 309.597 7.79839 0.01 1 72 0
733 310.2 8.20828 0.01 1 78 0
736 311.966 7.92517 0.01 1 79 0
737 310.03 7.84996 0.01 1 72 0
738 307.806 7.9296 0.01 1 66 0
740 306.366 7.63341 0.01 1 67 0
745 307.164 7.91074 0.01 1 67 0
746 311.966 7.7635 0.01 1 79 0
747 310.905 7.88123 0.01 1 78 0
750 306.168 7.60788 0.01 1 67 0
751 310.905 7.88123 0.01 1 78 0
754 306.83 7.74954 0.01 1 66 0
756 307.156 7.74875 0.01 1 67 0
764 304.152 8.05968 0.01 1 67 0
765 310.104 7.67862 0.01 1 72 0
769 307.156 7.74875 0.01 1 67 0
777 311.966 7.92517 0.01 1 79 0
788 307.704 7.98365 0.01 1 67 0
792 307.156 7.74875 0.01 1 67 0
796 311.966 7.92517 0.01 1 79 0
797 307.806 7.9296 0.01 1 66 0
799 310.2 8.20828 0.01 1 78 0
813 306.168 7.60788 0.01 1 66 0
814 307.177 8.02717 0.01 1 67 0
817 306.482 8.015 0.01 1 66 0
819 308.911 7.82651 0.01 1 78 0
831 307.907 7.83579 0.01 1 72 0
833 309.163 8.04581 0.01 1 72 0
834 306.482 8.015 0.01 1 65 0
835 306.168 7.60788 0.01 1 67 0
836 306.168 7.60788 0.01 1 66 0
842 305.997 7.95815 0.01 1 72 0
846 310.104 7.67862 0.01 1 72 0
849 306.482 8.015 0.01 1 66 0
850 311.275 7.9348 0.01 1 72 0
855 307.957 8.05918 0.01 1 67 0
861 311.966 7.92517 0.01 1 79 0
869 307.464 7.60771 0.01 1 67 0
871 307.177 8.02717 0.01 1 67 0
872 311.966 7.92517 0.01 1 79 0
876 306.168 7.60788 0.01 1 66 0
877 307.806 7.9296 0.01 1 66 0
878 306.482 8.015 0.01 1 66 0
882 306.201 8.21255 0.01 1 67 0
886 306.168 7.60788 0.01 1 66 0
894 311.275 8.00244 0.01 1 78 0
895 306.051 7.63029 0.01 1 67 0
899 310.905 7.88123 0.01 1 78 0
903 311.966 7.92517 0.01 1 79 0
904 307.704 8.015 0.01 1 66 0
905 311.966 7.7635 0.01 1 79 0
907 310.13 7.85082 0.01 1 72 0
911 306.378 7.95815 0.01 1 72 0
913 307.464 7.95049 0.01 1 66 0
916 306.482 8.015 0.01 1 66 0
920 307.464 7.82905 0.01 1 67 0
926 310.194 7.81281 0.01 1 72 0
928 310.905 7.88123 0.01 1 78 0
936 309.56 7.93269 0.01 1 78 0
937 308.19 7.64432 0.01 1 67 0
938 309.092 8.14851 0.01 1 72 0
940 304.152 8.05968 0.01 1 67 0
941 307.907 7.85418 0.01 1 72 0
942 306.657 8.29714 0.01 1 67 0
943 307.827 7.98263 0.01 1 72 0
944 310.905 7.88123 0.01 1 78 0
946 310.78 8.12929 0.01 1 67 0
950 308.889 8.06491 0.01 1 72 0
953 307.464 7.72762 0.01 1 67 0
954 306.445 8.015 0.01 1 66 0
960 306.482 8.015 0.01 1 66 0
966 310.88 7.94026 0.01 1 78 0
970 307.667 8.12451 0.01 1 67 0
971 308.824 7.7344 0.01 1 78 0
976 308.69 8.31058 0.01 1 72 0
977 307.464 7.82905 0.01 1 67 0
978 307.806 7.9296 0.01 1 67 0
981 307.948 7.77587 0.01 1 67 0
985 307.855 7.99204 0.01 1 72 0
986 307.948 7.77587 0.01 1 67 0
999 310.78 8.12929 0.01 1 67 0
1000 306.63 7.91222 0.01 1 72 0
1003 308.127 7.55913 0.01 1 72 0
1008 310.91 7.97681 0.01 1 72 0
1013 310.123 8.20828 0.01 1 72 0
1021 310.905 7.88123 0.01 1 78 0
1028 311.481 8.04853 0.01 1 79 0.00333335
1033 307.464 7.82905 0.01 1 67 0
1036 307.129 8.16313 0.01 1 72 0
1042 307.948 7.77587 0.01 1 66 0
1046 311.966 7.86684 0.01 1 78 0
1055 306.366 7.63341 0.01 1 67 0
1063 311.966 7.7635 0.01 1 79 0
1064 306.27 8.29714 0.01 1 65 0.0065445
1069 306.482 8.09644 0.01 1 66 0
1071 311.966 7.92517 0.01 1 79 0
1078 307.62 7.74527 0.01 1 72 0
1084 306.445 8.015 0.01 1 66 0
1088 306.657 8.29714 0.01 1 67 0
1091 307.876 7.79207 0.01 1 72 0
1092 307.907 7.85418 0.01 1 72 0
1093 310.565 7.71639 0.01 1 72 0
1095 307.948 7.54454 0.01 1 67 -0.000155404
1097 307.704 8.015 0.01 1 66 0
1100 307.464 7.82905 0.01 1 67 0
1101 311.966 7.92517 0.01 1 79 0
1102 307.59 8.22173 0.01 1 72 0
1110 307.948 7.77587 0.01 1 67 0
1112 307.251 7.53262 0.01 1 66 0
1118 306.168 7.60788 0.01 1 67 0
1120 307.464 7.82905 0.01 1 67 0
1121 310.905 7.88123 0.01 1 78 0
1126 306.168 7.60788 0.01 1 66 0
1128 308.824 7.7344 0.01 1 78 0
1130 307.786 8.29714 0.01 1 65 0
1140 309.56 7.93269 0.01 1 78 0
1141 309.56 7.93269 0.01 1 78 0
1142 307.177 8.05412 0.01 1 67 0
1143 310.862 8.04581 0.01 1 72 0
1144 307.112 7.55111 0.01 1 66 -0.00209597
1145 310.91 7.97681 0.01 1 72 0
1150 309.163 8.04581 0.01 1 72 0
1155 310.862 8.04581 0.01 1 72 0
1159 307.464 7.82905 0.01 1 67 0
1160 311.966 7.92517 0.01 1 79 0
1163 307.908 8.2013 0.01 1 72 5.95152e-05
1167 307.177 8.1499 0.01 1 67 0
1172 308.882 8.10187 0.01 1 72 0
1181 307.464 7.85969 0.01 1 67 0
1185 307.464 7.82905 0.01 1 65 0
1186 310.03 7.84996 0.01 1 72 0
1189 307.704 7.9591 0.01 1 65 0
1190 307.479 8.10187 0.01 1 72 0
1198 310.905 7.88123 0.01 1 78 0
1200 310.905 7.88123 0.01 1 78 0
1201 306.168 7.60788 0.01 1 67 0
1205 310.2 8.20828 0.01 1 72 0
1206 307.948 7.77587 0.01 1 66 0
1207 308.882 8.14851 0.01 1 72 0
1211 311.966 7.92517 0.01 1 79 0
1212 307.177 8.13403 0.01 1 67 1.83582e-05
1213 309.163 8.05414 0.01 1 72 0
1215 307.806 7.9296 0.01 1 66 0
1216 311.966 7.92517 0.01 1 79 0
1218 310.905 7.88123 0.01 1 78 0
1219 306.051 7.63341 0.01 1 67 0
1222 307.59 8.22173 0.01 1 72 0
1227 307.464 7.82905 0.01 1 67 0
1229 307.424 8.35589 0.01 1 72 3.32594e-05
1230 306.572 8.0533 0.01 1 72 0
1231 307.604 7.58868 0.01 1 67 0
1232 307.974 8.06491 0.01 1 72 0
1233 307.177 8.1499 0.01 1 67 0
1234 307.704 8.015 0.01 1 66 0
1235 305.501 8.06555 0.01 1 67 0
1237 306.83 7.74954 0.01 1 65 0
1238 310.91 7.97681 0.01 1 72 0
1242 308.882 8.10187 0.01 1 72 0
1250 307.704 7.98365 0.01 1 66 0
1256 308.093 7.82905 0.01 1 66 0
1258 306.394 7.60788 0.01 1 67 0
1259 310.905 7.88123 0.01 1 78 0
1260 309.56 7.93269 0.01 1 78 0
1264 306.27 8.29714 0.01 1 65 0
1268 310.104 7.6574 0.01 1 72 0
1272 307.755 8.22173 0.01 1 72 0
1275 309.112 8.11031 0.01 1 72 0
1281 306.88 8.05968 0.01 1 66 -0.000573114
1283 307.424 8.31613 0.01 1 72 0
1285 308.302 8.09623 0.01 1 67 0
1292 306.706 7.60788 0.01 1 66 0
1295 306.482 8.015 0.01 1 66 0
1296 307.156 7.74875 0.01 1 66 0
1297 309.56 7.93269 0.01 1 78 0
1303 306.482 8.09644 0.01 1 66 0
1314 309.112 8.11031 0.01 1 72 0
1315 308.19 7.64432 0.01 1 67 0
1321 308.376 7.82905 0.01 1 67 0
1325 310.698 8.04853 0.01 1 79 0
1326 308.127 7.48844 0.01 1 66 0
1328 310.2 8.20828 0.01 1 72 0
1332 307.464 7.72762 0.01 1 67 0
1340 307.464 7.87617 0.01 1 67 0
1343 310.91 7.97681 0.01 1 72 0
1346 309.163 8.04581 0.01 1 72 0
1356 307.806 7.9296 0.01 1 66 0
1358 307.786 8.29714 0.01 1 66 0
1359 310.905 7.88123 0.01 1 78 0
1363 313.795 7.92517 0.01 1 79 0
1366 307.948 7.77587 0.01 1 66 0
1367 309.136 7.90288 0.01 1 78 0
1372 308.882 8.10187 0.01 1 72 0
1374 307.464 7.60771 0.01 1 67 0
1386 309.163 8.05414 0.01 1 72 0
1387 310.106 8.31613 0.01 1 72 0
1388 306.482 8.015 0.01 1 66 0
1398 310.698 8.04853 0.01 1 79 0
1399 307.464 7.72762 0.01 1 67 0
1402 306.445 8.015 0.01 1 67 0
1407 308.448 7.67862 0.01 1 72 0
1412 307.865 7.72762 0.01 1 67 0
1417 307.177 7.91289 0.01 1 65 0
1418 306.83 7.74954 0.01 1 66 0
1419 311.966 7.92447 0.01 1 79 -8.9407e-08
1421 311.966 7.7635 0.01 1 79 0
1437 310.905 7.88123 0.01 1 78 0
1454 306.168 7.60788 0.01 1 66 0
1456 306.445 8.015 0.01 1 66 0
1458 306.657 8.29714 0.01 1 67 0
1463 306.482 8.015 0.01 1 65 0
1465 306.83 7.74954 0.01 1 65 0
1482 311.966 7.92517 0.01 1 79 0
1495 307.806 7.9296 0.01 1 66 0
1496 309.252 7.69848 0.01 1 72 0
1497 306.572 8.0533 0.01 1 72 0
1503 310.106 8.31613 0.01 1 72 0
1505 311.287 7.84996 0.01 1 72 0
1507 307.948 7.77587 0.01 1 67 0
1508 307.177 8.05412 0.01 1 67 0
1509 307.406 7.91812 0.01 1 67 0
1511 309.163 8.04581 0.01 1 72 0
1515 307.786 8.29714 0.01 1 65 0
1524 311.966 7.92517 0.01 1 79 0
1529 307.532 7.95815 0.01 1 72 0
1530 307.948 7.77587 0.01 1 67 0
1531 307.156 7.74875 0.01 1 67 0
1542 307.177 8.1499 0.01 1 67 0
1548 309.56 7.93269 0.01 1 78 0
1549 311.966 7.92447 0.01 1 79 0
1551 307.786 8.29714 0.01 1 65 0
1554 308.448 7.67862 0.01 1 72 0
1556 308.143 7.62882 0.01 1 72 0
1557 307.667 8.12451 0.01 1 67 0
1558 307.667 8.12451 0.01 1 67 0
1563 308.816 8.13952 0.01 1 72 0
1569 308.229 8.31613 0.01 1 67 0
1570 311.966 7.92517 0.01 1 79 0
1571 307.85 7.72762 0.01 1 67 0
1574 310.905 7.88123 0.01 1 78 0
1577 311.966 7.7635 0.01 1 79 0
1583 307.948 7.77587 0.01 1 67 0
1585 307.948 7.77587 0.01 1 66 0
1586 310.03 7.84996 0.01 1 72 0
1587 306.482 8.015 0.01 1 66 0
1590 304.152 8.05968 0.01 1 67 0
1591 307.464 7.95049 0.01 1 67 0
1593 304.152 8.05968 0.01 1 67 0
1594 308.037 7.81281 0.01 1 72 0
1599 310.104 7.67862 0.01 1 72 0
1600 310.106 8.37382 0.01 1 72 0
1601 307.251 7.53262 0.01 1 66 0
1603 307.948 7.77587 0.01 1 66 0
1607 307.667 8.12451 0.01 1 67 0
1608 310.106 8.31613 0.01 1 72 0
1612 307.806 7.9296 0.01 1 66 0
1613 310.03 7.84996 0.01 1 72 0
1617 310.88 7.90748 0.01 1 72 0
1620 307.464 7.82905 0.01 1 67 0
1624 309.252 7.69848 0.01 1 72 0
1626 309.766 7.75629 0.01 1 72 0
1627 310.905 7.88123 0.01 1 78 0
1629 312.191 8.10396 0.01 1 78 0
1631 311.966 7.92517 0.01 1 79 0
1633 308.229 8.31613 0.01 1 67 0
1634 307.786 8.42899 0.01 1 67 7.31498e-05
1637 308.19 7.64432 0.01 1 66 0
1642 309.597 7.79839 0.01 1 72 0
1644 306.657 8.29714 0.01 1 67 0
1647 306.051 7.63341 0.01 1 67 0
1648 307.704 7.9591 0.01 1 65 0
1654 310.862 8.04581 0.01 1 72 0
1658 310.905 7.88123 0.01 1 78 0
1660 306.482 8.015 0.01 1 66 0
1665 309.945 7.71639 0.01 1 72 0.00255853
1667 307.907 7.83579 0.01 1 72 0
1674 307.704 7.9591 0.01 1 65 0
1683 307.862 8.05412 0.01 1 67 0
1684 308.017 7.82905 0.01 1 67 0
1685 307.464 7.72762 0.01 1 67 0
1686 310.675 7.7344 0.01 1 78 0
1688 309.56 7.93269 0.01 1 79 0
1694 307.156 7.74875 0.01 1 66 0
1695 307.464 7.72762 0.01 1 67 0
1701 306.657 8.29714 0.01 1 67 0
1702 306.168 7.60788 0.01 1 66 0
1703 311.078 8.04581 0.01 1 72 0
1704 310.03 7.84996 0.01 1 72 0
1710 307.806 7.9296 0.01 1 66 0
1711 308.448 7.67862 0.01 1 72 0
1714 304.152 8.05968 0.01 1 67 0
1716 307.164 7.91074 0.01 1 67 0
1719 308.623 8.3865 0.01 1 79 0
1722 312.191 8.10396 0.01 1 79 0
1724 306.366 7.63341 0.01 1 67 0
1725 307.907 7.83579 0.01 1 72 0
1728 311.966 7.92517 0.01 1 79 0
1736 307.704 8.015 0.01 1 67 0
1741 312.007 7.91706 0.01 1 78 0
1742 309.56 7.93269 0.01 1 78 0
1743 307.806 7.9296 0.01 1 66 0
1750 307.914 7.94817 0.01 1 72 0
1761 311.275 7.9348 0.01 1 72 0
1762 310.2 8.20828 0.01 1 78 0
1783 309.597 7.78274 0.01 1 72 0
1784 307.424 8.31613 0.01 1 72 0
1793 307.667 8.12451 0.01 1 66 0
1795 307.948 7.77587 0.01 1 67 0
1798 309.56 7.93269 0.01 1 78 0
1800 307.696 7.97994 0.01 1 66 0
1801 307.464 7.82905 0.01 1 67 0
1803 310.698 8.04853 0.01 1 79 0
1804 307.704 8.015 0.01 1 66 0
1805 307.948 7.77587 0.01 1 67 0
1808 306.63 7.91222 0.01 1 72 0
1810 307.462 8.20828 0.01 1 72 0
1811 307.512 8.32635 0.01 1 67 0
1823 307.704 8.015 0.01 1 66 0
1828 307.156 7.74875 0.01 1 67 0
1830 310.2 8.20828 0.01 1 78 0
1834 306.168 7.60788 0.01 1 67 0
1835 310.165 7.85082 0.01 1 72 0
1836 306.83 7.74954 0.01 1 65 0
1839 308.882 8.30245 0.01 1 72 0
1842 307.177 8.1499 0.01 1 67 2.10255e-05
1843 307.786 8.29714 0.01 1 65 0
1844 307.512 8.32635 0.01 1 67 0
1845 307.806 7.9296 0.01 1 66 0
1854 306.482 8.015 0.01 1 66 0
1855 311.966 7.92517 0.01 1 79 0
1856 310.165 7.85082 0.01 1 72 0
1859 304.152 8.05968 0.01 1 67 0
1862 307.907 7.83579 0.01 1 72 0
1868 308.367 7.7344 0.01 1 78 0
1871 307.424 8.31613 0.01 1 72 0
1877 307.464 7.95049 0.01 1 66 0
1879 308.127 7.48844 0.01 1 66 0
1882 307.464 7.72762 0.01 1 67 0
1884 307.914 7.91222 0.01 1 72 0
1889 307.424 8.31613 0.01 1 72 0
1893 310.874 7.93269 0.01 1 79 0.00905502
1894 308.229 8.60455 0.01 1 67 0.000277087
1895 307.704 8.015 0.01 1 67 0
1902 310.698 8.04853 0.01 1 79 0
1906 310.905 7.88123 0.01 1 78 0
1914 311.966 7.92517 0.01 1 79 0
1917 307.156 7.74875 0.01 1 66 0
1918 310.862 8.04581 0.01 1 72 0
1919 312.117 7.92073 0.01 1 72 0
1922 310.698 8.04853 0.01 1 79 0
1932 307.948 7.77587 0.01 1 65 0
1934 310.905 7.88123 0.01 1 78 0
1938 310.905 7.88123 0.01 1 78 0
1942 306.482 8.015 0.01 1 66 0
1945 306.83 7.74954 0.01 1 66 0
1947 309.617 8.1344 0.01 1 66 0
1951 307.424 8.28524 0.01 1 72 0
1953 308.229 8.31613 0.01 1 67 0
1955 306.168 7.60788 0.01 1 67 0
1958 307.806 7.9296 0.01 1 66 0
1964 310.905 7.88123 0.01 1 78 0
1970 310.675 7.7344 0.01 1 78 0
1971 310.905 7.88123 0.01 1 78 0
1972 307.9 7.74954 0.01 1 67 0
1973 307.974 8.02717 0.01 1 72 0
1989 306.051 7.63341 0.01 1 67 0
1993 307.464 7.82905 0.01 1 67 0
1995 311.966 7.7635 0.01 1 79 0
1998 306.63 7.91222 0.01 1 72 0
2000 309.597 7.79839 0.01 1 72 0
2010 306.63 8.05968 0.01 1 66 0
2013 306.657 8.18278 0.01 1 66 0
2017 307.464 7.72762 0.01 1 67 0
2018 310.905 7.88123 0.01 1 78 0
2020 310.106 8.31613 0.01 1 72 0
2021 310.862 8.04581 0.01 1 72 0
2027 307.948 7.77587 0.01 1 66 0
2029 306.706 7.60788 0.01 1 66 0
2030 307.177 8.10352 0.01 1 67 0
2033 307.156 7.74875 0.01 1 67 0
2036 310.905 7.88123 0.01 1 78 0
2043 307.704 7.9591 0.01 1 65 0
2046 311.966 7.92517 0.01 1 79 0
2052 310.104 7.67862 0.01 1 72 0
2053 307.195 7.91222 0.01 1 72 0
2055 307.512 8.32635 0.01 1 67 0
2056 307.855 7.99204 0.01 1 72 0
2061 310.104 7.6574 0.01 1 72 0
2062 307.464 7.82905 0.01 1 67 0
2065 309.252 7.77587 0.01 1 67 0
2070 310.675 7.7344 0.01 1 78 0
2073 307.786 8.29714 0.01 1 65 0
2076 311.966 7.86684 0.01 1 78 0
2077 307.156 7.74875 0.01 1 67 0
2080 308.19 7.64432 0.01 1 67 0
2082 308.068 7.53262 0.01 1 66 0
2083 308.415 7.99204 0.01 1 72 0
2088 307.865 7.72762 0.01 1 67 0
2096 308.068 7.53262 0.01 1 66 0
2098 310.905 7.88123 0.01 1 78 0
2099 310.862 8.04581 0.01 1 72 0
2106 311.966 7.92517 0.01 1 79 0
2108 309.646 7.72205 0.01 1 72 0
2109 307.464 7.95049 0.01 1 66 0
2114 306.445 8.015 0.01 1 66 0
2115 309.109 7.66079 0.01 1 72 0
2116 307.464 7.82905 0.01 1 66 0
2118 307.464 7.82905 0.01 1 67 0
2122 309.56 7.93269 0.01 1 78 0
2125 311.966 7.92517 0.01 1 79 0
2127 309.503 8.31613 0.01 1 72 -6.4373e-06
2133 310.104 7.67862 0.01 1 72 0
2134 308.889 8.06491 0.01 1 72 0
2135 308.302 8.29943 0.01 1 67 0
2136 309.597 7.78274 0.01 1 72 0
2142 307.464 7.72762 0.01 1 67 0
2143 308.367 7.7344 0.01 1 78 0
2144 312.007 7.91706 0.01 1 78 0
2149 309.109 7.66079 0.01 1 72 0
2152 310.675 7.7344 0.01 1 78 0
2159 306.394 7.60788 0.01 1 67 0
2160 307.755 8.22173 0.01 1 72 0
2169 307.704 8.015 0.01 1 72 0
2171 309.475 8.13127 0.01 1 72 0
2180 307.862 8.05412 0.01 1 66 0
2186 307.512 8.32635 0.01 1 67 0
2190 306.204 7.91074 0.01 1 67 0
2195 309.163 8.04581 0.01 1 72 0
2197 310.165 7.85082 0.01 1 72 0
2198 307.806 7.9296 0.01 1 66 0
2199 311.339 7.92517 0.01 1 72 0
2200 307.908 8.2013 0.01 1 72 0
2211 310.905 7.88123 0.01 1 78 0
2212 311.966 7.92517 0.01 1 78 0
2213 306.83 7.74954 0.01 1 66 0
2214 308.469 8.00233 0.01 1 67 0
2216 310.104 7.6574 0.01 1 72 0
2220 308.302 8.29943 0.01 1 67 0
2222 307.407 8.34663 0.01 1 67 0
2229 310.698 8.04853 0.01 1 79 0
2234 310.03 7.84996 0.01 1 72 0
2238 310.675 7.7344 0.01 1 78 0
2240 310.905 7.88123 0.01 1 78 0
2241 306.168 7.60788 0.01 1 66 0
2243 307.948 7.77587 0.01 1 67 0
2245 307.464 7.95049 0.01 1 67 0
2253 308.376 7.82905 0.01 1 67 0
2254 310.698 8.04853 0.01 1 79 0
2257 309.163 8.04581 0.01 1 72 0
2259 309.597 7.79839 0.01 1 72 0
2260 307.05 7.98856 0.01 1 72 0
2270 306.63 8.05968 0.01 1 67 0
2272 306.597 8.44342 0.01 1 72 0
2274 310.2 8.20828 0.01 1 78 0
2275 307.704 8.015 0.01 1 66 0
2276 311.966 7.92517 0.01 1 79 0
2283 306.482 8.015 0.01 1 66 0
2288 309.112 8.11031 0.01 1 72 0
2289 307.862 8.05412 0.01 1 66 0
2292 306.168 7.60788 0.01 1 67 0
2294 306.482 8.015 0.01 1 65 0
2295 307.424 8.31613 0.01 1 72 0
2297 307.033 8.015 0.01 1 67 0
2298 311.966 7.7635 0.01 1 79 0
2300 308.19 7.55213 0.01 1 66 0
2305 310.91 7.97681 0.01 1 72 0
2308 307.704 7.99784 0.01 1 67 0
2309 307.704 8.015 0.01 1 66 0
2310 308.434 7.88123 0.01 1 78 0
2313 306.168 7.60788 0.01 1 67 0
2315 306.482 8.015 0.01 1 66 0
2328 307.464 7.60771 0.01 1 67 0
2332 307.464 7.60771 0.01 1 67 0
2335 308.017 7.82905 0.01 1 67 0
2336 306.83 7.74954 0.01 1 67 0
2337 310.675 7.7344 0.01 1 78 0
2338 312.117 7.92073 0.01 1 72 0
2343 306.366 7.63341 0.01 1 67 0
2344 311.966 7.92517 0.01 1 80 0
2347 310.905 7.88123 0.01 1 78 0
2349 307.177 8.10352 0.01 1 67 0
2354 307.464 7.95049 0.01 1 66 0
2356 305.531 7.93558 0.01 1 67 0
2364 310.03 7.84996 0.01 1 72 0
2365 307.957 8.05918 0.01 1 67 0
2367 307.948 7.77587 0.01 1 66 0
2370 306.63 8.05968 0.01 1 67 0
2372 308.19 7.55213 0.01 1 67 0
2380 310.675 7.7344 0.01 1 78 0
2387 307.156 7.74875 0.01 1 67 0
2389 307.531 8.54734 0.01 1 72 0
2393 310.675 7.7344 0.01 1 78 0
2401 307.9 7.74954 0.01 1 67 0
2404 307.907 7.83579 0.01 1 72 0
2405 311.966 7.92517 0.01 1 79 0
2408 307.177 8.02717 0.01 1 67 0
2412 307.667 8.12451 0.01 1 67 0
2414 308.19 7.64432 0.01 1 66 0
2420 307.786 8.29714 0.01 1 66 0
2424 308.19 7.55213 0.01 1 67 0
2426 306.482 8.015 0.01 1 67 0
2430 308.695 8.15358 0.01 1 72 0
2437 308.824 7.7344 0.01 1 78 0
2439 307.786 8.29714 0.01 1 67 0
2440 306.2 8.015 0.01 1 66 0.000296891
2441 311.966 7.92517 0.01 1 79 0
2443 304.975 7.63341 0.01 1 67 -0.00389813
2445 309.56 7.93269 0.01 1 79 0
2446 308.122 8.06491 0.01 1 72 0
2451 307.512 8.32635 0.01 1 66 0
2452 306.168 7.60788 0.01 1 66 0
2466 306.445 8.015 0.01 1 66 0
2469 310.245 8.04581 0.01 1 72 0
2470 307.424 8.31613 0.01 1 72 0
2476 308.707 8.04983 0.01 1 72 0
2478 307.786 8.29714 0.01 1 67 0
2480 307.464 7.65241 0.01 1 67 4.20809e-05
2486 311.966 7.7635 0.01 1 79 0
2496 309.56 7.93269 0.01 1 79 0
2499 311.966 7.7635 0.01 1 79 0
2501 306.657 8.29714 0.01 1 67 0
2506 307.85 7.72762 0.01 1 67 0
2509 306.168 7.60788 0.01 1 66 0
2510 310.106 8.31613 0.01 1 72 0
2511 307.177 8.1499 0.01 1 67 0
2512 307.251 7.53262 0.01 1 66 0
2513 307.505 8.32635 0.01 1 67 2.04146e-05
2516 311.966 7.92517 0.01 1 79 0
2527 309.832 7.85082 0.01 1 72 0
2531 309.163 8.04581 0.01 1 72 0
2536 308.19 7.64432 0.01 1 66 0
2538 307.728 8.14851 0.01 1 72 0
2540 306.168 7.60788 0.01 1 67 0
2541 307.177 8.1499 0.01 1 67 0
2542 307.704 8.015 0.01 1 66 0
2552 309.766 7.6388 0.01 1 72 0
2553 308.19 7.64432 0.01 1 66 0
2558 306.482 8.015 0.01 1 66 0
2563 307.464 7.72762 0.01 1 67 0
2565 311.966 7.92517 0.01 1 79 0
2568 308.127 7.48844 0.01 1 67 0
2571 311.966 7.92517 0.01 1 79 0
2574 308.415 7.99204 0.01 1 72 0
2579 307.385 8.36939 0.01 1 72 0
2584 309.832 7.85082 0.01 1 72 0
2595 310.698 8.04853 0.01 1 79 0
2597 309.617 8.1344 0.01 1 67 0
2605 306.482 8.015 0.01 1 66 0
2607 307.464 7.72762 0.01 1 67 0
2609 307.177 7.91289 0.01 1 66 0
2618 308.017 7.82905 0.01 1 67 0
2619 308.127 7.44016 0.01 1 72 0
2620 306.366 7.63341 0.01 1 67 0
2627 307.464 7.70927 0.01 1 66 0
2628 307.907 7.85418 0.01 1 72 0
2630 307.907 7.83579 0.01 1 72 0
2631 311.966 7.7635 0.01 1 79 0
2634 307.704 7.99784 0.01 1 67 0
2636 304.152 8.05968 0.01 1 67 0
2637 306.164 8.34301 0.01 1 72 0
2639 306.051 7.63341 0.01 1 67 0
2645 306.482 8.09644 0.01 1 66 7.18236e-06
2649 309.56 7.93269 0.01 1 78 0
2650 308.367 7.7344 0.01 1 78 0
2657 310.106 8.31613 0.01 1 72 0
2660 308.068 7.53262 0.01 1 66 -0.00462809
2664 307.177 8.02717 0.01 1 66 0
2692 310.675 7.7344 0.01 1 78 0
2693 311.966 7.92517 0.01 1 79 0
2695 307.948 7.77587 0.01 1 65 0
2701 309.597 7.79839 0.01 1 72 0
2704 311.966 7.92517 0.01 1 79 0
2713 308.882 8.39543 0.01 1 67 0
2715 307.164 7.86208 0.01 1 67 0
2719 311.966 7.92517 0.01 1 79 0
2722 307.948 7.77587 0.01 1 66 0
2726 310.699 7.88217 0.01 1 72 0
2727 307.704 7.98365 0.01 1 66 0
2731 306.445 8.015 0.01 1 66 0
2733 310.862 8.04581 0.01 1 72 0
2742 309.617 8.1344 0.01 1 65 0
2744 310.905 7.88123 0.01 1 78 0
2745 308.882 8.14851 0.01 1 72 0
2756 309.56 7.93269 0.01 1 78 0
2765 306.168 7.60788 0.01 1 66 0
2766 307.464 7.60771 0.01 1 67 0
2777 310.905 7.88123 0.01 1 78 0
2780 307.464 7.95049 0.01 1 66 0
2783 307.464 7.72762 0.01 1 67 0
2785 310.91 7.97681 0.01 1 72 0
2794 306.168 7.60788 0.01 1 67 0
2798 311.966 7.92517 0.01 1 80 0
2801 306.657 8.18278 0.01 1 66 0
2804 307.667 8.12451 0.01 1 67 0
2808 310.91 7.97681 0.01 1 72 0
2809 308.127 7.48844 0.01 1 67 0
2810 307.876 7.84065 0.01 1 72 0
2816 307.451 7.77587 0.01 1 66 0
2817 307.95 7.90858 0.01 1 67 0
2825 306.482 8.015 0.01 1 67 0
2829 307.948 7.77587 0.01 1 67 0
2832 306.051 7.63341 0.01 1 67 0
2847 306.482 8.09644 0.01 1 66 0
2849 308.393 8.11031 0.01 1 72 0
2850 311.966 7.92517 0.01 1 79 0
2858 307.806 7.9296 0.01 1 67 0
2861 306.051 7.63341 0.01 1 67 0
2863 310.905 7.93113 0.01 1 78 2.3827e-05
2864 310.675 7.7344 0.01 1 78 0
2867 309.597 7.78752 0.01 1 72 -1.62423e-06
2868 310.698 8.04853 0.01 1 79 0
2875 307.704 7.9591 0.01 1 65 0
2876 310.104 7.67862 0.01 1 72 0
2881 306.34 7.69615 0.01 1 66 0
2883 307.464 7.95049 0.01 1 66 0
2886 307.704 7.9591 0.01 1 65 0
2887 307.177 8.10352 0.01 1 67 0
2891 308.87 7.99204 0.01 1 72 0
2894 306.354 8.08276 0.01 1 67 0
2899 306.344 8.31613 0.01 1 72 0
2907 307.464 7.95049 0.01 1 67 0
2916 311.125 8.31613 0.01 1 72 0
2917 311.966 7.92517 0.01 1 79 0
2919 306.051 7.63341 0.01 1 67 0
2920 306.168 7.60788 0.01 1 66 0
2929 307.704 7.9591 0.01 1 65 0
2934 307.827 7.98263 0.01 1 72 0
2936 306.63 8.05968 0.01 1 67 0
2940 307.907 7.85418 0.01 1 72 0
2942 309.617 8.1344 0.01 1 66 0
2944 306.168 7.60788 0.01 1 66 0
2945 308.376 7.82905 0.01 1 67 0
2949 309.109 7.66079 0.01 1 72 0
2954 310.91 7.97681 0.01 1 72 0
2955 307.217 8.06491 0.01 1 72 0
2956 307.907 7.85418 0.01 1 72 0
2958 310.862 8.04581 0.01 1 72 0
2963 307.948 7.77587 0.01 1 66 0
2964 308.122 8.06491 0.01 1 72 0
2965 307.464 7.72762 0.01 1 67 0
2973 306.051 7.63341 0.01 1 67 0
2981 306.168 7.60788 0.01 1 67 0
2982 310.565 7.60323 0.01 1 72 0
2990 307.786 8.29714 0.01 1 65 0
2991 307.948 7.71313 0.01 1 67 0
2994 306.63 8.05968 0.01 1 66 0
2996 307.464 7.60771 0.01 1 67 0
2998 308.229 8.31613 0.01 1 72 0
3000 306.657 8.18278 0.01 1 66 0
3001 307.667 8.12451 0.01 1 67 0
3002 310.91 7.97681 0.01 1 72 0
3007 307.385 8.36939 0.01 1 72 0
3009 307.05 7.98856 0.01 1 72 0
3011 307.827 7.98263 0.01 1 72 0
3013 311.966 7.92517 0.01 1 79 0
3014 307.786 8.29714 0.01 1 65 0
3018 307.464 7.72762 0.01 1 67 0
3019 306.366 7.63341 0.01 1 67 0
3020 310.03 7.84996 0.01 1 72 0
3023 308.229 8.31613 0.01 1 67 0
3029 307.667 8.12451 0.01 1 67 0
3032 307.156 7.59656 0.01 1 66 -8.85129e-05
3034 311.966 7.7635 0.01 1 80 0
3035 307.164 7.91074 0.01 1 67 0
3036 307.59 8.22173 0.01 1 72 0
3037 310.78 8.12929 0.01 1 67 0
3039 308.19 7.55213 0.01 1 66 0
3042 310.905 7.88123 0.01 1 78 0
3056 307.464 7.95049 0.01 1 66 0
3062 311.516 7.92517 0.01 1 78 0
3065 307.407 8.34663 0.01 1 67 0
3066 311.966 7.92517 0.01 1 79 0
3071 307.464 7.95049 0.01 1 67 0
3072 310.862 8.04581 0.01 1 72 0
3080 307.786 8.29714 0.01 1 65 0
3083 311.966 7.92517 0.01 1 79 0
3087 309.56 7.93269 0.01 1 78 0
3089 309.766 7.75629 0.01 1 72 0
3092 306.164 8.31613 0.01 1 72 -0.0103749
3093 306.168 7.60788 0.01 1 67 0
3095 306.657 8.29714 0.01 1 67 0
3100 306.83 7.74954 0.01 1 65 0
3102 306.204 7.91074 0.01 1 67 0
3104 307.704 8.015 0.01 1 66 0
3105 306.63 8.05968 0.01 1 66 0
3106 308.8 8.1344 0.01 1 67 0
3107 310.582 8.04853 0.01 1 78 0
3108 308.127 7.55913 0.01 1 72 0
3112 309.252 7.69848 0.01 1 72 0
3114 307.156 7.74954 0.01 1 67 0
3117 310.03 7.84996 0.01 1 72 0
3119 309.163 8.04581 0.01 1 72 0
3123 307.786 8.29714 0.01 1 65 0
3129 306.168 7.60788 0.01 1 66 0
3130 308.127 7.44016 0.01 1 72 0
3131 310.905 7.88123 0.01 1 78 0
3133 311.966 7.76017 0.01 1 79 -1.93864e-05
3138 307.948 7.77587 0.01 1 65 0
3141 310.698 8.04853 0.01 1 79 0
3142 306.168 7.60788 0.01 1 66 0
3144 310.698 8.04853 0.01 1 79 0
3148 307.704 8.015 0.01 1 66 0
3156 311.966 7.7635 0.01 1 79 0
3160 311.966 7.86684 0.01 1 78 0
3165 307.177 8.02717 0.01 1 67 0
3166 307.464 7.72762 0.01 1 67 0
3167 306.27 8.29714 0.01 1 65 0
3168 310.698 8.04853 0.01 1 79 0
3169 307.95 7.90858 0.01 1 67 0
3171 307.948 7.77587 0.01 1 67 0
3173 310.582 8.04853 0.01 1 78 0
3175 311.966 7.7635 0.01 1 79 0
3178 306.482 8.015 0.01 1 66 0
3179 307.704 8.015 0.01 1 67 0
3180 309.163 8.05414 0.01 1 72 0
3181 308.19 7.55213 0.01 1 66 0
3185 307.704 8.015 0.01 1 67 0
3191 307.786 8.29714 0.01 1 65 0
3194 308.229 8.31613 0.01 1 67 0
3196 307.704 8.015 0.01 1 66 0
3197 309.646 7.72205 0.01 1 72 0
3198 311.287 7.84996 0.01 1 72 0
3199 309.597 7.79839 0.01 1 72 0
3201 311.966 7.92517 0.01 1 79 0
3205 306.741 8.29714 0.01 1 65 0.00518784
3206 307.948 7.77587 0.01 1 67 0
3207 308.448 7.67862 0.01 1 72 0
3211 306.482 8.015 0.01 1 66 0
3212 311.966 7.92517 0.01 1 79 0
3218 308.415 7.99204 0.01 1 72 0
3219 310.905 7.88123 0.01 1 78 0
3221 310.905 7.88123 0.01 1 78 0
3222 307.464 7.82905 0.01 1 67 0
3223 307.948 7.77587 0.01 1 67 0
3225 309.163 8.05414 0.01 1 72 0
3226 308.229 8.31613 0.01 1 67 0
3227 310.698 8.04853 0.01 1 79 0
3228 307.464 7.95049 0.01 1 67 0
3231 306.63 8.05968 0.01 1 66 0
3232 311.966 7.92517 0.01 1 79 0
3236 309.597 7.79839 0.01 1 72 0
3240 307.464 7.82905 0.01 1 67 0
3241 307.974 8.06491 0.01 1 72 0
3243 310.905 7.88123 0.01 1 78 0
3244 311.966 7.7635 0.01 1 80 0
3246 309.163 8.05414 0.01 1 72 0
3248 306.168 7.60788 0.01 1 66 0
3251 308.882 7.9039 0.01 1 72 0
3253 307.177 8.02717 0.01 1 67 0
3254 307.948 7.71313 0.01 1 67 0
3264 311.966 7.7635 0.01 1 79 0
3267 307.464 7.82905 0.01 1 65 0
3270 306.168 7.60788 0.01 1 66 0
3273 310.905 7.88123 0.01 1 78 0
3274 307.806 7.9296 0.01 1 66 0
3289 308.434 7.88123 0.01 1 78 0
3290 310.905 7.88123 0.01 1 79 0
3291 307.464 7.70927 0.01 1 66 0
3295 310.865 7.82103 0.01 1 72 0
3296 310.699 8.0596 0.01 1 72 0
3297 307.948 7.77587 0.01 1 66 0
3298 307.044 7.82905 0.01 1 67 0
3299 307.806 7.9296 0.01 1 66 0
3302 306.168 7.60788 0.01 1 66 0
3313 307.704 7.9591 0.01 1 65 0
3316 307.865 7.72762 0.01 1 67 0
3317 306.482 8.015 0.01 1 66 0
3322 311.516 7.92517 0.01 1 78 0
3328 308.965 8.20828 0.01 1 72 0
3335 310.2 8.20828 0.01 1 78 0
3337 305.531 7.93558 0.01 1 67 0
3339 308.889 8.06491 0.01 1 72 0
3341 310.2 8.20828 0.01 1 72 0
3344 307.786 8.29714 0.01 1 66 0
3348 307.464 7.72762 0.01 1 67 0
3349 306.83 7.74954 0.01 1 66 0
3350 307.806 7.9296 0.01 1 67 0
3353 304.152 8.05968 0.01 1 67 0
3354 307.948 7.77587 0.01 1 66 0
3355 307.667 8.12451 0.01 1 67 0
3356 310.104 7.67862 0.01 1 72 0
3357 307.464 7.95049 0.01 1 66 0
3359 307.728 8.14851 0.01 1 72 0
3363 311.275 7.9348 0.01 1 72 0
3367 309.163 8.04581 0.01 1 72 0
3370 309.913 8.13952 0.01 1 72 -0.0011964
3376 308.376 7.89577 0.01 1 67 0
3378 307.282 7.86411 0.01 1 67 0
3380 307.806 7.9296 0.01 1 66 0
3381 307.667 8.12451 0.01 1 67 0
3382 307.479 8.10187 0.01 1 72 0
3383 307.806 7.9296 0.01 1 66 0
3387 308.19 7.64432 0.01 1 66 0
3391 308.415 7.99204 0.01 1 72 0
3392 310.698 8.04853 0.01 1 79 0
3394 308.017 7.82905 0.01 1 67 0
3397 307.948 7.77587 0.01 1 67 0
3400 311.966 7.92517 0.01 1 79 0
3403 307.862 8.05412 0.01 1 66 0
3405 309.163 8.04581 0.01 1 72 0
3407 311.966 7.7635 0.01 1 79 0
3411 310.91 7.99204 0.01 1 72 0
3421 307.282 7.86411 0.01 1 67 0
3424 307.862 8.05412 0.01 1 66 0
3428 308.127 7.44016 0.01 1 72 0
3432 310.905 7.88123 0.01 1 78 0
3433 310.862 8.04581 0.01 1 72 0
3440 307.464 7.82905 0.01 1 67 0
3441 307.464 7.72762 0.01 1 67 0
3444 309.766 7.75629 0.01 1 72 0
3446 311.287 7.84996 0.01 1 72 0
3448 307.9 7.74954 0.01 1 67 0
3456 306.482 8.09644 0.01 1 65 0
3458 311.966 7.92517 0.01 1 79 0
3462 307.862 8.05412 0.01 1 66 0
3463 307.907 7.85418 0.01 1 72 0
3470 308.217 7.86208 0.01 1 67 0
3477 304.152 8.05968 0.01 1 67 0
3479 311.966 7.92517 0.01 1 79 0
3481 309.163 8.04581 0.01 1 72 0
3482 305.501 8.06555 0.01 1 67 0
3483 306.482 8.015 0.01 1 67 0
3494 307.908 8.06491 0.01 1 72 0
3514 310.03 7.84996 0.01 1 72 0
3521 310.905 7.88123 0.01 1 78 0
3525 307.464 7.72762 0.01 1 67 0
3527 307.177 8.02717 0.01 1 66 0
3528 310.905 7.88123 0.01 1 78 0
3536 308.302 8.09623 0.01 1 67 0
3540 308.229 8.31613 0.01 1 67 0
3543 310.03 7.84996 0.01 1 72 0
3546 306.572 8.0533 0.01 1 72 0
3547 309.112 8.11031 0.01 1 72 0
3548 306.83 7.74954 0.01 1 65 0
3549 306.63 8.05968 0.01 1 66 0
3557 307.667 8.27864 0.01 1 67 7.48932e-05
3561 306.168 7.60788 0.01 1 66 0
3564 309.252 7.77587 0.01 1 67 -0.0086509
3567 310.106 8.37382 0.01 1 72 0
3570 308.882 7.9039 0.01 1 72 -1.05798e-06
3571 310.698 8.04853 0.01 1 79 0
3574 308.8 8.1344 0.01 1 72 0
3575 311.516 7.92517 0.01 1 78 0
3590 306.657 8.29714 0.01 1 67 0
3591 310.905 7.88123 0.01 1 78 0
3595 310.905 7.88123 0.01 1 78 0
3597 306.168 7.60788 0.01 1 65 0
3607 306.63 8.05968 0.01 1 67 0
3610 309.766 7.75629 0.01 1 72 0
3611 310.565 7.60323 0.01 1 72 0
3613 309.136 7.90288 0.01 1 78 0
3616 307.156 7.74875 0.01 1 67 0
3617 306.168 7.60788 0.01 1 67 0
3620 310.862 8.04581 0.01 1 72 0
3626 306.168 7.60788 0.01 1 67 0
3628 309.163 8.01432 0.01 1 72 0
3629 306.482 8.015 0.01 1 65 0
3630 310.88 7.94026 0.01 1 78 0
3634 306.482 8.015 0.01 1 67 0
3636 307.667 8.12451 0.01 1 67 0
3643 306.051 7.63341 0.01 1 67 0
3646 308.882 8.10187 0.01 1 72 0
3648 308.19 7.64432 0.01 1 66 0
3649 307.667 8.12451 0.01 1 67 0
3653 307.704 8.015 0.01 1 66 0
3654 310.905 7.88123 0.01 1 78 0
3659 308.017 7.82905 0.01 1 67 0
3661 310.91 7.97681 0.01 1 72 0
3662 308.882 8.10187 0.01 1 72 0
3664 306.83 7.74954 0.01 1 65 0
3669 307.704 8.015 0.01 1 67 0
3670 308.894 8.22987 0.01 1 67 0
3675 310.862 8.04581 0.01 1 72 0
3684 310.862 8.04581 0.01 1 72 0
3685 307.077 8.16996 0.01 1 67 0
3686 312.007 7.91706 0.01 1 78 0
3695 308.19 7.55213 0.01 1 67 0
3698 307.786 8.29714 0.01 1 67 0
3703 309.112 8.11031 0.01 1 72 0
3705 306.482 8.015 0.01 1 66 0
3709 308.376 7.82905 0.01 1 67 0
3717 310.91 8.1297 0.01 1 72 0
3719 311.078 8.04581 0.01 1 72 -0.00127123
3721 306.63 8.05968 0.01 1 66 0
3726 308.469 8.00233 0.01 1 67 0
3727 307.948 7.77587 0.01 1 66 0
3733 306.168 7.60788 0.01 1 66 0
3737 306.83 7.74954 0.01 1 65 0
3738 306.168 7.60788 0.01 1 67 0
3749 310.78 8.12929 0.01 1 67 0
3751 309.56 7.93269 0.01 1 79 0
3753 309.597 7.79839 0.01 1 72 0
3756 307.704 8.015 0.01 1 66 0
3758 307.95 7.90858 0.01 1 67 0
3762 313.795 7.92517 0.01 1 79 -0.00218578
3766 307.907 7.83579 0.01 1 72 0
3767 310.675 7.7344 0.01 1 78 0
3772 310.582 8.04853 0.01 1 78 0
3776 307.156 7.74875 0.01 1 67 0
3777 308.911 7.82651 0.01 1 78 0
3778 308.376 7.82905 0.01 1 67 0
3779 309.252 7.69848 0.01 1 72 0
3780 308.229 8.31613 0.01 1 67 0
3781 306.168 7.60788 0.01 1 67 0
3785 306.168 7.60788 0.01 1 66 0
3793 306.168 7.60788 0.01 1 67 0
3813 307.217 8.06491 0.01 1 72 0
3815 307.177 8.02717 0.01 1 67 0
3818 306.482 8.015 0.01 1 66 0
3821 306.445 8.015 0.01 1 66 0
3823 307.786 8.29714 0.01 1 67 0
3824 308.19 7.55213 0.01 1 66 0
3825 307.177 8.1499 0.01 1 67 0
3830 307.464 7.72762 0.01 1 67 0
3833 311.275 8.00244 0.01 1 78 0
3836 307.914 7.94817 0.01 1 72 0
3837 309.112 8.11031 0.01 1 72 0
3838 310.106 8.31613 0.01 1 72 0
3839 310.104 7.6574 0.01 1 72 0
3844 308.127 7.46651 0.01 1 72 0
3846 307.806 7.9296 0.01 1 66 0
3847 308.651 7.91684 0.01 1 72 0
3848 307.177 8.02717 0.01 1 66 0
3852 307.704 7.9591 0.01 1 66 0
3854 306.63 8.05968 0.01 1 67 0
3856 306.168 7.60788 0.01 1 67 0
3857 307.464 7.87617 0.01 1 66 0
3858 308.651 7.91684 0.01 1 72 0
3860 311.966 7.92517 0.01 1 79 0
3861 311.966 7.92517 0.01 1 79 0
3863 307.385 8.36939 0.01 1 72 0
3865 307.786 8.29714 0.01 1 67 0
3868 310.905 7.88123 0.01 1 78 0
3870 308.367 7.7344 0.01 1 78 0
3872 310.905 7.88123 0.01 1 78 0
3877 310.106 8.31613 0.01 1 72 0
3879 307.786 8.29714 0.01 1 65 0
3881 308.469 8.00233 0.01 1 67 0
3884 310.03 7.84996 0.01 1 72 0
3886 306.83 7.74954 0.01 1 65 0
3889 307.464 7.95049 0.01 1 66 0
3890 308.69 8.31058 0.01 1 72 0
3894 307.696 7.97994 0.01 1 67 0
3900 306.051 7.63341 0.01 1 67 0
3904 308.882 8.10187 0.01 1 72 0
3907 308.19 7.55213 0.01 1 66 0
3912 306.051 7.63341 0.01 1 66 0
3916 307.177 8.02717 0.01 1 67 0
3920 309.112 8.11031 0.01 1 72 0
3921 307.786 8.29714 0.01 1 67 0
3927 307.786 8.29714 0.01 1 65 0
3928 308.229 8.31613 0.01 1 72 0
3929 307.948 7.71313 0.01 1 67 0
3936 310.165 7.85082 0.01 1 72 0
3937 310.386 7.85082 0.01 1 78 0
3944 311.966 7.92517 0.01 1 79 0
3948 310.675 7.7344 0.01 1 78 0
3951 310.905 7.88123 0.01 1 78 0
3954 307.704 8.015 0.01 1 66 0
3957 309.112 8.11031 0.01 1 72 0
3960 309.092 8.14851 0.01 1 72 0
3971 308.127 7.48844 0.01 1 66 0
3974 307.704 8.015 0.01 1 67 0
3975 310.905 7.88123 0.01 1 78 0
3978 308.164 8.1344 0.01 1 67 0
3979 307.948 7.77587 0.01 1 67 0
3980 307.114 7.99204 0.01 1 72 -0.00492688
3982 310.03 7.84996 0.01 1 72 0
3983 307.464 7.82905 0.01 1 67 0
3989 307.948 7.77587 0.01 1 66 0
3991 309.646 7.72205 0.01 1 72 0
3992 311.966 7.7635 0.01 1 78 0
3998 304.152 8.05968 0.01 1 67 0
3999 307.156 7.74875 0.01 1 67 0
4000 307.704 7.99784 0.01 1 67 0
4001 311.966 7.92517 0.01 1 79 0
4005 307.464 7.95049 0.01 1 66 0
4012 306.168 7.60788 0.01 1 66 0
4014 312.117 7.92073 0.01 1 72 0
4019 310.905 7.88123 0.01 1 78 0
4021 311.463 8.108 0.01 1 78 5.96046e-08
4023 308.127 7.55913 0.01 1 72 0
4024 307.948 7.77587 0.01 1 65 0
4028 307.156 7.74875 0.01 1 66 0
4031 307.862 8.05412 0.01 1 66 0
4032 307.177 8.02717 0.01 1 67 0
4035 311.966 7.92517 0.01 1 79 0
4036 307.786 8.29714 0.01 1 65 0
4046 307.85 7.72762 0.01 1 67 0
4048 310.905 7.88123 0.01 1 78 0
4050 310.03 7.84996 0.01 1 72 0
4052 307.464 7.95049 0.01 1 66 0
4053 306.366 7.63341 0.01 1 67 0
4054 307.424 8.31613 0.01 1 72 0
4057 307.786 8.29714 0.01 1 66 0
4059 306.83 7.74954 0.01 1 65 0
4061 310.698 8.04853 0.01 1 79 0
4063 310.106 8.31613 0.01 1 72 0
4064 306.83 7.74954 0.01 1 66 0
4065 307.667 8.12451 0.01 1 67 0
4068 307.704 8.015 0.01 1 66 0
4072 306.168 7.60788 0.01 1 67 0
4073 307.786 8.29714 0.01 1 65 0
4074 307.95 7.90858 0.01 1 67 0
4075 308.127 7.44016 0.01 1 72 -4.24534e-05
4086 310.572 8.20828 0.01 1 78 0
4093 309.56 7.93269 0.01 1 78 0
4094 307.464 7.72762 0.01 1 67 0
4098 306.168 7.60788 0.01 1 67 0
4100 307.177 8.02717 0.01 1 67 0
4107 310.675 7.7344 0.01 1 78 0
4108 306.63 8.05968 0.01 1 66 0
4130 310.675 7.7344 0.01 1 78 0
4134 307.406 7.91812 0.01 1 67 0
4137 307.177 8.02717 0.01 1 67 0
4147 306.974 7.77587 0.01 1 67 0.00304598
4152 310.905 7.88123 0.01 1 78 0
4153 309.163 8.04581 0.01 1 72 0
4156 312.007 7.91706 0.01 1 78 0
4157 310.908 7.84996 0.01 1 72 0
4160 307.948 7.77587 0.01 1 66 0
4162 307.704 8.015 0.01 1 66 0
4165 309.56 7.93269 0.01 1 79 0
4166 306.168 7.60788 0.01 1 66 0
4168 308.376 7.82905 0.01 1 66 0
4170 308.695 8.15358 0.01 1 72 0
4176 307.85 7.72762 0.01 1 67 0
4183 308.229 8.31613 0.01 1 67 0
4184 311.966 7.92517 0.01 1 80 0
4188 309.766 7.6388 0.01 1 72 -2.9847e-05
4189 311.966 7.7635 0.01 1 79 0
4190 308.965 8.16291 0.01 1 72 0
4194 309.56 7.93269 0.01 1 78 0
4195 311.966 7.7635 0.01 1 79 0
4197 310.905 7.88123 0.01 1 78 0
4198 310.698 8.04853 0.01 1 79 0
4201 308.623 8.3865 0.01 1 78 0
4204 310.106 8.31613 0.01 1 72 0
4215 307.424 8.31613 0.01 1 72 0
4220 311.966 7.7635 0.01 1 79 0
4221 311.966 7.7635 0.01 1 79 0
4228 310.03 7.84996 0.01 1 72 0
4229 311.966 7.92517 0.01 1 79 0
4232 309.56 7.93269 0.01 1 78 0
4237 308.882 8.14851 0.01 1 72 0
4241 309.475 8.13127 0.01 1 72 0
4247 311.966 7.92517 0.01 1 79 0
4248 310.03 7.84996 0.01 1 72 0
4255 306.706 7.60788 0.01 1 66 -0.000805914
4258 310.675 7.7344 0.01 1 78 0
4260 306.482 8.015 0.01 1 66 0
4265 310.194 7.81281 0.01 1 72 0
4270 310.862 8.04581 0.01 1 72 0
4271 308.965 8.16291 0.01 1 72 0
4278 309.838 7.79523 0.01 1 72 0
4279 307.464 7.72762 0.01 1 67 0
4280 307.827 8.0465 0.01 1 72 0
4288 308.367 7.7344 0.01 1 78 0
4291 307.177 8.02717 0.01 1 67 0
4292 307.479 8.10187 0.01 1 72 0
4294 307.164 7.91074 0.01 1 67 0
4297 306.366 7.63341 0.01 1 67 0
4299 309.597 7.78752 0.01 1 72 0
4301 307.177 8.02717 0.01 1 66 0
4305 311.966 7.92517 0.01 1 79 0
4306 308.415 7.99204 0.01 1 72 0
4307 307.704 8.015 0.01 1 66 0
4308 308.882 7.9039 0.01 1 72 0
4317 307.741 7.55913 0.01 1 72 0
4321 311.966 7.92517 0.01 1 79 0
4322 309.109 7.66079 0.01 1 72 0
4324 307.59 8.22173 0.01 1 72 0
4326 307.464 7.72762 0.01 1 67 0
4327 307.806 7.9296 0.01 1 66 0
4331 309.646 7.72205 0.01 1 72 0
4333 309.597 7.79839 0.01 1 72 0
4334 308.434 7.88123 0.01 1 78 0
4337 310.106 8.31613 0.01 1 72 0
4338 307.479 8.10187 0.01 1 72 0
4341 312.007 7.91706 0.01 1 78 0
4342 309.252 7.69848 0.01 1 72 0
4344 312.117 7.92073 0.01 1 72 0
4345 307.907 7.83579 0.01 1 72 0
4346 308.229 8.31613 0.01 1 67 0
4348 311.966 7.92517 0.01 1 79 0
4352 306.63 8.05968 0.01 1 66 0
4359 307.806 7.9296 0.01 1 66 0
4364 307.177 8.10352 0.01 1 67 0
4367 311.966 7.7635 0.01 1 79 0
4378 307.704 8.015 0.01 1 66 0
4380 307.59 8.22173 0.01 1 72 0
4383 307.385 8.36939 0.01 1 72 0
4388 307.907 7.83579 0.01 1 72 0
4392 308.302 8.09623 0.01 1 67 0
4397 310.2 8.20828 0.01 1 72 0
4402 306.657 8.29714 0.01 1 67 0
4408 308.127 7.55913 0.01 1 72 0
4412 306.168 7.60788 0.01 1 66 0
4413 307.177 8.0847 0.01 1 67 0
4414 307.464 7.87617 0.01 1 66 0
4419 308.562 8.22173 0.01 1 72 0
4421 310.582 8.04853 0.01 1 78 0
4423 307.704 8.015 0.01 1 66 0
4425 307.974 8.06491 0.01 1 72 0
4429 307.827 7.98263 0.01 1 72 0
4432 307.914 7.91222 0.01 1 72 0
4434 307.907 7.85418 0.01 1 72 0
4439 306.168 7.60788 0.01 1 67 0
4441 308.889 8.06491 0.01 1 72 0
4442 307.407 8.2593 0.01 1 67 0
4446 307.948 7.77587 0.01 1 66 0
4448 308.376 7.82905 0.01 1 67 0
4449 306.83 7.74954 0.01 1 65 0
4452 310.905 7.88123 0.01 1 78 0
4463 307.282 7.86411 0.01 1 67 0
4464 307.786 8.29714 0.01 1 65 0
4469 309.597 7.79839 0.01 1 72 0
4472 310.698 8.04853 0.01 1 78 0
4476 306.445 8.015 0.01 1 66 0
4479 307.464 7.82905 0.01 1 67 0
4481 307.704 7.9591 0.01 1 65 0
4482 309.252 7.69848 0.01 1 72 0
4483 309.163 8.04581 0.01 1 72 0
4486 306.482 8.015 0.01 1 67 0
4494 311.966 7.92517 0.01 1 79 0
4499 307.948 7.77587 0.01 1 66 0
4503 310.106 8.31613 0.01 1 72 0
4505 311.966 7.92517 0.01 1 79 0
4507 307.948 7.77587 0.01 1 66 0
4508 306.482 8.015 0.01 1 66 0
4512 311.966 7.92517 0.01 1 80 0
4513 307.948 7.77587 0.01 1 67 0
4514 309.56 7.93269 0.01 1 79 0
4524 310.905 7.88123 0.01 1 78 0
4525 306.366 7.63341 0.01 1 67 0
4528 310.905 7.88123 0.01 1 78 0
4531 307.972 8.05968 0.01 1 67 0
4532 311.966 7.7635 0.01 1 78 0
4542 307.164 7.91074 0.01 1 67 0
4543 307.786 8.29714 0.01 1 67 0
4548 306.168 7.60788 0.01 1 66 0
4549 311.275 8.0059 0.01 1 78 0
4555 307.451 7.77587 0.01 1 66 0
4556 307.177 8.0847 0.01 1 67 0
4557 310.008 7.691 0.01 1 78 0
4558 311.966 7.7635 0.01 1 79 0
4559 306.63 8.05968 0.01 1 66 0
4561 311.966 7.7635 0.01 1 79 0
4564 306.168 7.60788 0.01 1 67 0
4568 307.033 8.015 0.01 1 67 0
4572 308.302 8.09623 0.01 1 67 0
4575 308.8 8.1344 0.01 1 67 0
4579 309.503 8.31613 0.01 1 72 0
4580 307.948 7.77587 0.01 1 67 0
4582 307.177 8.1499 0.01 1 67 0
4585 310.675 7.7344 0.01 1 78 0
4599 306.051 7.63341 0.01 1 67 0
4606 308.376 7.89577 0.01 1 67 0
4610 308.415 7.99204 0.01 1 72 0
4611 307.464 7.95049 0.01 1 66 0
4613 306.572 8.0533 0.01 1 72 0
4614 310.2 8.20828 0.01 1 78 0
4615 307.855 7.99204 0.01 1 72 0
4617 308.127 7.48844 0.01 1 66 0
4618 307.464 7.82905 0.01 1 67 0
4619 310.905 7.88123 0.01 1 78 0
4622 307.806 7.9296 0.01 1 66 0
4623 307.464 7.87617 0.01 1 67 0
4626 306.168 7.60788 0.01 1 67 0
4627 308.19 7.55213 0.01 1 66 0
4628 309.56 7.93269 0.01 1 79 0
4629 306.63 8.05968 0.01 1 66 0
4632 307.704 8.015 0.01 1 66 0
4634 307.464 7.82905 0.01 1 67 0
4639 308.229 8.31613 0.01 1 67 0
4650 307.806 7.9296 0.01 1 66 0
4653 311.966 7.92517 0.01 1 80 0
4657 310.905 7.88123 0.01 1 79 0
4663 309.56 7.93269 0.01 1 80 0
4672 306.63 7.91222 0.01 1 72 0
4676 307.704 8.015 0.01 1 66 0
4677 310.104 7.67862 0.01 1 72 0
4679 308.911 7.82651 0.01 1 78 0
4685 308.695 8.15358 0.01 1 72 0
4687 308.19 7.64432 0.01 1 67 0
4691 307.464 7.60771 0.01 1 67 0
4693 306.168 7.60788 0.01 1 66 0
4694 306.83 7.74954 0.01 1 66 0
4695 310.104 7.67862 0.01 1 72 0
4699 311.966 7.86684 0.01 1 78 0
4700 310.675 7.7344 0.01 1 78 0
4701 307.464 7.95049 0.01 1 66 0
4706 311.966 7.7635 0.01 1 79 0
4707 306.482 8.015 0.01 1 66 0
4708 307.948 7.77587 0.01 1 67 0
4709 306.049 8.14851 0.01 1 72 0
4710 311.125 8.31613 0.01 1 72 0
4711 307.704 8.015 0.01 1 66 0
4718 308.093 7.82905 0.01 1 66 -0.00157917
4721 307.704 8.015 0.01 1 66 0
4724 307.464 7.72762 0.01 1 67 0
4726 307.667 8.12451 0.01 1 67 0
4732 307.862 8.05412 0.01 1 66 0
4735 307.806 7.9296 0.01 1 66 0
4736 311.966 7.92517 0.01 1 78 0
4746 306.168 7.60788 0.01 1 67 0
4748 307.948 7.77587 0.01 1 67 0
4749 308.229 8.31613 0.01 1 67 0
4751 311.516 7.92517 0.01 1 78 0
4753 307.464 7.85969 0.01 1 67 0
4757 306.168 7.60788 0.01 1 66 0
4759 307.907 7.83579 0.01 1 72 0
4765 310.2 8.20828 0.01 1 72 0
4767 307.85 7.72762 0.01 1 67 0
4768 308.695 8.15358 0.01 1 72 0
4770 309.163 8.04581 0.01 1 72 0
4771 307.907 7.85418 0.01 1 72 0
4774 311.966 7.92517 0.01 1 79 0
4775 309.56 7.93269 0.01 1 78 0
4780 306.83 7.74954 0.01 1 66 0
4785 309.092 8.14851 0.01 1 72 0
4794 310.675 7.7344 0.01 1 78 0
4796 308.19 7.55213 0.01 1 66 0
4797 308.415 7.99204 0.01 1 72 0
4799 307.806 7.9296 0.01 1 66 0
4801 308.889 8.06491 0.01 1 72 0
4802 306.482 8.015 0.01 1 67 0
4803 306.168 7.60788 0.01 1 66 0
4804 307.704 8.015 0.01 1 66 0
4806 310.78 8.12929 0.01 1 67 0
4808 307.451 7.77587 0.01 1 66 0
4810 311.966 7.92517 0.01 1 79 0
4813 309.163 8.04581 0.01 1 72 0
4815 307.907 7.83579 0.01 1 72 0
4819 307.9 7.74954 0.01 1 67 0
4822 310.675 7.7344 0.01 1 78 0
4824 310.78 8.12929 0.01 1 67 0
4826 306.482 8.015 0.01 1 66 0
4827 309.112 8.11031 0.01 1 72 0
4828 306.482 8.015 0.01 1 66 0
4830 306.168 7.60788 0.01 1 66 0
4831 310.905 7.88123 0.01 1 78 0
4837 307.806 7.9296 0.01 1 66 0
4839 306.168 7.60788 0.01 1 67 0
4845 311.966 7.7635 0.01 1 79 0
4846 310.905 7.88123 0.01 1 78 0
4847 309.56 7.93269 0.01 1 78 0
4850 308.882 8.10187 0.01 1 72 0
4852 310.675 7.7344 0.01 1 78 0
4854 306.482 8.015 0.01 1 66 0
4855 310.905 7.88123 0.01 1 78 0
4858 310.698 8.04853 0.01 1 79 0
4861 307.786 8.29714 0.01 1 65 0
4864 306.168 7.60788 0.01 1 66 0
4868 310.675 7.7344 0.01 1 78 0
4872 307.948 7.77587 0.01 1 66 0
4873 311.966 7.92517 0.01 1 79 0
4879 310.905 7.88123 0.01 1 78 0
4882 307.704 7.98365 0.01 1 67 0
4883 310.905 7.88123 0.01 1 78 0
4884 311.966 7.92517 0.01 1 79 0
4890 306.366 7.63341 0.01 1 67 0
4895 306.83 7.74954 0.01 1 67 0
4902 309.766 7.75629 0.01 1 72 0
4903 310.2 8.20828 0.01 1 78 0
4910 307.948 7.77587 0.01 1 66 0
4912 307.806 7.9296 0.01 1 66 0
4914 307.164 7.91074 0.01 1 67 0
4915 307.464 7.60771 0.01 1 66 0
4916 307.464 7.72762 0.01 1 67 0
4917 308.302 8.09623 0.01 1 67 0
4918 307.156 7.74875 0.01 1 66 0
4920 310.106 8.31613 0.01 1 72 0
4923 309.832 7.85082 0.01 1 72 0
4924 310.582 8.04853 0.01 1 78 0
4925 306.164 8.34301 0.01 1 72 0
4926 308.882 8.10187 0.01 1 72 0
4932 308.302 8.09623 0.01 1 67 0
4939 306.657 8.18278 0.01 1 67 0
4950 311.966 7.92517 0.01 1 79 0
4951 307.407 8.34663 0.01 1 66 0
4952 308.469 8.00233 0.01 1 67 0
4956 310.905 7.88123 0.01 1 78 0
4960 306.482 8.015 0.01 1 67 0
4961 308.127 7.55552 0.01 1 66 0.000136122
4963 309.163 8.05414 0.01 1 72 0
4964 307.464 7.87617 0.01 1 66 0
4967 308.889 8.06491 0.01 1 72 0
4970 310.675 7.7344 0.01 1 78 0
4971 310.2 8.20828 0.01 1 78 0
4973 307.704 7.9591 0.01 1 65 0
4974 306.657 8.29714 0.01 1 67 0
4979 308.19 7.64432 0.01 1 66 0
4986 308.434 7.88123 0.01 1 78 0
4987 307.251 7.53262 0.01 1 67 0
4989 309.617 8.33254 0.01 1 66 0.000838175
4993 309.56 7.93269 0.01 1 79 0
4994 307.464 7.87617 0.01 1 66 0
4997 309.56 7.93269 0.01 1 79 0
5013 309.56 7.93269 0.01 1 79 0
5014 307.59 8.22173 0.01 1 72 0
5015 309.163 8.01014 0.01 1 72 0
5018 307.424 8.28524 0.01 1 72 0
5022 307.251 7.53262 0.01 1 66 0
5023 306.83 7.74954 0.01 1 65 0
5026 307.948 7.77587 0.01 1 66 0
5027 312.191 8.10396 0.01 1 79 0
5029 308.19 7.55213 0.01 1 66 0
5031 306.482 8.015 0.01 1 67 0
5032 308.19 7.55213 0.01 1 67 0
5038 310.675 7.7344 0.01 1 78 0
5042 306.051 7.63341 0.01 1 67 0
5047 306.168 7.60788 0.01 1 67 0
5048 307.914 7.66327 0.01 1 72 -0.000122398
5053 307.948 7.77587 0.01 1 66 0
5054 307.907 7.83579 0.01 1 72 0
5055 311.966 7.92517 0.01 1 79 0
5056 307.464 7.82905 0.01 1 66 0
5059 308.647 7.91222 0.01 1 72 0.00490525
5064 309.163 8.01014 0.01 1 72 -3.57628e-07
5070 309.56 7.93269 0.01 1 78 0
5071 310.862 8.04581 0.01 1 72 0
5072 309.56 7.93269 0.01 1 79 0
5073 306.657 8.18278 0.01 1 66 0
5078 310.905 7.88123 0.01 1 78 0
5081 306.27 8.29714 0.01 1 65 0
5085 306.482 8.015 0.01 1 66 0
5086 311.516 7.92517 0.01 1 78 0
5087 310.13 7.85082 0.01 1 72 0
5089 306.83 7.74954 0.01 1 65 0
5091 307.827 7.98263 0.01 1 72 0
5093 310.905 7.88123 0.01 1 78 0
5097 308.911 7.82651 0.01 1 78 0
5098 308.19 7.55213 0.01 1 66 0
5099 306.168 7.60788 0.01 1 66 0
5101 306.168 7.60788 0.01 1 66 0
5103 307.786 8.29714 0.01 1 65 0
5107 307.786 8.29714 0.01 1 65 0
5108 307.704 8.015 0.01 1 66 0
5112 309.56 7.93269 0.01 1 80 0
5113 306.168 7.60788 0.01 1 66 0
5115 311.966 7.92517 0.01 1 79 0
5118 308.19 7.64432 0.01 1 66 0
5121 307.704 8.015 0.01 1 66 0
5127 307.464 7.82905 0.01 1 67 0
5129 309.252 7.69848 0.01 1 72 0
5130 307.464 7.60771 0.01 1 66 0
5131 311.863 7.92517 0.01 1 79 -0.000189111
5132 307.177 8.1499 0.01 1 67 0
5133 308.229 8.31613 0.01 1 67 0
5135 311.966 7.7635 0.01 1 79 0
5139 310.675 7.7344 0.01 1 78 0
5140 308.217 7.86208 0.01 1 67 0
5141 306.657 8.29714 0.01 1 67 0
5142 306.482 8.015 0.01 1 66 0
5143 310.905 7.88123 0.01 1 78 0
5145 310.03 7.84996 0.01 1 72 0
