max_pf 116 min_pf 17
individual T0 sigma disp_rate r0 patch_no mut_eff
19 304.898 7.87372 0.01 1 72 0
25 298.25 8.24092 0.01 1 19 0
42 306.736 8.06291 0.01 1 72 0
55 309.179 8.1584 0.01 1 72 0
66 325.157 8.2271 0.01 1 115 0
105 295.996 8.24092 0.01 1 19 0
134 307.833 8.06251 0.01 1 72 0
193 307.468 8.2518 0.01 1 72 0
197 307.87 8.42115 0.01 1 72 0
235 308.426 7.95491 0.01 1 72 0
256 307.512 8.14618 0.01 1 72 0
271 305.399 8.37098 0.01 1 72 0
315 308.685 8.06656 0.01 1 72 0
326 310.638 8.32806 0.01 1 72 0
348 327.562 8.21354 0.01 1 116 0.0138691
404 325.157 8.2271 0.01 1 115 0
407 296.778 8.24092 0.01 1 19 0
411 310.258 7.37281 0.01 1 72 0
500 326.255 8.21354 0.01 1 114 0
515 310.638 8.32806 0.01 1 72 0
622 297.337 8.35124 0.01 1 19 0
677 310.461 8.51389 0.01 1 72 0
787 296.852 8.35327 0.01 1 18 0
832 307.499 8.47156 0.01 1 72 0
951 295.996 8.24092 0.01 1 19 0
1013 297.337 8.24092 0.01 1 19 0
1052 297.337 8.36834 0.01 1 19 0
1053 309.768 7.95467 0.01 1 72 0
1067 326.255 8.24015 0.01 1 115 0
1328 297.337 8.46945 0.01 1 19 0
1372 297.337 8.24092 0.01 1 18 0
1451 307.42 8.03643 0.01 1 72 0
1542 306.789 8.06575 0.01 1 72 0
1582 329.211 8.3696 0.01 1 114 0
1585 327.805 8.28755 0.01 1 114 0
1622 325.157 8.2271 0.01 1 116 0
1701 326.255 8.21354 0.01 1 115 0
1720 308.89 8.11117 0.01 1 72 1.63913e-07
1736 296.778 8.43931 0.01 1 18 0.00308771
1757 296.889 8.24092 0.01 1 19 0
1788 328.225 8.16523 0.01 1 114 0
1794 297.337 8.24092 0.01 1 19 0
1823 325.157 8.2271 0.01 1 116 0
1853 329.211 8.3696 0.01 1 114 0
2013 297.337 8.35124 0.01 1 19 0
2047 326.485 8.22103 0.01 1 114 0
2060 308.726 8.29114 0.01 1 72 0
2069 298.144 8.24092 0.01 1 19 0
2163 295.015 8.24092 0.01 1 18 0
2201 327.31 8.2271 0.01 1 115 0
2212 297.337 8.36834 0.01 1 19 0
2297 310.258 7.37281 0.01 1 72 0
2319 308.988 8.36299 0.01 1 72 0.00301003
2393 298.144 8.24092 0.01 1 19 0
2430 309.307 8.14529 0.01 1 72 0
2574 328.667 8.16523 0.01 1 114 0
2576 308.788 8.16265 0.01 1 72 0
2610 295.015 8.32083 0.01 1 19 0
2636 297.337 8.35124 0.01 1 19 0
2765 308.582 7.50996 0.01 1 72 0
2879 326.213 8.12229 0.01 1 115 0
2953 308.1 7.62051 0.01 1 72 0
2963 308.89 8.07446 0.01 1 72 0
2986 310.461 8.43029 0.01 1 72 0
3154 309.441 7.89101 0.01 1 72 0
3192 309.17 8.07446 0.01 1 72 0
3201 295.996 8.24092 0.01 1 17 0
3276 326.255 8.35354 0.01 1 115 0
3300 308.085 8.18004 0.01 1 72 0
3429 325.988 8.40858 0.01 1 114 0
3449 310.359 7.47545 0.01 1 72 0
3529 308.83 8.28482 0.01 1 72 0
3564 328.225 8.16523 0.01 1 114 0
3582 307.833 8.06251 0.01 1 72 0
3722 309.723 8.17375 0.01 1 72 0
3813 296.778 8.24092 0.01 1 19 0
3914 295.996 8.24092 0.01 1 18 0
4006 295.996 8.24092 0.01 1 19 0
4175 297.337 8.36834 0.01 1 19 0
4185 295.996 8.24092 0.01 1 19 0
4340 308.788 8.16265 0.01 1 72 0
4351 326.255 8.21354 0.01 1 115 0
4427 325.988 8.40858 0.01 1 114 0
4428 325.157 8.2271 0.01 1 116 0
4546 326.255 8.21354 0.01 1 116 0
4567 297.337 8.24092 0.01 1 18 0
4627 308.685 8.06656 0.01 1 72 0
4700 295.996 8.29868 0.01 1 19 0
4717 308.426 7.88735 0.01 1 72 -8.88109e-06
4760 327.056 8.31789 0.01 1 114 0
4826 307.833 8.06251 0.01 1 72 0
4917 307.468 8.2518 0.01 1 72 0
4927 295.996 8.24092 0.01 1 19 0
5020 308.051 8.03318 0.01 1 72 0
5025 309.17 8.07446 0.01 1 72 0
5156 297.337 8.35124 0.01 1 18 0
5177 310.84 8.17375 0.01 1 72 0
5242 295.996 8.24092 0.01 1 19 0
5268 297.337 8.36834 0.01 1 17 0
5301 309.179 8.1584 0.01 1 72 0
5302 326.255 8.21354 0.01 1 115 0
5315 309.307 8.14529 0.01 1 72 0
5455 295.891 8.33389 0.01 1 19 0
5486 326.255 8.16778 0.01 1 115 0
5531 326.485 8.22103 0.01 1 114 0
5551 295.891 8.33389 0.01 1 19 0
5632 296.778 8.24092 0.01 1 19 0
5634 296.778 8.24092 0.01 1 19 0
5713 310.461 8.51389 0.01 1 72 0
5754 308.788 8.16265 0.01 1 72 0
5787 295.473 8.24092 0.01 1 19 0
5808 310.877 8.04306 0.01 1 72 0
5825 306.736 8.06291 0.01 1 72 0
5836 309.606 8.06656 0.01 1 72 -0.00180726
5839 296.778 8.31975 0.01 1 19 0
5972 299.048 8.35124 0.01 1 19 -0.0141626
6047 326.255 8.21354 0.01 1 115 0
6134 308.753 7.87372 0.01 1 72 0
6228 308.426 7.95491 0.01 1 72 0
6329 295.995 8.24092 0.01 1 19 0
6380 295.996 8.29868 0.01 1 19 0
6485 308.426 7.95491 0.01 1 72 0
6494 310.461 8.36299 0.01 1 72 0
6505 297.337 8.35124 0.01 1 19 0
6551 310.84 8.17375 0.01 1 72 0
6607 308.274 7.81158 0.01 1 72 0
6644 296.778 8.24092 0.01 1 19 0
6706 307.833 8.06251 0.01 1 72 0
6933 325.157 8.2271 0.01 1 114 0
7189 309.307 8.14529 0.01 1 72 0
7201 310.877 8.04306 0.01 1 72 0
7234 295.996 8.24092 0.01 1 18 0
7274 294.456 8.4804 0.01 1 19 0
7498 310.301 8.09162 0.01 1 72 0
7521 308.426 7.83798 0.01 1 72 0
7639 308.726 8.29114 0.01 1 72 0
7663 307.499 8.44574 0.01 1 72 0
7669 295.996 8.24092 0.01 1 19 0
7702 310.461 8.34224 0.01 1 72 0
7715 310.877 8.04306 0.01 1 72 0
7839 327.056 8.31789 0.01 1 115 0
7882 326.255 8.11915 0.01 1 114 0
7886 295.995 8.24092 0.01 1 19 0
7917 296.778 8.24092 0.01 1 19 0
7959 326.255 8.21354 0.01 1 114 0
7960 295.996 8.24092 0.01 1 19 0
8044 308.426 7.88735 0.01 1 72 0
8126 296.778 8.25624 0.01 1 18 0
8215 307.833 8.06251 0.01 1 72 0
8301 296.852 8.35327 0.01 1 19 0
8335 295.995 8.24092 0.01 1 19 0
8389 308.392 7.80215 0.01 1 72 0
8426 326.213 8.12229 0.01 1 115 0
8454 295.891 8.33389 0.01 1 19 0
8527 309.179 8.1584 0.01 1 72 0
8576 296.778 8.24092 0.01 1 19 0
8601 308.788 8.16265 0.01 1 72 0
8666 326.255 8.21354 0.01 1 115 0
8669 295.996 8.24092 0.01 1 19 0
8868 325.157 8.2271 0.01 1 115 0
8909 306.736 8.06291 0.01 1 72 0
8917 304.898 7.87372 0.01 1 72 0
8933 295.996 8.24092 0.01 1 18 0
8968 298.144 8.24092 0.01 1 19 0
9025 297.337 8.24092 0.01 1 19 0
9046 298.92 8.24092 0.01 1 19 0
9071 327.31 8.2271 0.01 1 115 0
9109 308.788 8.16265 0.01 1 72 0
9110 310.461 8.36299 0.01 1 72 0
9123 307.42 8.03643 0.01 1 72 0
9217 305.399 8.37098 0.01 1 72 0
9265 309.563 8.1132 0.01 1 72 0
9281 297.337 8.35124 0.01 1 19 0
9482 323.623 8.09612 0.01 1 115 0
9542 326.255 8.21354 0.01 1 116 0
9575 297.337 8.24092 0.01 1 19 0
9610 298.346 8.24092 0.01 1 19 0
9630 298.144 8.24092 0.01 1 19 0
9661 308.788 8.16265 0.01 1 72 0
9731 326.255 8.21354 0.01 1 115 0
9746 296.778 8.24092 0.01 1 17 0
9824 308.788 8.16265 0.01 1 72 0
9868 325.157 8.2271 0.01 1 116 0
9983 298.144 8.24092 0.01 1 17 0
10041 296.778 8.24092 0.01 1 18 0
10137 310.258 7.37281 0.01 1 72 0
10148 298.144 8.24092 0.01 1 19 0
10164 309.307 8.14529 0.01 1 72 0
10189 307.468 8.157 0.01 1 72 0
10269 326.255 8.21354 0.01 1 115 0
10303 307.829 8.12522 0.01 1 72 0
10304 295.996 8.24092 0.01 1 19 0
10310 305.278 8.06575 0.01 1 72 0
10408 296.022 8.29868 0.01 1 19 -0.000274148
10430 310.461 8.43029 0.01 1 72 0
10483 296.778 8.24092 0.01 1 19 0
10501 326.255 8.16523 0.01 1 115 0
10560 307.468 8.2518 0.01 1 72 0
10563 310.84 8.17375 0.01 1 72 0
10615 326.255 8.16523 0.01 1 115 0
10694 325.157 8.2271 0.01 1 115 0
10775 309.17 8.07446 0.01 1 72 0
10803 327.805 8.28755 0.01 1 114 0
10896 298.92 8.24092 0.01 1 19 0
10923 308.558 7.43594 0.01 1 72 0
11018 310.877 8.04306 0.01 1 72 0
11037 296.778 8.24092 0.01 1 18 0
11132 298.25 8.24092 0.01 1 19 0
11134 310.564 8.17803 0.01 1 72 0
11141 327.31 8.2271 0.01 1 115 0
11150 308.426 7.95491 0.01 1 72 0
11195 295.687 8.24092 0.01 1 18 0.00305304
11250 295.996 8.24092 0.01 1 18 0
11376 295.996 8.29868 0.01 1 19 0
11405 309.307 8.14529 0.01 1 72 0
11471 326.255 8.21354 0.01 1 115 0
11497 326.255 8.21354 0.01 1 115 0
11525 297.337 8.24092 0.01 1 19 0
11540 326.255 8.21354 0.01 1 115 0
11553 296.852 8.35327 0.01 1 19 0
11622 325.988 8.40858 0.01 1 114 0
11647 326.255 8.21354 0.01 1 114 0
11715 327.52 8.16523 0.01 1 114 0
11718 309.179 8.1584 0.01 1 72 0
11782 297.337 8.36834 0.01 1 19 0
11791 310.359 7.47545 0.01 1 72 0
11920 323.623 8.09612 0.01 1 114 0
11944 295.995 8.24092 0.01 1 19 0
11978 308.558 7.43594 0.01 1 72 0
12087 295.995 8.24092 0.01 1 19 0
12106 310.638 8.32806 0.01 1 72 0
12110 295.176 8.24092 0.01 1 18 0.00888693
12163 307.42 8.03643 0.01 1 72 0
12213 297.21 8.26179 0.01 1 19 0
12441 305.278 8.06575 0.01 1 72 0
12466 296.778 8.24092 0.01 1 18 0
12601 327.117 8.2271 0.01 1 114 0.0265874
12731 326.255 8.21354 0.01 1 114 0
12798 323.623 8.09612 0.01 1 115 0
12846 310.84 8.17375 0.01 1 72 0
12979 298.144 8.24092 0.01 1 18 0
13110 297.337 8.24092 0.01 1 19 0
13221 326.255 8.21354 0.01 1 116 0
13239 297.337 8.35124 0.01 1 19 0
13294 295.996 8.24092 0.01 1 19 0
13319 297.337 8.24092 0.01 1 18 0
13354 295.996 8.24092 0.01 1 18 0
13409 295.996 8.24092 0.01 1 19 0
13461 307.499 8.47156 0.01 1 72 0
13506 308.558 7.43594 0.01 1 72 0
13534 296.778 8.24092 0.01 1 18 0
13535 307.833 8.06251 0.01 1 72 0
13656 308.426 7.95491 0.01 1 72 0
13752 298.144 8.24092 0.01 1 18 0
13836 325.157 8.2271 0.01 1 115 0
13868 309.17 8.07446 0.01 1 72 0
13909 309.307 8.14529 0.01 1 72 0
13964 306.789 8.06575 0.01 1 72 0
13999 295.996 8.24092 0.01 1 18 0
14007 309.307 8.14529 0.01 1 72 0
14173 326.255 8.21354 0.01 1 114 0
14223 298.144 8.24092 0.01 1 18 0
14332 296.778 8.24092 0.01 1 19 0
14356 308.1 7.62051 0.01 1 72 0
14438 326.255 8.21354 0.01 1 115 0
14439 295.996 8.29868 0.01 1 19 0
14599 297.337 8.24092 0.01 1 18 0
14639 326.213 8.25026 0.01 1 115 0
14677 308.685 8.06656 0.01 1 72 0
14680 308.685 8.06656 0.01 1 72 0
14761 325.229 8.21354 0.01 1 115 0
14790 297.337 8.24092 0.01 1 19 0
14873 308.788 8.16265 0.01 1 72 0
14874 310.328 8.17375 0.01 1 72 0
14938 325.157 8.25026 0.01 1 114 0
14971 308.426 7.95491 0.01 1 72 0
14992 326.485 8.22103 0.01 1 114 0
15080 310.328 8.17375 0.01 1 72 0
15106 327.805 8.25026 0.01 1 114 0
15115 295.995 8.24092 0.01 1 18 0
15211 309.179 8.1584 0.01 1 72 0
15263 309.251 8.06542 0.01 1 72 0
15278 310.877 8.04306 0.01 1 72 0
15417 308.392 7.80477 0.01 1 72 0
15712 306.62 8.5095 0.01 1 72 0
15812 310.461 8.34224 0.01 1 72 0
15829 309.627 7.62051 0.01 1 72 0
15864 309.179 8.1584 0.01 1 72 0
15908 298.144 8.26613 0.01 1 19 0.000361834
16045 298.995 8.24092 0.01 1 19 0
16078 296.852 8.35327 0.01 1 19 0
16083 306.736 8.06291 0.01 1 72 0
16247 309.279 7.36596 0.01 1 72 0
16279 324.607 8.2271 0.01 1 114 0
16290 307.468 8.157 0.01 1 72 0
16306 326.255 8.21354 0.01 1 115 0
16340 326.255 8.21354 0.01 1 116 0
16352 295.996 8.24092 0.01 1 19 0
16355 307.42 8.03643 0.01 1 72 0
16441 310.258 7.37281 0.01 1 72 0
16454 305.278 8.06575 0.01 1 72 0
16572 310.461 8.36299 0.01 1 72 0
16632 308.558 7.42058 0.01 1 72 -1.46031e-06
16755 306.488 7.85931 0.01 1 72 0
16803 326.255 8.21354 0.01 1 114 0
16886 296.778 8.24092 0.01 1 17 0
16925 309.723 8.17375 0.01 1 72 0
17026 297.21 8.26179 0.01 1 19 0
17204 310.461 8.36299 0.01 1 72 0
17261 295.996 8.24092 0.01 1 18 0
17320 309.251 8.06542 0.01 1 72 0
17331 309.307 8.14529 0.01 1 72 0
17424 308.83 8.28482 0.01 1 72 0
17490 308.83 8.28482 0.01 1 72 0
17569 295.996 8.23899 0.01 1 19 -3.27006e-05
17571 329.211 8.3696 0.01 1 114 0
17709 325.157 8.2271 0.01 1 116 0
17837 308.788 8.16265 0.01 1 72 0
17839 298.144 8.24092 0.01 1 19 0
17841 309.251 8.06542 0.01 1 72 0
17905 297.337 8.24092 0.01 1 19 0
17948 297.337 8.36834 0.01 1 18 0
17971 326.255 8.16523 0.01 1 115 0
17997 305.399 8.37098 0.01 1 72 0
18031 297.337 8.36834 0.01 1 19 0
18038 328.225 8.16523 0.01 1 115 0
18108 308.788 8.16265 0.01 1 72 0
18187 297.337 8.24092 0.01 1 18 0
18320 310.461 8.43029 0.01 1 72 0
18321 296.778 8.24092 0.01 1 18 0
18403 310.258 7.37281 0.01 1 72 0
18413 310.564 8.22781 0.01 1 72 0
18604 326.255 8.21354 0.01 1 115 0
18622 309.723 8.17375 0.01 1 72 0
18634 326.255 8.21354 0.01 1 116 0
18658 307.42 8.03643 0.01 1 72 0
18659 295.995 8.24092 0.01 1 19 0
18726 323.623 8.09612 0.01 1 114 0
18910 295.996 8.0864 0.01 1 19 -0.00359719
18987 325.157 8.2271 0.01 1 114 0
18988 326.255 8.21354 0.01 1 114 0
19020 297.337 8.45458 0.01 1 19 0.00160293
19040 298.92 8.24092 0.01 1 19 0
19126 323.623 8.09612 0.01 1 115 0
19140 310.328 8.17375 0.01 1 72 0
19147 310.025 8.14108 0.01 1 72 0
19164 324.607 8.2271 0.01 1 114 0
19250 295.995 8.24092 0.01 1 19 0
19271 306.736 8.06291 0.01 1 72 0
19292 297.337 8.35124 0.01 1 19 0.00182915
19339 307.059 8.36469 0.01 1 72 0
19342 297.337 8.24092 0.01 1 19 0
19379 309.988 7.36596 0.01 1 72 0
19410 295.996 8.29868 0.01 1 19 0
19605 328.225 8.16523 0.01 1 114 0
19711 306.708 8.42018 0.01 1 72 0
19833 310.258 7.37281 0.01 1 72 0
19912 310.025 7.94339 0.01 1 72 -7.87973e-05
20045 296.778 8.24092 0.01 1 18 0
20061 298.144 8.16044 0.01 1 19 0
20078 308.788 8.16265 0.01 1 72 0
20097 295.891 8.33389 0.01 1 19 0
20200 296.852 8.35327 0.01 1 19 0
20225 310.461 8.43029 0.01 1 72 0
20242 327.31 8.2271 0.01 1 115 0
20330 309.441 7.89101 0.01 1 72 0
20334 309.279 7.36596 0.01 1 72 0
20366 325.546 8.2271 0.01 1 115 0
20379 307.499 8.46359 0.01 1 72 0
20402 326.255 8.21354 0.01 1 115 0
20632 326.255 8.21354 0.01 1 115 0
20642 326.255 8.21354 0.01 1 115 0
20673 295.996 8.0864 0.01 1 19 0
20724 305.278 8.06575 0.01 1 72 0
20788 309.17 8.07446 0.01 1 72 0
20807 296.778 8.24092 0.01 1 18 0
20884 297.337 8.36834 0.01 1 18 0
20934 309.17 8.07446 0.01 1 72 0
21015 298.92 8.24092 0.01 1 19 0
21069 310.258 7.36596 0.01 1 72 0
21089 308.83 8.28482 0.01 1 72 0
21110 309.17 8.19207 0.01 1 72 0
21165 310.328 8.17375 0.01 1 72 0
21167 307.499 8.46359 0.01 1 72 -5.78165e-06
21168 326.255 8.35354 0.01 1 115 0
21175 297.337 8.24092 0.01 1 19 0
21245 295.996 8.24092 0.01 1 18 0
21374 307.829 8.27916 0.01 1 72 2.48998e-05
21411 326.255 8.21354 0.01 1 115 0
21564 296.778 8.24092 0.01 1 18 0
21593 326.255 8.21354 0.01 1 116 0
21687 310.84 8.17375 0.01 1 72 0
21697 307.42 8.03643 0.01 1 72 0
21730 310.638 8.32806 0.01 1 72 0
21933 309.279 7.36596 0.01 1 72 0
21954 308.726 8.29114 0.01 1 72 0
22178 310.359 7.47545 0.01 1 72 0
22248 310.638 8.32806 0.01 1 72 0
22282 328.667 8.16523 0.01 1 114 0
22339 310.877 8.04306 0.01 1 72 0
22493 309.307 8.23699 0.01 1 72 3.12924e-06
22572 308.1 7.62051 0.01 1 72 0
22628 308.89 8.11117 0.01 1 72 0
22657 326.213 8.12229 0.01 1 115 0
22664 308.558 7.43594 0.01 1 72 0
22774 295.995 8.24092 0.01 1 19 0
22776 326.255 8.21354 0.01 1 115 0
22872 296.778 8.24092 0.01 1 19 0
22919 296.778 8.24092 0.01 1 18 0
22954 295.015 8.32083 0.01 1 19 0
23036 326.255 8.21354 0.01 1 115 0
23069 306.736 8.14618 0.01 1 72 0
23142 308.769 8.14108 0.01 1 72 0
23172 297.21 8.26179 0.01 1 19 0
23180 326.255 8.21354 0.01 1 115 0
23204 297.21 8.26179 0.01 1 19 0
23227 309.441 7.89101 0.01 1 72 0
23281 307.42 8.03643 0.01 1 72 0
23446 310.461 8.51389 0.01 1 72 0
23600 296.852 8.35327 0.01 1 19 0
23681 326.485 8.22103 0.01 1 114 0
24070 295.996 8.29868 0.01 1 19 0
24233 310.877 8.04306 0.01 1 72 0
24350 297.337 8.24092 0.01 1 19 0
24456 295.996 8.24092 0.01 1 18 0
24531 298.144 8.24092 0.01 1 18 0
24647 307.833 8.06251 0.01 1 72 0
24698 306.736 8.27425 0.01 1 72 0
24923 328.225 8.16523 0.01 1 115 0
25049 308.726 8.29114 0.01 1 72 0
25104 307.833 8.06251 0.01 1 72 0
25133 295.995 8.24092 0.01 1 19 0
25228 306.449 8.48155 0.01 1 72 0
25254 296.312 8.20126 0.01 1 18 0
25256 327.805 8.25026 0.01 1 114 0
25344 310.461 8.36299 0.01 1 72 0
25358 310.461 8.34224 0.01 1 72 0
25359 307.499 8.46359 0.01 1 72 0
25364 297.337 8.36834 0.01 1 19 0
25426 326.255 8.21354 0.01 1 115 0
25556 298.916 8.47362 0.01 1 18 0
25579 296.778 8.24092 0.01 1 18 0
25580 325.157 8.2271 0.01 1 116 0
25634 298.144 8.24092 0.01 1 18 0
25662 305.602 7.87372 0.01 1 72 0
25674 326.255 8.21354 0.01 1 116 0
25723 295.996 8.24092 0.01 1 17 0
25815 310.461 8.43029 0.01 1 72 0
25844 297.337 8.36834 0.01 1 19 0
25937 295.995 8.24092 0.01 1 18 0
25997 310.461 8.51389 0.01 1 72 0
26189 295.996 8.29868 0.01 1 19 0
26220 307.499 8.46359 0.01 1 72 0
26244 307.499 8.46359 0.01 1 72 0
26373 309.307 8.14529 0.01 1 72 0
26398 296.778 8.24092 0.01 1 19 0
26407 308.685 8.06656 0.01 1 72 0
26498 310.877 8.04306 0.01 1 72 0
26510 326.213 8.12229 0.01 1 115 0
26513 326.255 8.21354 0.01 1 115 0
26577 295.995 8.24092 0.01 1 17 0
26743 297.21 8.26179 0.01 1 19 0
26755 327.056 8.31789 0.01 1 115 0
26757 298.92 8.24092 0.01 1 18 0
26763 295.995 8.24092 0.01 1 19 0
26768 295.995 8.24092 0.01 1 19 0
26837 296.778 8.24092 0.01 1 19 0
26875 310.461 8.51389 0.01 1 72 0
26883 295.995 8.24092 0.01 1 19 0
26887 307.833 8.06251 0.01 1 72 0
26888 295.996 8.29037 0.01 1 19 0.000835739
26973 309.307 8.14529 0.01 1 72 0
27014 295.996 8.24092 0.01 1 19 0
27047 296.778 8.24092 0.01 1 19 0
27119 295.996 8.29868 0.01 1 19 0
27333 325.157 8.2271 0.01 1 115 0
27346 328.225 8.16523 0.01 1 115 0
27349 297.337 8.36834 0.01 1 19 0
27425 309.715 8.04425 0.01 1 72 0
27553 307.833 8.06251 0.01 1 72 0
27562 307.833 8.06251 0.01 1 72 0
27668 297.337 8.35124 0.01 1 18 0
27671 328.225 8.16523 0.01 1 114 0
27679 310.258 7.36596 0.01 1 72 0
27712 307.87 8.30409 0.01 1 72 0
27752 297.337 8.36834 0.01 1 19 0
27758 308.925 7.50996 0.01 1 72 0
27800 296.778 8.24092 0.01 1 18 0
27812 325.229 8.21354 0.01 1 115 -0.012132
27837 295.996 8.24092 0.01 1 19 0
27867 307.512 8.14618 0.01 1 72 0
27890 297.337 8.24092 0.01 1 19 0
27959 310.638 8.32806 0.01 1 72 0
28042 325.157 8.26251 0.01 1 115 0
28080 325.157 8.33209 0.01 1 114 0
28088 309.251 8.06542 0.01 1 72 0
28139 308.558 7.43594 0.01 1 72 0
28153 305.278 7.98659 0.01 1 72 -0.000291452
28177 326.485 8.22103 0.01 1 114 0
28189 326.255 8.21354 0.01 1 115 0
28240 325.157 8.2271 0.01 1 116 0
28244 308.582 7.50996 0.01 1 72 0
28259 329.211 8.3696 0.01 1 114 0
28368 323.623 8.09612 0.01 1 115 0
28674 310.461 8.51389 0.01 1 72 0
28804 326.255 8.21354 0.01 1 114 0
28885 297.21 8.26179 0.01 1 19 0
28893 295.996 8.34252 0.01 1 17 0.00166919
28974 305.278 7.98659 0.01 1 72 0
28979 309.17 8.19207 0.01 1 72 1.2517e-06
29103 310.461 8.36299 0.01 1 72 0
29272 326.255 8.21354 0.01 1 114 0
29542 307.515 8.30409 0.01 1 72 -0.00082086
29574 295.996 8.24092 0.01 1 18 0
29586 307.833 8.06251 0.01 1 72 0
29594 308.874 7.86584 0.01 1 72 0
29631 326.255 8.21354 0.01 1 115 0
29688 310.258 7.37281 0.01 1 72 0
29726 308.274 7.85163 0.01 1 72 0
29803 326.255 8.21354 0.01 1 114 0
29880 308.83 8.28482 0.01 1 72 0
29930 325.988 8.40858 0.01 1 114 0
29935 308.392 7.80215 0.01 1 72 0
29966 310.461 8.51389 0.01 1 72 0
29975 307.87 8.42115 0.01 1 72 0
30195 325.988 8.40858 0.01 1 114 0
30207 308.582 7.50996 0.01 1 72 0
30398 307.42 8.03643 0.01 1 72 0
30486 308.426 7.95491 0.01 1 72 0
30563 307.42 8.03643 0.01 1 72 0
30572 308.726 8.29114 0.01 1 72 0
30598 298.916 8.47362 0.01 1 19 0
30629 299.686 8.26381 0.01 1 19 0.000291729
30641 297.337 8.35124 0.01 1 19 0
30696 308.726 8.29114 0.01 1 72 0
30802 327.056 8.31789 0.01 1 114 0
30812 326.255 8.22304 0.01 1 116 0
30874 325.157 8.2271 0.01 1 115 0
30888 297.337 8.24092 0.01 1 17 0
30996 297.337 8.36834 0.01 1 19 0
30997 298.92 8.24092 0.01 1 19 0
31033 297.337 8.51018 0.01 1 19 0.00220092
31101 308.392 7.80215 0.01 1 72 0
31194 295.015 8.24092 0.01 1 19 0
31294 297.337 8.35124 0.01 1 19 0
31345 296.778 8.24092 0.01 1 17 0
31372 297.337 8.24092 0.01 1 19 0
31445 306.789 8.06575 0.01 1 72 0
31606 309.768 7.95467 0.01 1 72 0
31629 309.179 8.1584 0.01 1 72 0
31696 308.921 8.16265 0.01 1 72 5.77867e-05
31728 296.778 8.24092 0.01 1 19 0
31871 325.157 8.25026 0.01 1 114 0
31879 325.157 8.2271 0.01 1 116 0
31893 325.157 8.2271 0.01 1 115 0
31946 308.83 8.28482 0.01 1 72 0
32025 310.461 8.34224 0.01 1 72 0
32121 326.255 8.21354 0.01 1 114 0
32234 326.255 8.22304 0.01 1 116 0
32236 310.638 8.32806 0.01 1 72 0
32377 306.712 7.84059 0.01 1 72 0
32595 297.337 8.45458 0.01 1 19 0
32744 304.898 7.87372 0.01 1 72 0
33010 309.307 8.14529 0.01 1 72 0
33059 298.916 8.47362 0.01 1 19 0
33066 305.399 8.37098 0.01 1 72 0
33122 308.685 8.06656 0.01 1 72 0
33246 309.768 7.95467 0.01 1 72 0
33318 310.461 8.51389 0.01 1 72 0
33323 309.715 8.04425 0.01 1 72 0
33441 308.426 7.95491 0.01 1 72 0
33449 306.736 8.06291 0.01 1 72 0
33476 308.426 7.88735 0.01 1 72 0
33526 309.441 7.89101 0.01 1 72 0
33555 324.154 7.89937 0.01 1 114 0
33567 297.337 8.35124 0.01 1 18 0
33589 326.255 8.16523 0.01 1 115 0
33630 298.92 8.24092 0.01 1 19 0
33644 328.225 8.16523 0.01 1 114 0
33717 326.255 8.35354 0.01 1 115 0.000773549
33720 326.255 8.21354 0.01 1 115 0
33782 310.461 8.51389 0.01 1 72 0
33823 295.015 8.32083 0.01 1 19 0
33854 309.17 8.19207 0.01 1 72 0
33922 308.426 7.83798 0.01 1 72 0
33949 297.304 8.30423 0.01 1 17 0.00664188
33991 306.764 8.14618 0.01 1 72 0
34030 308.788 8.16265 0.01 1 72 0
34046 296.778 8.24092 0.01 1 19 0
34095 325.988 8.40858 0.01 1 114 0
34166 306.24 8.37135 0.01 1 72 0
34188 310.025 8.14108 0.01 1 72 0
34221 326.255 8.21354 0.01 1 115 0
34225 296.778 8.24092 0.01 1 19 0
34255 308.511 8.32806 0.01 1 72 0
34339 295.996 8.24092 0.01 1 18 0
34372 309.307 8.14529 0.01 1 72 0
34415 310.461 8.51389 0.01 1 72 0
34425 326.485 8.22103 0.01 1 114 0
34435 306.339 8.34499 0.01 1 72 0
34494 310.461 8.51389 0.01 1 72 0
34522 296.778 8.24092 0.01 1 19 0
34656 298.144 8.24092 0.01 1 19 0
34661 310.461 8.36299 0.01 1 72 0
34880 326.255 8.16523 0.01 1 115 0
34984 309.988 7.36596 0.01 1 72 0
35003 297.337 8.46945 0.01 1 18 0
35039 296.778 8.24092 0.01 1 18 0
35116 327.805 8.25026 0.01 1 114 0
35117 308.274 7.80674 0.01 1 72 0
35140 295.996 8.24092 0.01 1 19 0
35162 326.255 8.35354 0.01 1 115 0
35185 326.255 8.21354 0.01 1 115 0
35213 308.685 8.06656 0.01 1 72 0
35216 309.307 8.14529 0.01 1 72 0
35303 309.715 8.04425 0.01 1 72 0
35449 327.52 8.16523 0.01 1 115 0
35660 325.157 8.26251 0.01 1 114 0
35720 309.723 8.17375 0.01 1 72 0
35740 307.925 8.00741 0.01 1 72 0
35928 310.258 7.37281 0.01 1 72 0
36070 297.337 8.24092 0.01 1 17 0
36147 296.778 8.24092 0.01 1 19 0
36197 298.916 8.47362 0.01 1 19 0
36207 296.778 8.24092 0.01 1 19 0
36212 308.726 8.29114 0.01 1 72 0
36234 298.144 8.24092 0.01 1 19 0
36256 308.582 7.50996 0.01 1 72 0
36319 295.996 8.29868 0.01 1 19 0
36410 295.996 8.29868 0.01 1 19 0
36455 326.255 8.16523 0.01 1 115 0
36480 296.778 8.24092 0.01 1 19 0
36649 298.92 8.24092 0.01 1 18 0
37006 309.307 8.14529 0.01 1 72 0
37043 306.449 8.48155 0.01 1 72 0
37075 326.255 8.16523 0.01 1 115 0
37173 295.996 8.29868 0.01 1 19 0
37222 308.558 7.43594 0.01 1 72 0
37302 297.337 8.35124 0.01 1 19 0
37425 308.558 7.43594 0.01 1 72 0
37430 295.996 8.29868 0.01 1 19 0
37494 310.638 8.32806 0.01 1 72 0
37520 308.274 7.80674 0.01 1 72 0
37632 308.685 8.06656 0.01 1 72 0
37706 307.499 8.47156 0.01 1 72 0
37717 298.144 8.24092 0.01 1 18 0
37753 295.996 8.24092 0.01 1 18 0
37758 297.337 8.24092 0.01 1 19 0
37848 295.996 8.29868 0.01 1 19 0
37895 308.83 8.28482 0.01 1 72 0
37911 326.255 8.21354 0.01 1 114 0
37933 295.996 8.24092 0.01 1 18 0
37976 297.337 8.35124 0.01 1 18 0
37989 310.025 8.14108 0.01 1 72 0
38064 295.996 8.29868 0.01 1 19 0
38072 295.996 8.24092 0.01 1 18 0
38116 308.788 8.16265 0.01 1 72 0
38215 309.179 8.1584 0.01 1 72 0
38312 325.988 8.40858 0.01 1 114 0
38428 305.278 8.06575 0.01 1 72 0
38430 307.925 8.00741 0.01 1 72 0
38443 325.157 8.33209 0.01 1 114 0
38491 310.258 7.36596 0.01 1 72 0
38507 310.461 8.36299 0.01 1 72 0
38567 327.805 8.18285 0.01 1 114 0
38583 309.251 8.06542 0.01 1 72 0
38630 295.473 8.24092 0.01 1 19 0
38744 295.996 8.24092 0.01 1 18 0
38769 297.337 8.36834 0.01 1 19 0
38791 326.255 8.21354 0.01 1 115 0
38802 308.83 8.28482 0.01 1 72 0
38862 295.996 8.24092 0.01 1 19 0
38966 295.891 8.33389 0.01 1 19 0
38990 297.337 8.24092 0.01 1 19 0
39048 307.499 8.47156 0.01 1 72 0
39183 326.255 8.21354 0.01 1 115 0
39229 308.788 8.16265 0.01 1 72 0
39359 298.144 8.24092 0.01 1 19 0
39548 306.339 8.34499 0.01 1 72 0
39559 298.144 8.24092 0.01 1 17 0
39616 306.736 8.14618 0.01 1 72 0
39668 295.995 8.24092 0.01 1 19 0
39805 325.157 8.28971 0.01 1 116 0.000587255
39884 295.996 8.24092 0.01 1 19 0
39900 296.778 8.25624 0.01 1 19 0
39956 297.337 8.35124 0.01 1 19 0
40014 298.995 8.24092 0.01 1 19 -0.0124881
40065 310.461 8.51389 0.01 1 72 0
40151 310.877 8.04306 0.01 1 72 0
40153 296.778 8.24092 0.01 1 18 0
40315 309.203 8.14529 0.01 1 72 -0.000736848
40333 308.83 8.28482 0.01 1 72 0
40345 306.03 8.34499 0.01 1 72 -0.00234698
40351 309.715 8.12494 0.01 1 72 0
40361 295.996 8.24092 0.01 1 18 0
40384 327.52 8.16523 0.01 1 115 0
40460 298.749 8.24092 0.01 1 19 0
40505 296.778 8.24092 0.01 1 18 0
40709 298.144 8.24092 0.01 1 19 0
40744 306.339 8.34499 0.01 1 72 0
40940 296.852 8.35327 0.01 1 19 0
40989 326.255 8.24015 0.01 1 115 0
41045 308.788 8.16265 0.01 1 72 0
41085 326.255 8.21354 0.01 1 115 0
41099 328.824 8.16523 0.01 1 114 0.000384405
41149 296.852 8.35327 0.01 1 19 0
41151 308.426 7.95491 0.01 1 72 0
41217 326.255 8.21354 0.01 1 116 0
41354 296.778 8.24092 0.01 1 19 0
41415 326.255 8.21354 0.01 1 116 0
41418 324.154 7.89937 0.01 1 114 0
41433 298.144 8.24092 0.01 1 19 0
41455 326.255 8.21354 0.01 1 114 0
41487 307.499 8.44574 0.01 1 72 0
41536 326.255 8.24015 0.01 1 115 0
41622 326.255 8.16778 0.01 1 115 0
41705 308.667 7.73436 0.01 1 72 0
41759 329.211 8.3696 0.01 1 114 0
41854 296.778 8.31975 0.01 1 18 0.00122561
41866 328.667 8.16523 0.01 1 115 0.00262225
41990 309.563 8.1132 0.01 1 72 0
42092 325.157 8.2271 0.01 1 116 0
42160 295.996 8.24092 0.01 1 18 0
42196 297.337 8.36834 0.01 1 19 0
42304 310.461 8.43029 0.01 1 72 0
42401 309.179 8.1584 0.01 1 72 0
42574 295.996 8.24092 0.01 1 17 0
42680 298.144 8.24092 0.01 1 19 0
42701 308.426 7.95491 0.01 1 72 0
42743 297.337 8.36834 0.01 1 18 0
42746 297.337 8.24092 0.01 1 18 0
42835 325.157 8.26251 0.01 1 114 0
42918 310.077 8.27598 0.01 1 72 0
42945 328.225 8.16523 0.01 1 114 0
43044 297.337 8.35124 0.01 1 18 0
43078 323.623 8.09612 0.01 1 115 0
43139 295.995 8.24092 0.01 1 19 0
43254 309.179 8.1584 0.01 1 72 0
43321 308.426 7.95491 0.01 1 72 0
43417 298.144 8.24092 0.01 1 19 0
43427 295.996 8.24092 0.01 1 18 0
43504 295.996 8.24092 0.01 1 19 0
43511 298.144 8.24092 0.01 1 17 0
43608 305.602 7.87372 0.01 1 72 0
43663 310.461 8.36299 0.01 1 72 0
43688 296.852 8.48498 0.01 1 19 0
43740 297.337 8.36834 0.01 1 19 0
43775 310.877 8.04306 0.01 1 72 0
43797 307.499 8.47156 0.01 1 72 0
43873 326.255 8.16523 0.01 1 115 0
43906 305.87 8.06251 0.01 1 72 0
44012 308.558 7.43594 0.01 1 72 0
44167 310.461 8.51389 0.01 1 72 0
44259 308.788 8.16265 0.01 1 72 0
44292 298.144 8.24092 0.01 1 19 0
44332 295.996 8.24092 0.01 1 18 0
44336 308.426 7.95491 0.01 1 72 0
44476 297.337 8.24092 0.01 1 19 0
44495 310.461 8.43029 0.01 1 72 0
44546 326.255 8.21354 0.01 1 116 0
44560 309.17 8.07446 0.01 1 72 0
44618 328.225 8.16523 0.01 1 114 0
44740 325.157 8.25026 0.01 1 114 0
44754 308.085 8.18004 0.01 1 72 0
44784 297.337 8.35124 0.01 1 19 0
44788 295.996 8.29868 0.01 1 19 0
44825 326.255 8.21354 0.01 1 116 0
44910 298.144 8.24092 0.01 1 19 0
44991 306.708 8.42018 0.01 1 72 0
45037 295.891 8.33389 0.01 1 19 0
45082 326.255 8.16523 0.01 1 115 0
45111 296.778 8.24092 0.01 1 19 0
45145 310.025 8.14108 0.01 1 72 0
45168 296.778 8.43931 0.01 1 18 0
45255 326.255 8.16778 0.01 1 115 0
45289 308.558 7.43594 0.01 1 72 0
45308 296.778 8.24092 0.01 1 19 0
45314 325.157 8.2271 0.01 1 115 0
45374 308.788 8.16265 0.01 1 72 0
45402 306.736 8.14618 0.01 1 72 0
45453 327.52 8.16523 0.01 1 115 0
45460 326.255 8.21354 0.01 1 116 0
45462 310.877 8.04306 0.01 1 72 0
45484 296.778 8.24092 0.01 1 18 0
45572 308.685 8.06656 0.01 1 72 0
45583 295.996 8.24092 0.01 1 18 0
45623 308.392 7.80477 0.01 1 72 0
45712 326.485 8.22103 0.01 1 114 0
45727 297.337 8.36834 0.01 1 19 0
45930 329.211 8.3696 0.01 1 114 0
45993 309.279 7.36596 0.01 1 72 0
46132 296.778 8.24092 0.01 1 19 0
46264 295.996 8.29868 0.01 1 19 0
46268 308.788 8.16265 0.01 1 72 0
46300 308.392 7.80477 0.01 1 72 0
46333 326.255 8.21354 0.01 1 115 0
46401 310.461 8.43029 0.01 1 72 0
46415 297.337 8.42206 0.01 1 19 0.000833046
46420 326.255 8.16523 0.01 1 115 0
46602 308.1 7.62051 0.01 1 72 0
46666 297.337 8.36834 0.01 1 19 0
46670 295.996 8.29868 0.01 1 19 0
46690 306.339 8.34499 0.01 1 72 0
46700 309.723 8.17375 0.01 1 72 0
46704 297.337 8.24092 0.01 1 19 0
46754 296.852 8.38929 0.01 1 19 0.0006098
46878 327.056 8.31789 0.01 1 114 0
46888 306.708 8.42018 0.01 1 72 0
46889 309.307 8.14529 0.01 1 72 0
46987 295.996 8.29868 0.01 1 19 0
47021 297.337 8.35124 0.01 1 19 0
47048 308.89 8.11117 0.01 1 72 0
47093 297.337 8.24092 0.01 1 19 0
47119 326.255 8.22304 0.01 1 116 0
47156 295.996 8.24092 0.01 1 18 0
47215 298.144 8.24092 0.01 1 19 0
47219 300.365 8.24092 0.01 1 19 0
47251 309.17 8.07446 0.01 1 72 0
47261 325.157 8.25026 0.01 1 114 0
47292 296.778 8.24092 0.01 1 19 0
47311 295.996 8.24092 0.01 1 19 0
47312 307.833 8.06251 0.01 1 72 0
47489 326.485 8.22103 0.01 1 114 0
47497 298.144 8.24092 0.01 1 19 0
47503 296.852 8.35327 0.01 1 19 0
47544 308.788 8.16265 0.01 1 72 0
47559 305.399 8.37098 0.01 1 72 0
47592 326.213 8.12229 0.01 1 115 0
47620 309.203 8.14529 0.01 1 72 0
47682 298.92 8.24092 0.01 1 19 0
47771 307.499 8.44574 0.01 1 72 0
47786 295.473 8.24092 0.01 1 18 0
47804 311.639 8.17705 0.01 1 72 0
47820 308.788 8.16265 0.01 1 72 0
47840 295.996 8.24092 0.01 1 19 0
48042 310.564 8.17803 0.01 1 72 0
48088 325.157 8.26251 0.01 1 114 0
48113 325.565 8.31789 0.01 1 114 -0.0142673
48130 310.461 8.36299 0.01 1 72 0
48179 308.558 7.43594 0.01 1 72 0
48195 295.996 8.24092 0.01 1 18 0
48243 309.203 8.14529 0.01 1 72 0
48269 308.1 7.62051 0.01 1 72 0
48302 326.255 8.21354 0.01 1 115 0
48461 326.255 8.21354 0.01 1 115 0
48484 307.829 8.12522 0.01 1 72 0
48508 325.157 8.26251 0.01 1 114 0
48520 327.31 8.2271 0.01 1 115 0
48522 295.996 8.24092 0.01 1 18 0
48554 297.21 8.26179 0.01 1 19 0
48582 326.255 8.21354 0.01 1 114 0
48585 307.499 8.44574 0.01 1 72 0
48634 298.995 8.24092 0.01 1 18 0
48741 296.778 8.31975 0.01 1 19 0
48745 297.337 8.24092 0.01 1 18 0
48793 308.83 8.28482 0.01 1 72 0
48814 309.17 8.07446 0.01 1 72 0
48819 326.255 8.21354 0.01 1 114 0
