max_pf 85 min_pf 57
individual T0 sigma disp_rate r0 patch_no mut_eff
14 310.939 8.05603 0.01 1 72 0
24 311.548 8.05072 0.01 1 84 0
31 306.464 7.83936 0.01 1 59 0
33 311.548 8.0859 0.01 1 84 0
39 306.82 8.09281 0.01 1 72 0
44 310.22 8.29549 0.01 1 72 0
49 306.464 7.83936 0.01 1 59 0
52 311.548 8.1182 0.01 1 83 0
57 305.202 7.94764 0.01 1 59 0
64 307.238 8.11243 0.01 1 72 0
65 309.017 7.85892 0.01 1 72 0
76 311.548 8.0859 0.01 1 84 0
83 308.683 8.32935 0.01 1 72 0
93 307.022 7.83936 0.01 1 58 0
116 311.548 8.1182 0.01 1 84 0
117 311.548 8.05072 0.01 1 83 0
127 306.464 7.83936 0.01 1 59 0
129 311.548 8.14054 0.01 1 84 0
150 311.548 8.15353 0.01 1 83 0
171 307.662 7.91879 0.01 1 72 0
180 308.897 7.70539 0.01 1 72 0
191 306.462 7.9778 0.01 1 72 0
192 311.548 8.15353 0.01 1 83 0
195 311.548 8.1182 0.01 1 84 0
199 308.352 8.13706 0.01 1 72 0
203 307.117 7.99654 0.01 1 59 0
209 308.387 7.76141 0.01 1 72 -1.30087e-05
211 308.352 8.13706 0.01 1 72 0
220 309.345 8.12716 0.01 1 72 0.000158861
236 308.222 8.32742 0.01 1 72 0
237 309.244 7.78641 0.01 1 72 0
245 313.71 8.1182 0.01 1 83 0
252 311.548 8.0859 0.01 1 84 0
255 311.227 8.24163 0.01 1 84 0
256 308.719 7.73652 0.01 1 72 0
258 307.662 7.91879 0.01 1 72 0
265 311.548 8.05072 0.01 1 83 0
269 306.873 7.97884 0.01 1 72 0
284 311.548 8.0859 0.01 1 84 0
301 308.333 7.40465 0.01 1 72 0
316 306.464 7.83936 0.01 1 59 0
317 306.464 7.83936 0.01 1 59 0
318 311.759 8.1182 0.01 1 83 0
322 311.227 8.24163 0.01 1 84 0
334 311.548 8.0859 0.01 1 84 0
362 306.464 7.83936 0.01 1 59 0
366 306.464 7.83936 0.01 1 58 0
370 308.725 7.75323 0.01 1 72 0
383 311.548 8.0859 0.01 1 85 0
395 307.022 7.83936 0.01 1 58 0
397 308.904 8.11509 0.01 1 72 0
398 307.117 8.03586 0.01 1 59 0
413 313.369 8.1182 0.01 1 83 0
415 311.548 8.05072 0.01 1 84 0
417 311.548 8.15353 0.01 1 83 0
426 311.548 8.0859 0.01 1 84 0
432 306.464 7.83936 0.01 1 59 0
446 306.464 7.83936 0.01 1 59 0
462 311.227 8.24163 0.01 1 84 0
464 311.227 8.1182 0.01 1 83 0
472 309.244 7.78641 0.01 1 72 0
478 309.803 8.08496 0.01 1 72 0
483 306.464 7.83936 0.01 1 58 0
496 307.022 7.83936 0.01 1 58 0
498 308.683 8.29109 0.01 1 72 0
510 309.918 8.16 0.01 1 72 0
516 311.548 8.05072 0.01 1 85 0
534 306.464 7.83936 0.01 1 59 0
535 306.464 7.83936 0.01 1 58 0
546 306.144 7.83936 0.01 1 59 0.00349547
561 311.548 8.15353 0.01 1 83 0
576 311.227 8.1182 0.01 1 83 0
610 310.22 8.20395 0.01 1 72 0
614 309.244 7.78641 0.01 1 72 0
617 311.548 8.0859 0.01 1 84 0
620 306.464 7.83936 0.01 1 58 0
624 306.464 7.94764 0.01 1 59 0
628 308.725 7.75323 0.01 1 72 0
634 310.22 8.20395 0.01 1 72 0
638 309.803 8.08496 0.01 1 72 0
650 311.548 8.1182 0.01 1 83 0
653 311.548 8.05072 0.01 1 83 0
656 309.803 8.06934 0.01 1 72 0
657 311.548 8.05072 0.01 1 84 0
667 309.35 7.42847 0.01 1 72 0
669 309.999 8.16 0.01 1 72 0
680 306.882 7.83936 0.01 1 59 0
687 306.464 7.83936 0.01 1 58 0
704 311.97 8.03072 0.01 1 84 -6.53714e-05
706 311.548 7.94204 0.01 1 83 0
711 309.474 8.12716 0.01 1 72 0
728 306.579 7.87749 0.01 1 72 0
737 306.464 7.83936 0.01 1 59 0
742 306.464 7.83936 0.01 1 59 0
765 310.212 8.00242 0.01 1 83 -0.000701189
766 309.918 8.16 0.01 1 72 0
772 306.464 7.87749 0.01 1 72 0
774 305.938 7.83936 0.01 1 59 0.00562169
777 306.464 7.83936 0.01 1 59 0
795 311.548 8.1182 0.01 1 83 0
805 310.939 8.05603 0.01 1 72 0
810 306.464 7.83936 0.01 1 59 0
813 311.548 8.05072 0.01 1 83 0
816 311.759 8.1182 0.01 1 83 0
817 306.464 7.83936 0.01 1 59 0
819 309.244 7.78641 0.01 1 72 0
828 311.548 8.11233 0.01 1 85 0
835 311.548 8.15353 0.01 1 83 0
849 306.464 7.83936 0.01 1 58 0
852 306.402 7.83936 0.01 1 59 0
854 310.046 7.89261 0.01 1 72 0
884 310.886 7.42847 0.01 1 72 0
885 313.369 7.88148 0.01 1 83 0
893 306.464 7.83936 0.01 1 59 0
911 308.443 7.86241 0.01 1 72 0
915 306.464 7.83936 0.01 1 59 0
917 306.464 7.83936 0.01 1 59 0
929 309.655 8.32521 0.01 1 72 0
939 309.017 7.85892 0.01 1 72 0
944 313.369 8.1182 0.01 1 83 0
952 306.464 7.83936 0.01 1 58 0
965 306.464 7.83936 0.01 1 59 0
967 313.71 8.1182 0.01 1 83 0
973 310.212 8.00242 0.01 1 83 0
995 306.464 7.83936 0.01 1 59 0
999 311.548 8.1182 0.01 1 83 0
1010 311.227 8.24163 0.01 1 84 0
1014 306.464 7.83936 0.01 1 59 0
1020 306.882 7.83936 0.01 1 59 0
1032 311.548 8.1182 0.01 1 84 0
1039 306.464 7.83936 0.01 1 58 0
1040 306.464 7.83936 0.01 1 59 0
1046 306.464 7.83936 0.01 1 59 0
1053 306.464 7.83936 0.01 1 59 0
1056 309.314 7.84436 0.01 1 72 0
1066 311.548 8.05072 0.01 1 84 0
1072 311.548 8.1182 0.01 1 83 0
1083 311.548 8.1182 0.01 1 83 0
1086 311.548 8.15831 0.01 1 83 0.000120699
1100 311.548 7.97211 0.01 1 83 -0.00043653
1102 311.548 8.1182 0.01 1 83 0
1106 309.244 7.78641 0.01 1 72 0
1116 309.052 8.00726 0.01 1 72 0
1134 306.464 7.83936 0.01 1 59 0
1138 307.662 7.91879 0.01 1 72 0
1155 308.712 7.90553 0.01 1 72 0
1160 310.298 7.91963 0.01 1 72 0
1179 311.548 8.1182 0.01 1 84 0
1191 308.186 8.20953 0.01 1 72 0
1193 306.464 7.83936 0.01 1 58 0
1217 313.369 8.1182 0.01 1 83 0
1218 311.548 8.14054 0.01 1 84 8.99881e-05
1219 311.548 8.05072 0.01 1 85 0
1220 306.464 7.83936 0.01 1 58 0
1222 309.052 8.00726 0.01 1 72 0
1231 310.046 7.89261 0.01 1 72 0
1259 306.651 7.83936 0.01 1 59 -0.00284578
1275 306.464 7.83936 0.01 1 59 0
1277 306.464 7.83936 0.01 1 58 0
1280 309.244 7.78641 0.01 1 72 0
1299 309.345 8.12716 0.01 1 72 0
1308 306.464 7.83936 0.01 1 59 0
1315 308.52 7.83221 0.01 1 72 0
1330 306.464 7.83936 0.01 1 59 0
1348 311.548 8.06804 0.01 1 84 -7.32839e-05
1360 306.464 7.83936 0.01 1 58 0
1426 306.464 7.83936 0.01 1 59 0
1455 309.457 8.12716 0.01 1 72 0
1465 308.387 7.84436 0.01 1 72 0
1474 311.548 8.0859 0.01 1 84 0
1480 311.548 8.15353 0.01 1 83 0
1483 306.464 7.83936 0.01 1 59 0
1489 304.945 8.23042 0.01 1 72 0
1498 306.402 7.83936 0.01 1 59 0
1504 308.904 8.17548 0.01 1 72 0
1506 311.548 8.0859 0.01 1 84 0
1509 306.464 7.83936 0.01 1 59 0
1511 313.369 8.1182 0.01 1 83 0
1515 306.464 7.83936 0.01 1 59 0
1535 306.464 7.83936 0.01 1 59 0
1546 311.548 8.1182 0.01 1 84 0
1553 306.462 7.9778 0.01 1 72 0
1569 308.719 7.73652 0.01 1 72 0
1579 310.252 8.0767 0.01 1 72 0
1599 311.548 8.1182 0.01 1 83 0
1609 311.759 8.1182 0.01 1 83 0
1611 311.548 8.0859 0.01 1 84 0
1627 311.548 8.15353 0.01 1 83 0
1634 306.464 7.83936 0.01 1 59 0
1640 306.462 7.9778 0.01 1 72 0
1645 311.275 8.1182 0.01 1 83 -0.00236532
1653 308.712 7.90553 0.01 1 72 0
1662 309.655 8.37169 0.01 1 72 1.47372e-05
1665 309.655 8.2945 0.01 1 72 0
1670 311.548 8.1182 0.01 1 83 0
1678 311.227 8.24163 0.01 1 84 0
1681 308.683 8.08157 0.01 1 72 0
1693 311.227 8.1182 0.01 1 83 0
1695 311.548 8.05072 0.01 1 84 0
1708 307.117 8.03586 0.01 1 59 0
1725 309.244 7.85747 0.01 1 72 0
1729 306.464 7.83936 0.01 1 58 0
1730 306.464 7.83936 0.01 1 59 0
1737 311.548 8.1182 0.01 1 83 0
1740 310.028 7.7087 0.01 1 72 0
1749 311.227 8.1182 0.01 1 84 0
1756 306.464 7.83936 0.01 1 59 0
1763 308.287 8.04663 0.01 1 72 0
1774 306.464 7.94764 0.01 1 59 0
1783 312.31 8.1182 0.01 1 84 0.00656365
1786 306.464 7.83936 0.01 1 59 0
1787 308.976 8.45125 0.01 1 72 0
1792 310.367 8.18214 0.01 1 83 0
1798 309.244 7.78641 0.01 1 72 0
1805 307.606 8.32935 0.01 1 72 0
1808 306.464 7.87749 0.01 1 72 0
1813 306.464 7.83936 0.01 1 59 0
1818 311.548 8.1182 0.01 1 83 0
1824 306.464 7.83936 0.01 1 59 0
1825 306.464 7.94764 0.01 1 59 0
1830 309.803 8.08496 0.01 1 72 0
1831 306.464 7.83936 0.01 1 59 0
1850 306.464 7.94764 0.01 1 59 0
1859 308.352 8.13706 0.01 1 72 0
1901 306.439 8.03586 0.01 1 59 0
1902 311.548 8.0859 0.01 1 85 0
1906 311.548 8.0859 0.01 1 84 0
1911 311.548 8.15353 0.01 1 83 0
1915 306.464 7.83936 0.01 1 59 0
1919 311.548 8.1182 0.01 1 83 0
1950 307.408 7.84436 0.01 1 72 0
1955 307.117 7.99654 0.01 1 59 0
1958 311.548 8.05072 0.01 1 84 0
1960 311.548 8.05072 0.01 1 83 0
1964 308.719 7.73652 0.01 1 72 0
1967 308.387 7.84436 0.01 1 72 0
1969 311.548 8.0859 0.01 1 83 0
1979 311.548 8.1182 0.01 1 84 0
1981 306.82 8.09281 0.01 1 72 0
1982 306.464 7.83936 0.01 1 59 0
1995 309.918 8.16 0.01 1 72 0
1997 310.865 8.11509 0.01 1 72 0
1999 307.022 7.83936 0.01 1 59 0
2011 306.464 7.83936 0.01 1 59 0
2015 311.548 8.05072 0.01 1 84 0
2025 311.548 8.0859 0.01 1 83 0
2027 310.22 8.20395 0.01 1 72 0
2029 306.464 7.83936 0.01 1 59 0
2051 308.222 8.32742 0.01 1 72 0
2056 306.464 7.93484 0.01 1 58 0
2086 311.548 8.0859 0.01 1 84 0
2092 311.548 8.1182 0.01 1 84 0
2094 309.803 8.08496 0.01 1 72 0
2095 306.464 7.83936 0.01 1 59 0
2113 310.22 8.20395 0.01 1 72 0
2115 306.464 7.83936 0.01 1 57 0
2116 310.099 8.06645 0.01 1 72 0
2117 309.474 8.12716 0.01 1 72 0
2135 311.227 8.1182 0.01 1 83 0
2136 309.918 8.16 0.01 1 72 0
2138 311.548 8.12455 0.01 1 84 0
2163 308.387 7.84436 0.01 1 72 0
2167 313.71 8.1182 0.01 1 84 0
2194 307.022 7.78159 0.01 1 59 0
2199 311.548 8.1182 0.01 1 83 0
2200 311.548 8.0859 0.01 1 84 0
2201 311.548 8.0859 0.01 1 84 0
2210 308.105 7.84436 0.01 1 72 0
2218 306.464 7.83936 0.01 1 58 0
2241 306.464 7.93484 0.01 1 59 0
2242 306.464 7.83936 0.01 1 59 0
2245 308.222 8.32742 0.01 1 72 0
2254 310.939 8.17575 0.01 1 72 0
2265 309.244 7.85747 0.01 1 72 0
2274 306.464 7.83936 0.01 1 57 0
2300 311.227 8.1182 0.01 1 83 0
2308 306.464 7.83936 0.01 1 58 0
2311 308.387 7.84436 0.01 1 72 0
2314 308.336 8.28455 0.01 1 72 0
2333 311.548 8.0859 0.01 1 84 0
2337 309.999 8.16 0.01 1 72 -0.000229284
2339 308.443 7.86241 0.01 1 72 0
2352 306.464 7.83936 0.01 1 58 0
2353 310.19 8.20795 0.01 1 72 0
2375 308.352 8.01185 0.01 1 72 0
2378 306.464 7.83936 0.01 1 59 0
2381 310.22 8.20395 0.01 1 72 0
2386 306.464 7.83936 0.01 1 58 0
2388 310.939 8.17575 0.01 1 72 0
2400 309.017 7.85892 0.01 1 72 0
2402 311.548 8.11233 0.01 1 85 0
2407 311.97 8.03072 0.01 1 84 0
2408 309.803 8.08496 0.01 1 72 0
2415 311.227 8.1182 0.01 1 83 0
2432 308.222 8.32742 0.01 1 72 0
2434 311.548 8.05072 0.01 1 84 0
2439 310.939 8.17575 0.01 1 72 0
2447 311.548 8.1182 0.01 1 84 0
2452 306.464 7.83936 0.01 1 59 0
2459 307.022 7.83936 0.01 1 59 0
2462 310.22 8.20395 0.01 1 72 0
2467 311.548 8.1182 0.01 1 84 0
2472 308.881 8.13706 0.01 1 72 0.000607505
2476 304.994 7.9282 0.01 1 72 0
2482 308.897 7.70539 0.01 1 72 0
2494 311.227 8.24163 0.01 1 84 0
2497 311.548 8.0859 0.01 1 83 0
2507 306.402 7.83936 0.01 1 59 0
2509 306.402 7.83936 0.01 1 58 0
2512 306.464 7.83936 0.01 1 58 0
2528 311.548 8.1182 0.01 1 83 0
2535 308.797 8.32935 0.01 1 72 0
2536 311.548 8.1182 0.01 1 84 0
2542 309.017 7.67619 0.01 1 72 0
2554 309.244 7.78641 0.01 1 72 0
2557 306.402 7.83936 0.01 1 59 0
2565 306.464 7.94764 0.01 1 59 0
2568 311.548 8.0859 0.01 1 84 0
2587 311.548 8.12455 0.01 1 84 2.56598e-05
2590 311.548 8.0859 0.01 1 84 0
2603 311.548 8.0859 0.01 1 84 0
2604 311.548 8.15353 0.01 1 83 0
2605 311.548 8.0859 0.01 1 84 0
2637 305.938 7.83936 0.01 1 59 0
2638 306.464 7.83936 0.01 1 59 0
2639 307.2 7.83278 0.01 1 72 0
2640 311.546 8.1182 0.01 1 83 0.00278151
2643 306.82 8.09281 0.01 1 72 0
2658 306.464 7.83936 0.01 1 59 0
2661 309.24 7.47269 0.01 1 72 0
2668 311.548 8.0859 0.01 1 84 0
2669 309.814 7.94204 0.01 1 83 0
2672 311.548 8.1182 0.01 1 83 0
2710 309.803 8.08496 0.01 1 72 0
2719 311.548 8.15353 0.01 1 84 0
2746 311.548 8.1182 0.01 1 83 0
2754 309.457 8.12716 0.01 1 72 0
2760 306.464 7.83936 0.01 1 59 0
2778 311.548 8.0859 0.01 1 83 0
2786 311.548 8.1182 0.01 1 83 0
2802 306.464 7.83936 0.01 1 59 0
2808 307.662 7.91879 0.01 1 72 0
2815 308.719 7.75323 0.01 1 72 0
2817 306.464 7.83936 0.01 1 59 0
2819 306.464 7.83936 0.01 1 59 0
2824 306.464 7.94764 0.01 1 58 0
2825 309.314 7.84436 0.01 1 72 0
2833 306.579 7.87749 0.01 1 72 0.000870734
2841 306.464 7.83936 0.01 1 59 0
2845 306.464 7.91638 0.01 1 59 0
2860 307.022 7.83936 0.01 1 58 0
2861 311.227 8.1182 0.01 1 84 0
2868 309.655 8.27175 0.01 1 72 0
2870 307.022 7.83936 0.01 1 59 0
2873 311.548 8.0859 0.01 1 84 0
2876 308.387 7.84436 0.01 1 72 0
2880 311.548 8.1182 0.01 1 84 0
2900 311.759 8.1182 0.01 1 83 0
2902 311.548 8.0859 0.01 1 84 0
2905 306.464 7.83936 0.01 1 59 0
2914 308.352 8.13706 0.01 1 72 0
2915 311.548 7.94204 0.01 1 83 0
2918 307.662 7.91879 0.01 1 72 0
2928 311.548 8.15353 0.01 1 83 0
2931 306.464 7.83936 0.01 1 58 0
2932 311.548 8.1182 0.01 1 83 0
2933 306.464 7.83936 0.01 1 59 0
2934 313.71 8.1182 0.01 1 83 0
2935 307.367 7.83936 0.01 1 59 0
2937 307.2 7.83278 0.01 1 72 0
2975 309.918 8.16 0.01 1 72 0
2979 311.548 7.96052 0.01 1 83 0
2981 310.939 8.17575 0.01 1 72 0
3002 311.548 8.15353 0.01 1 83 0
3023 306.464 7.83936 0.01 1 59 0
3045 306.553 7.83936 0.01 1 59 -0.001019
3060 309.655 8.32521 0.01 1 72 0
3061 311.548 7.94204 0.01 1 83 0
3063 312.31 8.1182 0.01 1 84 0
3075 311.548 8.0859 0.01 1 83 0
3084 306.464 7.83936 0.01 1 59 0
3088 311.548 7.98084 0.01 1 83 0
3092 311.548 8.1182 0.01 1 84 0
3097 306.464 7.83936 0.01 1 59 0
3100 310.709 8.15353 0.01 1 83 0
3114 311.548 8.0859 0.01 1 84 0
3121 306.464 7.83936 0.01 1 59 0
3129 307.367 7.83936 0.01 1 59 0
3135 311.548 8.0859 0.01 1 84 0
3162 311.548 8.15353 0.01 1 83 0
3165 310.212 8.1182 0.01 1 83 0
3173 306.464 7.83936 0.01 1 58 0
3187 306.464 7.83936 0.01 1 59 0
3191 311.548 8.1182 0.01 1 83 0
3195 306.464 7.83936 0.01 1 58 0
3203 310.709 8.15353 0.01 1 83 0
3216 306.464 7.83936 0.01 1 59 0
3223 308.719 7.73652 0.01 1 72 0
3244 308.725 7.75323 0.01 1 72 0
3252 311.548 8.0859 0.01 1 84 0
3253 306.464 7.83936 0.01 1 59 0
3264 309.244 7.78641 0.01 1 72 0
3278 306.464 7.83936 0.01 1 58 0
3292 307.117 8.03586 0.01 1 59 0
3295 308.333 7.41258 0.01 1 72 0
3300 308.904 8.11509 0.01 1 72 0
3321 311.548 8.1182 0.01 1 83 0
3325 311.548 8.03732 0.01 1 84 0
3335 304.994 7.9282 0.01 1 72 0
3336 307.117 7.99654 0.01 1 59 0
3343 311.548 8.15353 0.01 1 83 0
3346 308.719 7.75323 0.01 1 72 0
3367 306.873 7.97884 0.01 1 72 0
3379 308.683 8.32935 0.01 1 72 0
3381 309.803 8.08496 0.01 1 72 0
3385 307.418 7.91879 0.01 1 72 -0.00110675
3387 308.719 7.73652 0.01 1 72 0
3390 309.052 8.00726 0.01 1 72 0
3411 306.464 7.83936 0.01 1 59 0
3414 311.548 8.05072 0.01 1 84 0
3416 306.464 7.83936 0.01 1 59 0
3422 311.548 8.12455 0.01 1 84 0
3442 310.212 8.00242 0.01 1 83 0
3443 306.464 7.83936 0.01 1 58 0
3448 306.464 7.94764 0.01 1 59 0
3454 311.548 8.15353 0.01 1 83 0
3461 306.464 7.83936 0.01 1 59 0
3466 308.443 7.86241 0.01 1 72 0
3471 309.803 8.08496 0.01 1 72 0
3495 307.367 7.83936 0.01 1 59 0
3502 310.709 8.15353 0.01 1 83 0
3505 309.036 7.96078 0.01 1 72 0
3506 309.814 7.94204 0.01 1 83 0
3517 308.797 8.32935 0.01 1 72 0
3536 307.606 8.32935 0.01 1 72 0
3539 306.464 7.83936 0.01 1 58 0
3542 307.022 7.78159 0.01 1 59 0
3551 306.464 7.83936 0.01 1 58 0
3568 311.227 8.1182 0.01 1 84 0
3572 311.548 8.1182 0.01 1 83 0
3573 306.464 7.83936 0.01 1 58 0
3582 311.548 8.1182 0.01 1 83 0
3587 309.474 8.12716 0.01 1 72 0
3591 311.548 7.94204 0.01 1 83 0
3595 307.117 8.03586 0.01 1 59 0
3598 306.464 7.83936 0.01 1 59 0
3607 311.548 8.0859 0.01 1 84 0
3620 311.548 8.05072 0.01 1 84 0
3625 311.548 8.1182 0.01 1 83 0
3639 311.548 7.96052 0.01 1 83 0
3642 309.095 7.60235 0.01 1 72 0
3655 311.548 8.15353 0.01 1 83 0
3664 310.22 8.20395 0.01 1 72 0
3683 306.464 7.93484 0.01 1 59 0
3692 310.939 8.17575 0.01 1 72 0
3705 306.974 7.90943 0.01 1 72 0
3717 306.462 7.88376 0.01 1 72 0
3740 306.464 7.83936 0.01 1 59 0
3761 306.464 7.83936 0.01 1 59 0
3762 306.464 7.94764 0.01 1 59 0
3773 311.548 7.96052 0.01 1 83 0
3790 311.548 8.1182 0.01 1 83 0
3792 309.474 8.12716 0.01 1 72 0
3793 310.22 8.20395 0.01 1 72 0
3806 308.287 8.04663 0.01 1 72 0
3812 310.22 8.20395 0.01 1 72 0
3817 311.548 7.94204 0.01 1 83 0
3824 310.252 8.0767 0.01 1 72 0
3827 311.548 8.0859 0.01 1 84 0
3834 308.15 8.12428 0.01 1 72 0
3840 311.548 8.14054 0.01 1 84 0
3841 305.691 7.94764 0.01 1 57 0.0094184
3842 311.548 8.1182 0.01 1 83 0
3860 310.212 8.00242 0.01 1 83 0
3866 309.017 7.96339 0.01 1 72 0
3875 309.034 7.84436 0.01 1 72 0
3898 308.683 8.32935 0.01 1 72 0
3912 307.662 7.91879 0.01 1 72 0
3920 307.117 8.03586 0.01 1 72 0
3934 310.939 8.17575 0.01 1 72 0
3946 309.803 8.08496 0.01 1 72 0
3957 311.548 8.0859 0.01 1 84 0
3958 311.548 8.1182 0.01 1 83 0
3981 306.464 7.83936 0.01 1 59 0
3996 309.655 8.2945 0.01 1 72 0
4005 311.548 8.0859 0.01 1 83 0
4010 306.464 7.83936 0.01 1 59 0
4018 311.548 7.96052 0.01 1 83 0
4031 313.32 8.1182 0.01 1 84 0.0129674
4036 306.94 7.75323 0.01 1 72 -0.00676583
4038 306.464 7.83936 0.01 1 59 0
4046 311.548 7.78262 0.01 1 83 0
4050 311.548 8.05072 0.01 1 85 0
4052 306.464 7.83936 0.01 1 59 0
4057 308.222 8.32742 0.01 1 72 0
4065 311.548 8.1182 0.01 1 84 0
4068 306.464 7.83936 0.01 1 59 0
4077 310.028 7.7087 0.01 1 72 0
4083 311.548 8.15353 0.01 1 83 0
4088 311.548 8.05072 0.01 1 84 0
4092 311.548 8.0859 0.01 1 83 0
4109 307.022 7.81906 0.01 1 59 0
4121 311.548 8.1182 0.01 1 84 0
4127 311.548 8.1182 0.01 1 83 0
4132 306.464 7.83936 0.01 1 59 0
4135 306.464 7.83936 0.01 1 58 0
4137 309.314 7.84436 0.01 1 72 0
4141 308.628 7.75323 0.01 1 72 0
4145 311.548 8.11233 0.01 1 84 0
4150 308.222 8.32742 0.01 1 72 0
4152 306.464 7.83936 0.01 1 57 0
4154 311.548 8.0859 0.01 1 84 0
4163 306.402 7.83936 0.01 1 58 0
4164 308.725 7.75323 0.01 1 72 0
4169 313.71 8.1182 0.01 1 83 0
4180 311.548 8.0859 0.01 1 84 0
4182 306.464 7.83936 0.01 1 59 0
4184 308.719 7.73652 0.01 1 72 0
4189 309.559 8.07557 0.01 1 72 0
4195 308.352 8.01185 0.01 1 72 0
4197 311.548 8.0859 0.01 1 84 0
4202 311.227 8.24163 0.01 1 83 0
4211 306.464 7.83936 0.01 1 59 0
4217 309.052 8.00726 0.01 1 72 0
4225 306.464 7.87749 0.01 1 72 0
4248 307.022 7.78159 0.01 1 59 0
4265 309.052 8.00726 0.01 1 72 0
4275 311.548 8.0859 0.01 1 84 0
4277 310.865 8.11509 0.01 1 72 -0.00516312
4280 306.464 7.83936 0.01 1 59 0
4285 307.662 7.91879 0.01 1 72 0
4287 311.548 8.0859 0.01 1 83 0
4301 311.227 8.24163 0.01 1 84 0
4313 306.464 7.83936 0.01 1 59 0
4317 306.464 7.73736 0.01 1 59 -0.000592202
4320 306.464 7.83936 0.01 1 59 0
4326 311.227 8.1182 0.01 1 84 0
4329 309.034 7.84436 0.01 1 72 0
4334 308.904 8.11509 0.01 1 72 0
4343 311.227 8.1182 0.01 1 84 0
4348 311.548 8.0859 0.01 1 84 0
4352 308.15 8.12428 0.01 1 72 0
4368 309.803 8.22478 0.01 1 72 0
4381 306.464 7.94764 0.01 1 59 0
4389 306.464 7.83936 0.01 1 59 0
4391 307.89 7.83936 0.01 1 59 0
4399 306.402 7.83936 0.01 1 58 0
4401 306.464 7.94764 0.01 1 57 0
4417 308.333 7.47269 0.01 1 72 0
4421 310.939 8.17575 0.01 1 72 0
4422 308.222 8.32742 0.01 1 72 0
4428 310.939 8.17575 0.01 1 72 0
4438 311.548 8.1182 0.01 1 83 0
4448 307.117 7.99654 0.01 1 59 0
4450 311.548 8.0859 0.01 1 84 0
4451 306.464 7.83936 0.01 1 58 0
4456 311.227 8.1182 0.01 1 84 0
4458 308.683 8.29109 0.01 1 72 0
4463 311.548 8.0859 0.01 1 84 0
4488 311.548 8.1182 0.01 1 83 0
4495 311.548 8.1182 0.01 1 84 0
4496 311.548 8.05072 0.01 1 83 0
4500 306.464 7.83936 0.01 1 59 0
4504 306.464 7.83936 0.01 1 59 0
4505 306.464 7.83936 0.01 1 59 0
4523 311.227 8.1182 0.01 1 83 0
4529 306.464 7.83936 0.01 1 58 0
4541 306.464 7.91638 0.01 1 59 0
4556 311.548 8.0859 0.01 1 84 0
4562 309.999 8.16 0.01 1 72 0
4578 308.387 7.84436 0.01 1 72 0
4587 311.227 8.24163 0.01 1 84 0
4596 311.548 8.05801 0.01 1 85 0
4598 306.464 7.83936 0.01 1 59 0
4605 306.464 7.83936 0.01 1 59 0
4606 310.939 8.05603 0.01 1 72 0
4610 309.655 8.27175 0.01 1 72 0
4613 311.548 8.0859 0.01 1 85 0
4614 311.548 8.0859 0.01 1 84 0
4623 311.548 8.1182 0.01 1 83 0
4637 306.464 7.83936 0.01 1 59 0
4654 308.362 8.05119 0.01 1 72 0
4661 313.369 8.1182 0.01 1 84 0
4663 306.873 8.27807 0.01 1 72 0
4666 304.945 8.23042 0.01 1 72 0
4683 311.548 8.0859 0.01 1 84 0
4687 311.548 8.1182 0.01 1 85 0
4710 309.017 7.89261 0.01 1 72 0
4733 311.548 7.96858 0.01 1 83 -0.000258669
4739 311.227 8.24163 0.01 1 83 0
4743 306.464 7.94764 0.01 1 59 0
4747 311.548 8.05072 0.01 1 85 0
4751 306.464 7.74419 0.01 1 59 0
4753 306.873 8.27807 0.01 1 72 0
4757 306.464 7.83936 0.01 1 59 0
4761 311.548 8.0859 0.01 1 84 0
4768 308.222 8.21502 0.01 1 72 -2.37674e-05
4772 311.548 8.0859 0.01 1 84 0
4780 308.333 7.41258 0.01 1 72 0
4783 306.464 7.83936 0.01 1 59 0
4791 310.446 8.20395 0.01 1 72 0
4794 310.939 8.17575 0.01 1 72 0
4813 311.548 8.0859 0.01 1 84 0
4820 313.369 8.1182 0.01 1 83 0
4834 311.548 8.1182 0.01 1 84 0
4857 306.464 7.74419 0.01 1 59 0
4861 308.222 8.32742 0.01 1 72 0
4862 311.548 8.0859 0.01 1 84 0
4863 311.97 8.05072 0.01 1 84 0.0038683
4868 306.82 8.15627 0.01 1 72 0
4900 311.548 8.1182 0.01 1 83 0
4905 307.022 7.83936 0.01 1 58 0
4912 311.227 8.1182 0.01 1 83 0
4916 307.2 7.88971 0.01 1 72 0
4929 312.883 8.15093 0.01 1 72 0
4937 309.24 7.47269 0.01 1 72 0
4942 306.464 7.83936 0.01 1 59 0
4944 311.548 8.1182 0.01 1 84 0
4947 309.081 8.12716 0.01 1 72 0
4951 308.222 8.36356 0.01 1 72 1.07735e-05
4967 309.605 7.42847 0.01 1 72 0
4970 311.548 8.0859 0.01 1 84 0
4980 311.548 8.0859 0.01 1 84 0
4990 306.464 7.83936 0.01 1 59 0
5002 306.464 7.91638 0.01 1 59 0
5006 311.548 8.1182 0.01 1 83 0
5008 310.046 7.89261 0.01 1 72 0
5021 306.464 7.83936 0.01 1 59 0
5026 306.464 7.83936 0.01 1 58 0
5047 306.464 7.83936 0.01 1 59 0
5059 312.31 8.1182 0.01 1 84 0
5061 306.464 7.83936 0.01 1 59 0
5078 311.548 8.1182 0.01 1 83 0
5093 307.117 8.03586 0.01 1 59 0
5094 306.464 7.83936 0.01 1 59 0
5099 309.244 7.78641 0.01 1 72 0
5103 308.387 7.84436 0.01 1 72 0
5108 311.227 8.24163 0.01 1 85 0
5112 311.548 7.94204 0.01 1 83 0
5120 309.814 7.94204 0.01 1 83 0
5132 306.464 7.83936 0.01 1 59 0
5140 308.719 7.73652 0.01 1 72 0
5142 311.548 8.15353 0.01 1 83 0
5152 306.464 7.93484 0.01 1 59 0
5159 309.052 8.00726 0.01 1 72 0
5161 309.017 7.96339 0.01 1 72 0
5187 313.369 8.1182 0.01 1 83 0
5189 309.384 7.84436 0.01 1 72 0
5197 306.464 7.94764 0.01 1 59 0
5206 311.548 8.0859 0.01 1 84 0
5210 306.464 7.83936 0.01 1 59 0
5220 308.904 8.11509 0.01 1 72 0
5222 309.734 7.83497 0.01 1 72 0
5229 311.227 8.1182 0.01 1 84 0
5232 311.548 8.0859 0.01 1 84 0
5251 308.333 7.47269 0.01 1 72 0
5252 311.548 8.0859 0.01 1 84 0
5262 311.548 8.1182 0.01 1 84 0
5277 309.734 7.70322 0.01 1 72 0
5286 311.548 8.0859 0.01 1 84 0
5314 310.381 7.83497 0.01 1 72 0
5321 311.548 8.1182 0.01 1 83 0
5323 309.803 8.22478 0.01 1 72 0
5325 311.548 8.1182 0.01 1 83 0
5327 311.548 8.05072 0.01 1 84 0
5329 309.24 7.47269 0.01 1 72 0
5331 309.052 8.00726 0.01 1 72 0
5350 311.548 8.1182 0.01 1 83 0
5366 309.803 8.08496 0.01 1 72 0
5378 306.464 7.83936 0.01 1 58 0
5395 306.464 7.94764 0.01 1 59 0
5403 308.683 8.32935 0.01 1 72 0
5404 309.244 7.78641 0.01 1 72 0
5406 304.945 8.23042 0.01 1 72 0
5425 311.876 8.15353 0.01 1 83 0.00258163
5430 311.227 8.24163 0.01 1 83 0
5433 306.464 7.94764 0.01 1 59 0
5435 311.548 7.98084 0.01 1 83 0.00012432
5451 309.017 7.96339 0.01 1 72 0
5474 313.369 8.1182 0.01 1 83 0
5478 311.227 8.06563 0.01 1 83 0
5496 307.117 7.99654 0.01 1 59 0
5518 311.275 8.1182 0.01 1 83 0
5530 311.548 7.94204 0.01 1 83 0
5547 311.548 8.0859 0.01 1 84 0
5561 306.464 7.83936 0.01 1 58 0
5562 306.464 7.83936 0.01 1 59 0
5566 310.212 8.01332 0.01 1 83 0
5573 311.548 7.94204 0.01 1 84 0
5584 306.464 7.83936 0.01 1 58 0
5592 311.548 8.1182 0.01 1 84 0
5594 311.548 8.1182 0.01 1 84 0
5603 311.548 8.1182 0.01 1 84 0
5610 311.548 8.05801 0.01 1 85 5.66542e-05
5612 306.464 7.83936 0.01 1 59 0
5613 308.222 8.32742 0.01 1 72 0
5625 311.227 8.1182 0.01 1 84 0
5633 307.022 7.78159 0.01 1 59 -0.000416696
5634 311.548 8.1182 0.01 1 84 0
5643 305.981 7.8656 0.01 1 72 -0.00404036
5651 306.464 7.83936 0.01 1 59 0
5653 306.82 8.09281 0.01 1 72 0
5654 306.464 7.83936 0.01 1 58 0
5658 306.464 7.83936 0.01 1 59 0
5679 306.402 7.83936 0.01 1 58 0
5701 309.803 8.08496 0.01 1 72 0
5706 308.222 8.32742 0.01 1 72 0
5721 307.662 7.91879 0.01 1 72 0
5734 306.464 7.83936 0.01 1 58 0
5741 308.52 7.83221 0.01 1 72 0
5743 311.227 8.24163 0.01 1 84 0
5757 306.464 7.83936 0.01 1 58 0
5771 304.945 8.23042 0.01 1 72 0
5780 311.548 7.94204 0.01 1 83 0
5792 306.873 7.97884 0.01 1 72 0
5807 306.402 7.83936 0.01 1 59 0
5812 311.548 8.0859 0.01 1 84 0
5813 310.865 8.11509 0.01 1 72 0
5848 308.897 7.70539 0.01 1 72 0
5858 310.22 8.20395 0.01 1 72 0
5864 311.548 8.1182 0.01 1 84 0
5873 309.052 8.00726 0.01 1 72 0
5881 308.333 7.41258 0.01 1 72 0
5902 308.333 7.54827 0.01 1 72 0
5911 306.464 7.83936 0.01 1 58 0
5922 309.017 7.96339 0.01 1 72 0
5944 307.022 7.83936 0.01 1 59 0
5956 311.548 8.15353 0.01 1 83 0
5959 311.548 8.1182 0.01 1 84 0
5960 308.725 7.75323 0.01 1 72 0
5973 309.017 7.85892 0.01 1 72 0
5976 307.662 7.91879 0.01 1 72 0
5983 308.222 8.32742 0.01 1 72 0
5986 306.791 7.83936 0.01 1 58 -0.00411032
5990 306.462 7.9778 0.01 1 72 0
5998 310.22 8.20395 0.01 1 72 0
6008 310.252 8.0767 0.01 1 72 0
6009 306.402 7.83936 0.01 1 58 0
6017 306.882 7.83936 0.01 1 59 -0.0105183
6028 306.464 7.83936 0.01 1 58 0
6085 309.655 8.27175 0.01 1 72 0
6089 309.052 8.00726 0.01 1 72 0
6097 310.939 8.17575 0.01 1 72 0
6104 308.904 8.11509 0.01 1 72 0
6126 311.548 8.0859 0.01 1 83 0
6130 311.548 8.11233 0.01 1 84 0
6132 311.548 8.15353 0.01 1 83 0
6147 311.548 8.1182 0.01 1 83 0
6158 308.683 8.29109 0.01 1 72 -1.3411e-06
6178 307.367 7.83936 0.01 1 59 0
6191 310.22 8.20395 0.01 1 72 0
6200 311.548 8.1182 0.01 1 84 0
6210 306.464 7.83936 0.01 1 59 0
6214 311.548 8.1182 0.01 1 83 0
6215 309.803 8.08496 0.01 1 72 0
6216 308.222 8.32742 0.01 1 72 0
6217 306.464 7.82391 0.01 1 59 0
6222 311.548 8.0859 0.01 1 84 0
6244 309.655 8.27175 0.01 1 72 0
6255 311.548 8.1182 0.01 1 85 0
6262 311.548 8.1182 0.01 1 84 0
6276 306.464 7.83936 0.01 1 59 0
6277 306.464 7.83936 0.01 1 59 0
6280 306.464 7.94764 0.01 1 57 0
6281 311.018 8.0859 0.01 1 84 -0.00538546
6288 311.548 8.11233 0.01 1 84 0
6295 309.164 8.07222 0.01 1 72 0
6300 308.725 7.75323 0.01 1 72 0
6303 306.464 7.83936 0.01 1 58 0
6327 306.464 7.94764 0.01 1 59 0
6351 306.402 7.83936 0.01 1 59 0
6358 308.387 7.84436 0.01 1 72 0
6361 313.369 8.1182 0.01 1 83 0
6367 311.548 8.15353 0.01 1 83 0
6404 309.803 8.06934 0.01 1 72 -3.76999e-06
6416 308.15 8.12428 0.01 1 72 0
6432 307.117 8.03586 0.01 1 59 0
6439 311.548 8.1182 0.01 1 83 0
6446 311.548 8.15353 0.01 1 83 0
6452 306.462 7.9778 0.01 1 72 0
6474 309.734 7.83497 0.01 1 72 0
6476 309.24 7.47269 0.01 1 72 0
6479 311.548 8.15353 0.01 1 83 0
6487 306.464 7.83936 0.01 1 59 0
6502 310.939 8.17575 0.01 1 72 0
6510 306.464 7.83936 0.01 1 59 0
6512 311.548 8.1182 0.01 1 84 0
6514 311.227 8.1182 0.01 1 83 0
6521 311.548 8.0859 0.01 1 84 0
6525 311.548 8.25692 0.01 1 83 0
6527 306.464 7.83936 0.01 1 58 0
6532 309.918 8.16 0.01 1 72 0
6543 311.227 8.24163 0.01 1 84 0
6546 311.548 8.1182 0.01 1 84 0
6555 311.548 8.15353 0.01 1 83 0
6600 306.464 7.83936 0.01 1 59 0
6613 311.548 7.96858 0.01 1 83 0
6630 310.028 7.7087 0.01 1 72 0
6648 311.548 8.0859 0.01 1 84 0
6664 309.384 7.84436 0.01 1 72 0
6680 311.227 8.24163 0.01 1 84 0
6698 305.981 7.8656 0.01 1 72 0
6700 311.548 7.96052 0.01 1 83 0
6723 311.548 8.1182 0.01 1 83 0
6729 311.227 8.24163 0.01 1 85 0
6730 311.548 8.0859 0.01 1 84 0
6749 309.244 7.78641 0.01 1 72 0
6751 309.803 8.08496 0.01 1 72 0
6791 311.548 8.11233 0.01 1 83 0
6798 309.559 8.07557 0.01 1 72 0
6800 311.548 8.0859 0.01 1 83 0
6802 311.759 8.1182 0.01 1 83 0
6808 311.227 8.24163 0.01 1 84 0
6817 307.367 7.83936 0.01 1 59 0
6818 306.82 8.09281 0.01 1 72 0
6829 306.402 7.83936 0.01 1 58 0
6836 311.548 8.1182 0.01 1 84 0
6838 306.462 7.9778 0.01 1 72 0
6839 311.548 8.0859 0.01 1 84 0
6841 307.117 8.03586 0.01 1 59 0
6849 306.464 7.83936 0.01 1 59 0
6875 311.227 8.1182 0.01 1 84 0
6878 310.046 7.89261 0.01 1 72 0
6879 310.709 8.15353 0.01 1 83 0
6890 311.548 8.0859 0.01 1 84 0
6891 306.464 7.83936 0.01 1 58 0
6892 313.369 8.1182 0.01 1 83 0
6896 311.227 8.24163 0.01 1 84 0
6900 309.017 7.85892 0.01 1 72 0
6902 311.227 8.1182 0.01 1 84 0
6905 308.443 7.86241 0.01 1 72 0
6908 311.548 8.1182 0.01 1 83 0
6912 309.803 8.08496 0.01 1 72 0
6924 306.464 7.83936 0.01 1 59 0
6925 309.017 7.96339 0.01 1 72 0
6930 308.797 8.32935 0.01 1 72 0
6934 311.548 8.1182 0.01 1 84 0
6952 309.803 8.08496 0.01 1 72 0
6958 306.464 7.83936 0.01 1 58 0
6973 311.548 8.1182 0.01 1 83 0
6976 308.352 8.13706 0.01 1 72 0
6983 308.105 7.84436 0.01 1 72 -0.000682712
6986 312.31 8.1182 0.01 1 84 0
6993 311.548 8.0859 0.01 1 85 0
6996 306.464 7.83936 0.01 1 58 0
7001 311.548 8.05072 0.01 1 83 0
7007 309.244 7.78641 0.01 1 72 0
7019 306.464 7.83936 0.01 1 58 0
7025 308.725 7.75323 0.01 1 72 0
7046 311.548 8.1182 0.01 1 84 0
7049 311.548 8.0859 0.01 1 84 0
7054 306.464 7.83936 0.01 1 59 0
7058 308.683 8.08157 0.01 1 72 0
7073 311.548 8.0859 0.01 1 84 0
7074 309.011 7.7087 0.01 1 72 0
7103 304.994 7.9282 0.01 1 72 0
7119 306.464 7.83936 0.01 1 58 0
7120 306.464 7.83936 0.01 1 58 0
7125 309.559 8.07557 0.01 1 72 0
7138 308.904 8.17548 0.01 1 72 0
7146 309.244 7.78641 0.01 1 72 0
7148 308.797 8.32935 0.01 1 72 0
7153 309.803 8.08496 0.01 1 72 0
7155 308.352 8.13706 0.01 1 72 0
7181 311.548 8.1182 0.01 1 83 0
7214 310.22 8.20395 0.01 1 72 0
7236 306.464 7.94764 0.01 1 57 0
7240 311.227 8.24163 0.01 1 84 0
7250 311.548 8.04726 0.01 1 85 -0.000202671
7260 306.464 7.83936 0.01 1 58 0
7262 306.464 7.83936 0.01 1 59 0
7267 307.117 8.03586 0.01 1 59 0
7279 306.464 7.83936 0.01 1 59 0
7281 309.457 8.12716 0.01 1 72 0
7298 310.446 8.36614 0.01 1 72 0
7310 308.222 8.32742 0.01 1 72 0
7315 313.369 8.1182 0.01 1 83 0
7325 311.548 8.05072 0.01 1 83 0
7329 308.683 8.32935 0.01 1 72 0
7340 307.117 8.03586 0.01 1 59 0
7355 308.387 7.84436 0.01 1 72 0
7371 311.548 8.1182 0.01 1 84 0
7372 306.464 7.83936 0.01 1 59 0
7374 306.464 7.82391 0.01 1 59 -8.8349e-05
7389 306.464 7.83936 0.01 1 59 0
7398 311.548 8.0859 0.01 1 84 0
7399 310.22 8.20395 0.01 1 72 0
7407 306.464 7.83936 0.01 1 59 0
7415 311.548 8.05072 0.01 1 83 0
7421 310.939 8.17575 0.01 1 72 0
7425 306.462 7.9778 0.01 1 72 0
7453 306.464 7.83936 0.01 1 59 0
7456 309.814 7.94204 0.01 1 83 0
7460 306.464 7.83936 0.01 1 57 0
7465 309.017 7.89261 0.01 1 72 0
7475 309.655 8.19608 0.01 1 72 -1.15037e-05
7481 308.976 8.45125 0.01 1 72 0
7486 306.464 7.94764 0.01 1 59 0
7487 313.369 8.1182 0.01 1 83 0
7517 306.402 7.83936 0.01 1 59 0
7523 309.052 8.00726 0.01 1 72 0
7525 308.352 8.13706 0.01 1 72 0
7535 306.464 7.83936 0.01 1 58 0
7557 311.548 8.15353 0.01 1 83 0
7558 311.227 8.1182 0.01 1 83 0
7559 313.369 8.1182 0.01 1 84 0
7566 306.464 7.83936 0.01 1 59 0
7569 306.464 7.83936 0.01 1 59 0
7574 309.221 8.07222 0.01 1 72 0
7579 311.548 8.0859 0.01 1 84 0
7590 308.645 7.60098 0.01 1 72 0
7614 310.886 7.42847 0.01 1 72 0
7624 311.548 8.1182 0.01 1 85 0
7631 306.464 7.83936 0.01 1 59 0
7633 306.464 7.83936 0.01 1 59 0
7637 306.402 7.83936 0.01 1 58 0
7645 311.548 8.11233 0.01 1 84 0
7649 304.994 7.9282 0.01 1 72 0
7659 306.464 7.83936 0.01 1 59 0
7665 306.464 7.94764 0.01 1 59 0
7670 311.548 8.15353 0.01 1 83 0
7676 311.548 8.0859 0.01 1 84 0
7684 309.655 8.27175 0.01 1 72 0
7690 306.464 7.83936 0.01 1 59 0
7708 311.548 8.1182 0.01 1 83 0
7709 306.464 7.83936 0.01 1 59 0
7717 306.464 7.83936 0.01 1 59 0
7718 311.548 8.1182 0.01 1 83 0
7719 306.464 7.83936 0.01 1 59 0
7720 306.464 7.83936 0.01 1 59 0
7722 309.655 8.27175 0.01 1 72 0
7730 307.662 7.91879 0.01 1 72 0
7736 306.464 7.94764 0.01 1 59 0
7748 308.333 7.47269 0.01 1 72 0
7750 306.464 7.83936 0.01 1 59 0
7761 310.939 8.36771 0.01 1 72 0
7766 306.464 7.94764 0.01 1 57 0
7767 306.464 7.83936 0.01 1 59 0
7768 311.548 8.1182 0.01 1 83 0
7769 311.548 8.05072 0.01 1 84 0
7781 311.759 8.1182 0.01 1 83 0
7785 311.548 8.0859 0.01 1 84 0
7786 306.464 7.83936 0.01 1 59 0
7787 306.402 7.83936 0.01 1 59 0
7797 309.398 7.64884 0.01 1 72 0
7836 306.464 7.87749 0.01 1 72 0
7840 311.548 8.1182 0.01 1 83 0
7848 306.464 7.82202 0.01 1 59 -9.91672e-05
7850 306.464 7.83936 0.01 1 59 0
7859 311.548 8.1182 0.01 1 83 0
7866 311.548 8.1182 0.01 1 83 0
7884 311.548 7.94204 0.01 1 83 0
7892 310.298 7.91963 0.01 1 72 0
7920 311.548 8.0859 0.01 1 84 0
7923 306.464 7.83936 0.01 1 58 0
7931 307.408 7.84436 0.01 1 72 0
7936 306.464 7.83936 0.01 1 59 0
7938 306.464 7.83936 0.01 1 58 0
7940 306.464 7.83936 0.01 1 58 0
7949 312.57 8.0859 0.01 1 85 0
7952 308.523 8.04663 0.01 1 72 0.000430152
7955 313.369 8.1182 0.01 1 83 0
7956 309.803 8.08496 0.01 1 72 0
7960 308.333 7.47269 0.01 1 72 0
7970 311.548 8.1182 0.01 1 83 0
7980 308.897 7.70539 0.01 1 72 0
7997 306.464 7.83936 0.01 1 59 0
8034 306.464 7.83936 0.01 1 59 0
8044 311.548 8.0859 0.01 1 84 0
8049 311.227 8.24163 0.01 1 84 0
8056 306.464 7.83936 0.01 1 57 0
8065 306.464 7.74264 0.01 1 58 -0.000561044
8067 311.548 7.94204 0.01 1 83 0
8077 308.976 8.45125 0.01 1 72 0
8101 306.464 7.83936 0.01 1 59 0
8106 307.117 7.99654 0.01 1 59 0
8111 306.464 7.91865 0.01 1 59 0.000545099
8114 308.222 8.32742 0.01 1 72 0
8126 307.022 7.83936 0.01 1 59 0
8128 308.719 7.75323 0.01 1 72 0
8138 309.356 7.97908 0.01 1 72 0
8140 309.655 8.2945 0.01 1 72 0
8143 311.548 8.0859 0.01 1 84 0
8146 307.367 7.83936 0.01 1 59 0
8147 311.548 8.0859 0.01 1 84 0
8150 311.548 8.15353 0.01 1 83 0
8151 311.548 8.1182 0.01 1 84 0
8158 307.117 7.99654 0.01 1 59 0
8166 311.548 8.1182 0.01 1 83 0
8168 306.464 7.83936 0.01 1 57 0
8178 311.548 8.1182 0.01 1 83 0
8184 308.15 8.12428 0.01 1 72 0
8187 306.464 7.83936 0.01 1 59 0
8195 309.244 7.78641 0.01 1 72 0
8204 306.464 7.83936 0.01 1 57 0
8214 311.548 8.0859 0.01 1 84 0
8219 310.461 7.73652 0.01 1 72 0
8226 306.464 7.83936 0.01 1 58 0
8229 307.117 7.99654 0.01 1 59 0
8239 306.464 7.83936 0.01 1 59 0
8244 306.402 7.83936 0.01 1 59 0
8252 311.548 8.1182 0.01 1 84 0
8266 311.548 8.15353 0.01 1 83 0
8270 306.464 7.83936 0.01 1 59 0
8277 306.464 7.83936 0.01 1 59 0
8304 308.897 7.70539 0.01 1 72 0
8311 306.402 7.80842 0.01 1 59 -0.000172585
8316 310.939 8.17575 0.01 1 72 0
8336 311.548 8.1182 0.01 1 83 0
8347 311.548 8.0859 0.01 1 83 0
8361 306.464 7.83936 0.01 1 58 0
8364 308.105 7.84436 0.01 1 72 0
8381 306.464 7.83936 0.01 1 58 0
8391 311.548 8.1182 0.01 1 83 0
8393 307.022 7.81906 0.01 1 59 0
8403 309.457 8.12716 0.01 1 72 0
8419 311.548 8.03732 0.01 1 84 0
8425 309.655 8.27175 0.01 1 72 0
8427 310.485 7.42847 0.01 1 72 0
8429 311.227 8.1182 0.01 1 84 0
8449 306.464 7.83936 0.01 1 59 0
8456 311.548 8.1182 0.01 1 83 0
8461 309.24 7.47269 0.01 1 72 0
8465 310.446 8.20395 0.01 1 72 0
8466 306.464 7.83936 0.01 1 59 0
8476 311.97 8.05072 0.01 1 84 0
8501 309.345 8.12716 0.01 1 72 0
8503 310.126 8.27175 0.01 1 72 -0.00121196
8508 311.548 8.1182 0.01 1 84 0
8510 306.464 7.94764 0.01 1 57 0
8522 311.548 8.0859 0.01 1 84 0
8539 309.164 8.07222 0.01 1 72 0
8546 309.559 8.07557 0.01 1 72 0
8547 309.244 7.78641 0.01 1 72 0
8554 306.402 7.83936 0.01 1 59 0
8558 311.548 8.15353 0.01 1 83 0
8580 311.227 8.1182 0.01 1 83 0
8581 311.548 8.14054 0.01 1 84 0
8590 306.464 7.94764 0.01 1 59 0
8602 306.464 7.83936 0.01 1 58 0
8608 306.464 7.83936 0.01 1 59 0
8612 311.548 8.1182 0.01 1 83 0
8618 306.464 7.83936 0.01 1 59 0
8619 306.464 7.83936 0.01 1 58 0
8622 311.548 8.1182 0.01 1 83 0
8623 308.683 8.32935 0.01 1 72 0
8627 311.548 8.15353 0.01 1 84 0
8629 307.117 8.03586 0.01 1 59 0
8634 309.24 7.47269 0.01 1 72 0
8636 306.464 7.83936 0.01 1 58 0
8641 311.227 8.24163 0.01 1 84 0
8642 307.022 7.83936 0.01 1 58 0
8651 309.244 7.78641 0.01 1 72 0
8654 308.904 8.11509 0.01 1 72 0
8661 306.464 7.83936 0.01 1 59 0
8674 306.464 7.83936 0.01 1 59 0
8677 310.22 8.20395 0.01 1 72 0
8689 311.548 8.1182 0.01 1 83 0
8692 311.548 8.1182 0.01 1 83 0
8702 310.939 8.17575 0.01 1 72 0
8718 306.464 7.83936 0.01 1 58 0
8731 311.548 8.04726 0.01 1 85 0
8735 310.028 7.7087 0.01 1 72 0
8744 306.464 7.83936 0.01 1 58 0
8746 311.548 8.05072 0.01 1 83 0
8750 311.548 8.0859 0.01 1 84 0
8752 309.559 8.07557 0.01 1 72 0
8758 311.227 8.24163 0.01 1 84 0
8761 311.548 8.07412 0.01 1 84 -4.82947e-05
8774 311.227 8.24163 0.01 1 84 0
8787 310.939 8.17575 0.01 1 72 0
8818 306.464 7.83936 0.01 1 59 0
8824 310.939 8.36771 0.01 1 72 0
8831 311.548 8.11233 0.01 1 83 0
8833 311.548 8.0859 0.01 1 84 0
8841 304.945 8.23042 0.01 1 72 0
8850 307.367 7.83936 0.01 1 59 0
8856 306.464 7.83936 0.01 1 58 0
8867 311.548 8.1182 0.01 1 83 0
8870 307.022 7.83936 0.01 1 59 0
8879 306.464 7.83936 0.01 1 58 0
8888 311.548 8.0859 0.01 1 84 0
8893 311.548 7.94204 0.01 1 83 0
8895 311.227 8.24163 0.01 1 84 0
8897 310.939 8.17575 0.01 1 72 0
8911 306.402 7.83936 0.01 1 59 0
8925 308.683 8.08157 0.01 1 72 0
8935 311.548 8.1182 0.01 1 84 0
8952 309.559 8.07557 0.01 1 72 0
8953 307.444 8.32742 0.01 1 72 -0.00257251
8959 308.333 7.41258 0.01 1 72 0
8961 306.464 7.83936 0.01 1 58 0
8967 307.662 7.91879 0.01 1 72 0
8970 308.222 8.32742 0.01 1 72 0
8990 306.464 7.83936 0.01 1 59 0
8998 307.87 8.15101 0.01 1 72 0
9008 311.548 8.1182 0.01 1 84 0
9015 306.402 7.83936 0.01 1 59 0
9020 306.464 7.83936 0.01 1 59 0
9039 308.797 8.32935 0.01 1 72 0
9059 312.31 8.14652 0.01 1 84 7.17044e-05
9079 306.464 7.82202 0.01 1 59 0
9080 312.052 8.0859 0.01 1 84 0.00453442
9081 307.662 7.91879 0.01 1 72 0
9083 311.548 8.05072 0.01 1 84 0
9087 311.548 8.1182 0.01 1 83 0
9089 311.548 8.15353 0.01 1 83 0
9092 308.352 8.13706 0.01 1 72 0
9103 311.548 8.1182 0.01 1 83 0
9105 310.446 8.20395 0.01 1 72 0
9118 306.464 7.83936 0.01 1 59 0
9119 309.009 7.78552 0.01 1 72 0
9120 310.939 8.17575 0.01 1 72 0
9131 311.548 8.1182 0.01 1 84 0
9140 311.548 8.12455 0.01 1 84 0
9145 306.464 7.94764 0.01 1 59 0
9156 310.028 7.7087 0.01 1 72 0
9186 308.645 7.60098 0.01 1 72 0
9188 306.464 7.83936 0.01 1 57 0
9190 311.548 8.0859 0.01 1 84 0
9205 306.464 7.83936 0.01 1 59 0
9207 306.464 7.83936 0.01 1 59 0
9210 309.457 8.12716 0.01 1 72 0
9223 312.713 8.0859 0.01 1 85 0.00116801
9231 311.548 8.1182 0.01 1 83 0
9233 306.464 7.83936 0.01 1 59 0
9245 306.464 7.83936 0.01 1 59 0
9253 311.227 8.1182 0.01 1 83 0
9266 313.369 8.1182 0.01 1 83 0
9281 309.24 7.47269 0.01 1 72 0
9292 307.022 7.83936 0.01 1 58 0
9301 311.548 8.1182 0.01 1 83 0
9309 310.939 8.33287 0.01 1 72 0.000202984
9313 311.548 8.0859 0.01 1 84 0
9317 306.464 7.83936 0.01 1 58 0
9319 309.803 8.22478 0.01 1 72 3.28422e-05
9331 313.369 8.1182 0.01 1 83 0
9339 309.244 7.78641 0.01 1 72 0
9366 313.369 8.1182 0.01 1 83 0
9369 311.548 8.15353 0.01 1 83 0
9371 309.655 8.32521 0.01 1 72 0
9374 311.548 8.15353 0.01 1 83 0
9381 306.464 7.83936 0.01 1 59 0
9383 308.352 8.13706 0.01 1 72 0
9387 306.464 7.83936 0.01 1 59 0
9401 309.918 8.16 0.01 1 72 0
9407 306.464 7.83936 0.01 1 59 0
9408 307.022 7.78159 0.01 1 59 0
9427 311.227 8.24163 0.01 1 85 0
9431 311.548 8.0859 0.01 1 83 0
9444 308.904 8.11509 0.01 1 72 0
9471 309.24 7.47269 0.01 1 72 0
9479 306.82 8.09281 0.01 1 72 0
9482 309.803 8.22478 0.01 1 72 0
9484 306.464 7.83936 0.01 1 59 0
9514 311.548 8.11233 0.01 1 84 0
9522 309.559 8.07557 0.01 1 72 0
9538 306.464 7.93484 0.01 1 58 0.000535503
9540 306.464 7.83936 0.01 1 59 0
9542 306.464 7.94764 0.01 1 59 0
9546 310.939 8.17575 0.01 1 72 0
9548 311.548 8.05072 0.01 1 83 0
9561 308.797 8.32935 0.01 1 72 0
9564 306.464 7.83936 0.01 1 59 0
9572 306.464 7.83936 0.01 1 58 0
9577 311.548 8.0859 0.01 1 84 0
9589 311.548 8.0859 0.01 1 85 0
9593 308.352 8.13706 0.01 1 72 0
9594 306.464 7.83936 0.01 1 59 0
9603 307.117 7.99654 0.01 1 59 0
9610 310.787 7.82329 0.01 1 72 0
9621 309.009 7.78552 0.01 1 72 0
9622 312.57 8.0859 0.01 1 85 0.00974374
9652 306.464 7.83936 0.01 1 58 0
9655 311.548 8.05072 0.01 1 83 0
9662 307.022 7.83936 0.01 1 59 0
9663 311.548 8.15353 0.01 1 83 0
9682 306.464 7.83936 0.01 1 58 0
9686 310.939 8.17575 0.01 1 72 0
9688 309.258 8.11509 0.01 1 72 -8.67546e-05
9693 309.918 8.16 0.01 1 72 0
9703 307.117 8.03586 0.01 1 59 0
9704 306.464 7.83936 0.01 1 58 0
9714 309.803 8.08496 0.01 1 72 0
9734 311.548 8.1182 0.01 1 83 0
9746 306.464 7.83936 0.01 1 59 0
9755 311.548 8.11233 0.01 1 84 0
9761 308.976 8.45125 0.01 1 72 0
9762 311.548 8.0859 0.01 1 84 0
9779 311.227 8.1182 0.01 1 83 0
9782 306.464 7.83936 0.01 1 59 0
9786 311.548 8.1182 0.01 1 83 0
9790 311.548 8.25692 0.01 1 83 0.000410274
9803 306.464 7.83936 0.01 1 58 0
9814 306.464 7.83936 0.01 1 59 0
9818 306.464 7.83936 0.01 1 58 0
9819 307.117 8.03586 0.01 1 59 0
9823 308.333 7.47269 0.01 1 72 0
9833 311.548 8.15353 0.01 1 83 0
9835 309.244 7.85747 0.01 1 72 0
9841 311.548 8.1182 0.01 1 84 0
9854 311.548 8.1182 0.01 1 83 0
9872 307.87 8.15101 0.01 1 72 0
9873 307.2 7.88971 0.01 1 72 0
9874 310.939 8.17575 0.01 1 72 0
9877 308.443 7.86241 0.01 1 72 0
9885 306.543 7.87749 0.01 1 72 0
9886 311.548 8.03732 0.01 1 84 0
9893 311.548 8.1182 0.01 1 84 0
9900 306.464 7.83936 0.01 1 59 0
9907 306.464 7.83936 0.01 1 59 0
9916 306.402 7.83936 0.01 1 58 0
9922 308.904 8.11509 0.01 1 72 0
9937 311.548 7.96052 0.01 1 83 0
9939 309.052 8.00726 0.01 1 72 0
9962 313.369 8.1182 0.01 1 83 0
9963 309.655 8.27175 0.01 1 72 0
9964 311.548 8.1182 0.01 1 84 0
9966 312.452 8.1182 0.01 1 83 0
9973 310.939 8.17575 0.01 1 72 0
9982 308.719 7.73652 0.01 1 72 0
9995 309.384 7.84436 0.01 1 72 0
10001 311.548 8.11233 0.01 1 85 0
10004 311.548 8.1182 0.01 1 83 0
10007 306.464 7.83936 0.01 1 59 0
10013 306.464 7.83936 0.01 1 58 0
10016 306.464 7.83936 0.01 1 57 0
10023 311.548 8.1182 0.01 1 83 0
10039 309.803 8.08496 0.01 1 72 0
10043 306.402 7.83936 0.01 1 59 0
10044 311.548 8.05072 0.01 1 84 0
10045 306.464 7.83936 0.01 1 58 0
10061 306.464 7.83936 0.01 1 59 0
10066 311.548 8.0859 0.01 1 84 0
10072 311.548 8.14054 0.01 1 84 0
10085 311.548 8.0859 0.01 1 84 0
10100 306.464 7.83936 0.01 1 58 0
10103 308.725 7.75323 0.01 1 72 0
