max_pf 106 min_pf 29
individual T0 sigma disp_rate r0 patch_no mut_eff
14 299.153 8.02292 0.01 1 31 0
35 311.003 7.91193 0.01 1 72 0
60 310.645 7.98684 0.01 1 72 0
112 301.07 7.93703 0.01 1 31 -0.00169519
173 302.321 8.15441 0.01 1 31 0
425 306.091 8.513 0.01 1 72 0
429 320.074 7.49658 0.01 1 104 0
487 310.378 7.95549 0.01 1 72 0
503 306.603 8.00059 0.01 1 72 0
535 309.605 8.03795 0.01 1 72 0
584 306.603 8.0345 0.01 1 72 0
603 308.522 7.89004 0.01 1 72 0
628 310.837 7.98778 0.01 1 72 -0.00425875
633 306.286 8.13551 0.01 1 72 0
638 301.07 8.03193 0.01 1 31 0
677 309.738 8.11571 0.01 1 72 0
692 305.209 8.08791 0.01 1 72 0
834 301.577 8.03193 0.01 1 31 0
856 308.693 8.22614 0.01 1 72 0
900 307.894 8.19452 0.01 1 72 0
901 299.153 8.02292 0.01 1 31 0
902 301.07 8.03193 0.01 1 31 0
914 308.893 7.90192 0.01 1 72 0
925 308.893 7.90192 0.01 1 72 0
930 299.153 8.02292 0.01 1 30 0
939 311.47 7.26681 0.01 1 72 0
979 310.03 8.16699 0.01 1 72 0
1016 306.626 7.83383 0.01 1 72 0
1017 308.809 7.48133 0.01 1 72 0
1023 300.637 8.15441 0.01 1 30 0
1027 301.577 8.03193 0.01 1 29 0
1074 320.074 7.49658 0.01 1 104 0
1079 306.603 8.0345 0.01 1 72 0
1112 299.603 8.03193 0.01 1 31 0
1131 309.605 8.03795 0.01 1 72 0
1132 309.283 8.25503 0.01 1 72 0
1143 319.99 7.49658 0.01 1 105 0
1168 299.522 8.09647 0.01 1 31 0
1171 310.645 7.98684 0.01 1 72 0
1186 301.07 8.03193 0.01 1 30 0
1227 299.541 8.02292 0.01 1 30 0
1260 301.07 8.03193 0.01 1 31 0
1263 308.752 8.21579 0.01 1 72 0
1356 307.921 8.17324 0.01 1 72 0
1385 308.522 7.89004 0.01 1 72 0
1398 308.745 8.38699 0.01 1 72 0
1492 308.995 8.24032 0.01 1 72 0
1508 301.07 8.03193 0.01 1 31 0
1548 300.772 8.03193 0.01 1 31 0
1562 320.074 7.49658 0.01 1 104 0
1574 301.07 8.04832 0.01 1 31 0.000291768
1602 320.074 7.44037 0.01 1 104 0
1606 308.809 7.48133 0.01 1 72 0
1630 301.577 7.83734 0.01 1 31 0
1641 299.153 8.02292 0.01 1 30 0
1660 308.809 7.48133 0.01 1 72 0
1674 310.03 8.04513 0.01 1 72 0
1724 308.809 7.48133 0.01 1 72 0
1726 300.637 8.22585 0.01 1 31 0
1773 302.35 8.07623 0.01 1 30 0
1780 319.197 7.48935 0.01 1 105 0
1812 308.773 7.98792 0.01 1 72 0
1839 301.07 8.03193 0.01 1 31 0
1847 308.194 8.17867 0.01 1 72 0
1878 301.07 8.03193 0.01 1 31 0
1895 320.074 7.64353 0.01 1 104 0
1903 299.328 8.02292 0.01 1 30 0
1914 308.341 8.05297 0.01 1 72 0
1919 320.074 7.49658 0.01 1 105 0
1991 301.07 8.03193 0.01 1 30 0
2003 320.708 7.45808 0.01 1 106 0
2060 319.99 7.49658 0.01 1 105 0
2076 307.37 8.21179 0.01 1 72 0
2115 308.893 7.90192 0.01 1 72 0
2173 309.605 8.03795 0.01 1 72 0
2175 300.436 8.02292 0.01 1 30 0
2229 301.728 8.03193 0.01 1 31 0
2237 301.577 8.03193 0.01 1 31 0
2255 301.07 8.03193 0.01 1 31 0
2290 309.283 8.25503 0.01 1 72 0
2326 309.283 8.25503 0.01 1 72 0
2428 320.074 7.55332 0.01 1 104 0
2463 300.637 8.15441 0.01 1 31 0
2477 301.577 7.83734 0.01 1 31 0
2524 310.542 7.06791 0.01 1 72 0
2646 303.165 8.06718 0.01 1 31 -0.0153353
2660 300.637 8.22585 0.01 1 31 0
2672 307.921 8.14044 0.01 1 72 0
2716 307.921 8.14044 0.01 1 72 0
2720 301.07 8.03193 0.01 1 30 0
2741 306.417 8.12641 0.01 1 72 0
2773 301.577 7.83734 0.01 1 31 0
2774 306.603 7.97311 0.01 1 72 0
2785 301.07 8.03193 0.01 1 31 0
2809 310.03 8.04513 0.01 1 72 0
2913 308.194 8.17867 0.01 1 72 0
2924 301.577 8.03193 0.01 1 30 0
2981 320.074 7.49658 0.01 1 105 0
3000 299.541 8.09647 0.01 1 31 0
3014 300.436 7.88893 0.01 1 31 0
3105 308.341 8.05297 0.01 1 72 0
3115 311.609 8.03359 0.01 1 72 0
3204 301.07 8.03193 0.01 1 31 0
3231 310.837 7.98778 0.01 1 72 0
3316 301.577 8.03193 0.01 1 31 0
3337 309.75 7.64161 0.01 1 72 0
3343 311.609 8.05977 0.01 1 72 0
3463 320.074 7.5141 0.01 1 104 0
3533 310.645 7.98684 0.01 1 72 0
3549 319.779 7.49658 0.01 1 106 0
3567 302.321 8.15441 0.01 1 31 0
3603 310.645 7.98684 0.01 1 72 0
3621 311.609 8.03359 0.01 1 72 0
3627 311.609 8.03359 0.01 1 72 0
3637 301.07 8.03193 0.01 1 31 0
3678 301.577 8.03193 0.01 1 31 0
3720 301.577 8.03193 0.01 1 31 0
3740 300.637 8.15441 0.01 1 31 0
3746 299.153 8.02292 0.01 1 30 0
3828 310.162 8.03359 0.01 1 72 0
3833 308.809 7.48133 0.01 1 72 0
3873 300.65 8.22585 0.01 1 31 0
3944 307.955 7.98672 0.01 1 72 0
4010 308.341 8.05297 0.01 1 72 0
4026 309.36 8.14067 0.01 1 72 0
4043 307.37 8.21179 0.01 1 72 0
4055 301.577 8.03193 0.01 1 30 0
4065 299.541 8.02292 0.01 1 31 0
4122 301.577 8.03193 0.01 1 31 0
4167 299.603 8.03193 0.01 1 31 0
4220 299.328 8.02292 0.01 1 30 -0.00227248
4229 301.577 8.03193 0.01 1 31 0
4264 307.37 8.21179 0.01 1 72 0
4284 308.745 8.38699 0.01 1 72 0
4437 299.522 8.09647 0.01 1 31 0
4506 301.577 8.03193 0.01 1 30 0
4528 308.809 7.48133 0.01 1 72 0
4540 311.003 7.91193 0.01 1 72 0
4544 320.074 7.52407 0.01 1 104 0
4639 309.774 7.89251 0.01 1 72 0
4650 320.074 7.49658 0.01 1 105 0
4718 320.074 7.49658 0.01 1 104 0
4761 307.37 8.21179 0.01 1 72 0
4805 320.074 7.61481 0.01 1 104 0.00106865
4819 299.603 8.03193 0.01 1 31 0
4892 301.577 8.03193 0.01 1 31 0
4949 320.074 7.49658 0.01 1 104 0
4961 306.626 7.83383 0.01 1 72 0
4988 307.37 8.21179 0.01 1 72 0
5007 301.577 7.87704 0.01 1 31 0
5022 309.283 8.36368 0.01 1 72 2.99513e-06
5048 299.541 8.09647 0.01 1 31 0
5054 310.03 8.04513 0.01 1 72 0
5087 310.626 8.00748 0.01 1 72 0.00013417
5089 309.982 7.92217 0.01 1 72 0
5127 319.99 7.49658 0.01 1 104 0
5142 298.173 8.15441 0.01 1 31 0
5234 308.773 7.69495 0.01 1 72 0
5245 309.774 7.89251 0.01 1 72 0
5253 311.47 7.26681 0.01 1 72 0
5301 307.37 8.21179 0.01 1 72 0
5341 320.708 7.51789 0.01 1 105 0
5439 301.07 8.03193 0.01 1 30 0
5445 320.074 7.49658 0.01 1 104 0
5473 299.541 8.02292 0.01 1 30 0
5474 300.746 8.07623 0.01 1 31 0
5533 307.37 8.21179 0.01 1 72 0
5551 310.03 8.04513 0.01 1 72 0
5552 320.074 7.55332 0.01 1 105 0
5590 308.86 8.19762 0.01 1 72 0
5707 308.796 8.24447 0.01 1 72 0
5738 307.436 7.90953 0.01 1 72 0
5763 301.07 8.03193 0.01 1 31 0
5793 320.074 7.55332 0.01 1 104 0
5813 310.199 7.33119 0.01 1 72 0
5878 301.07 8.03193 0.01 1 31 0
5918 301.07 8.03193 0.01 1 31 0
5933 310.162 8.03359 0.01 1 72 0
5950 310.03 8.04513 0.01 1 72 0
5954 301.577 8.03193 0.01 1 30 0
5988 319.525 7.49658 0.01 1 104 0
5994 301.07 8.03193 0.01 1 31 0
6032 299.199 8.03193 0.01 1 31 0
6048 300.772 8.03193 0.01 1 31 0
6069 306.462 7.97311 0.01 1 72 0
6095 300.968 8.03193 0.01 1 31 0.00676668
6182 299.541 8.02292 0.01 1 30 0
6209 307.836 7.96715 0.01 1 72 0
6264 301.07 8.03193 0.01 1 31 0
6308 310.678 7.87535 0.01 1 72 0
6401 320.074 7.55332 0.01 1 105 0
6422 320.074 7.44037 0.01 1 104 0
6483 310.104 8.16262 0.01 1 72 0
6515 301.07 8.03193 0.01 1 31 0
6542 320.292 7.48935 0.01 1 104 0
6555 300.436 8.02292 0.01 1 30 0
6569 299.153 8.02292 0.01 1 30 0
6596 301.07 8.03193 0.01 1 30 0
6599 299.199 8.03193 0.01 1 31 0
6647 307.37 8.21179 0.01 1 72 0
6679 308.86 8.23341 0.01 1 72 0
6696 308.823 8.05297 0.01 1 72 0
6725 309.283 8.25503 0.01 1 72 0
6754 320.074 7.49658 0.01 1 104 0
6765 298.227 8.18156 0.01 1 31 0.0128877
6775 319.197 7.40247 0.01 1 104 0
6793 307.37 8.21179 0.01 1 72 0
6794 300.981 8.15441 0.01 1 30 0
6818 320.074 7.49658 0.01 1 104 0
6856 300.65 8.22585 0.01 1 31 0
6859 299.541 8.02292 0.01 1 31 0
6870 307.955 7.98672 0.01 1 72 0
6893 300.65 8.22585 0.01 1 31 0
6897 320.074 7.49658 0.01 1 104 0
6934 320.074 7.49658 0.01 1 104 0
6973 301.577 8.06718 0.01 1 30 0
7008 308.773 7.69495 0.01 1 72 0
7026 301.07 8.03193 0.01 1 31 0
7055 310.626 8.00748 0.01 1 72 0
7093 300.637 8.06188 0.01 1 31 -0.00292699
7154 306.452 7.98251 0.01 1 72 0
7244 308.884 7.69347 0.01 1 72 0
7270 320.074 7.55332 0.01 1 106 0
7345 310.558 8.13371 0.01 1 72 0
7374 307.37 8.21179 0.01 1 72 0
7394 299.522 8.09647 0.01 1 30 0
7406 320.074 7.55332 0.01 1 105 0
7427 320.074 7.55332 0.01 1 104 0
7431 299.199 8.03193 0.01 1 31 0
7452 308.341 8.05297 0.01 1 72 0
7460 320.074 7.49658 0.01 1 104 0
7479 310.199 7.33119 0.01 1 72 0
7487 309.283 8.36368 0.01 1 72 0
7489 299.153 8.02292 0.01 1 30 0
7507 310.104 8.16262 0.01 1 72 0
7713 301.577 8.03193 0.01 1 31 0
7729 308.341 8.17153 0.01 1 72 1.90884e-05
7774 299.603 8.18368 0.01 1 31 0.00273098
7804 310.162 8.03359 0.01 1 72 0
7824 310.645 7.98684 0.01 1 72 0
7828 306.286 8.01107 0.01 1 72 0
7846 300.637 8.22585 0.01 1 31 0
7848 311.609 8.05977 0.01 1 72 0
7865 320.708 7.51789 0.01 1 105 0
7936 301.803 8.06275 0.01 1 31 0
7948 301.728 8.03193 0.01 1 31 0
7967 320.074 7.30701 0.01 1 104 -0.00128326
7972 302.321 8.15441 0.01 1 31 0
8058 320.074 7.49658 0.01 1 104 0
8063 300.637 8.22585 0.01 1 31 0
8084 299.541 8.02292 0.01 1 30 0
8099 299.095 8.02292 0.01 1 30 0.000760697
8145 300.746 8.13061 0.01 1 31 0
8166 320.292 7.48935 0.01 1 104 0
8185 300.436 8.02292 0.01 1 31 0
8208 301.577 8.03193 0.01 1 30 0
8237 319.197 7.40247 0.01 1 104 0
8271 300.637 8.15441 0.01 1 31 0
8274 307.45 7.92505 0.01 1 72 0
8311 319.197 7.48935 0.01 1 104 0
8330 319.197 7.48935 0.01 1 105 0
8343 301.577 8.03193 0.01 1 30 0
8359 319.779 7.49658 0.01 1 106 0
8367 319.99 7.49658 0.01 1 105 0
8376 308.341 8.05297 0.01 1 72 0
8401 300.981 8.15441 0.01 1 30 0
8410 311.47 7.26681 0.01 1 72 0
8484 309.283 8.25503 0.01 1 72 0
8488 300.746 8.07623 0.01 1 31 0
8577 301.577 8.03193 0.01 1 31 0
8669 298.744 8.03193 0.01 1 31 0.0144883
8748 301.07 8.03193 0.01 1 31 0
8758 320.074 7.55332 0.01 1 104 0
8813 301.07 8.03193 0.01 1 31 0
8868 301.07 8.03193 0.01 1 31 0
8887 307.894 8.21579 0.01 1 72 0
8894 308.194 8.18214 0.01 1 72 0
8982 299.541 8.02292 0.01 1 31 0
9021 310.03 8.04513 0.01 1 72 0
9028 307.955 7.98672 0.01 1 72 0
9047 308.127 8.24032 0.01 1 72 -0.00111206
9048 300.637 8.15441 0.01 1 31 0
9054 307.836 7.96715 0.01 1 72 0
9100 319.779 7.49658 0.01 1 106 0
9163 307.921 8.17324 0.01 1 72 0
9191 301.07 7.97375 0.01 1 31 0
9220 307.436 7.90953 0.01 1 72 0
9229 311.728 8.03359 0.01 1 72 0
9234 320.074 7.55332 0.01 1 105 0
9286 300.746 8.13061 0.01 1 31 0
9293 299.541 8.09647 0.01 1 31 0
9312 320.074 7.52407 0.01 1 104 0
9322 301.728 8.03193 0.01 1 31 0
9337 308.893 7.90192 0.01 1 72 0
9406 301.07 8.03193 0.01 1 31 0
9441 307.53 8.02284 0.01 1 72 0
9470 308.809 7.48133 0.01 1 72 0
9475 307.713 8.33491 0.01 1 72 0
9477 309.407 8.38699 0.01 1 72 0
9496 308.773 7.98792 0.01 1 72 0
9552 308.752 8.21579 0.01 1 72 0
9553 301.07 8.03193 0.01 1 30 0
9568 301.577 8.03193 0.01 1 31 0
9590 302.462 8.15441 0.01 1 31 0
9635 319.779 7.49658 0.01 1 106 0
9637 299.153 8.02292 0.01 1 31 0
9758 308.522 7.80368 0.01 1 72 0
9792 299.153 8.02292 0.01 1 31 0
9824 311.995 7.26681 0.01 1 72 0
9829 306.975 8.01537 0.01 1 72 0
9916 307.37 8.21179 0.01 1 72 0
9996 310.03 8.16699 0.01 1 72 0
10027 310.384 8.11571 0.01 1 72 0
10031 310.03 8.04513 0.01 1 72 0
10188 311.609 8.05977 0.01 1 72 0
10205 307.45 7.92505 0.01 1 72 0
10246 299.541 8.02292 0.01 1 30 0
10252 320.074 7.49658 0.01 1 104 0
10278 301.577 8.03193 0.01 1 30 0
10333 319.525 7.49658 0.01 1 104 0
10346 302.999 8.03193 0.01 1 30 0
10397 300.746 8.07623 0.01 1 29 0
10400 299.522 8.09647 0.01 1 31 0
10403 319.779 7.49658 0.01 1 105 0
10444 301.577 8.06718 0.01 1 31 0
10453 301.07 8.03193 0.01 1 30 0
10470 311.47 7.26681 0.01 1 72 0
10499 299.153 8.02292 0.01 1 30 0
10576 300.746 8.07623 0.01 1 31 0
10590 300.436 8.06568 0.01 1 31 0.000773489
10695 300.436 8.02292 0.01 1 31 0
10717 319.99 7.49658 0.01 1 105 0
10722 300.637 8.15441 0.01 1 31 0
10739 299.522 8.09647 0.01 1 31 0
10742 308.693 8.22614 0.01 1 72 0
10745 320.708 7.49658 0.01 1 104 0
10758 300.637 8.15441 0.01 1 31 0
10791 299.199 8.03193 0.01 1 31 0
10792 301.07 8.03193 0.01 1 31 0
10807 319.197 7.48935 0.01 1 105 0
10836 306.286 8.13551 0.01 1 72 0
10864 301.577 8.03193 0.01 1 30 0
10874 319.779 7.4388 0.01 1 106 0
10890 300.436 7.88893 0.01 1 31 0
10905 299.522 8.09647 0.01 1 30 0
10945 300.65 8.22585 0.01 1 31 0
11068 301.07 8.03193 0.01 1 30 0
11081 308.522 7.89004 0.01 1 72 0
11101 320.074 7.49658 0.01 1 104 0
11103 301.577 8.03193 0.01 1 31 0
11115 301.577 8.03193 0.01 1 30 0
11120 300.436 8.02292 0.01 1 31 0
11125 301.577 8.03193 0.01 1 31 0
11130 311.678 7.98684 0.01 1 72 0
11179 301.07 8.03193 0.01 1 31 0
11218 301.577 8.03193 0.01 1 30 0
11233 301.07 8.03193 0.01 1 31 0
11255 300.637 8.15441 0.01 1 31 0
11273 320.074 7.55332 0.01 1 106 0
11306 299.199 8.03193 0.01 1 31 0
11308 306.603 8.19149 0.01 1 72 0.000393152
11322 301.577 7.87704 0.01 1 30 0
11340 308.341 8.05297 0.01 1 72 0
11394 306.975 7.97825 0.01 1 72 0
11423 320.074 7.71064 0.01 1 106 0
11465 310.199 7.33119 0.01 1 72 0
11495 300.772 8.03193 0.01 1 31 0
11548 310.626 7.87681 0.01 1 72 0
11564 306.603 7.97311 0.01 1 72 0
11572 306.091 8.513 0.01 1 72 0
11592 311.609 8.03026 0.01 1 72 0
11607 307.836 7.96715 0.01 1 72 0
11615 310.03 8.04513 0.01 1 72 0
11621 300.746 8.21093 0.01 1 31 0
11641 301.07 8.03193 0.01 1 31 0
11674 299.328 8.02292 0.01 1 30 0
11757 319.779 7.49658 0.01 1 106 0
11790 300.637 8.15441 0.01 1 30 0
11799 316.401 7.69517 0.01 1 105 0
11806 308.752 8.21579 0.01 1 72 0
11812 299.522 8.09647 0.01 1 30 0
11819 310.03 8.04513 0.01 1 72 0
11825 308.752 8.21579 0.01 1 72 0
11839 301.577 8.03193 0.01 1 31 0
11957 319.99 7.49658 0.01 1 105 0
12017 300.637 8.15441 0.01 1 31 0
12067 307.921 8.17324 0.01 1 72 0
12079 302.999 8.03193 0.01 1 30 0
12080 299.153 8.02292 0.01 1 30 0
12144 308.809 7.48133 0.01 1 72 0
12150 299.522 8.09647 0.01 1 31 0.000259377
12191 309.49 7.49512 0.01 1 72 0
12216 300.637 8.22585 0.01 1 31 0
12222 299.522 8.09647 0.01 1 31 0
12241 307.199 8.03699 0.01 1 72 0
12248 308.341 8.12698 0.01 1 72 0
12254 300.746 8.17843 0.01 1 31 0.00085678
12259 319.525 7.49658 0.01 1 104 0
12267 320.074 7.39368 0.01 1 104 0
12299 308.341 8.05297 0.01 1 72 0
12419 301.07 7.98648 0.01 1 31 -0.000810515
12432 299.541 8.02292 0.01 1 31 0
12498 300.637 8.15441 0.01 1 31 0
12591 320.292 7.48935 0.01 1 104 0
12621 311.609 8.03359 0.01 1 72 0
12665 301.07 8.03193 0.01 1 31 0
12685 309.774 7.89251 0.01 1 72 0
12710 301.577 7.83734 0.01 1 31 0
12741 320.292 7.48935 0.01 1 104 0
12778 307.836 7.96715 0.01 1 72 0
12781 301.07 8.03193 0.01 1 31 0
12907 300.96 8.03193 0.01 1 30 0
12938 310.03 8.04513 0.01 1 72 0
12963 302.049 8.03193 0.01 1 31 -0.00490047
12968 308.522 7.89004 0.01 1 72 0
12977 301.07 8.03193 0.01 1 31 0
12996 301.07 8.03193 0.01 1 31 0
13005 310.626 7.87681 0.01 1 72 0
13059 300.637 8.15441 0.01 1 30 0
13082 307.975 8.20418 0.01 1 72 0
13090 320.074 7.52407 0.01 1 104 0
13092 299.153 8.02292 0.01 1 30 0
13120 309.283 8.25503 0.01 1 72 0
13138 300.436 7.88893 0.01 1 31 0
13179 301.728 8.03193 0.01 1 31 0
13259 299.603 8.03193 0.01 1 31 0
13266 320.074 7.49658 0.01 1 104 0
13278 301.577 8.03193 0.01 1 31 0
13290 306.452 7.98251 0.01 1 72 0
13334 299.541 8.02292 0.01 1 31 0
13343 319.99 7.49658 0.01 1 104 0
13346 299.603 8.03193 0.01 1 31 0
13363 312.228 7.98778 0.01 1 72 -0.0103908
13377 319.779 7.49658 0.01 1 106 0
13415 320.074 7.49658 0.01 1 104 0
13438 303.097 8.03193 0.01 1 31 0
13478 309.283 8.25503 0.01 1 72 0
13491 306.603 8.00059 0.01 1 72 0
13494 301.07 8.03193 0.01 1 30 0
13502 304.547 8.00499 0.01 1 72 0
13506 299.153 8.02292 0.01 1 30 0
13591 299.153 8.02292 0.01 1 30 0
13606 300.746 8.21093 0.01 1 31 0.00143646
13623 310.03 8.04513 0.01 1 72 0
13649 302.999 8.03193 0.01 1 30 0
13682 301.07 8.03193 0.01 1 31 0
13770 309.725 7.80368 0.01 1 72 -0.000483274
13787 300.436 8.02292 0.01 1 31 0
13931 300.436 7.88893 0.01 1 31 0
13953 319.54 7.52407 0.01 1 104 0
13974 299.199 8.03193 0.01 1 31 0
13996 310.626 7.87681 0.01 1 72 0
14001 306.603 8.00059 0.01 1 72 0
14002 320.074 7.44037 0.01 1 104 0
14009 309.75 7.64161 0.01 1 72 0
14021 320.074 7.55332 0.01 1 104 0
14028 300.637 8.22585 0.01 1 31 0
14114 319.99 7.49658 0.01 1 104 0
14169 310.322 8.06655 0.01 1 72 0
14194 301.577 8.03193 0.01 1 30 0
14234 301.577 7.90284 0.01 1 31 0.00114825
14253 320.074 7.44037 0.01 1 104 0
14272 308.341 8.05297 0.01 1 72 0
14280 319.197 7.48935 0.01 1 105 0
14290 301.577 8.02844 0.01 1 31 0
14350 300.436 8.06568 0.01 1 31 0
14374 301.07 8.03193 0.01 1 31 0
14395 300.436 8.02292 0.01 1 31 0
14434 307.199 8.03699 0.01 1 72 0
14440 308.693 8.22614 0.01 1 72 0
14483 307.921 8.09343 0.01 1 72 0
14484 300.436 8.02292 0.01 1 31 0
14509 301.07 8.03193 0.01 1 31 0
14510 308.773 7.98792 0.01 1 72 0
14532 299.328 8.02292 0.01 1 30 0
14568 320.292 7.48935 0.01 1 104 0
14573 307.53 8.03397 0.01 1 72 0
14599 319.99 7.49658 0.01 1 105 0
14601 300.637 8.22585 0.01 1 30 0
14616 320.292 7.48935 0.01 1 104 0
14618 301.577 8.03193 0.01 1 30 0
14683 308.693 8.22614 0.01 1 72 0
14687 310.917 8.09183 0.01 1 72 0
14720 308.995 8.24032 0.01 1 72 0
14733 301.803 8.06275 0.01 1 31 0
14742 320.074 7.44037 0.01 1 104 0
14796 311.609 8.03359 0.01 1 72 0
14854 307.921 8.10453 0.01 1 72 0
14868 306.417 8.12641 0.01 1 72 0
14901 302.462 8.15441 0.01 1 30 -0.00137628
14905 309.605 8.03795 0.01 1 72 0
14927 320.708 7.49658 0.01 1 105 0
15061 307.921 8.14044 0.01 1 72 0
15070 301.07 8.03193 0.01 1 29 0
15073 308.86 8.19762 0.01 1 72 0
15109 300.637 8.22585 0.01 1 31 0
15111 301.07 8.03193 0.01 1 31 0
15117 300.637 8.22585 0.01 1 31 0
15118 298.731 8.03193 0.01 1 31 0.0118483
15167 319.197 7.28617 0.01 1 105 0
15207 320.074 7.49658 0.01 1 104 0
15288 308.522 7.80368 0.01 1 72 0
15302 310.558 8.13371 0.01 1 72 0
15310 310.03 8.16699 0.01 1 72 0
15362 307.842 7.91045 0.01 1 72 2.83718e-05
15380 308.341 8.05297 0.01 1 72 0
15413 308.444 7.96688 0.01 1 72 0
15435 301.07 8.03193 0.01 1 31 0
15511 319.99 7.49658 0.01 1 105 0
15568 300.637 8.15441 0.01 1 30 0
15579 306.975 8.01537 0.01 1 72 0
15597 301.577 7.83734 0.01 1 31 0
15605 301.07 8.03193 0.01 1 31 0
15631 309.283 8.25503 0.01 1 72 0
15640 299.603 8.03193 0.01 1 31 0
15728 300.746 8.13061 0.01 1 31 0
15769 309.743 7.90061 0.01 1 72 0
15780 299.603 8.03193 0.01 1 31 0
15833 320.074 7.52407 0.01 1 104 0
15834 301.07 8.03193 0.01 1 31 0
15845 299.216 8.02292 0.01 1 30 -0.000819877
15882 300.637 8.15441 0.01 1 31 0
15897 320.074 7.52407 0.01 1 104 0
15953 308.809 7.48133 0.01 1 72 0
15988 311.609 8.05977 0.01 1 72 0
16004 320.074 7.49658 0.01 1 104 0
16013 311.609 8.05977 0.01 1 72 0
16019 307.53 8.02284 0.01 1 72 0
16026 301.577 8.03193 0.01 1 31 0
16029 301.07 8.03193 0.01 1 31 0
16122 308.341 8.12698 0.01 1 72 0
16164 307.842 7.85769 0.01 1 72 0
16165 300.436 8.02292 0.01 1 31 0
16166 310.03 8.04513 0.01 1 72 0
16205 299.199 8.03193 0.01 1 31 0
16247 320.074 7.44037 0.01 1 104 0
16288 302.999 8.03193 0.01 1 30 0
16349 310.678 7.87535 0.01 1 72 0
16439 301.07 8.03193 0.01 1 31 0
16447 320.708 7.45808 0.01 1 106 0
16474 307.436 7.90953 0.01 1 72 0
16509 299.522 8.09647 0.01 1 31 0
16515 319.197 7.46243 0.01 1 105 0
16521 299.603 8.03193 0.01 1 31 0
16657 311.47 7.26681 0.01 1 72 0
16726 309.605 8.03795 0.01 1 72 0
16762 320.074 7.55332 0.01 1 105 0
16786 301.577 8.03193 0.01 1 31 0
16802 301.728 8.03193 0.01 1 31 0
16812 320.708 7.49658 0.01 1 105 0
16813 319.99 7.49658 0.01 1 104 0
16836 301.577 8.03193 0.01 1 31 0
16842 303.097 8.03193 0.01 1 31 0
16851 306.603 8.0345 0.01 1 72 0
16863 309.283 8.25503 0.01 1 72 0
16866 303.901 7.9703 0.01 1 31 0
16871 308.208 7.90192 0.01 1 72 0
16875 301.803 8.06275 0.01 1 31 0
16880 309.136 7.77396 0.01 1 72 0
16889 319.99 7.49658 0.01 1 105 0
16930 309.725 7.80368 0.01 1 72 0
16934 320.074 7.44037 0.01 1 104 0
16951 299.328 8.02292 0.01 1 31 0
16952 306.975 8.01537 0.01 1 72 0
16978 308.86 8.11571 0.01 1 72 0
17018 311.47 7.26681 0.01 1 72 0
17023 301.07 8.03193 0.01 1 31 0
17028 308.809 7.48133 0.01 1 72 0
17099 301.577 8.03193 0.01 1 31 0
17204 299.199 8.03193 0.01 1 31 0
17243 300.746 8.07623 0.01 1 31 0
17248 306.452 7.98251 0.01 1 72 0
17259 299.153 8.02292 0.01 1 31 0
17281 300.637 8.15441 0.01 1 30 0
17380 300.637 8.22585 0.01 1 31 0
17398 301.577 8.03193 0.01 1 31 0
17413 299.541 8.02292 0.01 1 31 0
17496 319.197 7.28617 0.01 1 106 0
17502 307.894 8.21579 0.01 1 72 0
17606 311.728 8.03359 0.01 1 72 0
17628 299.153 8.02292 0.01 1 31 0
17644 301.577 8.06718 0.01 1 30 0
17677 299.522 8.09647 0.01 1 31 0
17703 308.341 8.12698 0.01 1 72 0
17727 300.746 8.07623 0.01 1 31 0
17740 301.07 8.03193 0.01 1 30 0
17752 310.03 8.16699 0.01 1 72 0
17759 310.162 8.03359 0.01 1 72 0
17780 307.37 8.21179 0.01 1 72 0
17832 319.54 7.52407 0.01 1 104 0
17851 319.779 7.49658 0.01 1 106 0
17863 309.136 7.77396 0.01 1 72 0
18021 300.637 8.22585 0.01 1 31 0
18023 311.609 8.05977 0.01 1 72 0
18030 307.921 8.17324 0.01 1 72 0
18051 301.577 8.03193 0.01 1 30 0
18054 312.034 8.23826 0.01 1 72 0
18072 311.609 8.05977 0.01 1 72 0
18102 310.03 8.04513 0.01 1 72 0
18137 302.321 8.15441 0.01 1 31 0
18165 300.436 8.06568 0.01 1 31 0
18182 300.637 8.22585 0.01 1 31 0
18190 320.708 7.49658 0.01 1 105 0
18236 319.54 7.52407 0.01 1 104 0
18317 300.436 8.02292 0.01 1 31 0
18391 320.074 7.44037 0.01 1 104 0
18418 308.893 7.90192 0.01 1 72 0
18462 320.708 7.51789 0.01 1 105 0
18484 319.99 7.49658 0.01 1 105 0
18637 308.809 7.48133 0.01 1 72 0
18698 307.37 8.21179 0.01 1 72 0
18706 308.809 7.48133 0.01 1 72 0
18738 300.637 8.22585 0.01 1 31 0
18777 301.577 8.03193 0.01 1 30 0
18780 301.577 8.03193 0.01 1 31 0
18789 309.407 8.38699 0.01 1 72 0
18802 301.577 8.03193 0.01 1 31 0
18875 301.07 8.03193 0.01 1 31 0
18920 300.637 8.06188 0.01 1 31 0
18931 318.967 7.49658 0.01 1 104 0
18933 299.541 8.02292 0.01 1 30 0
19027 320.074 7.44037 0.01 1 104 0
19051 307.201 8.17324 0.01 1 72 0
19067 320.074 7.49658 0.01 1 104 0
19068 306.091 8.513 0.01 1 72 0
19075 302.35 8.07623 0.01 1 30 0
19094 308.86 8.11571 0.01 1 72 0
19102 299.541 8.02292 0.01 1 29 0
19106 310.03 8.16699 0.01 1 72 0
19138 301.07 8.03193 0.01 1 31 0
19197 300.991 8.03193 0.01 1 30 0.000848953
19198 308.752 8.21579 0.01 1 72 0
19221 319.525 7.49658 0.01 1 104 0
19323 309.283 8.25503 0.01 1 72 0
19389 319.197 7.46243 0.01 1 105 0
19402 308.86 8.19762 0.01 1 72 0
19444 311.47 7.26681 0.01 1 72 0
19447 302.765 8.07623 0.01 1 31 0
19464 309.283 8.25503 0.01 1 72 0
19487 301.577 8.06718 0.01 1 30 0
19515 300.772 8.03193 0.01 1 31 0
19529 307.37 8.21179 0.01 1 72 0
19558 308.781 8.06068 0.01 1 72 0
19667 309.202 8.23826 0.01 1 72 0
19859 307.894 8.21579 0.01 1 72 0
19883 320.708 7.45808 0.01 1 106 0
19919 304.739 7.90953 0.01 1 72 0
19921 320.074 7.55332 0.01 1 105 0
20041 301.577 8.03193 0.01 1 31 0
20054 299.153 8.02292 0.01 1 30 0
20065 300.436 8.06568 0.01 1 31 0
20075 300.436 8.06568 0.01 1 31 0
20100 299.541 8.02292 0.01 1 31 0
20106 308.522 7.89004 0.01 1 72 0
20134 302.35 8.07623 0.01 1 30 0
20166 301.07 8.03193 0.01 1 31 0
20174 309.202 8.23826 0.01 1 72 0
20218 301.07 8.03193 0.01 1 31 0
20244 319.779 7.49658 0.01 1 106 0
20267 307.921 8.14044 0.01 1 72 0
20271 299.153 8.02292 0.01 1 31 0
20346 301.07 8.03193 0.01 1 31 0
20365 307.921 8.14044 0.01 1 72 0
20373 303.259 8.36426 0.01 1 31 0
20480 306.626 7.83383 0.01 1 72 0
20503 301.07 8.03193 0.01 1 31 0
20513 319.779 7.49658 0.01 1 106 0
20514 320.074 7.49658 0.01 1 105 0
20526 301.07 8.03193 0.01 1 31 0
20528 311.609 8.05977 0.01 1 72 0
20532 310.03 8.16699 0.01 1 72 0
20570 301.07 8.03193 0.01 1 30 0
20587 319.99 7.49658 0.01 1 104 0
20619 307.412 8.12641 0.01 1 72 0
20697 309.982 7.92217 0.01 1 72 0
20717 316.401 7.69517 0.01 1 105 0
20749 311.609 8.05977 0.01 1 72 0
20796 307.836 7.96715 0.01 1 72 0
20814 301.728 8.03193 0.01 1 31 0
20831 319.99 7.49658 0.01 1 105 0
20875 301.577 7.87704 0.01 1 31 0
20911 301.577 8.03193 0.01 1 31 0
20915 307.921 8.17324 0.01 1 72 0
20984 309.49 7.49512 0.01 1 72 0
20989 300.436 8.02292 0.01 1 31 0
21025 301.07 8.03193 0.01 1 31 0
21158 320.074 7.49658 0.01 1 104 0
21211 319.779 7.49658 0.01 1 106 0
21229 319.99 7.49658 0.01 1 104 0
21288 308.512 8.13551 0.01 1 72 0
21402 300.746 8.13061 0.01 1 31 0
21467 320.074 7.49658 0.01 1 104 0
21512 306.603 8.00059 0.01 1 72 0
21549 308.823 8.05297 0.01 1 72 0
21658 300.637 8.15441 0.01 1 31 0
21710 299.541 8.09647 0.01 1 31 0
21715 302.999 8.03193 0.01 1 30 0
21719 302.35 8.07623 0.01 1 31 0
21736 300.637 8.15441 0.01 1 31 0
21770 309.283 8.25503 0.01 1 72 0
21780 301.577 8.03193 0.01 1 31 0
21805 302.35 8.07623 0.01 1 29 0
21823 300.637 8.22585 0.01 1 31 0
21872 308.86 8.19762 0.01 1 72 0
21916 306.975 7.97825 0.01 1 72 0
21930 308.86 8.07211 0.01 1 72 -9.23872e-07
21954 301.577 7.83734 0.01 1 31 0
21973 310.492 8.23123 0.01 1 72 0
21983 299.153 8.02292 0.01 1 31 0
21990 301.577 8.03193 0.01 1 30 0
21994 307.836 7.96715 0.01 1 72 0
22054 299.541 8.02292 0.01 1 29 0
22056 307.894 8.21579 0.01 1 72 0
22101 300.746 8.07623 0.01 1 31 0
22106 307.53 8.02284 0.01 1 72 0
22145 300.637 8.15441 0.01 1 31 0
22256 301.577 8.03193 0.01 1 31 0
22263 320.074 7.64353 0.01 1 104 0
22292 307.836 7.96715 0.01 1 72 0
22366 299.328 8.02292 0.01 1 30 0
22381 301.577 8.03193 0.01 1 31 0
22384 307.436 7.90953 0.01 1 72 0
22409 299.328 8.02292 0.01 1 30 0
22566 321.796 7.49658 0.01 1 105 0.0242063
22607 299.153 8.02292 0.01 1 30 0
22619 308.522 7.80368 0.01 1 72 0
22632 319.197 7.28617 0.01 1 105 0
22634 320.708 7.49658 0.01 1 105 0
22748 302.999 8.03193 0.01 1 30 0
22756 311.47 7.26681 0.01 1 72 0
22781 307.836 7.96715 0.01 1 72 0
22783 320.074 7.49658 0.01 1 104 0
22881 311.609 8.18633 0.01 1 72 0.000303477
22896 301.577 8.06718 0.01 1 30 0
22930 301.577 8.03193 0.01 1 29 0
22940 300.637 8.22585 0.01 1 31 0
22989 310.162 8.03359 0.01 1 72 0
23030 299.522 8.09647 0.01 1 31 0
23090 300.637 8.22585 0.01 1 31 0
23138 309.75 7.64161 0.01 1 72 0
23139 301.07 8.03193 0.01 1 31 0
23152 307.921 8.10453 0.01 1 72 0
23185 311.609 8.05977 0.01 1 72 0
23190 301.07 8.03193 0.01 1 31 0
23205 310.03 8.04513 0.01 1 72 0
23284 301.577 8.03193 0.01 1 31 0
23292 301.07 8.03193 0.01 1 31 0
23345 299.541 8.02292 0.01 1 31 0
23390 319.99 7.49658 0.01 1 104 0
23427 299.153 8.02292 0.01 1 30 0
23498 320.074 7.44037 0.01 1 104 0
23557 300.637 8.15441 0.01 1 31 0
23564 300.637 8.15441 0.01 1 31 0
23645 310.378 7.95549 0.01 1 72 0
23658 307.894 8.21579 0.01 1 72 0
23841 301.577 8.03193 0.01 1 31 0
23842 300.637 8.15441 0.01 1 31 0
23851 300.746 8.07623 0.01 1 31 0
23906 301.577 8.02844 0.01 1 31 0
23910 300.436 8.02292 0.01 1 31 0
23958 300.436 8.03193 0.01 1 30 0
23990 310.03 8.04513 0.01 1 72 0
24078 320.708 7.49658 0.01 1 105 0
24092 308.745 8.38699 0.01 1 72 0
24103 301.577 8.03193 0.01 1 31 0
24177 301.07 8.03193 0.01 1 31 0
24255 320.074 7.49658 0.01 1 104 0
24319 311.003 7.98684 0.01 1 72 0
24320 304.547 8.00499 0.01 1 72 0
24341 301.07 8.03193 0.01 1 31 0
24344 303.287 7.99365 0.01 1 72 0
24348 308.341 8.05297 0.01 1 72 0
24389 301.07 8.03193 0.01 1 30 0
24435 309.49 7.49512 0.01 1 72 0
24478 300.436 8.02292 0.01 1 29 0
24481 304.547 8.00499 0.01 1 72 0
24494 300.436 8.02292 0.01 1 31 0
24535 308.522 7.89004 0.01 1 72 0
24616 301.07 8.03193 0.01 1 29 0
24667 320.074 7.55332 0.01 1 106 0
24672 310.162 8.03359 0.01 1 72 0
24689 301.577 7.87704 0.01 1 31 0
24713 319.99 7.69956 0.01 1 104 0.00185773
24760 306.286 8.01107 0.01 1 72 0
24763 300.637 8.22585 0.01 1 31 0
24775 308.194 8.17867 0.01 1 72 0
24857 302.999 8.03193 0.01 1 30 0
24900 299.541 8.09647 0.01 1 31 0
24906 300.436 8.06568 0.01 1 31 0
24924 308.86 8.19762 0.01 1 72 0
24929 309.605 8.03795 0.01 1 72 0
25026 307.37 8.21179 0.01 1 72 0
25027 299.153 8.02292 0.01 1 30 0
25039 301.577 8.03193 0.01 1 31 0
25086 311.609 8.03359 0.01 1 72 0
25135 299.603 8.03193 0.01 1 31 0
25162 311.609 8.03359 0.01 1 72 0
25184 320.074 7.55332 0.01 1 106 0
25237 300.637 8.22585 0.01 1 31 0
25350 308.341 8.17153 0.01 1 72 0
25374 300.96 8.03193 0.01 1 30 0
25391 301.577 8.03193 0.01 1 29 0
25430 299.603 8.03193 0.01 1 31 0
25512 307.37 8.21179 0.01 1 72 0
25533 308.86 8.19762 0.01 1 72 0
25536 309.322 8.25503 0.01 1 72 -3.4824e-05
25545 299.541 8.02292 0.01 1 31 0
25549 301.577 8.06718 0.01 1 31 0
25630 320.074 7.52407 0.01 1 104 0
25712 306.452 7.98251 0.01 1 72 0
25769 307.921 8.10453 0.01 1 72 0
25775 308.522 7.89004 0.01 1 72 0
25800 300.436 8.02292 0.01 1 31 0
25812 299.153 8.02292 0.01 1 31 0
25853 301.728 8.01143 0.01 1 31 -0.000354506
25911 322.331 7.55332 0.01 1 104 0
25938 309.774 7.89251 0.01 1 72 0
25962 300.637 8.15441 0.01 1 31 0
26009 311.609 8.05977 0.01 1 72 0
26098 320.292 7.48935 0.01 1 104 0
26131 319.99 7.49658 0.01 1 105 0
26136 301.577 7.87704 0.01 1 31 0
26139 301.577 8.06718 0.01 1 31 0
26164 319.99 7.49658 0.01 1 105 0
26195 300.746 8.07623 0.01 1 31 0
26200 308.522 7.80368 0.01 1 72 0
26204 301.577 8.02844 0.01 1 31 0
26280 301.07 8.03193 0.01 1 31 0
26319 306.975 7.97825 0.01 1 72 0
26326 320.708 7.49658 0.01 1 105 0
26398 300.772 8.03193 0.01 1 31 0
26413 299.541 8.02292 0.01 1 30 0
26416 301.07 7.98648 0.01 1 31 0
26420 306.603 7.97311 0.01 1 72 0
26450 301.577 8.03193 0.01 1 29 0
26457 306.975 7.97825 0.01 1 72 0
26489 301.728 8.03193 0.01 1 31 0
26542 307.921 8.09343 0.01 1 72 0
26549 301.07 8.03193 0.01 1 31 0
26583 319.779 7.4388 0.01 1 106 0
26594 301.577 8.03193 0.01 1 31 0
26647 320.292 7.48935 0.01 1 104 0
26706 320.074 7.49658 0.01 1 105 0
26758 311.728 8.03359 0.01 1 72 0
26766 309.49 7.49512 0.01 1 72 0
26776 302.999 8.03193 0.01 1 30 0
26829 300.637 8.06188 0.01 1 31 0
26867 308.893 7.90192 0.01 1 72 0
26883 319.99 7.49658 0.01 1 105 0
26923 301.577 8.03193 0.01 1 30 0
26925 318.228 7.62199 0.01 1 105 0
26927 299.153 8.02292 0.01 1 29 0
26963 301.577 8.03193 0.01 1 31 0
27003 300.637 8.15441 0.01 1 31 0
27008 300.637 8.22585 0.01 1 31 0
27020 319.99 7.49658 0.01 1 104 0
27077 320.074 7.49658 0.01 1 104 0
27098 320.074 7.64353 0.01 1 104 0.00080362
27157 306.603 8.00059 0.01 1 72 0
27302 320.074 7.49658 0.01 1 104 0
27378 320.708 7.45808 0.01 1 106 0
27404 312.034 8.23826 0.01 1 72 0
27412 299.153 8.02292 0.01 1 30 0.00499772
27507 301.577 8.03193 0.01 1 30 0
27516 300.637 8.22585 0.01 1 31 0
27519 301.07 8.03193 0.01 1 31 0
27531 307.412 8.12641 0.01 1 72 0.00602674
27555 300.436 8.02292 0.01 1 31 0
27561 300.637 8.22585 0.01 1 31 0
27586 300.637 8.15441 0.01 1 30 0
27597 320.074 7.49658 0.01 1 104 0
27622 299.153 8.02292 0.01 1 30 0
27627 300.637 8.22585 0.01 1 31 0
27634 320.292 7.48935 0.01 1 104 0
27678 310.199 7.33119 0.01 1 72 2.10255e-05
27715 299.522 8.09647 0.01 1 30 0
27739 310.492 8.23123 0.01 1 72 0
27760 300.637 8.15441 0.01 1 31 0
27809 307.975 8.20418 0.01 1 72 0
27931 300.637 8.22585 0.01 1 30 0
27961 300.772 8.03193 0.01 1 31 0
27973 320.074 7.39368 0.01 1 104 0
27976 310.626 7.87681 0.01 1 72 0
28000 302.999 8.03193 0.01 1 31 0
28027 300.981 8.15441 0.01 1 30 0
28039 301.07 8.03193 0.01 1 30 0
28055 299.541 8.02292 0.01 1 30 0
28062 299.522 8.09647 0.01 1 31 0
28086 307.836 7.96715 0.01 1 72 0
28160 300.746 8.13061 0.01 1 31 0
28163 306.975 7.97825 0.01 1 72 0
28176 320.708 7.51789 0.01 1 105 0
28232 300.637 8.15441 0.01 1 31 0
28307 310.199 7.30198 0.01 1 72 0
28310 299.522 8.09647 0.01 1 30 0
28332 319.197 7.40247 0.01 1 104 0
28337 299.819 8.03193 0.01 1 31 0
28353 299.522 8.09647 0.01 1 31 0
28358 299.153 8.02292 0.01 1 31 0
28448 300.746 8.07623 0.01 1 31 0
28532 310.162 8.03359 0.01 1 72 0
28533 301.07 8.03193 0.01 1 31 0
28575 302.35 8.07623 0.01 1 30 0
28591 307.836 7.96715 0.01 1 72 0
28639 301.577 7.83734 0.01 1 31 0
28709 308.512 8.13551 0.01 1 72 0
28713 301.07 8.03193 0.01 1 31 0
28736 307.37 8.30966 0.01 1 72 8.99285e-05
28822 301.07 7.98648 0.01 1 31 0
28830 299.819 8.03193 0.01 1 31 0
28869 301.577 8.03193 0.01 1 29 0
28887 310.03 8.16699 0.01 1 72 0
28903 301.577 8.03193 0.01 1 31 0
28908 309.725 7.80368 0.01 1 72 0
28950 320.074 7.55332 0.01 1 106 0
28970 310.03 8.04513 0.01 1 72 0
28994 307.37 8.21179 0.01 1 72 0
29023 311.47 7.26681 0.01 1 72 0
29070 309.407 8.38699 0.01 1 72 0
29126 301.07 7.91678 0.01 1 31 -0.00205836
29136 299.199 8.03193 0.01 1 31 0
29141 319.197 7.48935 0.01 1 104 0
29186 319.54 7.52407 0.01 1 104 0
29204 306.286 8.13551 0.01 1 72 0
29275 309.605 8.03795 0.01 1 72 0
29379 299.153 8.02292 0.01 1 30 0
29427 307.894 8.19452 0.01 1 72 0
29437 311.678 7.98684 0.01 1 72 0
29471 299.153 8.02292 0.01 1 30 0
29478 306.975 7.97825 0.01 1 72 0
29522 308.693 8.22614 0.01 1 72 0
29599 307.938 7.96715 0.01 1 72 0.000351712
29614 299.541 8.02292 0.01 1 29 0
29626 309.263 8.14067 0.01 1 72 0
29652 307.37 8.21179 0.01 1 72 0
29697 308.809 7.48133 0.01 1 72 0
29716 319.779 7.4388 0.01 1 106 -0.000754192
29811 320.074 7.55332 0.01 1 106 0
30003 301.577 8.03193 0.01 1 30 0
30018 310.162 8.03359 0.01 1 72 0
30020 319.197 7.28617 0.01 1 105 -0.00276507
30027 310.558 8.13371 0.01 1 72 0
30029 299.541 8.09647 0.01 1 31 0
30069 300.65 8.22585 0.01 1 31 0
30083 299.153 8.02292 0.01 1 31 0
30121 311.47 7.26681 0.01 1 72 0
30198 319.779 7.49658 0.01 1 106 0
30209 307.338 7.91315 0.01 1 72 0
30219 320.708 7.49658 0.01 1 105 0
30243 300.436 7.88893 0.01 1 31 0
30249 301.577 8.03193 0.01 1 30 0
30262 307.836 7.96715 0.01 1 72 0
30279 300.436 8.02292 0.01 1 31 0
30317 299.522 8.09647 0.01 1 30 0
30319 309.407 8.38699 0.01 1 72 0
30320 320.074 7.39368 0.01 1 104 0
30354 308.693 8.22614 0.01 1 72 0
30358 319.779 7.49658 0.01 1 106 0
30374 301.07 8.03193 0.01 1 31 0
30425 306.603 8.00059 0.01 1 72 0
30437 301.577 8.03193 0.01 1 31 0
30487 309.202 8.23826 0.01 1 72 0
30507 301.577 8.03193 0.01 1 30 0
30545 299.522 8.09647 0.01 1 30 0
30581 301.07 8.03193 0.01 1 31 0
30610 310.558 8.13371 0.01 1 72 0
30624 300.65 8.22585 0.01 1 31 0
30631 301.577 8.03193 0.01 1 30 0
30635 300.637 8.15441 0.01 1 31 0
30640 308.823 8.05297 0.01 1 72 0
30696 299.522 8.09647 0.01 1 30 0
30744 320.708 7.49658 0.01 1 105 0
30773 308.995 8.24032 0.01 1 72 0
30782 301.803 8.06275 0.01 1 31 0
30786 319.197 7.40247 0.01 1 104 0
30810 309.605 8.03795 0.01 1 72 0
30863 301.496 8.03193 0.01 1 31 -0.0199428
30874 299.603 8.03193 0.01 1 31 0
30903 311.609 8.03026 0.01 1 72 0
30914 319.99 7.49658 0.01 1 104 0
30915 311.47 7.26681 0.01 1 72 0
30958 300.637 8.15441 0.01 1 31 0
30994 310.162 8.03359 0.01 1 72 0
31115 309.774 7.89251 0.01 1 72 0
31124 311.609 8.03026 0.01 1 72 0
31160 300.981 8.15441 0.01 1 30 0
31214 320.074 7.71064 0.01 1 106 0.00182703
31225 309.774 7.89251 0.01 1 72 0
31266 300.637 8.15441 0.01 1 30 0
31272 307.53 8.02284 0.01 1 72 0
31363 299.522 8.09647 0.01 1 31 0
31432 299.522 8.09647 0.01 1 31 0
31440 320.074 7.49658 0.01 1 104 0
31505 308.86 8.23341 0.01 1 72 2.5332e-07
31573 299.819 8.03193 0.01 1 31 0
31580 319.99 7.49658 0.01 1 104 0
31670 299.199 8.03193 0.01 1 31 0
31692 308.884 7.69347 0.01 1 72 0
31713 299.153 8.18156 0.01 1 31 0
31753 307.842 7.85769 0.01 1 72 0
31772 320.708 7.49658 0.01 1 105 0
31827 307.45 7.92505 0.01 1 72 0
31847 301.803 8.06275 0.01 1 31 0
31890 308.208 7.90192 0.01 1 72 0
31924 306.603 8.00059 0.01 1 72 0
31930 308.745 8.38699 0.01 1 72 0.000142172
31947 299.522 8.09647 0.01 1 30 0
31952 300.637 8.22585 0.01 1 30 0
31989 308.809 7.48133 0.01 1 72 0
31991 307.836 7.96715 0.01 1 72 0
32047 307.921 8.14044 0.01 1 72 0
32083 300.746 8.07623 0.01 1 29 0
32126 309.36 8.14067 0.01 1 72 0
32200 308.893 7.90192 0.01 1 72 0
32235 301.803 8.06275 0.01 1 31 0
32246 301.07 8.03193 0.01 1 31 0
32328 320.708 7.49658 0.01 1 105 0
32405 309.743 7.90061 0.01 1 72 0
32421 299.153 8.02292 0.01 1 30 0
32438 299.153 8.02292 0.01 1 30 0
32457 300.637 8.15441 0.01 1 30 0
32542 301.728 8.03193 0.01 1 31 0
32600 299.541 8.09647 0.01 1 30 0
32624 300.772 8.03193 0.01 1 31 0
32625 310.199 7.30198 0.01 1 72 0
32646 299.541 8.02292 0.01 1 31 0
32727 307.37 8.21179 0.01 1 72 0
32731 302.999 8.03193 0.01 1 30 0
32741 311.47 7.26681 0.01 1 72 0
32826 308.86 8.19762 0.01 1 72 0
32830 298.731 8.03193 0.01 1 31 0
32851 299.153 8.02292 0.01 1 31 0
32856 299.153 8.02292 0.01 1 30 0
32857 306.452 7.9918 0.01 1 72 2.23219e-05
32875 311.139 8.04667 0.01 1 72 0
32901 301.07 8.03193 0.01 1 31 0
32987 320.074 7.3064 0.01 1 104 0
33002 307.836 7.96715 0.01 1 72 0
33028 299.153 8.02292 0.01 1 31 0
33061 300.637 8.15441 0.01 1 31 0
33065 308.341 8.12698 0.01 1 72 0
33068 299.541 8.02292 0.01 1 30 0
33219 307.37 8.21179 0.01 1 72 0
33230 307.842 7.85769 0.01 1 72 0
33273 307.894 8.21579 0.01 1 72 0
33324 300.436 8.02292 0.01 1 31 0
33340 301.07 8.03193 0.01 1 31 0
33422 320.074 7.49658 0.01 1 104 0
33486 307.37 8.21179 0.01 1 72 0
33536 309.774 7.89251 0.01 1 72 0
33548 300.981 8.15441 0.01 1 30 0
33554 309.283 8.25503 0.01 1 72 0
33584 308.893 7.90192 0.01 1 72 0
33640 299.839 7.88893 0.01 1 31 0.00747986
33659 311.609 8.03359 0.01 1 72 0
33665 320.292 7.48935 0.01 1 104 0
33714 309.283 8.25503 0.01 1 72 0
33715 299.153 8.02292 0.01 1 31 0
33778 306.286 8.13551 0.01 1 72 0
33808 299.153 8.02292 0.01 1 30 0
33896 299.153 8.02292 0.01 1 30 0
33932 319.197 7.28617 0.01 1 105 0
33974 311.47 7.26681 0.01 1 72 0
33992 308.752 8.21579 0.01 1 72 0
34003 320.708 7.49658 0.01 1 105 0
34023 309.283 8.36368 0.01 1 72 0
34034 307.921 8.17324 0.01 1 72 0
34044 299.153 8.02292 0.01 1 30 0
34061 320.708 7.49658 0.01 1 105 0
34136 301.577 7.92873 0.01 1 31 -0.00180198
34146 301.577 8.03193 0.01 1 30 0
34157 309.407 8.38699 0.01 1 72 0
34163 319.99 7.49658 0.01 1 105 0
34168 319.197 7.48935 0.01 1 104 0
34203 307.921 8.14044 0.01 1 72 0
34207 311.609 8.05977 0.01 1 72 0
34212 300.746 8.18485 0.01 1 31 0.00193716
34215 307.37 8.21179 0.01 1 72 0
34218 320.074 7.55332 0.01 1 105 0
34240 301.07 8.03193 0.01 1 31 0
34265 312.034 8.23826 0.01 1 72 0
34316 308.522 7.80368 0.01 1 72 0
