max_pf 96 min_pf 37
individual T0 sigma disp_rate r0 patch_no mut_eff
15 307.284 8.16626 0.01 1 72 0
21 310.399 8.47725 0.01 1 72 0.000305176
90 309.626 8.33218 0.01 1 72 0
91 303.188 8.11668 0.01 1 38 0
92 309.093 7.799 0.01 1 72 0
171 307.965 8.17904 0.01 1 72 0
173 317.363 7.98919 0.01 1 94 0
187 306.338 8.20527 0.01 1 72 -0.00379427
209 307.995 8.10744 0.01 1 72 0
220 309.271 8.07406 0.01 1 72 0
232 304.321 8.11668 0.01 1 37 0
273 308.973 8.30269 0.01 1 72 0
277 305.027 8.11668 0.01 1 38 0
278 307.116 8.13581 0.01 1 72 0
332 306.337 8.16745 0.01 1 72 0
344 317.363 8.05939 0.01 1 94 0
346 312.392 8.05939 0.01 1 95 0
349 303.188 8.09846 0.01 1 39 0
380 305.027 8.13891 0.01 1 39 0
439 309.586 8.04964 0.01 1 72 0
468 302.482 8.11668 0.01 1 39 0
469 317.387 8.05939 0.01 1 94 0
619 303.188 8.11668 0.01 1 39 0
631 305.027 8.11668 0.01 1 39 0
657 309.777 8.06818 0.01 1 72 0
674 313.654 8.05939 0.01 1 95 0
718 312.392 8.05939 0.01 1 95 0
744 313.654 8.05939 0.01 1 96 0
763 303.188 8.11668 0.01 1 39 0
775 303.188 8.11668 0.01 1 39 0
786 317.86 8.12457 0.01 1 95 0
804 313.654 8.18054 0.01 1 95 0.00147714
810 303.188 8.11668 0.01 1 38 0
818 317.363 8.05939 0.01 1 94 0
845 303.128 8.11668 0.01 1 39 0
848 307.579 7.93068 0.01 1 72 0
854 305.779 8.11668 0.01 1 39 -0.0121967
863 303.561 8.17369 0.01 1 39 0
871 303.553 8.11668 0.01 1 38 0
894 312.392 8.1433 0.01 1 94 0
902 307.995 8.10744 0.01 1 72 0
922 303.188 8.11668 0.01 1 38 0
959 303.561 7.96715 0.01 1 38 0
967 305.265 8.13891 0.01 1 38 0
972 309.532 7.96112 0.01 1 72 0
980 317.363 8.05939 0.01 1 94 0
1004 317.387 8.05939 0.01 1 94 0
1010 309.738 7.97047 0.01 1 72 0
1043 311.208 8.44459 0.01 1 72 0
1044 302.547 8.11668 0.01 1 39 0
1071 304.321 8.11668 0.01 1 37 0
1080 309.493 8.30214 0.01 1 72 0
1082 305.027 8.13891 0.01 1 39 0
1106 303.188 8.11668 0.01 1 39 0
1109 317.403 8.12457 0.01 1 95 -0.00370401
1131 314.464 8.05939 0.01 1 96 0
1141 307.579 8.21561 0.01 1 72 0
1173 303.188 8.11668 0.01 1 38 0
1176 320.803 8.05939 0.01 1 95 0
1196 303.188 8.11668 0.01 1 39 0
1248 307.965 8.17904 0.01 1 72 0
1253 308.366 8.30269 0.01 1 72 0
1260 303.798 8.11668 0.01 1 39 -0.0080796
1278 303.188 8.11668 0.01 1 39 0
1296 309.752 7.81276 0.01 1 72 0
1355 300.453 8.11668 0.01 1 39 0
1396 317.86 8.12457 0.01 1 95 0
1448 308.283 8.33218 0.01 1 72 0
1466 313.654 8.05939 0.01 1 95 0
1484 311.906 8.05939 0.01 1 95 0
1494 307.579 7.93068 0.01 1 72 0
1578 305.027 8.11668 0.01 1 38 0
1601 303.188 8.11668 0.01 1 39 0
1672 305.265 8.13891 0.01 1 38 0
1674 311.208 8.44288 0.01 1 72 0
1684 307.116 8.21008 0.01 1 72 0
1700 303.188 8.11668 0.01 1 38 0
1724 305.027 8.11668 0.01 1 39 0
1749 305.027 8.11668 0.01 1 38 0
1800 308.366 8.30269 0.01 1 72 0
1948 310.531 7.94624 0.01 1 72 0
1953 303.561 8.21906 0.01 1 38 0
1985 303.188 8.11668 0.01 1 39 0
2021 303.188 8.11668 0.01 1 39 0
2031 311.287 8.20957 0.01 1 72 0
2049 303.188 8.11668 0.01 1 38 0
2063 303.188 8.11668 0.01 1 38 0
2072 309.777 8.06818 0.01 1 72 0
2083 314.57 8.39213 0.01 1 72 0
2089 305.027 8.11668 0.01 1 38 0
2114 309.493 8.30214 0.01 1 72 0
2129 303.188 8.11668 0.01 1 39 0
2163 305.027 8.11668 0.01 1 39 0
2195 305.027 8.11668 0.01 1 39 0
2206 304.066 8.11668 0.01 1 39 0
2250 312.128 8.05939 0.01 1 95 0
2313 310.388 8.47725 0.01 1 72 0
2337 305.265 8.13891 0.01 1 38 0
2338 305.027 8.11668 0.01 1 39 0
2378 310.388 8.38383 0.01 1 72 0
2407 317.363 8.05939 0.01 1 95 0
2413 305.027 8.22132 0.01 1 39 0
2415 313.176 8.05939 0.01 1 95 0
2433 305.89 8.01911 0.01 1 72 0
2448 313.654 7.95519 0.01 1 96 0
2473 303.188 8.11668 0.01 1 37 0
2545 311.19 8.20957 0.01 1 72 0
2552 309.895 7.89867 0.01 1 72 0
2587 304.321 8.11668 0.01 1 37 0
2592 311.447 8.20957 0.01 1 72 0
2637 303.188 8.11668 0.01 1 38 0
2644 312.392 8.14644 0.01 1 94 0
2652 317.363 8.05939 0.01 1 95 0
2664 317.363 8.05939 0.01 1 94 0
2689 305.027 8.1223 0.01 1 39 0
2703 303.128 8.11668 0.01 1 39 0
2803 307.116 8.21008 0.01 1 72 0
2900 303.184 8.11668 0.01 1 39 0
2914 314.464 8.05939 0.01 1 95 0
2951 308.894 7.86749 0.01 1 72 0
2954 317.363 8.05939 0.01 1 94 0
3012 304.321 8.11668 0.01 1 37 0
3035 312.392 8.03496 0.01 1 94 0
3129 303.561 8.21906 0.01 1 38 0
3134 313.9 8.05939 0.01 1 94 0
3138 309.355 7.99981 0.01 1 72 0
3139 303.188 8.11668 0.01 1 38 0
3142 308.366 8.30269 0.01 1 72 0
3176 309.542 7.91421 0.01 1 72 0
3244 313.654 8.05939 0.01 1 95 0
3312 305.027 8.11668 0.01 1 39 0
3315 312.392 8.14644 0.01 1 94 0
3329 307.284 8.16626 0.01 1 72 0
3333 317.363 8.05939 0.01 1 94 0
3351 304.85 8.21586 0.01 1 39 0
3362 303.188 8.11668 0.01 1 39 0
3367 303.188 8.11668 0.01 1 39 0
3376 313.654 8.05939 0.01 1 95 0
3377 303.188 8.11668 0.01 1 39 0
3403 307.965 8.2607 0.01 1 72 1.06841e-05
3445 308.283 8.33218 0.01 1 72 0
3450 317.363 8.05939 0.01 1 94 0
3489 313.654 8.05939 0.01 1 95 0
3535 309.542 8.02644 0.01 1 72 4.73708e-05
3542 313.9 8.05939 0.01 1 94 0
3543 317.363 8.05939 0.01 1 94 0
3544 305.027 8.11668 0.01 1 39 0
3550 303.188 8.11668 0.01 1 39 0
3561 311.412 7.55438 0.01 1 72 0
3593 309.895 7.89867 0.01 1 72 0
3604 316.685 8.05939 0.01 1 94 0
3631 303.188 8.11668 0.01 1 39 0
3664 311.187 8.12171 0.01 1 72 0
3718 313.9 8.05939 0.01 1 94 0
3735 303.188 8.11668 0.01 1 39 0
3754 309.355 7.99981 0.01 1 72 0
3773 307.995 8.10744 0.01 1 72 0
3846 307.965 8.28816 0.01 1 72 0
3910 313.654 8.05939 0.01 1 95 0
3916 317.363 8.05939 0.01 1 95 0
3924 303.188 8.11668 0.01 1 39 0
3953 317.363 8.05939 0.01 1 95 0
3957 311.208 8.44459 0.01 1 72 0
3978 303.188 8.11668 0.01 1 39 0
3982 313.9 8.05939 0.01 1 94 0
4025 303.188 8.11668 0.01 1 38 0
4040 305.027 8.13891 0.01 1 38 0
4041 303.188 8.11668 0.01 1 39 0
4057 305.027 8.11668 0.01 1 38 0
4059 310.477 8.47725 0.01 1 72 -0.000345305
4078 305.027 8.22132 0.01 1 39 0
4079 304.321 8.11668 0.01 1 37 0
4086 317.363 7.98919 0.01 1 96 0
4119 317.363 8.05939 0.01 1 94 0
4123 317.363 8.05939 0.01 1 94 0
4156 309.532 7.85212 0.01 1 72 0
4162 303.188 8.11668 0.01 1 39 0
4165 309.271 8.07406 0.01 1 72 0
4175 305.027 8.11668 0.01 1 39 0
4189 313.654 8.05939 0.01 1 95 0
4190 317.363 8.05939 0.01 1 94 0
4194 308.283 8.33218 0.01 1 72 0
4221 307.965 8.28816 0.01 1 72 0
4233 304.692 8.11668 0.01 1 39 0
4236 308.366 8.30269 0.01 1 72 0
4249 307.344 8.05701 0.01 1 72 0
4285 303.561 8.09682 0.01 1 39 0
4293 308.894 8.07635 0.01 1 72 0
4326 306.956 8.18831 0.01 1 72 0
4331 310.388 8.33218 0.01 1 72 0
4346 313.654 8.05939 0.01 1 95 0
4362 304.692 8.11668 0.01 1 39 0
4389 303.188 8.11668 0.01 1 39 0
4395 317.363 8.05939 0.01 1 94 0
4398 317.363 8.05939 0.01 1 94 0
4440 317.216 8.05939 0.01 1 94 -0.00115702
4444 310.388 8.33218 0.01 1 72 0
4463 307.116 8.21008 0.01 1 72 0
4466 303.227 8.11668 0.01 1 39 0
4517 309.355 7.99981 0.01 1 72 0
4531 302.686 8.11668 0.01 1 38 0
4540 313.654 8.12012 0.01 1 95 0
4543 303.188 8.11668 0.01 1 37 0
4546 303.188 8.11668 0.01 1 38 0
4601 313.654 8.12012 0.01 1 94 0.000909805
4613 312.392 8.05939 0.01 1 95 0
4615 317.363 8.05939 0.01 1 94 0
4616 309.738 7.97047 0.01 1 72 0
4618 304.321 8.11668 0.01 1 39 0
4626 309.542 7.91421 0.01 1 72 0
4659 305.027 8.11668 0.01 1 39 0
4670 304.066 8.11668 0.01 1 39 0
4673 309.345 8.22643 0.01 1 72 0
4677 303.188 8.11668 0.01 1 39 0
4687 307.995 8.10744 0.01 1 72 0
4713 307.786 7.98729 0.01 1 72 0
4744 309.532 7.85212 0.01 1 72 0
4755 311.906 8.05939 0.01 1 95 0
4931 303.188 8.11668 0.01 1 39 0
4955 304.321 8.11668 0.01 1 37 0
4966 304.692 8.11668 0.01 1 39 0
5028 303.188 8.11668 0.01 1 38 0
5040 310.399 8.47725 0.01 1 72 0
5054 310.388 8.2757 0.01 1 72 4.45843e-05
5072 303.188 8.11668 0.01 1 39 0
5122 302.583 8.11668 0.01 1 39 0
5128 309.005 8.33218 0.01 1 72 0
5158 303.188 8.11668 0.01 1 39 0
5167 317.363 8.05939 0.01 1 94 0
5210 307.786 7.98729 0.01 1 72 0
5218 309.895 7.89867 0.01 1 72 0
5222 303.188 8.11668 0.01 1 38 0
5237 317.363 8.05939 0.01 1 95 0
5255 317.363 8.05939 0.01 1 94 0
5319 309.895 7.89867 0.01 1 72 0
5343 303.188 8.11668 0.01 1 39 0
5401 317.363 8.05939 0.01 1 95 0
5403 305.027 8.11668 0.01 1 39 0
5404 317.363 8.05939 0.01 1 94 0
5557 310.388 8.38383 0.01 1 72 0
5577 303.188 8.11668 0.01 1 38 0
5596 305.027 8.11668 0.01 1 39 0
5610 304.321 8.11668 0.01 1 39 0
5616 310.477 8.47725 0.01 1 72 0
5709 309.345 8.22643 0.01 1 72 0
5738 303.188 8.11668 0.01 1 39 0
5739 313.654 8.05939 0.01 1 94 0
5787 303.188 8.11668 0.01 1 39 0
5837 309.586 8.04964 0.01 1 72 0
5842 303.188 8.11668 0.01 1 39 0
5890 307.116 8.13581 0.01 1 72 0
5911 314.57 8.39213 0.01 1 72 0
6044 309.532 7.96112 0.01 1 72 0
6072 316.954 8.05939 0.01 1 94 0
6123 310.225 7.93078 0.01 1 72 0
6142 307.227 7.93649 0.01 1 72 0
6192 310.388 8.20957 0.01 1 72 0
6224 317.363 8.05939 0.01 1 94 0
6290 316.957 8.05939 0.01 1 94 0
6292 303.188 8.11668 0.01 1 39 0
6349 310.531 7.94624 0.01 1 72 0
6365 306.627 7.98336 0.01 1 72 0
6373 308.366 8.08635 0.01 1 72 0
6378 308.974 7.81218 0.01 1 72 0
6381 317.363 7.98919 0.01 1 94 0
6399 317.363 8.03599 0.01 1 94 -5.87851e-05
6403 303.188 8.11871 0.01 1 38 0
6467 317.86 8.12457 0.01 1 95 0
6475 313.654 8.05939 0.01 1 95 0
6494 316.957 8.05939 0.01 1 94 0
6499 313.654 8.05939 0.01 1 94 0
6509 309.355 7.99981 0.01 1 72 0
6510 303.561 7.84414 0.01 1 38 0
6610 305.027 8.11668 0.01 1 39 0
6615 309.037 8.10744 0.01 1 72 0
6663 304.272 8.11668 0.01 1 38 -0.0134895
6667 309.574 7.85212 0.01 1 72 0
6670 303.188 8.11668 0.01 1 39 0
6705 303.128 8.11668 0.01 1 39 0
6731 304.321 8.11668 0.01 1 37 0
6733 303.188 8.11668 0.01 1 38 0
6745 317.363 8.05939 0.01 1 94 0
6780 317.664 8.05939 0.01 1 95 0
6791 303.188 8.11668 0.01 1 39 0
6856 306.897 7.91123 0.01 1 72 -6.78152e-05
6879 307.965 8.17904 0.01 1 72 0
6898 309.777 8.06818 0.01 1 72 0
6913 311.235 8.20957 0.01 1 72 0
6916 303.561 7.84414 0.01 1 38 0
6929 311.208 8.44459 0.01 1 72 0
6973 309.542 7.91421 0.01 1 72 0
6976 304.321 8.11668 0.01 1 37 0
6985 309.345 8.22643 0.01 1 72 0
7009 303.184 8.01537 0.01 1 39 0
7070 305.265 8.13891 0.01 1 38 0
7089 308.053 7.98729 0.01 1 72 0
7098 305.027 8.11668 0.01 1 39 0
7101 317.363 7.98919 0.01 1 94 0
7148 304.85 8.21586 0.01 1 39 0
7184 316.685 8.05939 0.01 1 94 0
7246 309.752 7.81276 0.01 1 72 0
7254 308.965 8.068 0.01 1 72 0
7334 305.027 8.11668 0.01 1 39 0
7350 303.188 8.11668 0.01 1 39 0
7401 304.21 8.11668 0.01 1 39 0
7443 307.227 7.93649 0.01 1 72 0
7451 317.363 8.05939 0.01 1 94 0
7459 313.176 8.05939 0.01 1 94 0
7478 314.464 8.05939 0.01 1 95 0
7481 303.188 8.11668 0.01 1 39 0
7493 310.388 8.33218 0.01 1 72 0
7503 313.654 8.05939 0.01 1 95 0
7526 303.561 8.21906 0.01 1 39 0
7533 317.363 8.05939 0.01 1 94 0
7552 302.53 8.11668 0.01 1 39 0
7573 314.602 7.91873 0.01 1 95 0.0190904
7578 307.025 8.00457 0.01 1 72 0
7583 309.806 8.33218 0.01 1 72 0
7585 309.355 7.99981 0.01 1 72 0
7598 308.145 8.12837 0.01 1 72 -2.30968e-05
7669 305.265 8.13891 0.01 1 38 0
7670 305.027 8.11668 0.01 1 39 0
7677 305.265 8.13891 0.01 1 38 0
7687 310.915 8.47725 0.01 1 72 -0.00236176
7698 304.066 8.11668 0.01 1 39 0
7706 309.493 8.30214 0.01 1 72 0
7747 310.477 8.47725 0.01 1 72 0
7758 305.027 8.13891 0.01 1 38 0
7793 313.654 8.05939 0.01 1 95 0
7804 307.965 8.17904 0.01 1 72 0
7825 303.188 8.20444 0.01 1 39 0
7830 309.345 8.22643 0.01 1 72 0
7857 310.388 8.47725 0.01 1 72 0
7903 311.906 8.05939 0.01 1 95 0
7924 302.686 8.11668 0.01 1 38 0.00667569
7930 313.176 8.05939 0.01 1 95 0
7938 310.388 8.33218 0.01 1 72 0
7950 309.493 8.30214 0.01 1 72 0
7955 307.025 8.00457 0.01 1 72 0
7965 310.388 8.20957 0.01 1 72 0
7983 317.363 8.05939 0.01 1 94 0
8013 312.392 8.05939 0.01 1 94 0
8017 317.363 8.05939 0.01 1 94 0
8019 305.027 8.11668 0.01 1 39 0
8030 305.265 8.13891 0.01 1 38 0
8032 309.345 8.22643 0.01 1 72 0
8076 309.532 7.85212 0.01 1 72 0
8079 303.184 8.11668 0.01 1 39 0
8082 314.464 8.05939 0.01 1 96 0
8097 307.344 8.05701 0.01 1 72 0
8127 303.188 8.11668 0.01 1 39 0
8139 303.128 8.11668 0.01 1 39 0
8188 303.188 8.11668 0.01 1 39 0
8193 303.561 7.96715 0.01 1 39 0
8233 303.561 7.84414 0.01 1 39 0
8236 303.553 8.11668 0.01 1 38 -0.00469042
8333 303.188 8.11668 0.01 1 39 0
8335 317.363 8.05939 0.01 1 94 0
8355 314.464 8.05939 0.01 1 96 0
8400 305.027 8.11668 0.01 1 39 0
8418 305.027 8.11668 0.01 1 39 0
8421 308.283 8.33218 0.01 1 72 0
8433 307.995 8.10744 0.01 1 72 0
8454 317.363 8.05939 0.01 1 94 0
8461 303.188 8.11668 0.01 1 38 0
8494 303.188 8.11668 0.01 1 39 0
8501 317.363 8.05939 0.01 1 95 0
8510 303.561 8.09682 0.01 1 39 0
8548 311.906 8.05939 0.01 1 95 0
8616 304.21 8.11668 0.01 1 39 0
8638 317.363 8.05939 0.01 1 94 0
8646 308.366 8.30269 0.01 1 72 0
8651 308.366 8.30269 0.01 1 72 0
8682 309.626 8.33218 0.01 1 72 0
8713 305.027 8.1223 0.01 1 39 0
8742 311.208 8.44459 0.01 1 72 0
8773 313.654 8.05939 0.01 1 95 0
8781 307.344 8.05701 0.01 1 72 0
8804 305.027 8.11668 0.01 1 39 0
8843 307.092 7.74702 0.01 1 72 -0.000276029
8933 304.321 8.11668 0.01 1 38 0
8951 308.374 8.41885 0.01 1 72 1.54525e-05
8981 303.188 8.11668 0.01 1 39 0
8988 303.188 8.11668 0.01 1 38 0
9000 307.104 8.24984 0.01 1 72 0
9025 311.208 8.44459 0.01 1 72 0
9031 303.561 7.84414 0.01 1 39 0
9041 304.321 8.11668 0.01 1 37 0
9042 308.368 8.01678 0.01 1 72 0
9052 303.188 8.11668 0.01 1 39 0
9062 305.027 8.11668 0.01 1 38 0
9063 306.909 7.8582 0.01 1 72 0.00233804
9065 305.027 8.11668 0.01 1 39 0
9086 306.897 7.97922 0.01 1 72 0
9100 308.366 8.30269 0.01 1 72 0
9103 307.965 8.28816 0.01 1 72 0
9132 317.363 8.05939 0.01 1 94 0
9142 308.053 7.98729 0.01 1 72 0.00721452
9167 310.477 8.47725 0.01 1 72 0
9197 303.188 8.11668 0.01 1 39 0
9222 310.169 7.89867 0.01 1 72 0
9248 307.227 7.93649 0.01 1 72 0
9258 307.579 8.21561 0.01 1 72 0
9277 310.388 8.47725 0.01 1 72 0
9279 303.188 8.11668 0.01 1 39 0
9313 317.86 8.12457 0.01 1 95 0
9372 309.355 7.99981 0.01 1 72 0
9398 313.176 8.05939 0.01 1 94 0
9407 305.027 8.11668 0.01 1 39 0
9421 313.9 8.05939 0.01 1 94 0
9433 309.895 7.89867 0.01 1 72 0
9456 309.271 8.07406 0.01 1 72 0
9476 310.477 8.47725 0.01 1 72 0
9484 305.027 8.11668 0.01 1 39 0
9489 310.388 8.47725 0.01 1 72 0
9497 304.321 8.11668 0.01 1 37 0
9498 312.392 8.03496 0.01 1 94 0
9499 309.493 8.30214 0.01 1 72 0
9531 310.691 8.04964 0.01 1 72 0
9533 303.188 8.11668 0.01 1 39 0
9551 308.052 7.91517 0.01 1 72 0
9556 317.363 8.05939 0.01 1 95 0
9585 305.027 8.11668 0.01 1 39 0
9634 309.895 7.89867 0.01 1 72 0
9663 317.363 8.05939 0.01 1 95 0
9671 307.116 8.16782 0.01 1 72 0
9681 313.9 8.05939 0.01 1 94 0
9696 308.684 8.06818 0.01 1 72 0
9703 309.542 7.91421 0.01 1 72 0
9704 308.283 8.33218 0.01 1 72 0
9712 305.027 8.11668 0.01 1 39 0
9730 313.654 8.05939 0.01 1 95 0
9741 311.208 8.44288 0.01 1 72 0
9748 303.561 8.16105 0.01 1 39 0
9759 307.51 7.90414 0.01 1 72 0
9768 310.388 8.33218 0.01 1 72 0
9813 313.654 7.95519 0.01 1 96 0
9825 310.691 8.04964 0.01 1 72 0
9853 303.561 8.21906 0.01 1 38 0
9860 317.363 8.05939 0.01 1 94 0
9922 304.561 8.17509 0.01 1 39 0
9930 302.583 8.11668 0.01 1 39 -0.00356332
9939 317.363 8.05939 0.01 1 94 0
9960 316.685 8.05939 0.01 1 94 0
9971 308.374 8.30269 0.01 1 72 0
9992 307.284 8.02738 0.01 1 72 0
9995 306.897 7.97922 0.01 1 72 0
9998 317.363 8.05939 0.01 1 94 0
10011 310.904 8.33218 0.01 1 72 0
10037 305.027 8.11668 0.01 1 39 0
10061 317.387 8.05939 0.01 1 94 0
10128 303.561 7.96715 0.01 1 39 0
10160 303.188 8.11871 0.01 1 38 3.66047e-05
10180 307.284 8.02738 0.01 1 72 0
10272 317.363 8.05939 0.01 1 95 0
10284 317.86 8.05939 0.01 1 95 0.004113
10289 317.363 8.05939 0.01 1 94 0
10316 303.188 8.11668 0.01 1 39 0
10329 305.027 8.11668 0.01 1 39 0
10347 303.188 8.11668 0.01 1 39 0
10387 303.188 8.11668 0.01 1 39 0
10394 307.443 7.89801 0.01 1 72 0
10434 308.114 8.21561 0.01 1 72 -0.000123113
10494 310.388 8.47725 0.01 1 72 0
10495 304.21 8.11668 0.01 1 39 0
10501 311.412 7.55438 0.01 1 72 0
10543 310.388 8.33218 0.01 1 72 0
10651 302.331 8.11668 0.01 1 39 0
10657 317.387 8.05939 0.01 1 94 0
10676 313.654 8.12012 0.01 1 95 0
10714 306.337 8.16745 0.01 1 72 0
10780 308.965 8.068 0.01 1 72 0
10784 317.363 8.05939 0.01 1 94 0
10826 317.363 8.05939 0.01 1 95 0
10832 314.464 8.05939 0.01 1 96 0
10847 303.188 8.11668 0.01 1 39 0
10860 313.654 8.05939 0.01 1 96 0
10867 308.842 8.068 0.01 1 72 0
10870 310.388 8.20957 0.01 1 72 0
10958 304.066 8.11668 0.01 1 39 0
10972 307.42 7.91517 0.01 1 72 0
10997 303.188 8.11668 0.01 1 39 0
11030 303.188 8.11668 0.01 1 39 0
11032 312.392 8.03496 0.01 1 94 0
11049 309.85 8.16568 0.01 1 72 0
11058 303.188 8.11668 0.01 1 39 0
11071 303.188 8.11668 0.01 1 39 0
11087 303.188 8.11668 0.01 1 39 0
11104 317.363 8.05939 0.01 1 94 0
11118 307.42 7.91517 0.01 1 72 0
11124 303.561 7.84414 0.01 1 38 0
11160 306.902 8.18797 0.01 1 72 0
11179 303.188 8.11668 0.01 1 39 0
11195 309.895 7.89867 0.01 1 72 0
11225 306.897 7.97922 0.01 1 72 0
11249 303.188 8.11668 0.01 1 38 0
11295 313.9 8.05939 0.01 1 94 0
11300 303.561 8.10812 0.01 1 39 0
11319 303.188 8.11668 0.01 1 38 0
11341 303.188 8.11668 0.01 1 39 0
11346 303.61 8.11668 0.01 1 39 0.00868428
11359 309.355 7.99981 0.01 1 72 0
11385 308.973 8.30269 0.01 1 72 0
11391 305.027 8.11668 0.01 1 39 0
11408 305.027 8.13891 0.01 1 38 0
11409 317.363 8.05939 0.01 1 94 0
11424 303.188 8.11668 0.01 1 39 0
11426 303.188 8.11668 0.01 1 38 0
11460 312.392 8.03496 0.01 1 94 0
11467 310.535 8.15966 0.01 1 72 0
11468 317.363 8.05939 0.01 1 94 0
11494 305.027 8.11668 0.01 1 39 0
11560 308.374 8.25393 0.01 1 72 0
11571 303.227 8.11668 0.01 1 39 0
11587 307.116 8.21008 0.01 1 72 0
11594 303.188 8.11668 0.01 1 39 0
11682 308.374 8.30269 0.01 1 72 0
11684 305.027 8.11668 0.01 1 39 0
11701 303.188 8.11668 0.01 1 39 0
11719 311.829 8.33218 0.01 1 72 0
11735 312.128 8.05939 0.01 1 95 0
11750 306.494 7.8582 0.01 1 72 0
11764 303.188 8.11668 0.01 1 39 0
11782 303.188 8.11668 0.01 1 38 0
11784 314.639 8.05939 0.01 1 95 0.0140018
11811 309.355 7.99981 0.01 1 72 0
11820 303.188 8.11668 0.01 1 38 0
11825 303.561 8.21906 0.01 1 39 0
11837 303.561 7.84414 0.01 1 38 0
11841 308.374 8.25393 0.01 1 72 -6.66082e-06
11869 307.579 8.21561 0.01 1 72 0
11870 303.188 8.20444 0.01 1 39 0
11876 317.363 8.05939 0.01 1 94 0
11893 308.366 8.30269 0.01 1 72 0
11938 316.954 8.05939 0.01 1 94 0
11969 309.85 8.16568 0.01 1 72 0
12028 313.654 8.03849 0.01 1 94 0
12041 317.363 8.05939 0.01 1 94 0
12042 303.188 8.11668 0.01 1 38 0
12044 306.623 7.98729 0.01 1 72 0
12048 303.188 8.11668 0.01 1 39 0
12194 311.412 7.55438 0.01 1 72 0
12272 305.265 8.13891 0.01 1 38 0
12275 313.654 8.05939 0.01 1 94 0
12281 303.188 8.11668 0.01 1 38 0
12329 303.561 8.21906 0.01 1 39 0
12357 305.888 8.11668 0.01 1 39 0
12375 310.388 8.33218 0.01 1 72 0
12397 306.494 7.8582 0.01 1 72 0
12451 317.363 8.05939 0.01 1 94 0
12482 317.363 8.05939 0.01 1 95 0
12492 308.374 8.30269 0.01 1 72 0
12542 317.363 7.98919 0.01 1 94 0
12588 307.965 8.17904 0.01 1 72 0
12617 309.777 8.06818 0.01 1 72 0
12636 317.664 8.05939 0.01 1 94 0
12643 309.806 8.33218 0.01 1 72 0
12652 305.027 8.11668 0.01 1 38 0
12671 313.654 8.05939 0.01 1 95 0
12673 312.392 8.03496 0.01 1 94 0
12705 309.355 7.99981 0.01 1 72 0
12815 317.363 8.05939 0.01 1 94 0
12862 309.695 8.23996 0.01 1 72 0
12904 303.188 8.11668 0.01 1 39 0
12913 309.542 8.02644 0.01 1 72 0
12924 313.176 8.05939 0.01 1 95 0
12941 305.027 8.11668 0.01 1 38 0
12945 310.225 7.93078 0.01 1 72 0
12955 309.777 8.06818 0.01 1 72 0
12957 317.363 8.05939 0.01 1 94 0
12976 307.116 8.21008 0.01 1 72 0
12978 308.113 7.69247 0.01 1 72 0
12989 305.027 8.22132 0.01 1 39 0
13059 303.188 8.11668 0.01 1 39 0
13089 312.392 8.05939 0.01 1 94 0
13090 310.388 8.38383 0.01 1 72 0
13121 310.388 8.47725 0.01 1 72 0
13171 313.654 8.05939 0.01 1 96 0
13175 309.493 8.30214 0.01 1 72 0
13202 303.188 8.11668 0.01 1 39 0
13261 307.965 8.31894 0.01 1 72 0
13273 309.895 7.89867 0.01 1 72 0
13279 317.86 8.12457 0.01 1 95 0
13322 309.532 7.96112 0.01 1 72 0
13335 303.188 8.11668 0.01 1 39 0
13410 302.53 8.11668 0.01 1 39 0
13506 309.532 7.85212 0.01 1 72 0
13528 314.464 8.05939 0.01 1 96 0
13569 302.547 8.11668 0.01 1 39 0
13573 303.561 8.10812 0.01 1 39 0
13578 304.321 8.11668 0.01 1 39 0
13593 307.965 8.31894 0.01 1 72 0
13598 309.777 8.1426 0.01 1 72 0
13625 305.027 8.13891 0.01 1 39 0
13638 307.579 7.93068 0.01 1 72 0
13646 308.366 8.30269 0.01 1 72 0
13658 317.363 8.05939 0.01 1 94 0
13672 310.496 8.18595 0.01 1 72 0
13697 317.363 7.98919 0.01 1 94 0
13703 317.363 8.05939 0.01 1 96 0
13711 303.227 8.11668 0.01 1 38 0
13715 303.188 8.11668 0.01 1 39 0
13717 313.654 8.05939 0.01 1 96 0
13724 302.482 8.11668 0.01 1 39 0
13764 317.363 8.05939 0.01 1 94 0
13775 308.128 8.15374 0.01 1 72 0
13791 313.654 8.05939 0.01 1 95 0
13794 317.363 8.05939 0.01 1 94 0
13844 305.027 8.13891 0.01 1 39 0
13937 317.363 8.05939 0.01 1 94 0
13968 313.176 8.05939 0.01 1 94 0
13973 316.957 8.05939 0.01 1 94 0
13999 303.188 8.11668 0.01 1 38 0
14136 307.636 7.86898 0.01 1 72 0
14141 309.493 8.30214 0.01 1 72 0
14148 314.464 8.05939 0.01 1 96 0
14155 303.188 8.11668 0.01 1 39 0
14165 310.169 7.89867 0.01 1 72 0
14189 308.374 8.26671 0.01 1 72 0
14190 307.344 8.05701 0.01 1 72 0
14240 312.392 8.03496 0.01 1 94 0
14257 311.412 7.67504 0.01 1 72 0
14270 317.387 8.05939 0.01 1 94 0
14310 305.24 8.13891 0.01 1 37 0.000256211
14324 310.169 7.89867 0.01 1 72 0
14340 309.532 7.96112 0.01 1 72 0
14388 305.027 8.11668 0.01 1 39 0
14475 317.363 8.05939 0.01 1 94 0
14546 303.188 8.11668 0.01 1 39 0
14562 303.188 8.11668 0.01 1 39 0
14568 307.579 8.27639 0.01 1 72 4.28259e-05
14599 303.188 8.03788 0.01 1 39 -0.00141438
14648 309.093 7.799 0.01 1 72 0
14658 309.355 7.99981 0.01 1 72 0
14678 303.188 8.11668 0.01 1 39 0
14733 317.363 8.05939 0.01 1 95 0
14743 309.895 7.89867 0.01 1 72 0
14746 303.188 8.11668 0.01 1 38 0
14757 303.188 8.11668 0.01 1 39 0
14761 305.888 8.11668 0.01 1 39 0
14767 309.878 8.27027 0.01 1 72 -0.000941336
14771 303.188 8.11668 0.01 1 39 0
14773 307.42 7.91517 0.01 1 72 0
14777 317.86 8.12457 0.01 1 95 0
14782 303.188 8.11668 0.01 1 38 0
14816 308.965 8.068 0.01 1 72 0
14818 309.806 8.33218 0.01 1 72 0
14907 305.027 8.11668 0.01 1 39 0
14919 304.066 8.11668 0.01 1 39 0
14922 309.345 8.22643 0.01 1 72 0
14931 303.188 8.11668 0.01 1 39 0
14945 304.21 8.11668 0.01 1 39 0
14960 303.188 8.11668 0.01 1 38 0
15007 305.888 8.11668 0.01 1 39 0
15067 303.188 8.11668 0.01 1 39 0
15097 303.188 8.11668 0.01 1 39 0
15166 310.388 8.33218 0.01 1 72 0
15201 317.363 8.05939 0.01 1 94 0
15261 304.321 8.11668 0.01 1 38 0
15344 304.321 8.11668 0.01 1 37 0
15358 311.412 7.67504 0.01 1 72 0
15385 310.811 8.05578 0.01 1 72 0
15395 311.906 8.05939 0.01 1 95 0
15417 312.392 8.14644 0.01 1 94 0
15435 305.265 8.19797 0.01 1 38 0.00101362
15441 307.965 8.28816 0.01 1 72 0
15445 307.51 7.90414 0.01 1 72 0
15464 310.388 8.47725 0.01 1 72 0
15467 310.388 8.47725 0.01 1 72 0
15477 305.027 8.11668 0.01 1 39 0
15483 303.188 8.11668 0.01 1 39 0
15492 309.271 8.07406 0.01 1 72 0
15499 303.188 8.11668 0.01 1 39 0
15523 305.027 8.13891 0.01 1 39 0
15545 307.114 8.21561 0.01 1 72 -0.00409713
15562 303.188 8.11668 0.01 1 39 0
15596 313.654 8.05939 0.01 1 95 0
15598 303.188 8.11668 0.01 1 38 0
15653 303.188 8.11668 0.01 1 39 0
15691 307.965 8.31894 0.01 1 72 0
15758 308.283 8.33218 0.01 1 72 0
15782 309.532 7.96112 0.01 1 72 0
15799 317.363 8.05939 0.01 1 94 0
15803 303.188 8.11668 0.01 1 39 0
15819 303.188 8.11668 0.01 1 38 0
15842 305.027 8.1223 0.01 1 39 0
15854 303.188 8.11668 0.01 1 39 0
15869 317.86 8.12457 0.01 1 95 0
15877 309.355 7.99981 0.01 1 72 0
15885 307.965 8.17904 0.01 1 72 0
15889 312.392 8.14644 0.01 1 94 0
15990 306.902 8.18797 0.01 1 72 0
16026 309.394 8.33218 0.01 1 72 0.000705048
16067 310.388 8.33218 0.01 1 72 0
16093 309.777 8.06818 0.01 1 72 0
16120 303.188 8.11668 0.01 1 39 0
16122 303.188 8.11668 0.01 1 39 0
16126 303.188 8.11668 0.01 1 39 0
16197 319.75 8.05939 0.01 1 95 0.0136371
16224 313.9 8.05939 0.01 1 94 0
16237 317.363 8.05939 0.01 1 94 0
16239 307.965 8.43842 0.01 1 72 0
16274 306.337 8.16745 0.01 1 72 0
16338 311.208 8.44459 0.01 1 72 0
16344 309.345 8.22643 0.01 1 72 0
16362 306.627 7.98336 0.01 1 72 0
16373 303.188 8.11668 0.01 1 38 0
16411 309.493 8.30214 0.01 1 72 0
16426 302.547 8.11668 0.01 1 39 0
16457 305.027 8.11668 0.01 1 39 0
16476 310.388 8.01961 0.01 1 72 0
16502 311.208 8.44459 0.01 1 72 0
16532 317.363 8.05939 0.01 1 94 0
16547 304.066 8.11668 0.01 1 39 0
16556 309.493 8.30214 0.01 1 72 0
16557 305.027 8.11668 0.01 1 39 0
16565 303.188 8.11668 0.01 1 39 0
16596 307.965 8.28816 0.01 1 72 0
16607 310.169 7.89867 0.01 1 72 0
16625 305.027 8.22132 0.01 1 39 0
16654 303.188 8.11668 0.01 1 39 0
16754 308.366 8.30269 0.01 1 72 0
16759 304.321 8.11668 0.01 1 37 0
16770 303.188 8.11668 0.01 1 39 0
16790 309.345 8.22643 0.01 1 72 0
16834 305.265 8.13891 0.01 1 37 0
16845 306.337 8.07398 0.01 1 72 -0.000233144
16881 307.579 7.93068 0.01 1 72 0
16892 303.188 8.11668 0.01 1 39 0
16901 307.466 8.24984 0.01 1 72 0
16902 305.027 8.11668 0.01 1 39 0
16903 309.895 7.89867 0.01 1 72 0
16965 307.42 7.91517 0.01 1 72 0
16978 303.188 8.11668 0.01 1 39 0
16987 307.786 7.98729 0.01 1 72 0
17031 309.355 7.99981 0.01 1 72 0
17037 305.027 8.11668 0.01 1 39 0
17054 303.188 8.11668 0.01 1 38 0
17074 308.366 8.30269 0.01 1 72 0
17102 302.331 8.11668 0.01 1 39 0.0119193
17116 305.027 8.11668 0.01 1 39 0
17120 308.366 8.30269 0.01 1 72 0
17147 303.188 8.11668 0.01 1 39 0
17197 302.547 8.11668 0.01 1 39 0
17207 308.924 7.72411 0.01 1 72 0
17217 307.025 8.00457 0.01 1 72 0
17237 309.752 7.81276 0.01 1 72 0
17283 311.906 8.05939 0.01 1 95 0
17295 303.188 8.11668 0.01 1 39 0
17305 303.561 8.19947 0.01 1 39 -0.000347465
17336 303.188 8.11668 0.01 1 39 0
17390 303.188 8.11668 0.01 1 39 0
17392 303.188 8.11668 0.01 1 39 0
17455 310.388 8.33218 0.01 1 72 0
17457 303.188 8.11668 0.01 1 39 0
17462 303.128 8.11668 0.01 1 39 0
17464 310.388 8.38383 0.01 1 72 0
17483 312.392 8.14644 0.01 1 94 0
17513 308.052 7.91517 0.01 1 72 0
17525 305.027 8.11668 0.01 1 39 0
17585 307.443 7.89801 0.01 1 72 0
17619 307.025 8.00457 0.01 1 72 0
17622 312.392 8.05939 0.01 1 96 0
17633 313.9 8.05939 0.01 1 94 0
17673 303.188 8.09846 0.01 1 39 0
17691 302.547 8.11668 0.01 1 39 0.00886406
17698 304.321 8.11668 0.01 1 37 0
17723 307.965 8.28816 0.01 1 72 0
17756 313.176 8.05939 0.01 1 95 0
17818 316.685 8.05939 0.01 1 94 0
17830 305.265 8.13891 0.01 1 38 0
17834 303.188 8.11668 0.01 1 39 0
17844 303.561 8.21906 0.01 1 39 0
17850 309.093 7.799 0.01 1 72 0
17886 317.363 8.05939 0.01 1 94 0
17903 303.188 8.11668 0.01 1 39 0
17915 303.561 8.16105 0.01 1 39 0
17928 307.965 8.31894 0.01 1 72 0
17941 310.811 8.05578 0.01 1 72 0
17955 309.037 8.07565 0.01 1 72 -1.49012e-08
17958 317.363 8.05939 0.01 1 95 0
18007 310.388 8.01961 0.01 1 72 0
18010 303.188 8.11668 0.01 1 39 0
18013 303.188 8.11668 0.01 1 39 0
18022 317.363 8.11203 0.01 1 94 0.000130489
18033 320.803 8.05939 0.01 1 95 0.0117922
18051 312.392 8.14644 0.01 1 94 0
18096 310.477 8.47725 0.01 1 72 0
18117 302.547 8.11668 0.01 1 39 0
18146 309.752 7.81276 0.01 1 72 0
18162 319.75 8.05939 0.01 1 95 0
18174 307.995 8.10744 0.01 1 72 0
18190 313.9 8.05939 0.01 1 94 0
18205 307.227 7.93649 0.01 1 72 0
18209 303.561 8.11668 0.01 1 39 0
18229 317.363 8.05939 0.01 1 94 0
18241 309.777 8.21154 0.01 1 72 0
18247 309.574 7.85212 0.01 1 72 0
18266 317.363 8.05939 0.01 1 94 0
18280 307.786 7.98729 0.01 1 72 0
18342 304.066 8.11668 0.01 1 39 0
18369 307.842 7.90414 0.01 1 72 0
18383 307.557 8.47928 0.01 1 72 0
18389 308.842 8.068 0.01 1 72 0
18411 304.321 8.11668 0.01 1 37 0
18414 317.363 7.98919 0.01 1 96 0
18426 303.188 8.11668 0.01 1 39 0
18430 303.948 8.11668 0.01 1 39 0
18476 317.363 8.05939 0.01 1 95 0
18562 303.561 8.17369 0.01 1 39 0
18568 309.394 8.33218 0.01 1 72 0
18593 307.025 8.00457 0.01 1 72 0
18618 310.904 8.33218 0.01 1 72 0
18647 309.574 7.85212 0.01 1 72 -7.46846e-05
18659 309.777 8.21154 0.01 1 72 0
18669 304.321 8.11668 0.01 1 39 0
18674 304.85 8.21586 0.01 1 39 0
18713 310.388 8.47725 0.01 1 72 0
18759 303.188 8.11668 0.01 1 39 0
18768 305.027 8.11668 0.01 1 39 0
18778 311.906 8.05939 0.01 1 95 0
18779 317.363 8.05939 0.01 1 96 0
18798 311.208 8.44459 0.01 1 72 0
18818 305.265 8.19797 0.01 1 38 0
18844 305.888 8.11668 0.01 1 39 0
18858 310.388 8.33218 0.01 1 72 0
18895 317.363 8.05939 0.01 1 96 0
18922 317.363 8.05939 0.01 1 94 0
19023 309.093 7.799 0.01 1 72 0
19039 310.388 8.47725 0.01 1 72 0
19044 307.116 8.21008 0.01 1 72 0
19083 307.42 7.91517 0.01 1 72 0
19097 309.355 7.99981 0.01 1 72 0
19125 308.366 8.30269 0.01 1 72 0
19137 307.579 8.01458 0.01 1 72 0
19175 317.363 8.05939 0.01 1 94 0
19196 303.188 8.11668 0.01 1 39 0
19243 304.066 8.11668 0.01 1 39 0
19255 308.894 8.07635 0.01 1 72 0
19264 313.176 8.05939 0.01 1 94 0
19317 311.287 8.20957 0.01 1 72 0
19336 307.995 8.10744 0.01 1 72 0
19352 305.027 8.11668 0.01 1 39 0
19381 311.906 8.05939 0.01 1 95 0
19388 302.547 8.11668 0.01 1 39 0
19399 307.965 8.17904 0.01 1 72 0
19420 303.188 8.11668 0.01 1 39 0
19454 302.547 8.11668 0.01 1 39 0
19456 317.363 8.05939 0.01 1 94 0
19459 305.027 8.11668 0.01 1 39 0
19461 304.321 8.11668 0.01 1 38 0
19502 309.345 8.22643 0.01 1 72 0
19532 304.321 8.11668 0.01 1 37 0
19538 309.777 8.06818 0.01 1 72 0
19539 310.388 8.47725 0.01 1 72 0
19579 303.188 8.11668 0.01 1 39 0
19629 308.368 8.01678 0.01 1 72 0
19665 309.037 8.10744 0.01 1 72 0
19668 313.654 8.05939 0.01 1 95 0
19726 312.392 8.03496 0.01 1 94 0
19778 309.895 7.89867 0.01 1 72 0
19823 308.145 8.12837 0.01 1 72 0
19827 307.965 8.17904 0.01 1 72 0
19838 308.283 8.33218 0.01 1 72 0
19868 306.956 8.18831 0.01 1 72 0
19877 306.132 8.15127 0.01 1 72 0
19895 303.188 8.11668 0.01 1 38 0
19985 308.842 8.068 0.01 1 72 0
20012 307.116 8.21008 0.01 1 72 0
20035 305.027 8.11668 0.01 1 38 0
20046 314.464 8.05939 0.01 1 96 0
20058 305.027 8.11668 0.01 1 39 0
20073 303.128 8.11668 0.01 1 39 0
20113 306.902 8.20527 0.01 1 72 0
20138 303.188 8.11668 0.01 1 39 0
20147 309.345 8.22643 0.01 1 72 0
20171 309.542 8.02644 0.01 1 72 0
20180 311.208 8.44459 0.01 1 72 0
20189 317.363 8.05939 0.01 1 94 0
20200 317.363 8.05939 0.01 1 95 0
20204 307.42 7.91517 0.01 1 72 0
20211 305.027 8.11668 0.01 1 39 0
20292 310.477 8.47725 0.01 1 72 0
20293 306.902 8.20527 0.01 1 72 2.65986e-05
20314 309.806 8.33218 0.01 1 72 0
20316 308.842 8.068 0.01 1 72 0
20346 302.547 8.11668 0.01 1 39 0
20368 305.027 8.13891 0.01 1 38 0
20424 307.965 8.28816 0.01 1 72 0
20498 303.561 8.21906 0.01 1 39 0
20510 310.388 8.47725 0.01 1 72 0
20542 307.995 8.10744 0.01 1 72 0
20588 307.965 8.31894 0.01 1 72 0
20596 313.654 8.05939 0.01 1 96 0
20603 317.363 8.05939 0.01 1 94 0
20646 311.208 8.44459 0.01 1 72 0
20654 303.561 8.10812 0.01 1 39 0
20659 307.965 8.17904 0.01 1 72 0
20685 317.363 8.05939 0.01 1 95 0
20694 307.443 7.89801 0.01 1 72 0
20742 303.188 8.11668 0.01 1 39 0
20797 303.227 8.11668 0.01 1 39 0
20863 306.356 8.24984 0.01 1 72 0
20872 305.027 8.13891 0.01 1 38 0
20873 303.188 8.11668 0.01 1 39 0
20880 311.906 8.05939 0.01 1 95 0
20918 317.363 8.05939 0.01 1 94 0
20936 308.368 8.01678 0.01 1 72 0
20938 308.974 7.81218 0.01 1 72 0
20962 310.388 8.20957 0.01 1 72 0
20964 317.363 8.05939 0.01 1 94 0
20987 303.188 8.11668 0.01 1 39 0
21006 308.366 8.30269 0.01 1 72 0
21010 313.176 8.05939 0.01 1 94 0
21137 313.654 8.05939 0.01 1 95 0
21159 305.027 8.1223 0.01 1 39 0
21165 306.956 8.18831 0.01 1 72 0
21180 313.176 8.05939 0.01 1 95 0
21215 310.388 8.33218 0.01 1 72 0
21222 311.412 7.55438 0.01 1 72 0
21289 303.188 8.20444 0.01 1 39 0
21357 303.188 8.11668 0.01 1 39 0
21380 303.188 8.11668 0.01 1 39 0
21410 308.374 8.25393 0.01 1 72 0
21417 304.321 8.11668 0.01 1 37 0
21439 313.176 8.05939 0.01 1 95 0
21453 316.798 8.05938 0.01 1 95 -0.00540487
21500 307.995 8.10744 0.01 1 72 0
21507 307.579 7.93068 0.01 1 72 0
21534 310.388 8.47725 0.01 1 72 0
21542 314.464 8.05939 0.01 1 96 0
21573 305.027 8.11668 0.01 1 39 0
21579 305.027 8.11668 0.01 1 39 0
21626 305.265 8.13891 0.01 1 38 0
21649 317.86 8.12457 0.01 1 95 0
21676 304.321 8.11668 0.01 1 37 0
21706 311.006 8.33218 0.01 1 72 0
21707 313.176 8.05939 0.01 1 95 0
21713 313.654 7.95519 0.01 1 95 0
21721 303.188 8.11668 0.01 1 38 0
21794 313.176 8.05939 0.01 1 95 0
21799 307.965 8.28816 0.01 1 72 0
21823 312.392 8.05939 0.01 1 94 0
21840 308.368 8.01678 0.01 1 72 0
21950 305.027 8.11668 0.01 1 39 0
21973 309.542 7.91421 0.01 1 72 0
21983 304.692 8.11668 0.01 1 39 0
22004 313.654 8.05939 0.01 1 95 0
22017 317.86 8.12457 0.01 1 95 0
22031 307.579 8.21561 0.01 1 72 0
22032 311.006 8.33218 0.01 1 72 0
22055 309.777 8.19345 0.01 1 72 2.78652e-05
22075 307.284 8.16626 0.01 1 72 0
22110 304.321 8.11668 0.01 1 39 0
22124 317.363 8.05939 0.01 1 95 0
22128 305.89 8.01911 0.01 1 72 -0.0111748
22133 311.214 8.23951 0.01 1 72 0
22166 316.685 8.05939 0.01 1 94 0
22198 309.542 7.91421 0.01 1 72 0
22211 303.561 8.17369 0.01 1 39 0
22221 305.027 8.11668 0.01 1 39 0
22227 304.321 8.11668 0.01 1 39 0
22235 303.188 8.11668 0.01 1 39 0
22244 314.464 8.05939 0.01 1 96 0
22247 307.786 7.98729 0.01 1 72 0
22250 307.995 8.10744 0.01 1 72 0
22345 309.355 7.99981 0.01 1 72 0
22413 309.355 7.99981 0.01 1 72 0
22470 303.128 8.11668 0.01 1 39 0
22482 305.027 8.11668 0.01 1 39 0
22499 308.366 8.30269 0.01 1 72 0
22512 303.188 8.11668 0.01 1 39 0
22516 303.188 8.11668 0.01 1 39 0
22529 312.392 8.14644 0.01 1 94 0
22539 309.895 7.86898 0.01 1 72 0
22574 303.188 8.11668 0.01 1 39 0
22604 313.9 8.05939 0.01 1 94 0
22621 313.654 8.05939 0.01 1 95 0
22626 303.561 7.84414 0.01 1 39 0
22633 307.641 8.30269 0.01 1 72 0
22687 312.392 8.14644 0.01 1 94 0
22737 306.494 7.8582 0.01 1 72 0
22776 309.005 8.33218 0.01 1 72 0.000222325
22791 310.388 8.47725 0.01 1 72 0
22797 313.654 8.05939 0.01 1 95 0
22813 307.786 7.98729 0.01 1 72 0
22814 305.027 8.11668 0.01 1 39 0
22865 317.363 8.05939 0.01 1 94 0
22952 304.321 8.11668 0.01 1 38 0
22972 305.027 8.11668 0.01 1 39 0
22975 313.176 8.05939 0.01 1 94 0
23016 307.025 8.00457 0.01 1 72 0
23043 303.561 8.21906 0.01 1 38 0
23047 303.188 8.11668 0.01 1 39 0
23116 317.363 8.05939 0.01 1 94 0
23139 317.363 8.05939 0.01 1 94 0
23178 305.804 8.21008 0.01 1 72 0
23199 309.493 8.30214 0.01 1 72 0
23231 303.184 8.01537 0.01 1 39 0
23268 309.271 8.07406 0.01 1 72 0
23274 317.363 7.99684 0.01 1 94 0
23286 313.654 8.12012 0.01 1 94 0
23309 303.188 8.11668 0.01 1 39 0
23335 305.027 8.11668 0.01 1 39 0
23337 303.553 8.11668 0.01 1 38 0
23360 313.176 8.05939 0.01 1 94 0
23367 307.116 8.13581 0.01 1 72 0
23378 303.188 8.11668 0.01 1 38 0
23394 307.579 8.16021 0.01 1 72 0.000137597
23422 308.053 7.98729 0.01 1 72 0
23441 309.542 8.02644 0.01 1 72 0
23505 309.355 7.99981 0.01 1 72 0
23506 305.027 8.11668 0.01 1 39 0
23508 303.188 8.11668 0.01 1 38 0
23510 317.363 8.05939 0.01 1 94 0
23549 307.995 8.10744 0.01 1 72 0
23557 317.363 7.98919 0.01 1 96 0
23562 303.188 8.11668 0.01 1 38 0
23566 303.188 8.11668 0.01 1 39 0
23574 304.692 8.11668 0.01 1 39 0
23601 313.654 8.05939 0.01 1 95 0
23642 317.363 8.05939 0.01 1 94 0
23728 305.265 8.13891 0.01 1 38 0
23731 305.027 8.11668 0.01 1 39 0
23751 303.561 7.84414 0.01 1 39 0
23762 305.027 8.11668 0.01 1 38 0
23765 305.027 8.13891 0.01 1 39 0
23766 312.392 8.03496 0.01 1 94 0
23799 312.392 8.1433 0.01 1 94 -4.32283e-05
23829 310.388 8.47725 0.01 1 72 0
23844 317.363 8.05939 0.01 1 94 0
23878 313.9 8.05939 0.01 1 94 0
23899 303.188 8.11668 0.01 1 38 0
23930 317.363 8.22578 0.01 1 94 0.000404179
23948 313.9 8.05939 0.01 1 94 0
23951 310.496 8.18595 0.01 1 72 0
23984 303.188 8.11668 0.01 1 39 0
24001 310.388 8.47725 0.01 1 72 0
24019 303.188 8.11668 0.01 1 39 0
24035 303.188 8.11668 0.01 1 38 0
24050 305.027 8.11668 0.01 1 39 0
24058 305.027 8.11668 0.01 1 39 0
24112 307.116 8.21008 0.01 1 72 0
24128 303.188 8.11668 0.01 1 39 0
24132 303.188 8.11668 0.01 1 39 0
24192 312.392 8.05939 0.01 1 95 0
24207 317.86 8.12457 0.01 1 95 0
24255 303.561 8.21906 0.01 1 38 0
24344 307.579 7.93068 0.01 1 72 0
24347 305.027 8.13891 0.01 1 38 0
24353 312.392 7.88823 0.01 1 94 0
24412 313.9 8.05939 0.01 1 94 0
24414 310.388 8.33218 0.01 1 72 0
24446 317.664 8.05939 0.01 1 96 0
24448 303.188 8.11668 0.01 1 39 0
24453 303.188 8.11668 0.01 1 38 0
24457 309.345 8.22643 0.01 1 72 0
24459 305.027 8.11668 0.01 1 38 0
24480 317.363 8.05939 0.01 1 94 0
24489 304.066 8.11668 0.01 1 39 0
24546 303.188 8.11668 0.01 1 39 0
24615 303.188 8.11668 0.01 1 39 0
24653 309.895 7.89867 0.01 1 72 0
24664 317.363 8.05939 0.01 1 94 0
24669 310.388 8.47725 0.01 1 72 0
24675 305.027 8.11668 0.01 1 39 0
24684 309.895 7.89867 0.01 1 72 0
24735 309.895 7.89867 0.01 1 72 0
24767 310.904 8.33218 0.01 1 72 0
24775 310.839 8.01678 0.01 1 72 0
24843 317.363 8.05939 0.01 1 94 0
24861 304.692 8.11668 0.01 1 39 0
24862 317.86 8.12457 0.01 1 95 0
24866 303.188 8.14544 0.01 1 39 0.000511914
24880 312.128 8.05939 0.01 1 95 0
24921 317.363 8.05939 0.01 1 94 0
24926 310.388 8.47725 0.01 1 72 0
24927 307.116 8.21008 0.01 1 72 0
24933 317.363 8.05939 0.01 1 94 0
24953 309.03 7.9936 0.01 1 72 0
24969 309.542 7.91421 0.01 1 72 0
24980 309.777 8.29494 0.01 1 72 0
24983 313.654 8.03849 0.01 1 94 0
24985 313.254 8.05939 0.01 1 96 -0.0178054
24988 311.906 8.05939 0.01 1 95 0
24990 309.345 8.22643 0.01 1 72 0
24997 309.005 8.33218 0.01 1 72 0
25018 311.235 8.20957 0.01 1 72 0
25031 308.366 8.30269 0.01 1 72 0
25043 303.188 8.11668 0.01 1 38 0
25044 309.345 8.22643 0.01 1 72 0
25045 307.284 8.02738 0.01 1 72 0
25055 302.583 8.11668 0.01 1 39 0
25078 311.412 7.55438 0.01 1 72 0
25085 307.51 7.90414 0.01 1 72 0
