max_pf 95 min_pf 42
individual T0 sigma disp_rate r0 patch_no mut_eff
60 304.207 8.6532 0.01 1 44 0
61 304.207 8.6532 0.01 1 42 0
76 308.461 8.28896 0.01 1 72 0
207 309.804 8.0898 0.01 1 72 0
254 309.243 8.01837 0.01 1 72 0
255 309.243 8.20026 0.01 1 72 0
266 304.207 8.6532 0.01 1 44 0
270 309.766 8.20809 0.01 1 72 0
279 307.366 8.13822 0.01 1 72 0
301 303.701 8.6532 0.01 1 44 0
329 310.266 7.95423 0.01 1 72 0
355 304.207 8.6532 0.01 1 44 0
362 304.207 8.6532 0.01 1 44 0
390 304.93 8.6532 0.01 1 43 -0.00980391
457 309.757 8.11196 0.01 1 72 0
472 312.381 8.6679 0.01 1 93 0
477 303.445 8.6532 0.01 1 44 0
513 304.207 8.6532 0.01 1 44 0
536 304.207 8.6532 0.01 1 44 0
547 303.701 8.6532 0.01 1 44 0
549 309.757 7.92696 0.01 1 72 0
626 310.266 7.95423 0.01 1 72 0
660 309.766 8.20809 0.01 1 72 0
675 311.962 8.60257 0.01 1 94 0
720 304.207 8.6532 0.01 1 44 0
732 307.366 8.27328 0.01 1 72 0
760 304.207 8.6532 0.01 1 43 0
789 309.517 7.95423 0.01 1 72 0
815 304.207 8.6532 0.01 1 44 0
849 309.757 8.11196 0.01 1 72 0
852 304.207 8.6532 0.01 1 43 0
909 308.406 8.05537 0.01 1 72 0
937 312.834 8.60257 0.01 1 93 0
1002 303.165 8.6532 0.01 1 44 0
1018 306.163 7.76334 0.01 1 72 0
1080 310.908 8.23189 0.01 1 72 0
1084 310.266 7.95423 0.01 1 72 0
1087 304.207 8.6532 0.01 1 44 0
1095 308.196 7.88553 0.01 1 72 0
1102 309.804 8.04947 0.01 1 72 0
1154 308.916 8.05537 0.01 1 72 0
1159 304.207 8.6532 0.01 1 44 0
1202 307.662 8.22555 0.01 1 72 0
1242 310.089 8.40256 0.01 1 72 0
1281 304.521 8.78237 0.01 1 43 -0.00428367
1303 309.391 7.97772 0.01 1 72 0
1330 309.766 8.20809 0.01 1 72 0
1335 303.165 8.69054 0.01 1 44 0
1346 309.243 8.23679 0.01 1 72 0
1354 312.381 8.6679 0.01 1 95 0
1358 303.165 8.6532 0.01 1 43 0
1388 302.493 8.76332 0.01 1 43 0
1425 308.759 8.12125 0.01 1 72 0
1472 309.624 7.84588 0.01 1 72 0
1523 309.804 8.0898 0.01 1 72 0
1546 304.207 8.6532 0.01 1 44 0
1579 309.243 8.01837 0.01 1 72 0
1610 304.207 8.6532 0.01 1 43 0
1624 304.207 8.6532 0.01 1 44 0
1633 310.266 7.95423 0.01 1 72 0
1644 310.266 7.95423 0.01 1 72 0
1711 309.243 8.01837 0.01 1 72 0
1714 308.016 7.967 0.01 1 72 0
1725 304.207 8.6532 0.01 1 43 0
1762 304.207 8.6532 0.01 1 42 0
1787 304.207 8.6532 0.01 1 42 0
1795 304.207 8.6532 0.01 1 44 0
1808 308.196 7.80702 0.01 1 72 0
1820 308.197 7.79306 0.01 1 72 0
1836 307.662 8.22555 0.01 1 72 0
1857 304.207 8.6532 0.01 1 44 0
1861 304.207 8.69107 0.01 1 44 0
1893 304.207 8.6532 0.01 1 42 0
1897 304.207 8.6532 0.01 1 43 0
1933 304.207 8.6532 0.01 1 44 0
1958 309.804 8.0898 0.01 1 72 0
1967 304.207 8.6532 0.01 1 44 0
2029 310.637 8.27999 0.01 1 93 0.00788776
2042 302.493 8.76332 0.01 1 43 0
2058 306.188 7.71314 0.01 1 72 0
2076 304.207 8.6532 0.01 1 43 0
2115 306.524 7.88512 0.01 1 72 0
2122 304.207 8.6532 0.01 1 43 0
2181 309.804 8.0898 0.01 1 72 0
2221 308.759 8.12125 0.01 1 72 0
2223 309.243 8.01837 0.01 1 72 0
2259 307.366 8.27328 0.01 1 72 0
2264 309.243 8.01837 0.01 1 72 0
2309 304.207 8.6532 0.01 1 44 0
2331 308.016 7.967 0.01 1 72 0
2347 307.366 8.27328 0.01 1 72 0
2417 304.207 8.6532 0.01 1 44 0
2457 308.759 8.12125 0.01 1 72 0
2462 310.266 7.94281 0.01 1 72 -7.15256e-06
2480 304.207 8.6532 0.01 1 44 0
2580 310.012 7.69207 0.01 1 72 0
2586 310.089 8.27999 0.01 1 93 0
2593 304.207 8.68665 0.01 1 43 0.000513501
2598 304.207 8.6532 0.01 1 44 0
2602 302.493 8.76332 0.01 1 43 0
2619 309.243 8.01837 0.01 1 72 0
2644 304.207 8.6532 0.01 1 43 0
2648 310.266 7.95423 0.01 1 72 0
2652 304.207 8.6532 0.01 1 44 0
2667 304.207 8.6532 0.01 1 44 0
2706 304.207 8.6532 0.01 1 43 0
2834 309.804 8.07501 0.01 1 72 0
2886 308.243 8.28896 0.01 1 72 0
2897 304.207 8.59831 0.01 1 43 0
2910 304.207 8.6532 0.01 1 44 0
2913 304.207 8.6532 0.01 1 44 0
2914 303.445 8.6532 0.01 1 43 0
2960 303.445 8.6532 0.01 1 44 0
3002 304.207 8.6532 0.01 1 43 0
3024 310.637 8.27999 0.01 1 93 0
3054 304.93 8.6532 0.01 1 44 0
3080 303.165 8.6532 0.01 1 44 0
3083 312.381 8.72532 0.01 1 93 0
3084 309.243 8.01837 0.01 1 72 0
3092 304.207 8.6532 0.01 1 42 0
3122 307.366 8.27328 0.01 1 72 0
3127 304.207 8.6532 0.01 1 44 0
3128 309.543 8.02005 0.01 1 72 0
3163 310.266 7.95423 0.01 1 72 0
3190 307.968 8.53585 0.01 1 72 0
3196 309.543 8.02005 0.01 1 72 0
3239 311.962 8.60257 0.01 1 94 0
3266 309.243 7.87429 0.01 1 72 -3.38256e-06
3268 304.207 8.6532 0.01 1 44 0
3351 304.207 8.6532 0.01 1 43 0
3402 303.165 8.6532 0.01 1 44 0
3418 302.493 8.76332 0.01 1 43 0
3429 309.243 8.01837 0.01 1 72 0
3440 309.757 8.11196 0.01 1 72 0
3474 304.207 8.6532 0.01 1 43 0
3496 304.207 8.6532 0.01 1 43 0
3501 304.207 8.6532 0.01 1 44 0
3510 302.331 8.6532 0.01 1 44 0.0114859
3511 310.062 8.20211 0.01 1 72 0
3546 304.207 8.6532 0.01 1 44 0
3573 309.543 8.02005 0.01 1 72 0
3607 310.988 8.14047 0.01 1 72 0
3630 308.406 8.05537 0.01 1 72 0
3631 306.902 8.18849 0.01 1 72 0
3656 307.366 8.27328 0.01 1 72 0
3663 304.207 8.6532 0.01 1 43 0
3665 304.207 8.6532 0.01 1 44 0
3700 304.207 8.6532 0.01 1 43 0
3701 304.207 8.6532 0.01 1 44 0
3712 304.207 8.6532 0.01 1 44 0
3748 304.207 8.6532 0.01 1 44 0
3818 301.785 8.6532 0.01 1 44 0
3834 304.207 8.8099 0.01 1 43 0
3858 304.207 8.6532 0.01 1 44 0
3880 304.207 8.6532 0.01 1 43 0
3888 304.207 8.6532 0.01 1 44 0
3906 304.207 8.6532 0.01 1 44 0
3920 304.207 8.6532 0.01 1 44 0
3921 308.243 8.28896 0.01 1 72 0
3951 310.089 8.19618 0.01 1 72 0
4018 304.207 8.6532 0.01 1 44 0
4037 304.207 8.6532 0.01 1 43 0
4061 309.766 8.20809 0.01 1 72 0
4067 309.543 8.02005 0.01 1 72 0
4089 308.196 7.80702 0.01 1 72 0
4093 309.766 8.20809 0.01 1 72 0
4130 304.207 8.6532 0.01 1 44 0
4141 310.557 7.89745 0.01 1 72 0
4181 304.207 8.6532 0.01 1 44 0
4195 304.207 8.8099 0.01 1 44 0
4208 309.503 8.1274 0.01 1 72 0
4209 303.165 8.6532 0.01 1 44 0
4249 308.176 8.03034 0.01 1 72 0
4257 311.962 8.60257 0.01 1 94 0
4281 304.207 8.6532 0.01 1 44 0
4324 304.207 8.6532 0.01 1 44 0
4392 304.207 8.6532 0.01 1 44 0
4448 307.366 8.27328 0.01 1 72 0
4473 307.528 8.02753 0.01 1 72 0
4491 304.207 8.6532 0.01 1 44 0
4511 304.207 8.6532 0.01 1 44 0
4530 309.243 8.01837 0.01 1 72 0
4577 304.207 8.6532 0.01 1 43 0
4603 310.637 8.27999 0.01 1 94 0
4646 308.158 8.23189 0.01 1 72 0
4652 304.207 8.6532 0.01 1 44 0
4676 309.997 7.96445 0.01 1 72 0
4712 309.997 7.96445 0.01 1 72 0
4734 307.662 8.22555 0.01 1 72 0
4781 304.207 8.6532 0.01 1 44 0
4818 306.358 7.818 0.01 1 72 0
4820 304.207 8.6532 0.01 1 44 0
4856 304.207 8.6532 0.01 1 44 0
4858 310.089 8.29032 0.01 1 72 0
4940 306.959 7.75431 0.01 1 72 0
4945 304.207 8.6532 0.01 1 44 0
4952 309.243 8.08158 0.01 1 72 0
4954 309.989 8.38184 0.01 1 72 0
4964 304.207 8.6532 0.01 1 44 0
4966 304.207 8.6532 0.01 1 44 0
4977 310.266 7.95423 0.01 1 72 0
4991 307.055 8.58715 0.01 1 72 -0.00360289
5030 310.089 8.27999 0.01 1 93 0
5054 304.207 8.6532 0.01 1 44 0
5123 304.207 8.6532 0.01 1 44 0
5132 308.181 8.52798 0.01 1 72 0
5163 303.165 8.6532 0.01 1 44 0
5166 310.089 8.42528 0.01 1 72 0
5170 303.165 8.56603 0.01 1 43 0
5173 303.701 8.6532 0.01 1 43 0
5274 303.165 8.6532 0.01 1 44 0
5308 307.213 8.00457 0.01 1 72 0
5320 311.365 8.27889 0.01 1 93 0
5326 311.365 8.27889 0.01 1 94 0
5355 304.207 8.6532 0.01 1 44 0
5377 310.908 8.23189 0.01 1 72 0
5379 303.165 8.6532 0.01 1 44 0
5381 306.524 7.88512 0.01 1 72 0
5395 307.366 8.27328 0.01 1 72 0
5400 307.366 8.27328 0.01 1 72 0
5424 311.365 8.27889 0.01 1 94 0
5434 304.93 8.6532 0.01 1 44 0
5438 304.207 8.6532 0.01 1 44 0
5454 303.165 8.6532 0.01 1 44 0
5458 308.618 8.27328 0.01 1 72 0
5503 308.196 7.80702 0.01 1 72 0
5509 304.207 8.6532 0.01 1 44 0
5521 304.207 8.6532 0.01 1 44 0
5539 304.207 8.6532 0.01 1 44 0
5545 304.207 8.6532 0.01 1 44 0
5553 302.594 8.6532 0.01 1 44 0.0223891
5566 304.207 8.6532 0.01 1 44 0
5584 307.366 8.27328 0.01 1 72 0
5616 309.989 8.38184 0.01 1 72 0
5630 310.012 7.69207 0.01 1 72 0
5659 304.207 8.6532 0.01 1 44 0
5674 307.366 8.27328 0.01 1 72 0
5678 312.381 8.6679 0.01 1 95 0
5718 307.528 8.02753 0.01 1 72 0
5743 304.207 8.6532 0.01 1 44 0
5787 304.207 8.6532 0.01 1 44 0
5805 304.207 8.6532 0.01 1 44 0
5816 304.207 8.6532 0.01 1 44 0
5819 304.207 8.59831 0.01 1 43 0
5836 309.624 7.84588 0.01 1 72 0
5870 309.997 7.96445 0.01 1 72 0
5871 307.366 8.27328 0.01 1 72 0
5894 304.207 8.77349 0.01 1 44 0.00166279
5911 312.381 8.6679 0.01 1 95 0
5934 309.804 7.87027 0.01 1 72 0
5940 307.366 8.27328 0.01 1 72 0
5944 304.207 8.6532 0.01 1 43 0
5949 309.997 7.96445 0.01 1 72 0
5957 307.528 8.02753 0.01 1 72 0
5977 304.207 8.67173 0.01 1 44 0.000272885
5986 310.988 8.14047 0.01 1 72 0
6019 304.207 8.6532 0.01 1 43 0
6036 309.243 8.01837 0.01 1 72 0
6045 308.197 7.79306 0.01 1 72 0
6050 310.266 7.95423 0.01 1 72 0
6080 308.916 8.05537 0.01 1 72 0
6085 304.207 8.6532 0.01 1 44 0
6095 308.243 8.28896 0.01 1 72 0
6118 302.493 8.76332 0.01 1 43 0
6123 309.034 7.96445 0.01 1 72 0
6127 304.207 8.6532 0.01 1 43 0
6147 304.207 8.6532 0.01 1 43 0
6171 308.199 7.87733 0.01 1 72 0
6173 304.207 8.6532 0.01 1 44 0
6191 304.67 8.6036 0.01 1 43 -0.000792414
6197 304.207 8.6532 0.01 1 44 0
6201 304.207 8.6532 0.01 1 43 0
6306 304.207 8.6532 0.01 1 44 0
6307 309.192 7.97772 0.01 1 72 0
6309 307.366 8.1478 0.01 1 72 -0.000117913
6314 309.766 8.20809 0.01 1 72 0
6367 304.207 8.6532 0.01 1 44 0
6376 304.207 8.6532 0.01 1 43 0
6386 308.243 8.28896 0.01 1 72 0
6411 301.785 8.6532 0.01 1 44 0
6418 309.766 8.20809 0.01 1 72 0
6449 309.243 8.01837 0.01 1 72 0
6455 304.207 8.6532 0.01 1 44 0
6482 311.962 8.60257 0.01 1 94 0
6486 312.381 8.6289 0.01 1 95 -0.000508249
6490 304.207 8.66772 0.01 1 44 0
6511 307.366 8.27328 0.01 1 72 0
6544 309.804 8.0898 0.01 1 72 0
6555 302.822 8.76332 0.01 1 43 -0.0044962
6567 308.461 8.28896 0.01 1 72 0
6603 301.785 8.67477 0.01 1 44 0
6636 309.732 8.23182 0.01 1 72 0
6644 309.804 8.04947 0.01 1 72 0
6668 306.358 7.818 0.01 1 72 0
6685 304.258 8.6532 0.01 1 44 0
6695 302.493 8.76332 0.01 1 43 0
6705 304.207 8.6532 0.01 1 44 0
6707 309.243 8.01837 0.01 1 72 0
6717 304.207 8.6532 0.01 1 44 0
6733 304.207 8.6532 0.01 1 44 0
6740 304.207 8.6532 0.01 1 42 0
6773 312.381 8.6679 0.01 1 95 0
6806 310.012 7.62069 0.01 1 72 0
6831 304.15 8.6532 0.01 1 43 0
6834 309.548 8.20809 0.01 1 72 0.000421122
6844 309.804 8.04947 0.01 1 72 0
6861 304.207 8.6532 0.01 1 44 0
6886 306.927 8.20668 0.01 1 72 0
6917 308.916 8.04188 0.01 1 72 0
6919 308.917 7.74347 0.01 1 72 0
6929 304.207 8.6532 0.01 1 44 0
6935 304.207 8.6532 0.01 1 44 0
6936 304.207 8.6532 0.01 1 42 0
7023 304.207 8.6532 0.01 1 44 0
7025 311.962 8.60257 0.01 1 94 0
7105 309.804 8.02203 0.01 1 72 0
7206 308.199 7.87733 0.01 1 72 0
7222 309.243 8.01837 0.01 1 72 0
7225 308.759 8.12125 0.01 1 72 0
7264 305.837 8.6532 0.01 1 44 -0.0221084
7280 304.207 8.6532 0.01 1 43 0
7288 308.016 7.967 0.01 1 72 0
7293 310.266 7.95423 0.01 1 72 0
7310 309.751 8.27883 0.01 1 72 0
7313 303.165 8.6532 0.01 1 44 0
7394 310.089 8.13599 0.01 1 72 0
7403 304.207 8.6532 0.01 1 44 0
7408 304.207 8.59831 0.01 1 43 -0.000850238
7425 309.624 7.97602 0.01 1 72 0
7450 304.207 8.79386 0.01 1 43 0.00213623
7453 309.753 8.34559 0.01 1 72 0
7459 304.207 8.6532 0.01 1 44 0
7487 307.968 8.53585 0.01 1 72 0
7495 304.207 8.6532 0.01 1 44 0
7501 310.266 7.98574 0.01 1 72 0
7562 304.207 8.6532 0.01 1 44 0
7572 309.243 8.01837 0.01 1 72 0
7586 310.266 7.95423 0.01 1 72 0
7591 304.207 8.6532 0.01 1 44 0
7593 304.207 8.6532 0.01 1 42 0
7594 303.255 8.61132 0.01 1 44 0
7599 304.207 8.6532 0.01 1 44 0
7609 309.543 8.02005 0.01 1 72 0
7620 304.207 8.63826 0.01 1 44 -0.000220977
7654 307.366 8.27328 0.01 1 72 0
7662 303.445 8.6532 0.01 1 44 0
7665 304.207 8.6532 0.01 1 43 0
7677 309.243 8.20026 0.01 1 72 0
7784 312.381 8.6679 0.01 1 95 0
7837 304.93 8.6532 0.01 1 44 0
7839 312.603 8.6679 0.01 1 95 0.00306611
7881 304.207 8.6532 0.01 1 44 0
7892 306.584 7.9738 0.01 1 72 0
7918 309.543 8.02005 0.01 1 72 0
7956 304.207 8.6532 0.01 1 44 0
7964 304.207 8.6532 0.01 1 44 0
8009 304.207 8.6532 0.01 1 43 0
8031 309.997 7.96445 0.01 1 72 0
8040 304.207 8.6532 0.01 1 44 0
8041 303.165 8.6532 0.01 1 44 0
8087 310.089 8.19618 0.01 1 72 0
8103 308.916 8.04188 0.01 1 72 0
8104 304.207 8.6532 0.01 1 44 0
8162 309.732 8.23182 0.01 1 72 0
8176 304.207 8.8099 0.01 1 44 0
8227 304.207 8.6532 0.01 1 44 0
8244 312.381 8.6679 0.01 1 95 0
8299 304.207 8.6532 0.01 1 43 0
8303 307.366 8.1478 0.01 1 72 0
8315 308.759 8.12125 0.01 1 72 0
8398 309.243 8.01837 0.01 1 72 0
8409 309.732 8.23182 0.01 1 72 0
8509 309.034 7.96445 0.01 1 72 0
8566 310.089 8.27999 0.01 1 94 0
8585 304.207 8.6532 0.01 1 44 0
8630 309.328 8.05385 0.01 1 72 0
8638 304.207 8.6532 0.01 1 44 0
8640 303.445 8.6532 0.01 1 44 0
8676 306.188 7.71314 0.01 1 72 0
8685 304.207 8.6532 0.01 1 44 0
8690 309.243 8.01837 0.01 1 72 0
8691 306.358 7.818 0.01 1 72 0
8719 304.207 8.6532 0.01 1 44 0
8727 304.207 8.6532 0.01 1 44 0
8733 309.543 8.02005 0.01 1 72 0
8742 309.243 8.01837 0.01 1 72 0
8744 304.207 8.6532 0.01 1 43 0
8746 308.941 8.05385 0.01 1 72 0.000159428
8759 304.207 8.6532 0.01 1 44 0
8780 310.089 8.39359 0.01 1 72 0
8782 307.693 8.04923 0.01 1 72 0
8844 304.207 8.6532 0.01 1 44 0
8855 312.381 8.6679 0.01 1 95 0
8896 310.701 8.12125 0.01 1 72 0
8906 302.493 8.76332 0.01 1 43 0
8909 308.916 8.04188 0.01 1 72 0
8913 303.165 8.6532 0.01 1 44 0
8930 304.207 8.6532 0.01 1 44 0
8937 312.603 8.6679 0.01 1 95 0
8976 304.207 8.6532 0.01 1 44 0
8997 309.766 8.20809 0.01 1 72 0
9009 309.804 8.07501 0.01 1 72 0
9016 308.196 7.80702 0.01 1 72 0
9022 304.207 8.6532 0.01 1 43 0
9067 304.207 8.6532 0.01 1 43 0
9133 304.207 8.78144 0.01 1 44 0
9150 303.165 8.6532 0.01 1 44 0
9159 307.366 8.27328 0.01 1 72 0
9236 310.637 8.27999 0.01 1 94 0
9252 308.759 8.12125 0.01 1 72 0
9254 304.207 8.6532 0.01 1 44 0
9258 308.016 7.967 0.01 1 72 0
9262 309.624 7.97602 0.01 1 72 0
9273 304.207 8.78144 0.01 1 44 0.00177103
9411 304.207 8.6532 0.01 1 44 0
9434 304.207 8.6532 0.01 1 44 0
9444 304.207 8.6532 0.01 1 43 0
9477 304.207 8.6532 0.01 1 44 0
9491 304.207 8.6532 0.01 1 43 0
9506 304.207 8.6532 0.01 1 44 0
9509 304.207 8.6532 0.01 1 44 0
9512 309.243 8.01837 0.01 1 72 0
9523 307.968 8.53585 0.01 1 72 0
9538 309.517 7.95423 0.01 1 72 0
9571 308.916 8.04188 0.01 1 72 0
9603 304.207 8.6532 0.01 1 42 0
9632 311.365 8.31675 0.01 1 94 0
9637 312.381 8.72532 0.01 1 93 0
9657 304.207 8.6532 0.01 1 44 0
9666 309.243 8.01837 0.01 1 72 0
9686 304.207 8.6532 0.01 1 44 0
9715 304.207 8.6532 0.01 1 44 0
9740 311.962 8.60257 0.01 1 94 0
9751 309.997 7.96445 0.01 1 72 0
9785 309.243 8.01837 0.01 1 72 0
9800 308.181 8.52798 0.01 1 72 0
9824 304.207 8.6532 0.01 1 44 0
9827 305.702 8.6532 0.01 1 44 -0.0203326
9829 303.165 8.6532 0.01 1 44 0
9917 304.207 8.6532 0.01 1 44 0
9928 304.207 8.6532 0.01 1 44 0
9934 304.207 8.6532 0.01 1 42 0
9951 311.962 8.60257 0.01 1 94 0
10017 307.589 8.23189 0.01 1 72 0
10019 304.207 8.6532 0.01 1 44 0
10027 304.207 8.6532 0.01 1 44 0
10040 304.207 8.6532 0.01 1 43 0
10055 308.916 8.04188 0.01 1 72 0
10091 308.199 7.87733 0.01 1 72 0
10104 304.207 8.6532 0.01 1 44 0
10112 308.618 8.27328 0.01 1 72 0.0036256
10132 308.07 7.55411 0.01 1 72 0
10154 304.207 8.6532 0.01 1 43 0
10163 304.207 8.6532 0.01 1 44 0
10181 309.989 8.29255 0.01 1 72 0
10185 304.759 8.68313 0.01 1 44 -0.0220345
10247 309.034 7.96445 0.01 1 72 0
10298 310.266 7.95423 0.01 1 72 0
10301 309.243 7.83724 0.01 1 72 -2.42889e-06
10305 304.207 8.6532 0.01 1 44 0
10328 309.804 8.0898 0.01 1 72 0
10339 304.207 8.6532 0.01 1 44 0
10344 304.207 8.6532 0.01 1 44 0
10355 304.207 8.6532 0.01 1 44 0
10362 309.997 7.96445 0.01 1 72 0
10372 311.365 8.27889 0.01 1 94 0
10405 304.207 8.59831 0.01 1 43 0
10436 308.759 8.12125 0.01 1 72 0
10527 304.207 8.6532 0.01 1 44 0
10560 305.856 8.20903 0.01 1 72 0
10582 304.207 8.6532 0.01 1 44 0
10616 304.207 8.78144 0.01 1 44 0
10625 308.199 7.87733 0.01 1 72 0
10642 311.365 8.31675 0.01 1 94 0
10647 304.207 8.6532 0.01 1 44 0
10683 304.207 8.6532 0.01 1 44 0
10712 304.207 8.6532 0.01 1 44 0
10716 309.732 8.23182 0.01 1 72 0
10750 304.207 8.6532 0.01 1 44 0
10762 310.062 8.20211 0.01 1 72 0
10800 304.207 8.6532 0.01 1 43 0
10809 304.319 8.6532 0.01 1 44 -0.00154735
10816 304.207 8.6532 0.01 1 44 0
10830 307.968 8.58715 0.01 1 72 0
10839 309.837 8.2056 0.01 1 72 0
10865 308.149 8.10032 0.01 1 72 0
10871 309.543 8.02005 0.01 1 72 0
10928 308.181 8.52798 0.01 1 72 0
10933 303.445 8.6532 0.01 1 44 0
10952 304.207 8.6532 0.01 1 43 0
10968 309.243 8.15092 0.01 1 72 0
10983 308.916 8.05537 0.01 1 72 0
11025 304.207 8.6532 0.01 1 44 0
11035 311.962 8.60257 0.01 1 94 0
11046 312.603 8.6679 0.01 1 95 0
11061 304.207 8.6532 0.01 1 44 0
11063 310.012 7.62069 0.01 1 72 0
11068 302.912 8.6532 0.01 1 43 0.00741936
11073 304.258 8.6532 0.01 1 44 0
11190 308.016 7.967 0.01 1 72 0
11205 309.766 8.20809 0.01 1 72 0
11207 304.207 8.6532 0.01 1 43 0
11212 304.207 8.6532 0.01 1 44 0
11230 310.089 8.27999 0.01 1 94 0
11253 304.207 8.6532 0.01 1 44 0
11308 304.207 8.6532 0.01 1 43 0
11319 307.366 8.27328 0.01 1 72 0
11326 304.207 8.6532 0.01 1 44 0
11388 304.207 8.6532 0.01 1 44 0
11391 304.207 8.6532 0.01 1 43 0
11399 309.243 8.01837 0.01 1 72 0
11411 304.207 8.6532 0.01 1 44 0
11425 309.804 7.87027 0.01 1 72 0
11450 304.207 8.6532 0.01 1 43 0
11499 309.543 8.02005 0.01 1 72 0
11556 309.837 8.2056 0.01 1 72 0.000200018
11563 309.07 8.05537 0.01 1 72 0
11586 309.243 8.01837 0.01 1 72 0
11588 312.603 8.6679 0.01 1 95 0
11599 304.207 8.6532 0.01 1 42 0
11622 303.165 8.69054 0.01 1 44 0
11656 312.834 8.60257 0.01 1 93 0
11691 304.207 8.6532 0.01 1 44 0
11728 304.207 8.6532 0.01 1 44 0
11749 309.732 8.23182 0.01 1 72 0
11835 304.207 8.6532 0.01 1 43 0
11854 310.089 8.27999 0.01 1 94 0
11875 308.07 7.55411 0.01 1 72 0
11894 308.199 7.87733 0.01 1 72 0
11897 303.445 8.6532 0.01 1 44 0
11912 306.584 7.9738 0.01 1 72 0
11988 308.634 7.85837 0.01 1 72 0
12004 304.207 8.8099 0.01 1 44 0
12005 303.701 8.85079 0.01 1 44 0.0027055
12013 304.207 8.6532 0.01 1 44 0
12016 302.493 8.76332 0.01 1 43 0
12031 311.962 8.60257 0.01 1 94 0
12078 303.165 8.6532 0.01 1 44 0
12138 307.366 8.27328 0.01 1 72 0
12140 307.366 8.27328 0.01 1 72 0
12163 311.503 8.24756 0.01 1 93 0
12183 306.584 7.9738 0.01 1 72 0
12187 304.207 8.6532 0.01 1 44 0
12206 304.207 8.59831 0.01 1 43 0
12220 304.207 8.6532 0.01 1 44 0
12253 304.207 8.6532 0.01 1 44 0
12301 309.517 7.95423 0.01 1 72 0
12361 309.243 7.93821 0.01 1 72 0
12369 309.503 8.1274 0.01 1 72 0
12401 312.381 8.72532 0.01 1 93 0.000628859
12420 304.207 8.6532 0.01 1 42 0
12434 304.207 8.6532 0.01 1 44 0
12454 304.207 8.6532 0.01 1 44 0
12517 302.594 8.6532 0.01 1 44 0
12546 304.207 8.6532 0.01 1 44 0
12555 304.207 8.6532 0.01 1 44 0
12589 308.053 8.28896 0.01 1 72 0
12596 304.207 8.6532 0.01 1 44 0
12609 312.381 8.59349 0.01 1 93 0
12613 304.207 8.6532 0.01 1 44 0
12617 304.207 8.6532 0.01 1 44 0
12620 304.15 8.6532 0.01 1 44 0
12632 304.207 8.8099 0.01 1 44 0.00227425
12649 312.381 8.6679 0.01 1 95 0
12703 304.207 8.6532 0.01 1 43 0
12779 309.989 8.29255 0.01 1 72 0
12864 304.207 8.6532 0.01 1 44 0
12882 304.207 8.6532 0.01 1 43 0
12910 307.366 8.27328 0.01 1 72 0
12912 304.207 8.6532 0.01 1 44 0
12949 304.207 8.6532 0.01 1 43 0
12950 308.016 7.967 0.01 1 72 0
12982 309.751 8.27883 0.01 1 72 0
13010 307.366 8.27328 0.01 1 72 0
13020 307.366 8.27328 0.01 1 72 0
13027 304.207 8.6532 0.01 1 43 0
13040 309.997 7.96445 0.01 1 72 0
13048 309.997 7.96445 0.01 1 72 0
13084 304.207 8.6532 0.01 1 44 0
13086 304.15 8.6532 0.01 1 44 0
13107 304.207 8.8099 0.01 1 44 0
13155 304.207 8.6532 0.01 1 43 0
13174 310.664 7.96229 0.01 1 72 0
13184 307.841 8.22555 0.01 1 72 0
13186 308.759 8.12125 0.01 1 72 0
13223 309.766 8.20809 0.01 1 72 0
13235 310.089 8.42528 0.01 1 72 0
13260 312.381 8.72532 0.01 1 93 0
13261 304.207 8.6532 0.01 1 43 0
13270 306.163 7.76334 0.01 1 72 0
13318 309.989 8.29255 0.01 1 72 0
13320 304.207 8.8099 0.01 1 44 0
13323 304.207 8.6532 0.01 1 44 0
13334 304.207 8.6532 0.01 1 44 0
13348 304.207 8.6532 0.01 1 44 0
13447 307.749 7.79306 0.01 1 72 0
13448 309.732 8.23182 0.01 1 72 0
13457 311.503 8.29489 0.01 1 94 0.0013601
13461 308.759 8.12125 0.01 1 72 0
13530 310.089 8.39359 0.01 1 72 0
13540 312.834 8.60257 0.01 1 93 0
13597 304.207 8.6532 0.01 1 44 0
13603 304.207 8.6532 0.01 1 43 0
13625 304.207 8.6532 0.01 1 43 0
13637 304.207 8.6532 0.01 1 43 0
13654 308.617 7.79306 0.01 1 72 0
13676 308.199 7.87733 0.01 1 72 0
13683 304.207 8.6532 0.01 1 44 0
13699 304.207 8.6532 0.01 1 43 0
13746 309.915 8.2056 0.01 1 72 0
13756 302.331 8.6532 0.01 1 44 0
13763 309.243 8.01837 0.01 1 72 0
13775 304.207 8.6532 0.01 1 44 0
13800 308.618 8.27328 0.01 1 72 0
13804 304.207 8.6532 0.01 1 44 0
13812 309.543 8.02005 0.01 1 72 0
13833 304.207 8.6532 0.01 1 43 0
13844 309.638 8.17957 0.01 1 72 0
13851 304.207 8.6532 0.01 1 43 0
13855 302.493 8.76332 0.01 1 43 0
13875 310.557 7.89745 0.01 1 72 0
13881 312.381 8.6679 0.01 1 95 0
13916 304.207 8.6532 0.01 1 44 0
13917 311.503 8.24756 0.01 1 93 0
13921 303.445 8.6532 0.01 1 44 0
13948 310.266 7.95423 0.01 1 72 0
13995 308.07 7.55411 0.01 1 72 0
14007 304.207 8.6532 0.01 1 44 0
14017 309.751 8.25521 0.01 1 72 0
14022 311.365 8.31675 0.01 1 94 0
14029 304.207 8.6532 0.01 1 44 0
14046 307.366 8.27328 0.01 1 72 0
14095 310.266 7.98574 0.01 1 72 1.95652e-05
14121 309.766 8.20809 0.01 1 72 0
14149 308.617 7.79306 0.01 1 72 0
14180 304.207 8.6532 0.01 1 44 0
14201 309.753 8.34559 0.01 1 72 0
14207 310.266 7.95423 0.01 1 72 0
14224 310.089 8.42528 0.01 1 72 0
14272 304.207 8.6532 0.01 1 44 0
14310 304.207 8.6532 0.01 1 44 0
14317 309.243 8.01837 0.01 1 72 0
14341 304.67 8.6532 0.01 1 44 0
14383 304.207 8.6532 0.01 1 44 0
14384 304.207 8.6532 0.01 1 43 0
14413 308.916 8.05537 0.01 1 72 0
14423 304.207 8.6532 0.01 1 44 0
14441 308.176 8.03034 0.01 1 72 0
14446 304.207 8.6532 0.01 1 44 0
14459 304.207 8.6532 0.01 1 44 0
14474 304.207 8.6532 0.01 1 44 0
14525 304.207 8.6532 0.01 1 44 0
14546 304.207 8.6532 0.01 1 44 0
14564 309.753 8.34559 0.01 1 72 0
14572 308.07 7.55411 0.01 1 72 0
14596 311.365 8.31675 0.01 1 94 0
14624 304.207 8.6532 0.01 1 44 0
14633 303.165 8.6532 0.01 1 44 0
14638 303.255 8.61132 0.01 1 44 0
14645 305.702 8.6532 0.01 1 44 0
14656 304.207 8.6532 0.01 1 44 0
14663 303.165 8.56603 0.01 1 44 0
14664 310.266 7.95423 0.01 1 72 0
14665 309.243 8.01837 0.01 1 72 0
14671 304.207 8.6532 0.01 1 44 0
14695 304.207 8.6532 0.01 1 44 0
14750 304.207 8.73728 0.01 1 44 0
14751 302.62 8.6532 0.01 1 43 0.0220333
14752 304.207 8.6532 0.01 1 42 0
14757 304.207 8.6532 0.01 1 43 0
14799 310.089 8.27999 0.01 1 94 0
14826 303.165 8.6532 0.01 1 44 0
14841 309.243 8.20026 0.01 1 72 4.32134e-07
14854 309.753 8.34559 0.01 1 72 0
14862 309.804 8.0898 0.01 1 72 0
14869 312.381 8.72532 0.01 1 93 0
14887 304.207 8.6532 0.01 1 44 0
14970 304.207 8.6532 0.01 1 44 0
14971 309.757 8.11196 0.01 1 72 0
15028 309.753 8.25157 0.01 1 72 -1.84625e-05
15058 304.207 8.6532 0.01 1 44 0
15072 309.408 7.74347 0.01 1 72 0
15092 304.207 8.6532 0.01 1 44 0
15133 307.662 8.22555 0.01 1 72 0
15162 303.255 8.61132 0.01 1 44 0
15185 312.381 8.6679 0.01 1 95 0
15203 313.009 8.24756 0.01 1 93 0
15216 309.243 8.01837 0.01 1 72 0
15305 304.207 8.6532 0.01 1 44 0
15320 307.528 8.02753 0.01 1 72 0
15323 304.207 8.6532 0.01 1 43 0
15328 309.243 8.01837 0.01 1 72 0
15330 311.365 8.27889 0.01 1 94 0
15355 301.756 8.76332 0.01 1 43 0.00995255
15367 309.543 8.02005 0.01 1 72 0
15426 312.381 8.59349 0.01 1 93 0
15435 303.165 8.6532 0.01 1 43 0
15447 304.207 8.6532 0.01 1 44 0
15448 304.207 8.6532 0.01 1 44 0
15508 307.528 8.02753 0.01 1 72 0
15512 308.759 8.12125 0.01 1 72 0
15529 312.381 8.6679 0.01 1 95 0
15533 308.196 7.80702 0.01 1 72 0
15559 307.366 8.27328 0.01 1 72 0
15610 308.618 8.27328 0.01 1 72 0
15626 304.207 8.6532 0.01 1 44 0
15634 309.915 8.2056 0.01 1 72 0
15646 312.603 8.6679 0.01 1 95 0
15659 304.207 8.6532 0.01 1 43 0
15694 304.207 8.6532 0.01 1 44 0
15728 308.016 7.967 0.01 1 72 0
15731 307.366 8.27328 0.01 1 72 0
15736 304.207 8.6532 0.01 1 44 0
15747 308.917 7.74347 0.01 1 72 0
15765 304.207 8.6532 0.01 1 44 0
15796 310.089 8.29032 0.01 1 72 0
15815 304.207 8.6532 0.01 1 44 0
15824 304.207 8.6532 0.01 1 44 0
15837 304.207 8.8099 0.01 1 44 0
15844 302.435 8.6532 0.01 1 44 0.0175248
15859 309.243 8.01837 0.01 1 72 0
15896 304.207 8.6532 0.01 1 43 0
15898 309.408 7.74347 0.01 1 72 0
15901 304.207 8.6532 0.01 1 44 0
15903 304.207 8.6532 0.01 1 43 0
15964 304.207 8.6532 0.01 1 44 0
16000 309.766 8.20809 0.01 1 72 0
16053 309.766 8.20809 0.01 1 72 0
16093 307.366 8.27328 0.01 1 72 0
16116 308.196 7.80702 0.01 1 72 0
16126 303.165 8.68313 0.01 1 44 0
16136 304.207 8.6532 0.01 1 43 0
16145 307.366 8.27328 0.01 1 72 0
16154 304.207 8.6532 0.01 1 44 0
16156 309.543 8.02005 0.01 1 72 0
16166 303.165 8.6532 0.01 1 44 0
16167 311.962 8.60257 0.01 1 94 0
16226 308.916 8.05537 0.01 1 72 0
16252 309.07 8.05537 0.01 1 72 0
16264 309.543 8.02005 0.01 1 72 0
16356 309.243 8.23679 0.01 1 72 0
16398 309.425 7.98574 0.01 1 72 0.00220013
16444 307.366 8.27328 0.01 1 72 0
16448 307.366 8.27328 0.01 1 72 0
16505 309.243 7.93821 0.01 1 72 0
16507 309.243 8.01837 0.01 1 72 0
16527 310.089 8.21195 0.01 1 72 0
16535 310.988 8.14047 0.01 1 72 0
16545 304.207 8.6532 0.01 1 44 0
16548 308.617 7.79306 0.01 1 72 0
16598 304.207 8.6532 0.01 1 43 0
16619 307.968 8.53585 0.01 1 72 0
16638 312.381 8.67716 0.01 1 94 0
16654 304.207 8.6532 0.01 1 44 0
16661 304.207 8.6532 0.01 1 44 0
16683 302.493 8.76332 0.01 1 43 0
16684 304.207 8.6532 0.01 1 44 0
16699 307.213 8.00457 0.01 1 72 0
16707 304.207 8.6532 0.01 1 44 0
16820 304.207 8.6532 0.01 1 44 0
16860 307.528 8.02753 0.01 1 72 0
16865 309.766 8.20809 0.01 1 72 0
16880 311.365 8.27889 0.01 1 94 0
16913 304.207 8.6532 0.01 1 44 0
16956 309.543 8.02005 0.01 1 72 0
16976 310.012 7.69207 0.01 1 72 0
16992 312.381 8.6679 0.01 1 95 0
17006 309.503 8.1274 0.01 1 72 0
17027 304.207 8.6532 0.01 1 44 0
17035 307.366 8.27328 0.01 1 72 0
17039 309.766 8.20809 0.01 1 72 0
17098 309.243 8.01837 0.01 1 72 0
17166 309.757 7.92696 0.01 1 72 0
17175 304.207 8.6532 0.01 1 44 0
17185 303.165 8.6532 0.01 1 44 0
17187 309.243 8.01837 0.01 1 72 0
17211 309.344 8.1274 0.01 1 72 0
17213 312.381 8.6679 0.01 1 95 0
17218 309.757 7.92696 0.01 1 72 0
17298 312.381 8.72532 0.01 1 93 0
17299 311.365 8.26401 0.01 1 93 0
17334 304.207 8.6532 0.01 1 44 0
17363 304.207 8.6532 0.01 1 44 0
17372 304.207 8.6532 0.01 1 44 0
17395 309.624 7.97602 0.01 1 72 0
17414 303.701 8.6532 0.01 1 44 0
17415 308.199 7.87733 0.01 1 72 0
17445 307.366 8.27328 0.01 1 72 0
17449 303.165 8.6532 0.01 1 44 0
17454 313.009 8.1568 0.01 1 93 0
17530 309.192 7.97772 0.01 1 72 0
17578 309.243 8.01837 0.01 1 72 0
17581 304.207 8.6532 0.01 1 43 0
17618 313.599 8.72532 0.01 1 93 0.0156308
17627 311.962 8.60257 0.01 1 94 0
17655 309.07 8.05537 0.01 1 72 0
17686 309.243 8.01837 0.01 1 72 0
17692 308.158 8.23189 0.01 1 72 0
17741 310.701 8.12125 0.01 1 72 0
17749 309.732 8.23182 0.01 1 72 0
17754 310.637 8.27999 0.01 1 94 0
17773 304.797 8.6532 0.01 1 44 0
17836 311.213 7.97159 0.01 1 72 0
17869 306.902 8.18849 0.01 1 72 0.00363266
17892 304.207 8.6532 0.01 1 44 0
17896 311.492 8.05281 0.01 1 72 -0.00905834
17898 309.517 7.92043 0.01 1 72 -3.60608e-06
17928 308.759 8.12125 0.01 1 72 0
17976 304.207 8.8099 0.01 1 44 0
18039 304.207 8.6532 0.01 1 44 0
18041 309.243 8.01837 0.01 1 72 0
18052 309.989 8.29255 0.01 1 72 0
18059 306.362 8.18849 0.01 1 72 0
18104 308.617 7.79306 0.01 1 72 0
18117 310.089 8.27999 0.01 1 94 0
18128 304.207 8.6532 0.01 1 44 0
18134 303.165 8.56603 0.01 1 44 0
18148 304.207 8.6532 0.01 1 44 0
18151 304.207 8.6532 0.01 1 44 0
18171 309.804 8.02203 0.01 1 72 0
18189 304.207 8.6532 0.01 1 44 0
18215 308.196 7.80702 0.01 1 72 0
18230 309.766 8.20809 0.01 1 72 0
18238 307.968 8.53585 0.01 1 72 0
18267 307.366 8.27328 0.01 1 72 0
18275 310.637 8.27999 0.01 1 94 0
18346 310.266 7.95423 0.01 1 72 0
18366 307.749 7.79306 0.01 1 72 0
18407 304.207 8.6532 0.01 1 43 0
18418 307.366 8.27328 0.01 1 72 0
18445 308.759 8.12125 0.01 1 72 0
18455 304.207 8.6532 0.01 1 44 0
18485 307.366 8.27328 0.01 1 72 0
18509 309.543 8.02005 0.01 1 72 0
18526 304.207 8.6532 0.01 1 44 0
18548 312.381 8.6289 0.01 1 95 0
18549 304.207 8.6532 0.01 1 44 0
18570 304.207 8.7305 0.01 1 43 0.00118136
18588 304.207 8.6532 0.01 1 44 0
18627 309.766 8.20809 0.01 1 72 0
18656 304.207 8.6532 0.01 1 44 0
18657 308.916 8.04188 0.01 1 72 0
18665 307.366 8.13822 0.01 1 72 0
18671 304.207 8.8099 0.01 1 44 0
18687 309.732 8.23182 0.01 1 72 0
18689 307.366 8.27328 0.01 1 72 0
18708 310.701 8.12125 0.01 1 72 0
18711 304.207 8.6532 0.01 1 44 0
18743 310.266 7.95423 0.01 1 72 0
18760 312.381 8.6679 0.01 1 95 0
18779 304.207 8.6532 0.01 1 44 0
18814 310.557 7.89745 0.01 1 72 0
18818 304.207 8.6532 0.01 1 44 0
18831 303.165 8.6532 0.01 1 44 0
18844 304.207 8.68665 0.01 1 43 0
18859 304.207 8.6532 0.01 1 44 0
18875 309.732 8.23182 0.01 1 72 0
18889 305.478 7.76334 0.01 1 72 0
18914 310.089 8.27999 0.01 1 94 0
18915 312.603 8.6679 0.01 1 95 0
18927 308.243 8.28896 0.01 1 72 0
19012 310.637 8.27999 0.01 1 93 0
19034 304.258 8.6532 0.01 1 44 0
19079 304.207 8.6532 0.01 1 44 0
19084 309.243 8.15092 0.01 1 72 2.93553e-06
19095 304.207 8.6532 0.01 1 44 0
19130 304.207 8.6532 0.01 1 44 0
19134 310.089 8.42528 0.01 1 72 0
19187 304.207 8.6532 0.01 1 44 0
19220 310.266 7.87876 0.01 1 72 -6.7398e-05
19232 304.797 8.6532 0.01 1 44 -0.00813161
19243 310.089 8.19618 0.01 1 72 0
19248 304.207 8.6532 0.01 1 44 0
19351 309.192 7.97772 0.01 1 72 0
19412 304.207 8.6532 0.01 1 43 0
19417 304.207 8.6532 0.01 1 43 0
19425 303.165 8.56603 0.01 1 42 0
19436 307.366 8.27328 0.01 1 72 0
19450 308.461 8.28896 0.01 1 72 0
19463 309.757 7.92696 0.01 1 72 0
19513 304.207 8.78144 0.01 1 44 0
19532 310.637 8.27999 0.01 1 93 0
19552 304.207 8.6532 0.01 1 44 0
19563 304.207 8.6532 0.01 1 44 0
19593 308.634 7.79812 0.01 1 72 0
19602 312.381 8.72532 0.01 1 94 0
19623 310.089 8.27999 0.01 1 94 0
19624 307.366 8.40622 0.01 1 72 0.000119284
19710 312.381 8.59349 0.01 1 93 0
19711 311.503 8.24756 0.01 1 93 0
19736 312.381 8.59349 0.01 1 93 0
19778 303.165 8.69054 0.01 1 44 0
19803 307.366 8.27328 0.01 1 72 0
19838 309.243 8.01837 0.01 1 72 0
19851 304.207 8.6532 0.01 1 43 0
19864 312.381 8.6679 0.01 1 95 0
19877 308.406 8.05537 0.01 1 72 0
19879 311.365 8.31675 0.01 1 94 0
19885 309.243 7.93821 0.01 1 72 0
19886 309.989 8.38184 0.01 1 72 0
19918 303.701 8.6532 0.01 1 44 0
19924 309.757 7.92696 0.01 1 72 0
19927 309.804 8.0898 0.01 1 72 0
19930 309.732 8.23182 0.01 1 72 0
19948 309.766 8.20809 0.01 1 72 0
19959 310.089 8.19618 0.01 1 72 0
20023 304.207 8.6532 0.01 1 43 0
20035 306.175 7.818 0.01 1 72 -0.00176965
20087 309.387 8.05281 0.01 1 72 0
20102 310.637 8.27999 0.01 1 93 0
20182 303.165 8.6532 0.01 1 44 0
20184 311.962 8.60257 0.01 1 94 0
20199 309.766 8.20809 0.01 1 72 0
20200 304.207 8.6532 0.01 1 44 0
20250 310.266 7.95423 0.01 1 72 0
20261 304.207 8.6532 0.01 1 44 0
20302 304.207 8.6532 0.01 1 44 0
20315 306.188 7.71314 0.01 1 72 0
20332 309.243 8.01837 0.01 1 72 0
20338 308.759 8.12125 0.01 1 72 0
20358 308.916 8.04188 0.01 1 72 0
20361 309.408 7.74347 0.01 1 72 0
20372 309.766 8.20809 0.01 1 72 0
20387 304.207 8.6532 0.01 1 44 0
20399 310.908 8.23189 0.01 1 72 0
20424 304.207 8.6532 0.01 1 42 0
20445 309.243 7.87429 0.01 1 72 0
20527 309.997 7.96445 0.01 1 72 0
20569 308.917 7.74347 0.01 1 72 0
20582 312.381 8.6679 0.01 1 93 0
20624 304.207 8.6532 0.01 1 44 0
20627 308.76 8.12125 0.01 1 72 1.16229e-06
20634 303.165 8.6532 0.01 1 44 0
20673 309.766 8.20809 0.01 1 72 0
20702 304.207 8.6532 0.01 1 44 0
20714 310.266 7.95423 0.01 1 72 0
20730 304.207 8.6532 0.01 1 44 0
20738 309.694 7.57454 0.01 1 72 0
20740 307.366 8.27328 0.01 1 72 0
20747 312.381 8.6679 0.01 1 95 0
20764 304.207 8.6532 0.01 1 43 0
20797 304.207 8.6532 0.01 1 44 0
20818 310.089 8.42528 0.01 1 72 0
20852 309.757 7.92696 0.01 1 72 0
20868 304.207 8.6532 0.01 1 42 0
20875 303.445 8.6532 0.01 1 44 0
20890 303.165 8.56603 0.01 1 43 0
20992 309.766 8.20809 0.01 1 72 0
21006 304.207 8.6532 0.01 1 44 0
21010 312.381 8.6679 0.01 1 95 0
21017 307.366 8.27328 0.01 1 72 0
21025 312.834 8.60257 0.01 1 93 0
21041 308.634 7.79812 0.01 1 72 0
21048 304.207 8.6532 0.01 1 44 0
21050 310.089 8.13599 0.01 1 72 0
21056 309.804 8.07501 0.01 1 72 0
21061 303.165 8.6532 0.01 1 44 0
21074 304.207 8.6532 0.01 1 44 0
21082 308.196 7.80702 0.01 1 72 0
21089 304.207 8.6532 0.01 1 44 0
21090 311.962 8.60257 0.01 1 94 0
21120 304.207 8.6532 0.01 1 44 0
21133 304.207 8.6532 0.01 1 44 0
21138 306.358 7.818 0.01 1 72 0
21150 309.243 8.23679 0.01 1 72 4.75347e-06
21151 310.089 8.27999 0.01 1 94 0
21163 309.243 8.01837 0.01 1 72 0
21272 309.391 7.97772 0.01 1 72 0
21277 303.165 8.69054 0.01 1 44 0
21283 304.207 8.6532 0.01 1 44 0
21330 309.732 8.23182 0.01 1 72 0
21349 308.181 8.52798 0.01 1 72 0
21353 309.732 8.23182 0.01 1 72 0
21359 309.732 8.23182 0.01 1 72 0
21365 309.391 7.97772 0.01 1 72 0
21375 310.266 7.95423 0.01 1 72 0
21377 312.381 8.6679 0.01 1 95 0
21392 304.207 8.6532 0.01 1 44 0
21405 304.207 8.6532 0.01 1 44 0
21407 311.962 8.60257 0.01 1 94 0
21453 309.804 8.07501 0.01 1 72 0
21465 304.207 8.6532 0.01 1 43 0
21491 312.381 8.72532 0.01 1 93 0
21524 303.445 8.6532 0.01 1 44 0
21527 308.053 8.28896 0.01 1 72 0
21528 304.207 8.6532 0.01 1 43 0
21551 309.07 8.05537 0.01 1 72 0
21577 309.997 7.96445 0.01 1 72 0
21596 304.207 8.6532 0.01 1 43 0
21600 311.962 8.60257 0.01 1 94 0
21610 305.716 8.58715 0.01 1 72 -0.00897603
