max_pf 92 min_pf 43
individual T0 sigma disp_rate r0 patch_no mut_eff
21 312.949 8.13926 0.01 1 91 -0.00298357
36 304.328 8.23724 0.01 1 44 0
39 313.796 8.03639 0.01 1 90 0
67 304.328 8.16907 0.01 1 45 0
72 305.795 8.42523 0.01 1 45 0
85 304.328 8.16907 0.01 1 44 0
90 304.328 8.16907 0.01 1 45 0
97 312.558 8.03639 0.01 1 92 0
104 313.796 8.03639 0.01 1 90 0
134 312.465 8.03639 0.01 1 91 0
142 309.149 7.91043 0.01 1 72 0
146 307.299 8.27199 0.01 1 72 0
155 309.067 8.21756 0.01 1 72 0
168 309.363 8.1085 0.01 1 72 0
175 309.363 8.1085 0.01 1 72 0
189 305.205 8.16907 0.01 1 44 0
196 309.752 7.77561 0.01 1 72 0
220 305.709 8.11354 0.01 1 44 0
247 305.237 8.23724 0.01 1 43 0
252 305.237 8.23724 0.01 1 45 0
255 312.104 8.13926 0.01 1 91 0
260 312.465 8.03639 0.01 1 91 0
267 311.142 7.96946 0.01 1 92 0
277 304.328 8.05967 0.01 1 45 0
295 304.328 8.19805 0.01 1 45 0
362 304.328 8.16907 0.01 1 45 0
425 305.795 8.23724 0.01 1 45 0
432 312.558 8.03639 0.01 1 90 0
437 304.328 8.23724 0.01 1 44 0
454 304.328 8.23724 0.01 1 45 0
484 308.357 7.83837 0.01 1 72 0
486 312.58 8.03639 0.01 1 91 0
534 304.328 8.23724 0.01 1 45 0
554 304.328 8.16907 0.01 1 45 0
561 311.727 8.03639 0.01 1 91 0
575 312.558 8.03639 0.01 1 90 0
587 309.143 8.27199 0.01 1 72 0
589 304.328 8.16907 0.01 1 44 0
594 307.943 7.79263 0.01 1 72 3.03388e-05
615 304.95 8.13546 0.01 1 43 -0.00870736
638 304.328 8.42902 0.01 1 45 0
640 305.795 8.23724 0.01 1 45 0
644 305.237 8.23724 0.01 1 45 0
666 308.759 8.27698 0.01 1 72 0.000748321
699 305.795 8.23724 0.01 1 45 0
705 304.328 8.05967 0.01 1 45 0
709 314.312 8.03639 0.01 1 92 0
732 309.545 8.13508 0.01 1 72 0
738 304.503 8.16907 0.01 1 45 0
752 309.149 7.78846 0.01 1 72 0
765 313.796 8.01371 0.01 1 92 0
771 311.142 7.96946 0.01 1 90 0
772 311.142 7.96946 0.01 1 90 0
774 305.237 8.23724 0.01 1 43 0
781 308.357 7.83837 0.01 1 72 0
799 309.933 8.06607 0.01 1 72 0
801 312.558 8.03639 0.01 1 92 0
808 313.119 8.03639 0.01 1 90 0
823 307.067 7.90108 0.01 1 72 0
829 308.796 7.71452 0.01 1 72 0
860 304.328 8.16907 0.01 1 45 0
864 304.328 8.23724 0.01 1 45 0
889 312.558 8.03639 0.01 1 91 0
947 312.465 8.03639 0.01 1 91 0
951 309.783 8.21756 0.01 1 72 0
959 313.796 8.03639 0.01 1 90 0
960 313.796 8.27841 0.01 1 92 0.0019581
961 304.328 8.16907 0.01 1 45 0
985 310.526 7.83387 0.01 1 72 0
988 304.328 8.23724 0.01 1 44 0
999 309.117 8.02747 0.01 1 72 0
1033 304.328 8.16907 0.01 1 45 0
1036 305.795 8.42523 0.01 1 45 0
1056 304.328 8.23724 0.01 1 45 0
1065 309.752 7.80169 0.01 1 72 0
1071 304.328 8.16907 0.01 1 45 0
1091 312.558 8.03639 0.01 1 92 0
1097 313.669 8.03639 0.01 1 90 -0.00144626
1144 311.727 8.03639 0.01 1 91 0
1155 309 8.14242 0.01 1 72 0
1186 304.328 8.23724 0.01 1 44 0
1204 314.312 8.03639 0.01 1 92 0
1219 312.465 8.03639 0.01 1 91 0
1228 312.104 8.13926 0.01 1 90 0
1240 304.328 8.16907 0.01 1 45 0
1275 312.558 8.03639 0.01 1 92 0
1292 312.558 8.03639 0.01 1 92 0
1303 309 8.21756 0.01 1 72 0
1310 311.142 7.96946 0.01 1 90 0
1343 312.674 8.25364 0.01 1 91 -0.00925674
1369 313.178 8.13926 0.01 1 91 0
1373 312.104 8.13926 0.01 1 90 0
1375 307.813 8.50723 0.01 1 72 0
1391 313.178 8.13926 0.01 1 91 0
1420 308.501 8.27731 0.01 1 72 0
1430 305.795 8.42523 0.01 1 45 0
1433 305.795 8.23724 0.01 1 45 0
1448 304.328 8.05967 0.01 1 45 0
1466 312.104 8.13926 0.01 1 90 0
1476 309.117 8.02747 0.01 1 72 0
1494 310.101 7.80169 0.01 1 72 0
1497 309.363 8.1085 0.01 1 72 0
1503 312.465 8.03639 0.01 1 91 0
1527 304.328 8.23724 0.01 1 45 0
1529 312.558 8.03639 0.01 1 92 0
1537 304.328 8.16907 0.01 1 45 0
1540 304.328 8.23724 0.01 1 44 0
1578 304.328 8.23724 0.01 1 45 0
1587 314.312 8.03639 0.01 1 92 0
1593 308.357 7.83837 0.01 1 72 0
1597 313.178 8.17672 0.01 1 90 0
1619 309.736 8.22229 0.01 1 72 0
1648 310.423 8.03639 0.01 1 91 -0.0299674
1655 312.104 8.13926 0.01 1 90 0
1708 309 8.25206 0.01 1 72 0
1710 305.795 8.42523 0.01 1 45 0
1713 304.328 8.16907 0.01 1 45 0
1825 304.328 8.23724 0.01 1 45 0
1829 304.328 8.23724 0.01 1 44 0
1839 304.328 8.16907 0.01 1 45 0
1843 313.418 7.98366 0.01 1 90 0.0110121
1891 312.558 8.03639 0.01 1 92 0
1902 304.328 8.23724 0.01 1 44 0
1912 312.465 8.03639 0.01 1 91 0
1963 312.558 8.03639 0.01 1 91 0
1965 304.328 8.23724 0.01 1 45 0
1999 309.619 7.80169 0.01 1 72 0.000296146
2026 312.104 8.13926 0.01 1 90 0
2031 304.328 8.23724 0.01 1 45 0
2067 309.363 8.1085 0.01 1 72 0
2084 312.558 8.22933 0.01 1 90 0
2112 312.558 7.98366 0.01 1 90 0
2120 309.363 8.1085 0.01 1 72 0
2128 313.669 8.03639 0.01 1 90 0
2148 313.178 8.17672 0.01 1 91 0
2153 312.595 8.03022 0.01 1 91 0
2155 309.067 8.21756 0.01 1 72 0
2161 303.323 8.23724 0.01 1 44 0
2180 311.006 7.931 0.01 1 72 0
2182 313.178 8.13926 0.01 1 92 0
2183 312.065 8.03639 0.01 1 90 0
2185 312.374 8.17723 0.01 1 92 0
2196 303.323 8.23724 0.01 1 44 0
2249 304.328 8.16907 0.01 1 45 0
2273 309.633 7.84651 0.01 1 72 0
2343 312.104 8.13926 0.01 1 90 0
2351 308.796 7.71452 0.01 1 72 0
2358 303.468 8.23724 0.01 1 45 0.0125652
2377 311.142 7.96946 0.01 1 91 0
2400 309.117 8.02747 0.01 1 72 0
2418 305.205 8.16907 0.01 1 44 0
2424 304.328 8.16907 0.01 1 45 0
2443 311.142 7.96946 0.01 1 90 0
2450 312.104 8.05206 0.01 1 91 -0.000870839
2472 309.752 7.77561 0.01 1 72 0
2494 309.736 8.22229 0.01 1 72 0
2513 310.526 7.83387 0.01 1 72 0
2528 304.328 8.16907 0.01 1 45 0
2558 305.205 8.16907 0.01 1 44 0
2568 305.795 8.42523 0.01 1 45 0
2588 312.104 8.13926 0.01 1 90 0
2595 308.865 8.25292 0.01 1 72 0
2601 313.796 8.03639 0.01 1 91 0
2634 304.328 8.23724 0.01 1 45 0
2668 312.558 8.03639 0.01 1 91 0
2683 304.328 8.16907 0.01 1 44 0
2726 313.796 7.98527 0.01 1 92 0
2772 310.334 8.03639 0.01 1 90 0
2787 304.328 8.27604 0.01 1 45 0
2804 307.067 7.90108 0.01 1 72 0
2806 304.328 8.23724 0.01 1 45 0
2921 309.337 8.31053 0.01 1 72 0
2945 311.727 8.03639 0.01 1 91 0
2953 312.558 8.03639 0.01 1 91 0
2997 309.363 8.1085 0.01 1 72 0
3047 312.558 8.03639 0.01 1 92 0
3051 304.328 8.23724 0.01 1 45 0
3063 312.104 8.13926 0.01 1 91 0
3072 312.558 8.03639 0.01 1 90 0
3090 308.501 8.38176 0.01 1 72 0
3096 304.328 8.16907 0.01 1 45 0
3140 309.277 7.91043 0.01 1 72 0
3142 309.149 7.91043 0.01 1 72 0
3150 304.328 8.16907 0.01 1 45 0
3183 307.067 7.90108 0.01 1 72 0
3216 304.328 8.16907 0.01 1 45 0
3225 312.558 8.03639 0.01 1 92 0
3241 312.558 8.03639 0.01 1 91 0
3273 309.907 7.77829 0.01 1 72 0
3275 312.104 8.13926 0.01 1 90 0
3297 312.558 8.03639 0.01 1 90 0
3309 307.984 8.27494 0.01 1 72 0
3340 309.277 7.91043 0.01 1 72 0
3341 312.558 8.03639 0.01 1 90 0
3358 304.328 8.16907 0.01 1 45 0
3402 308.796 7.71452 0.01 1 72 0
3425 310.464 8.20617 0.01 1 72 0
3436 311.142 7.96946 0.01 1 90 0
3444 303.583 8.16907 0.01 1 45 0
3455 313.178 8.17672 0.01 1 91 0
3461 308.357 7.83837 0.01 1 72 0
3475 313.796 8.03639 0.01 1 92 0
3494 309.143 8.27199 0.01 1 72 0
3505 307.299 8.27199 0.01 1 72 0
3509 312.558 8.03639 0.01 1 90 0
3534 304.328 8.23724 0.01 1 44 0
3536 313.178 8.13926 0.01 1 91 0
3546 312.465 8.1188 0.01 1 91 0
3560 304.328 8.19805 0.01 1 45 0
3613 308.539 7.72815 0.01 1 72 0
3626 312.393 8.03639 0.01 1 91 0
3651 310.203 7.92296 0.01 1 72 0
3671 310.101 7.91984 0.01 1 72 0
3704 309.736 8.22229 0.01 1 72 0
3715 312.558 8.22933 0.01 1 90 0
3723 312.558 8.03639 0.01 1 92 0
3727 310.423 8.03639 0.01 1 91 0
3761 309.545 8.13508 0.01 1 72 0
3762 305.205 8.16907 0.01 1 45 0
3771 311.727 8.03639 0.01 1 91 0
3773 309.117 8.02747 0.01 1 72 0
3778 312.558 8.03639 0.01 1 91 0
3801 309.656 7.92296 0.01 1 72 0
3837 303.583 8.16907 0.01 1 45 0
3853 309.149 7.91043 0.01 1 72 0
3879 304.328 8.23724 0.01 1 44 0
3882 304.328 8.23724 0.01 1 44 0
3890 308.802 8.05439 0.01 1 72 0
3909 305.795 8.42523 0.01 1 45 0
3917 304.328 8.23724 0.01 1 44 0
3941 308.501 8.38176 0.01 1 72 0
3949 304.328 8.23724 0.01 1 44 0
3964 301.977 8.23724 0.01 1 44 0
3989 304.328 8.16907 0.01 1 45 0
3995 305.237 8.23724 0.01 1 44 0
3998 304.328 8.16907 0.01 1 45 0
4003 312.558 8.03639 0.01 1 92 0
4027 304.328 8.40898 0.01 1 44 0
4051 303.98 8.23724 0.01 1 45 0
4053 309.736 8.22229 0.01 1 72 0
4054 312.465 8.03639 0.01 1 91 0
4068 304.541 8.23724 0.01 1 44 0
4084 312.558 8.03639 0.01 1 90 0
4110 306.971 8.30677 0.01 1 72 0
4111 304.328 8.23724 0.01 1 45 0
4117 312.558 8.03639 0.01 1 92 0
4129 308.241 8.27698 0.01 1 72 0
4143 311.142 7.96946 0.01 1 90 0
4159 309.736 8.22229 0.01 1 72 0
4160 304.328 8.23724 0.01 1 45 0
4162 304.328 8.16907 0.01 1 45 0
4166 309.149 7.91043 0.01 1 72 0
4174 307.067 8.27532 0.01 1 72 0
4180 304.328 8.17196 0.01 1 44 0
4199 312.558 7.98366 0.01 1 90 0
4233 309 8.21756 0.01 1 72 0
4237 313.178 8.13926 0.01 1 91 0
4239 304.328 8.16907 0.01 1 45 0
4241 305.205 8.16907 0.01 1 45 0
4294 310.101 7.93071 0.01 1 72 0
4312 305.237 8.23724 0.01 1 45 0
4321 311.727 8.03639 0.01 1 91 0
4326 312.558 8.03639 0.01 1 90 0
4331 304.328 8.16907 0.01 1 45 0
4349 309.736 8.22229 0.01 1 72 0
4352 311.142 7.96946 0.01 1 90 0
4369 313.178 8.17672 0.01 1 90 0
4370 304.95 8.13546 0.01 1 43 0
4371 311.142 7.96946 0.01 1 90 0
4377 309.406 8.21756 0.01 1 72 0
4393 304.328 8.17388 0.01 1 45 7.61226e-05
4402 309.02 8.22229 0.01 1 72 0
4404 305.237 8.23724 0.01 1 43 0
4411 314.312 8.03639 0.01 1 92 0
4459 312.104 8.13926 0.01 1 90 0
4488 309.907 7.77829 0.01 1 72 0
4496 313.398 8.25364 0.01 1 91 0
4498 307.067 7.90108 0.01 1 72 0
4505 304.328 8.19805 0.01 1 45 0
4514 304.328 8.16907 0.01 1 45 0
4540 311.142 7.96946 0.01 1 90 0
4580 304.328 8.17196 0.01 1 44 0
4602 303.486 8.16907 0.01 1 45 0.0123963
4640 308.802 8.06509 0.01 1 72 0
4663 304.328 8.27604 0.01 1 45 0
4669 304.328 8.16907 0.01 1 45 0
4676 310.223 7.94145 0.01 1 72 0
4696 311.006 7.931 0.01 1 72 0
4755 307.067 8.27532 0.01 1 72 0
4756 303.689 8.18188 0.01 1 45 0
4775 312.104 8.13926 0.01 1 90 0
4776 312.558 8.03639 0.01 1 92 0
4781 313.178 8.17672 0.01 1 90 0
4785 304.328 8.16907 0.01 1 45 0
4797 312.393 8.03639 0.01 1 90 0
4830 312.558 8.03639 0.01 1 92 0
4839 312.558 8.03639 0.01 1 92 0
4854 310.773 7.67297 0.01 1 72 0
4855 304.328 8.23724 0.01 1 44 0
4860 304.328 8.19805 0.01 1 45 0
4862 304.328 8.34372 0.01 1 45 0
4881 304.328 8.16907 0.01 1 44 0
4886 310.676 7.84651 0.01 1 72 0
4887 309.117 8.15179 0.01 1 72 0
4903 312.104 8.13926 0.01 1 91 0
4906 311.142 7.96946 0.01 1 90 0
4913 304.328 8.16907 0.01 1 44 0
4922 309.143 8.27199 0.01 1 72 0
4932 312.558 8.03639 0.01 1 92 0
4934 307.067 8.27532 0.01 1 72 0
4969 309 8.21756 0.01 1 72 0
4970 313.398 8.25364 0.01 1 91 0
4983 308.501 8.38176 0.01 1 72 0
5001 303.486 8.16907 0.01 1 45 0
5034 304.328 8.23724 0.01 1 44 0
5063 305.795 8.42523 0.01 1 45 0
5087 313.796 8.03639 0.01 1 90 0
5107 309.337 8.31053 0.01 1 72 0
5114 309 8.21756 0.01 1 72 0
5120 311.727 8.03639 0.01 1 91 0
5123 304.328 8.16907 0.01 1 45 0
5165 308.032 8.30677 0.01 1 72 0
5167 312.558 8.03639 0.01 1 92 0
5203 304.328 8.18554 0.01 1 45 -0.000811316
5224 312.104 8.13926 0.01 1 90 0
5231 308.802 8.14162 0.01 1 72 0
5267 312.558 8.03639 0.01 1 91 0
5268 308.357 7.83837 0.01 1 72 0
5275 304.328 8.23724 0.01 1 45 0
5277 310.526 7.83387 0.01 1 72 0
5280 313.669 7.90769 0.01 1 91 -0.000816926
5323 313.398 8.25364 0.01 1 91 0
5351 305.237 8.23724 0.01 1 43 0
5373 304.328 8.23724 0.01 1 45 0
5378 310.526 7.88188 0.01 1 72 0
5383 312.558 8.03639 0.01 1 91 0
5390 309.363 8.1085 0.01 1 72 0
5395 304.328 8.16907 0.01 1 45 0
5402 306.141 8.28891 0.01 1 72 0
5414 312.104 8.13926 0.01 1 90 0
5417 312.558 7.98366 0.01 1 90 0
5419 305.795 8.42523 0.01 1 45 0
5465 304.328 8.23724 0.01 1 44 0
5479 304.328 8.23724 0.01 1 45 0
5480 304.328 8.23724 0.01 1 44 0
5483 309.907 7.7656 0.01 1 72 0
5511 304.328 8.05967 0.01 1 45 0
5521 312.104 8.13926 0.01 1 90 0
5559 309.299 7.92345 0.01 1 72 0
5578 304.328 8.23724 0.01 1 45 0
5580 305.237 8.22244 0.01 1 45 0
5586 314.312 8.03639 0.01 1 91 0
5587 313.796 8.03639 0.01 1 91 0
5588 312.558 8.03639 0.01 1 92 0
5592 311.727 8.03639 0.01 1 91 0
5607 310.065 8.06509 0.01 1 72 -0.00166567
5631 304.328 8.23724 0.01 1 43 0
5633 309.752 7.80169 0.01 1 72 0
5636 314.2 8.03639 0.01 1 92 0.00511746
5642 309 8.21756 0.01 1 72 0
5694 312.374 8.12147 0.01 1 90 0
5737 307.919 8.50723 0.01 1 72 0
5739 304.328 8.42902 0.01 1 45 0
5751 309.299 7.92345 0.01 1 72 0
5761 309.143 8.27199 0.01 1 72 0
5768 308.357 7.83837 0.01 1 72 0
5814 305.605 8.23724 0.01 1 45 0
5837 304.328 8.23724 0.01 1 45 0
5851 311.727 8.03639 0.01 1 91 0
5860 304.328 8.08701 0.01 1 45 0
5901 309.143 7.91043 0.01 1 72 0
5902 312.558 7.86472 0.01 1 90 -0.00136667
5915 312.465 8.03639 0.01 1 91 0
5935 304.328 8.16907 0.01 1 45 0
5941 304.328 8.23724 0.01 1 44 0
5958 304.328 8.23724 0.01 1 44 0
5960 304.328 8.23724 0.01 1 44 0
5988 305.795 8.23724 0.01 1 45 0
6006 304.328 8.23724 0.01 1 45 0
6009 313.796 8.27841 0.01 1 92 0
6013 313.796 8.03639 0.01 1 92 0
6060 309.456 8.02678 0.01 1 72 0
6071 304.328 8.23724 0.01 1 44 0
6103 312.558 8.03639 0.01 1 90 0
6122 304.328 8.16907 0.01 1 44 0
6140 312.558 8.13075 0.01 1 90 0
6163 304.328 8.23724 0.01 1 44 0
6182 313.796 8.03639 0.01 1 92 0
6198 309.736 8.22229 0.01 1 72 0
6208 312.558 7.98366 0.01 1 90 0
6229 309.337 8.31053 0.01 1 72 0
6258 309 8.14242 0.01 1 72 0
6281 313.796 8.03639 0.01 1 90 0
6287 312.558 8.03639 0.01 1 90 0
6312 305.864 8.27034 0.01 1 44 0.000580601
6313 304.328 8.05967 0.01 1 45 0
6329 312.374 8.12147 0.01 1 90 0
6385 309.363 8.1085 0.01 1 72 0
6406 305.237 8.23724 0.01 1 44 0
6412 304.328 8.23724 0.01 1 45 0
6459 307.486 8.06509 0.01 1 72 0
6465 310.998 8.14519 0.01 1 72 0
6471 310.526 7.83387 0.01 1 72 0
6487 309.633 7.84651 0.01 1 72 0
6492 305.237 8.23724 0.01 1 45 0
6529 313.178 8.13926 0.01 1 91 0
6539 304.328 8.16907 0.01 1 45 0
6551 312.558 8.03639 0.01 1 92 0
6562 308.222 7.79769 0.01 1 72 0
6586 304.328 8.16907 0.01 1 44 0
6592 312.558 8.03639 0.01 1 91 0
6628 304.328 8.23724 0.01 1 44 0
6630 307.067 8.06117 0.01 1 72 0
6632 309.363 8.1085 0.01 1 72 0
6634 312.465 8.03639 0.01 1 91 0
6655 312.558 8.03639 0.01 1 91 0
6656 308.796 7.71452 0.01 1 72 0
6663 313.796 8.03639 0.01 1 90 0
6677 311.523 7.92296 0.01 1 72 -0.00603087
6684 304.328 8.16907 0.01 1 44 0
6693 309.633 7.84651 0.01 1 72 0
6703 309.907 7.7656 0.01 1 72 0
6721 313.178 8.13926 0.01 1 91 0
6752 311.26 8.03639 0.01 1 90 0
6756 304.328 8.34372 0.01 1 45 0
6791 313.178 8.13926 0.01 1 91 0
6795 312.374 8.12147 0.01 1 90 0
6796 313.796 8.03639 0.01 1 90 0
6802 309.149 7.91043 0.01 1 72 0
6809 304.328 8.23724 0.01 1 45 0
6829 304.328 8.23724 0.01 1 45 0
6872 309.736 8.22229 0.01 1 72 0
6900 309.117 8.02747 0.01 1 72 0
6910 304.503 8.03765 0.01 1 72 0
6919 304.328 8.13546 0.01 1 43 0
6945 304.328 8.23724 0.01 1 44 0
6951 312.558 8.03639 0.01 1 92 0
6957 304.328 8.23724 0.01 1 44 0
6961 305.237 8.23724 0.01 1 45 0
6992 312.558 8.03639 0.01 1 90 0
7001 305.605 8.23724 0.01 1 45 0
7014 312.465 8.03639 0.01 1 91 0
7015 304.328 8.23724 0.01 1 45 0
7024 313.796 8.03639 0.01 1 90 0
7028 309.545 8.13508 0.01 1 72 0
7034 305.709 8.11354 0.01 1 43 0
7049 313.178 8.13926 0.01 1 91 0
7067 304.328 8.16907 0.01 1 45 0
7072 304.328 8.23724 0.01 1 45 0
7076 305.205 8.16907 0.01 1 44 0
7111 308.387 8.29315 0.01 1 72 0
7116 304.328 8.23724 0.01 1 44 0
7127 309.363 8.1085 0.01 1 72 0
7131 309 8.21756 0.01 1 72 0
7145 309.363 8.1085 0.01 1 72 0
7146 304.328 8.23724 0.01 1 45 0
7147 304.328 8.16907 0.01 1 43 0
7163 303.323 8.23724 0.01 1 44 0.014607
7166 304.328 8.16907 0.01 1 45 0
7184 304.328 8.23724 0.01 1 45 0
7192 310.101 7.80169 0.01 1 72 0
7236 309.337 8.31053 0.01 1 72 0
7240 304.328 8.16907 0.01 1 45 0
7250 304.328 8.23724 0.01 1 44 0
7252 305.237 8.23724 0.01 1 44 0
7282 311.142 7.96946 0.01 1 90 0
7326 313.796 8.03639 0.01 1 90 0
7332 304.328 8.19805 0.01 1 45 0
7338 305.529 8.23724 0.01 1 44 0
7344 312.084 8.03639 0.01 1 90 0
7345 304.328 8.42902 0.01 1 45 0
7358 308.539 7.72815 0.01 1 72 0
7361 304.328 8.42902 0.01 1 45 0
7374 304.328 8.16907 0.01 1 44 0
7400 310.101 7.80169 0.01 1 72 0
7411 306.962 8.50723 0.01 1 72 0
7420 305.795 8.23724 0.01 1 45 0
7423 309.149 7.91043 0.01 1 72 0
7434 304.328 8.23724 0.01 1 44 0
7437 309.363 8.1085 0.01 1 72 0
7461 309.117 8.02747 0.01 1 72 0
7476 309.337 8.31053 0.01 1 72 0
7484 312.558 8.03639 0.01 1 90 0
7505 304.328 8.16907 0.01 1 45 0
7525 312.465 8.03639 0.01 1 91 0
7530 304.328 8.16907 0.01 1 43 0
7540 309.806 7.83246 0.01 1 72 0
7545 301.977 8.23724 0.01 1 44 0.0195514
7573 309.736 8.22229 0.01 1 72 0
7615 309.299 7.92345 0.01 1 72 0
7661 304.328 8.23724 0.01 1 45 0
7668 312.084 8.03639 0.01 1 91 0
7692 312.558 8.03639 0.01 1 91 0
7702 309.117 8.15179 0.01 1 72 0
7703 308.387 8.29315 0.01 1 72 0
7705 314.312 8.03639 0.01 1 92 0
7723 304.328 8.23724 0.01 1 45 0
7748 309.149 7.78846 0.01 1 72 -1.11759e-06
7764 312.558 8.03639 0.01 1 90 0
7779 304.328 8.23724 0.01 1 44 0
7821 304.328 8.13546 0.01 1 43 0
7822 305.795 8.23724 0.01 1 45 0
7825 304.328 8.40898 0.01 1 44 0
7909 310.203 7.92296 0.01 1 72 0
7922 304.328 8.23724 0.01 1 45 0
7926 309.363 8.1085 0.01 1 72 0
7931 313.796 8.03639 0.01 1 90 0
7941 312.104 8.13926 0.01 1 91 0
7946 304.328 8.16907 0.01 1 45 0
7958 309 8.21756 0.01 1 72 0
7959 312.465 8.03639 0.01 1 91 0
7972 310.998 8.14519 0.01 1 72 0
7983 304.328 8.13546 0.01 1 43 0
7996 312.465 8.03639 0.01 1 91 0
8004 309.456 8.02678 0.01 1 72 0
8011 312.558 8.03639 0.01 1 90 0
8027 304.328 8.40898 0.01 1 44 0
8039 304.328 8.16907 0.01 1 45 0
8055 304.328 8.23724 0.01 1 44 0
8062 309.363 8.1085 0.01 1 72 0
8076 309.806 7.83246 0.01 1 72 0
8084 305.795 8.23724 0.01 1 45 0
8086 304.328 8.19805 0.01 1 45 0
8119 309.337 8.31053 0.01 1 72 0
8126 313.796 8.03639 0.01 1 92 0
8154 309.736 8.22229 0.01 1 72 0
8168 308.865 8.25292 0.01 1 72 0
8210 304.328 8.16907 0.01 1 45 0
8217 304.328 8.19805 0.01 1 45 0
8243 304.328 8.16907 0.01 1 45 0
8279 310.101 7.80169 0.01 1 72 0
8289 311.727 8.03639 0.01 1 91 0
8304 309.736 8.22229 0.01 1 72 0
8327 308.759 8.27698 0.01 1 72 0
8343 312.465 8.03639 0.01 1 91 0
8347 312.558 8.03639 0.01 1 92 0
8349 304.328 8.16907 0.01 1 45 0
8385 304.328 8.16907 0.01 1 45 0
8389 310.436 8.14228 0.01 1 72 0
8409 312.104 8.13926 0.01 1 90 0
8418 304.328 8.40898 0.01 1 44 0.00274853
8422 313.796 8.03639 0.01 1 92 0
8443 308.387 8.29315 0.01 1 72 0
8458 307.919 8.50723 0.01 1 72 0
8467 308.802 8.06509 0.01 1 72 0
8472 313.796 8.03639 0.01 1 90 0
8491 305.237 8.23724 0.01 1 44 0
8495 309.363 8.1085 0.01 1 72 0
8499 304.328 8.16907 0.01 1 45 0
8508 312.558 8.03639 0.01 1 90 0
8510 308.357 7.83837 0.01 1 72 0
8526 312.084 8.03639 0.01 1 91 0
8534 305.237 8.23724 0.01 1 45 0
8549 311.727 8.03639 0.01 1 91 0
8566 309.117 8.02747 0.01 1 72 0
8588 305.795 8.42523 0.01 1 45 0
8607 308.387 8.29315 0.01 1 72 0
8617 307.486 8.06509 0.01 1 72 0
8630 304.328 7.90206 0.01 1 45 -0.00346466
8672 308.207 8.02747 0.01 1 72 0
8673 308.802 8.06509 0.01 1 72 0
8677 312.558 8.03639 0.01 1 90 0
8690 310.526 7.88188 0.01 1 72 0
8704 303.583 8.16907 0.01 1 45 0
8741 304.328 8.23724 0.01 1 45 0
8750 312.558 8.03639 0.01 1 92 0
8757 304.328 8.16907 0.01 1 45 0
8763 304.328 8.23724 0.01 1 43 0
8767 309.406 8.21756 0.01 1 72 0
8772 309.117 8.02747 0.01 1 72 0
8788 309.363 8.1085 0.01 1 72 0
8832 312.558 8.03639 0.01 1 90 0
8885 304.328 8.23724 0.01 1 45 0
8909 304.328 8.16907 0.01 1 45 0
8939 304.328 8.23724 0.01 1 44 0
8941 304.328 8.23724 0.01 1 45 0
8971 309.403 8.0096 0.01 1 72 0
8973 308.802 8.05439 0.01 1 72 0
8987 312.558 8.03639 0.01 1 91 0
9007 312.558 8.03639 0.01 1 92 0
9021 304.328 8.16907 0.01 1 45 0
9034 312.065 8.03639 0.01 1 90 0
9039 304.328 8.23724 0.01 1 45 0
9047 309.117 8.15179 0.01 1 72 0
9048 305.709 8.11354 0.01 1 44 0
9075 313.178 8.15556 0.01 1 90 0
9093 312.465 8.03639 0.01 1 91 0
9124 304.328 8.23724 0.01 1 45 0
9125 304.328 8.05967 0.01 1 45 0
9131 309.117 8.02747 0.01 1 72 0
9141 304.328 8.16907 0.01 1 45 0
9145 304.328 8.23724 0.01 1 44 0
9163 309.403 8.06509 0.01 1 72 0
9177 309 8.18796 0.01 1 72 0
9187 304.328 8.08701 0.01 1 45 -0.00131217
9217 309.363 8.1085 0.01 1 72 0
9220 313.796 8.03639 0.01 1 91 0
9262 313.178 8.17672 0.01 1 91 0
9339 310.096 8.00136 0.01 1 72 0
9348 311.029 7.96946 0.01 1 90 0
9372 312.558 8.03639 0.01 1 90 0
9379 312.374 8.12147 0.01 1 90 0
9396 307.649 7.78828 0.01 1 72 0
9425 313.796 8.01371 0.01 1 92 -0.000191435
9438 304.328 8.16907 0.01 1 45 0
9445 310.998 8.14519 0.01 1 72 0
9446 312.558 8.03639 0.01 1 90 0
9450 308.946 8.29315 0.01 1 72 0
9499 304.328 8.16907 0.01 1 45 0
9500 309.736 8.22229 0.01 1 72 0
9519 304.328 8.23724 0.01 1 45 0
9524 309.633 7.84651 0.01 1 72 0
9527 309 8.25206 0.01 1 72 0
9567 305.795 8.23724 0.01 1 44 0
9598 309.299 7.92345 0.01 1 72 0
9641 304.328 8.16907 0.01 1 45 0
9681 308.357 7.83837 0.01 1 72 0
9686 304.618 8.23724 0.01 1 44 0
9707 312.084 8.03639 0.01 1 90 0
9725 312.104 8.13926 0.01 1 90 0
9730 305.237 8.37283 0.01 1 45 0
9756 304.328 8.16907 0.01 1 45 0
9763 304.328 8.16907 0.01 1 45 0
9787 309 8.2891 0.01 1 72 0
9869 309 8.21756 0.01 1 72 0
9893 309 8.21756 0.01 1 72 0
9905 313.178 8.17672 0.01 1 91 0
9926 309.143 8.27199 0.01 1 72 0
9940 307.943 7.72815 0.01 1 72 0
9976 304.328 8.23724 0.01 1 44 0
10008 312.374 8.12147 0.01 1 90 0
10030 313.796 7.98527 0.01 1 92 0
10041 311.006 7.931 0.01 1 72 0
10063 304.328 8.16907 0.01 1 45 0
10067 312.558 8.03639 0.01 1 90 0
10090 310.203 7.92296 0.01 1 72 0
10100 309 8.25206 0.01 1 72 0
10102 309 8.21756 0.01 1 72 0
10107 304.328 8.23724 0.01 1 43 0
10109 304.328 8.23724 0.01 1 45 0
10115 308.357 7.83837 0.01 1 72 0
10137 308.768 7.78828 0.01 1 72 0
10142 304.328 8.05967 0.01 1 45 0
10147 308.796 7.71452 0.01 1 72 0
10168 312.558 8.03639 0.01 1 91 0
10184 309.447 7.81837 0.01 1 72 0
10185 305.205 8.16907 0.01 1 44 0
10206 308.802 8.05439 0.01 1 72 0
10217 313.796 8.03639 0.01 1 92 0
10239 304.328 8.19805 0.01 1 45 0
10273 309.143 8.27199 0.01 1 72 0
10301 309.363 8.1085 0.01 1 72 0
10303 313.178 8.17672 0.01 1 90 0
10313 304.328 8.40898 0.01 1 44 0
10320 304.328 8.23724 0.01 1 44 0
10329 312.558 8.03639 0.01 1 90 0
10337 304.328 8.16907 0.01 1 45 0
10343 309.363 8.1085 0.01 1 72 0
10348 305.795 8.42523 0.01 1 45 0
10358 304.328 8.16907 0.01 1 45 0
10362 312.558 8.03639 0.01 1 91 0
10371 304.328 8.23724 0.01 1 45 0
10379 303.583 8.16907 0.01 1 45 0
10447 314.312 8.03639 0.01 1 92 0
10466 304.328 8.23724 0.01 1 45 0
10474 304.786 8.23724 0.01 1 45 -0.00664447
10481 309 8.21756 0.01 1 72 0
10490 304.328 8.16907 0.01 1 45 0
10497 309.736 8.22229 0.01 1 72 0
10505 312.465 8.03639 0.01 1 91 0
10512 311.142 7.96946 0.01 1 91 0
10560 310.223 7.929 0.01 1 72 0
10563 309.752 7.80169 0.01 1 72 0
10564 310.526 7.83387 0.01 1 72 0
10566 304.328 8.23724 0.01 1 44 0
10579 304.328 8.18747 0.01 1 44 -0.000815108
10599 309.633 7.84651 0.01 1 72 0
10600 309.736 8.22229 0.01 1 72 0
10638 309 8.4342 0.01 1 72 0
10640 309.907 7.77829 0.01 1 72 0
10648 312.465 8.03639 0.01 1 91 0
10677 312.558 8.03639 0.01 1 91 0
10681 309.545 8.13508 0.01 1 72 0
10688 310.223 7.929 0.01 1 72 0
10693 308.786 8.29315 0.01 1 72 0
10724 304.503 8.16907 0.01 1 45 0
10730 305.237 8.23724 0.01 1 44 0
10736 305.795 8.42523 0.01 1 45 0
10738 310.773 7.67297 0.01 1 72 0
10746 304.328 8.23724 0.01 1 45 0
10764 307.943 7.72815 0.01 1 72 0
10783 309.117 8.15179 0.01 1 72 0
10807 304.328 8.23724 0.01 1 45 0
10809 313.178 8.17672 0.01 1 90 0
10824 304.328 8.23724 0.01 1 45 0
10826 313.398 8.25364 0.01 1 91 0
10843 312.558 8.03639 0.01 1 90 0
10844 309.406 8.21756 0.01 1 72 -0.000242531
10851 312.104 8.13926 0.01 1 90 0
10854 305.864 8.23724 0.01 1 44 0
10855 305.237 8.23724 0.01 1 44 0
10860 309 8.29764 0.01 1 72 0
10861 312.084 8.03639 0.01 1 91 0
10880 308.387 8.29315 0.01 1 72 0
10921 312.084 8.03639 0.01 1 90 0
10927 313.178 8.13926 0.01 1 91 0
10937 313.178 8.17672 0.01 1 90 0
10943 305.205 8.16907 0.01 1 44 0
10946 312.558 8.03639 0.01 1 90 0
10950 304.328 8.23724 0.01 1 45 0
10986 309.736 8.22229 0.01 1 72 0
10989 309.736 8.22229 0.01 1 72 0
11016 309.363 8.1085 0.01 1 72 0
11019 312.104 8.13926 0.01 1 90 0
11021 304.328 8.16907 0.01 1 44 0
11045 304.328 8.161 0.01 1 44 -0.0012521
11067 313.398 8.25364 0.01 1 91 0
11094 304.328 8.16907 0.01 1 44 0
11128 312.558 8.03639 0.01 1 92 0
11134 304.328 8.23724 0.01 1 44 0
11151 304.328 8.16907 0.01 1 45 0
11154 311.006 7.931 0.01 1 72 0
11156 305.642 8.23724 0.01 1 45 -0.00568675
11183 309.736 8.22229 0.01 1 72 0
11186 309.933 8.06607 0.01 1 72 0
11224 313.796 8.03639 0.01 1 92 0
11236 304.328 8.19805 0.01 1 45 0
11253 308.931 8.37155 0.01 1 72 0
11257 308.609 7.89357 0.01 1 72 0
11264 307.067 8.27532 0.01 1 72 0
11269 303.689 8.18188 0.01 1 45 0
11300 304.328 8.23724 0.01 1 45 0
11311 312.558 8.03639 0.01 1 91 0
11320 310.526 7.83387 0.01 1 72 0
11327 312.084 8.03639 0.01 1 90 0
11334 308.802 8.06509 0.01 1 72 0
11395 312.465 8.03639 0.01 1 91 0
11396 304.328 8.23724 0.01 1 45 0
11414 309.752 7.80169 0.01 1 72 0
11442 309.752 7.80169 0.01 1 72 0
11443 305.237 8.23724 0.01 1 45 0
11467 307.067 7.90108 0.01 1 72 0
11487 305.795 8.42523 0.01 1 45 0
11494 311.142 7.96946 0.01 1 90 0
11502 305.795 8.23724 0.01 1 45 0
11521 305.237 8.23724 0.01 1 45 0
11546 304.328 8.16907 0.01 1 44 0
11562 304.073 8.23724 0.01 1 45 0.00371719
11563 304.328 8.16907 0.01 1 44 0
11569 313.119 8.03639 0.01 1 90 0
11575 309.143 8.27199 0.01 1 72 0
11591 305.795 8.42523 0.01 1 45 0
11603 310.334 8.03639 0.01 1 91 0
11611 309.363 8.1085 0.01 1 72 0
11615 312.558 8.03639 0.01 1 91 0
11617 312.558 8.03639 0.01 1 91 0
11649 312.558 8.03639 0.01 1 90 0
11676 304.328 8.16907 0.01 1 45 0
11714 309.752 7.80169 0.01 1 72 0
11738 304.328 8.16907 0.01 1 44 0
11759 309.736 8.22229 0.01 1 72 0
11760 308.207 8.02747 0.01 1 72 0
11769 309.149 7.91043 0.01 1 72 0
11799 305.237 8.23724 0.01 1 44 0
11806 309.447 7.81837 0.01 1 72 -1.07884e-05
11827 308.387 8.29315 0.01 1 72 0
11839 312.558 8.11165 0.01 1 90 0.000575379
11884 312.104 8.05206 0.01 1 91 0
11892 309.907 7.77829 0.01 1 72 0
11913 304.328 8.40898 0.01 1 44 0
11931 303.325 8.12652 0.01 1 45 0.0144905
11942 308.865 8.25292 0.01 1 72 0
11960 309.337 8.31053 0.01 1 72 0
11974 304.328 8.23724 0.01 1 44 0
12014 304.328 8.23724 0.01 1 44 0
12049 309.02 8.22229 0.01 1 72 0
12100 304.328 8.16907 0.01 1 45 0
12111 309.363 8.1085 0.01 1 72 0
12114 307.067 7.90108 0.01 1 72 0
12126 311.727 8.03639 0.01 1 91 0
12133 309.907 7.7656 0.01 1 72 0
12135 309 8.21756 0.01 1 72 0
12148 304.328 8.16907 0.01 1 45 0
12168 307.067 8.27532 0.01 1 72 0
12209 305.795 8.23724 0.01 1 45 0
12211 312.104 8.13926 0.01 1 90 0
12219 310.676 7.84651 0.01 1 72 0
12223 310.526 7.83387 0.01 1 72 0
12231 304.328 8.23724 0.01 1 45 0
12258 309.02 8.22229 0.01 1 72 0
12320 312.393 8.03639 0.01 1 91 0
12325 304.328 8.23724 0.01 1 45 0
12330 304.328 8.23724 0.01 1 45 0
12353 305.585 8.28828 0.01 1 72 0
12366 309.363 8.1085 0.01 1 72 0
12373 309.117 8.02747 0.01 1 72 0
12376 312.558 8.03639 0.01 1 91 0
12377 309 8.21756 0.01 1 72 0
12379 301.977 8.23724 0.01 1 45 0
12384 310.676 7.84651 0.01 1 72 0
12402 312.558 8.03639 0.01 1 91 0
12461 310.423 8.03639 0.01 1 91 0
12467 309.067 8.21756 0.01 1 72 0
12508 304.328 8.16907 0.01 1 45 0
12512 309.97 8.06607 0.01 1 72 -0.000104696
12529 308.802 8.06509 0.01 1 72 0
12537 304.328 8.23724 0.01 1 45 0
12538 314.312 8.03639 0.01 1 92 0
12549 312.465 8.03639 0.01 1 91 0
12562 309 8.4342 0.01 1 72 0
12571 309.363 8.1085 0.01 1 72 0
12576 305.237 8.23724 0.01 1 44 0
12587 311.029 7.96946 0.01 1 90 0
12590 304.328 8.16907 0.01 1 44 0
12606 304.328 8.16907 0.01 1 44 0
12621 304.328 8.16907 0.01 1 45 0
12669 313.796 8.03639 0.01 1 90 0
12673 304.328 8.16907 0.01 1 44 0
12690 304.328 8.16907 0.01 1 44 0
12695 313.796 8.03639 0.01 1 90 0
12703 304.328 8.16907 0.01 1 44 0
12736 304.131 8.23724 0.01 1 45 0.00287353
12740 312.104 8.13926 0.01 1 90 0
12773 312.58 8.03639 0.01 1 90 0
12818 304.328 8.16907 0.01 1 45 0
12824 303.583 8.16907 0.01 1 45 0
12899 305.795 8.42523 0.01 1 45 0
12901 309.117 8.15179 0.01 1 72 0
12905 309.149 7.91043 0.01 1 72 0
12914 308.692 8.29315 0.01 1 72 0
12926 304.328 8.23724 0.01 1 45 0
12951 304.328 8.16907 0.01 1 45 0
12956 313.178 8.17672 0.01 1 92 0
12990 309.907 7.77829 0.01 1 72 0
12998 308.207 8.02747 0.01 1 72 0
12999 310.678 8.19904 0.01 1 72 0
13000 304.328 8.16907 0.01 1 44 0
13028 305.795 8.42523 0.01 1 45 0
13074 312.558 8.00742 0.01 1 90 0
13087 309.143 8.27199 0.01 1 72 0
13124 312.465 8.03639 0.01 1 90 0
13125 304.328 8.17196 0.01 1 44 4.76837e-05
13136 309.736 8.22229 0.01 1 72 0
13161 313.178 8.17672 0.01 1 90 0
13192 304.328 8.23724 0.01 1 44 0
13193 304.328 8.23724 0.01 1 45 0
13198 304.328 8.16907 0.01 1 45 0
13234 312.065 8.03639 0.01 1 90 0
13240 305.237 8.23724 0.01 1 43 0
13243 312.558 8.03639 0.01 1 92 0
13245 308.946 8.29315 0.01 1 72 0
13253 305.795 8.11354 0.01 1 45 0
13255 305.237 8.23724 0.01 1 45 0
13283 305.205 8.16907 0.01 1 45 0
13286 313.796 8.03639 0.01 1 91 0
13289 304.328 8.23724 0.01 1 44 0
13290 313.178 8.17672 0.01 1 91 0
13308 304.328 8.16907 0.01 1 44 0
13319 304.328 8.16907 0.01 1 45 0
13364 307.88 8.05439 0.01 1 72 0
13386 304.328 8.16907 0.01 1 45 0
13390 312.558 8.03639 0.01 1 92 0
13399 304.328 8.13546 0.01 1 43 0
13406 312.393 8.03639 0.01 1 91 0
13411 305.585 8.28828 0.01 1 72 0
13414 311.727 8.03639 0.01 1 91 0
13428 309.736 8.22229 0.01 1 72 0
13435 304.328 8.23724 0.01 1 44 0
13441 308.865 8.25292 0.01 1 72 0
13472 313.796 8.03639 0.01 1 90 0
13479 312.558 8.03639 0.01 1 92 0
13486 312.104 8.13926 0.01 1 90 0
13491 310.101 7.91984 0.01 1 72 0
13501 308.539 7.72815 0.01 1 72 0
13588 309.456 8.02678 0.01 1 72 0
13606 304.328 8.23724 0.01 1 45 0
13630 309.149 7.80764 0.01 1 72 -9.38773e-07
13714 304.328 8.40898 0.01 1 44 0
13738 304.328 8.23724 0.01 1 45 0
13742 309 8.21756 0.01 1 72 0
13759 309.143 7.91043 0.01 1 72 0
13773 304.328 8.16907 0.01 1 45 0
13799 304.328 8.19805 0.01 1 45 0
13804 304.328 8.34372 0.01 1 45 -0.00128686
13808 309.363 8.1085 0.01 1 72 0
13826 308.501 8.37155 0.01 1 72 0
13827 305.795 8.23724 0.01 1 45 0
13845 309.02 8.22229 0.01 1 72 0
13854 304.328 8.23724 0.01 1 45 0
13863 310.773 7.67297 0.01 1 72 0
13866 304.328 8.16907 0.01 1 45 0
13912 307.067 7.90108 0.01 1 72 0
13919 304.328 8.16907 0.01 1 45 0
13961 304.328 8.23724 0.01 1 45 0
13969 309.406 8.21756 0.01 1 72 0
13990 308.796 7.71452 0.01 1 72 0
13994 304.328 8.16907 0.01 1 45 0
14013 313.796 8.03639 0.01 1 90 0
14052 304.328 8.19805 0.01 1 44 0
14072 308.802 8.06509 0.01 1 72 0
14073 313.398 8.25364 0.01 1 91 0.0102585
14108 313.796 8.03639 0.01 1 91 0
14141 312.558 8.03639 0.01 1 90 0
14147 304.328 8.23724 0.01 1 44 0
14164 304.328 8.16907 0.01 1 45 0
14165 313.178 8.15556 0.01 1 90 0
14178 304.328 8.23724 0.01 1 44 0
14199 312.104 8.13926 0.01 1 90 0
14201 308.609 7.89357 0.01 1 72 0
14208 305.237 8.23724 0.01 1 45 0
14229 304.328 8.16907 0.01 1 45 0
14239 309.143 8.27199 0.01 1 72 0
14253 313.669 8.03639 0.01 1 90 0
14261 310.773 7.67297 0.01 1 72 0
14313 308.357 7.83837 0.01 1 72 0
14337 309.143 8.27199 0.01 1 72 0
14378 312.104 8.13926 0.01 1 90 0
14379 304.328 8.16907 0.01 1 45 0
14407 304.328 8.23724 0.01 1 44 0
14449 311.142 7.96946 0.01 1 90 0
14465 304.328 8.16907 0.01 1 45 0
14491 304.328 8.16907 0.01 1 45 0
14526 304.328 8.16907 0.01 1 44 0
14530 304.328 8.23724 0.01 1 44 0
14556 305.237 8.23724 0.01 1 44 0
14583 304.328 8.16907 0.01 1 44 0
14591 309.752 7.80169 0.01 1 72 0
14611 310.194 7.77829 0.01 1 72 -0.000981957
14615 304.328 8.23724 0.01 1 45 0
14617 307.067 7.90108 0.01 1 72 0
14622 312.558 8.03639 0.01 1 91 0
14624 312.558 8.03639 0.01 1 91 0
14702 305.795 8.23724 0.01 1 45 0
14722 304.328 8.16907 0.01 1 45 0
14741 304.328 8.40898 0.01 1 44 0
14752 310.223 7.929 0.01 1 72 0
14762 304.328 8.23724 0.01 1 44 0
14777 304.328 8.23724 0.01 1 44 0
14779 310.773 7.67297 0.01 1 72 0
14798 311.142 7.96946 0.01 1 91 0
14818 309 8.21756 0.01 1 72 0
14834 308.685 7.78524 0.01 1 72 0
14840 305.795 8.42523 0.01 1 45 0
14916 311.727 8.03639 0.01 1 91 0
14929 312.558 8.03639 0.01 1 92 0
14987 310.223 7.929 0.01 1 72 0
15001 311.727 8.03639 0.01 1 90 0
15003 312.558 8.03639 0.01 1 91 0
15032 307.919 8.50723 0.01 1 72 0
15047 305.237 8.37283 0.01 1 45 0
15056 313.119 8.03639 0.01 1 90 0
15063 309.736 8.22229 0.01 1 72 0
15097 309.783 8.21756 0.01 1 72 0
15123 310.998 8.14519 0.01 1 72 0
15166 310.223 7.94145 0.01 1 72 0
15192 305.237 8.23724 0.01 1 45 0
15209 311.26 7.96539 0.01 1 90 0
15236 304.328 8.40898 0.01 1 44 0
15257 305.237 8.23724 0.01 1 43 0
15261 304.328 8.16907 0.01 1 44 0
15278 309 8.21756 0.01 1 72 0
15310 313.418 7.98366 0.01 1 90 0
15321 312.104 8.13926 0.01 1 90 0
15347 308.865 8.25292 0.01 1 72 0
15363 312.558 8.03639 0.01 1 92 0
15369 312.558 8.03639 0.01 1 92 0
15374 304.328 8.16907 0.01 1 45 0
15400 306.667 8.23724 0.01 1 44 -0.018916
15406 309.143 8.27199 0.01 1 72 0
15414 304.328 8.16907 0.01 1 44 0
15434 308.061 8.37155 0.01 1 72 0
15442 305.795 8.23724 0.01 1 44 0
15457 309.907 7.7656 0.01 1 72 0
15461 309 8.21756 0.01 1 72 0
15465 308.539 7.72815 0.01 1 72 0
15476 304.328 8.16907 0.01 1 44 0
15514 303.583 8.16907 0.01 1 45 0
15516 304.328 8.23724 0.01 1 45 0
15544 310.998 7.96495 0.01 1 72 0
15547 309.143 8.27199 0.01 1 72 0
15562 312.558 8.03639 0.01 1 91 0
15565 305.237 8.23724 0.01 1 45 0
15572 304.328 8.13546 0.01 1 43 0
15596 309.783 8.21756 0.01 1 72 0
15599 308.501 8.37155 0.01 1 72 0
15604 304.328 8.16907 0.01 1 44 0
15612 312.374 8.17723 0.01 1 90 0
15629 304.328 8.16907 0.01 1 45 0
15638 313.796 8.03639 0.01 1 91 0
15661 308.387 8.29315 0.01 1 72 0
15717 304.328 8.23724 0.01 1 44 0
15735 304.328 8.16907 0.01 1 44 0
15753 308.946 8.29315 0.01 1 72 0
15783 305.237 8.23724 0.01 1 44 0
15791 309.456 8.02678 0.01 1 72 0
15865 308.007 8.14242 0.01 1 72 -0.00147329
15876 313.178 8.17672 0.01 1 91 0
15878 309.143 8.27199 0.01 1 72 0
15885 304.328 8.16907 0.01 1 44 0
15898 305.237 8.23724 0.01 1 45 0
15911 309 8.21284 0.01 1 72 0
15914 306.904 8.3589 0.01 1 72 0
15931 311.727 8.03639 0.01 1 91 0
15966 304.328 8.16907 0.01 1 44 0
16008 311.142 7.96946 0.01 1 90 0
16017 308.539 7.72815 0.01 1 72 0
16026 304.328 8.16907 0.01 1 45 0
16036 305.237 8.23724 0.01 1 44 0
16050 307.919 8.50723 0.01 1 72 0
16055 313.398 8.25364 0.01 1 91 0
16083 304.328 8.16907 0.01 1 44 0
16100 313.398 8.25364 0.01 1 91 0
16123 304.328 8.16907 0.01 1 45 0
16161 313.178 8.13926 0.01 1 91 0
16168 308.796 7.71452 0.01 1 72 0
16184 307.067 7.90108 0.01 1 72 0
16203 310.223 7.94145 0.01 1 72 0
16218 312.558 8.03639 0.01 1 90 0
16232 307.067 7.90108 0.01 1 72 0
16245 304.328 8.23724 0.01 1 44 0
16255 312.374 8.17723 0.01 1 92 0
16263 313.796 8.03639 0.01 1 90 0
16286 308.357 7.83837 0.01 1 72 0
16299 310.101 7.80169 0.01 1 72 0
16326 304.328 8.16907 0.01 1 45 0
16366 313.178 8.17672 0.01 1 90 0
16371 311.029 7.96946 0.01 1 90 0
16374 312.558 7.98366 0.01 1 90 0
16400 304.328 8.23724 0.01 1 45 0
16403 305.237 8.37283 0.01 1 45 0
16408 312.558 8.03639 0.01 1 91 0
16430 308.865 8.2876 0.01 1 72 2.23517e-07
16431 309.456 8.02678 0.01 1 72 0
16450 312.558 8.03639 0.01 1 90 0
16455 305.237 8.23724 0.01 1 43 0
16508 307.067 7.90108 0.01 1 72 0
16547 306.903 7.90108 0.01 1 72 0
16553 303.583 8.16907 0.01 1 45 0
16560 304.328 8.23724 0.01 1 44 0
16563 309.363 8.1085 0.01 1 72 0
16582 309.736 8.22229 0.01 1 72 0
16583 304.328 8.16907 0.01 1 44 0
16587 309.021 7.95148 0.01 1 72 0.000313491
16596 305.795 8.47448 0.01 1 45 0.000818439
16598 310.526 7.83387 0.01 1 72 0
16609 304.328 8.23724 0.01 1 44 0
16619 312.558 8.03639 0.01 1 92 0
16636 309.117 8.15179 0.01 1 72 0
16718 311.142 7.96946 0.01 1 90 0
16720 307.88 8.05439 0.01 1 72 -0.00185205
16734 312.558 7.98366 0.01 1 90 0
16740 309 8.21756 0.01 1 72 0
16772 304.328 8.19805 0.01 1 45 0
16773 308.796 7.71452 0.01 1 72 0
16781 304.328 8.14851 0.01 1 45 0
16786 305.205 8.16907 0.01 1 44 0
16794 304.328 8.16907 0.01 1 45 0
16818 309 8.21756 0.01 1 72 0
16830 312.104 8.13926 0.01 1 91 0
16844 308.931 8.37155 0.01 1 72 0
16848 309.117 8.02747 0.01 1 72 0
16858 305.605 8.23724 0.01 1 45 0
16879 304.328 8.19805 0.01 1 45 0
16885 309.907 7.77829 0.01 1 72 0
16898 304.328 8.16907 0.01 1 44 0
16901 305.237 8.23724 0.01 1 44 0
16917 309.117 8.02747 0.01 1 72 0
16918 309.363 8.1085 0.01 1 72 0
16920 305.795 8.23724 0.01 1 45 0
16946 304.328 8.23724 0.01 1 45 0
16967 309.907 7.80169 0.01 1 72 0
16970 309.363 8.1085 0.01 1 72 0
16971 306.945 8.27698 0.01 1 72 0
16973 304.328 8.23724 0.01 1 44 0
16981 304.328 8.23724 0.01 1 44 0
16986 313.796 8.03639 0.01 1 92 0
17013 309.403 8.06509 0.01 1 72 0
17039 308.865 8.25292 0.01 1 72 0
17060 311.727 8.03639 0.01 1 91 0
17068 307.067 8.06117 0.01 1 72 0
17077 309.413 8.06509 0.01 1 72 0
17095 304.328 8.16907 0.01 1 45 0
17112 310.998 8.14519 0.01 1 72 0
17120 312.393 8.03639 0.01 1 91 0
17123 310.298 7.77829 0.01 1 72 0
17132 312.558 7.98366 0.01 1 90 0
17158 304.328 8.23724 0.01 1 44 0
17185 313.796 8.03639 0.01 1 90 0
17205 305.795 8.42523 0.01 1 45 0
17241 304.618 8.23724 0.01 1 44 -0.0041581
17305 312.558 8.03639 0.01 1 92 0
17307 304.328 8.16907 0.01 1 45 0
17314 309.736 8.22229 0.01 1 72 0
17315 304.328 8.23724 0.01 1 45 0
17331 305.205 8.16907 0.01 1 45 0
17355 305.795 8.23724 0.01 1 45 0
17407 305.795 8.42523 0.01 1 45 0
17409 305.795 8.42523 0.01 1 45 0
17413 309 8.21756 0.01 1 72 0
17427 304.328 8.23724 0.01 1 44 0
17433 304.328 8.23724 0.01 1 45 0
17447 304.503 8.16907 0.01 1 45 0
17457 308.865 8.25292 0.01 1 72 0
17490 309 8.21756 0.01 1 72 0
17494 308.501 8.38176 0.01 1 72 0
17498 305.237 8.23724 0.01 1 44 0
17501 309.363 8.1085 0.01 1 72 0
17506 304.328 8.23724 0.01 1 45 0
17532 309.149 7.91043 0.01 1 72 0
17535 312.104 8.13926 0.01 1 91 0
17544 304.328 8.23724 0.01 1 44 0
17567 312.558 8.03639 0.01 1 90 0
17592 304.328 8.16907 0.01 1 45 0
17598 313.178 8.17672 0.01 1 90 0
17602 309.363 8.1085 0.01 1 72 0
17610 311.142 7.96946 0.01 1 90 0
17616 308.946 8.29315 0.01 1 72 0
17624 308.796 7.71452 0.01 1 72 0
17642 304.328 8.19805 0.01 1 45 0
17665 308.387 8.29315 0.01 1 72 0
17688 307.067 7.90108 0.01 1 72 0
17759 305.795 8.42523 0.01 1 45 0
17769 313.796 7.98527 0.01 1 92 0
17780 312.558 8.03639 0.01 1 92 0
17799 308.297 8.06509 0.01 1 72 -0.00145599
17855 307.681 8.06509 0.01 1 72 -0.00257856
17869 312.857 8.03639 0.01 1 90 0
17883 312.558 8.03639 0.01 1 91 0
17893 312.104 8.13926 0.01 1 91 0
17899 312.558 8.03639 0.01 1 91 0
17904 304.328 8.16907 0.01 1 45 0
17942 305.709 8.11354 0.01 1 43 0
17952 309.363 8.1085 0.01 1 72 0
17969 304.328 8.19805 0.01 1 45 0
17976 304.328 8.16907 0.01 1 45 0
17996 305.795 8.42523 0.01 1 45 0
18045 305.709 8.11354 0.01 1 44 0
18047 304.328 8.16907 0.01 1 45 0
18058 309.143 8.27199 0.01 1 72 0
18066 308.768 7.78828 0.01 1 72 0
18078 309.806 7.83246 0.01 1 72 0
18097 304.328 8.23724 0.01 1 45 0
18105 309.907 7.77829 0.01 1 72 0
18132 309 8.21756 0.01 1 72 0
18144 309.143 8.27199 0.01 1 72 0
18153 304.328 8.23724 0.01 1 45 0
18157 312.558 8.03639 0.01 1 91 0
18172 312.558 8.03639 0.01 1 91 0
18181 309.752 7.80169 0.01 1 72 0
18195 312.084 8.03639 0.01 1 91 0
18204 312.065 8.03639 0.01 1 90 0
18219 308.865 8.25292 0.01 1 72 0
18239 304.328 8.19805 0.01 1 44 0
18249 305.795 8.42523 0.01 1 45 0
18258 309.337 8.31053 0.01 1 72 0
18264 309 8.25206 0.01 1 72 0
18268 304.328 8.23724 0.01 1 44 0
18280 309.363 8.1085 0.01 1 72 0
18281 304.328 8.16907 0.01 1 45 0
18333 313.796 7.98527 0.01 1 92 0
18342 313.796 7.98527 0.01 1 92 -0.00043337
18371 309.706 7.99438 0.01 1 72 0
18376 308.207 8.02747 0.01 1 72 0
18380 309 8.21756 0.01 1 72 0
18386 312.104 8.13926 0.01 1 90 0
18421 308.796 7.96882 0.01 1 72 4.38094e-06
18424 308.802 8.23096 0.01 1 72 0
18429 312.558 8.03639 0.01 1 91 0
18512 305.205 8.16907 0.01 1 45 -0.0127107
18520 312.104 8.13926 0.01 1 90 0
18528 309.363 8.1085 0.01 1 72 0
18569 306.962 8.50723 0.01 1 72 0
18593 305.795 8.23724 0.01 1 45 0
18613 304.328 8.16907 0.01 1 44 0
18623 304.328 8.16907 0.01 1 45 0
18629 304.328 8.05967 0.01 1 45 0
18636 313.796 8.03639 0.01 1 90 0
18656 309.752 7.80169 0.01 1 72 0
18679 312.558 8.03639 0.01 1 92 0
18684 304.328 8.23724 0.01 1 45 0
18712 305.605 8.23724 0.01 1 45 0
18740 309.633 7.84651 0.01 1 72 0
18741 309 8.25206 0.01 1 72 0
18766 304.328 8.23724 0.01 1 44 0
18771 312.393 8.03639 0.01 1 92 0
18779 309.143 8.27199 0.01 1 72 0
18796 309.736 8.22229 0.01 1 72 0
18806 304.328 8.23724 0.01 1 45 0
18858 312.104 8.13926 0.01 1 90 0
18878 310.555 7.92296 0.01 1 72 -0.00311367
18886 308.865 8.25292 0.01 1 72 0
18904 304.328 8.16907 0.01 1 45 0
18916 304.328 8.16907 0.01 1 44 0
18927 304.328 8.23724 0.01 1 45 0
18931 309.117 8.15179 0.01 1 72 0
18965 309.277 7.91043 0.01 1 72 0
18997 312.558 8.03639 0.01 1 91 0
18999 305.795 8.11354 0.01 1 45 0
19010 303.323 8.23724 0.01 1 44 0
19033 309.736 8.22229 0.01 1 72 0
19036 304.328 8.23724 0.01 1 44 0
19043 304.311 8.16907 0.01 1 45 0.000250146
19051 309.337 8.27429 0.01 1 72 0
19075 309.117 8.02747 0.01 1 72 0
19088 312.558 8.03639 0.01 1 92 0
19130 304.328 8.05967 0.01 1 45 0
19137 305.237 8.23724 0.01 1 44 0
19147 312.465 8.03639 0.01 1 91 0
19150 305.237 8.23724 0.01 1 43 0
19156 308.931 8.37155 0.01 1 72 0
19159 303.98 8.23724 0.01 1 45 0
19170 308.786 8.29315 0.01 1 72 0.000476509
19177 312.558 8.03639 0.01 1 91 0
19192 312.558 8.03639 0.01 1 90 0
19210 305.795 8.42523 0.01 1 45 0
19216 304.328 8.23724 0.01 1 44 0
19219 312.558 8.03639 0.01 1 91 0
19221 312.465 8.03639 0.01 1 91 0
19237 304.328 8.16907 0.01 1 45 0
19248 313.178 8.13926 0.01 1 91 0
19254 309.117 8.02747 0.01 1 72 0
19270 304.328 8.23724 0.01 1 44 0
19275 312.558 8.03639 0.01 1 91 0
19281 313.796 8.03639 0.01 1 90 0
19299 309.752 7.77561 0.01 1 72 0
19323 313.178 8.13926 0.01 1 91 0
19344 309.633 7.84651 0.01 1 72 0
19359 310.101 7.80169 0.01 1 72 0
19361 313.178 8.17672 0.01 1 90 0
19401 310.526 7.88188 0.01 1 72 0
19404 309.736 8.22229 0.01 1 72 0
19406 304.328 8.16907 0.01 1 45 0
19428 309.143 8.27199 0.01 1 72 0
19449 304.328 8.23724 0.01 1 45 0
19460 304.328 8.23724 0.01 1 45 0
19461 312.558 8.22933 0.01 1 90 0
19462 305.605 8.23724 0.01 1 45 0
19470 309.117 8.02747 0.01 1 72 0
19499 308.796 7.71452 0.01 1 72 0
19504 308.802 8.06509 0.01 1 72 0
19536 305.864 8.23724 0.01 1 44 -0.00852305
19546 309 8.21756 0.01 1 72 0
19548 309.117 8.02747 0.01 1 72 0
19595 305.795 8.23724 0.01 1 45 0
19599 304.328 8.34372 0.01 1 45 0
19603 312.558 8.03639 0.01 1 91 0
19622 312.558 8.03639 0.01 1 92 0
19623 304.328 8.23724 0.01 1 44 0
19627 312.558 8.03639 0.01 1 92 0
19629 313.178 8.17672 0.01 1 90 0
19684 309.363 8.1085 0.01 1 72 0
19697 305.795 8.23724 0.01 1 45 0
19728 308.539 7.72815 0.01 1 72 0
19732 304.328 8.23724 0.01 1 44 0
19742 305.237 8.37283 0.01 1 45 0
19748 304.328 8.23724 0.01 1 45 0
19758 304.328 8.16907 0.01 1 45 0
19774 307.813 8.50723 0.01 1 72 0
19781 308.357 7.83837 0.01 1 72 0
19784 308.501 8.37155 0.01 1 72 0
19792 310.101 7.91984 0.01 1 72 0
19795 311.142 7.96946 0.01 1 90 0
19820 305.237 8.23724 0.01 1 45 0
19833 304.328 8.19805 0.01 1 44 0
19835 305.709 8.11354 0.01 1 44 0
19840 309.806 7.85865 0.01 1 72 6.95884e-06
19852 303.689 8.18188 0.01 1 45 0
19878 310.526 7.88188 0.01 1 72 0
19906 310.423 8.03639 0.01 1 91 0
19913 312.558 8.13075 0.01 1 90 0
19931 312.558 8.03639 0.01 1 91 0
19946 312.465 8.03639 0.01 1 91 0
19954 313.796 7.98527 0.01 1 92 0
19957 305.237 8.23724 0.01 1 45 0
19989 303.468 8.23724 0.01 1 45 0
19995 312.558 8.03639 0.01 1 91 0
20036 304.328 8.16907 0.01 1 44 0
20044 304.328 8.23724 0.01 1 44 0
20045 304.328 8.16907 0.01 1 44 0
20072 312.558 8.03639 0.01 1 90 0
20080 304.328 8.23724 0.01 1 45 0
20084 304.328 8.23724 0.01 1 44 0
20104 312.558 8.03639 0.01 1 91 0
20138 312.558 8.03639 0.01 1 91 0
20152 304.328 8.23724 0.01 1 45 0
20156 304.328 8.16907 0.01 1 44 0
20168 309 8.26659 0.01 1 72 0
20179 309.907 7.7656 0.01 1 72 0
20211 305.795 8.42523 0.01 1 45 0
20220 305.795 8.23724 0.01 1 44 0
20222 309.752 7.80169 0.01 1 72 0
20275 309.545 8.13508 0.01 1 72 0
20276 308.786 8.29315 0.01 1 72 0
20294 311.727 8.03639 0.01 1 91 0
20295 304.95 8.16907 0.01 1 45 -0.00905583
20303 310.526 7.88188 0.01 1 72 0
20321 304.328 8.42902 0.01 1 44 0
20379 310.526 7.88188 0.01 1 72 0
20382 307.067 8.06117 0.01 1 72 0
20397 304.328 8.16907 0.01 1 45 0
20398 304.328 8.23724 0.01 1 45 0
20457 304.328 8.16907 0.01 1 43 0
20471 310.101 7.91984 0.01 1 72 0
20472 313.796 8.03639 0.01 1 91 0
20473 312.104 8.13926 0.01 1 90 0
20483 312.558 8.03639 0.01 1 91 0
20484 309.736 8.22229 0.01 1 72 0
20487 304.328 8.23724 0.01 1 45 0
20495 304.328 8.16907 0.01 1 45 0
20500 305.237 8.23724 0.01 1 45 0
20518 312.558 8.03639 0.01 1 91 0
20535 304.328 8.23724 0.01 1 44 0
20551 312.558 8.03639 0.01 1 90 0
20558 309.149 7.91043 0.01 1 72 0
20562 309.736 8.22229 0.01 1 72 0
20578 312.065 8.03639 0.01 1 90 0
20580 312.558 8.03639 0.01 1 92 0
