max_pf 104 min_pf 31
individual T0 sigma disp_rate r0 patch_no mut_eff
17 301.227 8.02292 0.01 1 32 0
28 318.392 7.40247 0.01 1 102 0
47 312.034 8.23826 0.01 1 72 0
103 301.07 8.03193 0.01 1 33 0
154 303.901 8.03193 0.01 1 33 0
323 301.577 8.03193 0.01 1 33 0
344 318.731 7.53341 0.01 1 102 0
365 300.436 8.02292 0.01 1 33 0
370 320.074 7.55332 0.01 1 103 0
395 307.45 7.92505 0.01 1 72 0
450 301.07 8.03193 0.01 1 33 0
464 307.866 8.43537 0.01 1 72 0
493 310.854 8.00526 0.01 1 72 0
501 312.034 8.23826 0.01 1 72 0
518 310.162 8.03359 0.01 1 72 0
529 301.577 8.03193 0.01 1 33 0
545 307.842 7.94478 0.01 1 72 0
547 310.093 8.11571 0.01 1 72 0
552 319.197 7.48935 0.01 1 103 0
557 309.202 8.23826 0.01 1 72 0
591 300.436 8.02292 0.01 1 33 0
598 320.074 7.62456 0.01 1 102 0
733 302.321 8.15441 0.01 1 33 0
744 320.074 7.55332 0.01 1 102 0
746 310.626 7.87681 0.01 1 72 0
807 310.093 8.12219 0.01 1 72 0
828 301.07 8.03193 0.01 1 31 0
839 301.577 8.12374 0.01 1 33 0
857 304.854 8.03193 0.01 1 32 -0.0299886
899 307.436 7.90953 0.01 1 72 0
914 301.577 8.23959 0.01 1 33 0.00371356
920 306.626 7.83383 0.01 1 72 0
966 307.45 7.92505 0.01 1 72 0
988 300.436 8.02292 0.01 1 33 0
999 307.53 7.96688 0.01 1 72 0
1024 318.731 7.53341 0.01 1 102 0
1042 306.626 7.83383 0.01 1 72 0
1058 307.866 8.43537 0.01 1 72 0
1075 301.577 8.03193 0.01 1 33 0
1102 310.626 7.87681 0.01 1 72 0
1113 300.637 8.15441 0.01 1 33 0
1171 319.197 7.40247 0.01 1 103 0
1201 317.693 7.53967 0.01 1 102 0
1224 309.223 7.69347 0.01 1 72 0
1251 319.197 7.48935 0.01 1 103 0
1325 302.837 8.15441 0.01 1 33 0
1341 320.074 7.62456 0.01 1 102 0
1347 307.894 8.30152 0.01 1 72 0
1348 301.577 8.03193 0.01 1 33 0
1359 301.577 8.12374 0.01 1 32 0.00165109
1391 302.999 8.03193 0.01 1 31 0
1408 310.542 7.14854 0.01 1 72 0
1411 301.07 8.03193 0.01 1 33 0
1421 306.626 7.83383 0.01 1 72 0
1441 303.901 8.15441 0.01 1 32 0
1448 320.074 7.55332 0.01 1 103 0
1471 308.341 8.05297 0.01 1 72 0
1500 300.436 8.02292 0.01 1 33 0
1580 306.712 8.513 0.01 1 72 0
1603 310.093 8.12219 0.01 1 72 0
1607 310.626 7.87681 0.01 1 72 0
1646 320.074 7.55332 0.01 1 103 0
1684 301.577 8.03193 0.01 1 33 0
1722 300.746 8.07623 0.01 1 32 0.0211448
1751 309.774 7.97915 0.01 1 72 0
1764 322.332 7.55332 0.01 1 102 0
1767 301.577 8.03193 0.01 1 33 0
1810 303.699 8.07623 0.01 1 33 0
1879 306.603 8.0345 0.01 1 72 0
1886 300.436 8.02292 0.01 1 33 0
1887 301.577 8.03193 0.01 1 32 0
1914 301.58 8.03193 0.01 1 32 -0.00596853
2019 301.07 8.03193 0.01 1 33 0
2026 319.579 7.55332 0.01 1 103 0
2029 301.07 8.03193 0.01 1 32 0
2065 310.03 8.16873 0.01 1 72 0
2071 306.286 8.08791 0.01 1 72 0
2082 301.07 8.03193 0.01 1 33 0
2115 319.197 7.48935 0.01 1 103 0
2199 302.35 8.07623 0.01 1 33 0
2213 303.901 8.15441 0.01 1 32 0
2218 307.921 8.14044 0.01 1 72 0
2241 320.074 7.55332 0.01 1 103 0
2266 302.321 8.15441 0.01 1 33 0
2273 308.693 8.06068 0.01 1 72 0
2288 320.074 7.55332 0.01 1 103 0
2295 302.927 8.03628 0.01 1 33 0
2317 302.321 8.15441 0.01 1 33 0
2335 319.197 7.32869 0.01 1 103 -0.000796318
2370 320.074 7.62456 0.01 1 102 0
2454 306.975 7.92805 0.01 1 72 0
2476 307.37 8.18573 0.01 1 72 -2.44677e-05
2494 318.228 7.69517 0.01 1 104 0
2496 300.637 8.15441 0.01 1 33 0
2526 301.07 8.03193 0.01 1 33 0
2568 305.519 8.13551 0.01 1 72 0
2601 309.731 8.12356 0.01 1 72 0
2629 310.645 7.98684 0.01 1 72 0
2740 311.003 7.91193 0.01 1 72 0
2745 300.436 8.02292 0.01 1 33 0
2750 319.497 7.40247 0.01 1 102 0
2773 301.577 7.83734 0.01 1 31 0
2816 306.603 7.93387 0.01 1 72 0
2860 300.96 8.03193 0.01 1 32 0.00725795
2864 301.577 8.06718 0.01 1 31 0
2885 310.162 8.03359 0.01 1 72 0
2906 301.07 8.03193 0.01 1 32 0
2914 309.731 8.12356 0.01 1 72 0
2967 318.731 7.53341 0.01 1 103 0
2976 309.774 7.97915 0.01 1 72 0
3056 301.728 8.03193 0.01 1 31 0
3081 317.903 7.48935 0.01 1 102 0
3104 309.774 7.97915 0.01 1 72 0
3108 319.197 7.40247 0.01 1 102 0
3131 301.577 8.03193 0.01 1 32 0
3150 307.894 8.21579 0.01 1 72 0
3152 320.074 7.55332 0.01 1 103 0
3191 307.072 7.90953 0.01 1 72 -0.00197388
3200 317.693 7.53967 0.01 1 102 0
3207 301.746 8.03193 0.01 1 33 0
3254 307.609 7.96149 0.01 1 72 0
3266 309.202 8.23826 0.01 1 72 0
3285 318.731 7.57926 0.01 1 102 0
3326 300.436 8.02292 0.01 1 33 0
3343 301.07 8.03193 0.01 1 33 0
3369 311.609 8.03359 0.01 1 72 0
3404 301.577 8.03193 0.01 1 31 0
3409 309.283 8.25503 0.01 1 72 0
3414 301.227 8.02292 0.01 1 32 -0.00973815
3472 310.23 7.91193 0.01 1 72 0
3473 301.07 8.03193 0.01 1 33 0
3489 301.07 8.03193 0.01 1 32 0
3511 300.436 8.02292 0.01 1 33 0
3572 301.07 8.03193 0.01 1 32 0
3625 317.693 7.53967 0.01 1 102 0
3645 319.197 7.40247 0.01 1 102 0
3647 309.825 8.16873 0.01 1 72 0
3663 301.577 8.03193 0.01 1 32 0
3668 320.074 7.55332 0.01 1 103 0
3681 307.894 8.21579 0.01 1 72 0
3736 307.842 7.94478 0.01 1 72 0
3758 310.104 8.16262 0.01 1 72 0
3773 301.577 8.03193 0.01 1 32 0
3778 308.667 8.03635 0.01 1 72 0
3815 301.577 8.03193 0.01 1 31 0
3843 301.577 8.03193 0.01 1 32 0
3872 309.202 8.23826 0.01 1 72 0
3904 302.321 8.15441 0.01 1 33 0
3925 320.074 7.62456 0.01 1 102 0
3930 301.577 7.95003 0.01 1 33 0
3941 311.47 7.26681 0.01 1 72 0.00012283
3974 310.645 7.98684 0.01 1 72 0
3977 301.577 8.03193 0.01 1 33 0
3999 300.637 8.22585 0.01 1 33 0
4032 301.07 8.03193 0.01 1 32 0
4053 308.884 7.69347 0.01 1 72 0
4120 318.228 7.69517 0.01 1 104 0
4125 301.577 8.03193 0.01 1 33 0
4190 301.577 8.03193 0.01 1 33 0
4386 308.522 7.89004 0.01 1 72 0
4399 308.522 7.89004 0.01 1 72 0
4425 303.901 8.15441 0.01 1 33 0
4504 301.577 8.03193 0.01 1 32 0
4560 303.901 8.03193 0.01 1 33 0
4585 301.577 8.03193 0.01 1 33 0
4607 302.35 8.07623 0.01 1 33 0
4674 320.074 7.55332 0.01 1 102 0
4732 320.074 7.55332 0.01 1 102 0
4787 310.162 8.03359 0.01 1 72 0
4791 306.603 8.0345 0.01 1 72 0
4802 307.609 7.96149 0.01 1 72 0
4901 311.609 8.03359 0.01 1 72 0
4932 301.369 8.03193 0.01 1 32 -0.00372135
4941 306.603 8.0345 0.01 1 72 0
4942 303.901 8.21537 0.01 1 33 0
4992 301.07 8.03193 0.01 1 32 0
5039 301.577 8.03193 0.01 1 33 0
5058 307.792 7.85769 0.01 1 72 0
5105 309.36 8.14067 0.01 1 72 0
5116 301.577 8.03193 0.01 1 32 0
5171 301.577 8.03193 0.01 1 33 0
5211 309.743 7.90061 0.01 1 72 0
5216 301.577 8.03193 0.01 1 33 0
5225 311.517 7.87912 0.01 1 72 0
5233 311.609 8.03359 0.01 1 72 0
5260 307.792 7.85769 0.01 1 72 0
5267 318.228 7.69517 0.01 1 103 0
5342 302.927 8.07623 0.01 1 33 0
5354 310.645 7.98684 0.01 1 72 0
5407 303.901 7.9703 0.01 1 33 0
5430 320.074 7.55332 0.01 1 102 0
5448 306.286 8.08791 0.01 1 72 0
5468 302.35 8.07623 0.01 1 33 0
5482 318.731 7.53341 0.01 1 102 0
5491 301.577 8.03193 0.01 1 33 0
5492 301.07 8.03193 0.01 1 33 0
5504 306.975 7.92805 0.01 1 72 0
5524 302.35 8.07623 0.01 1 32 0
5573 310.626 7.87912 0.01 1 72 0
5618 300.436 8.02292 0.01 1 33 0
5624 319.197 7.40247 0.01 1 103 0
5651 307.866 8.43537 0.01 1 72 0
5653 301.07 8.03193 0.01 1 32 0
5656 301.577 8.03193 0.01 1 33 0
5684 301.07 8.03193 0.01 1 33 0
5686 309.202 8.23826 0.01 1 72 0
5720 306.626 7.83383 0.01 1 72 0
5732 306.975 7.97825 0.01 1 72 0
5782 306.603 7.99365 0.01 1 72 0
5788 307.894 8.21579 0.01 1 72 0
5800 303.901 8.03193 0.01 1 33 0
5806 319.197 7.40247 0.01 1 102 0
5819 310.626 7.87681 0.01 1 72 0
5834 319.197 7.48935 0.01 1 104 0
5841 307.436 7.90953 0.01 1 72 0
5855 301.577 7.83734 0.01 1 31 0
5934 306.802 7.90953 0.01 1 72 0
5942 308.522 7.89004 0.01 1 72 0
5956 310.626 7.87912 0.01 1 72 0
5979 301.07 8.03193 0.01 1 31 0
6001 306.757 7.69347 0.01 1 72 0
6012 300.436 7.91309 0.01 1 33 0
6025 302.35 8.07623 0.01 1 33 0
6028 300.637 8.15441 0.01 1 32 0
6033 319.197 7.48935 0.01 1 103 0
6043 319.197 7.48935 0.01 1 104 0
6047 307.842 7.85769 0.01 1 72 0
6077 308.995 8.24032 0.01 1 72 0
6085 310.645 7.98684 0.01 1 72 0
6105 306.469 7.96149 0.01 1 72 0
6114 301.07 8.03193 0.01 1 32 0
6124 310.645 7.98684 0.01 1 72 0
6145 310.03 8.16873 0.01 1 72 0
6159 320.074 7.55332 0.01 1 103 0
6224 319.197 7.48935 0.01 1 103 0
6238 308.809 7.48133 0.01 1 72 0
6248 309.289 8.19892 0.01 1 72 0
6250 301.577 8.03193 0.01 1 32 0
6256 301.577 8.03193 0.01 1 32 0
6263 320.074 7.3064 0.01 1 103 0
6269 309.407 8.38699 0.01 1 72 0
6346 301.577 8.03193 0.01 1 33 0
6355 310.626 7.87681 0.01 1 72 0
6376 309.136 7.83374 0.01 1 72 0
6440 311.47 7.26681 0.01 1 72 0
6469 311.609 8.03359 0.01 1 72 0
6514 301.07 8.03193 0.01 1 32 0
6539 319.245 7.40247 0.01 1 102 0
6548 301.577 8.03193 0.01 1 31 0
6628 308.671 8.00411 0.01 1 72 0
6642 301.07 8.03193 0.01 1 33 0
6681 306.975 7.97825 0.01 1 72 0
6697 319.12 7.55332 0.01 1 102 0
6806 302.321 8.15441 0.01 1 33 0
6810 319.197 7.48935 0.01 1 103 0
6844 307.693 8.08248 0.01 1 72 0
6846 301.577 8.03193 0.01 1 32 0
6853 302.35 8.07623 0.01 1 33 0
6870 319.197 7.48935 0.01 1 102 0
6918 319.197 7.40247 0.01 1 102 0
6937 308.522 7.90926 0.01 1 72 1.75834e-06
6991 306.626 7.83383 0.01 1 72 0
7020 310.638 8.40192 0.01 1 72 0
7063 300.337 8.13081 0.01 1 33 0.00177927
7089 319.662 7.40247 0.01 1 102 0
7169 301.07 8.03193 0.01 1 33 0
7175 317.693 7.53967 0.01 1 102 0
7210 308.522 7.89004 0.01 1 72 0
7246 301.577 8.03193 0.01 1 33 0
7252 308.341 8.05297 0.01 1 72 0
7268 307.436 7.90953 0.01 1 72 0
7276 307.609 7.96149 0.01 1 72 0
7320 301.07 8.03193 0.01 1 33 0
7391 301.07 8.03193 0.01 1 32 0
7398 305.519 8.13551 0.01 1 72 0
7428 301.818 8.03193 0.01 1 33 0
7441 319.383 7.40247 0.01 1 102 0
7448 301.577 8.03193 0.01 1 31 0
7456 320.074 7.55332 0.01 1 102 0
7460 307.894 8.21579 0.01 1 72 0
7472 301.577 8.03193 0.01 1 33 0
7510 307.921 8.17324 0.01 1 72 0
7522 301.07 8.03193 0.01 1 33 0
7559 318.731 7.53341 0.01 1 103 0
7571 308.522 7.89004 0.01 1 72 0
7620 301.577 8.03193 0.01 1 33 0
7643 303.901 8.15441 0.01 1 33 0
7646 309.731 8.12356 0.01 1 72 0
7704 317.858 7.40247 0.01 1 103 0
7705 306.975 7.97825 0.01 1 72 0
7710 301.07 8.03193 0.01 1 32 0
7757 306.757 7.69347 0.01 1 72 0
7769 319.245 7.46579 0.01 1 102 0
7783 320.074 7.49658 0.01 1 104 0
7787 310.638 8.40192 0.01 1 72 0
7809 307.921 8.17324 0.01 1 72 0
7854 318.392 7.40247 0.01 1 102 0
7864 301.577 8.03193 0.01 1 33 0
7873 301.803 8.06275 0.01 1 32 0
7874 319.197 7.48935 0.01 1 104 0
7887 319.497 7.40247 0.01 1 102 0
7893 308.194 8.10264 0.01 1 72 0
7900 309.551 8.12356 0.01 1 72 0
7923 300.436 8.18403 0.01 1 33 0
7967 300.96 8.03193 0.01 1 32 0
8002 300.637 8.15441 0.01 1 32 0
8030 318.731 7.53341 0.01 1 102 0
8084 318.392 7.40247 0.01 1 103 0
8186 319.245 7.40247 0.01 1 102 0
8213 301.07 8.03193 0.01 1 33 0
8233 301.07 8.03193 0.01 1 33 0
8240 307.921 8.17324 0.01 1 72 0
8251 309.774 7.97915 0.01 1 72 0
8262 303.901 8.15441 0.01 1 33 0
8272 308.194 8.10264 0.01 1 72 0
8315 318.731 7.53341 0.01 1 103 0
8385 319.245 7.46579 0.01 1 102 0
8416 311.609 8.03359 0.01 1 72 0
8435 303.901 7.9703 0.01 1 32 0
8452 300.436 8.02292 0.01 1 33 0
8469 310.626 7.87681 0.01 1 72 0
8481 307.693 8.08248 0.01 1 72 0
8540 310.638 8.40192 0.01 1 72 0
8556 307.921 8.17324 0.01 1 72 0
8565 301.07 8.03193 0.01 1 33 0
8589 319.197 7.48935 0.01 1 104 0
8623 306.802 7.90953 0.01 1 72 0.00332078
8626 303.901 8.15441 0.01 1 33 0
8670 319.245 7.40247 0.01 1 102 0
8794 310.542 7.14854 0.01 1 72 0
8861 320.074 7.55332 0.01 1 103 0
8866 310.626 7.87681 0.01 1 72 0
8873 300.436 8.02292 0.01 1 33 0
8886 301.07 8.03193 0.01 1 31 0
8887 300.436 8.18403 0.01 1 33 0
8908 303.901 8.15441 0.01 1 33 0
8925 301.07 8.03193 0.01 1 32 0
8952 301.07 8.03193 0.01 1 33 0
8983 304.854 8.03193 0.01 1 32 0
9020 321.112 7.40247 0.01 1 102 0.0205725
9038 310.645 7.98684 0.01 1 72 0
9046 302.999 8.03193 0.01 1 32 0
9070 307.693 8.08248 0.01 1 72 0
9085 311.609 8.03359 0.01 1 72 0
9125 301.577 8.03193 0.01 1 33 0
9130 301.577 8.03193 0.01 1 33 0
9131 299.819 8.03193 0.01 1 33 0
9141 320.074 7.53442 0.01 1 102 0
9172 317.693 7.53967 0.01 1 102 0
9246 301.07 8.03193 0.01 1 32 0
9247 301.07 8.03193 0.01 1 33 0
9251 301.07 8.03193 0.01 1 32 0
9259 319.197 7.40247 0.01 1 103 0
9280 309.472 7.95207 0.01 1 72 0
9326 308.194 8.18214 0.01 1 72 8.04663e-07
9337 301.577 8.03193 0.01 1 33 0
9349 301.746 8.03193 0.01 1 33 0
9364 301.07 8.03193 0.01 1 33 0
9396 302.999 8.03193 0.01 1 32 0
9403 310.542 7.14854 0.01 1 72 0
9434 309.731 8.12356 0.01 1 72 0
9439 301.07 8.03193 0.01 1 33 0
9440 308.522 7.89004 0.01 1 72 0
9502 301.577 8.03193 0.01 1 32 0
9544 310.542 7.14854 0.01 1 72 0
9590 310.626 7.87681 0.01 1 72 0
9593 301.577 8.03193 0.01 1 33 0
9608 301.577 8.03193 0.01 1 33 0
9636 308.522 7.80368 0.01 1 72 0
9708 319.699 7.55332 0.01 1 103 0
9726 310.645 7.98684 0.01 1 72 0
9728 306.975 7.92805 0.01 1 72 0
9750 308.341 8.05297 0.01 1 72 0
9771 310.626 7.87681 0.01 1 72 0
9808 301.577 8.03193 0.01 1 33 0
9819 301.07 8.03193 0.01 1 32 0
9852 318.731 7.53341 0.01 1 102 0
9853 302.321 8.15441 0.01 1 32 0
9855 309.472 7.95207 0.01 1 72 0
9871 301.577 7.95003 0.01 1 33 0
9885 300.337 8.03193 0.01 1 33 0
9890 301.07 8.03193 0.01 1 32 0
10050 308.031 7.94575 0.01 1 72 0
10055 301.577 7.96012 0.01 1 33 0
10074 308.341 8.05297 0.01 1 72 0
10113 309.774 7.97915 0.01 1 72 0
10119 310.542 7.08543 0.01 1 72 0
10126 300.637 8.15441 0.01 1 32 0
10135 301.227 8.02292 0.01 1 32 0
10136 305.519 8.13551 0.01 1 72 0
10170 310.645 7.98684 0.01 1 72 0
10181 300.967 8.03193 0.01 1 33 0.00130105
10225 301.577 8.03193 0.01 1 32 0
10230 301.609 8.03193 0.01 1 32 -0.000368826
10241 306.603 8.0345 0.01 1 72 0
10279 309.202 8.23826 0.01 1 72 0
10346 302.999 8.03193 0.01 1 32 0
10362 319.197 7.40247 0.01 1 102 0
10374 320.074 7.44037 0.01 1 102 0
10390 309.202 8.23826 0.01 1 72 0
10399 301.07 8.03193 0.01 1 33 0
10411 301.577 8.03193 0.01 1 32 0
10457 302.35 8.07623 0.01 1 33 0
10470 319.197 7.48935 0.01 1 104 0
10485 319.497 7.40247 0.01 1 102 0.00156003
10567 300.436 8.02292 0.01 1 33 0
10578 318.228 7.69517 0.01 1 104 0
10649 300.436 8.02292 0.01 1 32 0
10668 317.693 7.53967 0.01 1 102 0
10682 302.927 8.16534 0.01 1 33 0
10765 301.577 8.03193 0.01 1 32 0
10787 301.577 8.03193 0.01 1 33 0
10793 301.577 8.03193 0.01 1 33 0
10840 301.07 8.03193 0.01 1 31 0
10903 310.638 8.45752 0.01 1 72 0
10961 301.07 8.03193 0.01 1 31 0
10974 301.577 7.83734 0.01 1 32 0
11010 307.842 7.79252 0.01 1 72 0
11069 320.074 7.66963 0.01 1 103 0.000867069
11075 317.858 7.40247 0.01 1 103 0
11129 304.991 7.90953 0.01 1 72 0
11140 302.837 8.15441 0.01 1 33 0
11194 303.901 8.15441 0.01 1 33 0
11265 320.074 7.55332 0.01 1 103 0
11310 299.541 8.02292 0.01 1 31 0
11330 301.07 8.03193 0.01 1 33 0
11351 317.903 7.48935 0.01 1 102 0
11371 309.774 7.97915 0.01 1 72 0
11381 300.436 8.02292 0.01 1 33 0
11384 304.991 7.90953 0.01 1 72 0
11394 320.074 7.49658 0.01 1 104 0
11418 319.245 7.40247 0.01 1 102 0
11438 301.07 8.03193 0.01 1 33 0
11459 319.197 7.48935 0.01 1 103 0
11462 301.07 8.03193 0.01 1 33 0
11524 307.921 8.17324 0.01 1 72 0
11558 303.901 8.14336 0.01 1 32 0
11618 301.577 7.83734 0.01 1 31 0
11634 303.901 8.15441 0.01 1 32 0
11673 301.07 8.03193 0.01 1 33 0
11692 301.577 8.03193 0.01 1 33 0
11718 299.819 8.03193 0.01 1 32 0
11790 320.074 7.55332 0.01 1 102 0
11793 307.609 7.96149 0.01 1 72 0
11796 310.626 7.87912 0.01 1 72 0
11856 307.894 8.16813 0.01 1 72 -2.09212e-05
11865 301.577 8.03193 0.01 1 33 0
11885 318.228 7.69517 0.01 1 104 0
11920 319.579 7.55332 0.01 1 102 0
11938 303.699 8.07623 0.01 1 33 0
11944 307.894 8.21579 0.01 1 72 0
11950 308.893 7.90192 0.01 1 72 0
11960 320.074 7.55332 0.01 1 103 0
11981 301.577 8.03193 0.01 1 33 0
11987 302.35 8.07623 0.01 1 32 0
12040 317.903 7.48935 0.01 1 104 -0.0198286
12095 311.609 8.01456 0.01 1 72 0
12111 319.245 7.40247 0.01 1 102 0
12142 302.837 8.15441 0.01 1 33 0
12215 320.074 7.62456 0.01 1 102 0
12226 319.579 7.55332 0.01 1 102 0
12233 307.37 8.18573 0.01 1 72 0
12344 302.837 8.15441 0.01 1 32 0
12358 309.743 7.90061 0.01 1 72 0
12409 310.626 7.87912 0.01 1 72 0
12415 306.975 7.92805 0.01 1 72 0
12427 320.074 7.55332 0.01 1 102 0
12439 310.199 7.30198 0.01 1 72 0
12510 317.903 7.48935 0.01 1 103 0
12515 307.894 8.16813 0.01 1 72 0
12552 301.577 8.03193 0.01 1 33 0
12562 320.074 7.49658 0.01 1 104 0
12596 319.197 7.40247 0.01 1 102 0
12603 301.07 8.03193 0.01 1 33 0
12612 307.842 7.85769 0.01 1 72 0
12616 306.626 7.83383 0.01 1 72 0
12682 302.927 8.07623 0.01 1 33 0
12693 301.07 8.03193 0.01 1 31 0
12708 301.07 8.03193 0.01 1 33 0
12716 319.497 7.40247 0.01 1 102 0
12719 307.921 8.17324 0.01 1 72 0
12731 302.927 8.07623 0.01 1 33 0
12805 301.577 7.96012 0.01 1 33 0
12811 303.901 8.03193 0.01 1 32 0
12832 306.603 8.0345 0.01 1 72 0
12855 301.577 8.03193 0.01 1 33 0
12858 310.23 7.91193 0.01 1 72 0
12913 308.341 8.05297 0.01 1 72 0
12935 301.577 8.03193 0.01 1 33 0
12944 311.337 7.78123 0.01 1 72 0
12963 319.197 7.48935 0.01 1 103 0
12977 301.07 8.03193 0.01 1 32 0
12996 301.577 7.83734 0.01 1 31 0
13059 300.637 8.15441 0.01 1 32 0
13061 301.07 8.03193 0.01 1 32 0
13102 308.781 8.06068 0.01 1 72 0
13106 310.162 8.03359 0.01 1 72 0
13109 308.522 7.89004 0.01 1 72 0
13163 301.07 8.03193 0.01 1 33 0
13165 303.901 8.15441 0.01 1 33 0
13208 319.579 7.55332 0.01 1 103 0
13214 303.901 8.06351 0.01 1 33 0
13260 301.07 8.03193 0.01 1 31 0
13316 301.577 8.03193 0.01 1 33 0
13343 318.731 7.53341 0.01 1 103 0
13347 301.577 8.03193 0.01 1 33 0
13349 303.901 8.15441 0.01 1 33 0
13356 320.074 7.55332 0.01 1 102 0
13365 301.227 8.02292 0.01 1 32 0
13372 300.436 8.02292 0.01 1 33 0
13403 322.332 7.55332 0.01 1 102 0
13409 308.781 8.06068 0.01 1 72 0
13419 311.609 8.03359 0.01 1 72 0
13439 301.07 8.03193 0.01 1 33 0
13468 301.07 8.03193 0.01 1 31 0
13472 301.577 8.03193 0.01 1 33 0
13508 301.577 8.03193 0.01 1 33 0
13577 303.699 8.07623 0.01 1 33 0
13603 303.901 8.15441 0.01 1 33 0
13615 308.341 8.05297 0.01 1 72 0
13633 309.202 8.23826 0.01 1 72 0
13634 302.927 8.16534 0.01 1 33 0
13646 311.609 8.03359 0.01 1 72 0
13677 300.666 8.03193 0.01 1 33 0.00518988
13693 310.626 7.87912 0.01 1 72 0
13694 319.383 7.40247 0.01 1 102 0
13700 301.577 8.03193 0.01 1 31 0
13706 319.197 7.40247 0.01 1 103 0
13707 302.35 8.07623 0.01 1 33 0
13717 301.577 8.03193 0.01 1 32 0
13725 299.819 8.03193 0.01 1 33 0
13733 306.896 7.97311 0.01 1 72 0
13740 301.577 8.03193 0.01 1 32 0
13789 301.577 8.03193 0.01 1 33 0
13858 301.07 8.03193 0.01 1 31 0
13905 301.577 8.03193 0.01 1 33 0
13932 318.731 7.53341 0.01 1 103 0
13962 308.341 8.05297 0.01 1 72 0
14031 302.35 8.07623 0.01 1 32 0
14049 319.197 7.48935 0.01 1 103 0
14064 310.715 7.79371 0.01 1 72 0
14207 302.35 8.07623 0.01 1 32 0
14217 300.436 8.18403 0.01 1 33 0
14242 310.542 7.06791 0.01 1 72 0
14248 301.577 8.03193 0.01 1 33 0
14266 302.35 8.07623 0.01 1 33 0
14294 301.577 8.12374 0.01 1 33 0
14324 318.731 7.57926 0.01 1 102 0
14352 311.609 8.03359 0.01 1 72 0
14433 301.577 8.03193 0.01 1 31 0
14487 307.866 8.43537 0.01 1 72 0
14503 309.407 8.38699 0.01 1 72 0
14558 300.436 8.02292 0.01 1 33 0
14566 301.577 8.03193 0.01 1 32 0
14612 322.332 7.55332 0.01 1 102 0
14616 301.577 8.03193 0.01 1 33 0
14650 317.858 7.40247 0.01 1 104 0
14652 301.577 8.03193 0.01 1 33 0
14740 301.577 8.03193 0.01 1 33 0
14761 308.341 8.05297 0.01 1 72 0
14780 311.609 8.03359 0.01 1 72 0
14782 301.07 8.03193 0.01 1 31 0
14785 302.35 8.07623 0.01 1 32 0
14815 300.436 8.02292 0.01 1 33 0
14869 306.417 8.12641 0.01 1 72 0
14929 306.469 7.96149 0.01 1 72 0
14937 311.609 8.03359 0.01 1 72 0
14947 306.603 7.99365 0.01 1 72 0
15010 303.901 8.15441 0.01 1 33 0
15014 318.228 7.69517 0.01 1 103 0
15023 320.074 7.3633 0.01 1 102 0
15028 317.693 7.53967 0.01 1 102 0
15086 308.366 7.82187 0.01 1 72 0
15111 301.07 8.03193 0.01 1 32 0
15119 302.35 8.07623 0.01 1 32 0
15127 319.383 7.40247 0.01 1 103 0
15140 310.645 7.98684 0.01 1 72 0
15161 310.626 7.87681 0.01 1 72 0
15173 319.197 7.48935 0.01 1 103 0
15199 301.577 8.03193 0.01 1 33 0
15201 301.577 7.99761 0.01 1 32 -0.000611629
15209 302.321 8.15441 0.01 1 33 0
15232 301.07 8.03193 0.01 1 32 0
15233 302.999 8.03193 0.01 1 32 0
15240 301.07 8.03193 0.01 1 32 0
15257 311.609 8.03359 0.01 1 72 0
15266 300.436 8.02292 0.01 1 33 0
15305 301.07 8.03193 0.01 1 33 0
15362 307.894 8.21579 0.01 1 72 0
15371 300.436 8.02292 0.01 1 33 0
15372 307.53 8.02284 0.01 1 72 0
15396 301.577 8.03193 0.01 1 31 0
15496 300.637 8.21738 0.01 1 33 0
15505 308.983 7.95769 0.01 1 72 0
15525 311.609 8.30179 0.01 1 72 0
15625 301.07 8.03193 0.01 1 33 0
15644 310.162 8.03359 0.01 1 72 0
15660 302.837 8.15441 0.01 1 33 0
15682 306.603 8.0345 0.01 1 72 0
15705 318.731 7.53341 0.01 1 102 0
15780 308.884 7.69347 0.01 1 72 0
15781 307.53 8.02284 0.01 1 72 0
15786 320.074 7.49658 0.01 1 104 0
15804 310.23 7.91193 0.01 1 72 0.00500135
15851 320.074 7.55332 0.01 1 102 0
15857 307.894 8.21579 0.01 1 72 0
15888 310.626 7.87681 0.01 1 72 0
15905 301.577 8.03193 0.01 1 31 0
15948 319.245 7.40247 0.01 1 103 0
15966 301.577 8.03193 0.01 1 33 0
15974 318.731 7.57926 0.01 1 102 0
16039 307.894 8.21579 0.01 1 72 0
16078 319.662 7.40247 0.01 1 102 0
16082 320.292 7.48935 0.01 1 103 0
16124 306.286 8.13551 0.01 1 72 0
16131 306.802 7.90953 0.01 1 72 0
16142 317.693 7.53967 0.01 1 102 0
16166 320.58 7.40247 0.01 1 103 0.0189831
16174 320.074 7.49658 0.01 1 104 0
16218 310.093 8.09183 0.01 1 72 0
16219 300.436 8.02292 0.01 1 33 0
16220 322.332 7.55332 0.01 1 102 0
16226 308.031 7.94575 0.01 1 72 0
16278 319.245 7.46579 0.01 1 102 0
16324 301.577 8.03193 0.01 1 33 0
16339 301.577 8.12374 0.01 1 33 0
16340 307.842 7.85769 0.01 1 72 0
16346 302.927 8.07623 0.01 1 33 0
16374 311.265 7.82592 0.01 1 72 0
16394 301.577 8.03193 0.01 1 33 0
16414 301.07 8.03193 0.01 1 32 0
16433 311.265 7.82592 0.01 1 72 0
16447 307.866 8.43537 0.01 1 72 0
16468 302.999 8.0773 0.01 1 32 0
16472 300.436 8.02292 0.01 1 33 0
16490 318.444 7.40247 0.01 1 103 0
16548 300.436 8.18403 0.01 1 33 0
16598 309.774 7.97915 0.01 1 72 0
16602 307.921 8.17324 0.01 1 72 0
16655 308.522 7.89004 0.01 1 72 0
16657 301.144 8.15441 0.01 1 33 0
16664 301.144 8.15441 0.01 1 33 0
16671 301.259 8.15441 0.01 1 33 0
16701 307.53 8.02284 0.01 1 72 0
16764 300.637 8.15441 0.01 1 32 0
16839 301.07 8.03193 0.01 1 33 0
16875 301.803 8.06275 0.01 1 32 0
16908 302.321 8.15441 0.01 1 33 0
16918 300.637 8.22585 0.01 1 33 0.00125796
16923 301.07 8.03193 0.01 1 33 0
16955 319.197 7.48935 0.01 1 103 0
17000 301.07 8.03193 0.01 1 33 0
17078 307.921 8.17324 0.01 1 72 0
17099 301.577 8.03193 0.01 1 31 0
17123 300.436 8.02292 0.01 1 32 0
17128 319.197 7.48935 0.01 1 103 0
17146 317.693 7.53967 0.01 1 102 0
17165 320.074 7.44037 0.01 1 102 0
17197 301.577 8.03193 0.01 1 32 0
17229 309.774 7.97915 0.01 1 72 0
17262 301.07 8.03193 0.01 1 33 0
17277 310.626 7.87681 0.01 1 72 0
17362 320.074 7.49658 0.01 1 104 0
17369 300.436 8.02292 0.01 1 32 0
17383 308.884 7.69347 0.01 1 72 0
17404 301.728 8.03193 0.01 1 31 -0.00763084
17409 307.917 8.06068 0.01 1 72 0
17423 300.436 8.02292 0.01 1 32 0
17439 300.259 8.02292 0.01 1 33 0
17446 309.662 7.94575 0.01 1 72 0
17449 319.197 7.40247 0.01 1 103 0
17451 310.626 7.87912 0.01 1 72 0
17482 301.577 8.03193 0.01 1 33 0
17494 300.436 8.10326 0.01 1 33 0
17531 300.637 8.15441 0.01 1 33 0
17535 306.286 8.13551 0.01 1 72 0
17571 308.884 7.69347 0.01 1 72 0
17593 318.757 7.62456 0.01 1 102 0
17601 303.901 8.06351 0.01 1 33 0
17611 308.031 7.97886 0.01 1 72 1.21444e-05
17652 301.652 8.09785 0.01 1 33 -0.0186467
17688 317.693 7.53967 0.01 1 102 0
17721 310.626 7.87681 0.01 1 72 0
17737 301.07 8.03193 0.01 1 32 0
17738 319.197 7.48935 0.01 1 103 0
17746 309.136 7.83374 0.01 1 72 0
17827 304.991 7.90953 0.01 1 72 0
17829 306.603 8.0345 0.01 1 72 0
17846 308.809 7.48133 0.01 1 72 0
17857 319.383 7.40247 0.01 1 102 0
17871 307.609 7.96149 0.01 1 72 0
17899 302.321 8.15441 0.01 1 32 0
17904 319.197 7.48935 0.01 1 103 0
17965 307.792 7.85769 0.01 1 72 0
17972 311.003 7.91193 0.01 1 72 0
17989 301.369 8.03193 0.01 1 32 0
17999 301.577 8.03193 0.01 1 33 0
18005 311.609 8.03359 0.01 1 72 0
18032 306.626 7.83383 0.01 1 72 0
18037 302.321 8.15441 0.01 1 33 0
18078 302.35 8.07623 0.01 1 32 0
18092 307.894 8.21579 0.01 1 72 0
18112 309.743 7.90061 0.01 1 72 0
18131 320.074 7.3633 0.01 1 102 0
18132 311.609 8.03359 0.01 1 72 0
18144 308.884 7.69347 0.01 1 72 0
18159 307.394 7.85769 0.01 1 72 0
18241 301.07 8.03193 0.01 1 32 0
18256 319.197 7.48935 0.01 1 103 0
18287 319.197 7.48935 0.01 1 103 0
18294 306.603 8.0345 0.01 1 72 0
18329 317.693 7.53967 0.01 1 102 0
18334 309.202 8.23826 0.01 1 72 0
18383 301.577 8.03193 0.01 1 32 0
18394 301.577 8.03193 0.01 1 33 0
18399 301.577 8.03193 0.01 1 33 0
18436 309.202 8.23826 0.01 1 72 0
18446 300.637 8.15441 0.01 1 32 0
18461 311.609 8.03359 0.01 1 72 0
18506 308.522 7.80368 0.01 1 72 0
18527 308.86 8.19762 0.01 1 72 0
18566 301.577 8.03193 0.01 1 31 0
18568 301.577 8.03193 0.01 1 32 0
18587 307.37 8.21179 0.01 1 72 0
18591 301.803 8.06275 0.01 1 32 0
18674 301.577 8.03193 0.01 1 33 0
18714 309.202 8.23826 0.01 1 72 0
18743 318.392 7.40247 0.01 1 102 0
18753 319.197 7.40247 0.01 1 102 0
18797 301.577 8.03193 0.01 1 32 0
18800 301.577 8.03193 0.01 1 32 0
18855 303.901 8.03193 0.01 1 33 0
18882 308.341 8.05297 0.01 1 72 0
18885 318.731 7.53341 0.01 1 103 0
18905 301.577 8.03193 0.01 1 33 0
18967 306.975 7.83383 0.01 1 72 0
18982 301.385 8.03193 0.01 1 33 0.00232458
18987 301.07 8.03193 0.01 1 33 0
19027 301.07 8.03193 0.01 1 33 0
19063 320.074 7.3064 0.01 1 103 0
19074 320.074 7.55332 0.01 1 103 0
19077 300.637 8.15441 0.01 1 32 0
19085 319.497 7.40247 0.01 1 102 0
19097 301.144 8.15441 0.01 1 33 0
19109 310.104 8.16262 0.01 1 72 0
19114 318.731 7.53341 0.01 1 102 0
19121 307.921 8.17324 0.01 1 72 0
19130 302.999 8.0773 0.01 1 32 0
19143 302.35 8.07623 0.01 1 33 0
19147 311.265 7.82592 0.01 1 72 0
19168 301.577 8.03193 0.01 1 31 0
19187 308.341 8.05297 0.01 1 72 0
19191 308.809 7.48133 0.01 1 72 0
19239 300.436 8.02292 0.01 1 33 0
19245 301.07 8.03193 0.01 1 32 0
19272 301.227 8.02292 0.01 1 32 0
19387 310.199 7.49512 0.01 1 72 0
19394 319.197 7.40247 0.01 1 102 0
19396 301.577 8.03193 0.01 1 33 0
19428 301.07 8.03193 0.01 1 33 0
19445 320.074 7.49658 0.01 1 104 0
19484 302.35 8.07623 0.01 1 32 0
19485 321.112 7.40247 0.01 1 102 0
19493 308.884 7.69347 0.01 1 72 0
19499 307.921 8.17324 0.01 1 72 0
19510 301.07 8.03193 0.01 1 33 0
19516 307.609 7.96149 0.01 1 72 0
19529 301.07 8.03193 0.01 1 33 0
19562 322.332 7.55332 0.01 1 102 0
19596 307.894 8.19452 0.01 1 72 0
19605 300.436 8.02292 0.01 1 33 0
19615 300.967 8.03193 0.01 1 33 0
19678 301.07 8.03193 0.01 1 33 0
19720 319.197 7.48935 0.01 1 103 0
19758 301.07 8.03193 0.01 1 33 0
19773 302.35 8.07623 0.01 1 33 0
19847 310.854 8.00526 0.01 1 72 0
19848 304.991 7.90953 0.01 1 72 0
19849 320.074 7.55332 0.01 1 103 0
19868 320.074 7.55332 0.01 1 103 0
19905 306.286 8.08791 0.01 1 72 0
19932 306.975 7.92805 0.01 1 72 0
19945 308.809 7.48133 0.01 1 72 0
19947 302.35 8.07623 0.01 1 33 0
19952 311.295 7.72961 0.01 1 72 0
19995 319.197 7.40247 0.01 1 103 0
20023 320.074 7.55332 0.01 1 103 0
20029 300.436 8.02292 0.01 1 33 0
20040 301.259 8.15441 0.01 1 33 0
20046 320.074 7.62456 0.01 1 102 0
20106 301.577 8.03193 0.01 1 32 0
20117 310.23 7.91193 0.01 1 72 0
20120 310.626 7.87681 0.01 1 72 0
20208 320.074 7.55332 0.01 1 103 0
20228 317.858 7.40247 0.01 1 103 0
20240 301.07 8.03193 0.01 1 33 0
20273 308.781 8.06068 0.01 1 72 0
20281 319.197 7.40247 0.01 1 102 0
20283 319.197 7.48935 0.01 1 103 0
20291 320.074 7.62456 0.01 1 102 0
20303 302.321 8.15441 0.01 1 33 0
20346 317.693 7.53967 0.01 1 102 0
20380 309.202 8.23826 0.01 1 72 0
20433 319.197 7.40247 0.01 1 103 0
20441 320.074 7.62456 0.01 1 102 0
20476 301.07 8.03193 0.01 1 33 0
20477 320.074 7.62456 0.01 1 102 0
20493 320.074 7.55332 0.01 1 103 0
20522 310.093 8.09183 0.01 1 72 0
20528 301.577 8.03193 0.01 1 32 0
20580 306.469 7.96149 0.01 1 72 0
20623 300.436 8.02292 0.01 1 32 0
20657 301.07 8.03193 0.01 1 33 0
20724 307.917 8.06068 0.01 1 72 0
20745 311.609 8.03359 0.01 1 72 0
20754 300.337 8.03193 0.01 1 33 0
20803 301.577 7.96012 0.01 1 33 0
20825 308.781 8.06068 0.01 1 72 0
20879 301.07 8.03193 0.01 1 33 0
20885 301.577 8.03193 0.01 1 33 0
20892 307.894 8.21579 0.01 1 72 0
20899 301.577 8.03193 0.01 1 33 0
20922 320.074 7.55332 0.01 1 104 0
21022 300.945 8.02292 0.01 1 33 0
21036 309.289 8.39982 0.01 1 72 5.81145e-06
21137 300.637 8.15441 0.01 1 33 0
21165 303.699 8.07623 0.01 1 33 0
21174 301.07 7.97375 0.01 1 33 0
21224 301.577 8.03193 0.01 1 33 0
21229 300.436 8.02292 0.01 1 33 0
21330 302.199 8.03193 0.01 1 33 0
21334 311.337 7.78123 0.01 1 72 0
21355 302.927 8.16534 0.01 1 33 0
21358 301.577 8.03193 0.01 1 33 0
21373 306.603 7.93387 0.01 1 72 0
21386 307.921 8.17324 0.01 1 72 0
21505 303.699 8.07623 0.01 1 33 0
21513 308.226 7.96161 0.01 1 72 0
21519 308.781 8.06068 0.01 1 72 0
21547 307.866 8.43537 0.01 1 72 0
21562 300.436 8.02292 0.01 1 33 0
21649 301.07 8.03193 0.01 1 32 0
21651 317.693 7.53967 0.01 1 102 0
21659 320.074 7.55332 0.01 1 103 0
21715 302.999 8.03193 0.01 1 31 0
21732 301.577 8.03193 0.01 1 33 0
21771 310.626 7.87912 0.01 1 72 0
21790 317.693 7.53967 0.01 1 102 0
21797 320.074 7.49658 0.01 1 103 0
21813 320.074 7.49658 0.01 1 103 0
21825 302.999 8.03193 0.01 1 31 0
21835 300.436 8.03193 0.01 1 33 0
21856 300.746 8.07623 0.01 1 32 0
21862 310.626 7.87681 0.01 1 72 0
21905 301.577 8.03193 0.01 1 31 0
21920 301.577 8.03193 0.01 1 33 0
21940 320.074 7.55332 0.01 1 103 0
21948 306.286 8.08791 0.01 1 72 0
21969 300.436 8.02292 0.01 1 33 0
21981 308.522 7.89004 0.01 1 72 0
21993 301.07 8.03193 0.01 1 33 0
21994 309.202 8.23826 0.01 1 72 0
22007 310.558 8.00526 0.01 1 72 0
22034 319.197 7.48935 0.01 1 103 0
22039 309.743 7.90061 0.01 1 72 0
22083 308.995 8.24032 0.01 1 72 0
22101 307.921 8.17324 0.01 1 72 0
22125 302.321 8.15441 0.01 1 33 0
22203 301.07 8.03193 0.01 1 32 0
22212 311.47 7.26681 0.01 1 72 0
22251 301.577 8.03193 0.01 1 31 0
22274 299.63 8.03193 0.01 1 33 0
22315 308.522 7.89004 0.01 1 72 0
22426 310.626 7.87681 0.01 1 72 0
22437 308.667 8.05297 0.01 1 72 0.000494018
22446 300.337 8.03193 0.01 1 33 0
22473 307.713 8.33491 0.01 1 72 0
22498 318.731 7.53341 0.01 1 103 0
22503 302.321 8.15441 0.01 1 33 0
22550 303.901 8.06351 0.01 1 33 0
22600 301.07 8.03193 0.01 1 32 0
22632 301.07 8.03193 0.01 1 33 0
22659 307.37 8.21179 0.01 1 72 0
22673 306.286 8.08791 0.01 1 72 0
22735 317.858 7.40247 0.01 1 104 0
22740 308.031 7.94575 0.01 1 72 0
22742 311.609 8.03359 0.01 1 72 0
22855 307.45 7.86354 0.01 1 72 0
22886 320.074 7.55332 0.01 1 104 0
22926 306.626 7.83383 0.01 1 72 0
22932 307.921 8.17324 0.01 1 72 0
23014 307.866 8.43537 0.01 1 72 0
23029 301.577 8.03193 0.01 1 32 0
23040 301.07 8.03193 0.01 1 31 0
23052 300.436 8.03193 0.01 1 33 0
23057 298.349 8.15441 0.01 1 33 0
23068 320.074 7.53442 0.01 1 102 0
23123 319.197 7.40247 0.01 1 103 0
23127 310.645 7.98684 0.01 1 72 0
23167 309.289 8.39982 0.01 1 72 0
23201 300.436 8.08257 0.01 1 33 0
23211 300.436 8.02292 0.01 1 33 0
23240 301.577 8.03193 0.01 1 32 0
23263 301.07 8.03193 0.01 1 33 0
23286 301.07 8.03193 0.01 1 33 0
23309 303.901 8.15441 0.01 1 33 0
23334 301.577 8.03193 0.01 1 33 0
23340 308.809 7.48133 0.01 1 72 0
23349 301.07 8.03193 0.01 1 33 0
23379 302.837 8.15441 0.01 1 33 0
23385 300.436 8.02292 0.01 1 33 0
23410 310.199 7.49512 0.01 1 72 0
23416 301.07 8.03193 0.01 1 33 0
23425 303.901 8.15441 0.01 1 33 0
23439 308.893 7.90192 0.01 1 72 0
23465 308.522 7.80368 0.01 1 72 0
23495 319.197 7.48935 0.01 1 103 0
23500 301.577 8.03193 0.01 1 33 0
23560 301.07 8.03193 0.01 1 32 0
23569 301.07 8.03193 0.01 1 33 0
23576 301.07 8.03193 0.01 1 33 0
23587 301.07 8.03193 0.01 1 33 0
23598 301.07 8.03193 0.01 1 32 0
23623 301.07 8.03193 0.01 1 32 0
23633 309.202 8.23826 0.01 1 72 0
23674 301.07 8.03193 0.01 1 32 0
23679 301.803 8.06275 0.01 1 32 -0.00792871
23696 300.436 8.02292 0.01 1 33 0
23711 300.436 8.02292 0.01 1 32 0
23724 307.693 8.08248 0.01 1 72 0
23735 308.893 7.90192 0.01 1 72 0
23815 301.577 8.03193 0.01 1 33 0
23871 320.074 7.62456 0.01 1 102 0
23898 308.781 8.06068 0.01 1 72 0
23915 301.577 8.03193 0.01 1 33 0
23917 301.577 8.03193 0.01 1 31 0
23922 306.626 7.83383 0.01 1 72 0
23989 301.577 8.03193 0.01 1 32 0
24024 307.842 7.94478 0.01 1 72 0
24025 319.197 7.40247 0.01 1 103 0
24038 318.731 7.57926 0.01 1 102 0
24039 319.685 7.48935 0.01 1 103 0.00696957
24080 310.093 8.11571 0.01 1 72 0
24087 318.444 7.40247 0.01 1 103 0
24114 307.921 8.17324 0.01 1 72 0
24131 301.07 8.03193 0.01 1 32 0
24164 309.289 8.19892 0.01 1 72 0
24169 301.577 8.03193 0.01 1 33 0
24213 302.946 8.03193 0.01 1 33 -0.0152256
24253 301.07 8.03193 0.01 1 31 0
24263 301.07 8.03193 0.01 1 32 0
24268 301.577 7.96012 0.01 1 33 0
24294 310.645 7.98684 0.01 1 72 0
24295 317.693 7.53967 0.01 1 102 0
24322 301.07 8.03193 0.01 1 32 0
24339 302.999 8.03193 0.01 1 33 0
24352 309.551 8.12356 0.01 1 72 0
24459 301.577 8.03193 0.01 1 33 0
24461 300.436 8.02292 0.01 1 33 0
24493 301.577 8.03193 0.01 1 33 0
24529 307.37 8.21179 0.01 1 72 0
24542 300.436 8.02292 0.01 1 32 0
24562 300.436 8.02292 0.01 1 33 0
24588 301.577 8.03193 0.01 1 32 0
24593 302.266 8.1521 0.01 1 33 0
24696 306.286 8.08791 0.01 1 72 0
24728 320.074 7.3064 0.01 1 103 -0.00196315
24762 300.106 8.03193 0.01 1 32 0.0126783
24791 300.666 8.03193 0.01 1 33 0
24808 300.637 8.15441 0.01 1 32 0
24831 309.202 8.23826 0.01 1 72 0
24871 300.436 8.02292 0.01 1 33 0
24878 307.921 8.17324 0.01 1 72 0
24915 301.577 8.03193 0.01 1 33 0
25022 302.35 8.07623 0.01 1 33 0
25074 321.112 7.40247 0.01 1 102 0
25122 308.809 7.48133 0.01 1 72 0
25129 301.577 8.03193 0.01 1 33 0
25137 300.436 8.02292 0.01 1 33 0
25142 310.626 7.87912 0.01 1 72 0
25165 303.901 8.0459 0.01 1 33 0
25190 308.62 7.95207 0.01 1 72 0.000122949
25211 300.436 8.10326 0.01 1 33 0
25240 308.031 7.94575 0.01 1 72 0
25260 306.712 8.513 0.01 1 72 0
25268 308.781 7.99069 0.01 1 72 -1.2964e-06
25272 301.07 8.03193 0.01 1 32 0
25274 307.37 8.21179 0.01 1 72 0
25285 306.469 7.96149 0.01 1 72 0
25302 301.577 8.03193 0.01 1 33 0
25310 301.577 8.03193 0.01 1 33 0
25389 319.197 7.40247 0.01 1 103 0
25393 300.436 8.02292 0.01 1 32 0
25395 320.074 7.55332 0.01 1 103 0
25411 320.074 7.49837 0.01 1 103 0
25422 308.194 8.18214 0.01 1 72 0
25452 311.337 7.78123 0.01 1 72 0
25456 307.914 8.21579 0.01 1 72 0
25461 301.577 8.03193 0.01 1 31 0
25480 319.245 7.40247 0.01 1 102 0
25496 317.693 7.53967 0.01 1 102 0
25500 318.731 7.53341 0.01 1 103 0
25603 301.577 8.03193 0.01 1 32 0
25624 301.577 8.03193 0.01 1 33 0
25660 301.577 8.03193 0.01 1 33 0
25678 301.577 8.03193 0.01 1 32 0
25685 309.136 7.83374 0.01 1 72 0
25699 301.577 8.03193 0.01 1 32 0
25747 300.436 8.02292 0.01 1 33 0
25755 303.901 7.9703 0.01 1 32 0
25811 306.712 8.513 0.01 1 72 0
25831 300.637 8.15441 0.01 1 33 0
25844 311.26 8.06875 0.01 1 72 0
25845 301.07 8.03193 0.01 1 32 0
25860 301.577 8.03193 0.01 1 33 0
25918 308.682 8.24032 0.01 1 72 0
25921 320.074 7.49837 0.01 1 103 -0.000422135
25987 319.197 7.48935 0.01 1 103 0
25995 300.436 8.02292 0.01 1 33 0
26015 301.07 8.03193 0.01 1 32 0
26068 306.975 7.97825 0.01 1 72 0
26091 301.577 7.95003 0.01 1 33 -0.00148463
26127 309.731 8.12356 0.01 1 72 0
26130 300.436 8.02292 0.01 1 32 0
26197 301.07 8.03193 0.01 1 32 0
26282 306.802 7.90953 0.01 1 72 0
26293 301.07 8.03193 0.01 1 33 0
26319 311.265 7.82592 0.01 1 72 0
26321 309.743 7.90061 0.01 1 72 0
26347 301.07 8.03193 0.01 1 33 0
26359 302.321 8.15441 0.01 1 32 0
26391 319.197 7.48935 0.01 1 104 0
26406 310.093 8.09183 0.01 1 72 0
26428 301.577 8.03193 0.01 1 33 0
26438 320.074 7.49658 0.01 1 104 0
26481 301.577 8.03193 0.01 1 33 0
26529 311.609 8.03359 0.01 1 72 0
26539 310.093 8.09183 0.01 1 72 0
26546 306.802 7.90953 0.01 1 72 0
26568 311.609 8.03359 0.01 1 72 0
26585 307.921 8.17324 0.01 1 72 0
26610 306.286 8.08791 0.01 1 72 0
26632 320.074 7.49658 0.01 1 103 0
26637 300.436 8.02292 0.01 1 33 0
26707 301.577 8.03193 0.01 1 33 0
26715 302.321 8.15441 0.01 1 32 0
26746 310.626 7.87681 0.01 1 72 0
26766 319.197 7.40247 0.01 1 102 0
26781 303.901 8.03193 0.01 1 33 0
26798 302.199 8.03193 0.01 1 33 -0.00722564
26806 311.295 7.72961 0.01 1 72 0
26824 319.197 7.40247 0.01 1 103 0
26849 308.341 8.05297 0.01 1 72 0
26874 301.07 8.03193 0.01 1 33 0
26876 317.903 7.48935 0.01 1 103 0
26893 301.07 8.03193 0.01 1 32 0
26901 302.35 8.07623 0.01 1 33 0
26952 301.577 8.03193 0.01 1 33 0
26961 301.577 8.03193 0.01 1 31 0
26978 310.645 7.98684 0.01 1 72 0
26988 301.577 8.03193 0.01 1 32 0
27014 301.07 8.03193 0.01 1 32 0
27040 301.07 8.03193 0.01 1 32 0
27056 309.283 8.25503 0.01 1 72 0
27078 307.842 7.85769 0.01 1 72 0
27136 309.743 7.90061 0.01 1 72 0
27143 308.341 8.05297 0.01 1 72 0
27155 308.667 8.05297 0.01 1 72 0
27164 319.197 7.40247 0.01 1 103 0
27170 308.522 7.89004 0.01 1 72 0
27209 301.577 8.03193 0.01 1 33 0
27216 301.577 8.03193 0.01 1 33 0
27226 307.894 8.21579 0.01 1 72 0
27237 301.577 8.03193 0.01 1 32 0
27239 320.074 7.49658 0.01 1 103 0
27266 318.731 7.46559 0.01 1 102 -0.000693053
27273 318.731 7.53341 0.01 1 103 0
27274 300.637 8.15441 0.01 1 33 0
27279 306.626 7.83383 0.01 1 72 0
27295 318.731 7.53341 0.01 1 103 0
27303 312.034 8.23826 0.01 1 72 0
27344 298.349 8.15441 0.01 1 33 0
27363 306.802 7.90953 0.01 1 72 0
27419 307.609 7.96149 0.01 1 72 0
27444 319.197 7.40247 0.01 1 103 0
27445 308.564 8.24447 0.01 1 72 0
27483 301.577 8.03193 0.01 1 33 0
27498 319.245 7.38143 0.01 1 102 -0.000190333
27555 306.626 7.83383 0.01 1 72 0
27570 302.35 8.07623 0.01 1 32 0
27581 301.07 8.03193 0.01 1 33 0
27622 301.07 8.03193 0.01 1 33 0
27680 301.577 8.03193 0.01 1 32 0
27722 300.436 8.02292 0.01 1 33 0
27729 307.894 8.16813 0.01 1 72 0
27750 301.577 7.96012 0.01 1 33 0
27753 301.07 8.03193 0.01 1 32 0
27789 300.436 8.02292 0.01 1 33 0
27900 301.577 8.03193 0.01 1 32 0
27958 303.699 8.07623 0.01 1 32 -0.0136668
28000 302.999 8.03193 0.01 1 31 0
28010 300.637 8.15441 0.01 1 33 0
28027 302.927 8.07623 0.01 1 33 0
28105 301.577 8.03193 0.01 1 32 0
28110 308.512 7.98672 0.01 1 72 0
28121 310.626 7.87912 0.01 1 72 0
28125 300.436 8.03193 0.01 1 33 0
28138 318.731 7.53341 0.01 1 102 0
28179 301.818 8.03193 0.01 1 33 -0.00863988
28191 301.07 8.03193 0.01 1 33 0
28218 310.162 8.03359 0.01 1 72 0
28221 301.577 8.07677 0.01 1 33 0
28227 301.07 8.03193 0.01 1 32 0
28237 300.436 8.10326 0.01 1 33 0
28254 301.07 8.03193 0.01 1 32 0
28327 302.837 8.15441 0.01 1 33 0
28347 301.07 8.03193 0.01 1 33 0
28385 319.197 7.48935 0.01 1 103 0
28402 302.321 8.15441 0.01 1 33 0
28445 301.577 8.03193 0.01 1 31 0
28451 320.074 7.49658 0.01 1 104 0
28493 301.577 7.96012 0.01 1 33 0
28583 300.436 8.02292 0.01 1 33 0
28596 302.999 8.0773 0.01 1 32 0.00074682
28643 300.436 8.02292 0.01 1 33 0
28716 301.577 8.03193 0.01 1 33 0
28823 301.577 8.12374 0.01 1 33 0
28838 320.074 7.44037 0.01 1 102 -0.000715852
28875 310.645 7.98684 0.01 1 72 0
28881 320.074 7.62456 0.01 1 102 0
29011 309.407 8.2338 0.01 1 72 0
29025 301.07 8.03193 0.01 1 33 0
29033 301.07 8.03193 0.01 1 32 0
29046 301.07 8.03193 0.01 1 31 0
29074 303.901 8.0459 0.01 1 33 -0.000280961
29087 306.603 7.99365 0.01 1 72 0
29111 301.577 8.03193 0.01 1 33 0
29154 300.337 8.03193 0.01 1 33 0
29223 300.436 8.02292 0.01 1 33 0
29250 320.292 7.48935 0.01 1 103 0
29338 301.577 8.03193 0.01 1 33 0
29345 301.07 8.03193 0.01 1 32 0
29382 318.228 7.69517 0.01 1 104 0
29437 320.074 7.55332 0.01 1 102 0
29454 301.07 7.98217 0.01 1 32 0
29482 306.944 8.21579 0.01 1 72 0
29525 307.894 8.21579 0.01 1 72 0
29578 319.197 7.48935 0.01 1 104 0
29772 319.662 7.40247 0.01 1 102 0
29776 309.283 8.25503 0.01 1 72 0
29781 301.577 8.03193 0.01 1 31 0
29797 301.577 8.03193 0.01 1 33 0
29800 317.693 7.53967 0.01 1 102 0
29866 307.866 8.43537 0.01 1 72 0
29882 307.866 8.43537 0.01 1 72 0
29947 301.577 7.96012 0.01 1 33 0
29958 301.577 7.96012 0.01 1 33 0
29964 311.609 8.03359 0.01 1 72 0
29980 319.419 7.40247 0.01 1 103 0.00327781
29984 306.712 8.513 0.01 1 72 0
29988 301.577 8.03193 0.01 1 33 0
29996 301.07 8.03193 0.01 1 33 0
30057 300.436 8.02292 0.01 1 31 0
30146 308.983 7.95769 0.01 1 72 0
30155 310.626 7.87681 0.01 1 72 0
30162 307.921 8.17324 0.01 1 72 0
30166 300.436 8.02292 0.01 1 32 0
30243 300.436 7.88893 0.01 1 33 0
30245 307.921 8.17324 0.01 1 72 0
30295 308.522 7.89004 0.01 1 72 0
30321 300.746 8.13061 0.01 1 32 0.00097999
30324 300.637 8.15441 0.01 1 33 0
30376 308.809 7.48133 0.01 1 72 0
30415 301.07 8.03193 0.01 1 32 0
30421 303.901 8.03193 0.01 1 33 0
30486 320.074 7.55332 0.01 1 102 0
30553 301.577 8.03193 0.01 1 33 0
30583 308.781 7.99069 0.01 1 72 0
30667 320.074 7.62456 0.01 1 102 0
30705 318.731 7.53341 0.01 1 103 0
30716 310.104 8.16262 0.01 1 72 0
30826 300.436 8.02292 0.01 1 33 0
30841 309.202 8.23826 0.01 1 72 0
30854 301.577 7.96012 0.01 1 33 0
30873 301.577 8.07677 0.01 1 33 0
30901 302.927 8.07623 0.01 1 33 0
30909 308.522 7.89004 0.01 1 72 0
30913 311.265 7.82592 0.01 1 72 0
30914 308.522 7.80368 0.01 1 72 0
31036 300.637 8.15441 0.01 1 33 0
31115 300.436 8.02292 0.01 1 33 0
31127 320.074 7.55332 0.01 1 103 0
31132 307.53 8.02284 0.01 1 72 0
31144 303.901 7.9703 0.01 1 32 0
31164 302.999 8.0773 0.01 1 32 0
31169 301.577 8.03193 0.01 1 32 0
31191 321.112 7.40247 0.01 1 102 0
31201 310.093 8.11571 0.01 1 72 0
31221 311.337 7.78123 0.01 1 72 0
31229 301.07 8.03193 0.01 1 33 0
31234 301.577 8.03193 0.01 1 32 0
31241 319.197 7.48935 0.01 1 104 0
31266 306.603 8.0345 0.01 1 72 0
31302 301.07 8.03193 0.01 1 32 0
31307 301.07 8.03193 0.01 1 33 0
31318 320.292 7.48935 0.01 1 103 0
31321 320.074 7.49658 0.01 1 104 0
31324 301.577 8.03193 0.01 1 33 0
31376 301.577 8.03193 0.01 1 31 0
31401 306.603 8.0345 0.01 1 72 0
31436 301.577 8.03193 0.01 1 33 0
31457 301.07 8.03193 0.01 1 32 0
31520 309.774 7.97915 0.01 1 72 0
31579 301.577 8.03193 0.01 1 33 0
31645 301.07 8.03193 0.01 1 33 0
31651 302.927 8.07623 0.01 1 33 0
31694 300.436 8.03193 0.01 1 33 0
31724 301.577 8.03193 0.01 1 32 0
31765 301.07 8.03193 0.01 1 33 0
31804 319.197 7.48935 0.01 1 103 0
31832 319.197 7.48935 0.01 1 103 0
31833 310.199 7.30198 0.01 1 72 0
31840 311.517 7.87912 0.01 1 72 0
31857 302.321 8.15441 0.01 1 32 0
31884 307.921 8.17324 0.01 1 72 0
31888 310.626 7.87912 0.01 1 72 0
31891 306.603 8.0345 0.01 1 72 0
31913 320.074 7.55332 0.01 1 103 0
31979 301.577 8.03193 0.01 1 31 0
32015 310.093 8.12219 0.01 1 72 0
32016 303.901 8.14336 0.01 1 33 0
32044 301.07 8.03193 0.01 1 33 0
32057 300.436 8.02292 0.01 1 33 0
32065 306.469 7.96149 0.01 1 72 0
32105 301.07 8.03193 0.01 1 33 0
32138 311.609 8.03359 0.01 1 72 0
32141 307.45 7.86354 0.01 1 72 0
32212 301.746 8.03193 0.01 1 33 0
32259 301.577 8.03193 0.01 1 33 0
32265 301.577 8.03193 0.01 1 32 0
32285 306.626 7.83383 0.01 1 72 0
32290 308.341 8.05297 0.01 1 72 0
32309 301.577 8.03193 0.01 1 33 0
32316 301.07 8.03193 0.01 1 32 0
32380 320.074 7.55332 0.01 1 102 0
32413 308.667 8.05297 0.01 1 72 0
32462 301.07 8.03193 0.01 1 33 0
32516 300.337 8.03193 0.01 1 33 0
32539 301.577 8.03193 0.01 1 33 0
32566 307.436 7.90953 0.01 1 72 0
32570 319.197 7.48935 0.01 1 103 0
32579 311.609 8.03359 0.01 1 72 0
32582 318.731 7.53341 0.01 1 102 0
