max_pf 105 min_pf 24
individual T0 sigma disp_rate r0 patch_no mut_eff
0 297.356 8.11259 0.01 1 25 0
5 317.39 8.4136 0.01 1 104 0
29 317.39 8.40335 0.01 1 104 0
47 310.757 7.71882 0.01 1 72 0
76 318.182 8.26421 0.01 1 104 0
85 317.39 8.28089 0.01 1 104 0
105 296.042 8.11259 0.01 1 26 0
114 297.356 8.11259 0.01 1 26 0
116 297.356 8.11259 0.01 1 25 0
127 296.019 8.06375 0.01 1 26 0
184 317.39 8.4136 0.01 1 104 0
201 297.356 8.11259 0.01 1 26 0
209 296.985 8.25514 0.01 1 26 0
230 317.39 8.40335 0.01 1 104 0
266 297.356 8.11259 0.01 1 25 0
304 309.347 8.19604 0.01 1 72 0
313 297.356 8.11259 0.01 1 26 0
324 297.356 8.11259 0.01 1 26 0
328 297.356 8.11259 0.01 1 26 0
342 297.356 8.11259 0.01 1 25 0
344 297.356 8.11696 0.01 1 26 0
378 308.301 8.58584 0.01 1 72 0
393 297.356 8.11259 0.01 1 25 0
428 310.782 8.13624 0.01 1 72 0
450 307.982 7.8959 0.01 1 72 0
468 297.356 8.11259 0.01 1 25 0
528 296.985 8.18713 0.01 1 26 0.00485291
532 307.982 7.8959 0.01 1 72 0
556 295.38 8.18713 0.01 1 25 0
613 297.356 8.11259 0.01 1 25 0
687 297.356 8.22241 0.01 1 25 0.0019647
693 297.356 8.11259 0.01 1 26 0
700 309.789 7.75268 0.01 1 72 0
708 297.356 8.11259 0.01 1 24 0
726 297.356 8.2057 0.01 1 25 0.00166755
809 309.028 8.58584 0.01 1 72 0
832 297.356 8.10742 0.01 1 26 0
849 307.832 7.74988 0.01 1 72 0
851 306.291 8.07722 0.01 1 72 0
852 297.356 8.11259 0.01 1 26 0
859 297.356 8.11259 0.01 1 26 0
865 297.356 8.11259 0.01 1 26 0
885 297.356 8.11259 0.01 1 26 0
1025 311.708 7.89119 0.01 1 72 0
1126 317.239 8.40335 0.01 1 105 0
1127 297.356 8.11401 0.01 1 26 2.54661e-05
1134 296.042 8.17306 0.01 1 26 0
1194 317.39 8.40335 0.01 1 105 0
1201 309.347 8.19604 0.01 1 72 0
1210 309.012 8.06456 0.01 1 72 0
1258 297.356 8.11259 0.01 1 26 0
1261 297.356 8.11259 0.01 1 26 0
1293 295.38 8.18713 0.01 1 25 0
1298 306.924 7.91883 0.01 1 72 0
1302 319.389 8.28089 0.01 1 103 0
1357 306.948 7.84338 0.01 1 72 0
1391 297.356 8.11259 0.01 1 25 0
1403 318.899 8.30982 0.01 1 103 0
1414 297.356 8.11259 0.01 1 26 0
1417 319.389 8.28089 0.01 1 103 0
1433 297.356 8.11259 0.01 1 26 0
1445 297.356 8.16556 0.01 1 26 0
1470 317.39 8.40335 0.01 1 103 0
1493 307.813 7.81397 0.01 1 72 0
1503 297.356 8.21992 0.01 1 25 0
1524 296.019 8.06375 0.01 1 26 0
1562 297.356 8.04278 0.01 1 26 0
1577 307.982 7.8959 0.01 1 72 0
1588 297.356 8.11259 0.01 1 25 0
1619 306.953 8.30182 0.01 1 72 0
1639 307.982 7.8959 0.01 1 72 0
1680 297.356 8.11259 0.01 1 26 0
1698 297.356 8.11259 0.01 1 26 0
1702 317.239 8.40335 0.01 1 104 0
1711 309.834 7.8959 0.01 1 72 0
1793 311.029 7.78633 0.01 1 72 0
1801 297.356 8.02771 0.01 1 26 0
1858 318.875 8.4136 0.01 1 104 0
1877 309.697 7.70166 0.01 1 72 0
1889 317.39 8.22102 0.01 1 103 0
1910 311.029 7.78633 0.01 1 72 0
1997 297.356 8.06375 0.01 1 26 0
1998 297.356 8.11259 0.01 1 25 0
2067 295.38 8.18713 0.01 1 25 0
2081 307.832 7.74988 0.01 1 72 0
2186 319.389 8.28089 0.01 1 103 0
2203 297.356 8.11259 0.01 1 26 0
2229 310.741 7.96609 0.01 1 72 0
2256 309.504 8.20705 0.01 1 72 0
2272 310.189 7.71283 0.01 1 72 -0.00105156
2305 317.239 8.40335 0.01 1 104 0
2318 308.191 8.19503 0.01 1 72 4.448e-05
2327 297.356 8.11259 0.01 1 25 0
2341 310.3 8.13624 0.01 1 72 0
2342 308.049 7.75268 0.01 1 72 0
2373 310.741 8.03479 0.01 1 72 0
2401 297.356 8.31243 0.01 1 25 0
2452 310.356 8.03851 0.01 1 72 0.00180553
2475 307.832 7.74988 0.01 1 72 0
2502 319.389 8.28089 0.01 1 104 0
2520 297.356 8.11259 0.01 1 26 0
2530 317.239 8.40335 0.01 1 104 0
2697 317.239 8.40335 0.01 1 104 0
2705 296.022 8.17306 0.01 1 26 0.00027743
2732 310.057 7.85068 0.01 1 72 0
2756 308.415 8.37772 0.01 1 72 0
2776 297.356 8.11259 0.01 1 26 0
2837 297.356 8.19196 0.01 1 26 0
2842 297.356 8.11259 0.01 1 26 0
2923 307.982 7.8959 0.01 1 72 0
2931 306.291 8.07722 0.01 1 72 0
2952 297.81 8.18713 0.01 1 26 0
2996 309.028 8.62796 0.01 1 72 0
3108 311.029 7.78633 0.01 1 72 0
3160 297.356 8.11259 0.01 1 26 0
3162 297.356 8.11259 0.01 1 25 0
3167 297.356 8.11259 0.01 1 26 0
3177 297.356 8.11259 0.01 1 24 0
3180 297.356 8.11259 0.01 1 26 0
3256 297.356 8.02771 0.01 1 26 0
3271 306.924 7.91883 0.01 1 72 0
3290 318.182 8.28089 0.01 1 103 0
3332 308.435 8.07961 0.01 1 72 0
3359 297.356 8.11259 0.01 1 26 0
3477 295.38 8.0022 0.01 1 26 0
3480 297.324 8.06375 0.01 1 25 0
3572 297.356 8.11259 0.01 1 24 0
3588 307.982 7.8959 0.01 1 72 0
3618 297.356 8.11259 0.01 1 25 0
3627 308.191 8.01204 0.01 1 72 0
3739 297.356 8.11259 0.01 1 25 0
3787 317.861 8.08453 0.01 1 103 0
3795 296.393 8.11259 0.01 1 26 0
3856 297.356 8.11259 0.01 1 26 0
3858 310.782 8.13624 0.01 1 72 0
3922 317.39 8.22102 0.01 1 103 0
3934 297.356 8.11259 0.01 1 26 0
3973 297.356 8.11259 0.01 1 26 0
4032 308.366 8.33375 0.01 1 72 0.00137565
4106 297.356 8.11259 0.01 1 26 0
4146 297.356 8.11259 0.01 1 26 0
4152 308.406 8.04765 0.01 1 72 0
4176 309.834 7.8959 0.01 1 72 0
4218 295.38 8.18713 0.01 1 25 0
4230 308.411 7.99059 0.01 1 72 0
4239 295.38 8.18713 0.01 1 26 0
4337 297.356 8.11259 0.01 1 25 0
4351 309.504 8.20705 0.01 1 72 0
4400 295.38 8.18713 0.01 1 26 0
4405 296.042 8.11259 0.01 1 26 0
4422 316.416 8.40335 0.01 1 103 0
4457 309.347 8.19604 0.01 1 72 0
4474 310.171 8.33375 0.01 1 72 0
4493 312.305 7.37223 0.01 1 72 0
4497 297.356 8.11259 0.01 1 26 0
4530 297.356 8.11259 0.01 1 26 0
4537 309.789 7.75268 0.01 1 72 0
4581 297.356 8.11259 0.01 1 26 0
4606 297.356 8.04278 0.01 1 26 0
4612 317.39 8.57997 0.01 1 103 0.00204095
4621 308.435 8.07961 0.01 1 72 0
4689 297.356 8.18713 0.01 1 26 0
4728 318.182 8.28089 0.01 1 103 0
4754 317.39 8.22102 0.01 1 103 0
4760 297.356 8.11259 0.01 1 26 0
4801 297.356 8.11259 0.01 1 25 0
4867 308.25 8.07961 0.01 1 72 -0.000368029
4908 308.049 7.75268 0.01 1 72 0
4926 308.406 8.04765 0.01 1 72 0
4929 319.389 8.28089 0.01 1 104 0
5003 297.356 8.11259 0.01 1 25 0
5057 308.406 8.04765 0.01 1 72 0
5070 307.832 7.74988 0.01 1 72 0
5085 311.029 7.78633 0.01 1 72 0
5096 296.677 8.18054 0.01 1 26 0
5224 318.182 8.26421 0.01 1 105 0
5284 297.356 8.11259 0.01 1 26 0
5317 297.356 8.11259 0.01 1 26 0
5321 310.741 8.03479 0.01 1 72 0
5343 295.38 8.18713 0.01 1 25 0
5382 307.033 8.0042 0.01 1 72 0
5406 307.033 8.0042 0.01 1 72 0
5438 297.356 8.11259 0.01 1 26 0
5442 296.042 8.11259 0.01 1 25 0
5474 297.356 8.16809 0.01 1 26 0
5477 310.189 7.87427 0.01 1 72 0
5483 310.757 7.71882 0.01 1 72 0
5535 297.356 8.11259 0.01 1 26 0
5597 297.356 8.25891 0.01 1 26 0
5603 309.789 7.75268 0.01 1 72 0
5632 309.477 7.83571 0.01 1 72 0
5650 298.143 8.11259 0.01 1 25 -0.00977591
5694 297.356 8.11259 0.01 1 26 0
5704 317.299 8.31951 0.01 1 103 0
5800 297.464 8.11259 0.01 1 26 0
5877 307.982 7.8959 0.01 1 72 0
5890 297.356 8.11259 0.01 1 26 0
5896 297.356 8.11259 0.01 1 26 0
5921 297.356 8.11259 0.01 1 26 0
5948 318.182 8.28089 0.01 1 103 0
6020 297.356 8.11259 0.01 1 25 0
6027 307.832 7.74988 0.01 1 72 0
6036 297.356 8.11259 0.01 1 24 0
6057 297.356 8.11259 0.01 1 26 0
6061 309.882 7.71283 0.01 1 72 0
6115 319.389 8.28089 0.01 1 104 0
6120 297.356 8.11259 0.01 1 26 0
6146 297.356 8.22985 0.01 1 26 0
6147 297.356 8.21992 0.01 1 26 0
6177 317.39 8.4136 0.01 1 105 0
6205 310.741 8.03479 0.01 1 72 0
6223 297.356 8.11259 0.01 1 25 0
6228 297.356 8.11259 0.01 1 25 0
6230 318.569 8.40335 0.01 1 103 0
6279 296.019 8.06375 0.01 1 26 0
6321 297.356 8.11259 0.01 1 25 0
6325 297.356 8.04278 0.01 1 26 0
6365 297.356 8.11259 0.01 1 25 0
6465 306.604 7.67593 0.01 1 72 0
6479 297.356 8.11259 0.01 1 26 0
6512 317.39 8.40335 0.01 1 104 0
6525 297.356 8.11259 0.01 1 26 0
6560 307.87 7.75852 0.01 1 72 0
6627 308.191 8.01204 0.01 1 72 0
6640 297.356 8.18713 0.01 1 26 0
6641 307.832 7.74988 0.01 1 72 0
6722 307.87 7.86422 0.01 1 72 0
6731 297.356 8.11259 0.01 1 26 0
6751 297.356 8.11259 0.01 1 25 0
6763 316.416 8.40335 0.01 1 103 0
6798 316.784 8.32022 0.01 1 104 0
6828 310.782 8.2957 0.01 1 72 0
6841 310.961 8.15751 0.01 1 72 0
6842 307.832 7.74988 0.01 1 72 0
6847 297.356 8.11259 0.01 1 26 0
6890 308.435 8.07961 0.01 1 72 0
6917 310.782 8.13624 0.01 1 72 0
6959 297.356 8.2264 0.01 1 25 0
7002 297.356 8.11259 0.01 1 25 0
7028 307.87 7.75852 0.01 1 72 0
7045 296.019 8.06375 0.01 1 26 0
7066 297.356 8.11259 0.01 1 26 0
7084 312.144 7.66864 0.01 1 72 -0.0116959
7090 297.356 8.11259 0.01 1 25 0
7093 308.435 8.03928 0.01 1 72 0
7171 317.39 8.28089 0.01 1 104 0
7173 297.356 8.11259 0.01 1 25 0
7191 307.832 7.74988 0.01 1 72 0
7193 308.027 7.99874 0.01 1 72 -2.66433e-05
7226 297.356 8.11259 0.01 1 26 0
7236 297.356 8.11259 0.01 1 26 0
7237 317.239 8.22632 0.01 1 105 0
7247 317.861 8.08453 0.01 1 103 0
7303 297.356 8.11259 0.01 1 26 0
7311 297.356 8.11259 0.01 1 26 0
7332 317.39 8.40335 0.01 1 103 0
7335 297.356 8.11259 0.01 1 25 0
7353 318.182 8.26421 0.01 1 105 0
7359 297.356 8.11259 0.01 1 26 0
7386 297.356 8.11259 0.01 1 26 0
7429 308.387 8.67064 0.01 1 72 0
7454 309.347 8.19604 0.01 1 72 0
7457 297.356 8.11259 0.01 1 26 0
7484 297.356 8.11259 0.01 1 26 0
7488 297.356 8.11259 0.01 1 25 0
7504 297.356 8.11259 0.01 1 24 0
7508 307.832 7.74988 0.01 1 72 0
7568 317.39 8.28089 0.01 1 104 0
7572 297.356 8.11259 0.01 1 26 0
7620 309.118 7.72333 0.01 1 72 0
7673 297.356 8.11259 0.01 1 26 0
7687 310.741 7.93176 0.01 1 72 0
7704 297.356 8.11259 0.01 1 26 0
7719 307.832 7.74988 0.01 1 72 0
7721 297.464 8.11259 0.01 1 26 0
7736 310.741 7.71281 0.01 1 72 0
7785 318.182 8.26421 0.01 1 104 0
7786 307.982 7.8959 0.01 1 72 0
7798 297.356 8.11259 0.01 1 26 0
7817 308.835 7.53648 0.01 1 72 0
7865 316.784 8.32022 0.01 1 104 0
7890 307.982 7.8959 0.01 1 72 0
7991 310.741 8.03479 0.01 1 72 0
8013 297.356 8.11259 0.01 1 26 0
8045 310.757 7.71882 0.01 1 72 0
8063 309.477 7.83571 0.01 1 72 0
8069 297.356 8.11259 0.01 1 25 0
8144 297.356 8.11259 0.01 1 26 0
8204 306.924 7.72545 0.01 1 72 0
8222 311.029 7.78633 0.01 1 72 0
8236 309.477 7.83571 0.01 1 72 0
8277 297.775 8.11259 0.01 1 25 0
8295 308.435 8.07961 0.01 1 72 0
8317 297.356 8.18713 0.01 1 25 0
8326 297.356 8.11259 0.01 1 25 0
8396 310.757 7.71882 0.01 1 72 0
8420 295.463 8.17306 0.01 1 26 0.0082333
8462 318.182 8.26421 0.01 1 105 0
8576 317.239 8.40335 0.01 1 104 0
8586 297.356 8.11259 0.01 1 26 0
8627 297.398 8.11259 0.01 1 26 -0.000541128
8661 297.356 8.18713 0.01 1 25 0
8663 297.356 8.11259 0.01 1 26 0
8684 297.356 8.11259 0.01 1 26 0
8701 317.39 8.31951 0.01 1 103 0
8728 296.042 8.11259 0.01 1 26 0
8737 297.356 8.11259 0.01 1 26 0
8775 297.356 8.22241 0.01 1 25 0
8782 310.835 7.4686 0.01 1 72 0
8858 319.389 8.28089 0.01 1 104 0
8897 308.049 7.75268 0.01 1 72 0
8987 307.813 7.81397 0.01 1 72 0
9095 297.356 8.11259 0.01 1 26 0
9150 309.899 7.66864 0.01 1 72 0
9187 309.347 8.19604 0.01 1 72 0
9225 297.356 8.11944 0.01 1 26 0.00012324
9232 297.356 8.11259 0.01 1 26 0
9245 297.356 8.11259 0.01 1 25 0
9252 297.356 8.11259 0.01 1 25 0
9269 308.366 8.33375 0.01 1 72 0
9346 297.356 8.21992 0.01 1 25 0
9354 307.982 7.8959 0.01 1 72 0
9358 297.356 8.11259 0.01 1 24 0
9422 308.435 8.07961 0.01 1 72 0
9468 307.723 8.46397 0.01 1 72 0
9582 317.39 8.40335 0.01 1 104 0
9658 318.182 8.28089 0.01 1 104 0
9680 317.39 8.19988 0.01 1 103 -0.000263676
9723 317.39 8.40335 0.01 1 104 0
9742 297.356 8.11259 0.01 1 26 0
9769 297.356 8.11259 0.01 1 26 0
9803 297.356 8.11259 0.01 1 25 0
9805 318.182 8.26421 0.01 1 104 0
9829 297.356 8.08743 0.01 1 26 0
9849 297.356 8.11259 0.01 1 26 0
9864 297.356 8.11259 0.01 1 26 0
9895 309.966 7.74174 0.01 1 72 0
9896 297.356 8.11259 0.01 1 25 0
9904 296.019 8.06375 0.01 1 26 0
9907 297.356 8.11259 0.01 1 26 0
9918 310.757 7.71882 0.01 1 72 0
9929 310.189 7.87427 0.01 1 72 0
9976 308.301 8.58584 0.01 1 72 0
10081 317.39 8.31951 0.01 1 103 0
10105 307.033 8.0042 0.01 1 72 0
10118 310.835 7.53683 0.01 1 72 0.000104919
10121 307.832 7.74988 0.01 1 72 0
10170 297.356 8.11259 0.01 1 26 0
10188 317.39 8.28089 0.01 1 104 0
10216 297.356 8.21992 0.01 1 26 0
10217 296.019 8.06375 0.01 1 26 0
10360 297.356 8.11259 0.01 1 26 0
10473 311.846 7.96695 0.01 1 72 0
10500 297.356 8.11259 0.01 1 26 0
10570 318.684 8.38294 0.01 1 105 0.0179095
10601 309.966 7.74174 0.01 1 72 0
10611 307.982 7.8959 0.01 1 72 0
10614 317.39 8.40335 0.01 1 104 0
10623 310.835 7.4686 0.01 1 72 0
10685 297.356 8.11259 0.01 1 26 0
10699 318.343 8.40335 0.01 1 104 0.013326
10734 312.305 7.37223 0.01 1 72 0
10773 297.356 8.11259 0.01 1 26 0
10778 315.768 8.40335 0.01 1 103 -0.0231098
10791 297.356 8.18713 0.01 1 26 0
10796 309.504 8.20705 0.01 1 72 0
10805 297.356 8.11259 0.01 1 25 0
10822 297.356 8.23273 0.01 1 26 0
10833 317.39 8.40335 0.01 1 103 0
10839 307.832 7.74988 0.01 1 72 0
10851 297.356 8.11259 0.01 1 26 0
10923 297.356 8.11259 0.01 1 25 0
10926 316.995 8.28089 0.01 1 103 0
10955 297.356 8.16809 0.01 1 26 0
10960 296.019 8.06375 0.01 1 26 0
10964 307.982 7.8959 0.01 1 72 0
11025 297.356 8.11259 0.01 1 25 0
11028 310.741 8.00497 0.01 1 72 0
11047 308.191 8.01204 0.01 1 72 0
11154 297.356 8.11259 0.01 1 26 0
11231 317.299 8.31951 0.01 1 103 0
11265 317.39 8.57997 0.01 1 103 0
11282 309.477 7.83571 0.01 1 72 0
11324 295.38 8.18713 0.01 1 26 0
11326 311.462 8.36026 0.01 1 72 0
11358 317.39 8.40335 0.01 1 103 0
11409 297.356 8.11259 0.01 1 25 0
11415 295.455 8.06375 0.01 1 26 0
11428 297.356 8.11259 0.01 1 26 0
11483 318.899 8.30982 0.01 1 103 0
11494 312.305 7.37223 0.01 1 72 0
11551 307.87 7.75852 0.01 1 72 0
11583 309.118 7.72333 0.01 1 72 0
11645 309.028 8.58584 0.01 1 72 0
11676 317.915 8.28089 0.01 1 104 0.00753714
11750 318.182 8.35844 0.01 1 104 0
11755 297.356 8.11259 0.01 1 26 0
11766 318.694 8.08453 0.01 1 103 0
11849 297.356 8.11259 0.01 1 25 0
11926 297.356 8.11259 0.01 1 26 0
11955 297.356 8.11259 0.01 1 25 0
11990 310.757 7.71882 0.01 1 72 0
12053 307.697 7.90982 0.01 1 72 0
12075 297.356 8.21144 0.01 1 26 0
12078 297.356 8.11259 0.01 1 26 0
12081 297.356 8.34364 0.01 1 26 0.000706919
12120 317.39 8.40335 0.01 1 104 0
12135 310.835 7.4686 0.01 1 72 0
12241 307.982 7.8959 0.01 1 72 0
12270 297.356 8.10667 0.01 1 26 -0.00144339
12275 308.435 8.07961 0.01 1 72 0
12276 319.389 8.28089 0.01 1 103 0
12288 297.356 8.11259 0.01 1 24 0
12384 297.356 8.11259 0.01 1 24 0
12412 297.356 8.21992 0.01 1 25 0.00192057
12417 308.435 8.07961 0.01 1 72 0
12419 317.299 8.31951 0.01 1 103 0
12429 297.356 8.11259 0.01 1 26 0
12435 297.356 8.11259 0.01 1 25 0
12531 309.999 8.19199 0.01 1 72 0
12533 309.697 7.70166 0.01 1 72 0
12564 317.39 8.40335 0.01 1 103 0
12641 318.875 8.4136 0.01 1 105 0
12664 309.834 7.8959 0.01 1 72 0
12665 297.464 8.11259 0.01 1 26 0
12690 297.356 8.11259 0.01 1 25 0
12736 309.477 7.89944 0.01 1 72 0
12745 310.782 8.13624 0.01 1 72 0
12757 310.741 7.93176 0.01 1 72 0
12769 307.982 7.8959 0.01 1 72 0
12774 309.008 7.78633 0.01 1 72 0
12830 309.381 7.71882 0.01 1 72 0
12852 310.782 8.2957 0.01 1 72 0
12915 296.019 8.06375 0.01 1 26 0
12953 309.118 7.72333 0.01 1 72 0
12956 310.782 8.2957 0.01 1 72 0
13030 317.39 8.28089 0.01 1 104 0
13089 310.782 8.13624 0.01 1 72 0
13108 297.356 8.11259 0.01 1 26 0
13122 296.042 8.17306 0.01 1 26 0.00104909
13134 310.782 8.13624 0.01 1 72 0
13141 297.356 8.11259 0.01 1 26 0
13178 311.708 7.89119 0.01 1 72 0
13181 318.182 8.26421 0.01 1 105 0
13357 297.356 8.11259 0.01 1 25 0
13358 297.356 8.11259 0.01 1 26 0
13394 310.741 7.93176 0.01 1 72 0
13411 297.356 8.11259 0.01 1 26 0
13422 310.741 8.03479 0.01 1 72 0
13466 297.356 8.11259 0.01 1 26 0
13468 310.782 8.13624 0.01 1 72 0
13512 307.832 7.74988 0.01 1 72 0
13628 317.901 8.28089 0.01 1 103 0
13695 297.356 8.11259 0.01 1 25 0
13776 297.356 8.11259 0.01 1 26 0
13854 297.356 8.11259 0.01 1 26 0
13890 297.356 8.11259 0.01 1 25 0
13931 297.356 8.11259 0.01 1 26 0
13963 297.356 8.11259 0.01 1 26 0
14031 297.356 8.11259 0.01 1 26 0
14063 317.39 8.28089 0.01 1 104 0
14108 297.356 8.11259 0.01 1 25 0
14125 297.356 8.21992 0.01 1 25 0
14127 307.033 8.0042 0.01 1 72 0
14142 297.356 8.2264 0.01 1 25 0
14166 297.356 8.18713 0.01 1 25 0
14223 297.356 8.11259 0.01 1 26 0
14225 296.019 8.06375 0.01 1 26 0
14245 309.504 8.20705 0.01 1 72 0
14266 310.782 8.13624 0.01 1 72 0
14297 306.924 7.91883 0.01 1 72 0
14302 310.171 8.33375 0.01 1 72 0
14306 317.39 8.19988 0.01 1 103 0
14321 311.846 7.96695 0.01 1 72 0
14325 297.356 8.11259 0.01 1 26 0
14332 317.39 8.28089 0.01 1 104 0
14334 317.901 8.28089 0.01 1 104 0
14385 297.356 8.11259 0.01 1 26 0
14412 295.38 8.18713 0.01 1 26 0
14442 308.831 8.07722 0.01 1 72 0
14449 297.356 8.25891 0.01 1 26 0
14458 297.356 8.11259 0.01 1 26 0
14467 310.782 8.13624 0.01 1 72 0
14484 297.356 8.11259 0.01 1 26 0
14508 297.356 8.2264 0.01 1 25 0
14540 297.356 8.11259 0.01 1 26 0
14572 308.191 8.01204 0.01 1 72 0
14591 307.87 7.86422 0.01 1 72 0
14596 297.343 8.21144 0.01 1 26 0.000170834
14624 297.356 8.19196 0.01 1 26 0.0014227
14669 307.87 7.86422 0.01 1 72 0
14676 297.356 8.11259 0.01 1 26 0
14704 297.356 8.11259 0.01 1 25 0
14864 308.415 8.30885 0.01 1 72 0
14929 297.356 8.11259 0.01 1 26 0
14942 297.356 8.04278 0.01 1 26 0
14970 317.39 8.40335 0.01 1 104 0
14986 297.356 8.11259 0.01 1 26 0
14992 297.356 8.11259 0.01 1 26 0
15049 297.81 8.18713 0.01 1 26 0
15092 297.356 8.11259 0.01 1 26 0
15093 297.356 8.11259 0.01 1 26 0
15101 306.502 8.09984 0.01 1 72 0
15161 309.477 7.83571 0.01 1 72 0
15180 310.782 8.13624 0.01 1 72 0
15182 297.356 8.11259 0.01 1 26 0
15187 310.741 7.96609 0.01 1 72 0
15251 297.356 8.11259 0.01 1 26 0
15300 308.435 8.03928 0.01 1 72 0
15353 297.356 8.11259 0.01 1 26 0
15495 307.87 7.75852 0.01 1 72 0
15527 317.39 8.40335 0.01 1 104 0
15580 311.846 7.96695 0.01 1 72 0
15583 310.741 7.93176 0.01 1 72 0
15603 297.356 8.18713 0.01 1 26 0
15628 308.568 8.03541 0.01 1 72 0
15785 308.568 8.03541 0.01 1 72 0
15798 296.985 8.25514 0.01 1 26 0.00120205
15835 297.356 8.11259 0.01 1 25 0
15869 310.741 8.03479 0.01 1 72 0
15906 309.834 7.8959 0.01 1 72 0
15950 309.967 7.61633 0.01 1 72 0
15958 317.39 8.28089 0.01 1 104 0
16002 297.356 8.11259 0.01 1 26 0
16038 317.39 8.28089 0.01 1 104 0
16052 316.751 8.4136 0.01 1 104 0
16062 309.834 7.8959 0.01 1 72 0
16068 296.042 8.11259 0.01 1 26 0
16073 309.984 8.00016 0.01 1 72 -0.000644371
16172 307.697 7.90982 0.01 1 72 0
16191 306.924 7.91883 0.01 1 72 0
16227 297.356 8.11259 0.01 1 26 0
16242 310.741 8.03479 0.01 1 72 0
16405 310.298 7.99798 0.01 1 72 0
16410 297.356 8.11259 0.01 1 26 0
16423 310.835 7.4686 0.01 1 72 0
16436 297.356 8.20627 0.01 1 26 0.00167781
16441 297.356 8.11259 0.01 1 25 0
16450 317.39 8.28089 0.01 1 103 0
16477 309.028 8.58584 0.01 1 72 0
16492 310.835 7.4686 0.01 1 72 0
16602 297.356 8.11259 0.01 1 26 0
16612 306.291 8.07722 0.01 1 72 0
16623 295.38 8.18713 0.01 1 26 0
16716 297.356 8.31243 0.01 1 26 0
16768 310.782 8.2957 0.01 1 72 0
16779 309.834 7.8959 0.01 1 72 0
16813 297.356 8.18713 0.01 1 25 0
16857 309.856 8.58584 0.01 1 72 -0.000984818
16893 309.233 8.01204 0.01 1 72 0
16899 296.019 8.06375 0.01 1 26 0
16926 297.356 8.11259 0.01 1 26 0
16952 297.356 8.31243 0.01 1 25 0
16956 297.356 8.11259 0.01 1 26 0
16982 297.356 8.11259 0.01 1 26 0
17038 297.356 8.18713 0.01 1 26 0
17045 308.435 8.07961 0.01 1 72 0
17061 296.019 8.06375 0.01 1 26 0
17071 297.356 8.11259 0.01 1 26 0
17085 297.356 8.11259 0.01 1 26 0
17089 297.356 8.11259 0.01 1 26 0
17091 297.084 8.06375 0.01 1 26 -0.014579
17243 310.835 7.4686 0.01 1 72 0
17345 297.356 8.08743 0.01 1 26 0
17361 297.356 8.11259 0.01 1 25 0
17364 297.356 8.11259 0.01 1 26 0
17366 310.648 7.85175 0.01 1 72 0
17424 297.356 8.31243 0.01 1 26 0
17449 317.39 8.28089 0.01 1 104 0
17461 297.356 8.11259 0.01 1 25 0
17471 310.171 8.33375 0.01 1 72 0
17532 306.604 7.67593 0.01 1 72 0
17603 297.356 8.11259 0.01 1 25 0
17616 297.4 8.11259 0.01 1 26 0
17631 297.356 8.11259 0.01 1 26 0
17695 295.38 8.18713 0.01 1 25 0
17711 297.356 8.30329 0.01 1 26 0
17726 297.356 8.11259 0.01 1 25 0
17753 298.646 8.11944 0.01 1 26 -0.0156317
17808 296.019 8.06375 0.01 1 26 0
17852 307.313 7.86025 0.01 1 72 0
17878 317.39 8.4136 0.01 1 104 0
17907 297.356 8.11259 0.01 1 26 0
17914 317.39 8.4136 0.01 1 104 0
17923 297.629 8.06375 0.01 1 26 -0.021584
17931 317.39 8.40335 0.01 1 104 0
17937 297.356 8.11259 0.01 1 26 0
17941 296.019 8.06375 0.01 1 26 0
17952 308.049 7.75268 0.01 1 72 0
18007 296.019 8.06375 0.01 1 26 0
18040 297.356 8.11259 0.01 1 26 0
18085 309.233 8.01204 0.01 1 72 0
18179 297.356 8.18713 0.01 1 26 0
18245 311.029 7.78633 0.01 1 72 0
18350 317.39 8.22102 0.01 1 103 0
18452 297.356 8.11259 0.01 1 26 0
18461 307.832 7.74988 0.01 1 72 0
18501 297.356 8.11259 0.01 1 26 0
18554 297.356 8.11259 0.01 1 25 0
18562 309.028 8.58584 0.01 1 72 0
18595 309.789 7.75437 0.01 1 72 4.47035e-07
18597 317.39 8.40335 0.01 1 103 0
18618 297.356 8.10742 0.01 1 25 0
18631 297.356 8.11259 0.01 1 25 0
18648 310.741 7.71281 0.01 1 72 0
18654 296.042 8.11259 0.01 1 26 0
18665 307.313 7.86025 0.01 1 72 0
18674 307.832 7.74988 0.01 1 72 0
18813 308.435 8.07961 0.01 1 72 0
18833 297.356 8.11259 0.01 1 25 0
18914 297.356 8.11259 0.01 1 25 0
18951 307.444 8.07814 0.01 1 72 0
18953 317.39 8.40335 0.01 1 103 0
18962 309.477 7.83571 0.01 1 72 0
18993 297.356 8.11944 0.01 1 26 0
19053 297.356 8.08745 0.01 1 26 0
19065 317.861 8.08453 0.01 1 103 0
19125 310.757 7.71882 0.01 1 72 0
19128 297.356 8.11259 0.01 1 25 0
19201 317.861 8.08453 0.01 1 103 0
19232 297.356 8.3289 0.01 1 25 0.0038427
19239 297.356 8.11259 0.01 1 26 0
19261 297.356 8.31243 0.01 1 26 0
19283 309.882 7.71283 0.01 1 72 0
19328 317.39 8.4136 0.01 1 105 0
19369 297.356 8.25891 0.01 1 24 0
19461 308.509 8.33129 0.01 1 72 0
19533 317.39 8.31951 0.01 1 103 0
19535 297.356 8.21144 0.01 1 26 0.00176974
19563 297.356 8.05429 0.01 1 26 0
19594 310.782 8.2957 0.01 1 72 0
19602 318.182 8.26421 0.01 1 104 0
19629 317.39 8.4136 0.01 1 105 0
19676 309.477 7.83571 0.01 1 72 0
19683 318.182 8.26421 0.01 1 104 0
19732 297.356 8.11259 0.01 1 26 0
19777 297.356 8.11259 0.01 1 26 0
19784 307.832 7.74988 0.01 1 72 0
19818 297.356 8.11259 0.01 1 26 0
19833 297.356 8.11259 0.01 1 24 0
19874 307.832 7.74988 0.01 1 72 0
19994 308.049 7.75268 0.01 1 72 0
20029 297.356 8.10742 0.01 1 26 0
20072 317.39 8.40335 0.01 1 104 0
20139 297.356 8.11259 0.01 1 25 0
20236 297.356 8.11259 0.01 1 26 0
20293 317.901 8.28089 0.01 1 103 0
20297 306.896 7.54371 0.01 1 72 0
20311 308.435 8.07961 0.01 1 72 0
20389 297.356 8.18713 0.01 1 25 0
20455 296.042 7.96737 0.01 1 26 0
20475 297.356 8.11259 0.01 1 25 0
20479 308.301 8.58584 0.01 1 72 0
20486 297.356 8.11259 0.01 1 26 0
20531 317.39 8.57997 0.01 1 103 0
20575 311.029 7.78633 0.01 1 72 0
20587 297.356 8.11259 0.01 1 25 0
20623 317.834 8.28089 0.01 1 103 0
20703 317.39 8.28089 0.01 1 104 0
20746 297.356 8.11259 0.01 1 25 0
20756 310.757 7.71882 0.01 1 72 0
20769 297.356 8.11259 0.01 1 26 0
20841 295.38 8.18713 0.01 1 26 0
20934 306.924 7.91883 0.01 1 72 0
20937 295.38 8.0022 0.01 1 26 -0.00311524
20949 297.356 8.11259 0.01 1 26 0
20952 318.182 8.28089 0.01 1 105 0
20963 297.356 8.11259 0.01 1 25 0
20974 297.356 8.18713 0.01 1 26 0
21028 317.299 8.31951 0.01 1 103 0
21047 310.997 7.651 0.01 1 72 0
21097 307.982 7.8959 0.01 1 72 0
21205 297.324 8.06375 0.01 1 26 -0.0177067
21226 310.782 8.13624 0.01 1 72 0
21312 297.356 8.31243 0.01 1 26 0
21345 308.027 8.07283 0.01 1 72 0
21398 297.356 8.11259 0.01 1 26 0
21401 307.832 7.74988 0.01 1 72 0
21428 306.773 8.07722 0.01 1 72 0.0034593
21451 296.985 8.18713 0.01 1 26 0
21471 308.435 8.07961 0.01 1 72 0
21496 307.202 8.03541 0.01 1 72 0
21589 297.356 8.25891 0.01 1 25 0
21651 296.019 8.06375 0.01 1 26 0
21706 297.356 8.30329 0.01 1 26 0
21732 309.697 7.70166 0.01 1 72 0
21733 309.882 7.71283 0.01 1 72 0
21746 297.356 8.11259 0.01 1 25 0
21749 308.435 8.07961 0.01 1 72 0
21769 309.233 8.01204 0.01 1 72 0
21777 310.782 8.2957 0.01 1 72 0
21868 306.472 7.60099 0.01 1 72 0
21870 308.258 8.00016 0.01 1 72 0
21888 306.924 7.91883 0.01 1 72 0
21895 317.39 8.40335 0.01 1 103 0
21916 297.356 8.11259 0.01 1 26 0
21979 297.356 8.11259 0.01 1 26 0
22001 317.239 8.40335 0.01 1 104 0
22126 295.38 8.18713 0.01 1 26 0
22131 297.356 8.11259 0.01 1 25 0
22177 319.389 8.28089 0.01 1 103 0
22218 297.356 8.02417 0.01 1 25 -0.00159471
22223 297.356 8.11259 0.01 1 26 0
22243 309.504 8.20705 0.01 1 72 0
22244 317.39 8.4136 0.01 1 104 0
22249 297.356 8.11259 0.01 1 26 0
22259 317.39 8.28089 0.01 1 104 0
22263 316.784 8.32022 0.01 1 104 0
22279 316.416 8.40335 0.01 1 103 0
22336 297.356 8.11259 0.01 1 26 0
22396 307.033 8.0042 0.01 1 72 0
22454 317.39 8.4136 0.01 1 105 0
22477 307.982 7.8959 0.01 1 72 0
22516 307.87 7.86422 0.01 1 72 0
22544 297.356 8.11259 0.01 1 26 0
22547 309.477 7.83571 0.01 1 72 0
22559 316.784 8.32022 0.01 1 104 0
22580 297.356 8.11259 0.01 1 25 0
22611 297.356 8.11259 0.01 1 26 0
22684 297.356 8.06375 0.01 1 26 0
22689 307.033 8.13395 0.01 1 72 0
22702 297.356 8.21992 0.01 1 25 0
22733 295.455 8.06375 0.01 1 26 0.00809614
22891 307.87 7.75852 0.01 1 72 0
22902 295.976 8.10334 0.01 1 25 0.0180286
22904 310.782 8.2957 0.01 1 72 0
22954 297.356 8.11259 0.01 1 26 0
22967 297.356 8.11259 0.01 1 25 0
23042 297.356 8.11259 0.01 1 25 0
23068 297.356 8.11259 0.01 1 26 0
23102 309.882 7.71283 0.01 1 72 0
23136 317.39 8.40335 0.01 1 103 0
23142 297.356 8.11259 0.01 1 26 0
23147 297.356 8.11259 0.01 1 26 0
23180 308.611 7.67593 0.01 1 72 0
23222 309.008 7.78633 0.01 1 72 0
23293 297.356 8.11259 0.01 1 26 0
23319 319.389 8.33802 0.01 1 103 0.000427827
23362 307.982 7.8959 0.01 1 72 0
23394 315.693 8.29085 0.01 1 104 0
23412 297.356 8.21992 0.01 1 25 0
23492 297.356 8.2264 0.01 1 25 0
23515 297.356 8.10742 0.01 1 26 0
23539 310.356 8.03851 0.01 1 72 0
23581 317.861 8.08453 0.01 1 103 0
23640 306.896 7.54371 0.01 1 72 0
23662 297.356 8.18713 0.01 1 26 0
23665 318.182 8.26421 0.01 1 104 0
23670 307.982 7.8959 0.01 1 72 0
23675 319.389 8.28089 0.01 1 103 0
23678 297.356 8.11259 0.01 1 25 0
23725 309.477 7.83571 0.01 1 72 0
23805 297.356 8.10742 0.01 1 26 0
23842 309.028 8.62796 0.01 1 72 0
23845 317.39 8.40335 0.01 1 104 0
23895 317.39 8.40335 0.01 1 103 0
23920 297.464 8.11259 0.01 1 26 0
23921 297.356 8.06375 0.01 1 26 0
23950 311.708 7.89119 0.01 1 72 0
23982 297.356 8.11259 0.01 1 25 0
24006 307.202 8.03541 0.01 1 72 0
24049 317.39 8.40335 0.01 1 104 0
24055 317.39 8.4136 0.01 1 105 0
24059 297.356 8.23273 0.01 1 26 0
24074 297.356 8.11259 0.01 1 26 0
24081 297.356 8.11259 0.01 1 26 0
24095 296.677 8.11259 0.01 1 25 0
24112 297.356 8.11259 0.01 1 26 0
24136 311.261 7.76813 0.01 1 72 0
24173 309.477 7.83571 0.01 1 72 0
24263 310.782 8.13624 0.01 1 72 0
24295 297.356 8.11259 0.01 1 25 0
24332 306.439 8.1661 0.01 1 72 0
24336 296.677 8.11259 0.01 1 25 0
24358 297.356 8.11259 0.01 1 26 0
24359 310.757 7.71882 0.01 1 72 0
24525 296.019 8.06375 0.01 1 26 0
24543 297.356 8.11259 0.01 1 26 0
24571 306.924 7.91883 0.01 1 72 0
24630 317.39 8.28089 0.01 1 103 0
24679 309.347 8.19604 0.01 1 72 0
24695 317.901 8.28089 0.01 1 103 0
24721 295.38 8.18713 0.01 1 25 0
24722 308.435 8.03928 0.01 1 72 0
24772 297.356 8.11259 0.01 1 26 0
24795 318.569 8.40335 0.01 1 103 0
24852 297.356 8.11259 0.01 1 25 0
24892 297.356 8.11259 0.01 1 26 0
24989 297.356 8.11259 0.01 1 25 0
25034 297.356 8.11259 0.01 1 25 0
25040 318.182 8.26421 0.01 1 104 0
25046 297.464 8.11259 0.01 1 26 0
25070 307.982 7.8959 0.01 1 72 0
25183 310.648 7.85175 0.01 1 72 0
25199 297.356 8.10854 0.01 1 26 -7.30678e-05
25211 297.356 8.11259 0.01 1 26 0
25216 307.723 8.46397 0.01 1 72 0
25256 317.39 8.40335 0.01 1 103 0
25386 306.896 7.54371 0.01 1 72 0
25449 298.648 8.06375 0.01 1 26 -0.0156336
25511 295.38 8.18713 0.01 1 25 0
25589 297.356 8.11259 0.01 1 26 0
25594 297.356 8.10854 0.01 1 26 0
25659 317.39 8.40335 0.01 1 104 0
25676 297.356 8.11259 0.01 1 26 0
25711 309.118 7.72333 0.01 1 72 0
25773 296.985 8.25514 0.01 1 26 0
25791 316.751 8.4136 0.01 1 104 0
25844 297.356 8.11259 0.01 1 25 0
25962 297.356 8.21144 0.01 1 26 0
25984 306.329 7.54918 0.01 1 72 0
25988 297.356 8.11259 0.01 1 26 0
26027 309.477 7.83571 0.01 1 72 0
26040 297.356 8.11259 0.01 1 25 0
26041 297.356 8.11259 0.01 1 26 0
26044 297.356 8.31243 0.01 1 26 0
26050 297.356 8.11259 0.01 1 26 0
26058 297.356 8.11259 0.01 1 25 0
26098 296.019 8.06375 0.01 1 26 0
26185 297.356 8.11259 0.01 1 26 0
26290 297.356 8.11259 0.01 1 25 0
26312 297.356 8.11259 0.01 1 26 0
26324 297.356 8.11259 0.01 1 26 0
26333 297.524 8.11259 0.01 1 26 -0.00214698
26354 308.435 8.07961 0.01 1 72 0
26368 317.39 8.28089 0.01 1 104 0
26424 296.019 8.06375 0.01 1 26 0
26428 317.39 8.4136 0.01 1 104 0
26443 297.356 8.11259 0.01 1 25 0
26523 315.212 8.40335 0.01 1 103 -0.0172177
26534 297.356 8.10742 0.01 1 25 0
26566 297.356 8.11259 0.01 1 26 0
26592 317.676 8.28089 0.01 1 104 0.00410827
26600 296.019 8.06375 0.01 1 26 0
26602 310.053 7.96942 0.01 1 72 0
26615 297.356 8.25891 0.01 1 25 0
26620 297.356 8.11259 0.01 1 26 0
26663 317.39 8.57997 0.01 1 103 0
26716 309.789 7.75268 0.01 1 72 0
26719 317.39 8.31951 0.01 1 103 0
26744 310.782 8.07983 0.01 1 72 -1.2815e-05
26786 308.191 7.92157 0.01 1 72 -2.31415e-05
26842 309.008 7.78633 0.01 1 72 0
26881 296.677 8.11259 0.01 1 26 0
26895 295.38 8.18713 0.01 1 26 0
26905 318.182 8.28089 0.01 1 103 0
26955 297.356 8.11259 0.01 1 26 0
26977 316.416 8.40335 0.01 1 103 0
26996 317.299 8.31951 0.01 1 103 0
27023 318.182 8.28089 0.01 1 104 0
27077 297.81 8.18713 0.01 1 26 0
27099 310.741 7.93176 0.01 1 72 0
27130 297.356 8.11259 0.01 1 26 0
27248 297.356 8.11259 0.01 1 26 0
27266 297.356 8.18713 0.01 1 25 0
27295 308.049 7.75268 0.01 1 72 0
27319 296.019 8.06375 0.01 1 26 0
27359 297.356 8.11259 0.01 1 26 0
27453 307.832 7.74988 0.01 1 72 0
27630 297.356 8.11259 0.01 1 26 0
27648 297.356 8.11259 0.01 1 24 0
27659 297.356 8.11259 0.01 1 26 0
27682 297.356 8.11259 0.01 1 24 0
27692 317.39 8.40335 0.01 1 103 0
27697 297.356 8.11259 0.01 1 25 0
27726 297.356 8.11259 0.01 1 25 0
27767 296.042 7.96737 0.01 1 26 -0.00256678
27820 310.199 8.00191 0.01 1 72 0
27886 310.189 7.87427 0.01 1 72 0
27915 296.677 8.18054 0.01 1 26 0
28015 297.356 8.11259 0.01 1 26 0
28071 297.356 8.11259 0.01 1 26 0
28123 309.233 8.01204 0.01 1 72 0
28219 317.39 8.28089 0.01 1 104 0
28229 297.356 8.11259 0.01 1 26 0
28268 295.38 8.18713 0.01 1 26 0.0271492
28322 308.435 8.07961 0.01 1 72 0
28337 297.356 8.16809 0.01 1 26 0
28366 297.356 8.18713 0.01 1 26 0
28373 297.356 8.30329 0.01 1 26 -0.000160493
28382 297.356 8.11259 0.01 1 24 0
28420 317.39 8.40335 0.01 1 103 0
28432 297.356 8.11259 0.01 1 26 0
28439 297.356 8.11259 0.01 1 26 0
28474 297.356 8.18713 0.01 1 26 0
28511 296.273 8.06375 0.01 1 26 -0.00357235
28559 317.39 8.40335 0.01 1 105 0
28596 297.356 8.18713 0.01 1 26 0
28600 297.356 8.11259 0.01 1 26 0
28636 309.967 7.61633 0.01 1 72 0
28710 310.757 7.71882 0.01 1 72 0
28809 297.356 8.18713 0.01 1 26 0
28861 308.65 8.09847 0.01 1 72 0
28886 317.39 8.40335 0.01 1 103 0
28894 297.356 8.11259 0.01 1 26 0
28926 297.356 8.11259 0.01 1 25 0
28959 295.976 8.10334 0.01 1 26 0
28966 312.305 7.37223 0.01 1 72 0
29073 297.356 8.11259 0.01 1 26 0
29080 308.218 7.67593 0.01 1 72 0
29156 317.861 8.08453 0.01 1 103 0
29179 308.788 8.03546 0.01 1 72 0
29186 311.846 7.96695 0.01 1 72 0
29212 306.328 7.98834 0.01 1 72 0
29275 310.757 7.71882 0.01 1 72 0
29278 297.356 8.18713 0.01 1 26 0
29303 297.356 8.11259 0.01 1 25 0
29338 296.019 8.06375 0.01 1 26 0
29360 297.356 8.08743 0.01 1 26 0
29429 297.356 8.11259 0.01 1 26 0
29539 318.182 8.28089 0.01 1 103 0
29548 307.832 7.74988 0.01 1 72 0
29586 297.356 8.04278 0.01 1 26 0
29617 296.677 8.11259 0.01 1 26 0
29636 316.416 8.40335 0.01 1 103 0
29653 297.356 8.11259 0.01 1 26 0
29710 308.435 8.07961 0.01 1 72 0
29732 317.39 8.4136 0.01 1 105 0
29799 316.995 8.28089 0.01 1 103 0
29833 317.39 8.22102 0.01 1 103 0
29838 310.741 8.03479 0.01 1 72 0
29897 309.789 7.75268 0.01 1 72 0
29903 298.148 8.11259 0.01 1 26 -0.0106748
30007 297.356 8.11259 0.01 1 26 0
30008 297.356 8.18713 0.01 1 26 0
30020 297.464 8.11259 0.01 1 26 0
30059 296.677 8.11259 0.01 1 26 0
30114 297.356 8.11259 0.01 1 26 0
30122 297.356 8.11259 0.01 1 26 0
30166 297.356 8.11259 0.01 1 26 0
30172 295.38 8.18713 0.01 1 24 0
30184 317.39 8.4136 0.01 1 105 0
30197 297.356 8.20627 0.01 1 26 0
30252 307.832 7.74988 0.01 1 72 0
30285 297.356 8.21144 0.01 1 26 0
30286 297.356 8.21992 0.01 1 25 0
30389 297.356 8.11259 0.01 1 24 0
30457 297.356 8.11259 0.01 1 26 0
30570 295.38 8.18713 0.01 1 26 0
30593 297.356 8.31243 0.01 1 25 0
30611 317.861 8.08453 0.01 1 104 0
30612 297.356 8.11259 0.01 1 26 0
30616 297.356 8.11259 0.01 1 25 0
30619 306.604 8.0826 0.01 1 72 0
30644 297.356 8.11259 0.01 1 26 0
30711 311.689 8.36026 0.01 1 72 -0.00158596
30803 307.982 7.8959 0.01 1 72 0
30809 310.751 7.71882 0.01 1 72 3.40939e-05
30871 297.356 8.11259 0.01 1 26 0
30876 297.356 8.11259 0.01 1 25 0
30943 297.356 8.11259 0.01 1 26 0
30967 297.356 8.11259 0.01 1 26 0
30991 297.356 8.11259 0.01 1 26 0
31012 297.356 8.11259 0.01 1 26 0
31062 296.042 8.11259 0.01 1 26 0
31088 318.875 8.4136 0.01 1 103 0
31102 297.356 8.21992 0.01 1 25 0
31172 297.356 8.11259 0.01 1 25 0
31251 297.356 8.11259 0.01 1 26 0
31292 309.028 8.58584 0.01 1 72 0
31457 309.118 7.72333 0.01 1 72 0
31463 311.029 7.78633 0.01 1 72 0
31479 297.356 8.11259 0.01 1 25 0
31493 297.356 8.11259 0.01 1 26 0
31509 297.356 8.11259 0.01 1 26 0
31590 295.38 8.18713 0.01 1 25 0
31591 311.296 7.71882 0.01 1 72 -0.00355236
31670 297.356 8.11259 0.01 1 26 0
31690 297.356 8.11259 0.01 1 26 0
31741 297.356 8.11259 0.01 1 25 0
31754 297.356 8.11259 0.01 1 24 0
31830 307.832 7.74988 0.01 1 72 0
31903 310.835 7.4686 0.01 1 72 0
32017 295.976 8.10334 0.01 1 26 0
32066 297.356 8.11259 0.01 1 25 0
32218 297.356 8.11259 0.01 1 26 0
32248 297.356 8.11259 0.01 1 25 0
32267 308.299 7.6672 0.01 1 72 0
32284 295.38 8.18713 0.01 1 25 0
32290 297.356 8.11259 0.01 1 26 0
32336 297.356 8.11259 0.01 1 26 0
32406 309.789 7.75268 0.01 1 72 0
32428 310.757 7.71882 0.01 1 72 0
32482 309.233 8.01204 0.01 1 72 0
32491 297.356 8.11259 0.01 1 25 0
32593 318.182 8.26421 0.01 1 104 0
32600 307.317 8.01204 0.01 1 72 0
32610 318.182 8.28089 0.01 1 105 0
32616 310.741 8.03479 0.01 1 72 0
32634 296.042 8.11259 0.01 1 26 0
32745 297.356 8.11259 0.01 1 26 0
32765 308.611 7.67593 0.01 1 72 0
32788 309.999 8.19199 0.01 1 72 0
32790 317.299 8.31951 0.01 1 103 0
32835 297.356 8.11259 0.01 1 26 0
32869 297.356 8.08743 0.01 1 26 -0.000454091
32874 295.38 8.0022 0.01 1 26 0
32889 297.81 8.18713 0.01 1 26 -0.00573107
32947 297.356 8.11259 0.01 1 26 0
32952 297.356 8.11259 0.01 1 26 0
32973 297.356 8.31243 0.01 1 25 0
33031 297.356 8.11259 0.01 1 26 0
33038 297.356 8.11259 0.01 1 25 0
33058 297.356 8.11259 0.01 1 26 0
33115 310.757 7.71882 0.01 1 72 0
33136 310.171 8.33375 0.01 1 72 0
33137 317.834 8.28089 0.01 1 103 0
33140 309.697 7.70166 0.01 1 72 0
33151 296.019 8.06375 0.01 1 26 0
33173 317.39 8.28089 0.01 1 104 0
33198 297.356 8.11259 0.01 1 26 0
33215 308.65 8.09847 0.01 1 72 0
33219 307.832 7.74988 0.01 1 72 0
33221 297.356 8.11259 0.01 1 26 0
33325 306.924 7.72545 0.01 1 72 0
33419 297.356 8.11259 0.01 1 25 0
33509 297.356 8.11259 0.01 1 26 0
33623 297.356 8.11259 0.01 1 26 0
33629 308.301 8.58584 0.01 1 72 0
33672 317.901 8.28089 0.01 1 103 0
33760 297.356 8.11259 0.01 1 25 0
33810 297.356 8.11259 0.01 1 26 0
33870 309.028 8.62796 0.01 1 72 0
33885 317.39 8.22102 0.01 1 103 0
33936 297.356 8.11259 0.01 1 25 0
34012 317.39 8.40335 0.01 1 104 0
34036 317.39 8.40335 0.01 1 103 0
34092 317.39 8.40335 0.01 1 104 0
34122 317.39 8.19988 0.01 1 103 0
34160 307.033 8.0042 0.01 1 72 0
34214 297.356 8.21992 0.01 1 25 0
34228 297.356 8.11259 0.01 1 26 0
34241 298.315 8.11259 0.01 1 26 0
34294 308.191 8.01204 0.01 1 72 0
34316 297.889 8.06375 0.01 1 26 -0.0248208
34344 317.834 8.28089 0.01 1 103 -0.0205356
34422 308.299 7.6672 0.01 1 72 0
34427 297.356 8.11259 0.01 1 26 0
34450 297.356 8.11259 0.01 1 26 0
34471 297.356 8.11259 0.01 1 26 0
34514 317.39 8.40335 0.01 1 103 0
34527 297.356 8.11259 0.01 1 26 0
34574 317.39 8.28089 0.01 1 104 0
34578 297.356 8.11259 0.01 1 26 0
34584 297.356 8.11259 0.01 1 26 0
34646 297.464 8.11259 0.01 1 26 0
34657 311.012 7.4686 0.01 1 72 0
34691 297.356 8.11259 0.01 1 26 0
34763 308.411 7.99059 0.01 1 72 0
34833 297.356 8.18713 0.01 1 26 0
34839 310.835 7.4686 0.01 1 72 0
34866 310.741 8.03479 0.01 1 72 0
34885 296.019 8.06375 0.01 1 26 0
34933 317.39 8.4136 0.01 1 104 0
34964 297.356 8.11259 0.01 1 26 0
34973 317.39 8.57997 0.01 1 103 0
34979 317.39 8.40335 0.01 1 103 0
34983 297.356 8.11259 0.01 1 26 0
35053 297.356 8.11259 0.01 1 25 0
35076 297.356 8.11259 0.01 1 26 0
35094 297.356 8.11259 0.01 1 24 0
35095 297.356 8.11259 0.01 1 26 0
35112 317.39 8.40335 0.01 1 104 0
35140 297.356 8.31243 0.01 1 26 0
35197 297.356 8.11259 0.01 1 25 0
35216 317.39 8.40335 0.01 1 103 0
35220 297.356 8.11259 0.01 1 26 0
35235 297.356 8.11259 0.01 1 26 0
35258 297.356 8.11259 0.01 1 26 0
35263 306.329 7.54918 0.01 1 72 0
35277 296.677 8.11259 0.01 1 26 0
35400 310.741 8.03479 0.01 1 72 0
35409 308.049 7.75268 0.01 1 72 0
35471 310.741 8.03479 0.01 1 72 0
35517 306.924 7.91883 0.01 1 72 0
35546 297.356 8.11259 0.01 1 26 0
35563 297.356 8.11259 0.01 1 26 0
35606 295.38 8.18713 0.01 1 26 0
35652 297.356 8.21992 0.01 1 25 0
35683 307.697 7.90982 0.01 1 72 0
35715 297.356 8.11259 0.01 1 26 0
35734 297.356 8.04278 0.01 1 26 0
35798 297.356 8.11259 0.01 1 25 0
35807 297.356 8.11259 0.01 1 26 0
35848 315.693 8.29085 0.01 1 104 -0.024575
35855 297.356 8.04278 0.01 1 26 0
35899 295.38 8.18713 0.01 1 25 0
35905 297.356 8.11259 0.01 1 25 0
35922 297.356 8.11259 0.01 1 26 0
35925 306.773 8.07722 0.01 1 72 0
35942 297.356 8.11259 0.01 1 25 0
35949 307.832 7.74988 0.01 1 72 0
35962 297.348 8.10667 0.01 1 26 0.000111215
36114 297.356 8.11259 0.01 1 26 0
36183 307.832 7.74988 0.01 1 72 0
36192 297.356 8.11259 0.01 1 25 0
36259 297.356 8.11259 0.01 1 26 0
36291 297.356 8.11259 0.01 1 26 0
36299 310.189 7.87427 0.01 1 72 0
36306 297.356 8.22241 0.01 1 25 0
36332 317.39 8.43662 0.01 1 104 0
36349 309.697 7.68576 0.01 1 72 -3.35276e-06
36356 317.39 8.40335 0.01 1 103 0
36360 317.299 8.31951 0.01 1 103 0
36427 318.875 8.4136 0.01 1 103 0
36430 297.356 8.11259 0.01 1 26 0
36486 297.356 8.16556 0.01 1 26 0
36489 296.042 8.11259 0.01 1 26 0
36507 297.356 8.11259 0.01 1 26 0
36512 297.356 8.30329 0.01 1 26 0
36526 307.723 8.46397 0.01 1 72 0
36607 297.356 8.11259 0.01 1 26 0
36632 309.966 7.74174 0.01 1 72 0
36644 318.569 8.40335 0.01 1 103 0
36649 310.782 8.22157 0.01 1 72 9.61572e-05
36766 317.39 8.40335 0.01 1 104 0
36776 296.042 8.17306 0.01 1 26 0
37024 317.39 8.40335 0.01 1 105 0
37033 297.356 8.11259 0.01 1 26 0
37061 297.356 8.11259 0.01 1 26 0
37123 297.356 8.11259 0.01 1 26 0
37135 317.39 8.4136 0.01 1 104 0
37143 297.356 8.04278 0.01 1 26 0
37218 297.356 8.11259 0.01 1 26 0
37221 297.356 8.11259 0.01 1 26 0
37270 309.028 8.62796 0.01 1 72 0
37278 311.846 7.96695 0.01 1 72 0
37301 316.784 8.32022 0.01 1 104 0
37370 309.477 7.89944 0.01 1 72 0
37381 310.741 7.93176 0.01 1 72 0
37446 297.356 8.11259 0.01 1 26 0
37476 317.39 8.43662 0.01 1 104 0
37499 309.697 7.70166 0.01 1 72 -3.17991e-05
37523 307.317 8.01204 0.01 1 72 0
37609 296.985 8.18713 0.01 1 26 0
37694 297.356 8.11259 0.01 1 25 0
37706 297.356 8.11259 0.01 1 25 0
37717 297.356 8.11259 0.01 1 26 0
37722 297.356 8.11259 0.01 1 26 0
37759 317.735 8.40335 0.01 1 103 0.0047877
37862 308.828 8.07722 0.01 1 72 0
37898 317.39 8.28089 0.01 1 104 0
37907 317.861 8.08453 0.01 1 103 0
37911 297.356 8.11259 0.01 1 26 0
37935 318.182 8.28089 0.01 1 103 0
37948 307.697 7.90982 0.01 1 72 0
38027 297.356 8.11259 0.01 1 25 0
38144 297.356 8.11259 0.01 1 26 0
38194 296.985 8.18713 0.01 1 26 0
38216 309.008 7.78633 0.01 1 72 0
38290 297.356 8.11422 0.01 1 26 -0.00130723
38292 297.356 8.11259 0.01 1 26 0
38309 297.356 8.11259 0.01 1 25 0
38329 297.356 8.18713 0.01 1 26 0
38356 297.356 8.11259 0.01 1 26 0
38409 317.39 8.29085 0.01 1 104 0
38457 317.39 8.28089 0.01 1 104 0
38478 297.356 8.11259 0.01 1 26 0
38494 308.611 7.67593 0.01 1 72 0
38531 297.356 8.04278 0.01 1 26 0
38539 297.356 8.11259 0.01 1 25 0
38561 318.875 8.4136 0.01 1 103 0
38585 309.632 8.00838 0.01 1 72 0
38594 297.356 8.11259 0.01 1 26 0
38657 297.356 8.19196 0.01 1 26 0
38710 318.182 8.26421 0.01 1 105 0
38714 309.118 7.72333 0.01 1 72 0
38719 296.019 8.06375 0.01 1 26 0
38836 307.982 7.8959 0.01 1 72 0
38840 308.191 8.01204 0.01 1 72 0
38870 317.39 8.28089 0.01 1 104 0
38948 318.182 8.26421 0.01 1 105 0
38953 297.324 8.06375 0.01 1 26 0
38963 297.356 8.11259 0.01 1 26 0
39005 307.832 7.74988 0.01 1 72 0
39012 297.356 8.11259 0.01 1 26 0
39016 310.741 8.03479 0.01 1 72 0
39076 317.239 8.40335 0.01 1 105 0
39150 297.464 8.11259 0.01 1 26 0
39194 311.029 7.78633 0.01 1 72 0
39200 297.356 8.11259 0.01 1 26 0
39202 297.356 8.10742 0.01 1 25 0
39324 319.389 8.28089 0.01 1 103 0
39333 317.39 8.40335 0.01 1 104 0
39354 297.356 8.11259 0.01 1 25 0
39407 308.435 8.07961 0.01 1 72 0
39440 297.356 8.11259 0.01 1 25 0
39455 296.985 8.25514 0.01 1 26 0
39473 310.782 8.13624 0.01 1 72 0
39482 297.356 8.11259 0.01 1 26 0
39568 296.985 8.18713 0.01 1 26 0
39630 295.38 8.18713 0.01 1 26 0
39636 297.356 8.11259 0.01 1 25 0
39644 297.356 8.11259 0.01 1 25 0
39682 317.39 8.40335 0.01 1 103 0
39753 307.982 7.8959 0.01 1 72 0
39773 297.356 8.08743 0.01 1 26 0
39813 308.435 8.03928 0.01 1 72 0
39872 310.741 8.03479 0.01 1 72 0
39917 297.356 8.11259 0.01 1 26 0
39970 310.835 7.4686 0.01 1 72 0
40033 311.462 8.36026 0.01 1 72 0
40075 309.856 8.58584 0.01 1 72 0
40078 317.834 8.28089 0.01 1 103 0
40109 317.39 8.40335 0.01 1 105 0
40251 317.39 8.4136 0.01 1 105 0
40262 317.39 8.4136 0.01 1 105 0
40312 308.301 8.58584 0.01 1 72 0
40317 310.741 8.03479 0.01 1 72 0
40357 310.171 8.33375 0.01 1 72 0
40379 317.39 8.40335 0.01 1 104 0
