max_pf 96 min_pf 42
individual T0 sigma disp_rate r0 patch_no mut_eff
37 304.671 7.79411 0.01 1 43 0
39 305.427 7.69363 0.01 1 72 0
49 304.311 7.79411 0.01 1 44 0
70 304.671 7.79411 0.01 1 43 0
92 304.201 7.79411 0.01 1 44 0
114 304.671 7.79411 0.01 1 44 0
141 304.671 7.79411 0.01 1 43 0
190 304.201 7.79411 0.01 1 44 0
206 313.431 8.22552 0.01 1 94 0.000454366
225 304.671 7.79411 0.01 1 44 0
226 304.671 7.79411 0.01 1 44 0
242 315.678 8.18923 0.01 1 95 0
281 308.214 8.64157 0.01 1 72 0
282 307.407 7.78645 0.01 1 72 0
283 304.311 7.79411 0.01 1 44 0
284 304.671 7.79411 0.01 1 44 0
292 304.201 7.79411 0.01 1 44 0
297 313.431 8.18519 0.01 1 94 0
309 304.671 7.79411 0.01 1 44 0
331 304.671 7.94257 0.01 1 44 0
341 315.678 8.18923 0.01 1 95 0
352 310.622 8.28179 0.01 1 94 0
363 304.671 7.91629 0.01 1 43 0.00224103
366 310.113 8.06175 0.01 1 72 0
373 310.113 8.06175 0.01 1 72 0
418 304.671 7.79411 0.01 1 44 0
420 315.678 8.18923 0.01 1 95 0
424 307.407 7.69363 0.01 1 72 0
439 315.678 8.12743 0.01 1 95 0
443 305.315 7.79411 0.01 1 44 0
445 310.141 8.24369 0.01 1 72 0
452 304.671 7.79411 0.01 1 43 0
477 307.715 8.03334 0.01 1 72 0
479 306.475 7.98717 0.01 1 43 0
489 304.671 7.79411 0.01 1 44 0
491 307.407 7.85889 0.01 1 72 0
561 315.969 8.18923 0.01 1 96 0
566 305.315 7.79411 0.01 1 43 0
646 308.552 7.6557 0.01 1 72 -7.94828e-05
653 315.678 8.18923 0.01 1 95 0
665 315.678 8.18923 0.01 1 94 0
674 315.678 8.12743 0.01 1 94 0
687 308.275 8.06958 0.01 1 72 0
688 305.427 7.69363 0.01 1 72 0
710 304.671 7.79411 0.01 1 44 0
713 307.896 7.91536 0.01 1 72 0
754 309.349 7.9251 0.01 1 72 -4.36604e-06
756 315.678 8.12743 0.01 1 94 0
773 315.678 8.18923 0.01 1 95 0
804 304.671 7.79411 0.01 1 44 0
820 304.671 7.79831 0.01 1 44 0
844 302.686 7.79411 0.01 1 44 0
858 304.671 7.79411 0.01 1 43 0
896 310.812 8.10892 0.01 1 72 0
914 315.678 8.22324 0.01 1 94 0
936 304.671 7.71938 0.01 1 44 0
942 304.671 7.79411 0.01 1 42 0
954 315.678 8.18923 0.01 1 94 0
955 306.273 7.79411 0.01 1 44 0
960 315.678 8.18923 0.01 1 94 0
979 308.608 7.6557 0.01 1 72 0
1003 315.678 8.12743 0.01 1 95 0
1063 306.609 8.12399 0.01 1 72 0
1076 311.409 8.51255 0.01 1 72 0
1117 304.671 7.79411 0.01 1 44 0
1198 315.678 8.12743 0.01 1 95 0
1212 304.201 7.79411 0.01 1 43 0
1216 315.678 8.18923 0.01 1 94 0
1235 305.771 7.98717 0.01 1 43 0
1265 304.671 7.79411 0.01 1 43 0
1271 307.422 7.98717 0.01 1 43 -0.0108909
1335 315.678 8.18923 0.01 1 94 0
1359 310.812 7.94106 0.01 1 72 0
1361 304.671 7.85663 0.01 1 44 0.00112992
1371 317.986 8.18923 0.01 1 94 0
1421 305.793 7.98717 0.01 1 42 -0.000275061
1430 306.412 7.79411 0.01 1 44 0
1433 304.671 7.79411 0.01 1 43 0
1473 315.678 8.18923 0.01 1 95 0
1521 305.771 7.98717 0.01 1 42 0
1526 315.678 8.2932 0.01 1 94 0.00060086
1532 319.758 8.18923 0.01 1 94 0.00583491
1565 304.671 7.79411 0.01 1 43 0
1588 315.678 8.18923 0.01 1 94 0
1633 313.431 8.18519 0.01 1 95 0
1664 315.678 8.12743 0.01 1 94 0
1696 304.671 7.79411 0.01 1 43 0
1713 304.201 7.79411 0.01 1 44 0
1730 304.671 7.72599 0.01 1 43 0
1736 308.424 8.35484 0.01 1 72 0
1739 315.678 8.18923 0.01 1 95 0
1755 305.315 7.79411 0.01 1 43 0
1780 304.671 7.79411 0.01 1 44 0
1862 315.678 8.18923 0.01 1 94 0
1891 305.771 7.98717 0.01 1 44 0
1892 304.671 7.79411 0.01 1 43 0
1899 315.678 8.18923 0.01 1 95 0
1929 308.608 7.6557 0.01 1 72 0
1940 306.475 7.98717 0.01 1 44 0
1941 315.678 8.18923 0.01 1 94 0
1948 304.201 7.79411 0.01 1 43 0
1952 305.369 7.98717 0.01 1 42 0.00530546
1985 311.332 8.35707 0.01 1 72 -0.00202973
2081 317.986 8.18923 0.01 1 94 0
2086 304.671 7.79411 0.01 1 44 0
2103 305.315 7.78788 0.01 1 43 -0.000116706
2124 308.887 8.01152 0.01 1 72 0
2125 310.616 7.87251 0.01 1 72 0
2144 315.678 8.18923 0.01 1 96 0
2150 315.678 8.12743 0.01 1 95 0
2176 304.671 7.79411 0.01 1 43 0
2183 311.035 7.96462 0.01 1 72 0
2187 310.616 7.87251 0.01 1 72 0
2197 310.616 7.8153 0.01 1 72 0
2199 310.141 8.24369 0.01 1 72 0
2212 315.678 8.18923 0.01 1 95 0
2218 308.115 7.91536 0.01 1 72 0
2221 304.671 7.79411 0.01 1 44 0
2224 304.671 7.79411 0.01 1 43 0
2228 304.671 7.79411 0.01 1 44 0
2233 317.986 8.18923 0.01 1 95 0
2241 304.671 7.79411 0.01 1 43 0
2255 307.125 7.78045 0.01 1 72 0
2266 305.315 7.79411 0.01 1 43 0
2268 313.431 8.18519 0.01 1 94 0
2282 304.671 7.79411 0.01 1 43 0
2303 304.671 7.79411 0.01 1 43 0
2305 310.751 7.88236 0.01 1 72 0
2307 306.537 7.49987 0.01 1 72 0
2312 315.678 8.12743 0.01 1 95 0
2317 305.771 7.98717 0.01 1 43 0
2363 302.739 7.79411 0.01 1 44 0
2440 310.616 7.8153 0.01 1 72 0
2476 308.115 7.91536 0.01 1 72 0
2478 315.678 8.18923 0.01 1 94 0
2485 307.257 7.81504 0.01 1 72 0
2492 307.407 7.78645 0.01 1 72 0
2493 308.115 7.91647 0.01 1 72 0
2528 304.311 7.82839 0.01 1 43 0
2541 315.678 8.18923 0.01 1 96 0
2553 304.671 7.79411 0.01 1 43 0
2564 308.608 7.73934 0.01 1 72 0
2617 304.671 7.79411 0.01 1 44 0
2624 304.671 7.79411 0.01 1 43 0
2635 305.315 7.79411 0.01 1 43 0
2649 304.671 7.79411 0.01 1 44 0
2659 304.671 7.79411 0.01 1 43 0
2680 315.678 8.18923 0.01 1 94 0
2693 304.671 7.79411 0.01 1 43 0
2697 315.678 8.22324 0.01 1 94 0
2724 308.115 7.91536 0.01 1 72 0
2760 315.678 8.12743 0.01 1 95 0
2763 317.986 8.18923 0.01 1 94 0
2767 304.671 7.79411 0.01 1 43 0
2806 313.431 8.18519 0.01 1 94 0
2812 307.474 7.96378 0.01 1 72 0
2842 304.671 7.79411 0.01 1 44 0
2873 315.678 8.12743 0.01 1 94 0
2914 315.678 8.18923 0.01 1 96 0
2917 304.671 7.79411 0.01 1 43 0
2932 315.678 8.18923 0.01 1 94 0
2933 310.113 8.06175 0.01 1 72 0
2937 311.558 8.39608 0.01 1 72 0
2954 304.671 7.79411 0.01 1 44 0
2976 306.759 7.6717 0.01 1 72 0
2977 304.671 7.69903 0.01 1 43 0
2985 304.671 7.79411 0.01 1 43 0
2998 309.07 7.54338 0.01 1 72 0
3005 302.739 7.79411 0.01 1 44 0
3039 304.671 7.79411 0.01 1 43 0
3045 305.369 7.98717 0.01 1 43 0
3077 304.671 7.79411 0.01 1 44 0
3078 310.141 8.24369 0.01 1 72 0
3079 309.051 7.6557 0.01 1 72 0
3104 308.772 7.9484 0.01 1 72 0
3105 308.537 7.98877 0.01 1 72 0
3134 304.311 7.79411 0.01 1 44 0
3135 305.369 7.98717 0.01 1 44 0
3163 304.671 7.79411 0.01 1 44 0
3175 305.42 7.79411 0.01 1 43 -0.0103347
3194 304.671 7.79411 0.01 1 43 0
3210 309.07 7.54338 0.01 1 72 0
3228 307.125 7.77575 0.01 1 72 0
3236 315.569 8.18923 0.01 1 94 0
3266 308.772 7.9484 0.01 1 72 0
3267 304.671 7.79411 0.01 1 43 0
3272 308.424 8.35484 0.01 1 72 0
3291 304.671 7.79411 0.01 1 44 0
3299 304.671 7.79411 0.01 1 44 0
3320 315.678 8.18923 0.01 1 95 0
3321 307.896 7.82008 0.01 1 72 0
3346 305.771 7.98717 0.01 1 44 0
3386 307.667 7.86564 0.01 1 72 0
3423 304.671 7.79411 0.01 1 43 0
3471 310.751 7.97855 0.01 1 72 0
3486 304.671 7.79411 0.01 1 43 0
3597 304.671 7.79411 0.01 1 43 0
3646 311.208 7.9883 0.01 1 72 0
3656 305.369 8.06861 0.01 1 43 0
3693 304.671 7.79411 0.01 1 44 0
3729 304.671 7.79411 0.01 1 44 0
3770 304.671 7.79411 0.01 1 44 0
3822 307.407 7.85889 0.01 1 72 0
3834 317.986 8.18923 0.01 1 96 0
3848 304.97 7.98717 0.01 1 44 0
3862 304.671 7.79831 0.01 1 44 0
3868 306.006 7.98717 0.01 1 44 -0.00314972
3882 304.671 7.79831 0.01 1 44 0
3908 308.275 8.06958 0.01 1 72 0
3922 305.369 7.98717 0.01 1 43 0
3956 310.751 7.97855 0.01 1 72 0
4023 304.671 7.79411 0.01 1 44 0
4030 309.242 8.11614 0.01 1 72 0
4045 306.537 7.49987 0.01 1 72 0
4050 315.678 8.18923 0.01 1 94 0
4053 304.671 7.79411 0.01 1 43 0
4061 315.678 8.18923 0.01 1 96 0
4062 304.671 7.79411 0.01 1 43 0
4075 315.678 8.18923 0.01 1 94 0
4078 315.678 8.22324 0.01 1 94 0
4114 310.751 7.97855 0.01 1 72 0
4121 308.67 7.92892 0.01 1 72 0
4126 315.678 8.18923 0.01 1 95 0
4160 308.608 7.6557 0.01 1 72 0
4168 315.678 8.18923 0.01 1 94 0
4184 315.569 8.18923 0.01 1 94 0
4203 310.141 8.27742 0.01 1 72 0
4209 304.671 7.79411 0.01 1 44 0
4233 306.055 7.35298 0.01 1 72 0
4249 310.141 8.24369 0.01 1 72 0
4257 304.671 7.79411 0.01 1 43 0
4262 305.771 7.98717 0.01 1 43 0
4289 309.988 7.9883 0.01 1 72 0
4333 308.608 7.73934 0.01 1 72 0
4339 305.369 7.98717 0.01 1 43 0
4385 304.115 7.79411 0.01 1 44 0.0264929
4397 307.407 7.88808 0.01 1 72 0
4419 317.986 8.18923 0.01 1 95 0
4452 307.125 7.78045 0.01 1 72 0
4476 310.751 8.00738 0.01 1 72 0
4523 309.07 7.54338 0.01 1 72 0
4524 304.671 7.79411 0.01 1 43 0
4532 310.488 8.19356 0.01 1 72 0.000286132
4536 304.201 7.79411 0.01 1 43 0
4542 315.678 8.18923 0.01 1 96 0
4554 305.771 7.98717 0.01 1 44 0
4555 304.671 7.79411 0.01 1 42 0
4559 315.678 8.12743 0.01 1 95 0
4589 315.678 8.12743 0.01 1 95 0
4627 305.369 7.98717 0.01 1 43 0
4640 304.671 7.86675 0.01 1 44 0.00131156
4642 315.678 8.12743 0.01 1 95 0
4683 309.051 7.60322 0.01 1 72 0
4693 305.98 7.98717 0.01 1 43 0
4697 304.671 7.79411 0.01 1 43 0
4699 315.678 8.18923 0.01 1 94 0
4713 316.363 8.12743 0.01 1 94 0
4715 304.671 7.69903 0.01 1 44 0
4737 315.678 8.18923 0.01 1 95 0
4738 305.315 7.79411 0.01 1 43 0
4739 308.88 8.10028 0.01 1 72 0.00209142
4745 306.465 7.98717 0.01 1 44 0
4749 315.678 8.18923 0.01 1 94 0
4777 310.113 8.06175 0.01 1 72 0
4779 304.671 7.69903 0.01 1 44 0
4791 305.369 7.98717 0.01 1 43 0
4793 309.605 7.76487 0.01 1 72 0
4799 308.67 7.85968 0.01 1 72 0
4806 308.115 7.91647 0.01 1 72 0
4821 304.97 7.98717 0.01 1 44 0
4825 304.671 7.69903 0.01 1 44 0
4929 309.051 7.6557 0.01 1 72 0
4939 304.671 7.79411 0.01 1 44 0
4955 305.315 7.79411 0.01 1 44 0
4969 304.671 7.79411 0.01 1 44 0
4984 305.771 7.98717 0.01 1 44 0
4989 310.751 7.99198 0.01 1 72 -1.78814e-05
5114 307.407 7.78645 0.01 1 72 0
5153 305.771 7.98717 0.01 1 43 0
5158 310.466 7.9883 0.01 1 72 0
5163 315.678 8.22324 0.01 1 94 0
5170 309.449 8.39608 0.01 1 72 0
5196 304.671 7.79411 0.01 1 44 0
5206 308.67 7.9484 0.01 1 72 0
5226 304.671 7.79411 0.01 1 43 0
5256 310.466 7.9883 0.01 1 72 0
5257 307.715 8.03334 0.01 1 72 0
5271 304.671 7.69903 0.01 1 44 0
5294 307.78 8.22031 0.01 1 44 0
5299 304.671 7.79411 0.01 1 44 0
5312 304.671 7.79411 0.01 1 44 0
5315 308.115 7.91536 0.01 1 72 0
5317 302.739 7.79411 0.01 1 44 0
5329 304.671 7.79411 0.01 1 43 0
5383 309.235 8.02315 0.01 1 72 0
5410 304.671 7.79411 0.01 1 44 0
5419 308.67 7.9484 0.01 1 72 0
5442 304.671 7.79411 0.01 1 44 0
5465 304.671 7.79411 0.01 1 42 0
5491 309.449 8.39608 0.01 1 72 0
5508 304.671 7.79411 0.01 1 44 0
5509 315.678 8.18923 0.01 1 95 0
5518 304.671 7.69903 0.01 1 44 0
5536 304.311 7.79411 0.01 1 44 0
5551 304.671 7.79411 0.01 1 43 0
5612 304.671 7.79411 0.01 1 43 0
5635 305.771 7.98717 0.01 1 44 0
5651 310.751 7.97855 0.01 1 72 0
5708 308.67 7.9484 0.01 1 72 0
5743 315.678 8.12743 0.01 1 95 0
5784 315.678 8.12743 0.01 1 94 0
5805 304.671 7.79411 0.01 1 44 0
5814 307.407 7.78645 0.01 1 72 0
5848 302.739 7.79411 0.01 1 44 0
5861 320.302 8.18923 0.01 1 94 0
5867 304.201 7.79411 0.01 1 43 0
5874 304.311 7.79411 0.01 1 44 0
5889 308.424 8.35484 0.01 1 72 0
5896 305.771 7.98717 0.01 1 44 0
5925 304.671 7.79411 0.01 1 44 0
5951 304.671 7.79411 0.01 1 42 0
5988 304.671 7.79411 0.01 1 43 0
5993 304.671 7.79411 0.01 1 43 0
5996 304.671 7.79411 0.01 1 44 0
6010 309.415 7.60322 0.01 1 72 0
6014 304.671 7.79411 0.01 1 43 0
6029 311.16 8.1181 0.01 1 72 0
6042 315.678 8.22324 0.01 1 94 0
6054 306.838 8.1175 0.01 1 72 0
6073 310.141 8.27742 0.01 1 72 0
6099 304.97 7.98717 0.01 1 44 0
6136 315.678 8.18923 0.01 1 94 0
6141 304.671 7.79411 0.01 1 44 0
6200 315.678 8.12743 0.01 1 94 0
6204 308.115 7.91536 0.01 1 72 0
6208 315.678 8.18923 0.01 1 94 0
6243 305.771 7.98717 0.01 1 44 0
6244 308.608 7.6557 0.01 1 72 0
6250 307.407 7.78645 0.01 1 72 0
6255 310.751 7.97855 0.01 1 72 0
6259 302.739 7.79411 0.01 1 43 0
6265 308.115 7.81006 0.01 1 72 -3.35276e-05
6268 304.201 7.79411 0.01 1 44 0
6279 304.671 7.79411 0.01 1 43 0
6321 302.739 7.79411 0.01 1 44 0
6322 304.823 7.79411 0.01 1 44 0
6334 304.311 7.79411 0.01 1 43 0
6351 307.407 7.85889 0.01 1 72 0
6353 304.671 7.79411 0.01 1 44 0
6418 304.671 7.79411 0.01 1 42 0
6429 304.671 7.79411 0.01 1 44 0
6440 304.671 7.79411 0.01 1 44 0
6462 307.407 7.78645 0.01 1 72 0
6514 310.141 8.24369 0.01 1 72 0
6541 305.771 7.98717 0.01 1 44 0
6544 307.501 8.00738 0.01 1 72 0
6554 305.771 7.98717 0.01 1 44 0
6613 305.315 7.79411 0.01 1 44 0
6634 302.739 7.79411 0.01 1 44 0
6636 309.449 8.32076 0.01 1 72 0
6674 309.449 8.284 0.01 1 72 0
6675 306.838 8.1175 0.01 1 72 0
6677 315.678 8.12743 0.01 1 95 0
6705 315.678 8.18923 0.01 1 95 0
6707 304.671 7.79411 0.01 1 43 0
6746 315.678 8.18923 0.01 1 94 0
6767 304.671 7.94257 0.01 1 44 0
6786 315.678 8.12743 0.01 1 95 0
6787 310.812 7.94106 0.01 1 72 0
6792 317.986 8.18923 0.01 1 95 0
6798 305.427 7.69363 0.01 1 72 0
6855 304.671 7.79411 0.01 1 43 0
6869 309.605 7.76499 0.01 1 72 0
6912 308.608 7.6557 0.01 1 72 0
6920 304.671 7.79411 0.01 1 43 0
6929 304.671 7.69903 0.01 1 44 0
6961 304.671 7.79411 0.01 1 44 0
6963 304.671 7.79411 0.01 1 43 0
6965 315.678 8.28039 0.01 1 95 0
6980 302.739 7.79411 0.01 1 43 0
6996 315.678 8.12743 0.01 1 95 0
7006 305.315 7.79411 0.01 1 44 0
7026 315.678 8.22324 0.01 1 94 0
7050 309.449 8.30322 0.01 1 72 0
7082 317.986 8.23334 0.01 1 95 0
7084 306.475 7.98717 0.01 1 44 0
7085 307.407 7.78645 0.01 1 72 0
7087 304.671 7.79831 0.01 1 44 0
7098 315.678 8.18923 0.01 1 94 0
7101 311.558 8.39608 0.01 1 72 0
7119 315.678 8.12743 0.01 1 95 0
7142 304.671 7.79411 0.01 1 44 0
7167 310.622 8.28179 0.01 1 94 0
7179 305.771 7.98717 0.01 1 44 0
7191 304.671 7.79411 0.01 1 43 0
7197 315.678 8.18923 0.01 1 95 0
7222 304.671 7.69903 0.01 1 43 0
7260 305.315 7.79411 0.01 1 44 0
7276 304.671 7.79411 0.01 1 43 0
7323 317.986 8.18923 0.01 1 94 0
7327 306.759 7.6717 0.01 1 72 0
7328 304.671 7.79411 0.01 1 43 0
7330 304.671 7.79411 0.01 1 43 0
7342 305.771 7.80497 0.01 1 44 -0.0033652
7345 305.369 7.98717 0.01 1 43 0
7357 306.412 7.79411 0.01 1 44 0
7377 304.671 7.79411 0.01 1 43 0
7463 305.369 7.98717 0.01 1 43 0
7504 304.671 7.79411 0.01 1 43 0
7534 313.431 8.18519 0.01 1 94 0
7535 310.751 8.00738 0.01 1 72 0
7543 309.121 7.76001 0.01 1 72 0
7601 304.671 7.79411 0.01 1 42 0
7607 304.671 7.79411 0.01 1 44 0
7615 310.751 8.00738 0.01 1 72 0
7631 302.739 7.79411 0.01 1 44 0
7646 304.671 7.79411 0.01 1 44 0
7676 305.771 7.9413 0.01 1 44 -0.00083895
7704 305.771 7.98717 0.01 1 44 0
7728 305.971 7.79411 0.01 1 44 0
7732 306.465 7.98717 0.01 1 44 0
7738 304.671 7.79411 0.01 1 44 0
7756 307.422 7.98717 0.01 1 43 0
7775 304.671 7.79411 0.01 1 44 0
7804 304.671 7.79411 0.01 1 43 0
7854 304.671 7.79411 0.01 1 43 0
7871 309.988 7.9883 0.01 1 72 0
7907 310.113 8.06175 0.01 1 72 0
7928 313.431 8.33038 0.01 1 94 0.000147298
7966 305.771 7.98717 0.01 1 43 0
7977 306.465 7.98717 0.01 1 44 0
7983 304.671 7.79411 0.01 1 43 0
7991 304.671 7.69788 0.01 1 44 -0.00171684
8012 308.772 7.9484 0.01 1 72 0
8016 310.616 7.8153 0.01 1 72 0
8018 304.97 7.98717 0.01 1 44 0
8031 315.678 8.18923 0.01 1 94 0
8039 315.678 8.18923 0.01 1 94 0
8049 305.771 7.98717 0.01 1 44 0
8063 307.257 7.81504 0.01 1 72 0
8084 305.771 7.98717 0.01 1 44 0
8116 315.678 8.18923 0.01 1 94 0
8122 305.771 7.98717 0.01 1 44 0
8145 314.802 8.18923 0.01 1 96 0
8154 309.677 7.96462 0.01 1 72 0
8165 315.678 8.18923 0.01 1 94 0
8201 310.698 8.3193 0.01 1 72 0
8214 310.23 8.12173 0.01 1 72 0
8223 315.678 8.18923 0.01 1 96 0
8244 304.671 7.74139 0.01 1 44 0
8257 307.407 7.78645 0.01 1 72 0
8271 304.671 7.79411 0.01 1 44 0
8282 309.051 7.6557 0.01 1 72 0
8328 304.671 7.79411 0.01 1 43 0
8370 304.671 7.74139 0.01 1 44 0
8380 315.678 8.12743 0.01 1 95 0
8421 305.771 7.98717 0.01 1 43 0
8425 304.671 7.79411 0.01 1 44 0
8438 305.771 7.98717 0.01 1 44 0
8440 304.671 7.79411 0.01 1 44 0
8446 306.475 7.89946 0.01 1 43 -0.00160073
8476 315.678 8.18923 0.01 1 95 0
8517 315.678 8.18923 0.01 1 94 0
8518 307.407 7.85889 0.01 1 72 0
8519 304.671 7.79411 0.01 1 44 0
8525 305.682 7.79411 0.01 1 44 -0.0143403
8536 302.739 7.79411 0.01 1 44 0
8575 315.678 8.18923 0.01 1 96 0
8607 309.415 7.60322 0.01 1 72 0
8631 315.678 8.12743 0.01 1 94 0
8649 305.771 7.98717 0.01 1 44 0
8650 317.986 8.18923 0.01 1 94 0
8668 306.759 7.6717 0.01 1 72 0
8683 308.552 7.6557 0.01 1 72 0
8696 302.739 7.79411 0.01 1 43 0
8698 308.608 7.73934 0.01 1 72 0
8700 304.671 7.79411 0.01 1 43 0
8743 304.671 7.79411 0.01 1 42 0
8753 307.407 7.78645 0.01 1 72 0
8759 315.678 8.12743 0.01 1 95 0
8777 304.671 7.79411 0.01 1 44 0
8779 317.986 8.18923 0.01 1 96 0
8787 309.449 8.39608 0.01 1 72 0
8829 302.739 7.79411 0.01 1 44 0
8854 315.678 8.12743 0.01 1 95 0
8886 311.558 8.39608 0.01 1 72 0
8897 304.201 7.79411 0.01 1 44 0
8935 305.771 7.98717 0.01 1 42 0
8937 305.771 7.98717 0.01 1 44 0
8950 307.125 7.78045 0.01 1 72 0
9000 304.671 7.79411 0.01 1 44 0
9013 304.671 7.79411 0.01 1 44 0
9029 306.475 7.98717 0.01 1 44 0
9042 305.771 7.98717 0.01 1 44 0
9062 315.678 8.18923 0.01 1 94 0
9065 304.671 7.79411 0.01 1 43 0
9119 315.678 8.18923 0.01 1 95 0
9122 315.377 8.18923 0.01 1 96 -0.0039138
9138 304.671 7.79411 0.01 1 44 0
9177 307.501 8.00738 0.01 1 72 0.00124481
9196 309.242 7.9983 0.01 1 72 0
9208 315.006 8.18923 0.01 1 94 0
9245 315.678 8.22324 0.01 1 94 0
9249 305.771 7.98717 0.01 1 44 0
9253 305.369 7.98717 0.01 1 44 0
9287 310.141 8.27742 0.01 1 72 0
9300 305.771 7.98717 0.01 1 44 0
9302 302.739 7.79411 0.01 1 44 0
9337 315.678 8.18923 0.01 1 96 0
9339 305.315 7.79411 0.01 1 44 0
9343 307.474 7.96378 0.01 1 72 0
9357 304.671 7.79411 0.01 1 43 0
9358 315.678 8.18923 0.01 1 96 0
9427 304.671 7.79831 0.01 1 44 0
9435 304.671 7.79411 0.01 1 43 0
9451 304.671 7.79411 0.01 1 43 0
9452 315.678 8.18923 0.01 1 94 0
9473 305.771 7.98717 0.01 1 44 0
9535 309.051 7.60322 0.01 1 72 0
9549 304.671 7.79411 0.01 1 44 0
9573 304.671 7.79411 0.01 1 44 0
9678 304.671 7.79411 0.01 1 44 0
9681 310.751 8.04808 0.01 1 72 8.03918e-05
9719 304.311 7.79411 0.01 1 44 0
9724 305.771 7.98717 0.01 1 43 0
9735 315.678 8.18923 0.01 1 94 0
9764 309.988 7.84471 0.01 1 72 0
9773 302.739 7.79411 0.01 1 43 0
9825 304.671 7.79411 0.01 1 44 0
9829 310.165 8.19942 0.01 1 72 0
9864 315.678 8.18923 0.01 1 94 0
9929 305.315 7.79411 0.01 1 44 0
9955 313.431 8.18519 0.01 1 94 0
9956 306.572 7.69363 0.01 1 72 0.0106567
9966 315.678 8.12743 0.01 1 95 0
9967 309.897 8.00988 0.01 1 72 0
9969 304.671 7.79411 0.01 1 44 0
9995 310.616 7.8153 0.01 1 72 0
10003 308.275 8.06958 0.01 1 72 0
10027 304.671 7.79411 0.01 1 44 0
10037 305.369 7.98717 0.01 1 42 0
10063 315.678 8.12743 0.01 1 95 0
10068 305.771 7.98717 0.01 1 44 0
10086 307.422 7.98717 0.01 1 43 0
10087 305.771 7.98717 0.01 1 44 0
10110 304.671 7.79411 0.01 1 42 0
10111 304.671 7.79411 0.01 1 44 0
10126 304.671 7.79411 0.01 1 44 0
10134 315.678 8.12743 0.01 1 94 0
10137 305.771 7.98717 0.01 1 44 0
10162 308.115 7.91536 0.01 1 72 0
10242 315.678 8.18923 0.01 1 94 0
10244 306.055 7.35298 0.01 1 72 0
10260 303.023 7.79411 0.01 1 44 0.0312299
10279 315.678 8.22324 0.01 1 94 0
10285 315.678 8.18923 0.01 1 95 0
10310 304.311 7.79411 0.01 1 44 0
10328 304.671 7.79411 0.01 1 44 0
10336 317.986 8.18923 0.01 1 95 0
10338 307.474 7.96378 0.01 1 72 0
10365 305.297 7.79411 0.01 1 44 0
10492 304.671 7.79411 0.01 1 43 0
10509 305.771 7.98717 0.01 1 44 0
10533 309.988 7.9883 0.01 1 72 0
10569 304.671 7.79411 0.01 1 43 0
10587 315.678 8.12743 0.01 1 95 0
10593 304.671 7.79411 0.01 1 44 0
10595 304.311 7.79411 0.01 1 44 0
10596 304.671 7.79411 0.01 1 44 0
10600 304.671 7.71938 0.01 1 44 -0.00136787
10647 314.454 8.05701 0.01 1 94 0
10688 309.051 7.6557 0.01 1 72 0
10691 307.125 7.77575 0.01 1 72 0
10700 305.771 7.98717 0.01 1 43 0
10707 304.671 7.79411 0.01 1 43 0
10715 310.141 8.24369 0.01 1 72 0
10732 315.678 8.12743 0.01 1 95 0
10770 305.315 7.79411 0.01 1 43 0
10778 304.671 7.79411 0.01 1 44 0
10794 308.669 8.44651 0.01 1 72 0
10795 315.678 8.18923 0.01 1 96 0
10798 310.69 8.11893 0.01 1 72 0
10815 309.051 7.60322 0.01 1 72 0
10818 310.23 8.12173 0.01 1 72 0
10837 304.671 7.79411 0.01 1 43 0
10860 317.986 8.18923 0.01 1 94 0
10898 315.678 8.12743 0.01 1 95 0
10930 305.771 7.98717 0.01 1 44 0
10978 310.751 7.97855 0.01 1 72 0
11022 304.671 7.79411 0.01 1 43 0
11024 304.671 7.79411 0.01 1 44 0
11058 307.896 7.82008 0.01 1 72 0
11076 304.304 7.79411 0.01 1 44 0
11091 304.671 7.79411 0.01 1 43 0
11097 315.678 8.18923 0.01 1 96 0
11113 304.671 7.79411 0.01 1 43 0
11119 305.771 7.98717 0.01 1 44 0
11143 304.671 7.79411 0.01 1 44 0
11199 304.671 7.79411 0.01 1 43 0
11225 315.678 8.18923 0.01 1 95 0
11268 307.896 7.91536 0.01 1 72 0
11285 304.671 7.79411 0.01 1 43 0
11320 315.678 8.12743 0.01 1 94 0
11323 304.671 7.79411 0.01 1 44 0
11329 307.826 7.69649 0.01 1 72 0
11344 310.751 7.97855 0.01 1 72 0
11365 306.838 8.1175 0.01 1 72 0
11381 305.315 7.79411 0.01 1 43 0
11401 315.678 8.18923 0.01 1 94 0
11402 317.986 8.18923 0.01 1 96 0
11426 309.051 7.6557 0.01 1 72 0
11440 304.671 7.79411 0.01 1 44 0
11444 304.671 7.79411 0.01 1 44 0
11448 315.678 8.18923 0.01 1 96 0
11460 308.772 7.9484 0.01 1 72 0
11462 309.988 7.9883 0.01 1 72 0
11466 304.671 7.79411 0.01 1 44 0
11471 308.608 7.73934 0.01 1 72 0
11472 304.671 7.79411 0.01 1 44 0
11476 315.678 8.18923 0.01 1 96 0
11508 309.415 7.60322 0.01 1 72 0
11516 304.671 7.79411 0.01 1 42 0
11540 315.678 8.18923 0.01 1 94 0
11554 302.739 7.79411 0.01 1 44 0
11583 304.671 7.79411 0.01 1 44 0
11595 304.671 7.79411 0.01 1 43 0
11615 305.315 7.79411 0.01 1 42 0
11634 315.678 8.12743 0.01 1 95 0
11665 315.678 8.12743 0.01 1 94 0
11668 315.678 8.12743 0.01 1 95 0
11689 304.97 7.98717 0.01 1 44 0
11696 307.896 7.91536 0.01 1 72 0
11720 309.242 8.11614 0.01 1 72 0
11737 308.115 7.81006 0.01 1 72 0
11738 306.759 7.6717 0.01 1 72 0
11749 310.99 8.24369 0.01 1 72 0
11752 315.678 8.28039 0.01 1 95 0
11769 316.282 8.18923 0.01 1 94 0.00637047
11795 309.988 7.9883 0.01 1 72 0
11799 304.671 7.69903 0.01 1 43 0
11803 304.671 7.79411 0.01 1 43 0
11819 315.678 8.12743 0.01 1 95 0
11836 304.671 7.79411 0.01 1 43 0
11843 315.678 8.18923 0.01 1 95 0
11848 306.475 7.98717 0.01 1 44 0
11858 308.608 7.6557 0.01 1 72 0
11867 309.449 8.39608 0.01 1 72 0
11871 315.678 8.18923 0.01 1 94 0
11876 304.671 7.79411 0.01 1 43 0
11891 304.671 7.79411 0.01 1 43 0
11897 304.671 7.79831 0.01 1 44 0
11921 304.671 7.79411 0.01 1 43 0
11928 304.671 7.79411 0.01 1 43 0
11934 309.449 8.26917 0.01 1 72 0
11949 304.671 7.79411 0.01 1 44 0
11972 304.671 7.71789 0.01 1 43 -0.00142117
11977 304.311 7.79411 0.01 1 44 0
11987 304.671 7.79411 0.01 1 44 0
12001 306.838 8.1175 0.01 1 72 0
12008 304.671 7.79411 0.01 1 44 0
12010 314.997 8.1241 0.01 1 94 0
12026 315.678 8.12743 0.01 1 95 0
12040 315.678 8.18923 0.01 1 94 0
12083 304.201 7.79411 0.01 1 44 0
12103 304.671 7.79411 0.01 1 43 0
12125 304.671 7.79411 0.01 1 44 0
12131 311.429 8.06175 0.01 1 72 0
12134 315.678 8.18923 0.01 1 96 0
12152 307.407 7.78645 0.01 1 72 0
12156 307.125 7.77575 0.01 1 72 0
12165 314.802 8.18923 0.01 1 96 -0.0116655
12237 303.732 7.79411 0.01 1 44 0.0144651
12245 306.017 7.87823 0.01 1 72 0
12288 302.739 7.79411 0.01 1 43 0
12314 304.671 7.79411 0.01 1 44 0
12339 304.671 7.79411 0.01 1 44 0
12345 304.201 7.79411 0.01 1 43 0
12359 311.558 8.39608 0.01 1 72 0
12369 310.751 8.00738 0.01 1 72 0
12392 315.678 8.18923 0.01 1 94 0
12400 315.678 8.18923 0.01 1 94 0
12419 304.892 7.79411 0.01 1 43 -0.00854188
12436 315.678 8.18923 0.01 1 94 0
12445 305.771 7.98717 0.01 1 44 0
12475 310.435 7.97855 0.01 1 72 0
12519 304.671 7.79411 0.01 1 44 0
12561 309.621 8.18589 0.01 1 72 0
12572 306.055 7.35298 0.01 1 72 0
12590 307.407 7.85889 0.01 1 72 0
12601 304.671 7.79411 0.01 1 42 0
12625 305.771 7.98717 0.01 1 44 0
12640 308.115 7.91536 0.01 1 72 0
12645 306.838 8.1175 0.01 1 72 0
12665 304.671 7.79411 0.01 1 44 0
12703 304.671 7.79411 0.01 1 43 0
12708 305.771 7.98717 0.01 1 44 0
12710 304.374 7.79411 0.01 1 43 0
12715 305.771 7.98717 0.01 1 43 0
12732 309.051 7.6557 0.01 1 72 0
12755 315.678 8.18923 0.01 1 94 0
12762 310.751 7.97855 0.01 1 72 0
12769 306.759 7.6717 0.01 1 72 0
12776 315.678 8.12743 0.01 1 95 0
12781 304.671 7.79411 0.01 1 43 0
12806 310.751 7.97855 0.01 1 72 0
12811 315.678 8.18923 0.01 1 94 0
12822 306.838 8.1175 0.01 1 72 0
12864 315.678 8.12743 0.01 1 94 0
12881 304.671 7.79411 0.01 1 43 0
12888 307.407 7.85889 0.01 1 72 0
12899 304.671 7.79411 0.01 1 44 0
12938 304.671 7.79411 0.01 1 44 0
12941 307.407 7.85889 0.01 1 72 0
12948 302.739 7.79411 0.01 1 43 0
12965 304.671 7.79411 0.01 1 44 0
12971 317.986 8.18923 0.01 1 95 0
12977 305.771 7.98717 0.01 1 43 0
12981 315.678 8.12743 0.01 1 95 0
13000 307.896 7.82008 0.01 1 72 0
13005 315.678 8.18923 0.01 1 96 0
13019 315.678 8.12743 0.01 1 95 0
13030 304.201 7.79411 0.01 1 43 0
13046 304.671 7.8955 0.01 1 44 0
13048 309.677 7.87643 0.01 1 72 0
13050 309.449 8.39608 0.01 1 72 0
13063 315.678 8.18923 0.01 1 95 0
13068 306.273 7.79411 0.01 1 44 0
13070 310.751 7.97855 0.01 1 72 0
13079 315.678 8.18923 0.01 1 95 0
13086 304.671 7.79411 0.01 1 43 0
13087 304.671 7.79411 0.01 1 44 0
13126 315.006 8.18923 0.01 1 94 0
13144 304.671 7.79411 0.01 1 43 0
13155 302.686 7.79411 0.01 1 44 0
13162 304.671 7.79411 0.01 1 44 0
13217 305.315 7.79411 0.01 1 42 0
13275 304.671 7.79411 0.01 1 44 0
13282 315.678 8.28039 0.01 1 95 -0.000175744
13285 308.608 7.73934 0.01 1 72 0
13287 304.97 7.98717 0.01 1 43 0
13297 304.671 7.79411 0.01 1 44 0
13327 302.739 7.79411 0.01 1 43 0
13355 304.671 7.79411 0.01 1 43 0
13358 304.671 7.79411 0.01 1 44 0
13383 304.862 7.79411 0.01 1 44 0
13384 304.97 7.98717 0.01 1 44 0
13392 308.415 7.73006 0.01 1 72 0
13394 310.616 7.8153 0.01 1 72 0
13411 309.7 7.73006 0.01 1 72 0
13438 315.678 8.18923 0.01 1 94 0
13515 304.671 7.79411 0.01 1 44 0
13516 315.678 8.18923 0.01 1 96 0
13530 310.23 8.12173 0.01 1 72 0
13572 304.671 7.79411 0.01 1 44 0
13582 304.671 7.79411 0.01 1 44 0
13584 305.771 7.98717 0.01 1 44 0
13592 315.678 8.18923 0.01 1 94 0
13599 311.208 7.9883 0.01 1 72 0
13601 315.678 8.12743 0.01 1 94 0
13610 305.369 7.98717 0.01 1 44 0
13634 311.429 8.06175 0.01 1 72 0
13646 310.616 7.8153 0.01 1 72 0
13665 304.671 7.79411 0.01 1 44 0
13720 305.771 7.98717 0.01 1 44 0
13751 307.125 7.78045 0.01 1 72 0
13754 313.431 8.18519 0.01 1 94 0
13760 315.678 8.12743 0.01 1 94 0
13781 304.671 7.79411 0.01 1 44 0
13793 305.771 7.98717 0.01 1 44 0
13800 306.055 7.35298 0.01 1 72 0
13802 304.671 7.79411 0.01 1 43 0
13846 315.678 8.12743 0.01 1 95 0
13915 305.315 7.79411 0.01 1 43 0
13944 302.739 7.79411 0.01 1 43 0
13958 310.23 8.12173 0.01 1 72 0
13972 308.115 7.91647 0.01 1 72 0
13998 316.363 8.12743 0.01 1 94 0
13999 308.608 7.73934 0.01 1 72 0
14009 304.671 7.79411 0.01 1 44 0
14024 308.67 7.85968 0.01 1 72 0
14030 311.208 7.9883 0.01 1 72 0
14054 307.826 7.69649 0.01 1 72 0
14067 304.671 7.79411 0.01 1 44 0
14070 310.751 7.97855 0.01 1 72 0
14127 308.115 7.81006 0.01 1 72 0
14143 304.671 7.79411 0.01 1 43 0
14155 305.771 7.98717 0.01 1 43 0
14203 302.739 7.79411 0.01 1 43 0
14222 304.671 7.79411 0.01 1 44 0
14225 303.553 7.79411 0.01 1 44 0
14246 304.671 7.79411 0.01 1 43 0
14254 307.407 7.76241 0.01 1 72 0
14255 308.115 7.91536 0.01 1 72 0
14261 304.671 7.79411 0.01 1 44 0
14270 309.875 8.28179 0.01 1 94 0
14274 317.986 8.18923 0.01 1 94 0
14302 317.986 8.18923 0.01 1 94 0
14304 305.369 7.98717 0.01 1 43 0
14305 315.678 8.18923 0.01 1 94 0
14327 305.771 7.98717 0.01 1 44 0
14401 308.772 7.9484 0.01 1 72 0
14418 304.671 7.79411 0.01 1 43 0
14422 315.678 8.12743 0.01 1 95 0
14445 304.671 7.79411 0.01 1 44 0
14460 315.678 8.18923 0.01 1 96 0
14467 304.671 7.79411 0.01 1 44 0
14485 304.671 7.79411 0.01 1 43 0
14512 308.608 7.78788 0.01 1 72 0
14527 304.671 7.79411 0.01 1 44 0
14555 315.678 8.18923 0.01 1 95 0
14574 305.771 7.98717 0.01 1 44 0
14612 304.671 7.79411 0.01 1 44 0
14614 304.671 7.79411 0.01 1 44 0
14641 309.051 7.6557 0.01 1 72 0
14651 307.422 7.98717 0.01 1 43 0
14666 308.275 8.06958 0.01 1 72 0
14708 305.315 7.79411 0.01 1 44 0
14730 304.671 7.79411 0.01 1 43 0
14769 309.415 7.60322 0.01 1 72 0
14788 304.671 7.79411 0.01 1 44 0
14807 305.771 7.98717 0.01 1 44 0
14809 302.739 7.79411 0.01 1 44 0
14830 310.141 7.94044 0.01 1 72 0
14834 305.427 7.69363 0.01 1 72 0
14853 310.698 8.3193 0.01 1 72 0
14863 304.671 7.79411 0.01 1 43 0
14888 302.739 7.79411 0.01 1 44 0
14897 306.475 7.98717 0.01 1 44 0
14928 304.621 7.79411 0.01 1 44 0
15001 308.772 7.9484 0.01 1 72 0
15010 307.407 7.88808 0.01 1 72 0
15026 304.671 7.79411 0.01 1 44 0
15064 315.678 8.18923 0.01 1 94 0
15076 305.315 7.79411 0.01 1 44 0
15086 308.772 7.9484 0.01 1 72 0
15087 316.661 8.18923 0.01 1 96 0
15090 305.771 7.98717 0.01 1 44 0
15093 305.771 7.98717 0.01 1 43 0
15097 304.671 7.79411 0.01 1 42 0
15099 311.409 8.51255 0.01 1 72 0
15104 304.671 7.79411 0.01 1 43 0
15147 304.671 7.79411 0.01 1 43 0
15165 304.671 7.79411 0.01 1 44 0
15169 308.115 7.91536 0.01 1 72 0
15188 305.315 7.79411 0.01 1 43 0
15196 315.678 8.18923 0.01 1 96 0
15213 305.771 7.98717 0.01 1 44 0
15231 305.369 8.06861 0.01 1 43 0
15233 315.678 8.18923 0.01 1 94 0
15243 304.671 7.79411 0.01 1 43 0
15314 310.141 7.94044 0.01 1 72 0
15316 307.407 7.78645 0.01 1 72 0
15339 309.988 7.84471 0.01 1 72 -0.000125065
15346 310.616 7.8153 0.01 1 72 0
15386 315.678 8.18923 0.01 1 94 0
15413 304.671 7.79411 0.01 1 44 0
15417 311.718 7.9541 0.01 1 72 0
15432 304.671 7.79411 0.01 1 43 0
15455 305.369 7.98717 0.01 1 43 0
15462 304.671 7.79411 0.01 1 44 0
15471 309.051 7.6557 0.01 1 72 0
15477 304.671 7.79411 0.01 1 44 0
15490 317.986 8.18923 0.01 1 96 0
15509 305.771 7.98717 0.01 1 43 0
15552 304.671 7.79411 0.01 1 44 0
15561 310.466 7.9883 0.01 1 72 0
15592 315.678 8.18923 0.01 1 94 0
15608 305.427 7.69363 0.01 1 72 0
15633 315.678 8.18923 0.01 1 94 0
15665 307.125 7.78045 0.01 1 72 0
15666 308.115 7.91536 0.01 1 72 0
15681 304.671 7.79411 0.01 1 43 0
15682 317.986 8.18923 0.01 1 96 0
15691 305.771 7.98717 0.01 1 43 0
15692 305.369 8.06861 0.01 1 42 0
15701 315.678 8.12743 0.01 1 95 0
15755 305.771 7.98717 0.01 1 44 0
15790 315.678 8.12743 0.01 1 94 0
15796 309.449 8.30322 0.01 1 72 0
15799 310.751 8.00738 0.01 1 72 0
15802 302.686 7.79411 0.01 1 44 0
15818 305.771 7.98717 0.01 1 44 0
15819 304.671 7.79411 0.01 1 44 0
15826 315.678 8.18923 0.01 1 94 0
15840 310.23 8.12173 0.01 1 72 0
15849 307.125 7.77575 0.01 1 72 0
15882 307.896 7.91536 0.01 1 72 0
15893 304.671 7.79411 0.01 1 44 0
15919 304.671 7.79411 0.01 1 44 0
15945 304.311 7.79411 0.01 1 44 0
15958 308.115 7.91536 0.01 1 72 0
15970 304.671 7.79411 0.01 1 44 0
15980 307.407 7.88808 0.01 1 72 0
16021 304.671 7.79411 0.01 1 44 0
16032 310.751 8.00738 0.01 1 72 0
16060 304.671 7.79411 0.01 1 44 0
16066 305.771 7.98717 0.01 1 44 0
16070 304.671 7.79411 0.01 1 44 0
16090 315.969 8.18923 0.01 1 96 0
16113 304.671 7.71938 0.01 1 44 0
16122 305.981 7.79441 0.01 1 44 0
16175 315.678 8.18923 0.01 1 94 0
16202 302.686 7.79411 0.01 1 44 0
16205 315.678 8.18923 0.01 1 95 0
16232 315.678 8.12743 0.01 1 95 0
16239 315.678 8.12743 0.01 1 95 0
16241 304.201 7.79411 0.01 1 43 0
16243 304.671 7.72599 0.01 1 43 0
16267 306.742 8.05967 0.01 1 72 0
16269 304.671 7.79411 0.01 1 43 0
16289 304.374 7.79411 0.01 1 43 0
16292 310.616 7.8153 0.01 1 72 0
16313 304.671 7.79411 0.01 1 43 0
16346 304.671 7.79411 0.01 1 43 0
16366 317.986 8.18923 0.01 1 95 0
16371 304.671 7.79411 0.01 1 43 0
16451 315.678 8.18923 0.01 1 94 0
16494 305.771 7.98717 0.01 1 44 0
16502 313.431 8.18519 0.01 1 94 0
16506 304.671 7.79411 0.01 1 43 0
16507 305.98 7.98717 0.01 1 43 0
16526 304.671 7.79411 0.01 1 44 0
16536 305.369 7.98717 0.01 1 43 0
16539 308.115 7.91536 0.01 1 72 0
16540 308.214 8.64157 0.01 1 72 0
16541 315.678 8.12743 0.01 1 95 0
16614 305.315 7.79411 0.01 1 44 0
16639 304.671 7.79411 0.01 1 44 0
16648 304.671 7.79411 0.01 1 43 0
16649 304.671 7.79411 0.01 1 44 0
16668 302.739 7.79411 0.01 1 44 0
16672 305.771 7.98717 0.01 1 44 0
16687 304.671 7.79411 0.01 1 44 0
16694 307.826 7.69649 0.01 1 72 0
16706 310.751 7.97855 0.01 1 72 0
16710 315.678 8.18923 0.01 1 95 0
16716 310.751 8.00738 0.01 1 72 0
16760 307.407 7.85889 0.01 1 72 0
16766 305.315 7.79411 0.01 1 44 0
16791 315.678 8.18923 0.01 1 94 0
16827 304.671 7.79411 0.01 1 43 0
16831 310.751 8.00738 0.01 1 72 0
16863 315.678 8.18923 0.01 1 96 0
16931 305.771 7.98717 0.01 1 44 0
16932 304.671 7.79411 0.01 1 44 0
16939 307.257 7.81504 0.01 1 72 0
16943 309.449 8.39608 0.01 1 72 0
16950 309.415 7.60322 0.01 1 72 0
16964 309.051 7.6557 0.01 1 72 0
16988 304.89 7.79411 0.01 1 43 -0.00986956
17033 305.771 7.98717 0.01 1 43 0
17035 304.97 7.98717 0.01 1 44 0
17058 304.671 7.79411 0.01 1 43 0
17082 309.605 7.88992 0.01 1 72 -1.10269e-06
17116 315.678 8.18923 0.01 1 94 0
17128 309.07 7.54338 0.01 1 72 0
17160 304.671 7.79411 0.01 1 44 0
17163 304.311 7.79411 0.01 1 44 0
17165 310.141 8.24369 0.01 1 72 0
17191 313.431 8.18519 0.01 1 94 0
17202 315.678 8.18923 0.01 1 94 0
17209 310.812 7.94106 0.01 1 72 0
17224 311.429 8.06175 0.01 1 72 0
17261 307.896 7.91536 0.01 1 72 0
17262 304.671 7.79411 0.01 1 43 0
17290 315.678 8.12743 0.01 1 95 0
17323 304.671 7.71935 0.01 1 44 0
17403 308.552 7.6557 0.01 1 72 0
17407 302.739 7.79411 0.01 1 43 0
17420 305.771 7.97364 0.01 1 44 -0.000246935
17425 306.568 7.79411 0.01 1 43 -0.0248762
17444 315.678 8.18923 0.01 1 94 0
17456 310.616 7.8153 0.01 1 72 0
17558 308.485 7.76499 0.01 1 72 0.000165552
17566 309.605 7.76499 0.01 1 72 0
17605 310.616 7.8153 0.01 1 72 0
17612 304.671 7.79411 0.01 1 44 0
17623 305.771 7.98717 0.01 1 44 0
17628 304.97 7.98717 0.01 1 44 0
17659 310.751 8.00738 0.01 1 72 0
17669 308.115 7.91536 0.01 1 72 0
17677 305.771 7.98717 0.01 1 43 0
17689 315.678 8.12743 0.01 1 95 0
17712 307.125 7.78045 0.01 1 72 0
17718 309.415 7.60322 0.01 1 72 0
17783 304.311 7.79411 0.01 1 44 0
17791 310.165 8.19942 0.01 1 72 0
17797 305.771 7.98717 0.01 1 44 0
17811 308.67 7.92892 0.01 1 72 0
17838 315.678 8.12743 0.01 1 95 0
17846 315.678 8.18923 0.01 1 94 0
17859 304.311 7.82839 0.01 1 44 0
17861 310.69 8.1007 0.01 1 72 0
17874 304.97 7.98717 0.01 1 43 0
17895 304.671 7.79411 0.01 1 42 0
17927 302.739 7.79411 0.01 1 43 0
17940 304.671 7.79411 0.01 1 43 0
17983 315.678 8.28039 0.01 1 95 0
17984 305.771 7.98717 0.01 1 44 0
18011 308.275 8.06958 0.01 1 72 0
18049 315.678 8.18923 0.01 1 95 0
18054 315.678 8.17491 0.01 1 95 -0.000101477
18055 315.678 8.18923 0.01 1 96 0
18068 304.201 7.79411 0.01 1 43 0
18082 313.431 8.18519 0.01 1 94 0
18097 304.671 7.79411 0.01 1 44 0
18113 310.698 8.3193 0.01 1 72 0
18140 304.374 7.79411 0.01 1 43 0
18160 304.671 7.79411 0.01 1 43 0
18187 304.671 7.79411 0.01 1 43 0
18224 317.986 8.23322 0.01 1 95 9.52631e-05
18229 315.678 8.18923 0.01 1 95 0
18240 306.055 7.35298 0.01 1 72 0
18245 315.678 8.18923 0.01 1 94 0
18263 305.771 7.98717 0.01 1 44 0
18274 304.671 7.79411 0.01 1 44 0
18318 308.424 8.35484 0.01 1 72 0
18319 302.739 7.79411 0.01 1 44 0
18322 304.671 7.79411 0.01 1 43 0
18324 305.771 7.98717 0.01 1 44 0
18344 304.671 7.69903 0.01 1 44 0
18350 305.369 7.98717 0.01 1 43 0
18379 304.671 7.79411 0.01 1 43 0
18415 305.771 7.98717 0.01 1 43 0
18442 310.751 7.97855 0.01 1 72 0
18443 310.141 8.24369 0.01 1 72 0
18444 315.678 8.18923 0.01 1 96 0
18456 306.465 7.98717 0.01 1 44 0
18460 310.573 8.1181 0.01 1 72 0
18516 305.204 7.79411 0.01 1 43 -0.00742125
18538 305.771 7.98717 0.01 1 44 0
18572 302.739 7.79411 0.01 1 44 0
18573 306.475 7.98717 0.01 1 44 0
18586 310.141 8.27742 0.01 1 72 0
18590 304.671 7.79411 0.01 1 44 0
18595 304.671 7.79411 0.01 1 44 0
18609 304.671 7.79411 0.01 1 43 0
18613 305.369 8.06861 0.01 1 43 0.00147777
18618 304.671 7.79411 0.01 1 44 0
18643 304.671 7.79411 0.01 1 44 0
18653 308.757 7.91536 0.01 1 72 0.00114502
18658 305.315 7.79411 0.01 1 42 0
18677 304.201 7.79411 0.01 1 44 0
18682 305.771 7.98717 0.01 1 44 0
18686 310.751 7.97855 0.01 1 72 0
18697 313.431 8.31365 0.01 1 94 0.00142902
18719 308.552 7.6557 0.01 1 72 0
18723 304.671 7.79411 0.01 1 44 0
18727 304.671 7.79411 0.01 1 43 0
18730 309.304 7.9883 0.01 1 72 0
18738 315.779 8.18923 0.01 1 94 0
18748 308.957 7.99073 0.01 1 72 0.000169575
18771 308.115 7.91536 0.01 1 72 0
18773 307.407 7.85889 0.01 1 72 0
18784 304.311 7.82839 0.01 1 43 0
18818 306.475 7.98717 0.01 1 43 0
18839 315.678 8.18923 0.01 1 95 0
18850 310.822 7.94106 0.01 1 72 -5.60135e-05
18872 305.771 7.98717 0.01 1 44 0
18895 304.671 7.79411 0.01 1 44 0
18914 304.671 7.79411 0.01 1 44 0
18939 315.678 8.12743 0.01 1 95 0
18956 315.678 8.18923 0.01 1 94 0
18958 304.671 7.79411 0.01 1 44 0
18971 307.422 7.98717 0.01 1 43 0
19008 304.671 7.79411 0.01 1 42 0
19024 315.678 8.18923 0.01 1 94 0
19026 304.311 7.79411 0.01 1 44 0
19037 305.669 7.95108 0.01 1 72 0
19065 315.678 8.12743 0.01 1 94 0
19100 306.537 7.49987 0.01 1 72 0
19102 304.671 7.69903 0.01 1 44 0
19137 304.671 7.79411 0.01 1 44 0
19144 315.678 8.12743 0.01 1 95 0
19146 304.671 7.79411 0.01 1 44 0
19147 306.055 7.35298 0.01 1 72 0
19164 315.678 8.18923 0.01 1 94 0
19189 304.671 7.79831 0.01 1 44 0
19227 307.125 7.78045 0.01 1 72 0
19258 305.771 7.98717 0.01 1 43 0
19276 304.201 7.79411 0.01 1 43 0
19298 304.671 7.79411 0.01 1 44 0
19303 308.669 8.44651 0.01 1 72 0
19322 305.98 7.98717 0.01 1 43 0
19339 305.771 7.98717 0.01 1 44 0
19365 309.051 7.6557 0.01 1 72 0
19370 310.698 8.3193 0.01 1 72 0
19394 306.465 7.98717 0.01 1 44 0
19451 310.141 8.24369 0.01 1 72 0
19456 304.671 7.79411 0.01 1 43 0
19464 315.678 8.18923 0.01 1 94 0
19486 305.369 8.06861 0.01 1 43 0
19523 310.165 8.19942 0.01 1 72 0
19526 316.661 8.18923 0.01 1 96 0
19548 308.424 8.35484 0.01 1 72 0
19556 310.141 8.24369 0.01 1 72 0
19558 304.671 7.79411 0.01 1 43 0
19560 304.671 7.79411 0.01 1 44 0
19581 305.204 7.79411 0.01 1 43 0
19585 317.986 8.10112 0.01 1 96 -0.000274941
19587 307.422 7.98717 0.01 1 43 0
19614 304.671 7.79411 0.01 1 43 0
19620 315.678 8.12743 0.01 1 95 0
19621 305.771 7.98717 0.01 1 43 0
19632 304.671 7.69903 0.01 1 44 0
19650 305.771 7.98717 0.01 1 44 0
19652 304.671 7.79411 0.01 1 43 0
19655 307.407 7.87957 0.01 1 72 0
19692 304.201 7.79411 0.01 1 44 0
19693 310.69 8.1007 0.01 1 72 0
19699 315.678 8.18923 0.01 1 95 0
19749 315.679 8.18923 0.01 1 94 3.06964e-06
19750 315.678 8.18923 0.01 1 95 0
19832 304.671 7.79411 0.01 1 44 0
19848 307.407 7.78645 0.01 1 72 0
19869 304.671 7.79831 0.01 1 44 0
19876 310.812 7.94106 0.01 1 72 0
19885 304.671 7.79411 0.01 1 43 0
19891 304.115 7.79411 0.01 1 44 0
19916 304.671 7.62755 0.01 1 43 -0.00312904
19937 305.771 7.98717 0.01 1 43 0
19950 306.475 7.98717 0.01 1 43 0
19965 313.431 8.31685 0.01 1 94 0
19984 315.678 8.18923 0.01 1 96 0
19992 315.678 8.18923 0.01 1 94 0
20023 305.771 7.98717 0.01 1 44 0
20024 304.671 7.72683 0.01 1 44 0
20039 315.678 8.12743 0.01 1 95 0
20043 307.407 7.85889 0.01 1 72 0
20044 304.671 7.79411 0.01 1 44 0
20078 304.671 7.79411 0.01 1 43 0
20093 304.97 7.98717 0.01 1 44 0
20095 304.671 7.79411 0.01 1 43 0
20114 304.671 7.79411 0.01 1 44 0
20157 310.616 7.8153 0.01 1 72 0
20166 315.678 8.18923 0.01 1 94 0
20170 305.315 7.79411 0.01 1 43 0
20172 307.407 7.85889 0.01 1 72 0
20195 310.165 8.19942 0.01 1 72 0
20206 315.678 8.12743 0.01 1 94 0
20228 311.429 8.06175 0.01 1 72 0
20237 304.671 7.79411 0.01 1 43 0
20244 304.671 7.79411 0.01 1 44 0
20246 304.671 7.79411 0.01 1 43 0
20253 310.9 7.74824 0.01 1 72 -0.000303745
20292 304.671 7.79411 0.01 1 44 0
20299 305.771 7.98717 0.01 1 43 0
20335 304.671 7.79411 0.01 1 43 0
20363 315.678 8.12743 0.01 1 95 0
20383 304.671 7.79411 0.01 1 43 0
20454 307.896 7.82008 0.01 1 72 0
20497 304.671 7.79411 0.01 1 43 0
20499 315.678 8.18923 0.01 1 94 0
20532 311.558 8.39608 0.01 1 72 0
20536 307.501 8.00738 0.01 1 72 0
20538 308.608 7.6557 0.01 1 72 0
20564 315.678 8.12743 0.01 1 94 0
20566 304.671 7.79411 0.01 1 44 0
20568 306.055 7.35298 0.01 1 72 0
20618 304.671 7.79411 0.01 1 44 0
20643 306.475 7.98717 0.01 1 42 0
20649 309.242 7.9983 0.01 1 72 0
20660 304.671 7.79411 0.01 1 44 0
20683 315.569 8.18923 0.01 1 94 0
20706 304.671 7.79411 0.01 1 43 0
20707 305.771 7.98717 0.01 1 44 0
20714 305.771 7.98717 0.01 1 44 0
20774 315.678 8.22324 0.01 1 94 0
20806 308.608 7.73934 0.01 1 72 0
20846 305.315 7.76786 0.01 1 43 -0.000492811
20910 305.771 7.98717 0.01 1 44 0
20930 304.311 7.79411 0.01 1 44 0
20945 306.055 7.35298 0.01 1 72 0
20955 304.671 7.79411 0.01 1 44 0
20960 304.671 7.79411 0.01 1 44 0
21013 315.678 8.18923 0.01 1 96 0
21024 309.548 8.01152 0.01 1 72 0
21042 304.671 7.79411 0.01 1 44 0
21052 304.671 7.79411 0.01 1 44 0
21056 304.201 7.79411 0.01 1 43 0
21075 309.449 8.30322 0.01 1 72 0
21084 304.671 7.79411 0.01 1 44 0
21087 304.97 7.98717 0.01 1 44 0
21099 304.671 7.79411 0.01 1 44 0
21106 304.671 7.79411 0.01 1 44 0
21135 306.759 7.6717 0.01 1 72 0
21188 315.678 8.18923 0.01 1 94 0
21212 315.678 8.28039 0.01 1 95 0
21240 306.759 7.6717 0.01 1 72 0
21243 303.023 7.79411 0.01 1 44 0
21251 310.616 7.8153 0.01 1 72 0
21277 315.678 8.12743 0.01 1 95 0
21284 307.345 7.9484 0.01 1 72 0
21313 305.771 7.98717 0.01 1 44 0
21323 311.409 8.51255 0.01 1 72 0
21334 310.751 8.00738 0.01 1 72 0
21341 309.051 7.6557 0.01 1 72 0
21344 304.671 7.79411 0.01 1 44 0
21356 305.771 7.98717 0.01 1 44 0
21375 310.466 7.9883 0.01 1 72 0
21399 304.671 7.79411 0.01 1 43 0
21409 304.671 7.79411 0.01 1 44 0
21412 304.671 7.79411 0.01 1 43 0
21439 315.678 8.12743 0.01 1 94 0
21454 315.678 8.18923 0.01 1 94 0
21503 304.671 7.79411 0.01 1 44 0
21535 315.678 8.18923 0.01 1 94 0
21538 308.115 7.91536 0.01 1 72 0
21559 304.671 7.69903 0.01 1 44 0
21578 304.671 7.79411 0.01 1 42 0
21587 310.9 7.9594 0.01 1 72 0
21597 304.671 7.79411 0.01 1 42 0
21599 302.086 7.79411 0.01 1 44 0
21616 317.986 8.23334 0.01 1 95 9.55313e-05
21619 304.671 7.74139 0.01 1 43 0
21644 307.78 8.22031 0.01 1 44 0
21671 315.678 8.12743 0.01 1 94 0
21677 304.97 7.98717 0.01 1 44 0
21685 309.349 7.9251 0.01 1 72 0
21694 304.823 7.79411 0.01 1 44 0
21708 308.608 7.73934 0.01 1 72 0
21726 307.234 8.22103 0.01 1 72 0
21745 304.671 7.79411 0.01 1 44 0
21857 304.671 7.79411 0.01 1 42 0
21891 317.986 8.18923 0.01 1 95 0
21900 315.678 8.18923 0.01 1 94 0
21908 307.407 7.78645 0.01 1 72 0
21911 304.311 7.79411 0.01 1 44 0
21919 315.678 8.18923 0.01 1 95 0
21920 310.751 7.97855 0.01 1 72 0
