max_pf 101 min_pf 33
individual T0 sigma disp_rate r0 patch_no mut_eff
5 310.499 7.86087 0.01 1 72 0
15 309.202 8.22661 0.01 1 72 0
55 300.533 7.7685 0.01 1 35 0
68 316.589 8.67654 0.01 1 99 0
92 297.833 7.7685 0.01 1 35 0.0409677
112 303.131 7.82365 0.01 1 35 0
120 309.384 8.00109 0.01 1 72 0
136 303.094 7.92838 0.01 1 34 0
180 307.235 7.77135 0.01 1 72 0
182 315.17 8.29341 0.01 1 100 0
205 310.499 7.86087 0.01 1 72 0
219 309.384 7.94007 0.01 1 72 0
240 300.533 7.7685 0.01 1 33 0
248 300.533 7.7685 0.01 1 33 0
252 315.17 8.36069 0.01 1 99 0
259 300.533 7.7685 0.01 1 35 0
301 299.003 7.7685 0.01 1 35 0
330 316.589 8.67654 0.01 1 100 0
343 310.207 7.82215 0.01 1 72 0
362 308.011 8.07779 0.01 1 72 0
367 303.333 8.09011 0.01 1 35 0
395 300.533 7.7685 0.01 1 34 0
424 309.281 8.22661 0.01 1 72 0
435 315.17 8.25984 0.01 1 101 0
458 311.176 8.36818 0.01 1 72 0
475 300.533 7.7685 0.01 1 34 0
482 299.664 7.7685 0.01 1 34 0
504 300.533 7.7685 0.01 1 34 0
518 311.035 8.33354 0.01 1 72 0
534 298.593 7.7685 0.01 1 35 0
602 300.533 7.7685 0.01 1 35 0
689 309.259 7.726 0.01 1 72 0
692 300.366 7.7685 0.01 1 35 0
744 299.32 7.7685 0.01 1 35 0
750 299.003 7.7685 0.01 1 35 0
753 310.499 7.86087 0.01 1 72 0
755 308.011 8.07779 0.01 1 72 0
761 308.731 7.99546 0.01 1 72 0
766 300.533 7.7685 0.01 1 34 0
779 303.131 7.84285 0.01 1 34 0
780 300.533 7.7685 0.01 1 33 0
804 315.17 8.25984 0.01 1 100 0
839 308.867 8.54262 0.01 1 72 0
850 300.533 7.7685 0.01 1 35 0
862 300.533 7.81176 0.01 1 35 0
893 303.131 7.84285 0.01 1 35 0
902 309.718 8.27635 0.01 1 72 0
936 303.193 7.91915 0.01 1 35 0
954 307.642 7.744 0.01 1 72 0
974 309.578 7.726 0.01 1 72 0
979 300.533 7.7685 0.01 1 35 0
986 300.533 7.7685 0.01 1 35 0
1007 309.61 8.61063 0.01 1 72 0
1032 308.224 7.77711 0.01 1 72 0
1044 300.533 7.7685 0.01 1 35 0
1049 309.384 7.94007 0.01 1 72 0
1054 308.506 8.3801 0.01 1 72 0
1060 299.32 7.7685 0.01 1 35 0
1070 300.533 7.7685 0.01 1 35 0
1078 298.593 7.7685 0.01 1 35 0
1125 300.533 7.7685 0.01 1 34 0
1137 315.17 8.25984 0.01 1 101 0
1138 309.384 8.00109 0.01 1 72 0
1184 307.826 7.8236 0.01 1 72 0
1225 299.664 7.7685 0.01 1 33 0
1226 300.533 7.7685 0.01 1 33 0
1236 300.533 7.7685 0.01 1 34 0
1286 303.281 8.09011 0.01 1 34 0
1299 299.32 7.7685 0.01 1 33 0
1340 308.867 8.54262 0.01 1 72 0
1378 308.224 7.77711 0.01 1 72 0
1419 308.034 7.78007 0.01 1 72 0
1481 299.32 7.7685 0.01 1 35 0
1499 308.011 8.07779 0.01 1 72 0
1528 300.533 7.7685 0.01 1 35 0
1560 299.664 7.7685 0.01 1 33 0
1566 314.464 8.48057 0.01 1 100 0
1582 306.058 7.77699 0.01 1 72 0
1583 299.32 7.7685 0.01 1 35 0
1606 298.593 7.7685 0.01 1 35 0.00635066
1607 300.533 7.7685 0.01 1 34 0
1613 299.32 7.7685 0.01 1 35 0
1626 309.259 7.726 0.01 1 72 0
1648 300.533 7.7685 0.01 1 34 0
1694 300.533 7.7685 0.01 1 35 0
1706 300.533 7.7685 0.01 1 35 0
1719 302.411 7.7685 0.01 1 34 -0.0237954
1732 299.32 7.7685 0.01 1 35 0
1733 315.17 8.32768 0.01 1 99 0
1734 300.533 7.7685 0.01 1 35 0
1735 316.589 8.67654 0.01 1 100 0
1755 308.731 7.99546 0.01 1 72 0
1767 309.537 8.10078 0.01 1 72 0
1772 315.17 8.25984 0.01 1 100 0
1789 315.62 8.48057 0.01 1 100 0
1791 316.782 8.67654 0.01 1 99 0
1808 311.771 8.27698 0.01 1 72 0
1828 310.437 7.94432 0.01 1 72 0
1900 315.17 8.39855 0.01 1 99 0
1938 303.281 8.09011 0.01 1 33 0
1942 300.533 7.7685 0.01 1 34 0
1954 299.664 7.7685 0.01 1 33 0
1970 299.664 7.7685 0.01 1 34 0
1987 300.533 7.7685 0.01 1 34 0
2004 314.38 8.27581 0.01 1 100 0
2049 315.17 8.29341 0.01 1 100 0
2052 314.464 8.48057 0.01 1 101 0
2068 299.664 7.7685 0.01 1 34 0
2070 300.533 7.7685 0.01 1 35 0
2080 300.472 7.7685 0.01 1 33 0
2102 300.533 7.7685 0.01 1 34 0
2116 300.533 7.7685 0.01 1 34 0
2121 300.533 7.7685 0.01 1 34 0
2157 303.281 8.09011 0.01 1 35 0
2162 315.17 8.25984 0.01 1 101 0
2163 300.366 7.7685 0.01 1 34 0
2172 308.731 7.99546 0.01 1 72 0
2184 300.533 7.7685 0.01 1 35 0
2245 310.186 7.98325 0.01 1 72 0
2252 303.094 7.91915 0.01 1 35 0
2363 303.131 7.84285 0.01 1 35 0
2365 315.17 8.39855 0.01 1 99 0
2398 309.913 8.05816 0.01 1 72 0
2433 315.17 8.39855 0.01 1 99 0
2437 300.533 7.7685 0.01 1 34 0
2445 300.533 7.7685 0.01 1 34 0
2460 308.081 7.81698 0.01 1 72 0
2470 300.533 7.7685 0.01 1 33 0
2501 300.533 7.7685 0.01 1 34 0
2526 303.131 7.84285 0.01 1 35 0
2532 299.032 7.75453 0.01 1 35 -0.000224151
2546 316.589 8.67654 0.01 1 100 0
2590 300.533 7.7685 0.01 1 33 0
2677 308.868 7.85599 0.01 1 72 0
2690 298.593 7.7685 0.01 1 35 0
2735 300.533 7.7685 0.01 1 34 0
2741 299.32 7.7685 0.01 1 34 0
2773 309.913 8.05816 0.01 1 72 0
2774 315.17 8.48388 0.01 1 100 0
2796 300.533 7.7685 0.01 1 35 0
2845 308.867 8.47211 0.01 1 72 0
2854 298.593 7.7685 0.01 1 35 0
2865 314.5 8.47482 0.01 1 99 0
2866 308.698 7.8498 0.01 1 72 0
2874 315.17 8.29341 0.01 1 100 0
2879 309.384 8.00192 0.01 1 72 0
2891 298.593 7.7685 0.01 1 35 0
2895 299.664 7.7685 0.01 1 35 0
2909 299.32 7.7685 0.01 1 34 0
2925 311.771 8.27698 0.01 1 72 0
2932 300.533 7.59894 0.01 1 34 0
2941 310.465 7.90233 0.01 1 72 0
2956 300.533 7.7685 0.01 1 35 0
2964 310.186 7.98325 0.01 1 72 0
2975 310.186 7.98325 0.01 1 72 0
2984 307.527 7.98289 0.01 1 72 4.05312e-05
2992 315.17 8.25984 0.01 1 101 0
3056 308.034 7.92024 0.01 1 72 -1.61231e-05
3083 303.193 7.91915 0.01 1 35 0
3088 300.533 7.7685 0.01 1 34 0
3099 309.718 8.27635 0.01 1 72 0
3121 310.186 7.98325 0.01 1 72 0
3130 308.034 7.78007 0.01 1 72 0
3181 315.17 8.25984 0.01 1 100 0
3197 315.147 8.47482 0.01 1 100 0
3199 308.867 8.54262 0.01 1 72 0
3211 308.011 8.07779 0.01 1 72 0
3240 303.333 8.09011 0.01 1 34 0
3257 315.17 8.25984 0.01 1 101 0
3287 300.533 7.7685 0.01 1 35 0
3293 311.285 8.09179 0.01 1 72 0
3309 299.29 7.7685 0.01 1 35 0
3353 308.081 7.81698 0.01 1 72 0
3364 303.281 8.09011 0.01 1 34 0
3386 300.533 7.77402 0.01 1 35 0
3388 301.965 7.93231 0.01 1 35 0
3391 308.034 7.78007 0.01 1 72 0
3395 308.731 7.99546 0.01 1 72 0
3417 300.533 7.7685 0.01 1 34 0
3433 316.589 8.67341 0.01 1 99 0
3473 300.533 7.7685 0.01 1 33 0
3515 315.17 8.25984 0.01 1 100 0
3570 312.426 7.96297 0.01 1 72 0
3585 300.533 7.7685 0.01 1 35 0
3597 308.53 7.84742 0.01 1 72 0
3604 300.533 7.7685 0.01 1 35 0
3651 315.17 8.36519 0.01 1 101 0
3664 315.17 8.25984 0.01 1 100 0
3701 300.533 7.7685 0.01 1 34 0
3741 315.17 8.36519 0.01 1 101 0
3777 300.533 7.7685 0.01 1 34 0
3813 299.32 7.7685 0.01 1 34 0
3854 298.593 7.7685 0.01 1 35 0
3879 315.17 8.48388 0.01 1 100 0
3927 307.849 8.22661 0.01 1 72 0
3932 308.868 7.85599 0.01 1 72 0
3940 308.601 7.89486 0.01 1 72 0
3946 308.755 8.00109 0.01 1 72 0
3986 307.642 7.744 0.01 1 72 0
3993 302.947 7.91915 0.01 1 33 -0.00121959
4026 315.17 8.44167 0.01 1 99 0
4039 316.589 8.67654 0.01 1 100 0
4118 308.53 7.84742 0.01 1 72 0
4135 300.533 7.7685 0.01 1 34 0
4150 300.533 7.7685 0.01 1 35 0
4157 315.17 8.25984 0.01 1 100 0
4225 300.533 7.7685 0.01 1 35 0
4242 300.533 7.7685 0.01 1 35 0
4261 310.465 7.90233 0.01 1 72 0
4291 309.578 7.726 0.01 1 72 0
4333 302.572 8.09588 0.01 1 34 0
4345 300.533 7.7685 0.01 1 33 0
4373 309.259 7.726 0.01 1 72 0
4374 310.207 7.82215 0.01 1 72 0
4376 307.826 7.8236 0.01 1 72 0
4402 314.464 8.47482 0.01 1 99 0
4413 309.281 8.22661 0.01 1 72 0
4417 299.604 7.7685 0.01 1 34 0
4495 300.533 7.7685 0.01 1 34 0
4544 300.533 7.7685 0.01 1 35 0
4545 309.384 7.94007 0.01 1 72 0
4592 309.284 7.79787 0.01 1 72 0
4629 300.533 7.7685 0.01 1 34 0
4652 315.17 8.25984 0.01 1 99 0
4659 310.407 8.33714 0.01 1 72 0
4671 300.533 7.7685 0.01 1 34 0
4693 303.131 7.84285 0.01 1 35 0
4700 308.731 7.99546 0.01 1 72 0
4708 315.17 8.25984 0.01 1 101 0
4729 300.533 7.7685 0.01 1 35 0
4733 300.533 7.7685 0.01 1 34 0
4760 316.782 8.67654 0.01 1 99 0
4766 300.533 7.7685 0.01 1 34 0
4790 316.589 8.67654 0.01 1 100 0
4829 314.464 8.5755 0.01 1 101 0.00150336
4865 300.533 7.7685 0.01 1 34 0
4925 308.867 8.54262 0.01 1 72 0
4933 300.34 7.7685 0.01 1 35 -0.0100089
4939 299.32 7.7685 0.01 1 35 0
4948 309.384 8.00192 0.01 1 72 0
4949 300.489 7.7685 0.01 1 34 0
4971 300.533 7.7685 0.01 1 35 0
4976 308.011 8.07779 0.01 1 72 0
5025 300.533 7.7685 0.01 1 35 0
5041 300.472 7.7685 0.01 1 34 0
5052 310.407 8.33714 0.01 1 72 0
5076 308.867 8.54262 0.01 1 72 0
5094 300.533 7.7685 0.01 1 34 0
5110 308.868 7.85599 0.01 1 72 0
5149 300.533 7.7685 0.01 1 35 0
5210 308.53 7.84742 0.01 1 72 0
5263 308.979 8.40527 0.01 1 72 0
5267 304.305 7.91915 0.01 1 34 0
5284 299.32 7.7685 0.01 1 34 0
5310 300.533 7.7685 0.01 1 34 0
5320 309.384 8.0813 0.01 1 72 0
5347 297.504 7.7685 0.01 1 35 0
5386 310.409 7.99546 0.01 1 72 0
5390 315.17 8.36519 0.01 1 101 0
5401 301.965 7.93231 0.01 1 34 0
5403 303.094 7.91915 0.01 1 34 0
5411 309.578 7.726 0.01 1 72 0
5426 303.131 7.82365 0.01 1 35 0
5438 315.17 8.29341 0.01 1 100 0
5453 299.32 7.7685 0.01 1 34 0
5479 299.664 7.7685 0.01 1 35 0
5486 303.281 8.09011 0.01 1 34 0
5492 303.281 8.09011 0.01 1 33 0
5551 300.533 7.7685 0.01 1 34 0
5572 314.464 8.5755 0.01 1 101 0
5608 300.533 7.7685 0.01 1 35 0
5623 303.131 7.82365 0.01 1 35 0
5628 299.664 7.7685 0.01 1 34 0
5637 316.782 8.67654 0.01 1 99 0
5671 315.17 8.36519 0.01 1 101 0
5677 310.407 8.33714 0.01 1 72 0
5684 300.533 7.7685 0.01 1 34 0
5712 315.17 8.39855 0.01 1 99 0
5745 300.533 7.7685 0.01 1 34 0
5752 314.464 8.47482 0.01 1 101 0
5768 315.17 8.25984 0.01 1 101 0
5796 310.437 7.94432 0.01 1 72 0
5809 300.533 7.7685 0.01 1 35 0
5842 310.437 7.94432 0.01 1 72 0
5843 303.281 8.09011 0.01 1 33 0
5939 308.731 7.99546 0.01 1 72 0
5950 308.731 7.99546 0.01 1 72 0
5961 308.379 7.62312 0.01 1 72 0
5990 305.1 7.84285 0.01 1 35 0
5995 315.17 8.36519 0.01 1 101 0
6003 307.826 7.74445 0.01 1 72 -4.54783e-05
6027 300.533 7.7685 0.01 1 35 0
6031 299.664 7.7685 0.01 1 34 0
6032 300.533 7.7685 0.01 1 34 0
6055 315.17 8.29341 0.01 1 100 0
6060 300.533 7.7685 0.01 1 34 0
6080 304.305 7.91915 0.01 1 35 0
6157 299.604 7.67185 0.01 1 35 0
6166 309.384 8.00109 0.01 1 72 0
6178 303.131 7.84285 0.01 1 34 0
6235 306.058 7.77699 0.01 1 72 0
6326 309.61 8.61063 0.01 1 72 0
6358 308.081 7.81698 0.01 1 72 0
6426 316.782 8.67654 0.01 1 99 0
6435 300.533 7.7685 0.01 1 34 0
6448 299.32 7.7685 0.01 1 35 0
6450 299.32 7.79275 0.01 1 35 0
6507 299.604 7.7685 0.01 1 34 0
6519 315.17 8.39855 0.01 1 99 0
6589 303.131 7.82365 0.01 1 35 0
6592 303.281 8.09011 0.01 1 33 0
6600 309.718 8.23327 0.01 1 72 0
6603 303.333 8.09011 0.01 1 35 0
6617 299.664 7.7685 0.01 1 35 0
6619 308.011 8.07779 0.01 1 72 0
6658 303.193 7.91915 0.01 1 35 0
6691 300.533 7.7685 0.01 1 34 0
6693 310.414 8.01579 0.01 1 72 0
6713 297.535 7.7685 0.01 1 35 0.0275755
6714 299.604 7.7685 0.01 1 35 0
6728 306.058 7.73656 0.01 1 72 -0.000138655
6741 299.32 7.7685 0.01 1 35 0
6754 310.499 7.86087 0.01 1 72 0
6759 309.417 8.43011 0.01 1 72 0
6767 310.887 8.61063 0.01 1 72 -0.00421502
6768 299.032 7.7685 0.01 1 35 0
6773 310.437 7.94432 0.01 1 72 0
6782 299.32 7.7685 0.01 1 34 0
6855 307.507 7.8236 0.01 1 72 -0.00135894
6866 299.32 7.7685 0.01 1 35 0
6869 299.003 7.7685 0.01 1 35 0
6883 315.17 8.25984 0.01 1 101 0
6919 308.731 7.99546 0.01 1 72 0
6937 315.17 8.25984 0.01 1 101 0
6976 303.193 7.91915 0.01 1 35 0
6996 314.524 8.25984 0.01 1 101 0
7012 300.533 7.81176 0.01 1 35 0
7023 303.131 7.84285 0.01 1 35 0
7044 299.664 7.65905 0.01 1 35 -0.00196483
7059 300.533 7.7685 0.01 1 34 0
7060 309.537 8.10078 0.01 1 72 0
7071 300.533 7.7685 0.01 1 34 0
7098 299.32 7.7685 0.01 1 34 0
7102 309.284 7.79787 0.01 1 72 0
7112 300.533 7.7685 0.01 1 35 0
7212 309.718 8.23327 0.01 1 72 0
7218 316.782 8.67654 0.01 1 99 0
7243 316.589 8.67654 0.01 1 100 0
7248 315.17 8.36519 0.01 1 101 0
7288 299.34 7.7685 0.01 1 33 0.00465811
7290 316.589 8.67654 0.01 1 99 0
7299 302.827 7.91915 0.01 1 34 -0.0108656
7301 299.664 7.7685 0.01 1 33 0
7307 303.131 7.84285 0.01 1 35 0
7311 308.011 8.07779 0.01 1 72 0
7386 315.17 8.29341 0.01 1 100 0
7388 297.859 7.7685 0.01 1 34 0
7405 300.533 7.7685 0.01 1 34 0
7429 298.593 7.7685 0.01 1 35 0
7455 302.653 7.84285 0.01 1 35 0
7457 310.407 8.33714 0.01 1 72 0
7467 308.632 7.99546 0.01 1 72 0
7505 303.333 8.09011 0.01 1 34 0
7531 300.533 7.7685 0.01 1 34 0
7533 309.384 7.94007 0.01 1 72 0
7583 300.533 7.7685 0.01 1 34 0
7588 299.32 7.7685 0.01 1 35 0
7663 312.426 7.96297 0.01 1 72 0
7704 300.533 7.7685 0.01 1 35 0
7728 308.601 7.89486 0.01 1 72 0
7731 308.731 7.99546 0.01 1 72 0
7737 308.731 7.99546 0.01 1 72 0
7752 299.604 7.67185 0.01 1 35 0
7755 314.38 8.27581 0.01 1 100 0
7780 303.131 7.84285 0.01 1 34 0
7801 299.32 7.7685 0.01 1 34 0
7822 314.464 8.47482 0.01 1 101 0
7828 300.533 7.7685 0.01 1 35 0
7871 308.731 7.99546 0.01 1 72 0
7873 300.533 7.77402 0.01 1 35 0
7882 310.407 8.33714 0.01 1 72 0
7894 308.011 8.07779 0.01 1 72 0
7911 309.384 8.00192 0.01 1 72 0
7928 310.409 7.99546 0.01 1 72 0
7931 300.533 7.7685 0.01 1 35 0
7951 307.215 7.78635 0.01 1 72 0
7955 309.14 7.79787 0.01 1 72 0
8016 299.032 7.7685 0.01 1 35 0
8035 310.407 8.26383 0.01 1 72 0
8037 299.664 7.7685 0.01 1 35 0
8092 307.617 8.14259 0.01 1 72 0
8125 315.17 8.29341 0.01 1 100 0
8140 309.281 8.22661 0.01 1 72 0
8146 300.533 7.7685 0.01 1 35 0
8161 309.384 7.94007 0.01 1 72 0
8175 309.384 8.00192 0.01 1 72 0
8178 310.407 8.33714 0.01 1 72 0
8180 316.589 8.57892 0.01 1 99 0
8184 310.437 7.94432 0.01 1 72 0
8193 299.664 7.7685 0.01 1 34 0
8237 300.533 7.7685 0.01 1 34 0
8248 303.268 8.09011 0.01 1 35 0
8287 309.113 7.95094 0.01 1 72 0
8304 303.131 7.84285 0.01 1 35 0
8305 302.407 7.91915 0.01 1 34 0
8342 314.38 8.27581 0.01 1 100 0
8375 310.437 7.94432 0.01 1 72 0
8385 303.478 7.78932 0.01 1 35 0
8415 309.718 8.23327 0.01 1 72 0
8495 316.589 8.67654 0.01 1 100 0
8530 314.464 8.48057 0.01 1 100 0
8532 310.311 8.01579 0.01 1 72 0
8553 309.578 7.726 0.01 1 72 0
8559 309.718 8.27635 0.01 1 72 0
8563 299.032 7.7685 0.01 1 35 0
8599 299.664 7.7685 0.01 1 35 0
8602 304.305 7.91915 0.01 1 33 0
8681 314.38 8.27581 0.01 1 100 0
8704 308.224 7.77711 0.01 1 72 0
8706 303.478 7.78932 0.01 1 35 0
8709 315.17 8.29341 0.01 1 100 0
8712 306.058 7.77699 0.01 1 72 0
8727 308.011 8.07779 0.01 1 72 0
8760 306.058 7.77699 0.01 1 72 0
8765 310.407 8.33714 0.01 1 72 0
8771 309.202 8.22661 0.01 1 72 0
8792 309.384 7.94007 0.01 1 72 0
8798 300.366 7.7685 0.01 1 35 0
8811 299.664 7.7685 0.01 1 35 0
8818 300.468 7.7685 0.01 1 34 -0.00141557
8853 314.464 8.48057 0.01 1 101 0
8881 300.533 7.59894 0.01 1 34 0
8882 309.384 8.00109 0.01 1 72 0
8890 300.533 7.7685 0.01 1 35 0
8897 299.664 7.7685 0.01 1 33 0
8903 309.384 8.00109 0.01 1 72 0
8932 300.533 7.7685 0.01 1 34 0
8945 301.965 7.93231 0.01 1 35 0
8948 315.17 8.25984 0.01 1 100 0
8964 300.533 7.7685 0.01 1 34 0
9001 308.557 8.34687 0.01 1 72 0
9063 300.533 7.7685 0.01 1 35 0
9066 314.38 8.27581 0.01 1 100 0
9142 308.731 7.99546 0.01 1 72 0
9159 307.215 7.78635 0.01 1 72 0
9160 309.384 8.2505 0.01 1 72 0
9173 303.333 8.09011 0.01 1 35 0
9185 307.642 7.744 0.01 1 72 0
9219 312.218 8.08949 0.01 1 72 0
9227 309.718 8.27635 0.01 1 72 0
9234 315.17 8.36519 0.01 1 101 0
9242 316.589 8.67654 0.01 1 99 0
9246 309.578 7.726 0.01 1 72 0
9263 308.034 7.78007 0.01 1 72 0
9285 312.262 8.27698 0.01 1 72 0
9308 315.62 8.48057 0.01 1 100 0
9321 299.664 7.7685 0.01 1 33 0
9339 315.203 8.39855 0.01 1 99 0
9391 300.533 7.7685 0.01 1 35 0
9429 308.868 7.85599 0.01 1 72 0
9462 307.215 7.78635 0.01 1 72 0
9479 303.094 7.91915 0.01 1 34 0
9484 315.17 8.32768 0.01 1 99 0.000859216
9491 314.5 8.47482 0.01 1 99 0
9520 314.464 8.48057 0.01 1 100 0
9540 309.578 7.726 0.01 1 72 0
9579 303.131 7.74431 0.01 1 35 0
9620 300.533 7.7685 0.01 1 34 0
9729 310.186 7.98325 0.01 1 72 0
9733 300.472 7.7685 0.01 1 35 0
9745 300.533 7.7685 0.01 1 35 0
9757 307.235 7.77135 0.01 1 72 0
9781 299.32 7.7685 0.01 1 34 0
9833 300.533 7.7685 0.01 1 34 0
9843 300.533 7.80025 0.01 1 33 0.000596426
9849 300.533 7.7685 0.01 1 35 0
9862 303.131 7.82365 0.01 1 35 0
9868 300.533 7.7685 0.01 1 34 0
9894 300.533 7.7685 0.01 1 35 0
9915 308.755 8.00109 0.01 1 72 0.000134945
9922 309.243 7.80889 0.01 1 72 0
9941 308.867 8.54262 0.01 1 72 0
9961 300.533 7.7685 0.01 1 35 0
9989 308.081 7.81698 0.01 1 72 0
10014 300.533 7.7685 0.01 1 35 0
10044 308.011 8.07779 0.01 1 72 0
10051 300.533 7.7685 0.01 1 34 0
10067 308.868 7.77584 0.01 1 72 0
10086 316.589 8.67654 0.01 1 100 0
10212 308.034 7.96406 0.01 1 72 0
10232 308.134 7.82095 0.01 1 72 0
10237 308.134 7.82215 0.01 1 72 0
10239 299.664 7.7685 0.01 1 34 0
10267 296.999 7.7685 0.01 1 35 0
10309 299.573 7.93628 0.01 1 35 0
10458 303.131 7.84285 0.01 1 35 0
10490 300.533 7.7685 0.01 1 35 0
10522 299.604 7.67185 0.01 1 35 -0.00172607
10541 315.17 8.25984 0.01 1 100 0
10563 303.094 7.91915 0.01 1 35 0
10595 299.32 7.7685 0.01 1 35 0
10597 299.32 7.7685 0.01 1 34 0
10616 303.281 8.09011 0.01 1 34 0
10632 312.262 8.27698 0.01 1 72 0
10642 303.131 7.84285 0.01 1 33 0
10664 299.003 7.7685 0.01 1 35 0
10668 302.99 7.91915 0.01 1 35 0
10675 300.533 7.7685 0.01 1 35 0
10677 299.664 7.7685 0.01 1 33 0
10731 308.53 7.84742 0.01 1 72 0
10766 303.333 8.09011 0.01 1 35 0
10771 309.384 7.94007 0.01 1 72 0
10772 300.533 7.7685 0.01 1 35 0
10804 309.284 7.79787 0.01 1 72 0
10816 315.17 8.25984 0.01 1 100 0
10818 300.533 7.7685 0.01 1 33 0
10840 303.478 7.78932 0.01 1 34 0
10911 315.203 8.39855 0.01 1 99 0
10916 300.533 7.7685 0.01 1 34 0
10918 315.17 8.36519 0.01 1 101 0
10922 300.533 7.7685 0.01 1 34 0
10933 300.533 7.7685 0.01 1 35 0
10942 299.32 7.7685 0.01 1 33 0
10990 300.472 7.7685 0.01 1 33 0
11002 300.533 7.7685 0.01 1 34 0
11007 300.533 7.7685 0.01 1 35 0
11017 316.782 8.67654 0.01 1 99 0
11053 309.578 7.726 0.01 1 72 0
11077 314.38 8.27581 0.01 1 100 0
11087 308.034 7.78007 0.01 1 72 0
11142 309.259 7.726 0.01 1 72 0
11147 300.533 7.7685 0.01 1 35 0
11167 309.384 7.94007 0.01 1 72 0
11246 310.311 8.01579 0.01 1 72 0
11255 303.268 8.09011 0.01 1 35 0
11276 308.731 7.99546 0.01 1 72 0
11343 308.011 8.07779 0.01 1 72 0
11378 309.852 8.00109 0.01 1 72 0
11393 300.533 7.7685 0.01 1 35 0
11428 308.731 7.99546 0.01 1 72 0
11436 300.533 7.7685 0.01 1 35 0
11456 315.17 8.25984 0.01 1 101 0
11466 300.533 7.7685 0.01 1 35 0
11487 298.593 7.7685 0.01 1 35 0
11511 299.32 7.7685 0.01 1 35 0
11540 302.653 7.84285 0.01 1 35 0
11548 303.478 7.78932 0.01 1 35 0
11554 305.1 7.84285 0.01 1 34 0
11555 299.32 7.7685 0.01 1 35 0
11569 310.407 8.33714 0.01 1 72 0
11603 309.578 7.726 0.01 1 72 0
11621 299.32 7.7685 0.01 1 35 0
11633 308.755 8.00109 0.01 1 72 0
11673 300.533 7.76787 0.01 1 35 0
11723 310.407 8.33714 0.01 1 72 0
11728 299.32 7.7685 0.01 1 34 0
11742 308.731 7.99546 0.01 1 72 0
11755 301.803 7.84285 0.01 1 35 0.0160114
11766 303.281 8.09011 0.01 1 33 0
11791 308.731 7.99546 0.01 1 72 0
11817 303.074 7.91915 0.01 1 34 0.00125563
11821 303.281 8.09011 0.01 1 33 0
11866 308.867 8.54262 0.01 1 72 0
11873 309.718 8.23327 0.01 1 72 0
11886 308.011 8.07779 0.01 1 72 0
11894 303.131 7.84285 0.01 1 35 0
11912 299.32 7.7685 0.01 1 35 0
11932 305.1 7.84285 0.01 1 35 0
11939 315.17 8.44167 0.01 1 99 0
11945 300.533 7.7685 0.01 1 35 0
11953 298.12 7.7685 0.01 1 35 0.0136682
11979 310.407 8.33714 0.01 1 72 0
12005 299.032 7.7733 0.01 1 35 8.10698e-05
12012 303.094 7.91915 0.01 1 34 0
12034 315.17 8.36519 0.01 1 101 0
12099 303.641 7.84285 0.01 1 35 0
12112 300.533 7.7685 0.01 1 34 0
12120 299.32 7.7685 0.01 1 35 0
12150 315.17 8.39855 0.01 1 99 0
12206 300.533 7.7685 0.01 1 34 0
12207 308.53 7.84742 0.01 1 72 0
12275 303.193 7.91915 0.01 1 35 0
12289 309.281 8.22661 0.01 1 72 0
12336 303.131 7.84285 0.01 1 34 0
12341 315.17 8.29341 0.01 1 100 0
12421 300.533 7.7685 0.01 1 35 0
12444 308.53 7.84742 0.01 1 72 0
12445 299.32 7.7685 0.01 1 33 0
12453 310.437 7.94432 0.01 1 72 0
12465 314.464 8.5755 0.01 1 101 0
12467 303.131 7.82365 0.01 1 34 0
12474 301.824 7.93231 0.01 1 35 0
12522 316.589 8.67654 0.01 1 99 0
12527 299.32 7.7685 0.01 1 33 0
12543 307.849 8.22661 0.01 1 72 0
12569 299.32 7.7685 0.01 1 35 0
12616 300.533 7.7685 0.01 1 35 0
12623 308.731 7.99546 0.01 1 72 0
12624 314.464 8.5755 0.01 1 101 0
12642 315.17 8.25984 0.01 1 100 0
12649 309.384 8.00192 0.01 1 72 0
12657 300.533 7.7685 0.01 1 35 0
12678 303.131 7.82365 0.01 1 35 0
12740 309.384 8.00192 0.01 1 72 0
12781 303.131 7.84285 0.01 1 34 0
12800 310.887 8.61063 0.01 1 72 0
12828 303.281 8.09011 0.01 1 35 0
12838 298.593 7.7685 0.01 1 35 0
12847 315.62 8.48057 0.01 1 100 0
12875 308.011 8.07779 0.01 1 72 0
12876 302.653 7.84285 0.01 1 35 0
12894 298.593 7.7685 0.01 1 35 0
12941 315.17 8.36519 0.01 1 101 0
12942 300.472 7.7685 0.01 1 34 0.000845931
12950 315.17 8.48388 0.01 1 100 0
12964 314.464 8.48057 0.01 1 100 0
12970 300.533 7.7685 0.01 1 35 0
12986 300.533 7.7685 0.01 1 35 0
13173 302.653 7.84285 0.01 1 35 0
13203 299.32 7.7685 0.01 1 35 0
13234 298.593 7.7685 0.01 1 35 0
13258 308.081 7.81698 0.01 1 72 0
13281 316.589 8.67654 0.01 1 99 0
13381 308.731 7.99546 0.01 1 72 0
13384 303.333 7.92029 0.01 1 35 0
13413 300.533 7.7685 0.01 1 34 0
13421 309.913 8.05816 0.01 1 72 0
13517 303.131 7.84285 0.01 1 35 0
13518 298.593 7.7685 0.01 1 35 0
13521 299.032 7.7685 0.01 1 35 0
13580 311.552 8.07315 0.01 1 72 0
13665 303.478 7.78932 0.01 1 34 0
13681 299.32 7.7685 0.01 1 34 0
13682 300.533 7.7685 0.01 1 34 0
13712 315.17 8.29168 0.01 1 101 0
13722 308.506 8.3801 0.01 1 72 0
13767 300.533 7.7685 0.01 1 34 0
13779 300.533 7.7685 0.01 1 33 0
13804 309.384 8.00109 0.01 1 72 0
13811 309.578 7.726 0.01 1 72 0
13818 308.011 8.07779 0.01 1 72 0
13829 303.333 8.09011 0.01 1 35 0
13849 309.384 8.00192 0.01 1 72 0
13860 303.281 8.14472 0.01 1 34 0.000938579
13885 307.826 7.8236 0.01 1 72 0
13888 299.32 7.7685 0.01 1 35 0
13896 300.533 7.7685 0.01 1 35 0
13945 303.281 8.09011 0.01 1 34 0
13960 315.17 8.25984 0.01 1 101 0
13963 298.593 7.7685 0.01 1 35 0
13998 300.533 7.7685 0.01 1 33 0
14000 299.32 7.7685 0.01 1 35 0
14042 303.131 7.74431 0.01 1 35 0
14056 308.731 7.99546 0.01 1 72 0
14061 314.464 8.48057 0.01 1 100 0
14076 302.653 7.84285 0.01 1 35 0
14095 300.533 7.7685 0.01 1 34 0
14105 306.619 7.86077 0.01 1 72 0
14150 308.034 7.96406 0.01 1 72 0
14155 304.305 7.91915 0.01 1 35 0
14164 315.17 8.39855 0.01 1 99 0
14204 302.572 8.09588 0.01 1 35 0
14222 308.224 7.77711 0.01 1 72 0
14274 308.731 8.13612 0.01 1 72 3.8445e-06
14277 300.533 7.7685 0.01 1 34 0
14287 300.533 7.7685 0.01 1 35 0
14371 312.262 8.27698 0.01 1 72 0
14388 308.731 7.99546 0.01 1 72 0
14393 309.417 8.43011 0.01 1 72 0
14419 315.17 8.45999 0.01 1 101 0
14436 315.17 8.25984 0.01 1 100 0
14448 306.058 7.77699 0.01 1 72 0
14450 297.859 7.7685 0.01 1 34 0.0265919
14459 314.464 8.48057 0.01 1 100 0
14543 299.32 7.7685 0.01 1 34 0
14572 300.533 7.7685 0.01 1 34 0
14602 306.058 7.77699 0.01 1 72 0
14608 303.281 8.09011 0.01 1 34 0
14649 299.32 7.7685 0.01 1 35 0
14683 303.268 8.09011 0.01 1 35 0
14686 299.664 7.7685 0.01 1 35 0
14729 299.664 7.7685 0.01 1 34 0
14760 309.384 8.00109 0.01 1 72 0
14796 296.999 7.7685 0.01 1 35 0
14814 300.533 7.7685 0.01 1 35 0
14836 303.333 7.92029 0.01 1 35 -0.00299693
14837 298.593 7.7685 0.01 1 35 0
14859 302.99 7.91915 0.01 1 35 0
14862 304.305 7.91915 0.01 1 35 0
14884 308.011 8.07779 0.01 1 72 0
14899 300.533 7.7685 0.01 1 35 0
14954 300.533 7.7685 0.01 1 34 0
14970 300.533 7.7685 0.01 1 35 0
15028 315.17 8.29341 0.01 1 100 0
15036 300.533 7.7685 0.01 1 34 0
15101 312.262 8.27698 0.01 1 72 0
15127 299.664 7.7685 0.01 1 34 0
15153 299.32 7.7685 0.01 1 35 0
15157 302.407 7.91915 0.01 1 35 0
15199 300.533 7.7685 0.01 1 33 0
15218 299.32 7.7685 0.01 1 35 0
15220 308.034 7.78007 0.01 1 72 0
15228 299.32 7.7685 0.01 1 34 0
15236 311.552 8.07315 0.01 1 72 0
15256 310.758 8.1426 0.01 1 72 0
15274 300.533 7.7685 0.01 1 34 0
15276 316.589 8.67654 0.01 1 100 0
15324 299.604 7.67185 0.01 1 35 0
15360 299.664 7.7685 0.01 1 35 0
15361 300.533 7.64772 0.01 1 35 0
15365 309.578 7.726 0.01 1 72 0
15366 299.032 7.7685 0.01 1 35 0
15379 309.61 8.61063 0.01 1 72 0
15395 300.533 7.7685 0.01 1 34 0
15423 303.131 7.82365 0.01 1 33 0
15437 300.366 7.7685 0.01 1 34 0
15459 304.715 8.09011 0.01 1 35 0
15468 302.572 8.09588 0.01 1 34 0
15517 299.664 7.7685 0.01 1 33 0
15530 305.1 7.84285 0.01 1 35 0
15558 301.824 7.93231 0.01 1 35 0.00180466
15578 299.003 7.7685 0.01 1 35 0
15584 309.14 7.79787 0.01 1 72 0
15635 308.011 8.07779 0.01 1 72 0
15663 300.533 7.7685 0.01 1 34 0
15720 299.664 7.65905 0.01 1 34 0
15722 303.131 7.84285 0.01 1 35 0
15729 300.533 7.7685 0.01 1 35 0
15735 309.384 7.94007 0.01 1 72 0
15740 300.533 7.7685 0.01 1 35 0
15757 300.533 7.7685 0.01 1 34 0
15800 302.957 8.09011 0.01 1 35 0.00425978
15803 315.203 8.39855 0.01 1 99 0
15838 303.131 7.84285 0.01 1 34 0
15843 315.17 8.25984 0.01 1 100 0
15858 309.718 8.29011 0.01 1 72 0
15881 308.928 8.23413 0.01 1 72 0
15889 309.509 7.90233 0.01 1 72 0
15902 303.131 7.82365 0.01 1 34 0
15962 315.17 8.25984 0.01 1 101 0
16010 299.664 7.7685 0.01 1 35 0
16033 315.17 8.36519 0.01 1 100 0
16037 315.17 8.25984 0.01 1 101 0
16086 309.384 8.00192 0.01 1 72 0
16092 310.407 8.36818 0.01 1 72 0
16128 315.62 8.48057 0.01 1 100 0
16155 303.193 7.91915 0.01 1 35 0
16165 301.965 7.93231 0.01 1 35 0
16198 308.081 7.81698 0.01 1 72 0
16200 303.131 7.84285 0.01 1 35 0
16201 310.499 7.86087 0.01 1 72 0
16219 314.464 8.47482 0.01 1 101 0
16227 315.17 8.32768 0.01 1 99 0
16239 299.32 7.7685 0.01 1 35 0
16251 308.034 7.96406 0.01 1 72 0
16299 314.5 8.47482 0.01 1 99 0
16301 300.533 7.7685 0.01 1 35 0
16302 299.32 7.7685 0.01 1 34 0
16390 297.634 7.72967 0.01 1 35 0.0254847
16433 300.533 7.7685 0.01 1 34 0
16487 299.003 7.7685 0.01 1 35 0
16489 300.533 7.7685 0.01 1 35 0
16508 308.927 8.54262 0.01 1 72 1.66893e-05
16548 301.965 7.93231 0.01 1 35 0
16552 308.53 7.84742 0.01 1 72 0
16562 308.979 8.40527 0.01 1 72 0
16590 300.533 7.7685 0.01 1 34 0
16593 315.17 8.36519 0.01 1 101 0
16604 303.131 7.82365 0.01 1 35 0
16648 303.131 7.84285 0.01 1 33 0
16650 310.929 8.33714 0.01 1 72 0
16722 308.011 8.07779 0.01 1 72 0
16752 310.186 7.98325 0.01 1 72 0
16762 300.533 7.7685 0.01 1 34 0
16764 298.593 7.7685 0.01 1 35 0
16797 300.533 7.7685 0.01 1 34 0
16837 300.533 7.7685 0.01 1 34 0
16841 316.589 8.67654 0.01 1 99 0
16957 314.38 8.27581 0.01 1 100 0
16970 308.731 7.99546 0.01 1 72 0
16999 300.533 7.80025 0.01 1 33 0
17017 300.533 7.7685 0.01 1 34 0
17067 315.17 8.25984 0.01 1 100 0
17093 300.533 7.7685 0.01 1 35 0
17106 300.533 7.7685 0.01 1 35 0
17109 300.533 7.7685 0.01 1 35 0
17126 300.533 7.59894 0.01 1 34 0
17146 308.731 7.99546 0.01 1 72 0
17180 312.262 8.27698 0.01 1 72 0
17226 308.224 7.77711 0.01 1 72 0
17302 303.131 7.84285 0.01 1 35 0
17360 300.533 7.7685 0.01 1 35 0
17361 311.771 8.27698 0.01 1 72 0
17364 300.533 7.7685 0.01 1 34 0
17367 310.437 7.94432 0.01 1 72 0
17383 300.533 7.7685 0.01 1 35 0
17389 299.003 7.7685 0.01 1 34 0
17440 307.944 8.14207 0.01 1 72 0
17476 303.333 8.09011 0.01 1 35 0
17501 302.572 8.09588 0.01 1 35 0
17524 300.533 7.7685 0.01 1 34 0
17526 300.533 7.7685 0.01 1 35 0
17528 315.17 8.39855 0.01 1 99 0
17563 305.1 7.84285 0.01 1 35 0
17594 299.032 7.7685 0.01 1 35 0
17604 310.407 8.44268 0.01 1 72 0
17606 300.533 7.7685 0.01 1 35 0
17619 308.632 7.99546 0.01 1 72 0
17669 312.426 7.96297 0.01 1 72 0
17675 309.384 8.00109 0.01 1 72 0
17680 303.131 7.82365 0.01 1 35 0
17741 309.913 8.05816 0.01 1 72 0
17750 300.533 7.7685 0.01 1 34 0
17771 303.641 7.84285 0.01 1 35 0
17858 299.664 7.7685 0.01 1 33 0
17867 315.17 8.39855 0.01 1 99 0
17874 303.094 7.91915 0.01 1 35 0
17892 316.782 8.67654 0.01 1 99 0
17981 303.333 8.09011 0.01 1 35 0
17986 309.384 8.22661 0.01 1 72 0
18033 299.032 7.7685 0.01 1 35 0
18041 300.533 7.7685 0.01 1 34 0
18073 308.037 7.91647 0.01 1 72 4.32134e-07
18077 310.306 7.92755 0.01 1 72 0
18079 310.437 7.94432 0.01 1 72 0
18107 306.914 7.85891 0.01 1 72 0
18117 300.533 7.7685 0.01 1 35 0
18139 300.918 7.7685 0.01 1 35 0
18148 310.407 8.33714 0.01 1 72 0
18183 308.868 7.85599 0.01 1 72 0
18190 300.533 7.7685 0.01 1 34 0
18192 299.32 7.7685 0.01 1 34 0
18197 309.384 7.94007 0.01 1 72 0
18254 299.664 7.7685 0.01 1 33 0
18258 299.32 7.7685 0.01 1 34 0
18264 303.094 7.91915 0.01 1 34 0
18267 315.17 8.32768 0.01 1 99 0
18286 299.664 7.7685 0.01 1 35 0
18291 303.333 8.09011 0.01 1 35 0
18308 299.32 7.7685 0.01 1 35 0
18312 299.32 7.7685 0.01 1 34 0
18337 308.506 8.3801 0.01 1 72 0
18354 310.437 7.94432 0.01 1 72 0
18395 300.533 7.7685 0.01 1 35 0
18400 300.533 7.7685 0.01 1 35 0
18421 299.32 7.7685 0.01 1 35 0
18426 307.515 7.84813 0.01 1 72 0
18430 303.094 7.91915 0.01 1 35 0
18495 300.533 7.7685 0.01 1 34 0
18505 308.946 8.54262 0.01 1 72 0
18506 302.653 7.84285 0.01 1 35 0
18508 303.131 7.84285 0.01 1 35 0
18589 309.259 7.726 0.01 1 72 0
18591 296.999 7.7685 0.01 1 35 0
18599 303.094 7.91915 0.01 1 34 0
18617 315.17 8.36519 0.01 1 101 0
18631 310.407 8.33714 0.01 1 72 0
18635 303.094 7.91915 0.01 1 34 0
18649 300.533 7.7685 0.01 1 35 0
18746 300.533 7.7685 0.01 1 34 0
18761 302.572 8.09588 0.01 1 35 0
18767 300.533 7.7685 0.01 1 34 0
18791 315.17 8.25984 0.01 1 101 0
18793 303.25 7.82365 0.01 1 34 -0.00122914
18839 301.803 7.73876 0.01 1 35 -0.00195085
18922 310.186 7.98325 0.01 1 72 0
18938 303.131 7.84285 0.01 1 35 0
18996 300.366 7.7685 0.01 1 34 0
19010 315.17 8.39855 0.01 1 99 0
19019 307.499 7.61773 0.01 1 72 0
19026 303.131 7.84285 0.01 1 33 0
19055 312.262 8.27698 0.01 1 72 0
19059 310.179 8.22661 0.01 1 72 -0.00197048
19127 300.533 7.7685 0.01 1 34 0
19141 300.533 7.7685 0.01 1 34 0
19177 310.407 8.36818 0.01 1 72 0
19203 300.366 7.7685 0.01 1 34 0
19209 316.589 8.67654 0.01 1 99 0
19272 299.32 7.7685 0.01 1 34 0
19282 300.878 7.7685 0.01 1 35 -0.0228866
19301 310.409 7.99546 0.01 1 72 0
19314 306.058 7.77699 0.01 1 72 0
19316 299.32 7.7685 0.01 1 34 0
19345 315.17 8.29341 0.01 1 100 0
19347 308.011 8.07779 0.01 1 72 0
19357 299.664 7.7685 0.01 1 35 0
19414 300.533 7.7685 0.01 1 34 0
19434 308.081 7.81698 0.01 1 72 0
19448 304.657 7.84285 0.01 1 34 0
19462 303.281 8.09011 0.01 1 35 0
19496 307.682 8.05231 0.01 1 72 0
19566 300.533 7.7685 0.01 1 35 0
19576 300.533 7.7685 0.01 1 33 0
19668 303.131 7.82365 0.01 1 33 0
19675 313.29 7.96297 0.01 1 72 -0.0116603
19727 315.17 8.25984 0.01 1 101 0
19738 314.464 8.48057 0.01 1 100 0
19760 315.62 8.48057 0.01 1 100 0
19828 314.464 8.46627 0.01 1 100 0
19837 300.533 7.7685 0.01 1 35 0
19838 300.533 7.7685 0.01 1 34 0
19858 308.677 8.00109 0.01 1 72 6.68466e-05
19862 303.478 7.78932 0.01 1 35 0
19898 299.32 7.76083 0.01 1 35 -0.000132844
19913 308.867 8.44494 0.01 1 72 0
19919 315.62 8.48057 0.01 1 100 0
19921 299.32 7.7685 0.01 1 35 0
19975 301.965 7.93231 0.01 1 34 0
20029 300.533 7.7685 0.01 1 34 0
20036 300.533 7.7685 0.01 1 34 0
20037 308.867 8.54262 0.01 1 72 0
20047 308.868 7.85599 0.01 1 72 0
20074 298.593 7.7685 0.01 1 35 0
20082 309.566 7.85599 0.01 1 72 0
20100 300.533 7.7685 0.01 1 34 0
20108 300.533 7.7685 0.01 1 34 0
20136 315.17 8.25984 0.01 1 100 0
20198 299.32 7.83243 0.01 1 34 0.00113886
20204 315.17 8.25984 0.01 1 101 0
20215 310.409 7.99546 0.01 1 72 0
20221 299.32 7.7685 0.01 1 35 0
20297 309.384 8.00192 0.01 1 72 0
20302 297.504 7.7685 0.01 1 35 0
20334 300.533 7.7685 0.01 1 35 0
20346 303.131 7.82365 0.01 1 35 0
20372 299.32 7.7685 0.01 1 35 0
20417 308.731 7.99546 0.01 1 72 0
20475 303.131 7.84285 0.01 1 35 0
20487 301.965 7.93231 0.01 1 34 0
20544 308.867 8.54262 0.01 1 72 0
20597 308.037 7.91647 0.01 1 72 0
20618 303.193 7.91915 0.01 1 34 0
20656 315.17 8.36519 0.01 1 101 0
20671 303.131 7.84285 0.01 1 33 0
20743 300.533 7.7685 0.01 1 35 0
20764 305.046 7.67051 0.01 1 72 0
20789 309.718 8.29011 0.01 1 72 0
20791 315.17 8.39855 0.01 1 99 0
20841 315.17 8.48388 0.01 1 100 0
20844 299.573 7.93628 0.01 1 35 0
20855 303.528 7.91915 0.01 1 35 0
20866 309.718 8.27635 0.01 1 72 0
20976 310.437 7.86087 0.01 1 72 0
20990 307.826 7.8236 0.01 1 72 0
21009 308.53 7.84742 0.01 1 72 0
21014 309.202 8.22661 0.01 1 72 5.60135e-05
21044 310.254 7.726 0.01 1 72 -0.00204359
21112 310.409 7.99546 0.01 1 72 0
21129 308.868 7.77584 0.01 1 72 0
21132 300.533 7.7685 0.01 1 35 0
21148 314.464 8.47482 0.01 1 99 0
21151 307.826 7.8236 0.01 1 72 0
21161 315.203 8.39855 0.01 1 99 0
21174 308.53 7.84742 0.01 1 72 0
21241 303.193 7.91915 0.01 1 35 0
21294 311.552 8.07315 0.01 1 72 0
21342 315.62 8.48057 0.01 1 99 0.0163279
21347 300.533 7.7685 0.01 1 34 0
21372 308.867 8.54262 0.01 1 72 0
21387 314.464 8.48057 0.01 1 101 0
21437 309.113 7.95094 0.01 1 72 0
21445 302.572 8.09588 0.01 1 35 0
21512 300.533 7.7685 0.01 1 34 0
21549 302.653 7.84285 0.01 1 35 0
21573 308.868 7.85599 0.01 1 72 0
21583 311.176 8.36818 0.01 1 72 0
21595 300.533 7.7685 0.01 1 35 0
21662 316.589 8.67654 0.01 1 99 0
21675 302.177 7.91915 0.01 1 33 0
21699 315.17 8.29341 0.01 1 101 0
21708 307.849 8.22661 0.01 1 72 0
21715 316.589 8.67654 0.01 1 100 0
21723 300.366 7.7685 0.01 1 34 0
21725 300.533 7.7685 0.01 1 34 0
21808 310.306 7.92755 0.01 1 72 0
21830 308.506 8.3801 0.01 1 72 0
21863 303.131 7.84285 0.01 1 33 0
21981 309.578 7.726 0.01 1 72 0
21989 299.664 7.7685 0.01 1 34 0
21995 300.366 7.7685 0.01 1 34 0
22019 300.533 7.7685 0.01 1 35 0
22058 299.032 7.7685 0.01 1 35 0
22094 308.53 7.84742 0.01 1 72 0
22102 316.782 8.67654 0.01 1 99 0
22113 308.731 7.99546 0.01 1 72 0
22126 309.14 7.79787 0.01 1 72 0
22168 300.533 7.7685 0.01 1 35 0
22193 303.193 7.80325 0.01 1 35 0
22297 299.664 7.7685 0.01 1 33 0
22301 315.203 8.39855 0.01 1 99 0
22332 308.034 7.78007 0.01 1 72 0
22349 303.131 7.82365 0.01 1 35 0
22405 300.533 7.7685 0.01 1 34 0
22468 309.578 7.726 0.01 1 72 0
22496 302.827 7.91915 0.01 1 33 0
22501 304.305 8.04157 0.01 1 35 0
22545 302.177 7.91915 0.01 1 33 0
22549 315.17 8.32768 0.01 1 99 0
22561 303.131 7.82365 0.01 1 35 0
22594 303.193 7.91915 0.01 1 35 0
22598 302.827 7.91915 0.01 1 33 0
22621 315.17 8.39855 0.01 1 99 0
22644 309.384 8.00192 0.01 1 72 0
22698 303.641 7.84285 0.01 1 35 0
22720 315.17 8.48388 0.01 1 100 0
22734 303.281 8.09011 0.01 1 35 0
22738 300.533 7.7685 0.01 1 34 0
22791 300.533 7.7685 0.01 1 34 0
22807 300.533 7.7685 0.01 1 34 0
22808 315.17 8.25984 0.01 1 100 0
22822 301.965 7.93231 0.01 1 35 0
22825 300.533 7.7685 0.01 1 34 0
22896 300.533 7.7685 0.01 1 35 0
22899 314.464 8.47482 0.01 1 99 0
22949 308.868 7.85599 0.01 1 72 0
22963 307.499 7.61773 0.01 1 72 0
22980 300.533 7.7685 0.01 1 34 0
23062 300.533 7.7685 0.01 1 35 0
23064 315.17 8.29341 0.01 1 100 0
23088 303.193 7.91915 0.01 1 34 0
23127 316.782 8.67654 0.01 1 99 0
23203 308.034 7.78007 0.01 1 72 0
23261 299.032 7.7733 0.01 1 35 0
23310 300.533 7.7685 0.01 1 35 0
23338 299.32 7.7685 0.01 1 33 0
23358 300.533 7.7685 0.01 1 34 0
23372 309.61 8.61063 0.01 1 72 0
23394 300.533 7.7685 0.01 1 34 0
23398 303.478 7.84285 0.01 1 35 0
23432 300.533 7.77402 0.01 1 35 0
23436 301.965 7.93231 0.01 1 35 0
23464 303.281 8.09011 0.01 1 34 0
23504 309.718 8.23327 0.01 1 72 0
23544 302.572 8.09588 0.01 1 34 0
23550 300.533 7.7685 0.01 1 34 0
23551 309.384 8.22661 0.01 1 72 0
23554 300.533 7.7685 0.01 1 35 0
23558 303.131 7.84285 0.01 1 35 0
23569 304.305 8.04157 0.01 1 35 0
23572 302.572 8.09011 0.01 1 35 0
23591 300.533 7.7685 0.01 1 33 0
23602 298.593 7.7685 0.01 1 35 0
23614 316.589 8.67654 0.01 1 99 0
23625 307.682 8.05231 0.01 1 72 0
23657 308.557 8.34687 0.01 1 72 0
23710 308.868 7.85599 0.01 1 72 0
23781 302.653 7.84285 0.01 1 35 0
23811 299.32 7.7685 0.01 1 35 0
23881 309.384 7.94007 0.01 1 72 0
23924 303.281 8.09011 0.01 1 35 0
23965 303.131 7.82365 0.01 1 35 0
24066 308.731 7.99546 0.01 1 72 0
24079 306.111 8.15548 0.01 1 72 0
24121 309.243 7.80889 0.01 1 72 0
24184 298.593 7.7685 0.01 1 35 0
24198 300.533 7.7685 0.01 1 35 0
24246 299.32 7.7685 0.01 1 35 0
24253 309.259 7.726 0.01 1 72 0
24290 311.176 8.36818 0.01 1 72 0
24423 300.533 7.7685 0.01 1 33 0
24455 307.642 7.744 0.01 1 72 0
24468 308.959 7.64215 0.01 1 72 0
24469 303.131 7.84285 0.01 1 35 0
24476 303.131 7.82365 0.01 1 34 0
24501 305.1 7.64252 0.01 1 35 0
24549 308.224 7.77711 0.01 1 72 0
24599 308.034 7.78007 0.01 1 72 0
24602 300.533 7.7685 0.01 1 34 0
24620 316.782 8.67654 0.01 1 99 0
24633 314.38 8.27581 0.01 1 100 0
24643 303.094 7.91915 0.01 1 34 0
24646 315.17 8.48388 0.01 1 100 0
24654 303.193 7.91915 0.01 1 35 0
24677 309.284 7.79787 0.01 1 72 0
24713 309.14 7.79787 0.01 1 72 0
24746 314.464 8.47482 0.01 1 99 0
24759 299.664 7.7685 0.01 1 34 0
24782 300.533 7.7685 0.01 1 34 0
24819 314.542 8.3522 0.01 1 99 0
24827 298.593 7.7685 0.01 1 35 0
24846 310.407 8.33714 0.01 1 72 0
24877 303.478 7.78932 0.01 1 34 0
24884 302.572 8.09588 0.01 1 34 0
24896 299.32 7.7685 0.01 1 35 0
24900 308.731 7.99546 0.01 1 72 0
24922 299.32 7.7685 0.01 1 34 0
24958 310.311 8.01579 0.01 1 72 0
24966 298.902 7.7685 0.01 1 35 0
24971 303.281 8.09011 0.01 1 34 0
24999 314.464 8.47482 0.01 1 101 0
25031 309.243 7.80889 0.01 1 72 0
25054 300.533 7.7685 0.01 1 34 0
25057 300.489 7.7685 0.01 1 34 0.000605144
25059 309.384 8.00109 0.01 1 72 0
25092 299.32 7.7685 0.01 1 35 0
25129 306.111 8.15548 0.01 1 72 0
25179 308.224 7.77711 0.01 1 72 0
25194 300.533 7.7685 0.01 1 34 0
25203 303.281 8.09011 0.01 1 35 0
25238 310.186 7.98325 0.01 1 72 0
25277 300.533 7.81176 0.01 1 35 0
25282 301.016 7.7685 0.01 1 35 -0.00680761
25299 308.011 8.07779 0.01 1 72 0
25312 300.533 7.7685 0.01 1 35 0
25314 299.604 7.7685 0.01 1 34 -0.00917539
25335 299.32 7.7685 0.01 1 35 0
25394 307.642 7.744 0.01 1 72 0
25422 308.018 8.00109 0.01 1 72 0
25442 314.464 8.48057 0.01 1 100 0
25464 299.032 7.7685 0.01 1 35 0
25485 299.032 7.7685 0.01 1 34 0
25490 311.552 8.07315 0.01 1 72 0
25526 315.203 8.39855 0.01 1 99 0
25550 303.131 7.82365 0.01 1 35 0
25554 303.268 8.09011 0.01 1 35 0
25555 299.32 7.7685 0.01 1 35 0
25558 303.131 7.84285 0.01 1 35 0
25577 299.32 7.7685 0.01 1 35 0
25601 303.131 7.82365 0.01 1 34 0
25607 300.533 7.64772 0.01 1 35 -0.00226119
25632 308.731 7.99546 0.01 1 72 0
25639 315.17 8.29341 0.01 1 100 0
25640 299.32 7.7685 0.01 1 35 0
25655 303.641 7.84285 0.01 1 34 0
25657 300.533 7.7685 0.01 1 34 0
25665 299.32 7.7685 0.01 1 35 0
25701 300.533 7.7685 0.01 1 34 0
25714 299.664 7.7685 0.01 1 34 0
25727 300.533 7.7685 0.01 1 34 0
25746 315.17 8.25984 0.01 1 101 0
25781 297.634 7.72967 0.01 1 35 0
25789 299.664 7.7685 0.01 1 33 0
25850 315.17 8.45999 0.01 1 101 0
25866 315.17 8.25984 0.01 1 100 0
25887 315.17 8.36519 0.01 1 101 0
25893 314.464 8.48057 0.01 1 101 0
25913 308.71 7.83788 0.01 1 72 0
25925 308.224 7.77711 0.01 1 72 0
25940 299.003 7.7685 0.01 1 34 0
26017 299.604 7.7685 0.01 1 35 0
26058 311.552 8.07315 0.01 1 72 0
26079 300.533 7.7685 0.01 1 35 0
26099 309.61 8.55666 0.01 1 72 0
26171 303.131 7.76697 0.01 1 35 -0.00102083
26197 316.782 8.67654 0.01 1 99 0
26216 299.32 7.7685 0.01 1 35 0
26265 300.533 7.7685 0.01 1 33 0
26268 308.081 7.81698 0.01 1 72 0
26272 302.177 7.91915 0.01 1 35 0
26286 300.533 7.7685 0.01 1 34 0
26289 316.589 8.67654 0.01 1 100 0
26311 299.32 7.7685 0.01 1 34 0
26315 309.469 7.726 0.01 1 72 0.000189587
26342 309.578 7.726 0.01 1 72 0
26349 299.664 7.7685 0.01 1 34 0
26360 308.011 8.07779 0.01 1 72 0
26377 310.407 8.33714 0.01 1 72 0
26422 315.17 8.39855 0.01 1 99 0
26461 300.533 7.7685 0.01 1 35 0
26526 315.17 8.39855 0.01 1 99 0
26535 299.003 7.7685 0.01 1 35 0
26562 307.849 8.22661 0.01 1 72 0
26564 300.533 7.7685 0.01 1 34 0
26591 299.32 7.7685 0.01 1 35 0
26626 316.589 8.67654 0.01 1 99 0
26670 300.533 7.7685 0.01 1 34 0
26700 302.572 8.09588 0.01 1 34 0
26732 310.437 7.86087 0.01 1 72 0
26750 299.32 7.7685 0.01 1 35 0
26780 314.464 8.47482 0.01 1 99 0
26809 300.472 7.7685 0.01 1 33 0
26816 300.533 7.7685 0.01 1 34 0
26843 300.533 7.7685 0.01 1 34 0
26868 308.011 8.07779 0.01 1 72 0
26876 314.464 8.46627 0.01 1 100 0
26883 305.1 7.84285 0.01 1 35 0
26926 300.533 7.7685 0.01 1 34 0
26932 308.011 8.07779 0.01 1 72 0
26944 303.131 7.84285 0.01 1 35 0
26961 299.32 7.7685 0.01 1 34 0
26991 305.1 7.84285 0.01 1 35 0
26992 299.664 7.7685 0.01 1 34 0
27021 314.524 8.25984 0.01 1 101 0
27025 308.601 7.89486 0.01 1 72 0
27086 303.281 8.09011 0.01 1 33 0
27098 315.17 8.39855 0.01 1 99 0
27108 308.034 7.78007 0.01 1 72 0
27147 309.384 8.00109 0.01 1 72 0
27165 299.664 7.7685 0.01 1 35 0
27269 299.664 7.7685 0.01 1 34 0
27287 300.533 7.7685 0.01 1 35 0
27316 308.557 8.34687 0.01 1 72 0
27355 307.826 7.8236 0.01 1 72 0
27375 307.215 7.78635 0.01 1 72 0
27390 315.17 8.25984 0.01 1 101 0
27404 309.384 8.00192 0.01 1 72 0
27448 302.653 7.84285 0.01 1 35 0
27474 297.75 7.73984 0.01 1 34 -0.000445284
27476 310.409 7.99546 0.01 1 72 0
27485 300.533 7.81176 0.01 1 35 0
27526 303.131 7.84285 0.01 1 35 0
27542 316.589 8.67654 0.01 1 99 0
27610 298.593 7.7685 0.01 1 35 0
27617 310.465 7.90233 0.01 1 72 0
27649 299.604 7.7685 0.01 1 35 0
27652 300.472 7.7685 0.01 1 34 0
27676 315.17 8.29341 0.01 1 100 0
27681 303.131 7.84285 0.01 1 35 0
27689 299.32 7.7685 0.01 1 35 0
27714 308.081 7.81698 0.01 1 72 0
27755 300.533 7.7685 0.01 1 34 0
27791 300.533 7.7685 0.01 1 34 0
27792 314.548 8.47482 0.01 1 99 0.000684649
27816 299.32 7.7685 0.01 1 35 0
27828 299.664 7.65905 0.01 1 34 0
27831 299.32 7.7685 0.01 1 33 0
27846 307.944 8.14207 0.01 1 72 0
27849 303.131 7.84285 0.01 1 35 0
27856 308.081 7.81698 0.01 1 72 0
27869 303.193 7.91915 0.01 1 35 0
27882 299.604 7.7685 0.01 1 35 0
27890 300.533 7.7685 0.01 1 33 0
27916 308.034 7.78007 0.01 1 72 0
27948 309.718 8.23327 0.01 1 72 0
27955 309.384 8.2505 0.01 1 72 4.17233e-07
27982 300.533 7.7685 0.01 1 35 0
28000 309.384 8.00109 0.01 1 72 0
28001 308.53 7.84742 0.01 1 72 0
28005 308.011 8.07779 0.01 1 72 0
28007 301.965 7.93231 0.01 1 35 0
28013 315.17 8.29341 0.01 1 100 0
28049 315.17 8.39855 0.01 1 99 0
28083 303.131 7.84285 0.01 1 35 0
28106 309.14 7.79787 0.01 1 72 0
28122 299.32 7.7685 0.01 1 34 0
28141 300.533 7.7685 0.01 1 33 0
28144 300.533 7.7685 0.01 1 35 0
28148 299.32 7.7685 0.01 1 35 0
28182 300.533 7.7685 0.01 1 35 0
28216 309.284 7.79787 0.01 1 72 0
28239 308.081 7.81698 0.01 1 72 0
28280 303.281 8.09011 0.01 1 34 0
28295 299.32 7.7685 0.01 1 34 0
28349 308.134 7.82215 0.01 1 72 0
28350 308.189 7.74577 0.01 1 72 0
28370 306.619 7.86077 0.01 1 72 0
28379 303.333 7.92029 0.01 1 35 0
28417 316.589 8.67654 0.01 1 100 0
28444 298.593 7.7685 0.01 1 35 0
28471 315.17 8.36519 0.01 1 101 0
28506 315.17 8.25984 0.01 1 101 0
28508 309.284 7.79787 0.01 1 72 0
28534 310.437 7.94432 0.01 1 72 0
28544 307.849 8.22661 0.01 1 72 0
28603 306.058 7.77699 0.01 1 72 0
28611 302.653 7.84285 0.01 1 35 0
28618 303.131 7.74431 0.01 1 35 -0.00177478
28627 310.437 7.86087 0.01 1 72 0
28632 303.25 7.82365 0.01 1 34 0
28637 299.32 7.7685 0.01 1 34 0
28695 299.604 7.7685 0.01 1 34 0
28702 299.32 7.65743 0.01 1 34 0
28753 300.533 7.7685 0.01 1 35 0
28762 300.533 7.7685 0.01 1 34 0
28823 299.32 7.7685 0.01 1 35 0
28845 308.867 8.54262 0.01 1 72 0
28856 308.034 7.96406 0.01 1 72 0
28872 309.578 7.726 0.01 1 72 0
28906 310.407 8.26346 0.01 1 72 -4.99189e-05
28918 299.003 7.7685 0.01 1 35 0
28954 301.803 7.73876 0.01 1 35 0
28967 303.131 7.84285 0.01 1 35 0
28980 299.32 7.7685 0.01 1 35 0
29019 303.131 7.84285 0.01 1 35 0
29026 301.965 7.93231 0.01 1 35 0
29120 315.17 8.25984 0.01 1 100 0
29135 299.664 7.65905 0.01 1 35 0
29137 308.731 7.99546 0.01 1 72 0
29165 300.533 7.7685 0.01 1 34 0
29178 309.281 8.14913 0.01 1 72 -2.22027e-06
29180 302.407 7.91915 0.01 1 35 0
29223 309.384 8.00109 0.01 1 72 0
29247 303.281 8.09011 0.01 1 35 0
29260 314.542 8.3522 0.01 1 99 0
29305 299.032 7.7685 0.01 1 35 0
29314 303.281 8.09011 0.01 1 33 0
29404 299.003 7.7685 0.01 1 35 0
29405 308.224 7.77711 0.01 1 72 0
29421 309.384 8.00192 0.01 1 72 0
29429 310.042 7.77711 0.01 1 72 -0.000787213
29431 299.32 7.7685 0.01 1 34 0
29444 298.593 7.7685 0.01 1 35 0
29459 300.533 7.7685 0.01 1 35 0
29484 309.718 8.18147 0.01 1 72 0
29487 307.91 7.6974 0.01 1 72 0
29492 308.698 7.8498 0.01 1 72 0
29510 309.384 8.00109 0.01 1 72 0
29542 315.17 8.25984 0.01 1 101 0
29585 316.589 8.67654 0.01 1 100 0
29592 308.959 7.64215 0.01 1 72 0
29626 309.384 8.2505 0.01 1 72 0
29654 315.17 8.29341 0.01 1 100 0
29682 299.32 7.7685 0.01 1 35 0
29683 309.451 7.83287 0.01 1 72 0
29733 310.499 7.86087 0.01 1 72 0
29758 303.094 7.92838 0.01 1 34 0.000161469
29763 299.32 7.7685 0.01 1 35 0
29776 309.244 7.8498 0.01 1 72 0
29815 314.5 8.47482 0.01 1 99 0
29818 307.642 7.744 0.01 1 72 0
29825 309.718 8.23327 0.01 1 72 0
29832 303.155 7.84285 0.01 1 35 0
29849 300.533 7.7685 0.01 1 34 0
29870 308.867 8.54262 0.01 1 72 0
29877 310.186 7.98325 0.01 1 72 0
29878 303.281 8.09011 0.01 1 33 0
29880 300.533 7.7685 0.01 1 34 0
29892 303.131 7.84285 0.01 1 35 0
29901 308.868 7.85599 0.01 1 72 0
29904 308.731 7.99546 0.01 1 72 0
29955 299.032 7.7685 0.01 1 35 0
29956 299.32 7.7685 0.01 1 35 0
29963 303.193 7.91915 0.01 1 35 0
29970 299.32 7.7685 0.01 1 35 0
30002 300.533 7.7685 0.01 1 34 0
30012 299.032 7.7685 0.01 1 35 0
30030 300.533 7.7685 0.01 1 35 0
30066 299.664 7.7685 0.01 1 35 0
30069 303.281 8.14472 0.01 1 34 0
30102 310.409 7.99546 0.01 1 72 0
30110 299.664 7.7685 0.01 1 33 0
30167 308.867 8.54262 0.01 1 72 0
30194 300.533 7.7685 0.01 1 34 0
30197 314.5 8.59656 0.01 1 99 0.00160483
30209 314.464 8.47482 0.01 1 101 0
30215 310.311 8.01579 0.01 1 72 0
30227 311.552 8.07315 0.01 1 72 0
30239 309.281 8.22661 0.01 1 72 0
30261 300.533 7.7685 0.01 1 34 0
30264 300.533 7.7685 0.01 1 34 0
30328 299.32 7.80849 0.01 1 34 0.000714138
30358 302.827 7.91915 0.01 1 33 0
30387 316.782 8.67654 0.01 1 99 0
