max_pf 98 min_pf 28
individual T0 sigma disp_rate r0 patch_no mut_eff
38 300.363 8.47308 0.01 1 28 0
60 314.129 8.25567 0.01 1 96 0
71 310.001 8.07806 0.01 1 72 0
85 308.931 8.09398 0.01 1 72 0
107 312.041 8.25567 0.01 1 98 0
126 308.12 8.03322 0.01 1 72 -2.34246e-05
189 310.02 8.3307 0.01 1 72 0
194 308.432 7.67395 0.01 1 72 0
197 307.429 8.16219 0.01 1 72 0
210 308.482 8.08122 0.01 1 72 0
253 313.309 8.25567 0.01 1 98 0
257 314.129 8.25567 0.01 1 96 0
263 311.18 8.09916 0.01 1 72 0
287 309.16 8.08122 0.01 1 72 0
308 310.181 8.09398 0.01 1 72 0
316 315.023 8.25567 0.01 1 98 0
390 310.02 8.3307 0.01 1 72 0
404 308.303 7.89348 0.01 1 72 0
408 310.596 7.84057 0.01 1 72 0
445 309.441 7.73765 0.01 1 72 0
479 311.674 8.25567 0.01 1 97 -0.0236057
490 308.931 8.1176 0.01 1 72 0
497 300.363 8.24477 0.01 1 30 0
518 300.363 8.21076 0.01 1 30 0
536 300.363 8.24477 0.01 1 30 0
574 309.272 8.29272 0.01 1 72 0
601 308.931 8.1176 0.01 1 72 0
640 300.363 8.24477 0.01 1 30 0
806 315.023 8.25567 0.01 1 97 0
835 308.12 8.11389 0.01 1 72 0
898 315.023 8.30507 0.01 1 98 0
934 308.318 8.41541 0.01 1 72 0
935 300.363 8.24477 0.01 1 29 0
978 310.181 8.09398 0.01 1 72 0
997 308.092 7.86696 0.01 1 72 -0.00101951
1023 315.023 8.25567 0.01 1 96 0
1054 313.309 8.25567 0.01 1 97 0
1057 308.931 8.1176 0.01 1 72 0
1153 308.524 8.08122 0.01 1 72 0
1187 315.023 8.25567 0.01 1 96 0
1217 300.363 8.40136 0.01 1 30 0
1223 315.023 8.25567 0.01 1 98 0
1244 310.194 7.73765 0.01 1 72 0
1263 300.633 8.25868 0.01 1 30 0
1297 300.363 8.47308 0.01 1 28 0
1389 313.309 8.25567 0.01 1 97 0
1488 308.563 8.32815 0.01 1 72 0
1546 313.309 8.25567 0.01 1 96 0
1631 316.348 8.18019 0.01 1 96 0
1648 308.318 8.41541 0.01 1 72 0
1655 315.023 8.25567 0.01 1 97 0
1692 314.112 8.18019 0.01 1 96 0
1707 300.363 8.21076 0.01 1 29 0
1728 315.023 8.25567 0.01 1 98 0
1749 300.633 8.25868 0.01 1 30 0
1869 309.232 7.91061 0.01 1 72 0
1883 308.931 8.09398 0.01 1 72 0
1941 310.487 7.89938 0.01 1 72 0
1956 313.309 8.25567 0.01 1 98 0
2028 306.793 8.16219 0.01 1 72 0
2057 315.023 8.20799 0.01 1 96 0
2085 310.83 8.24937 0.01 1 72 0
2092 315.023 8.25567 0.01 1 96 0
2105 300.363 8.22478 0.01 1 30 0
2151 307.989 8.03026 0.01 1 72 0
2153 308.871 7.74755 0.01 1 72 0
2200 306.793 8.16219 0.01 1 72 0
2233 306.793 8.16219 0.01 1 72 0
2255 300.363 8.24477 0.01 1 30 0
2347 310.457 7.67519 0.01 1 72 0
2362 307.058 8.05953 0.01 1 72 0
2442 314.915 8.27093 0.01 1 98 -0.00152996
2455 300.363 8.24477 0.01 1 30 0
2490 315.023 8.30507 0.01 1 98 0
2497 299.253 8.24477 0.01 1 28 0
2516 313.303 8.25567 0.01 1 98 0
2531 314.112 8.18019 0.01 1 96 0
2551 299.253 8.24477 0.01 1 30 0
2581 300.363 8.24477 0.01 1 30 0
2584 308.521 8.24338 0.01 1 72 0
2669 308.871 7.74755 0.01 1 72 0
2671 300.692 8.30777 0.01 1 30 0
2697 311.18 8.09916 0.01 1 72 0
2733 299.253 8.24477 0.01 1 28 0
2761 315.231 8.25567 0.01 1 96 0
2781 313.309 8.25567 0.01 1 98 0
2788 308.318 8.47757 0.01 1 72 0
2891 300.363 8.21076 0.01 1 30 0
2924 308.764 7.89348 0.01 1 72 0
2938 300.633 8.25868 0.01 1 30 0
2966 300.363 8.24477 0.01 1 29 0
2983 310.273 8.62453 0.01 1 72 0
3033 308.771 7.89855 0.01 1 72 0
3049 299.253 8.24477 0.01 1 29 0
3094 302.124 8.24477 0.01 1 30 0
3141 306.808 8.24174 0.01 1 72 0
3157 312.529 8.14826 0.01 1 96 0
3185 300.692 8.24477 0.01 1 28 0
3302 300.363 8.24477 0.01 1 30 0
3308 308.212 8.3051 0.01 1 72 0
3322 308.524 8.08122 0.01 1 72 0
3443 309.796 7.94966 0.01 1 72 0
3483 315.023 8.25567 0.01 1 96 0
3589 297.826 8.34538 0.01 1 29 0
3630 300.363 8.39027 0.01 1 30 0
3637 300.363 8.22478 0.01 1 30 0
3685 310.181 8.09398 0.01 1 72 0
3698 306.221 7.23616 0.01 1 72 0
3709 300.363 8.24477 0.01 1 30 0
3800 307.017 8.10461 0.01 1 72 0
3822 308.98 8.41541 0.01 1 72 0
3855 310.181 8.09398 0.01 1 72 0
3903 313.309 8.25567 0.01 1 97 0
3927 300.363 8.24477 0.01 1 30 0
3937 310.181 8.09398 0.01 1 72 0
3951 310.273 8.68285 0.01 1 72 0
3952 308.212 8.3051 0.01 1 72 0
4002 309.16 8.08122 0.01 1 72 0
4018 307.989 8.03026 0.01 1 72 0
4027 299.253 8.24477 0.01 1 28 0
4029 311.179 8.07806 0.01 1 72 -0.00557858
4060 307.277 7.89348 0.01 1 72 -0.00225979
4281 310.248 8.21203 0.01 1 72 0
4318 300.633 8.25868 0.01 1 30 0
4335 311.123 8.4109 0.01 1 72 0
4338 300.363 8.21076 0.01 1 30 0
4363 315.023 8.25567 0.01 1 98 0
4423 309.16 8.14447 0.01 1 72 0
4459 300.692 8.30777 0.01 1 30 0
4479 310.771 8.03538 0.01 1 72 0
4492 299.253 8.24477 0.01 1 28 0
4548 309.197 8.14246 0.01 1 72 0
4549 315.023 8.20799 0.01 1 96 0
4572 300.633 8.25868 0.01 1 30 0
4580 300.363 8.24477 0.01 1 30 0
4601 308.764 7.89348 0.01 1 72 0
4641 300.363 8.21076 0.01 1 29 0
4664 309.633 8.08987 0.01 1 72 0
4684 306.793 8.16219 0.01 1 72 0
4694 309.16 8.08122 0.01 1 72 0
4730 310.645 8.43863 0.01 1 72 0
4770 299.253 8.24477 0.01 1 30 0
4872 313.309 8.25567 0.01 1 98 0
4913 313.309 8.25567 0.01 1 96 0
4962 308.771 7.89855 0.01 1 72 0
4977 307.429 8.16219 0.01 1 72 0
5019 315.023 8.25567 0.01 1 98 0
5069 310.771 8.03538 0.01 1 72 0
5082 313.309 8.25567 0.01 1 96 0
5102 313.309 8.25567 0.01 1 97 0
5128 310.181 8.09398 0.01 1 72 0
5162 309.633 7.74454 0.01 1 72 0
5178 306.808 8.21031 0.01 1 72 0
5189 310.817 7.85963 0.01 1 72 0
5233 315.023 8.25567 0.01 1 97 0
5254 300.363 8.24477 0.01 1 30 0
5277 310.181 8.09398 0.01 1 72 0
5286 308.212 8.31981 0.01 1 72 0
5291 315.408 8.14064 0.01 1 96 0
5396 308.709 7.74755 0.01 1 72 0
5472 308.318 8.41541 0.01 1 72 0
5551 315.023 8.25567 0.01 1 97 0
5599 315.023 8.25567 0.01 1 96 0
5620 315.023 8.26894 0.01 1 96 0
5774 308.318 8.41541 0.01 1 72 0
5837 300.363 8.22478 0.01 1 29 0
5884 302.124 8.24477 0.01 1 29 0
5912 310.001 8.07806 0.01 1 72 0
5954 306.448 8.05953 0.01 1 72 0
6015 308.212 8.31981 0.01 1 72 0
6020 302.124 8.24477 0.01 1 29 0
6022 311.25 8.1423 0.01 1 72 0
6026 300.363 8.24477 0.01 1 30 0
6079 308.563 8.32815 0.01 1 72 0
6095 300.363 8.22478 0.01 1 30 0
6098 315.238 8.30105 0.01 1 96 0
6120 300.363 8.24477 0.01 1 30 0
6137 308.521 8.24338 0.01 1 72 0
6241 315.023 8.25567 0.01 1 97 0
6245 310.02 8.3307 0.01 1 72 0
6261 308.12 8.11389 0.01 1 72 0
6282 310.001 8.07806 0.01 1 72 0
6284 308.98 8.41541 0.01 1 72 0.000650287
6296 314.129 8.25567 0.01 1 96 0
6334 315.023 8.25567 0.01 1 98 0
6386 309.583 8.23421 0.01 1 72 0
6397 310.45 8.18455 0.01 1 72 0
6459 306.448 8.05953 0.01 1 72 0
6464 315.023 8.25567 0.01 1 96 0
6487 299.253 8.24477 0.01 1 28 0
6493 300.363 8.24477 0.01 1 30 0
6587 306.793 8.16219 0.01 1 72 0
6643 300.363 8.24477 0.01 1 30 0
6663 314.112 8.18019 0.01 1 96 0
6685 315.231 8.25567 0.01 1 96 0
6699 313.309 8.25567 0.01 1 98 0
6707 315.023 8.25567 0.01 1 96 0
6736 308.12 8.11389 0.01 1 72 0
6744 313.309 8.25567 0.01 1 98 0
6789 300.692 8.30777 0.01 1 30 0
6809 309.16 8.08122 0.01 1 72 0
6813 309.583 8.23421 0.01 1 72 0
6859 306.793 8.16219 0.01 1 72 0
6862 300.363 8.24477 0.01 1 30 0
6883 315.023 8.25567 0.01 1 97 0
6939 309.796 7.94966 0.01 1 72 0
6952 308.318 8.47757 0.01 1 72 0
6977 300.363 8.21076 0.01 1 29 0
6980 313.309 8.25567 0.01 1 98 0
6999 313.309 8.25567 0.01 1 98 0
7035 300.363 8.24477 0.01 1 30 0
7061 300.363 8.24477 0.01 1 30 0
7102 315.023 8.20799 0.01 1 96 0
7193 300.363 8.24477 0.01 1 30 0
7203 314.724 8.25567 0.01 1 96 0
7289 308.318 8.41541 0.01 1 72 0
7323 315.023 8.25567 0.01 1 97 0
7336 309.604 7.98992 0.01 1 72 0
7344 311.091 8.10864 0.01 1 72 0
7360 299.253 8.24477 0.01 1 29 0
7424 299.253 8.24477 0.01 1 28 0
7450 314.724 8.25567 0.01 1 96 0
7453 311.18 8.09916 0.01 1 72 0
7464 310.487 7.89938 0.01 1 72 0
7545 313.309 8.15516 0.01 1 97 0
7561 313.309 8.25567 0.01 1 97 0
7569 315.023 8.25567 0.01 1 96 0
7603 315.023 8.25567 0.01 1 98 0
7686 306.276 8.24174 0.01 1 72 0
7688 308.764 7.89348 0.01 1 72 0
7789 300.363 8.24477 0.01 1 30 0
7826 300.633 8.25868 0.01 1 30 0
7854 300.831 8.24477 0.01 1 30 0
7858 300.692 8.30777 0.01 1 30 0
7860 314.724 8.25567 0.01 1 96 0
7961 306.793 8.16219 0.01 1 72 0
8022 313.309 8.25567 0.01 1 97 0
8062 299.253 8.34538 0.01 1 28 0
8089 311.091 8.15432 0.01 1 72 0
8121 308.871 7.74755 0.01 1 72 0
8210 310.02 8.47744 0.01 1 72 0
8214 300.363 8.24477 0.01 1 30 0
8232 306.808 8.21031 0.01 1 72 0
8255 313.309 8.25567 0.01 1 96 0
8259 309.375 7.89348 0.01 1 72 -0.000135794
8265 306.793 8.16219 0.01 1 72 0
8307 299.253 8.24477 0.01 1 30 0
8323 308.318 8.47757 0.01 1 72 0
8392 310.45 8.30123 0.01 1 72 0
8440 300.363 8.24477 0.01 1 30 0
8444 310.45 8.30123 0.01 1 72 0
8485 306.221 7.23616 0.01 1 72 0
8564 308.764 7.89348 0.01 1 72 0
8566 313.309 8.25567 0.01 1 97 0
8600 309.272 8.29272 0.01 1 72 0
8613 314.112 8.18019 0.01 1 96 0
8633 314.129 8.25567 0.01 1 96 0
8665 299.253 8.34538 0.01 1 28 0
8672 300.363 8.21076 0.01 1 29 0
8777 310.181 8.10655 0.01 1 72 6.4671e-06
8781 300.363 8.24477 0.01 1 29 0
8855 313.309 8.25567 0.01 1 96 0
8875 313.309 8.25567 0.01 1 98 0
8915 300.363 8.24477 0.01 1 30 0
8956 300.633 8.25868 0.01 1 30 0
9020 310.867 8.3307 0.01 1 72 -0.0034453
9171 300.363 8.24477 0.01 1 30 0
9217 300.363 8.24477 0.01 1 30 0
9243 308.607 8.20922 0.01 1 72 0
9273 310.02 8.3307 0.01 1 72 0
9286 300.363 8.24477 0.01 1 30 0
9314 313.309 8.25567 0.01 1 98 0
9330 313.309 8.25567 0.01 1 96 0
9336 300.363 8.24477 0.01 1 30 0
9349 314.112 8.18019 0.01 1 96 0
9358 300.363 8.31643 0.01 1 30 0.00125747
9365 300.363 8.31608 0.01 1 30 0
9390 300.363 8.40136 0.01 1 30 0
9409 313.309 8.25567 0.01 1 98 0
9411 313.238 8.14826 0.01 1 96 0
9460 315.023 8.30507 0.01 1 98 0
9477 315.023 8.38341 0.01 1 97 0
9593 314.724 8.25567 0.01 1 96 0
9645 308.12 8.11389 0.01 1 72 0
9667 310.001 8.07806 0.01 1 72 0
9676 308.931 8.09398 0.01 1 72 0
9743 308.931 8.09398 0.01 1 72 0
9803 314.112 8.18019 0.01 1 96 0
9819 313.309 8.25567 0.01 1 98 0
9856 308.212 8.3051 0.01 1 72 0
9889 314.129 8.25567 0.01 1 96 0
9943 308.12 8.11389 0.01 1 72 0
9956 313.303 8.25567 0.01 1 98 0
10122 308.318 8.41541 0.01 1 72 0
10159 308.12 8.11389 0.01 1 72 0
10165 300.633 8.25868 0.01 1 30 0
10184 300.363 8.24477 0.01 1 30 0
10225 310.771 8.17143 0.01 1 72 0
10227 300.363 8.21076 0.01 1 29 0
10248 311.123 8.4109 0.01 1 72 0
10284 308.931 8.09398 0.01 1 72 0
10304 300.363 8.21076 0.01 1 30 0
10317 310.771 8.03538 0.01 1 72 0
10332 308.771 7.89855 0.01 1 72 0
10349 315.023 8.30507 0.01 1 98 0
10350 300.363 8.24477 0.01 1 30 0
10378 310.181 8.09398 0.01 1 72 0
10387 310.946 8.29698 0.01 1 72 0
10389 310.248 8.21203 0.01 1 72 0
10441 308.12 8.11389 0.01 1 72 0
10442 314.112 8.18019 0.01 1 96 0
10487 300.633 8.25868 0.01 1 30 0
10521 308.318 8.41541 0.01 1 72 0
10530 300.363 8.24477 0.01 1 30 0
10565 300.633 8.25868 0.01 1 30 0
10622 315.023 8.25567 0.01 1 97 0
10711 315.023 8.23488 0.01 1 97 -0.000227094
10737 313.309 8.25567 0.01 1 97 0
10879 308.318 8.47757 0.01 1 72 0
10881 308.764 7.89348 0.01 1 72 0
10915 300.363 8.21076 0.01 1 29 0
10954 307.277 8.10332 0.01 1 72 0.000236452
10957 315.023 8.25567 0.01 1 96 0
11035 311.126 7.69685 0.01 1 72 0
11051 313.309 8.25567 0.01 1 97 0
11070 310.645 8.43863 0.01 1 72 0
11087 300.633 8.25868 0.01 1 30 0
11138 313.309 8.25567 0.01 1 97 0
11166 300.633 8.25868 0.01 1 30 0
11171 299.032 8.21076 0.01 1 30 0
11220 300.363 8.24477 0.01 1 30 0
11251 300.363 8.24477 0.01 1 30 0
11274 314.112 8.18019 0.01 1 96 0
11316 312.562 8.25567 0.01 1 98 0
11354 311.123 8.4109 0.01 1 72 0
11402 300.363 8.24477 0.01 1 30 0
11438 308.931 8.1176 0.01 1 72 0
11462 308.764 7.89348 0.01 1 72 0
11475 315.023 8.25567 0.01 1 97 0
11492 300.363 8.21076 0.01 1 29 0
11513 300.692 8.24477 0.01 1 28 0
11542 308.12 8.11389 0.01 1 72 0
11571 313.309 8.25567 0.01 1 97 0
11625 310.181 8.09398 0.01 1 72 0
11675 300.363 8.24477 0.01 1 30 0
11697 299.253 8.24477 0.01 1 30 0
11721 310.001 8.07806 0.01 1 72 0
11746 313.309 8.25567 0.01 1 97 0
11771 300.363 8.22478 0.01 1 30 0
11802 300.363 8.40136 0.01 1 30 0
11914 310.248 8.21203 0.01 1 72 0
11940 300.363 8.22478 0.01 1 30 0
11961 308.318 8.41541 0.01 1 72 0
11965 308.931 8.1176 0.01 1 72 0
11969 300.363 8.24477 0.01 1 29 0
11993 309.633 8.08987 0.01 1 72 0
12078 300.363 8.21076 0.01 1 29 0
12145 299.253 8.24477 0.01 1 30 0
12303 315.023 8.30507 0.01 1 98 0
12313 301.49 8.24477 0.01 1 30 0
12332 313.309 8.25567 0.01 1 96 0
12334 305.887 8.3245 0.01 1 72 0
12521 308.931 8.09398 0.01 1 72 0
12555 313.309 8.21973 0.01 1 97 -0.000553116
12594 311.123 8.43565 0.01 1 72 3.59267e-05
12618 313.309 8.25567 0.01 1 96 0
12635 300.363 8.22478 0.01 1 30 0
12660 315.023 8.25567 0.01 1 97 0
12697 313.309 8.25567 0.01 1 96 0
12699 310.181 8.09398 0.01 1 72 0
12737 308.12 8.11389 0.01 1 72 0
12796 300.363 8.22478 0.01 1 30 0
12831 310.273 8.55712 0.01 1 72 0
12849 300.363 8.40136 0.01 1 30 0
12871 309.197 8.14246 0.01 1 72 0
12905 300.633 8.25868 0.01 1 30 0
12925 307.989 8.03026 0.01 1 72 0
12928 308.521 8.24338 0.01 1 72 0
12937 300.692 8.24477 0.01 1 29 0
12960 310.181 8.09398 0.01 1 72 0
13033 311.694 7.67519 0.01 1 72 0
13083 315.023 8.30507 0.01 1 98 0
13175 314.724 8.25567 0.01 1 96 0
13225 300.363 8.22478 0.01 1 30 0
13245 299.253 8.24477 0.01 1 30 0
13249 316.348 8.18019 0.01 1 96 0
13258 311.18 8.09916 0.01 1 72 0
13261 310.02 8.3307 0.01 1 72 0
13269 297.826 8.34538 0.01 1 29 0
13274 306.808 8.21031 0.01 1 72 0
13299 315.023 8.25567 0.01 1 97 0
13311 308.12 8.11389 0.01 1 72 0
13347 313.309 8.25567 0.01 1 96 0
13463 315.023 8.25567 0.01 1 96 0
13511 308.212 8.31981 0.01 1 72 0
13690 308.313 8.2585 0.01 1 72 0
13700 315.023 8.25567 0.01 1 97 0
13704 299.253 8.24477 0.01 1 30 0
13711 308.764 7.89348 0.01 1 72 0
13760 316.348 8.18019 0.01 1 96 0
13831 311.497 8.25567 0.01 1 96 0
13943 299.253 8.24477 0.01 1 30 0
13962 306.885 8.44454 0.01 1 72 0
13979 307.058 8.05953 0.01 1 72 0
13998 311.18 8.09916 0.01 1 72 0
14024 313.309 8.25567 0.01 1 97 0
14031 315.408 8.14064 0.01 1 96 0
14169 300.363 8.24477 0.01 1 30 0
14171 300.363 8.24477 0.01 1 29 0
14179 300.363 8.24477 0.01 1 30 0
14320 316.348 8.18019 0.01 1 96 0
14344 300.363 8.22478 0.01 1 30 0
14379 300.363 8.21076 0.01 1 29 0
14428 299.253 8.24477 0.01 1 30 0
14443 313.309 8.25567 0.01 1 97 0
14524 310.648 8.30631 0.01 1 72 0
14583 300.363 8.21076 0.01 1 28 0
14612 314.112 8.18019 0.01 1 96 0
14630 300.633 8.25868 0.01 1 30 0
14698 300.363 8.21076 0.01 1 29 0
14733 308.12 8.11389 0.01 1 72 0
14782 310.181 8.09398 0.01 1 72 0
14788 308.764 7.89348 0.01 1 72 0
14793 300.363 8.24477 0.01 1 30 0
14807 309.232 7.98135 0.01 1 72 1.50502e-06
14857 299.253 8.24477 0.01 1 30 0
14885 306.969 7.52906 0.01 1 72 0
14938 313.38 8.25567 0.01 1 98 0
14975 308.764 7.89348 0.01 1 72 0
15052 315.023 8.30507 0.01 1 98 0
15096 313.309 8.25567 0.01 1 97 0
15112 315.023 8.25567 0.01 1 96 0
15126 307.989 8.03026 0.01 1 72 0
15143 315.023 8.25567 0.01 1 97 0
15198 300.363 8.24477 0.01 1 30 0
15205 311.123 8.4109 0.01 1 72 0
15223 300.363 8.21076 0.01 1 30 0
15246 314.112 8.18019 0.01 1 96 0
15262 300.363 8.24477 0.01 1 30 0
15311 307.058 8.05953 0.01 1 72 0
15322 313.309 8.25567 0.01 1 98 0
15337 315.023 8.25567 0.01 1 96 0
15371 308.318 8.47757 0.01 1 72 0
15418 310.181 8.09398 0.01 1 72 0
15475 315.023 8.25567 0.01 1 96 0
15497 300.363 8.24477 0.01 1 30 0
15510 300.633 8.25868 0.01 1 30 0
15540 310.181 8.09398 0.01 1 72 0
15567 300.363 8.25868 0.01 1 30 0
15615 306.793 8.16219 0.01 1 72 0
15643 308.568 7.86696 0.01 1 72 0
15649 311.674 8.25567 0.01 1 97 0
15741 314.129 8.25567 0.01 1 96 0
15785 308.482 8.08122 0.01 1 72 0
15805 300.692 8.24477 0.01 1 29 0
15875 315.023 8.25567 0.01 1 96 0
15882 299.253 8.24477 0.01 1 29 0
15918 309.583 8.23421 0.01 1 72 0
15941 309.16 8.14447 0.01 1 72 0
15959 315.023 8.25567 0.01 1 97 0
16017 308.432 7.67395 0.01 1 72 0
16023 313.309 8.25567 0.01 1 97 0
16056 308.931 8.09398 0.01 1 72 0
16142 315.023 8.25567 0.01 1 96 0
16175 300.363 8.31643 0.01 1 30 0
16203 313.303 8.25567 0.01 1 98 0
16319 315.023 8.25567 0.01 1 97 0
16390 312.529 8.14826 0.01 1 96 0
16394 300.41 8.21076 0.01 1 30 0
16490 300.363 8.21076 0.01 1 30 0
16544 309.16 8.14447 0.01 1 72 0
16555 313.309 8.25567 0.01 1 98 0
16593 315.023 8.25567 0.01 1 97 0
16670 300.363 8.24477 0.01 1 30 0
16693 298.924 8.25868 0.01 1 30 0
16708 311.126 7.72425 0.01 1 72 0
16739 310.001 8.07806 0.01 1 72 0
16747 300.363 8.24477 0.01 1 29 0
16767 314.812 8.04193 0.01 1 96 -0.00121142
16774 306.793 8.16219 0.01 1 72 0
16781 313.591 8.25567 0.01 1 97 0.00412094
16791 313.309 8.25567 0.01 1 98 0
16821 310.02 8.3307 0.01 1 72 0
16837 310.248 8.21203 0.01 1 72 0
16867 313.309 8.25567 0.01 1 98 0
16874 308.12 8.11389 0.01 1 72 0
16876 311.497 8.25567 0.01 1 96 0
16925 308.764 7.89348 0.01 1 72 0
16966 308.318 8.47757 0.01 1 72 0
16976 308.931 8.1176 0.01 1 72 0
17170 309.633 8.08987 0.01 1 72 0
17179 308.318 8.47757 0.01 1 72 0
17267 308.764 7.90824 0.01 1 72 0
17288 310.273 8.62453 0.01 1 72 0
17322 306.885 8.3245 0.01 1 72 0
17330 311.123 8.4109 0.01 1 72 0
17336 309.232 7.91061 0.01 1 72 0
17379 313.309 8.25567 0.01 1 96 0
17456 300.363 8.22478 0.01 1 30 0
17562 300.692 8.30777 0.01 1 30 0
17703 300.363 8.22478 0.01 1 30 0
17704 308.212 8.31981 0.01 1 72 0
17782 311.357 8.11366 0.01 1 72 0
17850 310.596 7.84057 0.01 1 72 0
17879 300.363 8.24477 0.01 1 30 0
17903 302.124 8.24477 0.01 1 29 0
17926 315.023 8.25567 0.01 1 97 0
17930 300.363 8.21076 0.01 1 29 0
17933 315.023 8.25567 0.01 1 96 0
17938 300.363 8.47308 0.01 1 28 0
17940 299.253 8.24477 0.01 1 29 0
17959 308.12 8.11389 0.01 1 72 0
17984 314.129 8.25567 0.01 1 96 0
18162 300.363 8.24477 0.01 1 30 0
18178 315.023 8.25567 0.01 1 98 0
18180 310.95 8.43863 0.01 1 72 0
18210 308.931 8.09398 0.01 1 72 0
18242 316.348 8.18019 0.01 1 96 0
18335 308.482 8.08122 0.01 1 72 0
18395 300.363 8.24477 0.01 1 30 0
18416 300.363 8.24114 0.01 1 30 -6.39558e-05
18418 308.12 8.11389 0.01 1 72 0
18425 316.348 8.18019 0.01 1 96 0
18432 299.253 8.34538 0.01 1 28 0
18512 312.562 8.25567 0.01 1 98 0
18528 300.363 8.24477 0.01 1 30 0
18556 311.123 8.4109 0.01 1 72 0
18597 313.309 8.25567 0.01 1 97 0
18666 300.363 8.24477 0.01 1 30 0
18761 315.023 8.25567 0.01 1 97 0
18769 315.023 8.25567 0.01 1 97 0
18810 305.634 8.09465 0.01 1 72 0
18815 308.764 7.89348 0.01 1 72 0
18863 313.303 8.25567 0.01 1 98 0
18864 299.032 8.21076 0.01 1 30 0
18898 313.309 8.25567 0.01 1 98 0
18909 308.521 8.24338 0.01 1 72 0
18994 310.273 8.62453 0.01 1 72 0
19003 309.45 8.2224 0.01 1 72 0
19021 309.232 7.91061 0.01 1 72 0
19031 300.633 8.25868 0.01 1 30 0
19079 315.023 8.25567 0.01 1 96 0
19141 314.112 8.18019 0.01 1 96 0
19157 311.123 8.4109 0.01 1 72 0
19227 300.363 8.21076 0.01 1 29 0
19374 313.309 8.25567 0.01 1 96 0
19379 300.363 8.21076 0.01 1 29 0
19385 314.112 8.25567 0.01 1 96 0
19394 300.363 8.21076 0.01 1 29 0
19448 311.123 8.4109 0.01 1 72 0
19470 300.363 8.47308 0.01 1 28 0
19498 306.221 7.23616 0.01 1 72 0
19547 300.363 8.24477 0.01 1 30 0
19548 308.764 7.89348 0.01 1 72 0
19621 313.309 8.25567 0.01 1 98 0
19642 315.023 8.25567 0.01 1 96 0
19653 315.023 8.25567 0.01 1 97 0
19667 300.633 8.25868 0.01 1 30 0
19687 300.363 8.31643 0.01 1 30 0
19743 310.645 8.43863 0.01 1 72 0
19858 308.931 8.1176 0.01 1 72 0
19859 308.12 8.11389 0.01 1 72 0
19922 300.363 8.24477 0.01 1 30 0
19941 315.023 8.25567 0.01 1 97 0
19951 315.023 8.25567 0.01 1 97 0
19964 300.363 8.40136 0.01 1 30 0
20038 310.95 8.43863 0.01 1 72 0
20060 310.771 8.17143 0.01 1 72 0
20076 314.112 8.18019 0.01 1 97 0
20142 308.318 8.41541 0.01 1 72 0
20181 308.931 8.09398 0.01 1 72 0
20195 311.18 8.09916 0.01 1 72 0
20234 300.363 8.24477 0.01 1 30 0
20241 308.98 8.41541 0.01 1 72 0
20278 309.441 7.73765 0.01 1 72 0
20293 300.363 8.22478 0.01 1 29 0
20299 316.348 8.18019 0.01 1 96 0
20332 300.363 8.40136 0.01 1 30 0
20346 306.808 8.21031 0.01 1 72 0
20363 300.363 8.21076 0.01 1 30 0
20382 309.45 8.2224 0.01 1 72 0
20418 315.023 8.25567 0.01 1 97 0
20435 315.023 8.25567 0.01 1 96 0
20440 313.38 8.25567 0.01 1 98 0
20465 300.692 8.30777 0.01 1 29 0
20479 315.023 8.25567 0.01 1 97 0
20482 310.194 7.73765 0.01 1 72 0
20618 299.253 8.24477 0.01 1 28 0
20619 312.774 8.25567 0.01 1 98 0.0030344
20655 300.363 8.24477 0.01 1 30 0
20692 300.692 8.30777 0.01 1 30 0
20716 308.482 8.08122 0.01 1 72 0
20723 300.363 8.22478 0.01 1 29 0
20810 315.023 8.30507 0.01 1 98 0
20833 308.318 8.47757 0.01 1 72 0
20869 311.497 8.25567 0.01 1 96 0
20931 311.123 8.4109 0.01 1 72 0
20937 308.764 7.89348 0.01 1 72 0
20960 309.45 8.2224 0.01 1 72 0
21019 310.181 8.09398 0.01 1 72 0
21055 300.363 8.21076 0.01 1 29 0
21063 308.772 8.29272 0.01 1 72 0
21125 308.871 7.74755 0.01 1 72 0
21189 311.123 8.4109 0.01 1 72 0
21194 308.318 8.47757 0.01 1 72 0
21225 300.633 8.25868 0.01 1 30 0
21230 300.363 8.24477 0.01 1 30 0
21260 310.181 8.09398 0.01 1 72 0
21286 300.363 8.24477 0.01 1 30 0
21306 300.633 8.25868 0.01 1 30 0
21406 309.633 8.08987 0.01 1 72 0
21444 300.363 8.22478 0.01 1 30 0
21449 300.363 8.24477 0.01 1 29 0
21464 308.764 7.89348 0.01 1 72 0
21477 316.348 8.18019 0.01 1 96 0
21515 314.112 8.18019 0.01 1 96 0
21521 300.363 8.21076 0.01 1 29 0
21562 309.695 8.1176 0.01 1 72 -0.000720486
21590 299.253 8.24477 0.01 1 28 0
21632 300.363 8.22478 0.01 1 30 0
21757 299.253 8.24477 0.01 1 29 0
21767 300.692 8.30777 0.01 1 29 0
21790 308.771 7.89855 0.01 1 72 0
21798 308.931 8.09398 0.01 1 72 0
21817 310.83 8.24937 0.01 1 72 0
21831 313.309 8.25567 0.01 1 97 0
21846 313.309 8.25567 0.01 1 97 0
21868 306.221 7.23616 0.01 1 72 0
21887 300.363 8.24477 0.01 1 29 0
21915 300.363 8.24477 0.01 1 29 0
22007 300.363 8.21076 0.01 1 29 0
22042 308.318 8.47757 0.01 1 72 0
22060 306.808 8.24174 0.01 1 72 0
22094 308.771 7.89855 0.01 1 72 0
22136 297.826 8.29097 0.01 1 30 -0.000927016
22202 299.253 8.24477 0.01 1 30 0
22231 306.793 8.16219 0.01 1 72 0
22334 310.771 8.03538 0.01 1 72 0
22356 306.793 8.16219 0.01 1 72 0
22375 310.001 8.07806 0.01 1 72 0
22413 300.633 8.25868 0.01 1 30 0
22476 308.764 7.90824 0.01 1 72 0
22541 315.238 8.30105 0.01 1 96 0
22564 313.309 8.25567 0.01 1 98 0
22593 300.363 8.24477 0.01 1 30 0
22602 300.363 8.39027 0.01 1 30 0
22606 308.482 8.08122 0.01 1 72 0
22692 312.041 8.25567 0.01 1 98 0
22705 309.633 8.08987 0.01 1 72 0
22707 313.309 8.25567 0.01 1 97 0
22756 300.363 8.24477 0.01 1 30 0
22763 315.023 8.25567 0.01 1 96 0
22813 300.363 8.21076 0.01 1 30 0
22848 309.796 7.94966 0.01 1 72 0
22879 315.023 8.25567 0.01 1 96 0
22947 315.023 8.25567 0.01 1 96 0
22954 310.45 8.30123 0.01 1 72 0
22960 299.253 8.24477 0.01 1 30 0
22999 315.023 8.25567 0.01 1 98 0
23101 315.023 8.38341 0.01 1 97 0
23105 309.272 8.29272 0.01 1 72 0
23152 308.764 7.89348 0.01 1 72 0
23203 300.41 8.21076 0.01 1 30 -0.000550993
23212 299.253 8.24477 0.01 1 28 0
23245 306.793 8.16219 0.01 1 72 0
23246 308.318 8.47757 0.01 1 72 0
23342 313.309 8.25567 0.01 1 97 0
23364 300.363 8.21076 0.01 1 29 0
23392 308.563 8.32815 0.01 1 72 0
23446 311.591 8.25567 0.01 1 98 -0.0244283
23535 309.16 8.08122 0.01 1 72 0
23575 300.633 8.25868 0.01 1 30 0
23659 310.457 7.67519 0.01 1 72 0
23679 309.604 7.98992 0.01 1 72 0
23695 300.363 8.21076 0.01 1 30 0
23700 310.181 8.09398 0.01 1 72 0
23726 300.363 8.40136 0.01 1 30 0
23823 300.363 8.21076 0.01 1 29 0
23845 307.934 8.32815 0.01 1 72 0
23887 300.633 8.25868 0.01 1 30 0
23945 310.596 7.84057 0.01 1 72 0
23990 311.18 8.09916 0.01 1 72 0
23994 308.318 8.41541 0.01 1 72 0
24082 314.112 8.18019 0.01 1 96 0
24090 310.596 7.84057 0.01 1 72 0
24104 300.363 8.39027 0.01 1 30 0
24177 306.221 7.23616 0.01 1 72 0
24187 315.274 8.20799 0.01 1 96 0.00336272
24199 300.363 8.22478 0.01 1 30 0
24201 306.808 8.24174 0.01 1 72 0
24248 309.16 8.08122 0.01 1 72 0
24355 315.023 8.26894 0.01 1 96 0.000128582
24357 309.16 8.08122 0.01 1 72 0
24382 300.633 8.25868 0.01 1 30 0
24504 315.023 8.26242 0.01 1 97 7.34031e-05
24528 300.363 8.40136 0.01 1 30 0
24534 308.769 8.23916 0.01 1 72 0
24549 315.023 8.20799 0.01 1 97 0
24587 315.023 8.25567 0.01 1 97 0
24640 315.023 8.27093 0.01 1 98 0
24673 307.192 7.73765 0.01 1 72 0
24702 311.694 7.67519 0.01 1 72 0
24712 311.674 8.25567 0.01 1 97 0
24719 310.181 8.09398 0.01 1 72 0
24754 309.633 8.08987 0.01 1 72 0
24773 308.318 8.47757 0.01 1 72 0
24818 314.101 8.15516 0.01 1 96 0
24847 310.45 8.43863 0.01 1 72 0
24919 313.309 8.25567 0.01 1 97 0
24951 308.212 8.31981 0.01 1 72 0
25006 300.363 8.24477 0.01 1 29 0
25061 300.363 8.24477 0.01 1 30 0
25086 311.091 8.10864 0.01 1 72 -7.14213e-05
25126 313.38 8.25567 0.01 1 98 0
25176 311.123 8.4109 0.01 1 72 0
25181 308.521 8.24338 0.01 1 72 0
25209 300.363 8.21076 0.01 1 29 0
25218 309.633 8.08987 0.01 1 72 0
25258 306.448 8.05953 0.01 1 72 0
25277 300.633 8.25868 0.01 1 30 0
25292 308.771 7.89855 0.01 1 72 0
25332 308.318 8.39656 0.01 1 72 0
25448 315.023 8.2454 0.01 1 97 0
25520 315.023 8.25567 0.01 1 98 0
25574 308.98 8.41541 0.01 1 72 0
25587 309.16 8.14447 0.01 1 72 0
25702 300.633 8.25868 0.01 1 30 0
25728 306.793 8.16219 0.01 1 72 0
25734 300.363 8.21076 0.01 1 29 0
25778 307.525 8.09349 0.01 1 72 -0.00297947
25802 308.12 8.11389 0.01 1 72 0
25826 308.482 8.08122 0.01 1 72 0
25837 311.126 7.72425 0.01 1 72 0
25883 300.363 8.21076 0.01 1 29 0
25987 310.45 8.30123 0.01 1 72 0
26008 300.363 8.21076 0.01 1 30 0
26012 310.001 8.07806 0.01 1 72 0
26031 300.363 8.22478 0.01 1 30 0
26050 300.363 8.24477 0.01 1 30 0
26052 315.408 8.14064 0.01 1 96 0
26171 299.253 8.24477 0.01 1 30 0
26201 300.363 8.21076 0.01 1 30 0
26223 299.997 8.24477 0.01 1 29 0
26232 316.348 8.25406 0.01 1 96 0
26334 299.253 8.24477 0.01 1 30 0
26347 307.973 8.18548 0.01 1 72 0
26350 308.318 8.41541 0.01 1 72 0
26367 300.363 8.40136 0.01 1 30 0
26457 300.363 8.24477 0.01 1 30 0
26472 300.363 8.21076 0.01 1 30 0
26504 308.318 8.41541 0.01 1 72 0
26509 315.023 8.30507 0.01 1 98 0
26510 310.35 8.4109 0.01 1 72 0
26580 308.563 8.32815 0.01 1 72 0
26587 313.309 8.25567 0.01 1 97 0
26629 300.363 8.21076 0.01 1 29 0
26665 311.123 8.4109 0.01 1 72 0
26779 308.98 8.41541 0.01 1 72 0
26847 313.748 8.25567 0.01 1 96 0.00634621
26869 300.363 8.24477 0.01 1 30 0
26900 310.181 8.09398 0.01 1 72 0
26905 315.023 8.25567 0.01 1 96 0
26964 300.363 8.24477 0.01 1 30 0
26994 316.348 8.18019 0.01 1 96 0
27056 308.764 7.90824 0.01 1 72 0
27061 314.129 8.25567 0.01 1 96 0
27078 310.248 8.21203 0.01 1 72 0
27144 311.091 8.15432 0.01 1 72 0
27155 300.363 8.3041 0.01 1 30 0.000801563
27183 308.12 8.11389 0.01 1 72 0
27237 308.212 8.3051 0.01 1 72 0
27259 310.181 8.09398 0.01 1 72 0
27272 315.408 8.14064 0.01 1 96 0
27275 299.253 8.24477 0.01 1 30 0
27505 307.068 8.05953 0.01 1 72 5.76377e-05
27535 300.363 8.21076 0.01 1 30 0
27550 308.12 8.11389 0.01 1 72 0
27567 300.633 8.25868 0.01 1 30 0
27599 310.001 8.13369 0.01 1 72 2.06381e-05
27630 301.275 8.25868 0.01 1 29 -0.0066763
27676 310.45 8.21478 0.01 1 72 0
27689 315.023 8.25567 0.01 1 96 0
27693 308.521 8.24338 0.01 1 72 0
27785 313.309 8.25567 0.01 1 96 0
27817 300.363 8.24883 0.01 1 30 0
27849 309.796 7.94966 0.01 1 72 0
27850 308.931 8.09398 0.01 1 72 0
27892 300.633 8.25868 0.01 1 28 0
27970 315.023 8.25567 0.01 1 97 0
28015 313.238 8.14826 0.01 1 96 0
28071 300.363 8.21076 0.01 1 29 0
28093 310.02 8.47744 0.01 1 72 0
28094 300.363 8.24477 0.01 1 29 0
28175 300.363 8.40136 0.01 1 30 0
28199 300.633 8.25868 0.01 1 30 0
28206 300.363 8.40136 0.01 1 30 0
28272 310.248 8.21203 0.01 1 72 0
28310 310.35 8.4109 0.01 1 72 0.00368369
28311 300.363 8.24477 0.01 1 30 0
28339 310.45 8.30123 0.01 1 72 0
28373 300.363 8.40136 0.01 1 30 0
28458 308.318 8.47757 0.01 1 72 0
28519 300.363 8.22478 0.01 1 30 0
28650 313.309 8.25567 0.01 1 97 0
28742 299.253 8.24477 0.01 1 30 0
28743 310.181 8.10655 0.01 1 72 0
28767 300.363 8.24477 0.01 1 29 0
28790 300.363 8.21076 0.01 1 29 0
28800 307.058 8.05953 0.01 1 72 0
28804 308.212 8.3051 0.01 1 72 0
28828 313.309 8.25567 0.01 1 97 0
28857 315.023 8.25567 0.01 1 97 0
28881 300.363 8.22478 0.01 1 30 0
28921 310.273 8.62453 0.01 1 72 0
28993 315.023 8.26242 0.01 1 97 0
29156 300.363 8.21076 0.01 1 29 0
29240 308.318 8.41541 0.01 1 72 0
29363 300.633 8.25868 0.01 1 30 0
29374 299.253 8.24477 0.01 1 30 0
29411 313.309 8.25567 0.01 1 97 0
29459 310.181 8.09398 0.01 1 72 0
29499 308.931 8.09398 0.01 1 72 0
29511 315.023 8.2454 0.01 1 97 0
29563 313.309 8.25567 0.01 1 96 0
29603 306.885 8.44454 0.01 1 72 0
29628 313.238 8.14826 0.01 1 96 0
29662 310.181 8.09398 0.01 1 72 0
29696 314.112 8.18019 0.01 1 96 0
29699 307.058 8.05953 0.01 1 72 0
29714 310.45 8.30123 0.01 1 72 0
29749 314.112 8.25567 0.01 1 96 0
29800 308.931 8.1176 0.01 1 72 0
29819 311.694 7.67519 0.01 1 72 0
29833 300.831 8.24477 0.01 1 30 0
29950 307.775 8.31981 0.01 1 72 0
29951 300.363 8.25056 0.01 1 30 0.000101849
30022 300.363 8.24477 0.01 1 30 0
30079 310.181 8.09398 0.01 1 72 0
30105 314.112 8.18019 0.01 1 96 0
30125 308.771 7.89855 0.01 1 72 0
30145 311.123 8.4109 0.01 1 72 0
30158 299.253 8.24477 0.01 1 30 0
30205 300.363 8.24477 0.01 1 30 0
30257 309.604 7.98992 0.01 1 72 0
30258 308.303 7.89348 0.01 1 72 0
30281 300.363 8.24477 0.01 1 30 0
30295 300.371 8.24477 0.01 1 30 0
30399 311.123 8.4109 0.01 1 72 0
30462 299.253 8.24477 0.01 1 30 0
30473 310.001 8.07806 0.01 1 72 0
30483 300.363 8.40136 0.01 1 30 0
30529 315.023 8.25567 0.01 1 97 0
30568 310.181 8.09398 0.01 1 72 0
30585 308.482 8.08122 0.01 1 72 0
30591 310.181 8.09398 0.01 1 72 0
30647 311.091 8.15432 0.01 1 72 0
30682 302.124 8.24477 0.01 1 30 0
30710 308.482 8.08122 0.01 1 72 0
30713 308.931 8.09398 0.01 1 72 0
30717 300.363 8.24477 0.01 1 29 0
30759 315.023 8.38341 0.01 1 97 0.001366
30766 308.931 8.1176 0.01 1 72 0
30838 315.023 8.2454 0.01 1 97 0
30911 300.363 8.21076 0.01 1 30 0
30954 310.487 7.89938 0.01 1 72 0
31008 307.429 8.16219 0.01 1 72 0
31052 310.45 8.43863 0.01 1 72 0
31072 302.124 8.24477 0.01 1 30 0
31083 308.318 8.47757 0.01 1 72 0
31149 311.123 8.4109 0.01 1 72 0
31155 299.253 8.24477 0.01 1 30 0
31217 313.966 8.23513 0.01 1 96 0
31265 306.221 7.23616 0.01 1 72 0
31269 315.408 8.14064 0.01 1 96 0
31270 308.931 8.09398 0.01 1 72 0
31303 310.02 8.47744 0.01 1 72 5.07981e-05
31324 306.448 8.05953 0.01 1 72 0
31334 309.583 8.23421 0.01 1 72 0
31369 300.363 8.24477 0.01 1 30 0
31463 313.309 8.15516 0.01 1 96 0
31471 312.529 8.14826 0.01 1 96 0
31489 313.309 8.25567 0.01 1 97 0
31493 309.633 8.08987 0.01 1 72 0
31511 316.348 8.18019 0.01 1 96 0
31537 300.363 8.22478 0.01 1 30 0
31545 310.181 8.09398 0.01 1 72 0
31550 299.032 8.21076 0.01 1 30 0.0166225
31569 315.023 8.25567 0.01 1 98 0
31577 310.02 8.3307 0.01 1 72 0
31606 313.38 8.25567 0.01 1 98 0
31643 308.568 7.86696 0.01 1 72 0
31738 308.318 8.41541 0.01 1 72 0
31782 300.363 8.24477 0.01 1 30 0
31808 300.363 8.24477 0.01 1 30 0
31875 309.633 8.08987 0.01 1 72 0
31891 300.363 8.24477 0.01 1 30 0
31902 299.253 8.24477 0.01 1 30 0
32005 310.487 7.89938 0.01 1 72 0
32114 300.363 8.24883 0.01 1 30 0.000671253
32148 300.363 8.24477 0.01 1 30 0
32185 300.363 8.21076 0.01 1 30 0
32267 308.771 7.89855 0.01 1 72 0
32328 300.363 8.13104 0.01 1 30 -0.0014129
32387 308.772 8.29272 0.01 1 72 -0.000689864
32423 308.482 8.08122 0.01 1 72 0
32546 315.231 8.25567 0.01 1 96 0
32571 311.091 8.15432 0.01 1 72 0
32580 300.363 8.21076 0.01 1 30 0
32645 300.2 8.08033 0.01 1 30 0
32650 300.692 8.24477 0.01 1 28 0
32718 310.817 7.85963 0.01 1 72 -0.00118648
32776 300.363 8.39027 0.01 1 30 0
32800 310.368 8.51311 0.01 1 72 0
32801 308.303 7.89348 0.01 1 72 0
32819 297.826 8.34538 0.01 1 29 0.018717
32904 299.253 8.24477 0.01 1 28 0
32928 309.272 8.29272 0.01 1 72 0
32942 309.796 7.94966 0.01 1 72 0
32974 316.348 8.18019 0.01 1 96 0
33001 300.363 8.22478 0.01 1 30 0
33033 300.363 8.21076 0.01 1 28 0
33055 310.596 7.84057 0.01 1 72 0
33117 300.692 8.24477 0.01 1 28 0
33128 313.309 8.25567 0.01 1 98 0
33141 313.309 8.25567 0.01 1 97 0
33185 308.629 7.89348 0.01 1 72 -0.00013034
33199 300.363 8.21076 0.01 1 29 0
33264 305.887 8.3245 0.01 1 72 0
33322 297.826 8.34538 0.01 1 29 0
33512 307.989 8.03026 0.01 1 72 0
33560 314.812 8.15516 0.01 1 96 0.0100696
