max_pf 87 min_pf 56
individual T0 sigma disp_rate r0 patch_no mut_eff
7 306.06 7.91129 0.01 1 57 0
17 306.06 7.91129 0.01 1 58 0
27 306.06 8.03528 0.01 1 58 0
28 306.623 7.98115 0.01 1 57 0
37 304.556 7.82609 0.01 1 58 0
41 311.98 8.51729 0.01 1 72 0
43 309.145 8.23347 0.01 1 87 0
46 309.321 8.17581 0.01 1 86 0
53 306.06 7.91129 0.01 1 58 0
55 311.766 8.2707 0.01 1 85 0
60 311.759 8.17581 0.01 1 85 0
67 306.06 8.03528 0.01 1 58 0
87 309.443 8.1812 0.01 1 72 -1.49012e-08
88 307.586 7.90413 0.01 1 72 0
90 309.321 8.17581 0.01 1 85 0
93 309.321 8.24678 0.01 1 85 0
97 306.06 8.13884 0.01 1 58 0
99 306.06 7.87203 0.01 1 58 0
108 311.941 8.06615 0.01 1 72 0
113 309.321 8.17581 0.01 1 85 0
114 309.321 8.17581 0.01 1 85 0
123 312.713 7.98048 0.01 1 85 0
142 306.06 7.82609 0.01 1 58 0
146 306.06 8.03528 0.01 1 58 0
149 308.779 8.16768 0.01 1 72 0
152 306.06 7.91129 0.01 1 56 0
153 309.776 8.04344 0.01 1 72 0
161 306.06 7.73877 0.01 1 58 0
167 306.06 8.03528 0.01 1 57 0
169 306.06 8.13884 0.01 1 57 0
179 306.06 7.82609 0.01 1 58 0
181 304.944 7.91129 0.01 1 58 0
187 305.714 7.91129 0.01 1 57 0
194 303.763 7.97666 0.01 1 58 0
196 309.321 8.17581 0.01 1 86 0
204 309.321 8.20671 0.01 1 85 0
205 306.06 7.91129 0.01 1 58 0
223 303.763 7.8032 0.01 1 58 0
232 309.321 8.20671 0.01 1 86 0
240 309.321 8.17581 0.01 1 85 0
241 306.06 8.03528 0.01 1 58 0
251 305.655 7.91129 0.01 1 58 0.00440197
267 305.571 7.98455 0.01 1 72 0
268 311.083 8.20111 0.01 1 72 0
277 306.06 8.03528 0.01 1 57 0
280 309.18 8.20671 0.01 1 85 0
307 308.923 7.96469 0.01 1 72 0
313 306.06 8.02298 0.01 1 57 0
326 306.06 8.03528 0.01 1 58 0
332 306.06 8.03528 0.01 1 57 0
345 309.489 8.04691 0.01 1 72 0
356 306.923 8.137 0.01 1 72 0
362 303.763 7.97666 0.01 1 57 0
389 306.06 7.91129 0.01 1 58 0
391 311.587 8.14069 0.01 1 72 0
403 306.06 8.13884 0.01 1 58 0
406 306.06 8.03528 0.01 1 58 0
408 307.854 7.92381 0.01 1 58 0
425 306.06 8.03528 0.01 1 57 0
429 307.308 7.83062 0.01 1 72 0
430 310.339 8.20111 0.01 1 72 0
444 306.814 8.13884 0.01 1 57 0
445 306.395 7.96303 0.01 1 58 0.00355095
452 308.923 7.96469 0.01 1 72 0
461 311.415 8.35936 0.01 1 72 0
479 306.06 8.03876 0.01 1 58 0
486 309.321 8.17581 0.01 1 85 0
487 309.321 8.17581 0.01 1 86 0
504 309.489 8.08827 0.01 1 72 0
508 306.06 8.03528 0.01 1 58 0
513 306.06 8.03528 0.01 1 58 0
518 306.06 8.07044 0.01 1 57 0
535 309.321 8.17581 0.01 1 85 0
538 309.977 8.10409 0.01 1 72 0
541 306.06 8.03528 0.01 1 58 0
542 307.308 7.83062 0.01 1 72 0
545 306.06 8.03528 0.01 1 58 0
546 303.763 8.0548 0.01 1 58 4.75198e-05
548 309.145 8.20671 0.01 1 85 0
551 309.983 8.42698 0.01 1 72 0
554 310.823 8.19192 0.01 1 72 0
555 306.054 8.03528 0.01 1 58 0
559 306.06 8.05411 0.01 1 57 0
562 306.06 7.91129 0.01 1 58 0
573 311.759 8.17581 0.01 1 85 0
591 310.539 8.16742 0.01 1 72 0.000159204
600 306.06 8.03876 0.01 1 58 0
604 309.321 8.17581 0.01 1 85 0
616 306.06 8.03528 0.01 1 58 0
625 306.06 7.91129 0.01 1 56 0
626 309.039 8.30713 0.01 1 72 0
627 308.012 8.26338 0.01 1 72 0
632 309.58 7.96252 0.01 1 72 0
645 306.06 8.13884 0.01 1 57 0
649 309.321 8.17581 0.01 1 86 0
650 309.321 8.17581 0.01 1 85 0
653 307.308 7.83062 0.01 1 72 0
663 309.321 8.17581 0.01 1 85 0
668 311.759 8.17581 0.01 1 85 0
673 306.06 7.91129 0.01 1 57 0
681 309.918 7.82458 0.01 1 72 0
682 306.06 8.03017 0.01 1 58 0
706 306.06 8.03876 0.01 1 58 0
716 307.541 8.23147 0.01 1 72 0
718 306.06 8.03876 0.01 1 58 0
753 309.145 8.20671 0.01 1 86 0
758 308.342 7.98597 0.01 1 72 0
760 303.763 7.8032 0.01 1 58 0
764 309.321 8.17581 0.01 1 86 0
765 306.06 8.03528 0.01 1 57 0
786 306.06 7.68352 0.01 1 57 -0.0016735
790 310.311 8.08998 0.01 1 72 0
810 306.054 8.03528 0.01 1 57 0
812 306.06 8.13884 0.01 1 57 0
817 306.06 7.94934 0.01 1 58 0
825 306.623 7.98115 0.01 1 57 0
830 306.06 7.87203 0.01 1 58 0
838 309.321 8.17581 0.01 1 86 0
862 310.539 7.98608 0.01 1 72 0
872 309.489 8.04691 0.01 1 72 0
874 304.556 7.82609 0.01 1 58 0
891 303.763 7.97666 0.01 1 58 0
901 306.06 8.03528 0.01 1 58 0
907 306.06 7.91129 0.01 1 58 0
911 307.854 7.92381 0.01 1 57 0
919 306.06 8.13884 0.01 1 58 0
925 306.923 8.137 0.01 1 72 0
930 309.145 8.20671 0.01 1 86 0
948 307.094 8.03876 0.01 1 58 0
964 310.823 8.19192 0.01 1 72 0
967 306.06 8.22145 0.01 1 57 0.000533774
970 309.321 8.17581 0.01 1 85 0
974 310.759 7.93442 0.01 1 72 0
986 312.713 7.98048 0.01 1 85 0
991 306.06 8.13884 0.01 1 58 0
997 309.321 8.17581 0.01 1 86 0
1004 306.06 8.13884 0.01 1 56 0
1009 306.06 7.82609 0.01 1 57 0
1022 311.389 8.65604 0.01 1 72 0
1031 309.321 8.00295 0.01 1 85 0
1038 306.054 8.03528 0.01 1 58 0
1044 306.06 7.87203 0.01 1 58 0
1046 309.321 8.17581 0.01 1 85 0
1055 309.321 8.17581 0.01 1 85 0
1056 309.321 8.17581 0.01 1 85 0
1061 306.06 8.03528 0.01 1 57 0
1070 306.06 7.82609 0.01 1 57 0
1079 306.06 8.03528 0.01 1 57 0
1092 311.587 8.14069 0.01 1 72 0
1102 306.06 7.82609 0.01 1 58 0
1106 312.448 8.00804 0.01 1 72 0
1108 309.039 8.30713 0.01 1 72 0
1125 306.523 8.03528 0.01 1 58 -0.00530435
1137 306.814 8.13884 0.01 1 56 0
1152 303.763 7.97666 0.01 1 58 0
1159 306.06 8.03528 0.01 1 58 0
1161 307.895 8.20671 0.01 1 86 0
1168 309.983 8.42698 0.01 1 72 0
1169 306.06 8.13884 0.01 1 57 0
1203 309.321 8.20671 0.01 1 86 0
1208 306.06 7.86239 0.01 1 58 0
1215 306.797 7.87185 0.01 1 72 0
1221 309.977 8.10409 0.01 1 72 0
1223 306.06 8.13884 0.01 1 57 0
1230 306.06 7.91129 0.01 1 56 0
1231 306.06 8.03528 0.01 1 57 0
1233 309.321 8.20671 0.01 1 85 0
1235 306.06 7.80841 0.01 1 58 0
1237 306.06 8.05851 0.01 1 58 0.000128552
1288 308.166 7.95473 0.01 1 72 0
1292 309.321 8.24678 0.01 1 85 0
1296 306.06 8.03528 0.01 1 58 0
1300 306.06 8.03528 0.01 1 57 0
1301 312.411 8.086 0.01 1 72 -0.00917855
1310 309.321 8.17581 0.01 1 85 0
1313 309.918 7.83464 0.01 1 72 0
1316 310.823 8.19192 0.01 1 72 0
1321 308.779 8.16768 0.01 1 72 0
1330 306.06 7.91129 0.01 1 56 0
1335 309.321 8.17581 0.01 1 85 0
1348 306.06 7.91129 0.01 1 58 0
1350 309.489 8.10172 0.01 1 72 0
1354 306.06 7.82609 0.01 1 57 0
1360 306.06 8.03528 0.01 1 56 0
1361 306.06 7.91129 0.01 1 58 0
1363 306.06 8.03528 0.01 1 57 0
1374 309.321 8.17581 0.01 1 86 0
1375 305.583 8.03528 0.01 1 58 0.00447135
1377 309.489 8.10172 0.01 1 72 0
1384 311.766 8.2707 0.01 1 85 0
1408 310.584 8.04732 0.01 1 72 0
1410 306.06 7.91129 0.01 1 58 0
1413 307.586 7.90413 0.01 1 72 0
1414 306.06 7.91129 0.01 1 56 0
1415 306.06 8.13884 0.01 1 58 0
1433 306.06 7.80841 0.01 1 58 0
1449 309.489 8.04691 0.01 1 72 0
1451 307.586 7.90413 0.01 1 72 0
1456 306.06 7.91129 0.01 1 57 0
1476 309.758 8.49577 0.01 1 72 0
1480 309.321 8.17581 0.01 1 86 0
1492 311 8.30633 0.01 1 72 0
1497 306.06 8.13884 0.01 1 57 0
1498 311.424 8.65604 0.01 1 72 -0.000215173
1501 307.541 8.23147 0.01 1 72 0
1508 311.587 8.14069 0.01 1 72 0
1510 309.758 8.49577 0.01 1 72 0
1514 306.923 8.137 0.01 1 72 0
1515 306.06 7.82609 0.01 1 58 0
1530 306.06 8.03528 0.01 1 57 0
1536 312.713 7.98048 0.01 1 85 0
1546 310.584 8.04732 0.01 1 72 0
1551 309.321 8.20671 0.01 1 86 0
1564 307.834 7.77285 0.01 1 72 0
1569 307.308 7.83062 0.01 1 72 0
1570 308.46 7.774 0.01 1 72 0
1571 309.321 8.17581 0.01 1 86 0
1579 311.759 8.17581 0.01 1 85 0
1585 306.623 7.88226 0.01 1 57 0
1593 306.06 8.13884 0.01 1 57 0
1602 309.321 8.17581 0.01 1 85 0
1603 306.06 7.91129 0.01 1 57 0
1607 306.06 8.07044 0.01 1 56 0
1614 306.06 7.91129 0.01 1 56 0
1624 303.495 7.91129 0.01 1 58 0.0209964
1625 309.758 8.49577 0.01 1 72 0
1636 309.156 7.93846 0.01 1 72 0
1652 309.214 8.17581 0.01 1 85 0
1664 303.763 7.97666 0.01 1 57 0
1692 309.145 8.20671 0.01 1 85 0
1696 308.779 8.16768 0.01 1 72 0
1700 311.759 8.17581 0.01 1 86 0
1710 306.06 7.91129 0.01 1 58 0
1713 306.06 8.03528 0.01 1 57 0
1729 309.977 8.10409 0.01 1 72 0
1735 310.999 8.17087 0.01 1 72 0
1742 306.06 7.91129 0.01 1 58 0
1746 310.592 7.82458 0.01 1 72 0
1752 306.06 8.07044 0.01 1 58 0
1753 309.039 8.30713 0.01 1 72 0
1755 306.06 8.03528 0.01 1 58 0
1767 306.06 7.91129 0.01 1 58 0
1779 306.06 7.82609 0.01 1 57 0
1782 309.321 8.17581 0.01 1 86 0
1785 306.06 8.03528 0.01 1 58 0
1789 306.06 7.91129 0.01 1 56 0
1791 308.749 8.26338 0.01 1 72 0.00132361
1793 306.06 7.91129 0.01 1 58 0
1816 309.321 8.17581 0.01 1 86 0
1818 303.763 7.97666 0.01 1 58 0
1824 307.829 8.07296 0.01 1 72 0
1828 306.06 8.03528 0.01 1 58 0
1852 306.06 8.13884 0.01 1 56 0
1855 306.06 7.91129 0.01 1 58 0
1862 306.06 8.03528 0.01 1 57 0
1870 309.321 8.17581 0.01 1 86 0
1875 310.739 7.93442 0.01 1 72 0
1879 306.06 8.03528 0.01 1 57 0
1884 306.06 7.91129 0.01 1 58 0
1893 306.06 8.13884 0.01 1 57 0
1897 309.321 8.17581 0.01 1 86 0
1903 306.06 7.91129 0.01 1 58 0
1918 310.66 7.92606 0.01 1 85 0
1924 306.06 7.86239 0.01 1 58 0
1929 306.06 8.03528 0.01 1 58 0
1932 306.06 8.13884 0.01 1 57 0
1933 309.321 8.17581 0.01 1 86 0
1935 309.776 8.04344 0.01 1 72 0
1937 309.321 8.17581 0.01 1 86 0
1946 306.06 8.13884 0.01 1 57 0
1958 309.145 8.23347 0.01 1 87 0
1963 306.923 8.137 0.01 1 72 0
1964 306.06 8.03528 0.01 1 57 0
1986 311.759 8.17581 0.01 1 85 0
1995 309.489 8.04691 0.01 1 72 0
1997 306.06 8.03528 0.01 1 58 0
2000 306.06 7.82609 0.01 1 57 0
2014 306.06 7.91129 0.01 1 58 0
2028 306.06 8.13884 0.01 1 57 0
2039 310.539 7.98608 0.01 1 72 0
2045 311.587 8.14069 0.01 1 72 0
2050 306.054 8.03528 0.01 1 57 0
2065 309.321 8.17581 0.01 1 85 0
2068 309.321 8.17581 0.01 1 85 0
2080 306.06 8.03876 0.01 1 58 0
2095 309.145 8.20671 0.01 1 86 0
2099 310.823 8.04127 0.01 1 72 0
2110 309.489 8.10172 0.01 1 72 0
2112 306.06 8.07044 0.01 1 56 0
2127 309.145 8.20671 0.01 1 86 0
2145 306.06 7.91129 0.01 1 58 0
2163 306.06 7.91129 0.01 1 58 0
2169 309.569 7.96981 0.01 1 72 0
2174 306.06 7.91129 0.01 1 58 0
2178 306.06 7.82609 0.01 1 57 0
2193 306.06 7.91129 0.01 1 57 0
2195 306.06 7.91129 0.01 1 58 0
2205 308.036 7.95958 0.01 1 72 0
2206 307.404 8.12641 0.01 1 72 0
2219 306.06 7.91129 0.01 1 58 0
2227 305.462 7.87203 0.01 1 58 0
2237 309.569 7.96981 0.01 1 72 0
2242 306.06 8.13884 0.01 1 58 0
2250 309.321 8.17581 0.01 1 85 0
2253 307.541 8.23147 0.01 1 72 0
2266 309.321 8.17581 0.01 1 85 0
2273 306.06 7.91129 0.01 1 56 0
2278 306.06 7.82609 0.01 1 58 0
2288 307.834 7.77285 0.01 1 72 0
2294 309.321 8.20671 0.01 1 86 0
2300 312.713 7.98048 0.01 1 85 0
2309 309.489 8.10172 0.01 1 72 0
2323 306.06 7.91129 0.01 1 56 0
2387 306.623 8.03528 0.01 1 57 0
2403 310.311 8.08998 0.01 1 72 0
2411 305.714 7.91129 0.01 1 58 0
2412 309.321 8.17581 0.01 1 86 0
2413 303.931 7.91129 0.01 1 56 0.0235751
2414 306.06 8.07044 0.01 1 58 0
2418 309.953 8.17581 0.01 1 85 0.00850275
2425 311.587 8.14069 0.01 1 72 0
2451 309.321 8.17581 0.01 1 85 0
2452 306.06 7.91129 0.01 1 58 0
2473 309.039 8.30713 0.01 1 72 0
2485 312.448 8.03051 0.01 1 72 0
2490 311.587 8.14069 0.01 1 72 0
2491 303.763 7.8032 0.01 1 58 0
2493 309.321 8.17581 0.01 1 85 0
2497 309.321 8.17581 0.01 1 87 0
2505 312.788 8.32637 0.01 1 85 -0.000179946
2519 309.321 8.17581 0.01 1 85 0
2524 308.265 7.77285 0.01 1 72 0
2536 306.06 7.70547 0.01 1 58 -0.00123717
2540 306.06 8.03528 0.01 1 56 0
2543 309.569 7.96981 0.01 1 72 0
2546 304.944 7.91129 0.01 1 57 0
2553 309.443 8.19192 0.01 1 72 0
2565 309.321 8.17581 0.01 1 85 0
2567 306.06 8.13884 0.01 1 57 0
2574 309.321 8.20671 0.01 1 85 0
2601 309.321 8.17581 0.01 1 86 0
2603 310.539 7.98608 0.01 1 72 0
2618 310.539 7.98608 0.01 1 72 0
2621 309.489 8.10172 0.01 1 72 0
2632 306.06 8.13884 0.01 1 57 0
2634 306.06 7.91129 0.01 1 57 0
2637 303.763 7.8032 0.01 1 58 0
2645 304.556 7.82609 0.01 1 58 0.0146907
2647 309.983 8.42698 0.01 1 72 0
2650 311.415 8.35936 0.01 1 72 0
2653 306.06 8.03528 0.01 1 58 0
2667 308.989 8.20671 0.01 1 85 0
2672 310.311 8.08998 0.01 1 72 0
2696 306.06 7.75709 0.01 1 57 -0.000770241
2699 309.321 8.17581 0.01 1 85 0
2705 311.083 8.20111 0.01 1 72 0
2733 306.491 8.13884 0.01 1 57 0
2734 305.786 8.08215 0.01 1 72 0
2742 306.06 8.00478 0.01 1 58 0
2749 306.06 7.89238 0.01 1 58 0
2753 309.156 8.05066 0.01 1 72 1.05798e-06
2771 306.06 7.82609 0.01 1 57 0
2781 309.321 8.17581 0.01 1 87 0
2783 306.06 7.91129 0.01 1 58 0
2788 306.06 8.13884 0.01 1 57 0
2795 308.166 8.09602 0.01 1 72 0
2799 306.06 7.91129 0.01 1 56 0
2808 307.541 7.95958 0.01 1 72 0
2825 311.766 8.2707 0.01 1 85 0
2839 306.06 7.91129 0.01 1 57 0
2849 309.321 8.17581 0.01 1 85 0
2864 306.06 8.03528 0.01 1 57 0
2877 305.714 7.91129 0.01 1 57 0
2881 311.766 8.2707 0.01 1 87 0
2885 309.321 8.20671 0.01 1 85 0
2892 307.586 7.87555 0.01 1 72 0
2906 307.158 8.12509 0.01 1 72 0
2907 306.06 8.03528 0.01 1 58 0
2911 306.689 7.96303 0.01 1 58 0
2912 309.321 8.20671 0.01 1 86 0
2927 309.776 8.04344 0.01 1 72 0
2930 308.982 7.98608 0.01 1 72 0
2972 310.539 7.93778 0.01 1 72 0
2973 311.441 8.14069 0.01 1 72 0
2996 306.06 8.03528 0.01 1 58 0
3007 306.06 7.91129 0.01 1 58 0
3030 312.713 7.98048 0.01 1 85 0
3034 306.06 8.00478 0.01 1 58 0
3056 309.18 8.20671 0.01 1 85 0
3062 311.759 8.17581 0.01 1 85 0
3068 306.06 7.86239 0.01 1 58 0
3072 309.321 8.17581 0.01 1 85 0
3074 306.06 7.91129 0.01 1 58 0
3080 308.012 8.26338 0.01 1 72 0
3083 311.587 8.14069 0.01 1 72 0
3087 311.941 8.06615 0.01 1 72 0
3089 306.623 8.03528 0.01 1 57 0
3091 306.06 8.03017 0.01 1 58 0
3093 305.714 7.91129 0.01 1 58 0
3105 306.923 8.137 0.01 1 72 0
3111 308.46 7.74341 0.01 1 72 0
3119 306.06 8.03528 0.01 1 58 0
3127 306.06 7.91129 0.01 1 58 0
3128 309.321 8.17581 0.01 1 86 0
3138 303.763 7.97666 0.01 1 58 0
3139 308.46 7.74341 0.01 1 72 0
3140 311.766 8.2707 0.01 1 85 0
3154 306.06 8.03876 0.01 1 58 0
3155 312.713 7.98048 0.01 1 85 0
3161 305.714 7.91129 0.01 1 58 0
3172 306.06 8.13884 0.01 1 57 0
3174 309.145 8.20671 0.01 1 86 0
3177 306.054 8.03528 0.01 1 57 0
3186 303.763 7.97666 0.01 1 58 0
3188 311.594 8.17581 0.01 1 85 0
3192 306.06 8.13884 0.01 1 57 0
3197 309.321 8.20671 0.01 1 86 0
3201 307.278 7.91129 0.01 1 58 0
3203 306.06 8.03528 0.01 1 56 0
3206 305.714 7.91129 0.01 1 58 0
3222 308.012 8.26338 0.01 1 72 0
3223 309.489 8.10172 0.01 1 72 0
3239 309.18 8.20671 0.01 1 85 0
3240 306.923 8.137 0.01 1 72 0
3241 303.763 7.97666 0.01 1 58 0
3245 306.06 8.13884 0.01 1 58 0
3275 309.321 8.17581 0.01 1 85 0
3280 309.776 8.04344 0.01 1 72 0
3294 309.489 8.04691 0.01 1 72 0
3304 310.823 8.13822 0.01 1 72 0.000117853
3311 306.06 7.91129 0.01 1 58 0
3318 309.977 8.10409 0.01 1 72 0
3327 306.06 8.03528 0.01 1 58 0
3333 309.321 8.17581 0.01 1 85 0
3347 313.957 8.32637 0.01 1 85 0.00688614
3351 311.587 8.14069 0.01 1 72 0
3355 303.763 7.97666 0.01 1 58 0
3361 306.06 7.91129 0.01 1 58 0
3363 306.06 8.03528 0.01 1 57 0
3373 306.06 8.03528 0.01 1 57 0
3396 306.06 8.07044 0.01 1 58 0
3403 305.714 7.91129 0.01 1 58 0
3405 305.733 8.0919 0.01 1 72 0
3414 306.06 8.13884 0.01 1 57 0
3415 307.895 8.20671 0.01 1 85 0
3416 311.27 8.08998 0.01 1 72 0
3424 306.06 7.91129 0.01 1 58 0
3429 306.06 7.68352 0.01 1 57 0
3433 308.923 7.96469 0.01 1 72 0
3434 309.321 8.17581 0.01 1 85 0
3436 307.308 7.83062 0.01 1 72 0
3441 308.166 7.95473 0.01 1 72 0
3449 304.422 7.74348 0.01 1 58 0
3453 309.145 8.23347 0.01 1 87 0
3455 309.321 8.17581 0.01 1 85 0
3487 306.06 7.91129 0.01 1 58 0
3493 306.06 7.91129 0.01 1 58 0
3499 303.763 7.97666 0.01 1 58 0
3506 306.06 7.91129 0.01 1 58 0
3507 308.46 7.74341 0.01 1 72 0
3514 309.145 8.23347 0.01 1 87 0
3519 309.321 8.17581 0.01 1 85 0
3521 306.06 7.82609 0.01 1 58 0
3531 306.06 7.91129 0.01 1 56 0
3532 305.714 7.91129 0.01 1 57 0
3535 303.763 7.97666 0.01 1 58 0
3542 306.06 8.03528 0.01 1 57 0
3548 306.06 7.91129 0.01 1 56 0
3551 311.766 8.2707 0.01 1 85 0
3562 306.06 8.03528 0.01 1 57 0
3597 309.321 8.20671 0.01 1 85 0
3625 306.06 8.03528 0.01 1 57 0
3630 309.321 8.17581 0.01 1 85 0
3634 306.06 8.03528 0.01 1 57 0
3643 309.321 8.17581 0.01 1 85 0
3671 306.06 8.13884 0.01 1 57 0
3677 306.06 7.91129 0.01 1 58 0
3694 306.06 8.03528 0.01 1 58 0
3707 303.763 8.0548 0.01 1 57 0
3710 306.06 8.13884 0.01 1 58 0
3715 306.523 8.03528 0.01 1 58 0
3726 306.06 8.03528 0.01 1 57 0
3729 309.489 8.04691 0.01 1 72 0
3732 306.06 8.13884 0.01 1 57 0
3738 306.06 7.91129 0.01 1 56 0
3752 306.06 8.03528 0.01 1 57 0
3763 305.714 7.91129 0.01 1 58 0
3771 306.06 7.91129 0.01 1 58 0
3782 309.321 8.17581 0.01 1 85 0
3790 306.06 7.91129 0.01 1 58 0
3799 308.032 8.09602 0.01 1 72 0
3811 306.06 8.13884 0.01 1 57 0
3817 306.06 7.91129 0.01 1 58 0
3832 306.06 7.91129 0.01 1 57 0
3860 307.834 7.77285 0.01 1 72 0
3867 308.982 8.12533 0.01 1 72 0
3868 307.094 8.03876 0.01 1 58 0
3880 309.321 8.17581 0.01 1 86 0
3886 306.06 8.03528 0.01 1 57 0
3888 309.321 8.17581 0.01 1 85 0
3889 306.06 7.91129 0.01 1 57 0
3893 309.321 8.17581 0.01 1 86 0
3903 311.587 8.14069 0.01 1 72 0
3917 306.06 7.91129 0.01 1 56 0
3929 303.763 7.97666 0.01 1 58 0
3941 309.145 8.23347 0.01 1 87 0
3965 309.489 8.04691 0.01 1 72 0
3973 306.06 8.03017 0.01 1 58 0
3977 306.06 8.07044 0.01 1 56 0
3980 303.763 7.8032 0.01 1 58 0
3992 306.06 8.03528 0.01 1 58 0
3997 307.094 8.03876 0.01 1 58 0
4008 309.321 8.17581 0.01 1 85 0
4020 306.06 7.91129 0.01 1 58 0
4031 309.145 8.20671 0.01 1 87 0
4040 306.06 8.03528 0.01 1 58 0
4042 306.06 7.91129 0.01 1 58 0
4043 309.489 7.9811 0.01 1 72 0
4050 309.145 8.20671 0.01 1 86 0
4052 306.06 7.86239 0.01 1 58 0
4058 304.944 7.91129 0.01 1 58 0
4060 309.96 8.04691 0.01 1 72 -0.00104205
4071 309.321 8.17581 0.01 1 86 0
4075 311.98 8.51729 0.01 1 72 0
4090 306.06 8.03528 0.01 1 58 0
4097 305.714 7.91129 0.01 1 58 0
4106 308.924 8.03876 0.01 1 58 0
4107 309.145 8.20671 0.01 1 87 0
4116 306.06 8.03528 0.01 1 57 0
4128 306.06 8.03528 0.01 1 58 0
4148 309.489 8.04691 0.01 1 72 0
4150 309.321 8.20671 0.01 1 86 0
4152 309.321 8.17581 0.01 1 85 0
4153 306.06 8.03528 0.01 1 58 0
4157 311.587 8.14069 0.01 1 72 0
4161 306.06 7.96529 0.01 1 58 0.000310197
4166 307.586 7.90413 0.01 1 72 0
4169 303.763 7.97666 0.01 1 58 0
4171 307.308 7.83062 0.01 1 72 0
4178 309.321 8.17581 0.01 1 85 0
4179 306.06 7.89238 0.01 1 58 -0.00011
4201 309.321 8.17581 0.01 1 86 0
4202 308.46 7.774 0.01 1 72 0
4212 309.489 8.04691 0.01 1 72 0
4222 306.06 7.91129 0.01 1 58 0
4224 309.977 8.10409 0.01 1 72 0
4247 309.145 8.20671 0.01 1 86 0
4264 308.923 7.96469 0.01 1 72 0
4283 305.845 8.03528 0.01 1 57 0
4294 303.763 8.0548 0.01 1 57 0
4307 306.986 8.15315 0.01 1 72 0
4310 306.06 8.03528 0.01 1 57 0
4311 309.321 8.17581 0.01 1 86 0
4344 309.321 8.17581 0.01 1 85 0
4346 306.06 8.03528 0.01 1 57 0
4358 311.587 8.14069 0.01 1 72 0
4362 311.594 8.17581 0.01 1 85 0
4371 304.786 8.16072 0.01 1 72 0
4385 307.541 8.23147 0.01 1 72 0
4391 311.766 8.2707 0.01 1 85 0
4396 305.714 7.91129 0.01 1 58 0
4403 306.06 7.82609 0.01 1 57 0
4410 307.74 8.37386 0.01 1 72 0
4417 305.112 7.91129 0.01 1 56 0.0107356
4432 309.321 8.17581 0.01 1 85 0
4434 306.06 7.91129 0.01 1 58 0
4437 306.06 7.91129 0.01 1 58 0
4462 309.321 8.17581 0.01 1 85 0
4474 306.06 7.91129 0.01 1 57 0
4481 306.06 7.89238 0.01 1 58 0
4484 308.012 8.26338 0.01 1 72 0
4497 309.321 8.20671 0.01 1 86 0
4504 311.389 8.65604 0.01 1 72 0
4508 308.012 8.26338 0.01 1 72 0
4514 309.279 8.17581 0.01 1 86 -0.000608265
4520 309.321 8.17581 0.01 1 85 0
4521 306.06 8.13884 0.01 1 57 0
4524 307.541 7.92432 0.01 1 72 0
4529 306.06 8.13884 0.01 1 57 0
4532 304.944 7.91129 0.01 1 58 0
4535 303.763 7.97666 0.01 1 58 0
4539 306.06 8.03528 0.01 1 58 0
4542 305.714 7.8838 0.01 1 57 -0.000170797
4544 309.489 8.04691 0.01 1 72 0
4547 306.623 7.95486 0.01 1 57 -0.000220448
4558 304.936 7.94305 0.01 1 72 0
4567 306.06 7.82609 0.01 1 57 0
4570 306.06 7.82609 0.01 1 58 0
4571 309.321 8.17581 0.01 1 86 0
4586 309.569 7.96981 0.01 1 72 0
4587 306.06 8.03528 0.01 1 58 0
4588 309.321 8.24678 0.01 1 85 0
4591 306.06 8.03528 0.01 1 57 0
4596 311.759 8.17581 0.01 1 86 0
4598 311.169 8.08998 0.01 1 72 0
4600 306.06 7.94934 0.01 1 58 0
4605 306.06 7.91129 0.01 1 58 0
4608 309.321 8.17581 0.01 1 85 0
4612 305.88 7.94305 0.01 1 72 0
4613 306.06 8.13884 0.01 1 57 0
4618 309.321 8.17581 0.01 1 85 0
4633 309.321 8.17581 0.01 1 85 0
4643 306.06 7.80841 0.01 1 58 0
4658 309.321 8.17581 0.01 1 86 0
4659 303.763 7.8032 0.01 1 58 0
4666 309.321 8.17581 0.01 1 85 0
4670 309.321 8.17581 0.01 1 85 0
4671 306.06 8.03528 0.01 1 57 0
4673 311.759 8.17581 0.01 1 86 0
4676 303.935 8.03876 0.01 1 58 0
4686 309.776 8.04344 0.01 1 72 0
4691 305.112 7.91129 0.01 1 56 0
4709 309.321 8.17581 0.01 1 86 0
4715 310.539 7.93778 0.01 1 72 0
4716 309.983 8.42698 0.01 1 72 0
4718 306.06 8.13884 0.01 1 57 0
4737 309.489 8.04691 0.01 1 72 0
4747 306.06 7.91129 0.01 1 56 0
4750 309.156 7.93846 0.01 1 72 0
4754 309.496 8.17581 0.01 1 85 0
4773 306.689 7.96303 0.01 1 58 0
4774 303.763 8.02149 0.01 1 58 5.28097e-05
4786 306.06 7.91129 0.01 1 58 0
4795 307.308 7.89738 0.01 1 72 3.83109e-05
4797 309.281 8.20671 0.01 1 86 0.00193094
4798 306.06 8.03528 0.01 1 58 0
4809 310.66 7.92606 0.01 1 85 0
4814 307.404 8.12641 0.01 1 72 0
4817 308.972 8.07511 0.01 1 72 0
4829 303.328 8.0919 0.01 1 72 0
4838 303.763 7.97666 0.01 1 58 0
4870 309.156 7.93846 0.01 1 72 0
4873 306.06 7.91129 0.01 1 57 0
4879 309.145 8.20671 0.01 1 86 0
4883 306.06 8.05411 0.01 1 58 0
4894 303.763 7.8032 0.01 1 58 0
4898 309.156 7.93846 0.01 1 72 0
4908 311.587 8.14069 0.01 1 72 0
4913 310.823 8.13822 0.01 1 72 0
4918 306.06 7.91129 0.01 1 58 0
4937 308.166 8.09602 0.01 1 72 0
4939 306.06 7.82609 0.01 1 58 0
4950 310.539 7.98608 0.01 1 72 0
4953 311.587 8.14069 0.01 1 72 0
4955 309.489 8.04691 0.01 1 72 0
4962 309.321 8.17581 0.01 1 86 0
4967 303.763 7.8032 0.01 1 58 0
4972 306.06 7.91129 0.01 1 58 0
4974 306.06 8.03528 0.01 1 57 0
4981 308.166 8.09602 0.01 1 72 0
4984 304.422 7.74348 0.01 1 58 0.0150258
4992 306.06 8.13884 0.01 1 57 0
4995 306.06 7.82609 0.01 1 57 0
5003 306.06 8.03528 0.01 1 57 0
5019 306.06 7.82609 0.01 1 56 0
5023 303.763 7.97666 0.01 1 58 0
5037 309.321 8.17581 0.01 1 85 0
5044 309.321 8.17581 0.01 1 86 0
5046 309.321 8.17581 0.01 1 85 0
5047 306.06 7.91129 0.01 1 57 0
5050 309.321 8.17581 0.01 1 85 0
5064 306.564 7.91129 0.01 1 58 0
5071 306.06 7.87203 0.01 1 56 0
5075 306.06 8.07044 0.01 1 57 0
5079 306.564 7.91129 0.01 1 58 0
5082 306.06 8.03528 0.01 1 57 0
5099 310.584 8.04732 0.01 1 72 0
5101 306.06 7.86239 0.01 1 58 0
5124 309.983 8.42698 0.01 1 72 0
5125 309.321 8.20671 0.01 1 86 0
5167 306.06 7.91129 0.01 1 58 0
5175 306.06 8.00478 0.01 1 58 0
5178 306.06 7.82609 0.01 1 58 0
5180 307.094 8.03876 0.01 1 58 0
5188 304.422 7.74348 0.01 1 58 0
5191 306.06 7.91129 0.01 1 58 0
5210 309.321 8.20671 0.01 1 86 0
5222 309.321 8.2991 0.01 1 85 0
5235 303.763 7.97666 0.01 1 58 0
5247 306.623 7.98115 0.01 1 57 0
5248 309.983 8.42698 0.01 1 72 0
5254 306.06 7.91129 0.01 1 58 0
5258 311.397 8.29348 0.01 1 85 0
5259 306.06 8.13884 0.01 1 57 0
5267 309.321 8.20671 0.01 1 85 0
5270 306.06 8.03528 0.01 1 57 0
5284 307.541 8.23147 0.01 1 72 0
5290 307.718 7.55616 0.01 1 72 0
5298 309.039 8.30713 0.01 1 72 0
5302 305.112 7.91129 0.01 1 56 0
5307 306.06 7.91129 0.01 1 58 0
5310 306.06 7.91129 0.01 1 57 0
5313 306.06 7.91129 0.01 1 57 0
5317 306.054 8.03528 0.01 1 57 0
5326 309.039 8.30713 0.01 1 72 0
5335 309.321 8.17581 0.01 1 85 0
5346 306.623 7.98115 0.01 1 57 0
5352 309.977 8.26794 0.01 1 72 0
5354 305.714 7.91129 0.01 1 57 0
5356 306.06 7.87203 0.01 1 58 0
5359 310.66 7.92606 0.01 1 85 0
5361 306.814 8.18732 0.01 1 72 0
5368 307.586 7.90413 0.01 1 72 0
5379 307.864 7.94813 0.01 1 58 -0.0228368
5382 309.489 8.10172 0.01 1 72 0
5398 306.06 7.87203 0.01 1 58 0
5405 303.763 7.97666 0.01 1 58 0
5408 309.776 8.04344 0.01 1 72 0
5415 309.489 8.08827 0.01 1 72 0
5421 306.06 8.13884 0.01 1 57 0
5422 310.26 8.25086 0.01 1 72 0
5437 311.766 8.14749 0.01 1 85 0
5447 308.989 8.20671 0.01 1 85 -0.00461218
5468 304.422 7.74348 0.01 1 58 0
5469 309.321 8.17581 0.01 1 85 0
5496 306.06 8.13884 0.01 1 58 0
5536 306.06 8.13884 0.01 1 57 0
5538 306.06 8.03528 0.01 1 57 0
5541 309.321 8.17581 0.01 1 85 0
5555 309.18 8.20671 0.01 1 85 0
5557 306.06 8.02298 0.01 1 57 0
5570 303.909 7.97666 0.01 1 58 0
5583 303.763 7.97666 0.01 1 58 0
5598 306.06 8.03528 0.01 1 57 0
5604 306.06 8.03528 0.01 1 58 0
5627 306.06 7.91129 0.01 1 58 0
5631 303.763 8.08003 0.01 1 58 0
5643 306.06 8.13884 0.01 1 57 0
5650 309.321 8.17581 0.01 1 85 0
5658 307.586 7.90413 0.01 1 72 0
5669 309.983 8.42698 0.01 1 72 0
5670 309.321 8.17581 0.01 1 85 0
5675 305.845 8.03528 0.01 1 57 0.00251988
5692 306.06 7.91129 0.01 1 56 0
5694 306.06 7.87203 0.01 1 58 0
5696 306.06 7.91129 0.01 1 58 0
5702 306.06 8.03528 0.01 1 58 0
5707 309.321 8.20671 0.01 1 86 0
5713 309.321 8.17581 0.01 1 86 0
5720 306.06 7.82609 0.01 1 57 0
5724 306.06 8.03528 0.01 1 58 0
5737 306.06 8.13884 0.01 1 57 0
5738 309.145 8.20671 0.01 1 86 0
5767 308.46 7.74341 0.01 1 72 0
5769 306.986 8.15315 0.01 1 72 0
5772 306.06 7.91129 0.01 1 58 0
5778 306.06 8.03528 0.01 1 58 0
5785 309.321 8.17581 0.01 1 86 0
5790 305.872 8.13884 0.01 1 57 0.00215627
5792 306.623 7.98115 0.01 1 57 0
5831 306.06 7.82609 0.01 1 57 0
5837 309.321 8.17581 0.01 1 85 0
5852 309.602 8.17581 0.01 1 85 -0.0146041
5854 311.594 8.06157 0.01 1 85 -0.000576496
5858 306.06 8.03528 0.01 1 57 0
5863 309.321 8.17581 0.01 1 85 0
5878 311.759 8.17581 0.01 1 86 0
5887 306.06 8.03528 0.01 1 58 0
5891 309.489 8.08827 0.01 1 72 0
5899 305.714 7.91129 0.01 1 58 0
5915 306.06 7.98423 0.01 1 58 0
5922 309.321 8.17581 0.01 1 86 0
5930 306.06 8.13884 0.01 1 58 0
5937 309.569 7.96981 0.01 1 72 0
5943 306.95 7.98608 0.01 1 72 0
5946 306.986 8.15315 0.01 1 72 0
5947 308.166 8.07606 0.01 1 72 -5.20051e-06
5953 311.083 8.20111 0.01 1 72 0
5956 306.06 8.03528 0.01 1 58 0
5957 308.46 7.774 0.01 1 72 0
5960 307.687 8.17581 0.01 1 85 0
5978 306.06 8.00478 0.01 1 58 0
5979 306.06 8.03528 0.01 1 57 0
5980 309.321 8.17581 0.01 1 86 0
6004 306.06 8.03528 0.01 1 57 0
6006 309.321 8.17581 0.01 1 85 0
6013 306.06 8.03528 0.01 1 57 0
6022 306.06 7.87203 0.01 1 58 0
6030 309.58 7.96252 0.01 1 72 0
6034 310.605 8.17581 0.01 1 85 0.0167492
6038 309.489 8.10172 0.01 1 72 0
6058 306.06 7.68352 0.01 1 57 0
6063 306.06 8.03528 0.01 1 57 0
6091 309.489 8.04691 0.01 1 72 0
6095 306.054 8.03528 0.01 1 58 0
6097 303.763 7.97666 0.01 1 58 0
6120 306.06 8.13884 0.01 1 57 0
6139 308.166 8.09602 0.01 1 72 0
6143 310.592 7.82458 0.01 1 72 0
6146 306.06 8.03528 0.01 1 58 0
6169 306.06 8.13884 0.01 1 57 0
6194 309.321 8.20671 0.01 1 85 0
6196 306.06 7.91129 0.01 1 58 0
6210 306.06 7.96529 0.01 1 58 0
6211 306.06 7.73877 0.01 1 58 0
6214 309.776 7.93442 0.01 1 72 0
6219 309.977 8.10409 0.01 1 72 0
6232 307.854 7.92381 0.01 1 58 0
6234 306.06 8.03528 0.01 1 57 0
6237 309.489 8.04691 0.01 1 72 0
6242 306.06 8.07044 0.01 1 56 0
6249 308.618 7.88531 0.01 1 72 0
6250 306.06 8.03528 0.01 1 58 0
6253 309.321 8.17581 0.01 1 85 0
6256 306.054 8.03528 0.01 1 58 0
6268 311.759 8.17581 0.01 1 86 0
6270 307.094 8.03876 0.01 1 58 0
6277 309.321 8.20671 0.01 1 85 0
6280 306.06 7.82609 0.01 1 57 0
6288 306.06 8.03528 0.01 1 58 0
6290 309.145 8.20671 0.01 1 85 0
6291 306.054 8.03528 0.01 1 58 0
6326 309.321 8.17581 0.01 1 86 0
6327 306.623 8.03528 0.01 1 57 0
6333 305.714 8.0546 0.01 1 58 0.000692874
6366 311.759 8.17581 0.01 1 85 0
6368 309.321 8.17581 0.01 1 85 0
6373 307.829 8.03613 0.01 1 72 0
6390 310.584 8.04732 0.01 1 72 0
6400 306.06 7.91129 0.01 1 57 0
6408 306.623 7.98115 0.01 1 57 0
6413 306.06 7.91129 0.01 1 58 0
6414 309.321 8.17581 0.01 1 86 0
6417 308.779 8.08303 0.01 1 72 0
6419 306.06 7.82609 0.01 1 58 0
6426 306.06 7.91129 0.01 1 57 0
6434 308.946 7.9726 0.01 1 72 0
6454 309.321 8.20671 0.01 1 85 0
6457 308.46 7.74341 0.01 1 72 0
6458 306.06 7.86239 0.01 1 58 0
6469 306.06 8.05411 0.01 1 57 0
6477 306.06 7.91129 0.01 1 58 0
6479 306.06 7.91129 0.01 1 58 0
6492 306.06 8.03528 0.01 1 58 0
6493 307.586 7.90413 0.01 1 72 0
6500 306.06 7.87203 0.01 1 58 0
6501 309.321 8.00295 0.01 1 86 0
6502 306.06 8.03876 0.01 1 58 0
6505 309.489 8.04691 0.01 1 72 0
6509 306.06 7.82609 0.01 1 57 0
6510 309.321 8.17581 0.01 1 85 0
6513 306.06 8.03017 0.01 1 57 0
6528 309.321 8.17581 0.01 1 85 0
6537 306.06 8.13884 0.01 1 57 0
6540 307.541 7.92432 0.01 1 72 0
6548 306.06 7.68352 0.01 1 57 0
6551 304.556 7.82609 0.01 1 58 0
6558 306.06 8.03876 0.01 1 58 0
6564 306.06 7.91129 0.01 1 58 0
6567 308.924 8.03876 0.01 1 58 0
6570 306.06 8.13884 0.01 1 58 0
6571 309.776 8.04344 0.01 1 72 0
6575 309.321 8.17581 0.01 1 86 0
6585 308.779 8.08303 0.01 1 72 0
6587 309.918 7.82458 0.01 1 72 0
6598 309.18 8.20671 0.01 1 85 0
6602 309.321 8.17581 0.01 1 86 0
6611 306.06 7.91129 0.01 1 58 0
6618 303.763 8.08003 0.01 1 58 0.000120491
6622 309.145 8.20671 0.01 1 86 0
6628 309.145 8.23347 0.01 1 87 0
6634 306.06 8.13884 0.01 1 57 0
6639 306.06 7.91129 0.01 1 58 0
6641 309.145 8.20671 0.01 1 86 0
6653 306.06 7.87203 0.01 1 58 0
6656 309.321 8.17581 0.01 1 85 0
6677 306.06 8.03528 0.01 1 58 0
6680 306.689 7.96303 0.01 1 58 0
6722 307.541 8.23147 0.01 1 72 0
6732 307.541 8.23147 0.01 1 72 0
6758 308.923 7.96469 0.01 1 72 0
6769 306.689 7.96303 0.01 1 58 0
6776 306.06 8.03528 0.01 1 57 0
6778 306.06 7.91129 0.01 1 58 0
6780 306.06 7.91129 0.01 1 57 0
6796 304.81 8.03528 0.01 1 57 0.0133885
6802 306.06 8.13884 0.01 1 56 0
6812 310.592 7.82458 0.01 1 72 0
6818 306.06 8.13884 0.01 1 58 0
6827 309.321 8.17581 0.01 1 86 0
6845 307.541 7.95958 0.01 1 72 0
6846 306.06 7.90716 0.01 1 57 0
6854 309.321 8.20671 0.01 1 85 0
6857 306.06 7.91129 0.01 1 58 0
6879 309.321 8.17581 0.01 1 86 0
6881 305.714 7.91129 0.01 1 57 0
6892 309.321 8.17581 0.01 1 85 0
6896 309.569 7.96981 0.01 1 72 0
6898 306.06 8.03528 0.01 1 58 0
6899 309.321 8.20671 0.01 1 86 0
6935 303.763 7.97666 0.01 1 58 0
6938 306.06 7.82609 0.01 1 57 0
6942 306.06 7.91129 0.01 1 58 0
6945 309.776 7.95179 0.01 1 72 0
6949 306.06 8.13884 0.01 1 57 0
6963 306.06 7.91129 0.01 1 58 0
6979 303.763 7.97666 0.01 1 58 0
6987 306.06 8.03528 0.01 1 58 0
6988 306.06 8.05411 0.01 1 57 0
6990 309.321 8.17581 0.01 1 87 0
6991 309.321 8.20671 0.01 1 86 0
7015 306.06 8.13884 0.01 1 56 0
7028 309.489 8.02244 0.01 1 72 0
7030 309.321 8.20671 0.01 1 86 0
7036 309.321 8.17581 0.01 1 85 0
7037 308.946 7.77285 0.01 1 72 0
7038 309.758 8.49577 0.01 1 72 0
7042 309.145 8.23347 0.01 1 87 0.000346959
7044 310.539 7.98608 0.01 1 72 0
7046 306.06 8.07044 0.01 1 56 0
7072 306.06 7.86239 0.01 1 58 0
7075 306.06 7.86239 0.01 1 58 0
7076 306.06 8.13884 0.01 1 57 0
7081 306.06 7.91129 0.01 1 57 0
7094 306.06 8.03528 0.01 1 57 0
7103 309.321 8.17581 0.01 1 85 0
7109 306.06 7.87203 0.01 1 58 0
7121 309.321 8.20671 0.01 1 86 0
7127 306.06 7.82609 0.01 1 57 0
7140 304.556 7.82609 0.01 1 58 0
7143 309.039 8.30713 0.01 1 72 0
7153 310.539 7.98608 0.01 1 72 0
7158 307.586 7.90413 0.01 1 72 0
7181 308.46 7.74341 0.01 1 72 0
7188 306.06 7.91129 0.01 1 58 0
7194 306.06 7.91129 0.01 1 58 0
7203 306.06 8.03528 0.01 1 58 0
7221 308.629 8.26375 0.01 1 72 0
7229 306.06 7.91129 0.01 1 58 0
7262 308.342 7.98597 0.01 1 72 0
7275 311.587 8.14069 0.01 1 72 0
7287 310.823 8.19192 0.01 1 72 0
7300 306.06 8.13884 0.01 1 57 0
7307 306.06 7.82609 0.01 1 57 0
7309 306.797 7.87185 0.01 1 72 0
7312 306.06 8.03528 0.01 1 58 0
7348 307.308 7.83062 0.01 1 72 0
7353 309.321 8.17581 0.01 1 85 0
7356 308.46 7.74341 0.01 1 72 0
7358 306.06 7.91129 0.01 1 58 0
7374 309.321 8.17581 0.01 1 85 0
7377 310.539 7.93778 0.01 1 72 0
7380 306.06 7.91129 0.01 1 58 0
7381 309.918 7.83464 0.01 1 72 0
7388 311.083 8.20111 0.01 1 72 0
7389 306.06 8.03528 0.01 1 58 0
7397 307.541 7.95958 0.01 1 72 0
7409 306.06 8.03528 0.01 1 57 0
7411 309.489 8.04691 0.01 1 72 0
7424 309.489 8.00229 0.01 1 72 0
7427 309.321 8.17581 0.01 1 85 0
7442 309.321 8.20671 0.01 1 86 0
7453 306.06 8.03528 0.01 1 57 0
7470 309.489 8.04691 0.01 1 72 0
7471 309.321 8.17581 0.01 1 85 0
7472 306.06 8.03528 0.01 1 57 0
7475 306.06 7.87203 0.01 1 58 0
7483 310.66 7.92606 0.01 1 85 0
7489 311.083 8.20111 0.01 1 72 0
7494 306.06 8.13884 0.01 1 57 0
7507 305.571 7.98455 0.01 1 72 -0.00652057
7511 306.06 7.91129 0.01 1 56 0
7520 311.98 8.63904 0.01 1 72 0
7522 309.983 8.42698 0.01 1 72 0
7534 309.321 8.17581 0.01 1 85 0
7538 304.786 8.16072 0.01 1 72 0
7540 309.983 8.42698 0.01 1 72 0
7541 306.06 8.13884 0.01 1 57 0
7553 306.302 8.05411 0.01 1 58 -0.00271225
7556 306.06 8.13884 0.01 1 58 0
7576 306.06 7.86239 0.01 1 58 0
7597 310.584 8.04732 0.01 1 72 0
7603 306.06 8.13884 0.01 1 57 0
7607 309.321 8.17581 0.01 1 85 0
7623 306.06 8.03528 0.01 1 57 0
7627 306.06 7.91129 0.01 1 58 0
7643 306.06 7.90716 0.01 1 57 0
7649 304.556 7.82584 0.01 1 58 -6.4075e-07
7652 308.779 8.08303 0.01 1 72 0
7654 306.054 8.03528 0.01 1 58 0
7670 306.06 7.68352 0.01 1 57 0
7673 311.594 8.17581 0.01 1 85 0.0279305
7679 311.759 8.17581 0.01 1 85 0
7686 306.06 7.70547 0.01 1 58 0
7687 306.06 7.91129 0.01 1 58 0
7692 306.06 7.91129 0.01 1 57 0
7693 306.06 7.68352 0.01 1 57 0
7698 311.759 8.17581 0.01 1 85 0
7713 306.06 7.87203 0.01 1 56 0
7731 306.06 7.91129 0.01 1 58 0
7748 306.06 8.03876 0.01 1 58 0
7764 306.06 7.91129 0.01 1 57 0
7766 311.441 8.14069 0.01 1 72 0
7769 306.06 8.07044 0.01 1 57 0
7770 306.06 7.87203 0.01 1 58 0
7773 306.06 7.91129 0.01 1 56 0
7797 309.321 8.17581 0.01 1 85 0
7804 311.766 8.2707 0.01 1 85 0
7805 309.145 8.20671 0.01 1 86 0
7815 307.854 7.92381 0.01 1 58 0
7819 306.623 8.03528 0.01 1 57 0
7829 306.06 8.00703 0.01 1 58 0
7845 310.584 8.04732 0.01 1 72 0
7846 306.06 8.03528 0.01 1 58 0
7847 309.156 7.93846 0.01 1 72 0
7856 309.18 8.20671 0.01 1 85 0
7887 309.145 8.20671 0.01 1 86 0
7890 311.587 8.14069 0.01 1 72 0
7892 309.58 7.96252 0.01 1 72 0
7899 312.713 7.98048 0.01 1 85 0
7901 306.06 8.03528 0.01 1 58 0
7904 309.18 8.20671 0.01 1 85 0
7909 309.321 8.17581 0.01 1 85 0
7930 303.763 7.97666 0.01 1 58 0
7938 304.936 7.94305 0.01 1 72 0
7965 306.06 8.03017 0.01 1 58 0
7968 307.094 8.03876 0.01 1 58 0
7972 309.321 8.17581 0.01 1 85 0
7982 306.06 8.13884 0.01 1 57 0
7995 309.321 8.17581 0.01 1 85 0
8026 309.321 8.17581 0.01 1 85 0
8041 306.06 7.82609 0.01 1 57 0
8047 309.776 7.93442 0.01 1 72 0
8053 306.06 8.03528 0.01 1 58 0
8070 309.776 8.04344 0.01 1 72 0
8075 306.06 7.82609 0.01 1 57 0
8094 308.946 7.77285 0.01 1 72 0
8104 309.145 8.20671 0.01 1 86 0
8111 306.06 7.91129 0.01 1 58 0
8120 306.623 7.98115 0.01 1 57 0
8136 307.308 7.83062 0.01 1 72 0
8144 307.895 8.20671 0.01 1 85 0
8148 307.586 7.90413 0.01 1 72 0
8152 309.321 8.17581 0.01 1 85 0
8161 306.06 8.03528 0.01 1 57 0
8165 306.06 8.03528 0.01 1 58 0
8176 307.586 7.90413 0.01 1 72 0
8177 306.06 8.13884 0.01 1 56 0
8184 308.171 8.17581 0.01 1 86 -0.0167105
8190 309.776 8.04344 0.01 1 72 0
8198 303.763 7.97666 0.01 1 58 0
8210 306.06 7.91129 0.01 1 58 0
8218 306.06 8.03528 0.01 1 57 0
8221 309.321 8.17581 0.01 1 85 0
8232 309.145 8.20671 0.01 1 86 0
8236 309.321 8.20671 0.01 1 85 0
8237 306.06 7.82609 0.01 1 57 0
8244 306.06 8.14069 0.01 1 58 0.000555918
8250 305.714 7.91129 0.01 1 58 0
8257 306.06 7.82609 0.01 1 58 0
8258 309.918 7.82458 0.01 1 72 0
8264 306.623 7.98115 0.01 1 57 0
8286 309.321 8.17581 0.01 1 86 0
8301 308.032 8.09602 0.01 1 72 0
8305 309.321 8.17581 0.01 1 85 0
8319 309.321 8.17581 0.01 1 85 0
8349 307.972 8.29869 0.01 1 72 0
8351 311.759 8.17581 0.01 1 85 0
8375 306.06 8.13884 0.01 1 57 0
8392 311.587 8.14069 0.01 1 72 0
8408 306.923 8.137 0.01 1 72 0
8409 303.763 7.97666 0.01 1 58 0
8432 312.448 8.00804 0.01 1 72 0
8433 304.422 7.74348 0.01 1 58 0
8438 306.06 7.91129 0.01 1 58 0
8439 303.763 7.97666 0.01 1 58 0
8447 307.541 7.95958 0.01 1 72 0
8459 306.06 8.03528 0.01 1 58 0
8460 306.06 8.03876 0.01 1 58 0
8461 306.06 7.91129 0.01 1 58 0
8463 306.06 7.91129 0.01 1 58 0
8465 306.06 8.03528 0.01 1 57 0
8471 310.584 8.04732 0.01 1 72 0
8473 309.776 8.04344 0.01 1 72 0
8474 306.06 7.91129 0.01 1 57 0
8478 311.759 8.17581 0.01 1 85 0
8481 309.145 8.20671 0.01 1 86 0
8501 306.06 8.03528 0.01 1 58 0
8503 308.068 7.76089 0.01 1 72 0
8504 307.972 8.29869 0.01 1 72 0
8505 309.856 8.20671 0.01 1 86 0.00744513
8516 306.06 7.91129 0.01 1 58 0
8526 311.083 8.20111 0.01 1 72 0
8528 304.944 7.91129 0.01 1 58 0
8533 309.983 8.42698 0.01 1 72 0
8537 309.983 8.42698 0.01 1 72 0
8541 309.321 8.17581 0.01 1 85 0
8548 308.972 8.07511 0.01 1 72 0
8550 305.733 8.0919 0.01 1 72 0
8552 306.06 7.87203 0.01 1 56 0
8556 309.758 8.49577 0.01 1 72 0
8567 306.06 7.86239 0.01 1 58 0
8576 309.918 7.81056 0.01 1 72 0
8592 306.06 8.03528 0.01 1 58 0
8594 306.06 8.03876 0.01 1 58 0
8606 306.06 8.03528 0.01 1 56 0
8634 309.489 8.04691 0.01 1 72 0
8651 306.06 8.03528 0.01 1 57 0
8652 306.06 8.03528 0.01 1 57 0
8661 311.587 8.14069 0.01 1 72 0
8678 306.06 7.91129 0.01 1 58 0
8695 306.06 7.91129 0.01 1 57 0
8726 306.06 7.91129 0.01 1 57 0
8733 309.321 8.17581 0.01 1 85 0
8737 310.26 8.34096 0.01 1 72 4.92483e-05
8738 306.06 7.82609 0.01 1 56 0
8750 306.06 8.07044 0.01 1 58 0
8757 307.541 7.95958 0.01 1 72 0
8779 306.06 8.03528 0.01 1 57 0
8794 308.201 7.81954 0.01 1 72 0
8810 309.321 8.17581 0.01 1 86 0
8816 309.321 8.17581 0.01 1 85 0
8818 306.06 7.68352 0.01 1 58 0
8840 306.06 8.03528 0.01 1 57 0
8866 310.584 8.04732 0.01 1 72 0
8872 310.584 8.04732 0.01 1 72 0
8896 306.06 8.03528 0.01 1 57 0
8936 306.06 7.91129 0.01 1 57 0
8940 303.763 7.8032 0.01 1 58 0
8944 309.96 8.04691 0.01 1 72 0
8949 306.06 8.03528 0.01 1 58 0
8964 309.983 8.42698 0.01 1 72 0
8973 308.068 7.76089 0.01 1 72 0
8981 307.972 8.29869 0.01 1 72 0
8990 310.669 8.2707 0.01 1 85 -0.0119027
8994 306.06 7.91129 0.01 1 58 0
9000 306.06 7.87203 0.01 1 58 0
9001 308.171 8.17581 0.01 1 86 0
9015 309.489 8.04691 0.01 1 72 0
9036 306.06 8.13884 0.01 1 58 0
9055 306.06 7.91129 0.01 1 57 0
9063 308.068 7.94668 0.01 1 72 0
9064 306.054 8.03528 0.01 1 58 0
9068 309.321 8.17581 0.01 1 85 0
9073 309.489 8.10172 0.01 1 72 0
9098 306.06 7.82609 0.01 1 57 0
9102 306.06 8.03528 0.01 1 57 0
9122 305.655 7.91129 0.01 1 57 0
9126 306.923 8.137 0.01 1 72 -0.00452542
9147 306.06 8.13884 0.01 1 57 0
9161 308.46 7.74341 0.01 1 72 0
9173 309.321 8.17581 0.01 1 86 0
9178 305.714 7.91129 0.01 1 58 0
9181 306.06 7.91129 0.01 1 58 0
9187 307.278 7.91129 0.01 1 58 0
9189 306.06 7.82609 0.01 1 57 0
9192 309.776 7.93442 0.01 1 72 0
9206 311.587 8.14069 0.01 1 72 0
9207 310.741 8.14608 0.01 1 85 0
9213 306.06 8.07044 0.01 1 56 0
9221 309.321 8.17581 0.01 1 85 0
9222 309.489 8.10172 0.01 1 72 0
9231 306.06 8.03528 0.01 1 58 0
9242 306.06 7.91129 0.01 1 57 0
9244 306.06 8.03528 0.01 1 57 0
9248 306.06 7.86239 0.01 1 57 0
9251 310.584 8.04732 0.01 1 72 0
9258 309.321 8.17581 0.01 1 86 0
9263 311.766 8.2707 0.01 1 86 0
9276 306.06 7.91129 0.01 1 58 0
9284 306.06 8.03528 0.01 1 57 0
9286 306.06 7.91129 0.01 1 57 0
9289 309.489 8.08827 0.01 1 72 -1.20699e-06
9295 309.569 7.96981 0.01 1 72 0
9298 309.489 8.04691 0.01 1 72 0
9302 306.06 8.13884 0.01 1 57 0
9319 306.06 8.03528 0.01 1 58 0
9340 312.387 8.04732 0.01 1 72 0
9353 311.587 8.14069 0.01 1 72 0
9378 306.06 7.87203 0.01 1 58 0
9382 306.06 7.82609 0.01 1 58 0
9384 306.06 7.91129 0.01 1 58 0
9389 306.06 7.91129 0.01 1 58 0
9391 306.06 7.91129 0.01 1 58 0
9392 306.06 8.13884 0.01 1 57 0
9400 311.766 8.2707 0.01 1 85 0
9404 309.489 8.10172 0.01 1 72 0
9405 308.06 7.94668 0.01 1 72 0
9410 306.06 7.91129 0.01 1 58 0
9419 306.06 8.03528 0.01 1 58 0
9442 311.587 8.14069 0.01 1 72 0
9444 306.06 7.82609 0.01 1 57 0
9446 306.06 8.03528 0.01 1 58 0
9454 306.06 8.03528 0.01 1 58 0
9457 309.321 8.20671 0.01 1 85 0
9462 306.06 7.98423 0.01 1 58 0
9465 309.039 8.30713 0.01 1 72 0
9473 306.06 7.91129 0.01 1 58 0
9481 306.06 8.13884 0.01 1 57 0
9484 311.389 8.65604 0.01 1 72 0
9498 307.541 8.23147 0.01 1 72 0
9501 306.06 7.87203 0.01 1 57 0
9503 306.06 7.91129 0.01 1 57 0
9506 309.489 8.04691 0.01 1 72 0
9518 311.766 8.2707 0.01 1 85 0
9528 306.623 7.98115 0.01 1 57 0
9529 309.58 7.96252 0.01 1 72 0
9537 308.477 7.83062 0.01 1 72 0.00414167
9543 306.06 7.91129 0.01 1 58 0
9558 306.06 8.13884 0.01 1 57 0
9560 306.06 8.03528 0.01 1 57 0
9562 308.629 8.26375 0.01 1 72 0
9583 308.923 7.96469 0.01 1 72 0
9593 311.759 8.17581 0.01 1 85 0
9607 303.763 7.97666 0.01 1 58 0
9617 306.06 7.91129 0.01 1 57 0
9619 311.759 8.17581 0.01 1 85 0
9623 306.06 8.03528 0.01 1 58 0
9624 306.06 7.91129 0.01 1 58 0
9635 306.06 8.13884 0.01 1 57 0
9639 305.744 7.91129 0.01 1 58 0.00346084
9654 306.06 8.03528 0.01 1 56 0
9663 306.06 8.03528 0.01 1 58 0
9664 308.012 8.26338 0.01 1 72 0
9667 308.684 8.26338 0.01 1 72 0
9671 306.06 8.13884 0.01 1 57 0
9672 304.944 7.91129 0.01 1 58 0.011218
9673 311.766 8.2707 0.01 1 85 0
9698 305.714 7.91129 0.01 1 58 0
9722 309.321 8.17581 0.01 1 85 0
9730 306.06 7.91129 0.01 1 58 0
9733 309.321 8.17581 0.01 1 85 0
9737 303.763 7.97666 0.01 1 58 0
9738 306.06 8.13884 0.01 1 58 0
9743 306.552 7.91129 0.01 1 56 -0.00661992
9750 309.321 8.17581 0.01 1 85 0
9759 309.321 8.20671 0.01 1 85 0
9765 306.06 8.03528 0.01 1 57 0
9772 306.06 8.03528 0.01 1 58 0
9774 306.06 7.91129 0.01 1 58 0
9777 306.06 7.91129 0.01 1 56 0
9780 306.06 8.03528 0.01 1 58 0
9781 310.622 8.19658 0.01 1 72 0.00196636
9782 306.06 8.03528 0.01 1 58 0
9787 306.06 8.03528 0.01 1 58 0
9788 304.786 8.16072 0.01 1 72 0
9801 309.918 7.81056 0.01 1 72 0
9804 309.321 8.24678 0.01 1 85 0
9821 309.983 8.42698 0.01 1 72 0
9836 306.623 7.98115 0.01 1 57 0
9838 305.714 7.91129 0.01 1 58 0
9839 309.321 8.17581 0.01 1 85 0
9859 306.06 8.03528 0.01 1 57 0
9871 306.06 8.03528 0.01 1 58 0
9875 306.06 8.03528 0.01 1 57 0
9876 306.06 8.03528 0.01 1 57 0
9881 309.18 8.20671 0.01 1 85 0
9882 303.763 8.0548 0.01 1 58 0
9898 309.569 7.96981 0.01 1 72 0
9899 306.06 7.68352 0.01 1 57 0
9926 311.759 8.17581 0.01 1 86 0
9930 306.06 8.03876 0.01 1 58 0
9934 312.713 7.98048 0.01 1 85 0
9939 309.58 7.96252 0.01 1 72 0
9946 306.06 8.03528 0.01 1 58 0
9950 311.766 8.2707 0.01 1 86 0
9969 306.06 8.03528 0.01 1 57 0
9976 311.759 8.17581 0.01 1 86 0
9977 309.489 8.10172 0.01 1 72 0
9978 311.759 8.17581 0.01 1 85 0
9981 306.06 7.91129 0.01 1 58 0
9987 303.763 7.8032 0.01 1 58 0
9988 308.629 8.26375 0.01 1 72 0
9991 309.321 8.17581 0.01 1 85 0
9999 303.763 8.08003 0.01 1 58 0
10003 309.321 8.20671 0.01 1 86 0
10008 306.06 7.91129 0.01 1 58 0
10013 309.145 8.20671 0.01 1 86 0
10024 308.166 8.09602 0.01 1 72 0
10027 308.166 8.09602 0.01 1 72 0
10036 311.587 8.14069 0.01 1 72 0
10045 312.713 7.98048 0.01 1 85 0
10050 306.06 7.91129 0.01 1 57 0
10051 306.06 8.03528 0.01 1 58 0
10058 306.06 8.03528 0.01 1 57 0
10061 310.311 8.08998 0.01 1 72 0
10064 306.06 8.03528 0.01 1 57 0
10079 306.06 8.03528 0.01 1 57 0
10081 311.594 8.17581 0.01 1 85 0
10099 307.586 7.90413 0.01 1 72 0
10101 309.569 7.96981 0.01 1 72 0
10103 312.713 7.98048 0.01 1 85 0
10115 306.06 8.03528 0.01 1 58 0
10116 306.06 8.03528 0.01 1 58 0
10126 306.06 8.03528 0.01 1 57 0
10128 303.763 7.97666 0.01 1 57 0
10130 306.06 7.91129 0.01 1 57 0
10134 307.854 7.92381 0.01 1 58 0
10143 311.766 8.2707 0.01 1 86 0
10150 306.06 7.91129 0.01 1 58 0
10167 306.06 7.91129 0.01 1 58 0
10169 309.18 8.20671 0.01 1 85 0
10174 306.06 7.86239 0.01 1 58 0
10184 306.06 7.91129 0.01 1 58 0
10193 308.166 8.09602 0.01 1 72 0
10196 306.06 8.03528 0.01 1 58 0
10212 310.584 8.04732 0.01 1 72 0
10219 309.443 8.19192 0.01 1 72 0
10230 306.814 8.13884 0.01 1 56 0
10240 303.763 7.97666 0.01 1 58 0
10243 309.776 7.95179 0.01 1 72 0
10245 307.972 8.29869 0.01 1 72 0
10248 306.06 8.13884 0.01 1 57 0
10249 306.06 8.07044 0.01 1 56 0
10269 306.552 8.0919 0.01 1 72 0
10271 307.834 7.77285 0.01 1 72 0
10303 306.06 7.91129 0.01 1 58 0
10314 306.491 8.13884 0.01 1 57 0
10317 306.06 8.03528 0.01 1 58 0
10328 307.687 8.17581 0.01 1 85 0
10329 308.779 8.08303 0.01 1 72 0
10347 309.6 7.96252 0.01 1 72 -3.61949e-05
10363 309.489 8.10172 0.01 1 72 0
10367 306.06 8.03528 0.01 1 57 0
10380 308.342 7.93211 0.01 1 72 0
10391 306.06 8.03528 0.01 1 56 0
10409 306.06 8.13884 0.01 1 57 0
10412 306.06 7.73877 0.01 1 58 -0.00103091
10415 306.06 7.91129 0.01 1 58 0
10422 306.06 8.03528 0.01 1 57 0
10429 306.06 8.13884 0.01 1 58 0
10434 309.321 8.17581 0.01 1 86 0
10449 309.983 8.42698 0.01 1 72 0
10452 311.389 8.66318 0.01 1 72 0
10461 311.594 8.17581 0.01 1 85 0
10468 309.489 8.04691 0.01 1 72 0
10469 303.935 8.03876 0.01 1 58 0
10472 309.6 7.96252 0.01 1 72 0
10481 306.054 8.03528 0.01 1 57 0
10483 307.158 8.12509 0.01 1 72 0
10486 306.06 8.03528 0.01 1 57 0
10504 306.923 8.137 0.01 1 72 0
10509 309.321 8.17581 0.01 1 86 0
10515 306.06 8.03528 0.01 1 58 0
10516 306.06 7.91129 0.01 1 57 0
10519 306.523 8.03528 0.01 1 58 0
10522 306.06 8.03528 0.01 1 57 0
10526 309.489 8.04691 0.01 1 72 0
10530 306.623 7.98115 0.01 1 57 0
10534 306.06 7.91129 0.01 1 58 0
10547 303.763 7.8032 0.01 1 58 0
10550 308.924 8.03876 0.01 1 58 0
10560 306.06 8.13884 0.01 1 58 0
10561 309.321 8.20671 0.01 1 85 0
10583 310.584 8.04732 0.01 1 72 0
10584 309.489 8.04691 0.01 1 72 0
10589 309.918 7.81056 0.01 1 72 0
10600 311.389 8.65604 0.01 1 72 0
10603 310.823 8.04127 0.01 1 72 0
10610 306.302 8.05411 0.01 1 58 0
10615 307.854 7.92381 0.01 1 58 0
10620 306.06 7.91129 0.01 1 56 0
10632 306.06 7.68352 0.01 1 57 0
10646 309.489 8.02244 0.01 1 72 0
10652 306.06 7.82609 0.01 1 58 0
10667 306.06 8.13884 0.01 1 57 0
10672 306.06 7.91129 0.01 1 58 0
10676 309.321 8.17581 0.01 1 87 0
10677 306.623 8.21663 0.01 1 57 0.00189319
10682 309.321 8.17581 0.01 1 85 0
10692 307.308 7.83062 0.01 1 72 0
10694 303.931 7.91129 0.01 1 56 0
10699 303.763 7.8032 0.01 1 58 0
10704 309.983 8.42698 0.01 1 72 0
10717 303.763 7.97666 0.01 1 58 0
10725 309.321 8.17581 0.01 1 85 0
10731 309.776 8.04344 0.01 1 72 0
10735 306.06 8.03876 0.01 1 58 0
10776 307.308 7.83062 0.01 1 72 0
10779 306.06 7.91129 0.01 1 58 0
10780 309.321 8.17581 0.01 1 86 0
10783 309.145 8.20671 0.01 1 86 0
10784 306.06 8.03528 0.01 1 58 0
10785 309.145 8.20671 0.01 1 86 0
10789 306.623 7.98115 0.01 1 57 0
10798 308.923 7.96469 0.01 1 72 0
10799 306.06 8.03017 0.01 1 58 0
10807 306.06 8.03528 0.01 1 57 0
10808 306.06 8.03528 0.01 1 58 0
10812 309.321 8.2991 0.01 1 85 0
10815 309.321 8.17581 0.01 1 86 0
10817 306.06 7.91129 0.01 1 58 0
10833 306.06 8.13884 0.01 1 57 0
10842 306.06 8.03528 0.01 1 58 0
10847 309.321 8.20671 0.01 1 85 0
10851 306.06 7.91129 0.01 1 57 0
10854 306.797 7.87185 0.01 1 72 0
10856 307.541 7.93218 0.01 1 72 0
10882 309.321 8.17581 0.01 1 85 0
10892 306.06 8.07044 0.01 1 56 0
10903 306.06 7.92924 0.01 1 56 0.000149906
10919 306.06 8.13884 0.01 1 57 0
10926 306.06 8.03528 0.01 1 57 0
10932 306.06 8.03528 0.01 1 57 0
10947 309.983 8.42698 0.01 1 72 0
10950 306.06 7.82609 0.01 1 57 0
10953 303.763 7.97666 0.01 1 58 0
10955 306.06 8.03528 0.01 1 58 0
10958 306.699 7.83134 0.01 1 72 0
10961 308.46 7.74341 0.01 1 72 0
10962 306.06 7.91129 0.01 1 57 0
10974 306.06 8.07044 0.01 1 56 0
10983 310.741 8.14608 0.01 1 85 0
10987 303.763 7.97666 0.01 1 58 0
11003 309.489 8.04691 0.01 1 72 0
11006 306.06 7.68352 0.01 1 57 0
11017 308.166 8.09602 0.01 1 72 0
11032 309.776 8.00839 0.01 1 72 0
11042 309.145 8.20671 0.01 1 87 0
11046 310.539 7.98608 0.01 1 72 0
11050 309.321 8.17581 0.01 1 85 0
11057 306.06 8.03876 0.01 1 58 0
11071 309.489 8.00958 0.01 1 72 -7.13766e-06
11072 310.66 7.92606 0.01 1 85 0
11075 306.06 7.91129 0.01 1 58 0
11081 303.763 7.8032 0.01 1 58 0
11094 306.623 8.03528 0.01 1 57 0
11095 306.06 8.03528 0.01 1 58 0
11101 309.039 8.30713 0.01 1 72 0
11104 306.06 8.13884 0.01 1 57 0
11105 309.489 8.10172 0.01 1 72 0
11109 308.629 8.26375 0.01 1 72 0
11113 309.96 8.04691 0.01 1 72 0
11128 303.763 7.97666 0.01 1 58 0
11137 309.321 8.20671 0.01 1 86 0
11142 303.763 8.0548 0.01 1 57 0
11159 309.321 8.17581 0.01 1 86 0
11168 306.06 7.82609 0.01 1 58 0
11170 303.763 7.8032 0.01 1 58 0
11171 309.58 7.96252 0.01 1 72 0
11175 303.935 8.03876 0.01 1 58 0
11178 306.06 8.03528 0.01 1 58 0
11232 311.609 7.93442 0.01 1 72 0
11234 309.321 8.20671 0.01 1 85 0
11252 308.946 7.77285 0.01 1 72 0
11259 306.06 8.03528 0.01 1 58 0
11268 309.776 7.93442 0.01 1 72 0
11269 306.06 8.13884 0.01 1 57 0
11275 306.06 8.07044 0.01 1 56 0
11283 305.714 7.91129 0.01 1 58 0
11288 307.541 8.23147 0.01 1 72 0
11293 306.06 8.03528 0.01 1 58 0
11317 306.06 8.13884 0.01 1 58 0
11319 306.06 7.91129 0.01 1 58 0
11321 309.321 8.17581 0.01 1 85 0
11327 308.545 8.17327 0.01 1 72 0
11352 309.145 8.23347 0.01 1 87 0
11358 309.321 8.17581 0.01 1 85 0
11365 306.06 8.03528 0.01 1 58 0
11383 306.06 8.13884 0.01 1 56 0
11388 309.918 7.81056 0.01 1 72 0
11391 310.584 8.04732 0.01 1 72 0
11400 311.766 8.2707 0.01 1 86 0
11403 309.321 8.20671 0.01 1 85 0
11404 309.145 8.20671 0.01 1 86 0
11411 306.06 8.03876 0.01 1 58 0
11413 309.321 8.17581 0.01 1 86 0
11417 306.06 8.03528 0.01 1 57 0
11418 303.763 7.97666 0.01 1 58 0
11419 309.758 8.49577 0.01 1 72 0
11434 311.766 8.2707 0.01 1 85 0
11439 307.541 7.95958 0.01 1 72 0
11442 305.714 7.91129 0.01 1 58 0
11448 306.06 7.91129 0.01 1 58 0
11461 306.06 7.91129 0.01 1 58 0
11466 309.489 8.10172 0.01 1 72 0
11479 303.763 7.97666 0.01 1 58 0
11484 309.6 7.96252 0.01 1 72 0
11495 303.763 7.97666 0.01 1 58 0
11505 306.06 7.82609 0.01 1 58 0
11509 311.766 8.2707 0.01 1 86 0
11520 311.759 8.17581 0.01 1 85 0
11526 306.06 7.91129 0.01 1 58 0
11544 309.602 8.17581 0.01 1 85 0
11562 303.328 8.0919 0.01 1 72 0
11563 309.983 8.42698 0.01 1 72 0
11570 306.06 7.91129 0.01 1 56 0
11572 306.06 7.86239 0.01 1 58 0
11573 306.06 7.91129 0.01 1 58 0
11577 309.489 8.04691 0.01 1 72 0
11585 306.06 7.86239 0.01 1 58 0
11586 306.06 8.13884 0.01 1 58 0
11591 311.083 8.20111 0.01 1 72 0
11594 306.06 8.03528 0.01 1 57 0
11595 309.145 8.23347 0.01 1 87 0
11600 308.012 8.26338 0.01 1 72 0
11604 306.06 8.03876 0.01 1 58 0
11613 306.06 7.91129 0.01 1 58 0
11630 312.713 7.98048 0.01 1 85 0
11631 309.953 8.17581 0.01 1 85 0
11635 309.489 8.04691 0.01 1 72 0
11642 311.594 8.17581 0.01 1 85 0
11647 309.321 8.17581 0.01 1 86 0
11652 306.06 8.03528 0.01 1 57 0
11654 306.054 8.03528 0.01 1 57 0
11655 306.06 7.91129 0.01 1 57 0
11666 309.321 8.08941 0.01 1 86 -0.00101617
11674 306.06 7.91129 0.01 1 57 0
11686 309.321 8.27852 0.01 1 86 0.000818446
11696 306.06 7.91129 0.01 1 58 0
11701 305.714 7.91129 0.01 1 58 0
11707 306.06 8.13884 0.01 1 57 0
11716 306.06 8.03528 0.01 1 57 0
11729 307.972 8.29869 0.01 1 72 0
