max_pf 68 min_pf 53
individual DHm DSm DCp disp_rate patch_no b_patch_no mut_eff DDHm DDCp
14 0.588488 -0.000943976 -0.0169418 0.01 54 54 0 0 0
18 0.58468 -0.000955514 -0.078177 0.01 54 54 0 0 0
19 0.614322 -0.00086569 -0.0583782 0.01 54 55 0 0 0
20 0.599254 -0.000911352 -0.0198903 0.01 68 68 0 0 0
22 0.58468 -0.000955514 -0.078177 0.01 55 55 0 0 0
23 0.594374 -0.000926139 -0.027821 0.01 67 67 0 0 0
28 0.637411 -0.000795724 -0.0908979 0.01 55 55 0.00102875 -0.00171173 0
31 0.591903 -0.000933626 -0.027821 0.01 68 68 0 0 0
33 0.601084 -0.000905808 -0.041546 0.01 66 66 0 0 0
36 0.599254 -0.000911352 -0.0198903 0.01 68 68 0 0 0
46 0.601084 -0.000905808 -0.041546 0.01 66 66 0 0 0
54 0.635924 -0.00080023 -0.0622157 0.01 60 60 0 0 0
65 0.624624 -0.000834473 -0.0677656 0.01 53 53 0 0 0
66 0.577972 -0.000975843 -0.0169418 0.01 60 60 0 0 0
68 0.619343 -0.000850476 -0.0869819 0.01 54 54 0 0 0
69 0.554544 -0.00104684 -0.0313481 0.01 60 60 0 0 0
70 0.588168 -0.000944947 -0.0448444 0.01 60 61 0 0 0
72 0.578597 -0.000973949 -0.0247574 0.01 55 55 0 0 0
75 0.559409 -0.00103209 -0.0379843 0.01 55 55 0 0 0
77 0.650749 -0.000755307 -0.0619089 0.01 67 67 0 0 0
81 0.60099 -0.000906091 -0.0242978 0.01 55 55 0 0 0
82 0.58468 -0.000955514 -0.078177 0.01 55 55 0 0 0
83 0.560035 -0.0010302 -0.0239343 0.01 60 60 0 0 0
90 0.651251 -0.000753784 -0.0676825 0.01 55 55 0 0 0
92 0.554544 -0.00104684 -0.0313481 0.01 60 60 0 0 0
94 0.58731 -0.000947545 -0.0169418 0.01 55 55 0 0 0
96 0.635078 -0.000802792 -0.0753484 0.01 55 55 0 0 0
100 0.600174 -0.000908563 -0.00662157 0.01 60 60 0.00302972 0 0.0219996
101 0.594374 -0.000926139 -0.027821 0.01 67 67 0 0 0
102 0.596098 -0.000920914 -0.027821 0.01 66 66 0 0 0
108 0.614186 -0.000866104 -0.0622157 0.01 54 55 0 0 0
110 0.624624 -0.000834473 -0.0677656 0.01 55 55 0 0 0
117 0.594374 -0.000926139 -0.027821 0.01 66 66 0 0 0
118 0.586696 -0.000949406 -0.0311095 0.01 54 54 0 0 0
119 0.588445 -0.000944107 -0.0284861 0.01 60 60 0 0 0
120 0.559409 -0.00103209 -0.0379843 0.01 55 55 0 0 0
123 0.628524 -0.000822656 -0.0536026 0.01 55 55 0 0 0
126 0.588168 -0.000944947 -0.0448444 0.01 60 60 0 0 0
130 0.566217 -0.00101146 -0.0313481 0.01 60 60 0.00180787 -0.0021801 0
131 0.582921 -0.000960846 -0.0206037 0.01 53 53 0 0 0
133 0.586696 -0.000949406 -0.0311095 0.01 54 54 0 0 0
135 0.568499 -0.00100455 -0.0206037 0.01 53 53 0 0 0
136 0.594374 -0.000926139 -0.027821 0.01 67 67 0 0 0
138 0.635759 -0.000800731 -0.0033662 0.01 66 65 0 0 0
143 0.59955 -0.000910454 -0.0722684 0.01 60 60 0 0 0
146 0.601084 -0.000905808 -0.0438489 0.01 60 60 0 0 0
148 0.586696 -0.000949406 -0.0311095 0.01 54 54 0 0 0
153 0.596098 -0.000920914 -0.027821 0.01 66 66 0 0 0
160 0.593287 -0.000929435 -0.0379843 0.01 60 60 0 0 0
162 0.599254 -0.000911352 -0.0198903 0.01 68 68 0 0 0
163 0.639123 -0.000790537 -0.0940059 0.01 55 55 0 0 0
171 0.584691 -0.000955483 -0.059493 0.01 55 55 0 0 0
174 0.564943 -0.00101532 -0.05374 0.01 60 60 0 0 0
175 0.586696 -0.000949406 -0.0311095 0.01 53 53 0 0 0
179 0.624624 -0.000834473 -0.0677656 0.01 54 54 0 0 0
181 0.624624 -0.000834473 -0.052594 0.01 54 54 0 0 0.0151716
182 0.559409 -0.00103209 -0.0379843 0.01 54 54 0 0 0
205 0.586696 -0.000949406 -0.0311095 0.01 55 55 0 0 0
206 0.605734 -0.000891714 -0.0938615 0.01 53 53 0 0 0
207 0.598192 -0.000914569 -0.0379843 0.01 60 60 0 0 0
210 0.58468 -0.000955514 -0.078177 0.01 54 54 0 0 0
212 0.581846 -0.000964102 -0.0580745 0.01 60 60 -0.000618219 0 -0.00433453
213 0.583596 -0.0009588 -0.0169418 0.01 55 55 0 0 0
220 0.641597 -0.000783039 -0.0789017 0.01 55 55 0 0 0
221 0.646867 -0.000767069 -0.0515164 0.01 55 55 0 0 0
227 0.601084 -0.000905808 -0.0407183 0.01 60 60 0 0 0
230 0.632707 -0.000809977 -0.108248 0.01 55 55 0 0 0
233 0.599254 -0.000911352 -0.0219639 0.01 67 67 0 0 0
237 0.578597 -0.000973949 -0.0169418 0.01 60 60 0 0 0
238 0.594374 -0.000926139 -0.027821 0.01 66 65 0 0 0
240 0.555717 -0.00104328 -0.0313481 0.01 60 60 0 0 0
243 0.555717 -0.00104328 -0.0313481 0.01 60 60 0 0 0
245 0.60099 -0.000906091 -0.0242978 0.01 54 54 0 0 0
248 0.599254 -0.000911352 -0.0219639 0.01 66 66 0 0 0
249 0.596098 -0.000920914 -0.027821 0.01 66 66 0 0 0
255 0.638795 -0.000791531 -0.074109 0.01 55 55 0 0 0
267 0.588445 -0.000944107 -0.0284861 0.01 60 60 0 0 0
274 0.576846 -0.000979255 -0.027821 0.01 66 66 0 0 0
275 0.590057 -0.00093922 -0.00442329 0.01 55 55 0 0 0
276 0.591903 -0.000933626 -0.027821 0.01 66 66 0 0 0
277 0.596098 -0.000920914 -0.027821 0.01 66 66 0 0 0
279 0.588168 -0.000944947 -0.0448444 0.01 60 60 0 0 0
281 0.588173 -0.00094493 -0.0225817 0.01 54 54 0 0 0
285 0.619343 -0.000850476 -0.0869819 0.01 54 54 0 0 0
286 0.615737 -0.000861402 -0.0815116 0.01 55 55 0 0 0
287 0.601084 -0.000905808 -0.0379843 0.01 53 53 0 0 0
289 0.612717 -0.000870555 -0.027821 0.01 66 66 0 0 0
295 0.604712 -0.000894812 -0.0645519 0.01 60 60 0 0 0
299 0.594374 -0.000926139 -0.027821 0.01 66 66 0 0 0
300 0.614186 -0.000866104 -0.0622157 0.01 54 54 0 0 0
311 0.60038 -0.00090794 -0.0379843 0.01 55 55 0 0 0
314 0.586696 -0.000949406 -0.0311095 0.01 54 54 0 0 0
317 0.623455 -0.000838014 -0.10108 0.01 54 54 0 0 0
320 0.581822 -0.000964175 -0.0583782 0.01 55 55 0 0 0
322 0.601084 -0.000905808 -0.041546 0.01 66 66 0 0 0
325 0.613868 -0.000867068 -0.0638419 0.01 55 55 0 0 0
336 0.626641 -0.000828362 -0.0515744 0.01 60 60 0 0 0
337 0.58468 -0.000955514 -0.078177 0.01 55 55 0 0 0
338 0.586696 -0.000949406 -0.0311095 0.01 55 55 0 0 0
347 0.591903 -0.000933626 -0.027076 0.01 66 66 0 0 0
352 0.619343 -0.000850476 -0.0869819 0.01 54 54 0 0 0
354 0.586696 -0.000949406 -0.0311095 0.01 53 54 0 0 0
358 0.650749 -0.000755307 -0.0696824 0.01 67 67 -0.00481883 0 -0.00777345
363 0.604135 -0.00089656 -0.0155383 0.01 54 54 0 0 0
364 0.647043 -0.000766535 -0.0464553 0.01 54 54 0 0 0
368 0.628524 -0.000822656 -0.0536026 0.01 55 55 0 0 0
370 0.619343 -0.000850476 -0.0869819 0.01 54 54 0 0 0
377 0.594374 -0.000926139 -0.027821 0.01 67 67 0 0 0
378 0.628524 -0.000822656 -0.0536026 0.01 55 55 0 0 0
386 0.601084 -0.000905808 -0.0379843 0.01 60 60 0 0 0
388 0.591903 -0.000933626 -0.0217736 0.01 66 66 0 0 0
393 0.590057 -0.00093922 -0.0468001 0.01 55 55 0 0 0
403 0.586696 -0.000949406 -0.0311095 0.01 55 55 0 0 0
411 0.599254 -0.000911352 -0.0219639 0.01 66 67 0 0 0
412 0.59204 -0.000933212 -0.0815116 0.01 55 55 0 0 0
413 0.588168 -0.000944947 -0.0448444 0.01 60 60 0 0 0
414 0.591903 -0.000933626 -0.027821 0.01 66 66 0 0 0
417 0.604135 -0.00089656 -0.0311095 0.01 55 55 0 0 0
418 0.604135 -0.00089656 -0.0311095 0.01 55 55 0 0 0
420 0.626415 -0.000829044 -0.0320813 0.01 66 65 0 0 0
421 0.616772 -0.000858266 -0.0648291 0.01 55 55 0 0 0
428 0.600174 -0.000908563 -0.0286211 0.01 60 59 0 0 0
432 0.59204 -0.000933212 -0.0815116 0.01 54 54 0 0 0
439 0.559409 -0.00103209 -0.0379843 0.01 54 55 0 0 0
440 0.584761 -0.000955269 -0.0320542 0.01 55 55 0 0 0
444 0.60099 -0.000906091 -0.0242978 0.01 54 54 0 0 0
446 0.593287 -0.000929435 -0.0379843 0.01 60 60 0 0 0
450 0.601084 -0.000905808 -0.0337053 0.01 60 60 0 0 0
452 0.642528 -0.000780218 -0.0583782 0.01 55 55 0 0 0
453 0.643954 -0.000775897 -0.00114156 0.01 68 68 0 0 0
454 0.58731 -0.000947545 -0.0169418 0.01 54 54 0 0 0
458 0.599254 -0.000911352 -0.0219639 0.01 67 67 0 0 0
459 0.63777 -0.000794637 -0.00571193 0.01 60 60 0 0 0
461 0.601084 -0.000905808 -0.041546 0.01 67 67 0 0 0
463 0.594374 -0.000926139 -0.027821 0.01 67 67 0 0 0
464 0.587612 -0.00094663 -0.0717507 0.01 60 60 0 0 0
465 0.615632 -0.00086172 -0.0587049 0.01 54 54 0 0 0
468 0.647708 -0.00076452 -0.0583791 0.01 55 55 0 0 0
469 0.625744 -0.000831078 -0.0966658 0.01 55 55 0 0 0
470 0.584691 -0.000955483 -0.059493 0.01 55 55 0 0 0
471 0.568341 -0.00100503 -0.0380254 0.01 60 59 0 0 0
473 0.650749 -0.000755307 -0.0288298 0.01 67 67 0 0 0
474 0.594374 -0.000926139 -0.027821 0.01 67 67 0 0 0
477 0.574852 -0.000985296 -0.0472515 0.01 60 60 0 0 0
482 0.626725 -0.000828106 -0.0147138 0.01 60 60 0 0 0
484 0.576846 -0.000979255 -0.027821 0.01 66 66 0 0 0
485 0.581846 -0.000964102 -0.05374 0.01 60 60 0 0 0
493 0.601084 -0.000905808 -0.0339708 0.01 60 60 0 0 0
499 0.650749 -0.000755307 -0.0619089 0.01 67 67 0 0 0
500 0.586696 -0.000949406 -0.0311095 0.01 55 54 0 0 0
506 0.555717 -0.00104328 -0.0313481 0.01 60 59 0 0 0
508 0.619343 -0.000850476 -0.0869819 0.01 54 54 0 0 0
513 0.647043 -0.000766535 -0.0464553 0.01 54 54 0 0 0
521 0.60348 -0.000898545 -0.0379843 0.01 54 54 -0.012902 0.0187897 0
526 0.584691 -0.000955483 -0.0379843 0.01 55 54 0 0 0
527 0.554544 -0.00104684 -0.0313481 0.01 60 60 0 0 0
531 0.650749 -0.000755307 -0.0619089 0.01 67 67 0 0 0
534 0.605032 -0.000893843 -0.0286211 0.01 54 54 0 0 0
535 0.605734 -0.000891714 -0.0845158 0.01 53 53 0 0 0
536 0.594374 -0.000926139 -0.027821 0.01 66 66 0 0 0
537 0.639955 -0.000788016 -0.0510449 0.01 60 60 0 0 0
540 0.555717 -0.00104328 -0.0313481 0.01 60 60 0 0 0
549 0.599254 -0.000911352 -0.0219639 0.01 66 66 0 0 0
550 0.624012 -0.000836327 -0.0226277 0.01 60 61 0 0 0
552 0.632705 -0.000809984 -0.0583782 0.01 55 55 0 0 0
560 0.58468 -0.000955514 -0.078177 0.01 54 55 0 0 0
565 0.601084 -0.000905808 -0.041546 0.01 66 66 0 0 0
580 0.653134 -0.00074808 -0.0619089 0.01 67 67 0 0 0
581 0.624372 -0.000835236 -0.0483537 0.01 60 60 0 0 0
584 0.596098 -0.000920914 -0.027821 0.01 66 66 0 0 0
585 0.600174 -0.000908563 -0.0286211 0.01 60 60 0 0 0
589 0.599254 -0.000911352 -0.0219639 0.01 67 67 0 0 0
597 0.597799 -0.000915759 -0.0311095 0.01 60 60 0 0 0
600 0.596098 -0.000920914 -0.027821 0.01 66 66 0 0 0
609 0.574852 -0.000985296 -0.0472515 0.01 60 60 0 0 0
617 0.594374 -0.000926139 -0.027821 0.01 66 66 0 0 0
621 0.632707 -0.000809977 -0.108248 0.01 55 55 0 0 0
622 0.632386 -0.000810951 -0.0725234 0.01 55 55 -0.0123846 0.0195079 0
632 0.604712 -0.000894812 -0.0776739 0.01 60 61 0 0 0
634 0.573779 -0.00098855 -0.0379843 0.01 60 59 0 0 0
635 0.610064 -0.000878593 -0.0659811 0.01 60 60 0 0 0
643 0.581846 -0.000964102 -0.05374 0.01 60 61 0 0 0
647 0.586696 -0.000949406 -0.0311095 0.01 55 56 0 0 0
648 0.588157 -0.000944979 -0.0360131 0.01 60 60 0 0 0
649 0.599254 -0.000911352 -0.0198903 0.01 68 68 0 0 0
651 0.619343 -0.000850476 -0.0869819 0.01 55 55 0 0 0
652 0.584691 -0.000955483 -0.0379843 0.01 55 55 0 0 0
653 0.612878 -0.000870066 -0.0725234 0.01 54 55 0 0 0
657 0.601165 -0.000905561 -0.027821 0.01 66 66 -0.00745037 0.00926149 0
659 0.594374 -0.000926139 -0.027821 0.01 67 67 0 0 0
660 0.587612 -0.00094663 -0.0717507 0.01 60 61 0 0 0
661 0.594374 -0.000926139 -0.027821 0.01 67 67 0 0 0
665 0.599254 -0.000911352 -0.0219639 0.01 66 66 0 0 0
670 0.581846 -0.000964102 -0.05374 0.01 60 60 0 0 0
673 0.578597 -0.000973949 -0.0379843 0.01 60 60 0 0 0
675 0.584761 -0.000955269 -0.0320542 0.01 55 55 0 0 0
679 0.578597 -0.000973949 -0.0379843 0.01 55 55 0 0 0
682 0.560035 -0.0010302 -0.0239343 0.01 60 60 0 0 0
688 0.581532 -0.000965053 -0.0380254 0.01 60 60 0 0 0
698 0.559409 -0.00103209 -0.0379843 0.01 54 54 0 0 0
699 0.639123 -0.000790537 -0.0908979 0.01 55 55 0 0 0
702 0.600174 -0.000908563 -0.0286211 0.01 55 55 0 0 0
704 0.591903 -0.000933626 -0.027821 0.01 67 67 0 0 0
706 0.635935 -0.000800196 -0.0462213 0.01 60 59 0 0 0
709 0.590057 -0.00093922 -0.0320542 0.01 55 55 0 0 0
716 0.601084 -0.000905808 -0.0407598 0.01 54 54 0 0 0
717 0.605734 -0.000891714 -0.0646829 0.01 54 54 0 0 0
727 0.632707 -0.000809977 -0.108248 0.01 55 55 0 0 0
728 0.633466 -0.000807679 -0.124141 0.01 54 54 0 0 0
736 0.59204 -0.000933212 -0.0815116 0.01 54 54 0 0 0
739 0.568499 -0.00100455 -0.0206037 0.01 53 53 0 0 0
741 0.601084 -0.000905808 -0.0379843 0.01 53 53 0 0 0
749 0.615737 -0.000861402 -0.0815116 0.01 55 55 0 0 0
750 0.601084 -0.000905808 -0.0379843 0.01 53 53 0 0 0
754 0.560035 -0.0010302 -0.0239343 0.01 60 60 0 0 0
756 0.599254 -0.000911352 -0.0219639 0.01 67 67 0 0 0
762 0.596098 -0.000920914 -0.027821 0.01 66 66 0 0 0
763 0.611841 -0.00087321 -0.0286211 0.01 55 56 0 0 0
764 0.596981 -0.000918241 -0.0198903 0.01 68 68 0.00188318 -0.00227326 0
765 0.586696 -0.000949406 -0.0311095 0.01 55 55 0 0 0
768 0.604135 -0.00089656 -0.0354983 0.01 55 55 0 0 0
772 0.599254 -0.000911352 -0.0219639 0.01 66 66 0 0 0
774 0.559409 -0.00103209 -0.0379843 0.01 53 53 0 0 0
776 0.599254 -0.000911352 -0.0219639 0.01 66 65 0.00315231 0 0.00585711
780 0.643954 -0.000775897 -0.00114156 0.01 67 65 0 0 0
783 0.581846 -0.000964102 -0.05374 0.01 60 60 0 0 0
784 0.601084 -0.000905808 -0.0379843 0.01 55 55 0 0 0
786 0.605734 -0.000891714 -0.0815116 0.01 55 56 0 0 0
787 0.596098 -0.000920914 -0.027821 0.01 66 66 0 0 0
788 0.601084 -0.000905808 -0.0379843 0.01 53 53 0 0 0
789 0.599165 -0.000911621 -0.0169418 0.01 55 55 0 0 0
791 0.650749 -0.000755307 -0.0619089 0.01 67 67 0 0 0
796 0.634548 -0.000804401 -0.0180906 0.01 67 67 0 0 0
798 0.590057 -0.00093922 -0.0320542 0.01 54 54 0 0 0
799 0.624624 -0.000834473 -0.0677656 0.01 55 56 0 0 0
800 0.599254 -0.000911352 -0.0219639 0.01 66 66 0 0 0
804 0.596098 -0.000920914 -0.027821 0.01 66 66 0 0 0
805 0.599254 -0.000911352 -0.0219639 0.01 66 66 0 0 0
809 0.647708 -0.00076452 -0.0583791 0.01 55 55 0 0 0
811 0.643954 -0.000775897 -0.00114156 0.01 68 68 0 0 0
813 0.632705 -0.000809984 -0.0583782 0.01 55 55 0 0 0
815 0.591903 -0.000933626 -0.027821 0.01 66 66 0 0 0
816 0.584691 -0.000955483 -0.0379843 0.01 54 54 0 0 0
819 0.635924 -0.00080023 -0.0622157 0.01 60 60 0 0 0
827 0.593287 -0.000929435 -0.0379843 0.01 60 60 0 0 0
831 0.650749 -0.000755307 -0.0619089 0.01 67 67 0 0 0
832 0.599254 -0.000911352 -0.0219639 0.01 67 67 0 0 0
833 0.591903 -0.000933626 -0.027821 0.01 67 67 0 0 0
835 0.586696 -0.000949406 -0.0311095 0.01 55 56 0 0 0
837 0.601084 -0.000905808 -0.041546 0.01 66 66 0 0 0
840 0.591903 -0.000933626 -0.027821 0.01 66 66 0 0 0
842 0.584691 -0.000955483 -0.0379843 0.01 55 55 0 0 0
843 0.601084 -0.000905808 -0.0337053 0.01 60 60 0 0 0
846 0.61604 -0.000860486 -0.0642615 0.01 55 55 -3.58373e-05 0 -0.0117827
850 0.599254 -0.000911352 -0.0219639 0.01 67 67 0 0 0
851 0.5718 -0.000994547 -0.0292538 0.01 54 54 0 0 0
852 0.594374 -0.000926139 -0.027821 0.01 67 67 0 0 0
853 0.58468 -0.000955514 -0.078177 0.01 54 55 0 0 0
854 0.644466 -0.000774344 -0.021706 0.01 66 66 0 0 0
855 0.619343 -0.000850476 -0.0869819 0.01 54 55 0 0 0
857 0.650603 -0.000755747 -0.0278968 0.01 60 59 0 0 0
858 0.605734 -0.000891714 -0.0815116 0.01 55 55 0 0 0
859 0.591183 -0.000935808 -0.0379843 0.01 55 55 0 0 0
863 0.650749 -0.000755307 -0.0619089 0.01 67 67 0 0 0
864 0.584849 -0.000955002 -0.0379843 0.01 60 60 0 0 0
865 0.619343 -0.000850476 -0.0869819 0.01 54 55 0 0 0
866 0.588488 -0.000943976 -0.0121863 0.01 54 54 0 0 0
867 0.593287 -0.000929435 -0.0379843 0.01 60 60 0 0 0
868 0.601084 -0.000905808 -0.0407183 0.01 60 60 0 0 0
869 0.643954 -0.000775897 -0.00114156 0.01 67 67 0 0 0
870 0.619343 -0.000850476 -0.0869819 0.01 54 54 0 0 0
872 0.599254 -0.000911352 -0.0219639 0.01 66 66 0 0 0
874 0.610064 -0.000878593 -0.0659811 0.01 60 60 0 0 0
876 0.650749 -0.000755307 -0.0714964 0.01 66 67 0 0 0
878 0.568499 -0.00100455 -0.0206037 0.01 60 60 0 0 0
879 0.626725 -0.000828106 -0.0147138 0.01 60 60 0 0 0
882 0.596098 -0.000920914 -0.027821 0.01 66 66 0 0 0
885 0.599254 -0.000911352 -0.0219639 0.01 66 66 0 0 0
887 0.601084 -0.000905808 -0.0257028 0.01 60 61 0 0 0
888 0.599254 -0.000911352 -0.0219639 0.01 67 67 0 0 0
890 0.601084 -0.000905808 -0.041546 0.01 68 65 0 0 0
893 0.633466 -0.000807679 -0.108248 0.01 55 55 0 0 0
895 0.601084 -0.000905808 -0.0339708 0.01 60 60 0 0 0
896 0.628561 -0.000822543 -0.0648291 0.01 55 54 -0.00731829 0.0117888 0
903 0.616772 -0.000858266 -0.0648291 0.01 55 55 0 0 0
904 0.612878 -0.000870066 -0.0815116 0.01 54 54 0 0 0
909 0.584691 -0.000955483 -0.0379843 0.01 54 54 0 0 0
911 0.605734 -0.000891714 -0.0815116 0.01 55 55 0 0 0
914 0.599254 -0.000911352 -0.0219639 0.01 67 66 0 0 0
915 0.559409 -0.00103209 -0.0379843 0.01 55 55 0 0 0
916 0.596098 -0.000920914 -0.027821 0.01 66 66 0 0 0
921 0.568499 -0.00100455 -0.0206037 0.01 53 53 0 0 0
930 0.591903 -0.000933626 -0.027821 0.01 68 68 0 0 0
931 0.566217 -0.00101146 -0.0313481 0.01 60 60 0 0 0
932 0.578597 -0.000973949 -0.0396593 0.01 66 66 0 0 0
934 0.559409 -0.00103209 -0.0379843 0.01 55 55 0 0 0
936 0.59204 -0.000933212 -0.0815116 0.01 54 54 0 0 0
947 0.617346 -0.000856526 -0.0733336 0.01 60 61 0 0 0
950 0.639331 -0.000789905 -0.0077089 0.01 66 66 0 0 0
956 0.601084 -0.000905808 -0.0379843 0.01 60 60 0 0 0
958 0.586696 -0.000949406 -0.0311095 0.01 54 54 0 0 0
962 0.590798 -0.000936974 -0.0468001 0.01 54 54 0 0 0
968 0.650749 -0.000755307 -0.0619089 0.01 67 67 0 0 0
970 0.576846 -0.000979255 -0.027821 0.01 66 66 0 0 0
972 0.642362 -0.000780721 -0.0597337 0.01 55 56 0 0 0
973 0.597799 -0.000915759 -0.0311095 0.01 60 60 0 0 0
974 0.599254 -0.000911352 -0.0219639 0.01 66 66 0 0 0
975 0.594374 -0.000926139 -0.027821 0.01 66 65 0 0 0
978 0.591903 -0.000933626 -0.027076 0.01 66 66 0 0 0
979 0.597799 -0.000915759 -0.0311095 0.01 60 60 0 0 0
980 0.555717 -0.00104328 -0.0313481 0.01 60 60 0 0 0
986 0.586696 -0.000949406 -0.0311095 0.01 54 54 0 0 0
987 0.601084 -0.000905808 -0.0379843 0.01 55 55 0 0 0
988 0.615632 -0.00086172 -0.0587049 0.01 54 54 0 0 0
989 0.624624 -0.000834473 -0.0677656 0.01 54 54 0 0 0
993 0.624624 -0.000834473 -0.0677656 0.01 55 55 0 0 0
1003 0.599165 -0.000911621 -0.0169418 0.01 55 55 0 0 0
1007 0.601084 -0.000905808 -0.0379843 0.01 60 60 0 0 0
1011 0.554544 -0.00104684 -0.0313481 0.01 60 60 0 0 0
1015 0.584691 -0.000955483 -0.0379843 0.01 55 55 0 0 0
1019 0.626725 -0.000828106 -0.00404118 0.01 60 60 0 0 0
1020 0.580099 -0.000969396 -0.0374428 0.01 60 60 0 0 0
1021 0.594374 -0.000926139 -0.027821 0.01 66 66 0 0 0
1031 0.624624 -0.000834473 -0.0677656 0.01 55 55 0 0 0
1032 0.612717 -0.000870555 -0.0299993 0.01 66 66 0 0 0
1033 0.599254 -0.000911352 -0.0219639 0.01 66 66 0 0 0
1034 0.605032 -0.000893843 -0.0286211 0.01 54 54 0 0 0
1035 0.635078 -0.000802792 -0.0753484 0.01 55 55 0 0 0
1036 0.601084 -0.000905808 -0.041546 0.01 66 66 0 0 0
1037 0.568499 -0.00100455 -0.0206037 0.01 53 53 0 0 0
1041 0.581846 -0.000964102 -0.0415726 0.01 60 59 0 0 0
1046 0.586696 -0.000949406 -0.0311095 0.01 54 54 0 0 0
1051 0.616847 -0.00085804 -0.0733336 0.01 60 60 0 0 0
1060 0.584691 -0.000955483 -0.0379843 0.01 55 56 0 0 0
1061 0.58731 -0.000947545 -0.0169418 0.01 55 55 0 0 0
1069 0.60099 -0.000906091 -0.0242978 0.01 55 55 0 0 0
1081 0.59204 -0.000933212 -0.0815116 0.01 54 54 0 0 0
1082 0.58468 -0.000955514 -0.078177 0.01 55 55 0 0 0
1084 0.600174 -0.000908563 -0.0286211 0.01 60 60 0 0 0
1091 0.582921 -0.000960846 -0.0206037 0.01 53 53 0 0 0
1092 0.555717 -0.00104328 -0.0313481 0.01 60 60 0 0 0
1099 0.564433 -0.00101687 -0.0379843 0.01 55 54 0 0 0
1101 0.568499 -0.00100455 -0.0206037 0.01 53 53 0 0 0
1103 0.601084 -0.000905808 -0.0438489 0.01 60 60 0 0 0
1107 0.568499 -0.00100455 -0.0206037 0.01 53 53 0 0 0
1111 0.641456 -0.000783466 -0.0908979 0.01 55 55 0 0 0
1123 0.567325 -0.00100811 -0.050537 0.01 60 60 0 0 0
1126 0.594374 -0.000926139 -0.027821 0.01 66 66 0 0 0
1127 0.605734 -0.000891714 -0.0815116 0.01 55 55 0 0 0
1128 0.599254 -0.000911352 -0.0219639 0.01 67 67 0 0 0
1131 0.61673 -0.000858393 -0.0583782 0.01 55 56 0 0 0
1137 0.639955 -0.000788016 -0.0510449 0.01 60 60 0 0 0
1138 0.591903 -0.000933626 -0.027076 0.01 66 66 0 0 0
1139 0.646867 -0.000767069 -0.0515164 0.01 55 55 0 0 0
1144 0.641456 -0.000783466 -0.104297 0.01 60 60 0 0 0
1145 0.632255 -0.000811347 -0.0677656 0.01 55 55 0 0 0
1146 0.588157 -0.000944979 -0.0379843 0.01 60 60 0 0 0
1148 0.650749 -0.000755307 -0.0619089 0.01 66 66 0 0 0
1149 0.648712 -0.000761479 -0.0583791 0.01 55 55 -0.000582725 0.00100332 0
1153 0.578597 -0.000973949 -0.0169418 0.01 60 59 0 0 0
1154 0.581532 -0.000965053 -0.0380254 0.01 60 60 0 0 0
1156 0.559409 -0.00103209 -0.0379843 0.01 53 53 0 0 0
1159 0.624372 -0.000835236 -0.0645519 0.01 60 60 0 0 0
1161 0.55851 -0.00103482 -0.0379843 0.01 55 55 0 0 0
1168 0.555717 -0.00104328 -0.0313481 0.01 60 60 0 0 0
1169 0.612878 -0.000870066 -0.0815116 0.01 54 56 0 0 0
1177 0.580099 -0.000969396 -0.0374428 0.01 60 60 0 0 0
1180 0.577197 -0.00097819 -0.0116917 0.01 66 66 0 0 0
1190 0.614322 -0.00086569 -0.0491798 0.01 60 60 0 0 0
1191 0.58468 -0.000955514 -0.078177 0.01 55 55 0 0 0
1195 0.586696 -0.000949406 -0.0311095 0.01 54 55 0 0 0
1207 0.584691 -0.000955483 -0.0379843 0.01 55 55 0 0 0
1210 0.554979 -0.00104552 -0.0313481 0.01 60 60 0 0 0
1219 0.591578 -0.000934611 -0.0191914 0.01 55 55 0 0 0
1220 0.576846 -0.000979255 -0.027821 0.01 66 66 0 0 0
1221 0.596098 -0.000920914 -0.027821 0.01 66 66 0 0 0
1228 0.635924 -0.00080023 -0.0622157 0.01 60 60 0 0 0
1229 0.612717 -0.000870555 -0.027821 0.01 66 66 0 0 0
1235 0.596098 -0.000920914 -0.027821 0.01 66 66 0 0 0
1236 0.615737 -0.000861402 -0.0815116 0.01 55 55 0 0 0
1237 0.622682 -0.000840359 -0.0406628 0.01 60 60 0 0 0
1238 0.591578 -0.000934611 -0.0191914 0.01 55 55 0 0 0
1242 0.591903 -0.000933626 -0.027821 0.01 66 65 0 0 0
1252 0.641456 -0.000783466 -0.0908979 0.01 55 55 0 0 0
1253 0.576846 -0.000979255 -0.027821 0.01 66 66 0 0 0
1256 0.628447 -0.000822888 -0.0736253 0.01 60 60 0 0 0
1257 0.624624 -0.000834473 -0.0677656 0.01 55 56 0 0 0
1265 0.586696 -0.000949406 -0.0311095 0.01 55 55 0 0 0
1272 0.586696 -0.000949406 -0.0311095 0.01 54 54 0 0 0
1279 0.559409 -0.00103209 -0.0379843 0.01 53 53 0 0 0
1284 0.624624 -0.000834473 -0.0677656 0.01 55 55 0 0 0
1285 0.568499 -0.00100455 -0.0206037 0.01 60 60 0 0 0
1287 0.559409 -0.00103209 -0.0379843 0.01 55 55 0 0 0
1294 0.60099 -0.000906091 -0.0242978 0.01 55 55 0 0 0
1299 0.601084 -0.000905808 -0.041546 0.01 66 66 0 0 0
1301 0.554544 -0.00104684 -0.0269886 0.01 60 60 0 0 0
1304 0.576658 -0.000979825 -0.027821 0.01 66 66 0.0126888 -0.0152456 0
1309 0.650749 -0.000755307 -0.0619089 0.01 67 67 0 0 0
1312 0.568499 -0.00100455 -0.0206037 0.01 53 53 0 0 0
1313 0.584691 -0.000955483 -0.0379843 0.01 55 55 0 0 0
1314 0.599254 -0.000911352 -0.0219639 0.01 68 68 0 0 0
1318 0.601084 -0.000905808 -0.0455726 0.01 54 54 0 0 -0.00481278
1326 0.624624 -0.000834473 -0.0677656 0.01 54 54 0 0 0
1334 0.610064 -0.000878593 -0.0659811 0.01 60 61 0 0 0
1335 0.559409 -0.00103209 -0.0379843 0.01 53 54 0 0 0
1340 0.650749 -0.000755307 -0.0619089 0.01 67 67 0 0 0
1341 0.628524 -0.000822656 -0.0583782 0.01 53 54 0 0 0
1342 0.639955 -0.000788016 -0.0510449 0.01 60 60 0 0 0
1350 0.60099 -0.000906091 -0.0242978 0.01 55 55 0 0 0
1353 0.578597 -0.000973949 -0.0440127 0.01 60 60 0 0 0
1371 0.58468 -0.000955514 -0.078177 0.01 55 55 0 0 0
1373 0.559409 -0.00103209 -0.0379843 0.01 55 55 0 0 0
1374 0.555717 -0.00104328 -0.0313481 0.01 60 60 0 0 0
1375 0.608584 -0.000883079 -0.027821 0.01 66 66 0 0 0
1377 0.601084 -0.000905808 -0.0379843 0.01 60 60 0 0 0
1378 0.599254 -0.000911352 -0.0219639 0.01 66 66 0 0 0
1379 0.601084 -0.000905808 -0.0379843 0.01 60 60 0 0 0
1387 0.557893 -0.00103669 -0.031903 0.01 54 55 2.21282e-05 0 0.00608129
1389 0.601084 -0.000905808 -0.0379843 0.01 60 60 0 0 0
1399 0.650749 -0.000755307 -0.0619089 0.01 67 67 0 0 0
1404 0.618435 -0.000853228 -0.0609435 0.01 60 60 0 0 0
1406 0.650749 -0.000755307 -0.0696824 0.01 67 67 0 0 0
1408 0.600174 -0.000908563 -0.016511 0.01 60 60 0 0 0
1410 0.601084 -0.000905808 -0.0379843 0.01 55 55 0 0 0
1412 0.568499 -0.00100455 -0.0206037 0.01 53 53 0 0 0
1418 0.578597 -0.000973949 -0.0379843 0.01 60 59 0 0 0
1419 0.636696 -0.000797891 -0.0457757 0.01 55 55 0 0 0
1421 0.578597 -0.000973949 -0.0396593 0.01 66 66 0 0 0
1423 0.601084 -0.000905808 -0.0407183 0.01 60 60 0 0 0
1425 0.554544 -0.00104684 -0.0313481 0.01 60 61 0 0 0
1427 0.601084 -0.000905808 -0.0275387 0.01 60 59 0.000955611 0 0.0104456
1429 0.559409 -0.00103209 -0.0379843 0.01 55 55 0 0 0
1432 0.577445 -0.000977441 -0.0379843 0.01 60 60 0 0 0
1434 0.600174 -0.000908563 -0.0286211 0.01 60 60 0 0 0
1438 0.60457 -0.000895241 -0.0494447 0.01 60 61 0 0 0
1441 0.639123 -0.000790537 -0.0940059 0.01 54 54 0 0 0
1446 0.590057 -0.00093922 -0.0320542 0.01 54 54 0 0 0
1451 0.559409 -0.00103209 -0.0379843 0.01 55 55 0 0 0
1452 0.618033 -0.000854445 -0.0436816 0.01 60 60 0 0 0
1454 0.555717 -0.00104328 -0.0313481 0.01 60 60 0 0 0
1459 0.604135 -0.00089656 -0.037158 0.01 60 60 0 0 0
1461 0.638795 -0.000791531 -0.074109 0.01 55 55 0 0 0
1466 0.650749 -0.000755307 -0.0288298 0.01 67 67 0.021657 0 0.0330791
1470 0.582921 -0.000960846 -0.0206037 0.01 53 53 0 0 0
1471 0.554085 -0.00104823 -0.0407442 0.01 60 60 0 0 0
1477 0.591903 -0.000933626 -0.027821 0.01 66 66 0 0 0
1478 0.590178 -0.000938853 -0.0645519 0.01 55 56 0 0 0
1479 0.601084 -0.000905808 -0.041546 0.01 67 66 0 0 0
1480 0.584691 -0.000955483 -0.0379843 0.01 55 54 0 0 0
1481 0.639938 -0.000788067 -0.120695 0.01 55 55 -1.05351e-05 0 -0.00369946
1483 0.605032 -0.000893843 -0.0286211 0.01 54 54 0 0 0
1485 0.587176 -0.000947952 -0.0472515 0.01 60 59 0 0 0
1494 0.61604 -0.000860486 -0.0642615 0.01 55 55 0 0 0
1495 0.614322 -0.00086569 -0.0583782 0.01 55 55 0 0 0
1496 0.588157 -0.000944979 -0.0360131 0.01 60 60 0 0 0
1498 0.559409 -0.00103209 -0.0379843 0.01 55 55 0 0 0
1502 0.599165 -0.000911621 -0.0277411 0.01 55 55 0 0 0
1504 0.567082 -0.00100884 -0.0379843 0.01 55 55 0 0 0
1508 0.605734 -0.000891714 -0.0646829 0.01 54 54 0 0 0
1514 0.624624 -0.000834473 -0.0677656 0.01 55 55 0 0 0
1516 0.650749 -0.000755307 -0.0724858 0.01 67 67 0 0 0
1525 0.575767 -0.000982526 -0.05374 0.01 66 66 0 0 0
1527 0.601084 -0.000905808 -0.0407183 0.01 60 60 0 0 0
1530 0.601084 -0.000905808 -0.0407598 0.01 53 53 0 0 0
1531 0.578597 -0.000973949 -0.0350367 0.01 60 60 0 0 0
1535 0.594374 -0.000926139 -0.027821 0.01 66 66 0 0 0
1538 0.568499 -0.00100455 -0.0206037 0.01 53 53 0 0 0
1544 0.619343 -0.000850476 -0.0869819 0.01 54 54 0 0 0
1546 0.632255 -0.000811347 -0.0677656 0.01 55 55 0 0 0
1547 0.591903 -0.000933626 -0.027821 0.01 66 66 0 0 0
1548 0.586652 -0.000949538 -0.0468001 0.01 54 54 0.00998759 -0.0145383 0
1549 0.581846 -0.000964102 -0.05374 0.01 60 60 0 0 0
1558 0.604712 -0.000894812 -0.0645519 0.01 55 56 0 0 0
1565 0.610064 -0.000878593 -0.0659811 0.01 60 60 0 0 0
1568 0.619343 -0.000850476 -0.0869819 0.01 54 54 0 0 0
1569 0.555717 -0.00104328 -0.0313481 0.01 60 60 0 0 0
1574 0.605734 -0.000891714 -0.0594457 0.01 54 54 0 0 0
1576 0.588168 -0.000944947 -0.0448444 0.01 60 60 0 0 0
1579 0.559409 -0.00103209 -0.0379843 0.01 54 54 0 0 0
1581 0.560035 -0.0010302 -0.0239343 0.01 60 60 0 0 0
1583 0.655277 -0.000741586 -0.0597337 0.01 53 53 0 0 0
1592 0.601084 -0.000905808 -0.0379843 0.01 60 61 0 0 0
1596 0.588168 -0.000944947 -0.0448444 0.01 60 60 0 0 0
1597 0.559409 -0.00103209 -0.0379843 0.01 54 54 0 0 0
1601 0.600174 -0.000908563 -0.016511 0.01 60 60 0 0 0
1605 0.614322 -0.00086569 -0.0583782 0.01 55 56 0 0 0
1610 0.650749 -0.000755307 -0.0619089 0.01 68 67 0 0 0
1614 0.599945 -0.000909258 -0.0379843 0.01 60 60 -0.0115249 0.0150955 0
1617 0.616847 -0.00085804 -0.0655338 0.01 60 61 0 0 0
1619 0.647708 -0.00076452 -0.0583791 0.01 55 55 0 0 0
1625 0.560035 -0.0010302 -0.0239343 0.01 60 60 0.00209367 0 0.0135085
1629 0.624624 -0.000834473 -0.0677656 0.01 55 55 0 0 0
1631 0.624624 -0.000834473 -0.0677656 0.01 53 53 0 0 0
1635 0.596098 -0.000920914 -0.027821 0.01 66 66 0 0 0
1642 0.63777 -0.000794637 -0.0500441 0.01 60 60 0 0 0
1645 0.599114 -0.000911776 -0.0468001 0.01 55 55 0 0 0
1646 0.624488 -0.000834884 -0.0638419 0.01 55 55 0 0 0
1649 0.601084 -0.000905808 -0.0379843 0.01 60 60 0 0 0
1651 0.599254 -0.000911352 -0.0219639 0.01 66 66 0 0 0
1653 0.60099 -0.000906091 -0.0242978 0.01 54 54 0 0 0
1664 0.590057 -0.00093922 -0.0320542 0.01 54 54 0 0 0
1670 0.620219 -0.00084782 -0.0638419 0.01 55 55 0 0 0
1672 0.555717 -0.00104328 -0.0313481 0.01 60 60 0 0 0
1675 0.588488 -0.000943976 -0.0121863 0.01 54 54 0 0 0
1677 0.597799 -0.000915759 -0.0311095 0.01 60 60 0 0 0
1681 0.650749 -0.000755307 -0.0288298 0.01 67 67 0 0 0
1682 0.650749 -0.000755307 -0.0619089 0.01 67 67 0 0 0
1690 0.594374 -0.000926139 -0.0155412 0.01 67 67 0 0 0
1695 0.599114 -0.000911776 -0.0422482 0.01 55 55 1.42157e-05 0 0.00455188
1697 0.653991 -0.000745481 -0.021706 0.01 66 66 0 0 0
1699 0.586696 -0.000949406 -0.0311095 0.01 55 55 0 0 0
1700 0.624624 -0.000834473 -0.0677656 0.01 55 55 0 0 0
1709 0.641597 -0.000783039 -0.0635903 0.01 55 55 4.22746e-05 0 0.0153113
1710 0.578597 -0.000973949 -0.0379843 0.01 60 60 0 0 0
1716 0.589891 -0.000939726 -0.0379843 0.01 55 55 0 0 0
1717 0.58468 -0.000955514 -0.078177 0.01 55 55 0 0 0
1718 0.578597 -0.000973949 -0.0571605 0.01 60 60 0 0 0
1720 0.613678 -0.000867644 -0.0311095 0.01 55 56 0 0 0
1721 0.650749 -0.000755307 -0.0619089 0.01 67 67 0 0 0
1725 0.615632 -0.00086172 -0.0587049 0.01 54 54 0 0 0
1726 0.564647 -0.00101622 -0.00581634 0.01 60 59 0.0135701 -0.0166991 0
1727 0.568499 -0.00100455 -0.0206037 0.01 53 53 0 0 0
1730 0.589891 -0.000939726 -0.0379843 0.01 55 55 0 0 0
1732 0.554544 -0.00104684 -0.0269886 0.01 60 60 0 0 0
1736 0.582921 -0.000960846 -0.0206037 0.01 53 53 0 0 0
1740 0.641456 -0.000783466 -0.0908979 0.01 55 55 0 0 0
1744 0.596964 -0.00091829 -0.0379843 0.01 55 59 0 0 0
1755 0.590057 -0.00093922 -0.0320542 0.01 54 54 0 0 0
1758 0.599114 -0.000911776 -0.0468001 0.01 55 55 0 0 0
1760 0.619343 -0.000850476 -0.0753484 0.01 55 55 0 0 0
1761 0.555717 -0.00104328 -0.0313481 0.01 60 60 0 0 0
1764 0.599254 -0.000911352 -0.0219639 0.01 67 67 0 0 0
1765 0.61673 -0.000858393 -0.0583782 0.01 55 55 0 0 0
1773 0.59637 -0.000920092 -0.0280573 0.01 60 59 0 0 0
1776 0.586696 -0.000949406 -0.0311095 0.01 54 54 0 0 0
1778 0.58468 -0.000955514 -0.078177 0.01 54 54 0 0 0
1780 0.599254 -0.000911352 -0.0219639 0.01 66 66 0 0 0
1782 0.646884 -0.000767018 -0.0394034 0.01 60 60 0 0 0
1783 0.591183 -0.000935808 -0.0379843 0.01 55 55 0 0 0
1786 0.594374 -0.000926139 -0.027821 0.01 67 67 0 0 0
1788 0.614186 -0.000866104 -0.0622157 0.01 55 55 0 0 0
1792 0.58468 -0.000955514 -0.078177 0.01 54 54 0 0 0
1793 0.584849 -0.000955002 -0.0281077 0.01 60 60 0.00141458 0 0.00987666
1794 0.626641 -0.000828362 -0.0515744 0.01 60 60 0 0 0
1801 0.555717 -0.00104328 -0.0313481 0.01 60 60 0 0 0
1806 0.624624 -0.000834473 -0.0677656 0.01 55 55 0 0 0
1811 0.586696 -0.000949406 -0.0311095 0.01 54 54 0 0 0
1812 0.576143 -0.000981385 -0.05374 0.01 60 59 0 0 0
1815 0.567325 -0.00100811 -0.050537 0.01 60 60 0 0 0
1817 0.635078 -0.000802792 -0.0753484 0.01 55 55 0 0 0
1825 0.642362 -0.000780721 -0.0597337 0.01 54 54 0 0 0
1831 0.599254 -0.000911352 -0.0219639 0.01 66 66 0 0 0
1836 0.604135 -0.00089656 -0.0286844 0.01 54 55 0 0 0
1837 0.559409 -0.00103209 -0.0379843 0.01 55 55 0 0 0
1839 0.599114 -0.000911776 -0.0468001 0.01 54 54 0 0 0
1844 0.568397 -0.00100486 -0.0313481 0.01 60 60 0 0 0
1848 0.617095 -0.000857286 -0.0414372 0.01 60 60 0 0 0
1851 0.596098 -0.000920914 -0.027821 0.01 66 66 0 0 0
1853 0.577445 -0.000977441 -0.0379843 0.01 60 60 0 0 0
1854 0.632707 -0.000809977 -0.108248 0.01 60 60 0 0 0
1857 0.618435 -0.000853228 -0.0609435 0.01 60 60 0 0 0
1860 0.639779 -0.000788547 -0.0336722 0.01 60 61 0 0 0
1863 0.5718 -0.000994547 -0.0292538 0.01 54 54 0 0 0
1867 0.577066 -0.000978587 -0.0722684 0.01 60 60 0 0 0
1868 0.635026 -0.000802951 -0.0862453 0.01 54 54 0 0 0
1869 0.615737 -0.000861402 -0.0815116 0.01 54 53 0 0 0
1878 0.643954 -0.000775897 -0.00114156 0.01 68 68 0 0 0
1882 0.643162 -0.000778298 -0.0510449 0.01 60 61 0 0 0
1887 0.639123 -0.000790537 -0.0891951 0.01 55 55 0 0 0
1890 0.601084 -0.000905808 -0.0407183 0.01 60 60 0 0 0
1898 0.586696 -0.000949406 -0.0311095 0.01 55 55 0 0 0
1899 0.647043 -0.000766535 -0.0464553 0.01 54 54 0 0 0
1902 0.632705 -0.000809984 -0.0583782 0.01 55 55 0 0 0
1903 0.605734 -0.000891714 -0.0815116 0.01 55 55 0 0 0
1910 0.610064 -0.000878593 -0.0659811 0.01 60 60 0 0 0
1914 0.601084 -0.000905808 -0.0379843 0.01 60 60 0 0 0
1915 0.624624 -0.000834473 -0.0677656 0.01 55 55 0 0 0
1920 0.591903 -0.000933626 -0.027821 0.01 66 66 0 0 0
1921 0.578597 -0.000973949 -0.0169418 0.01 60 60 0 0 0
1922 0.586696 -0.000949406 -0.0311095 0.01 54 54 0 0 0
1923 0.599254 -0.000911352 -0.0219639 0.01 66 66 0 0 0
1924 0.554544 -0.00104684 -0.0269886 0.01 60 60 0 0 0
1925 0.578597 -0.000973949 -0.0396593 0.01 66 66 0 0 0
1926 0.601084 -0.000905808 -0.0453348 0.01 55 55 0 0 0
1935 0.615632 -0.00086172 -0.0587049 0.01 55 54 0 0 0
1936 0.578597 -0.000973949 -0.0379843 0.01 60 61 0 0 0
1939 0.568499 -0.00100455 -0.0206037 0.01 53 53 0 0 0
1944 0.61455 -0.000864999 -0.0428002 0.01 54 56 0 0 0
1945 0.591903 -0.000933626 -0.027076 0.01 66 66 0 0 0
1951 0.624624 -0.000834473 -0.0493603 0.01 60 59 0 0 0
1952 0.599254 -0.000911352 -0.0219639 0.01 67 67 0 0 0
1956 0.601084 -0.000905808 -0.0438489 0.01 60 60 0 0 0
1958 0.584691 -0.000955483 -0.0379843 0.01 55 55 0 0 0
1959 0.581846 -0.000964102 -0.0667622 0.01 60 60 0 0 0
1960 0.555717 -0.00104328 -0.0313481 0.01 60 60 0 0 0
1963 0.559409 -0.00103209 -0.0379843 0.01 54 55 0 0 0
1965 0.619343 -0.000850476 -0.0869819 0.01 55 54 0 0 0
1967 0.605734 -0.000891714 -0.0646829 0.01 54 54 0 0 0
1969 0.599254 -0.000911352 -0.0219639 0.01 67 67 0 0 0
1972 0.594374 -0.000926139 -0.027821 0.01 66 66 0 0 0
1975 0.614615 -0.000864802 -0.027821 0.01 60 61 0 0 0
1989 0.601084 -0.000905808 -0.0407598 0.01 53 53 0 0 0
1990 0.553091 -0.00105124 -0.0169418 0.01 60 60 0 0 0
1992 0.632255 -0.000811347 -0.0677656 0.01 55 55 0 0 0
1993 0.632705 -0.000809984 -0.0583782 0.01 55 55 0 0 0
1995 0.635759 -0.000800731 -0.0033662 0.01 66 66 0 0 0
1998 0.58731 -0.000947545 -0.0169418 0.01 54 54 0 0 0
2004 0.581053 -0.000966505 -0.041546 0.01 66 66 0 0 0
2006 0.59955 -0.000910454 -0.0722684 0.01 60 60 0 0 0
2014 0.653134 -0.00074808 -0.0619089 0.01 67 67 0 0 0
2017 0.594374 -0.000926139 -0.0518311 0.01 66 66 0 0 0
2019 0.591578 -0.000934611 -0.0191914 0.01 55 55 0 0 0
2021 0.60038 -0.00090794 -0.0379843 0.01 55 55 0 0 0
2024 0.618435 -0.000853228 -0.0379843 0.01 60 60 0 0 0
2029 0.632255 -0.000811347 -0.0677656 0.01 55 55 0 0 0
2030 0.555717 -0.00104328 -0.0372697 0.01 60 60 0 0 0
2031 0.576846 -0.000979255 -0.027821 0.01 66 66 0 0 0
2032 0.605032 -0.000893843 -0.0286211 0.01 53 54 0 0 0
2033 0.559409 -0.00103209 -0.0379843 0.01 53 55 0 0 0
2036 0.581846 -0.000964102 -0.05374 0.01 60 61 0 0 0
2047 0.601084 -0.000905808 -0.0438489 0.01 60 60 0 0 0
2048 0.599254 -0.000911352 -0.0219639 0.01 66 66 0 0 0
2052 0.599254 -0.000911352 -0.0219639 0.01 67 67 0 0 0
2053 0.55851 -0.00103482 -0.0255992 0.01 55 55 0 0 0
2056 0.61604 -0.000860486 -0.0642615 0.01 54 54 0 0 0
2057 0.650749 -0.000755307 -0.0724858 0.01 67 67 0 0 0
2058 0.554979 -0.00104552 -0.0313481 0.01 60 60 0 0 0
2059 0.601084 -0.000905808 -0.0379843 0.01 55 56 0 0 0
2061 0.604135 -0.00089656 -0.0354983 0.01 55 55 0 0 0
2064 0.619343 -0.000850476 -0.0869819 0.01 54 54 0 0 0
2065 0.606135 -0.000890499 -0.027821 0.01 66 66 -0.00544292 0.00688136 0
2066 0.639123 -0.000790537 -0.0908979 0.01 55 55 0 0 0
2067 0.580099 -0.000969396 -0.0374428 0.01 60 60 0 0 0
2070 0.601084 -0.000905808 -0.041546 0.01 66 66 0 0 0
2071 0.608241 -0.000884117 -0.0845158 0.01 55 55 0 0 0
2073 0.624372 -0.000835236 -0.0483537 0.01 60 60 0 0 0
2078 0.599254 -0.000911352 -0.0219639 0.01 66 66 0 0 0
2080 0.586696 -0.000949406 -0.0311095 0.01 54 54 0 0 0
2082 0.628524 -0.000822656 -0.0583782 0.01 55 55 0 0 0
2088 0.636696 -0.000797891 -0.0457757 0.01 55 55 0 0 0
2090 0.591183 -0.000935808 -0.0379843 0.01 55 55 0 0 0
2091 0.60099 -0.000906091 -0.0242978 0.01 54 54 0 0 0
2094 0.624624 -0.000834473 -0.0493603 0.01 60 60 0 0 0
2097 0.586696 -0.000949406 -0.0311095 0.01 55 55 0 0 0
2099 0.63128 -0.000814304 -0.0656039 0.01 55 56 0 0 0
2100 0.636696 -0.000797891 -0.0457757 0.01 55 55 0 0 0
2101 0.581846 -0.000964102 -0.05374 0.01 60 60 0 0 0
2104 0.568499 -0.00100455 -0.0206037 0.01 53 53 0 0 0
2105 0.581846 -0.000964102 -0.05374 0.01 60 60 0 0 0
2109 0.603644 -0.00089805 -0.026799 0.01 60 60 0.00870916 -0.0119645 0
2114 0.642206 -0.000781195 -0.0161272 0.01 66 66 0 0 0
2120 0.614322 -0.00086569 -0.0583782 0.01 55 55 0 0 0
2122 0.634548 -0.000804401 -0.0180906 0.01 67 67 0 0 0
2128 0.641456 -0.000783466 -0.101664 0.01 60 57 0 0 0
2133 0.568499 -0.00100455 -0.0206037 0.01 53 53 0 0 0
2135 0.604135 -0.00089656 -0.0354983 0.01 55 55 0 0 0
2141 0.599254 -0.000911352 -0.0219639 0.01 68 68 0 0 0
2146 0.614322 -0.00086569 -0.0583782 0.01 55 55 0 0 0
2148 0.59955 -0.000910454 -0.0722684 0.01 60 60 0 0 0
2149 0.599114 -0.000911776 -0.0468001 0.01 55 55 0 0 0
2152 0.601084 -0.000905808 -0.0379843 0.01 60 60 0 0 0
2156 0.608241 -0.000884117 -0.0845158 0.01 55 55 -0.00167944 0.00250703 0
2165 0.639263 -0.000790113 -0.0033662 0.01 66 66 0 0 0
2171 0.618033 -0.000854445 -0.0406628 0.01 60 61 0 0 0
2172 0.642528 -0.000780218 -0.0583782 0.01 55 56 -0.00604787 0.00982285 0
2178 0.627838 -0.000824732 -0.0406628 0.01 60 60 0 0 0
2180 0.55851 -0.00103482 -0.0379843 0.01 55 55 0 0 0
2184 0.650749 -0.000755307 -0.0619089 0.01 67 67 0 0 0
2185 0.590057 -0.00093922 -0.00442329 0.01 55 55 0 0 0
2188 0.601084 -0.000905808 -0.041546 0.01 66 65 0 0 0
2197 0.584691 -0.000955483 -0.0379843 0.01 54 55 0 0 0
2201 0.584761 -0.000955269 -0.0320542 0.01 55 55 0 0 0
2206 0.554979 -0.00104552 -0.0313481 0.01 60 60 0 0 0
2208 0.599254 -0.000911352 -0.0219639 0.01 66 66 0 0 0
2210 0.578597 -0.000973949 -0.0379843 0.01 60 60 0 0 0
2211 0.591903 -0.000933626 -0.019083 0.01 60 61 0 0 0
2212 0.632705 -0.000809984 -0.0583782 0.01 55 55 0 0 0
2215 0.559409 -0.00103209 -0.0379843 0.01 55 55 0 0 0
2216 0.600174 -0.000908563 -0.0286211 0.01 55 55 0 0 0
2217 0.568499 -0.00100455 -0.0206037 0.01 53 53 0 0 0
2218 0.555717 -0.00104328 -0.0313481 0.01 60 60 0 0 0
2221 0.618435 -0.000853228 -0.0609435 0.01 60 60 0 0 0
2223 0.581846 -0.000964102 -0.055644 0.01 60 60 0 0 0
2227 0.599254 -0.000911352 -0.0219639 0.01 68 67 0 0 0
2234 0.559409 -0.00103209 -0.0379843 0.01 55 55 0 0 0
2238 0.639123 -0.000790537 -0.0940059 0.01 55 55 0 0 0
2244 0.643954 -0.000775897 -0.00114156 0.01 67 67 0 0 0
2246 0.601084 -0.000905808 -0.041546 0.01 66 66 0 0 0
2247 0.586696 -0.000949406 -0.0311095 0.01 54 54 0 0 0
2250 0.599254 -0.000911352 -0.0219639 0.01 66 66 0 0 0
2251 0.588173 -0.00094493 -0.0225817 0.01 54 55 0 0 0
2256 0.559409 -0.00103209 -0.0379843 0.01 55 55 0 0 0
2257 0.612717 -0.000870555 -0.027821 0.01 66 66 0 0 0
2258 0.594374 -0.000926139 -0.027821 0.01 66 66 0 0 0
2259 0.584691 -0.000955483 -0.0379843 0.01 54 55 0 0 0
2265 0.554544 -0.00104684 -0.0313481 0.01 60 60 0 0 0
2266 0.586696 -0.000949406 -0.0311095 0.01 53 53 0 0 0
2267 0.53547 -0.00110464 -0.0313481 0.01 60 60 0.0173385 -0.0195091 0
2268 0.559409 -0.00103209 -0.0379843 0.01 54 55 0 0 0
2269 0.605032 -0.000893843 -0.0286211 0.01 55 54 0 0 0
2271 0.594374 -0.000926139 -0.027821 0.01 67 67 0 0 0
2272 0.584691 -0.000955483 -0.0379843 0.01 54 54 0 0 0
2274 0.588488 -0.000943976 -0.0169418 0.01 54 54 0 0 0
2280 0.613868 -0.000867068 -0.0638419 0.01 55 55 0 0 0
2282 0.577197 -0.00097819 -0.0116917 0.01 67 66 0 0 0
2283 0.614186 -0.000866104 -0.0622157 0.01 54 54 0 0 0
2287 0.601084 -0.000905808 -0.0407183 0.01 60 61 0 0 0
2288 0.578597 -0.000973949 -0.0379843 0.01 55 55 0 0 0
2290 0.555717 -0.00104328 -0.0313481 0.01 60 60 0 0 0
2291 0.599254 -0.000911352 -0.0219639 0.01 67 67 0 0 0
2293 0.588157 -0.000944979 -0.0379843 0.01 60 60 0 0 0
2300 0.601084 -0.000905808 -0.0379843 0.01 53 53 0 0 0
2303 0.650749 -0.000755307 -0.0724858 0.01 67 67 0 0 0
2314 0.586696 -0.000949406 -0.0311095 0.01 53 53 0 0 0
2317 0.591903 -0.000933626 -0.027076 0.01 66 66 0 0 0
2319 0.58731 -0.000947545 -0.0169418 0.01 55 55 0 0 0
2321 0.61604 -0.000860486 -0.0514181 0.01 54 54 0 0 0.0128433
2322 0.650749 -0.000755307 -0.0619089 0.01 67 67 0 0 0
2323 0.6145 -0.00086515 -0.0587049 0.01 54 54 0.000721842 -0.00113195 0
2324 0.586696 -0.000949406 -0.0311095 0.01 54 54 0 0 0
2328 0.578597 -0.000973949 -0.0379843 0.01 60 60 0 0 0
2329 0.632705 -0.000809984 -0.0583782 0.01 54 54 0 0 0
2337 0.604135 -0.00089656 -0.0311095 0.01 55 55 0 0 0
2340 0.601084 -0.000905808 -0.0379843 0.01 60 61 0 0 0
2343 0.584691 -0.000955483 -0.0379843 0.01 55 55 0 0 0
2345 0.624012 -0.000836327 -0.0311095 0.01 60 60 0 0 0
2359 0.591903 -0.000933626 -0.027821 0.01 67 67 0 0 0
2364 0.553091 -0.00105124 -0.0169418 0.01 60 59 0.0211161 -0.0255055 0
2365 0.599254 -0.000911352 -0.0219639 0.01 67 67 0 0 0
2372 0.611841 -0.00087321 -0.0286211 0.01 55 56 0 0 0
2373 0.632255 -0.000811347 -0.0677656 0.01 55 55 0 0 0
2374 0.584849 -0.000955002 -0.0259319 0.01 60 60 0 0 0
2377 0.58731 -0.000947545 -0.0169418 0.01 55 55 0 0 0
2380 0.581846 -0.000964102 -0.05374 0.01 60 60 0 0 0
2383 0.63777 -0.000794637 -0.0491662 0.01 60 60 0 0 0
2385 0.586696 -0.000949406 -0.0311095 0.01 54 54 0 0 0
2386 0.583596 -0.0009588 -0.0169418 0.01 55 55 0 0 0
2390 0.601084 -0.000905808 -0.0379843 0.01 55 57 0 0 0
2392 0.624624 -0.000834473 -0.0677656 0.01 54 54 0 0 0
2395 0.595701 -0.000922119 -0.0354983 0.01 55 55 0.00579543 -0.00843459 0
2396 0.599254 -0.000911352 -0.0219639 0.01 67 67 0 0 0
2401 0.577445 -0.000977441 -0.0379843 0.01 60 60 0 0 0
2403 0.601084 -0.000905808 -0.0379843 0.01 54 54 0 0 0
2406 0.591903 -0.000933626 -0.027821 0.01 68 66 0 0 0
2407 0.58468 -0.000955514 -0.078177 0.01 55 55 0 0 0
2410 0.636073 -0.00079978 -0.0406628 0.01 66 65 0 0 0
2411 0.559409 -0.00103209 -0.0379843 0.01 55 55 0 0 0
2414 0.605032 -0.000893843 -0.0286211 0.01 55 55 -0.00330709 0.0048576 0
2415 0.624488 -0.000834884 -0.0638419 0.01 54 55 0 0 0
2418 0.650749 -0.000755307 -0.0619089 0.01 67 67 0 0 0
2430 0.605734 -0.000891714 -0.0594457 0.01 54 54 0 0 0.0052372
2433 0.586696 -0.000949406 -0.0311095 0.01 55 55 0 0 0
2440 0.59204 -0.000933212 -0.0815116 0.01 55 55 0 0 0
2443 0.650749 -0.000755307 -0.0619089 0.01 67 67 0 0 0
2444 0.590057 -0.00093922 -0.0468001 0.01 54 54 0 0 0
2446 0.5656 -0.00101333 -0.0313481 0.01 60 60 0 0 0
2449 0.586696 -0.000949406 -0.0311095 0.01 53 53 0 0 0
2453 0.594666 -0.000925254 -0.0169418 0.01 55 55 0 0 0
2457 0.601084 -0.000905808 -0.0379843 0.01 53 53 0 0 0
2463 0.59204 -0.000933212 -0.0815116 0.01 55 55 0 0 0
2467 0.564943 -0.00101532 -0.05374 0.01 60 60 0 0 0
2470 0.624939 -0.000833519 -0.0436816 0.01 60 60 0 0 0
2473 0.634548 -0.000804401 -0.0180906 0.01 67 67 0 0 0
2486 0.588157 -0.000944979 -0.0360131 0.01 60 60 0 0 0
2490 0.612995 -0.000869713 -0.0845158 0.01 55 55 -0.00482424 0.00726014 0
2491 0.587905 -0.000945743 -0.0468001 0.01 54 54 0.00201991 -0.00289351 0
2495 0.600174 -0.000908563 -0.0286211 0.01 55 55 0 0 0
2496 0.554979 -0.00104552 -0.0313481 0.01 60 60 0 0 0
2498 0.633466 -0.000807679 -0.108248 0.01 55 55 0 0 0
2499 0.636696 -0.000797891 -0.0457757 0.01 55 55 0 0 0
2503 0.593287 -0.000929435 -0.0379843 0.01 60 60 0 0 0
2509 0.612878 -0.000870066 -0.0594849 0.01 55 55 0 0 0
2512 0.559409 -0.00103209 -0.0379843 0.01 55 55 0 0 0
2514 0.599254 -0.000911352 -0.0198903 0.01 68 68 0 0 0
2521 0.643954 -0.000775897 -0.00114156 0.01 66 65 0 0 0
2522 0.599254 -0.000911352 -0.0219639 0.01 66 66 0 0 0
2524 0.610064 -0.000878593 -0.0659811 0.01 60 60 0 0 0
2526 0.638795 -0.000791531 -0.074109 0.01 55 55 0 0 0
2528 0.555717 -0.00104328 -0.0339264 0.01 66 66 0 0 0
2529 0.588445 -0.000944107 -0.0284861 0.01 60 60 0 0 0
2534 0.639123 -0.000790537 -0.0892001 0.01 55 55 0 0 0
2535 0.586696 -0.000949406 -0.045225 0.01 54 54 0 0 -0.0141154
2541 0.555717 -0.00104328 -0.0313481 0.01 60 60 0 0 0
2542 0.601084 -0.000905808 -0.0379843 0.01 60 60 0 0 0
2546 0.619343 -0.000850476 -0.0869819 0.01 54 54 0 0 0
2547 0.599254 -0.000911352 -0.0219639 0.01 67 67 0 0 0
2548 0.586696 -0.000949406 -0.0311095 0.01 55 55 0 0 0
2549 0.614186 -0.000866104 -0.0622157 0.01 54 54 0 0 0
2550 0.554544 -0.00104684 -0.0313481 0.01 60 60 0 0 0
2551 0.624624 -0.000834473 -0.0677656 0.01 54 54 0 0 0
2553 0.61455 -0.000864999 -0.0428002 0.01 54 54 0 0 0
2555 0.594374 -0.000926139 -0.027821 0.01 66 65 0 0 0
2556 0.591903 -0.000933626 -0.027821 0.01 66 65 0 0 0
2557 0.591903 -0.000933626 -0.00270302 0.01 68 68 0.0249448 0 0.025118
2558 0.559409 -0.00103209 -0.0379843 0.01 54 54 0 0 0
2581 0.650603 -0.000755747 -0.0278968 0.01 60 60 0 0 0
2586 0.555717 -0.00104328 -0.0313481 0.01 60 60 0 0 0
2588 0.632705 -0.000809984 -0.0583782 0.01 55 55 0 0 0
2592 0.60099 -0.000906091 -0.0242978 0.01 55 55 0 0 0
2598 0.634548 -0.000804401 -0.0180906 0.01 67 67 0 0 0
2601 0.599254 -0.000911352 -0.0219639 0.01 68 68 0 0 0
2607 0.554544 -0.00104684 -0.0313481 0.01 60 60 0 0 0
2612 0.624488 -0.000834884 -0.0638419 0.01 55 55 0 0 0
2614 0.599254 -0.000911352 -0.0219639 0.01 68 68 0 0 0
2623 0.591903 -0.000933626 -0.027821 0.01 66 66 0 0 0
2625 0.624012 -0.000836327 -0.0226277 0.01 60 60 0 0 0
2627 0.599254 -0.000911352 -0.0219639 0.01 66 66 0 0 0
2628 0.616772 -0.000858266 -0.0648291 0.01 55 55 0 0 0
2631 0.555717 -0.00104328 -0.0313481 0.01 60 60 0 0 0
2632 0.594374 -0.000926139 -0.027821 0.01 66 66 0 0 0
2633 0.599254 -0.000911352 -0.0219639 0.01 67 67 0 0 0
2636 0.588168 -0.000944947 -0.0448444 0.01 60 60 0 0 0
2637 0.599625 -0.000910228 -0.0354983 0.01 55 55 0 0 0
2640 0.618435 -0.000853228 -0.0609435 0.01 60 60 0 0 0
2644 0.59204 -0.000933212 -0.0815116 0.01 54 54 0 0 0
2647 0.604135 -0.00089656 -0.0354983 0.01 55 55 0 0 0
2656 0.59955 -0.000910454 -0.0722684 0.01 60 61 0 0 0
2657 0.599254 -0.000911352 -0.0219639 0.01 66 66 0 0 0
2659 0.615632 -0.00086172 -0.0587049 0.01 60 60 0 0 0
2671 0.567325 -0.00100811 -0.050537 0.01 60 60 0 0 0
2674 0.599254 -0.000911352 -0.0219639 0.01 66 66 0 0 0
2675 0.555717 -0.00104328 -0.0313481 0.01 60 60 0 0 0
2676 0.586696 -0.000949406 -0.0311095 0.01 55 55 0 0 0
2677 0.599254 -0.000911352 -0.0219639 0.01 66 66 0 0 0
2685 0.567325 -0.00100811 -0.050537 0.01 60 60 0 0 0
2690 0.628524 -0.000822656 -0.0583782 0.01 54 55 0 0 0
2695 0.618696 -0.000852437 -0.0406628 0.01 60 60 0 0 0
2696 0.599254 -0.000911352 -0.0219639 0.01 68 68 0 0 0
2699 0.584691 -0.000955483 -0.0379843 0.01 55 55 0 0 0
2700 0.590057 -0.00093922 -0.0468001 0.01 55 55 0 0 0
2703 0.581846 -0.000964102 -0.05374 0.01 60 60 0 0 0
2705 0.559409 -0.00103209 -0.0379843 0.01 55 55 0 0 0
2714 0.599254 -0.000911352 -0.0219639 0.01 66 66 0 0 0
2716 0.601084 -0.000905808 -0.0379843 0.01 60 60 0 0 0
2720 0.593237 -0.000929585 -0.0379843 0.01 55 55 0.00544262 -0.00784665 0
2721 0.591903 -0.000933626 -0.019083 0.01 60 60 0 0 0
2724 0.590057 -0.00093922 -0.0320542 0.01 55 55 0 0 0
2731 0.590057 -0.00093922 -0.0320542 0.01 54 55 0 0 0
2735 0.628524 -0.000822656 -0.0583782 0.01 54 54 0 0 0
2749 0.605032 -0.000893843 -0.0286211 0.01 54 54 0 0 0
2750 0.581846 -0.000964102 -0.05374 0.01 60 60 0 0 0
2751 0.605734 -0.000891714 -0.0646829 0.01 54 54 0 0 0
2761 0.584691 -0.000955483 -0.0379843 0.01 54 54 0 0 0
2763 0.615737 -0.000861402 -0.0815116 0.01 54 54 0 0 0
2765 0.590057 -0.00093922 -0.0468001 0.01 60 59 0 0 0
2769 0.604135 -0.00089656 -0.0155383 0.01 55 54 0 0 0
2771 0.599254 -0.000911352 -0.0219639 0.01 68 68 0 0 0
2772 0.601084 -0.000905808 -0.041546 0.01 66 66 0 0 0
2774 0.650749 -0.000755307 -0.0619089 0.01 67 67 0 0 0
2776 0.625237 -0.000832616 -0.0653359 0.01 66 64 0 0 0
2778 0.559409 -0.00103209 -0.0379843 0.01 53 53 0 0 0
2779 0.634548 -0.000804401 -0.0180906 0.01 67 67 0 0 0
2780 0.610064 -0.000878593 -0.0659811 0.01 60 60 0 0 0
2781 0.626725 -0.000828106 -0.0147138 0.01 60 59 -0.000908464 0 -0.0106726
2782 0.581347 -0.000965616 -0.00581634 0.01 60 60 0 0 0
2783 0.599254 -0.000911352 -0.0219639 0.01 66 66 0 0 0
2784 0.650749 -0.000755307 -0.0619089 0.01 67 67 0 0 0
2789 0.555717 -0.00104328 -0.0313481 0.01 60 60 0 0 0
2791 0.599254 -0.000911352 -0.0219639 0.01 67 67 0 0 0
2794 0.586696 -0.000949406 -0.0311095 0.01 54 54 0 0 0
2796 0.542692 -0.00108275 -0.0402656 0.01 55 55 0 0 0
2808 0.615632 -0.00086172 -0.0587049 0.01 54 54 0 0 0
2812 0.581846 -0.000964102 -0.055644 0.01 60 61 0 0 0
2814 0.555717 -0.00104328 -0.0313481 0.01 60 60 0 0 0
2820 0.653236 -0.000747769 -0.0638419 0.01 60 60 0 0 0
2822 0.581846 -0.000964102 -0.05374 0.01 60 60 0 0 0
2823 0.653134 -0.00074808 -0.0619089 0.01 66 66 0 0 0
2831 0.581532 -0.000965053 -0.0380254 0.01 60 59 0 0 0
2835 0.594374 -0.000926139 -0.027821 0.01 67 67 0 0 0
2836 0.601084 -0.000905808 -0.0438489 0.01 60 60 0 0 0
2837 0.601084 -0.000905808 -0.0545781 0.01 66 66 -0.00810403 0 -0.0130321
2839 0.615737 -0.000861402 -0.0815116 0.01 54 54 0 0 0
2840 0.601084 -0.000905808 -0.0698201 0.01 60 60 0 0 0
2842 0.581532 -0.000965053 -0.0380254 0.01 60 60 0 0 0
2846 0.60771 -0.000885726 -0.0286211 0.01 60 60 0 0 0
2850 0.586696 -0.000949406 -0.0311095 0.01 55 55 0 0 0
2851 0.578597 -0.000973949 -0.0379843 0.01 55 55 0 0 0
2853 0.635924 -0.00080023 -0.0622157 0.01 60 60 0 0 0
2854 0.58731 -0.000947545 -0.0169418 0.01 55 55 0 0 0
2856 0.604135 -0.00089656 -0.0388886 0.01 60 58 0 0 0
2861 0.624012 -0.000836327 -0.0226277 0.01 60 61 0 0 0
2862 0.584691 -0.000955483 -0.0379843 0.01 55 55 0 0 0
2866 0.601084 -0.000905808 -0.0407598 0.01 53 53 0 0 0
2867 0.578597 -0.000973949 -0.0379843 0.01 60 60 0 0 0
2870 0.615632 -0.00086172 -0.0587049 0.01 54 54 0 0 0
2873 0.642362 -0.000780721 -0.0597337 0.01 55 55 0 0 0
2874 0.624624 -0.000834473 -0.0677656 0.01 55 55 0 0 0
2875 0.578597 -0.000973949 -0.0379843 0.01 55 55 0 0 0
2879 0.588157 -0.000944979 -0.0360131 0.01 60 60 0 0 0
2880 0.618435 -0.000853228 -0.0609435 0.01 60 60 0 0 0
2881 0.555717 -0.00104328 -0.0313481 0.01 60 60 0 0 0
2883 0.650603 -0.000755747 -0.0278968 0.01 60 60 0 0 0
2887 0.588488 -0.000943976 -0.0169418 0.01 55 54 0 0 0
2890 0.601084 -0.000905808 -0.041546 0.01 66 66 0 0 0
2893 0.647043 -0.000766535 -0.0464553 0.01 53 54 0 0 0
2898 0.614186 -0.000866104 -0.0622157 0.01 54 54 0 0 0
2899 0.567082 -0.00100884 -0.0379843 0.01 55 55 0 0 0
2900 0.591183 -0.000935808 -0.0379843 0.01 55 55 0 0 0
2901 0.559409 -0.00103209 -0.0379843 0.01 53 53 0 0 0
2902 0.615608 -0.000861794 -0.026799 0.01 60 60 0 0 0
2904 0.639123 -0.000790537 -0.0908979 0.01 55 55 0 0 0
2907 0.564943 -0.00101532 -0.05374 0.01 60 61 0 0 0
2911 0.632705 -0.000809984 -0.0583782 0.01 54 54 0 0 0
2914 0.626725 -0.000828106 -0.00404118 0.01 60 60 0 0 0
2921 0.584691 -0.000955483 -0.0379843 0.01 55 55 0 0 0
2925 0.601084 -0.000905808 -0.0379843 0.01 53 53 0 0 0
2926 0.586696 -0.000949406 -0.0311095 0.01 54 55 0 0 0
2928 0.588488 -0.000943976 -0.0169418 0.01 54 54 0 0 0
2931 0.559409 -0.00103209 -0.0379843 0.01 55 55 0 0 0
2932 0.604135 -0.00089656 -0.0354983 0.01 55 55 0 0 0
2936 0.578597 -0.000973949 -0.0571605 0.01 60 60 0 0 0
2938 0.624624 -0.000834473 -0.0677656 0.01 55 55 0 0 0
2939 0.601084 -0.000905808 -0.0442555 0.01 53 53 0 0 0
2941 0.643954 -0.000775897 -0.00114156 0.01 68 68 0 0 0
2946 0.618435 -0.000853228 -0.0609435 0.01 60 60 0 0 0
2952 0.650368 -0.00075646 -0.0908979 0.01 54 54 0 0 0
2954 0.594374 -0.000926139 -0.027821 0.01 67 67 0 0 0
2955 0.594374 -0.000926139 -0.0269137 0.01 67 67 0.000724703 0 0.000907309
2958 0.643739 -0.000776548 -0.0770264 0.01 60 60 0 0 0
2963 0.578597 -0.000973949 -0.0379843 0.01 60 60 0 0 0
2964 0.599254 -0.000911352 -0.0219639 0.01 67 67 0 0 0
2966 0.643954 -0.000775897 -0.00114156 0.01 67 67 0 0 0
2968 0.577445 -0.000977441 -0.0379843 0.01 60 60 0 0 0
2973 0.637534 -0.000795352 -0.0597337 0.01 54 54 0.00282006 -0.00482804 0
2978 0.619343 -0.000850476 -0.0869819 0.01 54 54 0 0 0
2994 0.588445 -0.000944107 -0.0284861 0.01 60 60 0 0 0
2995 0.618033 -0.000854445 -0.0406628 0.01 60 60 0 0 0
2996 0.559409 -0.00103209 -0.0379843 0.01 55 55 0 0 0
2999 0.594374 -0.000926139 -0.0464195 0.01 67 67 0 0 0
3000 0.636696 -0.000797891 -0.0457757 0.01 55 55 0 0 0
3004 0.599254 -0.000911352 -0.0198903 0.01 68 68 0.001984 0 0.00207354
3005 0.643954 -0.000775897 -0.00114156 0.01 67 67 0 0 0
3006 0.555717 -0.00104328 -0.0313481 0.01 60 60 0 0 0
3009 0.647708 -0.00076452 -0.0583791 0.01 55 55 0 0 0
3010 0.604135 -0.00089656 -0.0311095 0.01 55 56 0 0 0
3011 0.605734 -0.000891714 -0.0594457 0.01 54 54 0 0 0
3016 0.605032 -0.000893843 -0.0286211 0.01 54 54 0 0 0
3026 0.638795 -0.000791531 -0.074109 0.01 55 55 0 0 0
3029 0.614322 -0.00086569 -0.0583782 0.01 55 55 0 0 0
3030 0.5718 -0.000994547 -0.0292538 0.01 54 54 0 0 0
3034 0.588488 -0.000943976 -0.0169418 0.01 54 55 0 0 0
3036 0.61673 -0.000858393 -0.0583782 0.01 55 55 0 0 0
3038 0.596098 -0.000920914 -0.027821 0.01 66 66 0 0 0
3039 0.599254 -0.000911352 -0.0219639 0.01 67 67 0 0 0
3040 0.594374 -0.000926139 -0.027821 0.01 66 66 0 0 0
3044 0.645928 -0.000769916 -0.074109 0.01 55 55 -0.00422889 0.00713289 0
3048 0.574852 -0.000985296 -0.0472515 0.01 60 60 0 0 0
3052 0.601084 -0.000905808 -0.0337053 0.01 60 60 0 0 0
3053 0.564943 -0.00101532 -0.05374 0.01 60 61 0 0 0
3063 0.58731 -0.000947545 -0.0169418 0.01 54 54 0 0 0
3069 0.615632 -0.00086172 -0.0587049 0.01 54 54 0 0 0
3071 0.586696 -0.000949406 -0.0311095 0.01 54 54 0 0 0
3073 0.554979 -0.00104552 -0.0313481 0.01 60 60 0 0 0
3075 0.601084 -0.000905808 -0.0407598 0.01 54 54 0 0 0
3078 0.59955 -0.000910454 -0.0722684 0.01 60 60 0 0 0
3080 0.555717 -0.00104328 -0.0216538 0.01 60 60 0 0 0
3084 0.643954 -0.000775897 -0.00114156 0.01 66 66 0 0 0
3086 0.615632 -0.00086172 -0.0587049 0.01 54 54 0 0 0
3089 0.632705 -0.000809984 -0.0824001 0.01 55 55 0 0 0
3090 0.584761 -0.000955269 -0.0320542 0.01 55 55 0 0 0
3092 0.632255 -0.000811347 -0.0677656 0.01 55 55 0 0 0
3101 0.632705 -0.000809984 -0.0638419 0.01 55 55 0 0 0
3103 0.582921 -0.000960846 -0.0206037 0.01 53 53 0 0 0
3110 0.581347 -0.000965616 -0.00581634 0.01 60 60 0 0 0
3114 0.626641 -0.000828362 -0.0515744 0.01 60 60 0 0 0
3115 0.603952 -0.000897114 -0.0754069 0.01 60 60 0 0 0
3117 0.635924 -0.00080023 -0.0622157 0.01 60 60 0 0 0
3118 0.623455 -0.000838014 -0.0633198 0.01 55 58 0 0 0
3122 0.559409 -0.00103209 -0.0379843 0.01 53 54 0 0 0
3127 0.58468 -0.000955514 -0.078177 0.01 55 55 0 0 0
3132 0.559409 -0.00103209 -0.0379843 0.01 55 55 0 0 0
3134 0.586696 -0.000949406 -0.0311095 0.01 55 55 0 0 0
3135 0.619343 -0.000850476 -0.0869819 0.01 54 54 0 0 0
3138 0.655277 -0.000741586 -0.0597337 0.01 53 53 0 0 0
3139 0.643954 -0.000775897 -0.00114156 0.01 66 66 0 0 0
3142 0.559409 -0.00103209 -0.0379843 0.01 55 55 0 0 0
3144 0.601084 -0.000905808 -0.041546 0.01 66 66 0 0 0
3145 0.600174 -0.000908563 -0.0286211 0.01 60 60 0 0 0
3153 0.57749 -0.000977304 -0.027821 0.01 67 67 0 0 0
3158 0.58731 -0.000947545 -0.0169418 0.01 55 54 0 0 0
3159 0.578597 -0.000973949 -0.0440127 0.01 60 60 0 0 0
3160 0.586696 -0.000949406 -0.0311095 0.01 54 54 0 0 0
3161 0.588157 -0.000944979 -0.0360131 0.01 60 60 0 0 0
3170 0.650749 -0.000755307 -0.0714964 0.01 66 66 0 0 0
3171 0.62855 -0.000822576 -0.0357196 0.01 66 66 0 0 0
3172 0.605734 -0.000891714 -0.080351 0.01 55 56 0 0 0
3174 0.586696 -0.000949406 -0.0311095 0.01 53 53 0 0 0
3179 0.624624 -0.000834473 -0.0677656 0.01 55 55 0 0 0
3180 0.581532 -0.000965053 -0.0380254 0.01 60 59 0 0 0
3181 0.615632 -0.00086172 -0.0587049 0.01 54 54 0 0 0
3183 0.624624 -0.000834473 -0.0595896 0.01 55 55 2.39909e-05 0 0.00817598
3191 0.590057 -0.00093922 -0.0320542 0.01 54 54 0 0 0
3194 0.591903 -0.000933626 -0.0217736 0.01 66 66 0 0 0
3195 0.605032 -0.000893843 -0.0286211 0.01 55 55 0 0 0
3196 0.577445 -0.000977441 -0.0379843 0.01 60 59 0 0 0
3197 0.584691 -0.000955483 -0.0379843 0.01 54 55 0 0 0
3198 0.599254 -0.000911352 -0.0219639 0.01 66 66 0 0 0
3202 0.59289 -0.000930635 -0.0583782 0.01 55 56 0 0 0
3206 0.568499 -0.00100455 -0.0206037 0.01 60 61 0 0 0
3218 0.605734 -0.000891714 -0.0815116 0.01 55 55 0 0 0
3219 0.555717 -0.00104328 -0.0313481 0.01 60 60 0 0 0
3222 0.554085 -0.00104823 -0.0407442 0.01 60 60 0.000643134 0 0.00410021
3225 0.594374 -0.000926139 -0.027821 0.01 67 67 0 0 0
3226 0.575767 -0.000982526 -0.05374 0.01 67 65 0 0 0
3227 0.564943 -0.00101532 -0.05374 0.01 60 60 0 0 0
3228 0.564943 -0.00101532 -0.05374 0.01 60 60 0 0 0
3231 0.59204 -0.000933212 -0.0815116 0.01 54 54 0 0 0
3234 0.601084 -0.000905808 -0.041546 0.01 66 66 0 0 0
3237 0.586696 -0.000949406 -0.0311095 0.01 54 54 0 0 0
3240 0.554544 -0.00104684 -0.0313481 0.01 60 60 0 0 0
3243 0.599254 -0.000911352 -0.0219639 0.01 67 67 0 0 0
3244 0.604135 -0.00089656 -0.0311095 0.01 55 55 0 0 0
3247 0.559409 -0.00103209 -0.0379843 0.01 55 55 0 0 0
3249 0.601084 -0.000905808 -0.041546 0.01 66 66 0 0 0
3252 0.601599 -0.000904244 -0.027821 0.01 66 66 0 0 0
3257 0.59955 -0.000910454 -0.0722684 0.01 60 60 0 0 0
3265 0.581532 -0.000965053 -0.0380254 0.01 60 60 0 0 0
3266 0.555717 -0.00104328 -0.0527686 0.01 66 66 0 0 0
3267 0.638795 -0.000791531 -0.074109 0.01 55 55 0 0 0
3268 0.568499 -0.00100455 -0.0292232 0.01 60 60 0.000130147 0 0.000860892
3276 0.578597 -0.000973949 -0.0379843 0.01 55 55 0 0 0
3278 0.594374 -0.000926139 -0.0518311 0.01 66 66 0 0 0
3282 0.632255 -0.000811347 -0.0677656 0.01 55 55 0 0 0
3285 0.650749 -0.000755307 -0.0619089 0.01 67 67 0 0 0
3286 0.627824 -0.000824774 -0.0358737 0.01 55 56 0 0 0
3288 0.578597 -0.000973949 -0.0379843 0.01 60 60 0 0 0
3298 0.573779 -0.00098855 -0.0379843 0.01 60 60 0 0 0
3299 0.605734 -0.000891714 -0.0938615 0.01 53 53 0 0 0
3303 0.641456 -0.000783466 -0.0605543 0.01 55 55 0 0 0
3307 0.619343 -0.000850476 -0.0869819 0.01 54 54 0 0 0
3308 0.612717 -0.000870555 -0.027821 0.01 66 66 0 0 0
3311 0.596098 -0.000920914 -0.027821 0.01 66 66 0 0 0
3314 0.599254 -0.000911352 -0.0219639 0.01 67 67 0 0 0
3320 0.601084 -0.000905808 -0.0337053 0.01 60 60 0 0 0
3324 0.555717 -0.00104328 -0.0313481 0.01 60 61 0 0 0
3325 0.591578 -0.000934611 -0.0107023 0.01 55 55 2.82824e-05 0 0.00848907
3326 0.632705 -0.000809984 -0.0583782 0.01 55 55 0 0 0
3334 0.555717 -0.00104328 -0.0313481 0.01 60 60 0 0 0
3336 0.626641 -0.000828362 -0.0515744 0.01 60 60 0 0 0
3342 0.646884 -0.000767018 -0.0394034 0.01 60 60 0 0 0
3347 0.559409 -0.00103209 -0.0379843 0.01 55 55 0 0 0
3348 0.615737 -0.000861402 -0.0815116 0.01 55 56 0 0 0
3349 0.601084 -0.000905808 -0.0339708 0.01 60 60 0 0 0
3350 0.601472 -0.00090463 -0.0169418 0.01 55 55 -0.00992154 0.0141617 0
3352 0.625744 -0.000831078 -0.0966658 0.01 54 56 0 0 0
3354 0.594374 -0.000926139 -0.027821 0.01 67 67 0 0 0
3359 0.604135 -0.00089656 -0.0286844 0.01 54 55 0 0 0
3362 0.608584 -0.000883079 -0.027821 0.01 66 66 0 0 0
3366 0.604135 -0.00089656 -0.0354983 0.01 55 55 0 0 0
3372 0.584691 -0.000955483 -0.0379843 0.01 55 55 0 0 0
3374 0.588168 -0.000944947 -0.0448444 0.01 60 60 0 0 0
3382 0.610064 -0.000878593 -0.0307902 0.01 60 60 0 0 0
3383 0.597989 -0.000915185 -0.0565642 0.01 60 59 0 0 0
3395 0.650749 -0.000755307 -0.0619089 0.01 67 67 0 0 0
3398 0.601599 -0.000904244 -0.027821 0.01 66 66 0 0 0
3404 0.628524 -0.000822656 -0.0627168 0.01 54 54 0 0 -0.00433861
3405 0.653991 -0.000745481 -0.021706 0.01 66 66 0 0 0
3412 0.58731 -0.000947545 -0.0169418 0.01 55 55 0 0 0
3413 0.572966 -0.000991013 -0.0604978 0.01 60 62 0 0 0
3414 0.588168 -0.000944947 -0.0448444 0.01 60 60 0 0 0
3416 0.638795 -0.000791531 -0.074109 0.01 55 55 0 0 0
3425 0.591578 -0.000934611 -0.0191914 0.01 55 55 0 0 0
3426 0.590178 -0.000938853 -0.0645519 0.01 55 55 0 0 0
3429 0.650749 -0.000755307 -0.0724858 0.01 67 67 0 0 0
3432 0.613868 -0.000867068 -0.0638419 0.01 55 55 0 0 0
3434 0.646884 -0.000767018 -0.0394034 0.01 60 60 0 0 0
3435 0.626641 -0.000828362 -0.0515744 0.01 60 60 0 0 0
3441 0.599254 -0.000911352 -0.0219639 0.01 68 68 0 0 0
3443 0.661942 -0.000721387 -0.0908979 0.01 55 55 -0.0131516 0.0228193 0
3446 0.632255 -0.000811347 -0.0677656 0.01 55 55 0 0 0
3449 0.581846 -0.000964102 -0.05374 0.01 66 65 0 0 0
3455 0.559409 -0.00103209 -0.0379843 0.01 55 55 0 0 0
3456 0.584849 -0.000955002 -0.0259319 0.01 60 60 0.00172757 0 0.0120524
3464 0.601084 -0.000905808 -0.0379843 0.01 53 53 0 0 0
3466 0.590924 -0.000936594 -0.0284861 0.01 60 60 0 0 0
3470 0.599254 -0.000911352 -0.0219639 0.01 66 66 0 0 0
3474 0.614731 -0.000864453 -0.0354983 0.01 55 55 0 0 0
3476 0.628524 -0.000822656 -0.0583782 0.01 55 55 0 0 0
3481 0.590057 -0.00093922 -0.0320542 0.01 54 54 0 0 0
3483 0.576846 -0.000979255 -0.027821 0.01 66 66 0 0 0
3486 0.590057 -0.00093922 -0.0320542 0.01 54 54 0 0 0
3492 0.643739 -0.000776548 -0.0770264 0.01 60 60 0 0 0
3506 0.58468 -0.000955514 -0.078177 0.01 55 55 0 0 0
3517 0.555717 -0.00104328 -0.0313481 0.01 60 60 0 0 0
3522 0.601084 -0.000905808 -0.0379843 0.01 53 53 0 0 0
3524 0.650749 -0.000755307 -0.0619089 0.01 67 67 0 0 0
3527 0.614186 -0.000866104 -0.0622157 0.01 54 54 0 0 0
3529 0.651251 -0.000753784 -0.0676825 0.01 55 55 0 0 0
3532 0.601084 -0.000905808 -0.0407183 0.01 60 60 0 0 0
3537 0.601084 -0.000905808 -0.0545781 0.01 66 66 0 0 0
3538 0.600174 -0.000908563 -0.0286211 0.01 60 60 0 0 0
3540 0.559409 -0.00103209 -0.0379843 0.01 55 55 0 0 0
3546 0.577197 -0.00097819 -0.0116917 0.01 66 66 0 0 0
3553 0.624624 -0.000834473 -0.0677656 0.01 55 55 0 0 0
3554 0.601084 -0.000905808 -0.0379843 0.01 60 60 0 0 0
3561 0.614954 -0.000863775 -0.0286211 0.01 60 61 0 0 0
3569 0.586696 -0.000949406 -0.0311095 0.01 54 54 0 0 0
3573 0.650749 -0.000755307 -0.0619089 0.01 67 67 0 0 0
3579 0.599165 -0.000911621 -0.0169418 0.01 55 55 0 0 0
3583 0.635935 -0.000800196 -0.0462213 0.01 60 59 0 0 0
3586 0.584761 -0.000955269 -0.0320542 0.01 55 55 0 0 0
3589 0.559409 -0.00103209 -0.0379843 0.01 55 55 0 0 0
3590 0.600174 -0.000908563 -0.0286211 0.01 60 60 0 0 0
3595 0.612717 -0.000870555 -0.0299993 0.01 66 66 -0.00136966 0 -0.00217831
3603 0.585379 -0.000953398 -0.0583782 0.01 60 61 0 0 0
3611 0.619343 -0.000850476 -0.0869819 0.01 54 54 0 0 0
3614 0.599254 -0.000911352 -0.0219639 0.01 66 66 0 0 0
3618 0.596098 -0.000920914 -0.027821 0.01 66 66 0 0 0
3620 0.599254 -0.000911352 -0.0219639 0.01 67 67 0 0 0
3622 0.596098 -0.000920914 -0.027821 0.01 66 66 0 0 0
3628 0.55851 -0.00103482 -0.0379843 0.01 55 55 0 0 0
3629 0.616847 -0.00085804 -0.0834549 0.01 60 60 -0.00178123 0 -0.0140969
3631 0.612717 -0.000870555 -0.027821 0.01 60 61 0 0 0
3633 0.635026 -0.000802951 -0.0862453 0.01 54 54 -0.0118615 0.0192887 0.00979354
3643 0.624012 -0.000836327 -0.0311095 0.01 60 60 0 0 0
3644 0.601084 -0.000905808 -0.041546 0.01 66 66 0 0 0
3645 0.624624 -0.000834473 -0.0677656 0.01 55 55 0 0 0
3648 0.575767 -0.000982526 -0.05374 0.01 66 66 0 0 0
3651 0.625683 -0.000831265 -0.0587049 0.01 54 54 0 0 0
3652 0.5718 -0.000994547 -0.0292538 0.01 54 54 0 0 0
3657 0.601084 -0.000905808 -0.0379843 0.01 53 53 0 0 0
3661 0.586696 -0.000949406 -0.0311095 0.01 55 55 0 0 0
3662 0.58468 -0.000955514 -0.078177 0.01 54 54 0 0 0
3668 0.601084 -0.000905808 -0.041546 0.01 66 66 0 0 0
3675 0.599254 -0.000911352 -0.0219639 0.01 66 66 0 0 0
3681 0.578597 -0.000973949 -0.0396593 0.01 66 65 0 0 0
3682 0.604135 -0.00089656 -0.0155383 0.01 55 55 0 0 0
3684 0.605032 -0.000893843 -0.0286211 0.01 54 54 0 0 0
3689 0.599254 -0.000911352 -0.0219639 0.01 67 67 0 0 0
3690 0.586696 -0.000949406 -0.0311095 0.01 55 55 0 0 0
3691 0.554979 -0.00104552 -0.0313481 0.01 60 60 0 0 0
3692 0.650749 -0.000755307 -0.0619089 0.01 66 66 0 0 0
3694 0.58468 -0.000955514 -0.078177 0.01 55 55 0 0 0
3702 0.60099 -0.000906091 -0.0242978 0.01 54 54 0 0 0
3703 0.593287 -0.000929435 -0.0379843 0.01 60 60 0 0 0
3711 0.594374 -0.000926139 -0.027821 0.01 66 66 0 0 0
3713 0.600174 -0.000908563 -0.0286211 0.01 60 60 0 0 0
3717 0.590057 -0.00093922 -0.0320542 0.01 55 55 0 0 0
3727 0.578597 -0.000973949 -0.0379843 0.01 60 60 0 0 0
3730 0.58731 -0.000947545 -0.0169418 0.01 53 53 0 0 0
3731 0.650749 -0.000755307 -0.0288298 0.01 67 67 0 0 0
3733 0.619343 -0.000850476 -0.0869819 0.01 54 54 0 0 0
3736 0.578597 -0.000973949 -0.0379843 0.01 55 55 0 0 0
3744 0.615737 -0.000861402 -0.0960388 0.01 54 54 0 0 0
3745 0.58468 -0.000955514 -0.078177 0.01 55 55 0 0 0
3747 0.596098 -0.000920914 -0.027821 0.01 66 66 0 0 0
3749 0.599254 -0.000911352 -0.0219639 0.01 67 67 0 0 0
3754 0.555717 -0.00104328 -0.0313481 0.01 60 60 0 0 0
3755 0.605734 -0.000891714 -0.101753 0.01 53 53 -5.00679e-05 0 -0.0172371
3759 0.61673 -0.000858393 -0.0583782 0.01 55 55 0 0 0
3765 0.599254 -0.000911352 -0.0219639 0.01 66 66 0 0 0
3768 0.614186 -0.000866104 -0.0622157 0.01 55 55 0 0 0
3770 0.650749 -0.000755307 -0.0619089 0.01 67 67 0 0 0
3772 0.60099 -0.000906091 -0.0242978 0.01 55 54 0 0 0
3791 0.581053 -0.000966505 -0.041546 0.01 66 66 0 0 0
3793 0.559409 -0.00103209 -0.0379843 0.01 54 54 0 0 0
3800 0.586696 -0.000949406 -0.0311095 0.01 54 54 0 0 0
3805 0.616847 -0.00085804 -0.0733336 0.01 60 60 0 0 0
3813 0.634548 -0.000804401 -0.0180906 0.01 67 67 0 0 0
3818 0.577403 -0.000977566 -0.027821 0.01 66 65 0 0 0
3820 0.594374 -0.000926139 -0.0464195 0.01 66 66 0 0 0
3822 0.554544 -0.00104684 -0.0269886 0.01 60 60 0 0 0
3823 0.626641 -0.000828362 -0.0515744 0.01 60 60 0 0 0
3825 0.599254 -0.000911352 -0.0219639 0.01 66 66 0 0 0
3829 0.58731 -0.000947545 -0.0169418 0.01 55 55 0 0 0
3832 0.554544 -0.00104684 -0.0313481 0.01 60 61 0 0 0
3835 0.584849 -0.000955002 -0.0379843 0.01 60 60 0 0 0
3837 0.63777 -0.000794637 -0.0500441 0.01 60 60 0 0 0
3841 0.622682 -0.000840359 -0.0406628 0.01 60 60 0 0 0
3842 0.653236 -0.000747769 -0.0638419 0.01 60 60 0 0 0
3852 0.578597 -0.000973949 -0.0169418 0.01 55 55 0 0 0
3853 0.599254 -0.000911352 -0.0219639 0.01 67 66 0 0 0
3854 0.586696 -0.000949406 -0.0311095 0.01 54 54 0 0 0
3855 0.584691 -0.000955483 -0.059493 0.01 55 55 0 0 0
3856 0.599254 -0.000911352 -0.0219639 0.01 67 67 0 0 0
3857 0.599254 -0.000911352 -0.0219639 0.01 67 67 0 0 0
3859 0.612878 -0.000870066 -0.0725234 0.01 54 55 0 0 0
3861 0.584723 -0.000955384 -0.0311095 0.01 60 60 0 0 0
3863 0.591578 -0.000934611 -0.0191914 0.01 55 55 0 0 0
3865 0.600174 -0.000908563 -0.0286211 0.01 60 60 0 0 0
3866 0.591903 -0.000933626 -0.027821 0.01 67 67 0 0 0
3872 0.576846 -0.000979255 -0.027821 0.01 66 66 0 0 0
3874 0.58468 -0.000955514 -0.078177 0.01 55 55 0 0 0
3878 0.632255 -0.000811347 -0.0677656 0.01 55 55 0 0 0
3879 0.593287 -0.000929435 -0.0379843 0.01 60 60 0 0 0
3880 0.5718 -0.000994547 -0.0292538 0.01 54 54 0 0 0
3887 0.554544 -0.00104684 -0.0313481 0.01 60 60 0 0 0
3893 0.599254 -0.000911352 -0.0219639 0.01 68 68 0 0 0
3894 0.554979 -0.00104552 -0.0313481 0.01 60 60 0 0 0
3896 0.575291 -0.000983966 -0.059493 0.01 55 55 0.00691625 -0.00939941 0
3898 0.586696 -0.000949406 -0.0311095 0.01 54 54 0 0 0
3899 0.555717 -0.00104328 -0.0313481 0.01 60 60 0 0 0
3900 0.650749 -0.000755307 -0.0619089 0.01 67 67 0 0 0
3903 0.594374 -0.000926139 -0.027821 0.01 67 67 0 0 0
3907 0.555717 -0.00104328 -0.0313481 0.01 60 60 0 0 0
3911 0.599165 -0.000911621 -0.0277411 0.01 55 56 0 0 0
3915 0.586696 -0.000949406 -0.0311095 0.01 53 53 0 0 0
3919 0.599254 -0.000911352 -0.0219639 0.01 66 66 0 0 0
3929 0.650749 -0.000755307 -0.0619089 0.01 68 67 0 0 0
3932 0.633466 -0.000807679 -0.108248 0.01 55 55 0 0 0
3934 0.646867 -0.000767069 -0.0515164 0.01 55 55 0 0 0
3938 0.60457 -0.000895241 -0.0470347 0.01 60 60 0.000321269 0 0.00241008
3939 0.604135 -0.00089656 -0.037158 0.01 60 60 0 0 0
3942 0.650749 -0.000755307 -0.0619089 0.01 66 66 0 0 0
3947 0.599254 -0.000911352 -0.0219639 0.01 66 66 0 0 0
3948 0.638795 -0.000791531 -0.074109 0.01 55 55 0 0 0
3949 0.600174 -0.000908563 -0.016511 0.01 60 60 0 0 0
3958 0.612717 -0.000870555 -0.027821 0.01 66 66 0 0 0
3961 0.624624 -0.000834473 -0.0677656 0.01 55 55 0 0 0
3965 0.582921 -0.000960846 -0.0206037 0.01 53 53 0 0 0
3969 0.604135 -0.00089656 -0.0354983 0.01 55 55 0 0 0
3971 0.599254 -0.000911352 -0.0219639 0.01 66 66 0 0 0
3973 0.574852 -0.000985296 -0.0472515 0.01 60 60 0 0 0
3980 0.554979 -0.00104552 -0.0313481 0.01 60 60 0 0 0
3983 0.650749 -0.000755307 -0.0724858 0.01 67 67 0 0 0
3985 0.584691 -0.000955483 -0.0379843 0.01 54 54 0 0 0
3986 0.599254 -0.000911352 -0.0219639 0.01 68 68 0 0 0
3988 0.647043 -0.000766535 -0.0464553 0.01 54 54 0 0 0
3990 0.590057 -0.00093922 -0.0468001 0.01 55 55 0 0 0
3991 0.584761 -0.000955269 -0.0320542 0.01 55 55 0 0 0
3999 0.623455 -0.000838014 -0.10108 0.01 54 54 0 0 0
4000 0.619343 -0.000850476 -0.0869819 0.01 54 54 0 0 0
4012 0.632705 -0.000809984 -0.0583782 0.01 55 55 0 0 0
4015 0.632707 -0.000809977 -0.108248 0.01 55 55 0 0 0
4023 0.594374 -0.000926139 -0.027821 0.01 66 66 0 0 0
4025 0.623455 -0.000838014 -0.10108 0.01 54 54 0 0 0
4035 0.588168 -0.000944947 -0.0448444 0.01 60 60 0 0 0
4037 0.639123 -0.000790537 -0.0908979 0.01 55 55 0 0 0
4038 0.601084 -0.000905808 -0.0339708 0.01 60 60 0 0 0
4039 0.624012 -0.000836327 -0.0311095 0.01 60 60 0 0 0
4043 0.599254 -0.000911352 -0.0219639 0.01 66 66 0 0 0
4047 0.623455 -0.000838014 -0.0753484 0.01 55 55 0 0 0
4051 0.624372 -0.000835236 -0.0645519 0.01 60 60 0 0 0
4052 0.601084 -0.000905808 -0.0339708 0.01 60 60 0 0 0
4054 0.596098 -0.000920914 -0.027821 0.01 66 66 0 0 0
4064 0.601084 -0.000905808 -0.041546 0.01 66 66 0 0 0
4070 0.568608 -0.00100422 -0.05374 0.01 66 66 0.00580955 -0.00715846 0
4076 0.63777 -0.000794637 -0.0500441 0.01 60 60 0 0 0
4082 0.564943 -0.00101532 -0.05374 0.01 60 60 0 0 0
4083 0.60099 -0.000906091 -0.0242978 0.01 54 54 0 0 0
4085 0.599254 -0.000911352 -0.0219639 0.01 68 68 0 0 0
4086 0.601084 -0.000905808 -0.0438489 0.01 60 60 0 0 0
4087 0.594374 -0.000926139 -0.027821 0.01 66 66 0 0 0
4089 0.601084 -0.000905808 -0.0379843 0.01 60 60 0 0 0
4101 0.615632 -0.00086172 -0.0587049 0.01 54 54 0 0 0
4105 0.594374 -0.000926139 -0.027821 0.01 66 65 0 0 0
4108 0.599254 -0.000911352 -0.0219639 0.01 67 67 0 0 0
4109 0.601084 -0.000905808 -0.0379843 0.01 53 53 0 0 0
4115 0.626725 -0.000828106 -0.0147138 0.01 60 60 0 0 0
4116 0.555717 -0.00104328 -0.0313481 0.01 60 60 0 0 0
4120 0.586696 -0.000949406 -0.0311095 0.01 55 55 0 0 0
4121 0.559409 -0.00103209 -0.0379843 0.01 55 55 0 0 0
4122 0.586696 -0.000949406 -0.0311095 0.01 54 55 0 0 0
4125 0.599114 -0.000911776 -0.0468001 0.01 55 55 0 0 0
4126 0.612878 -0.000870066 -0.0725234 0.01 54 54 0 0 0
4127 0.584691 -0.000955483 -0.0379843 0.01 54 54 0 0 0
4129 0.619343 -0.000850476 -0.0869819 0.01 54 54 0 0 0
4135 0.639955 -0.000788016 -0.0510449 0.01 60 60 0 0 0
4137 0.58731 -0.000947545 -0.0169418 0.01 55 55 0 0 0
4138 0.605032 -0.000893843 -0.0286211 0.01 54 54 0 0 0
4140 0.653628 -0.000746581 -0.0696824 0.01 67 67 -0.00179285 0.00287926 0
4145 0.632707 -0.000809977 -0.108248 0.01 54 54 0 0 0
4147 0.599254 -0.000911352 -0.0219639 0.01 68 68 0 0 0
4149 0.59167 -0.000934333 -0.0350367 0.01 60 60 -0.010228 0.0130731 0
4153 0.638795 -0.000791531 -0.074109 0.01 55 55 0 0 0
4157 0.586696 -0.000949406 -0.0311095 0.01 54 54 0 0 0
4158 0.555717 -0.00104328 -0.0313481 0.01 60 60 0 0 0
4159 0.612717 -0.000870555 -0.027821 0.01 66 66 0 0 0
4160 0.605241 -0.00089321 -0.0638419 0.01 55 55 0.00573033 -0.00862676 0
4165 0.588173 -0.00094493 -0.0225817 0.01 55 56 0 0 0
4166 0.599254 -0.000911352 -0.0219639 0.01 68 68 0 0 0
4168 0.586696 -0.000949406 -0.0311095 0.01 55 55 0 0 0
4169 0.555717 -0.00104328 -0.0313481 0.01 60 60 0 0 0
4173 0.58468 -0.000955514 -0.078177 0.01 55 55 0 0 0
4176 0.599254 -0.000911352 -0.027821 0.01 66 66 0 0 0
4179 0.617115 -0.000857228 -0.0583782 0.01 55 55 -0.000248894 0.000384688 0
4186 0.591903 -0.000933626 -0.027076 0.01 66 66 0 0 0
4187 0.574852 -0.000985296 -0.0472515 0.01 60 60 0 0 0
4188 0.594374 -0.000926139 -0.027821 0.01 67 67 0 0 0
4191 0.605734 -0.000891714 -0.0646829 0.01 54 54 0 0 0
4194 0.596328 -0.000920218 -0.0286211 0.01 55 55 0.00596543 -0.00870395 0
4200 0.590057 -0.00093922 -0.0468001 0.01 54 55 0 0 0
4206 0.615632 -0.00086172 -0.0587049 0.01 54 54 0 0 0
4212 0.599254 -0.000911352 -0.0219639 0.01 66 66 0 0 0
4218 0.624624 -0.000834473 -0.0677656 0.01 54 55 0 0 0
4224 0.599254 -0.000911352 -0.0219639 0.01 67 67 0 0 0
4229 0.632707 -0.000809977 -0.108248 0.01 55 55 0 0 0
4232 0.614322 -0.00086569 -0.0583782 0.01 55 55 0 0 0
4233 0.58468 -0.000955514 -0.078177 0.01 55 55 0 0 0
4235 0.624624 -0.000834473 -0.0677656 0.01 54 54 0 0 0
4236 0.642528 -0.000780218 -0.0583782 0.01 55 55 0 0 0
4237 0.59204 -0.000933212 -0.0815116 0.01 55 54 0 0 0
4240 0.601084 -0.000905808 -0.041546 0.01 66 66 0 0 0
4244 0.626725 -0.000828106 -0.00404118 0.01 60 60 0 0 0
4249 0.58731 -0.000947545 -0.0169418 0.01 54 54 0 0 0
4253 0.650603 -0.000755747 -0.0278968 0.01 60 61 0 0 0
4257 0.625744 -0.000831078 -0.0966658 0.01 54 54 0 0 0
4260 0.599254 -0.000911352 -0.0219639 0.01 68 68 0 0 0
4261 0.632255 -0.000811347 -0.0905002 0.01 55 55 -6.48052e-05 0 -0.0227346
4262 0.61604 -0.000860486 -0.0642615 0.01 55 55 0 0 0
4265 0.560035 -0.0010302 -0.0239343 0.01 60 60 0 0 0
4267 0.608341 -0.000883814 -0.0587049 0.01 54 54 0.00469965 -0.00729108 0
4275 0.612878 -0.000870066 -0.0725234 0.01 55 55 0 0 0
4276 0.599254 -0.000911352 -0.0219639 0.01 66 66 0 0 0
4282 0.639331 -0.000789905 -0.0077089 0.01 66 65 0 0 0
4284 0.588157 -0.000944979 -0.0360131 0.01 60 60 0 0 0
4285 0.60099 -0.000906091 -0.0242978 0.01 55 55 0 0 0
4286 0.632255 -0.000811347 -0.0677656 0.01 55 55 0 0 0
4287 0.619343 -0.000850476 -0.0869819 0.01 54 54 0 0 0
4291 0.600174 -0.000908563 -0.0286211 0.01 60 61 0 0 0
4293 0.592808 -0.000930884 -0.0379843 0.01 60 60 0 0 0
4301 0.58731 -0.000947545 -0.0169418 0.01 55 55 0 0 0
4303 0.624624 -0.000834473 -0.0677656 0.01 55 56 0 0 0
4304 0.588168 -0.000944947 -0.0448444 0.01 60 60 0 0 0
4309 0.573779 -0.00098855 -0.0379843 0.01 60 60 0 0 0
4313 0.642569 -0.000780095 -0.0583782 0.01 55 56 0 0 0
4315 0.651251 -0.000753784 -0.0676825 0.01 55 55 0 0 0
4325 0.624624 -0.000834473 -0.0677656 0.01 55 55 0 0 0
4326 0.584849 -0.000955002 -0.0259319 0.01 60 60 0 0 0
4328 0.619343 -0.000850476 -0.0869819 0.01 54 54 0 0 0
4330 0.662992 -0.000718207 -0.0619089 0.01 67 67 -0.00768431 0.0122428 0
4337 0.555717 -0.00104328 -0.0313481 0.01 60 60 0 0 0
4339 0.639938 -0.000788067 -0.116996 0.01 55 56 -0.000100553 0 -0.00874751
4342 0.650749 -0.000755307 -0.0288298 0.01 67 67 0 0 0
4349 0.577445 -0.000977441 -0.0379843 0.01 60 60 0 0 0
4352 0.599254 -0.000911352 -0.0219639 0.01 66 66 0 0 0
4353 0.581846 -0.000964102 -0.05374 0.01 60 60 0 0 0
4355 0.559409 -0.00103209 -0.0379843 0.01 54 54 0 0 0
4360 0.599254 -0.000911352 -0.0219639 0.01 66 66 0 0 0
4363 0.596964 -0.00091829 -0.0379843 0.01 60 60 0 0 0
4369 0.559409 -0.00103209 -0.0379843 0.01 55 55 0 0 0
4371 0.590057 -0.00093922 -0.00442329 0.01 55 55 4.35263e-05 0 0.0131055
4373 0.590057 -0.00093922 -0.00442329 0.01 55 55 0 0 0
4374 0.588173 -0.00094493 -0.0225817 0.01 54 54 0 0 0
4376 0.586696 -0.000949406 -0.0311095 0.01 53 54 0 0 0
4377 0.619343 -0.000850476 -0.0869819 0.01 54 54 0 0 0
4378 0.586696 -0.000949406 -0.0311095 0.01 54 54 0 0 0
4379 0.638795 -0.000791531 -0.074109 0.01 55 55 0 0 0
4383 0.62855 -0.000822576 -0.0357196 0.01 66 65 0 0 0
4385 0.594666 -0.000925254 -0.0169418 0.01 54 55 0 0 0
4387 0.586696 -0.000949406 -0.0311095 0.01 54 54 0 0 0
4388 0.599254 -0.000911352 -0.0219639 0.01 67 67 0 0 0
4400 0.554544 -0.00104684 -0.0313481 0.01 60 60 0 0 0
4403 0.584691 -0.000955483 -0.0379843 0.01 55 55 0 0 0
4404 0.613868 -0.000867068 -0.0638419 0.01 54 55 0 0 0
4409 0.601084 -0.000905808 -0.041546 0.01 66 67 0 0 0
4413 0.612717 -0.000870555 -0.0299993 0.01 66 66 0 0 0
4416 0.599254 -0.000911352 -0.027821 0.01 66 66 0 0 0
4417 0.590057 -0.00093922 -0.0468001 0.01 55 55 0 0 0
4418 0.591903 -0.000933626 -0.027821 0.01 68 68 0 0 0
4421 0.602196 -0.000902437 -0.0311095 0.01 60 59 0 0 0
4426 0.594374 -0.000926139 -0.0464195 0.01 66 66 0 0 0
4435 0.601084 -0.000905808 -0.0379843 0.01 60 61 0 0 0
4436 0.555717 -0.00104328 -0.0313481 0.01 60 60 0 0 0
4445 0.586696 -0.000949406 -0.0311095 0.01 54 54 0 0 0
4447 0.594374 -0.000926139 -0.0464195 0.01 67 66 0 0 0
4453 0.601084 -0.000905808 -0.041546 0.01 66 66 0 0 0
4457 0.559409 -0.00103209 -0.0379843 0.01 54 54 0 0 0
4458 0.639938 -0.000788067 -0.116996 0.01 55 55 0 0 0
4459 0.596098 -0.000920914 -0.027821 0.01 66 66 0 0 0
4461 0.650603 -0.000755747 -0.0278968 0.01 60 60 0 0 0
4466 0.596098 -0.000920914 -0.027821 0.01 66 65 0 0 0
4472 0.605734 -0.000891714 -0.0845158 0.01 53 53 0 0 0
4473 0.61673 -0.000858393 -0.0583782 0.01 55 55 0 0 0
4475 0.601084 -0.000905808 -0.0379843 0.01 53 53 0 0 0
4479 0.588488 -0.000943976 -0.0121863 0.01 54 54 0 0 0
4483 0.58468 -0.000955514 -0.078177 0.01 55 55 0 0 0
4488 0.587612 -0.00094663 -0.0717507 0.01 60 60 0 0 0
4501 0.591903 -0.000933626 -0.027821 0.01 68 68 0 0 0
4503 0.633466 -0.000807679 -0.108248 0.01 55 55 0 0 0
4505 0.632255 -0.000811347 -0.0677656 0.01 55 55 0 0 0
4513 0.606265 -0.000890106 -0.0286211 0.01 60 60 0 0 0
4514 0.578597 -0.000973949 -0.0396593 0.01 67 66 0 0 0
4519 0.599254 -0.000911352 -0.0219639 0.01 66 66 0 0 0
4525 0.58468 -0.000955514 -0.078177 0.01 55 55 0 0 0
4528 0.586696 -0.000949406 -0.0311095 0.01 54 54 0 0 0
4529 0.581822 -0.000964175 -0.0583782 0.01 54 55 0 0 0
4531 0.632255 -0.000811347 -0.0677656 0.01 54 55 0 0 0
4532 0.624624 -0.000834473 -0.0677656 0.01 54 54 0 0 0
4535 0.545536 -0.00107413 -0.0262227 0.01 60 60 0 0 0
4542 0.559409 -0.00103209 -0.0379843 0.01 55 55 0 0 0
4547 0.559409 -0.00103209 -0.0379843 0.01 53 53 0 0 0
4550 0.601084 -0.000905808 -0.0407598 0.01 53 53 0 0 0
4554 0.591903 -0.000933626 -0.027821 0.01 66 66 0 0 0
4563 0.616847 -0.00085804 -0.069358 0.01 60 60 0 0 0
4564 0.599254 -0.000911352 -0.0219639 0.01 67 66 0 0 0
4566 0.591903 -0.000933626 -0.027821 0.01 66 66 0 0 0
4569 0.605241 -0.00089321 -0.0638419 0.01 55 55 0 0 0
4575 0.581846 -0.000964102 -0.05374 0.01 60 60 0 0 0
4582 0.650749 -0.000755307 -0.0619089 0.01 67 67 0 0 0
4585 0.626641 -0.000828362 -0.0515744 0.01 60 60 0 0 0
4587 0.586696 -0.000949406 -0.0311095 0.01 53 53 0 0 0
4590 0.601084 -0.000905808 -0.0379843 0.01 53 53 0 0 0
4594 0.601084 -0.000905808 -0.0407598 0.01 53 53 0 0 0
4604 0.588488 -0.000943976 -0.0121863 0.01 54 55 0 0 0
4606 0.586696 -0.000949406 -0.0311095 0.01 54 55 0 0 0
4611 0.590057 -0.00093922 -0.0320542 0.01 54 54 0 0 0
4620 0.559409 -0.00103209 -0.0379843 0.01 53 53 0 0 0
4639 0.586696 -0.000949406 -0.0311095 0.01 55 55 0 0 0
4644 0.647043 -0.000766535 -0.0464553 0.01 54 55 0 0 0
4646 0.584849 -0.000955002 -0.0259319 0.01 60 60 0 0 0
4652 0.559409 -0.00103209 -0.0379843 0.01 55 55 0 0 0
4653 0.601084 -0.000905808 -0.0545781 0.01 66 66 0 0 0
4656 0.61673 -0.000858393 -0.0583782 0.01 55 55 0 0 0
4658 0.599254 -0.000911352 -0.0219639 0.01 67 67 0 0 0
4659 0.584691 -0.000955483 -0.0379843 0.01 55 55 0 0 0
4665 0.599254 -0.000911352 -0.0219639 0.01 67 67 0 0 0
4669 0.559409 -0.00103209 -0.0379843 0.01 55 55 0 0 0
4672 0.646867 -0.000767069 -0.0648483 0.01 55 55 0 0 0
4675 0.599114 -0.000911776 -0.0468001 0.01 54 55 0 0 0
4679 0.588168 -0.000944947 -0.0448444 0.01 60 60 0 0 0
4686 0.61455 -0.000864999 -0.0428002 0.01 53 55 0 0 0
4687 0.554544 -0.00104684 -0.0269886 0.01 60 60 0 0 0
4695 0.624488 -0.000834884 -0.0638419 0.01 55 55 0 0 0
4698 0.591903 -0.000933626 -0.027821 0.01 66 66 0 0 0
4703 0.628524 -0.000822656 -0.0459028 0.01 55 55 0 0 0
4705 0.567325 -0.00100811 -0.050537 0.01 60 60 0 0 0
4706 0.615737 -0.000861402 -0.0960388 0.01 54 54 0 0 0
4710 0.590178 -0.000938853 -0.0645519 0.01 55 56 0 0 0
4711 0.577066 -0.000978587 -0.0722684 0.01 60 60 0.0170507 -0.0224838 0
4713 0.599114 -0.000911776 -0.0468001 0.01 54 55 -0.00633708 0.00905669 0
4716 0.624624 -0.000834473 -0.0677656 0.01 54 54 0 0 0
4719 0.58103 -0.000966577 -0.0311095 0.01 54 54 0.00403264 -0.00566632 0
4723 0.584849 -0.000955002 -0.0259319 0.01 60 60 0 0 0
4729 0.624372 -0.000835236 -0.0483537 0.01 55 56 0 0 0
4731 0.559409 -0.00103209 -0.0379843 0.01 55 55 0 0 0
4736 0.55851 -0.00103482 -0.0255992 0.01 54 55 0 0 0
4744 0.58731 -0.000947545 -0.0169418 0.01 54 54 0 0 0
4745 0.590057 -0.00093922 -0.0320542 0.01 54 54 0 0 0
4747 0.555717 -0.00104328 -0.0313481 0.01 60 60 0 0 0
4749 0.591183 -0.000935808 -0.0379843 0.01 55 55 0 0 0
4754 0.586696 -0.000949406 -0.0311095 0.01 55 55 0 0 0
4756 0.591578 -0.000934611 -0.0191914 0.01 55 55 0 0 0
4758 0.601084 -0.000905808 -0.0407183 0.01 60 60 0 0 0
4760 0.584691 -0.000955483 -0.059493 0.01 55 55 0 0 0
4765 0.636696 -0.000797891 -0.0457757 0.01 55 55 0 0 0
4766 0.578597 -0.000973949 -0.0379843 0.01 55 55 0 0 0
4773 0.601084 -0.000905808 -0.0379843 0.01 53 53 0 0 0
4775 0.61673 -0.000858393 -0.0583782 0.01 55 55 0 0 0
4778 0.581846 -0.000964102 -0.05374 0.01 60 62 0 0 0
4782 0.616937 -0.000857767 -0.0311095 0.01 55 56 0 0 0
4787 0.644466 -0.000774344 -0.021706 0.01 66 66 0 0 0
4794 0.58731 -0.000947545 -0.0169418 0.01 55 55 0 0 0
4798 0.624624 -0.000834473 -0.0677656 0.01 54 54 0 0 0
4803 0.601084 -0.000905808 -0.041546 0.01 66 66 0 0 0
4804 0.601084 -0.000905808 -0.041546 0.01 66 66 0 0 0
4812 0.601084 -0.000905808 -0.041546 0.01 66 66 0 0 0
4815 0.584723 -0.000955384 -0.0207864 0.01 60 60 0.00148499 0 0.0103231
4821 0.599254 -0.000911352 -0.0219639 0.01 66 66 0 0 0
4822 0.591903 -0.000933626 -0.0217736 0.01 66 66 0.00406685 0 0.00604739
4823 0.599254 -0.000911352 -0.0219639 0.01 67 67 0 0 0
4824 0.625683 -0.000831265 -0.0587049 0.01 54 54 0 0 0
4830 0.594374 -0.000926139 -0.027821 0.01 66 66 0 0 0
4833 0.55851 -0.00103482 -0.0379843 0.01 55 55 0.000711024 -0.0008986 0
4841 0.584691 -0.000955483 -0.059493 0.01 55 55 0 0 0
4842 0.610064 -0.000878593 -0.0307902 0.01 60 60 0 0 0
4843 0.601084 -0.000905808 -0.041546 0.01 66 66 0 0 0
4852 0.559409 -0.00103209 -0.0307667 0.01 55 55 2.65688e-05 0 0.00721764
4861 0.605734 -0.000891714 -0.0594457 0.01 54 54 0 0 0
4862 0.591903 -0.000933626 -0.027821 0.01 66 66 0 0 0
4867 0.58731 -0.000947545 -0.0169418 0.01 55 55 0 0 0
4869 0.559409 -0.00103209 -0.0379843 0.01 55 55 0 0 0
4873 0.587104 -0.00094817 -0.0335369 0.01 60 59 0 0 0
4875 0.588445 -0.000944107 -0.0284861 0.01 60 60 0 0 0
4876 0.559409 -0.00103209 -0.0379843 0.01 55 55 0 0 0
4877 0.620684 -0.000846411 -0.041546 0.01 66 66 -0.0146936 0.0196009 0
4880 0.635924 -0.00080023 -0.0622157 0.01 60 60 0 0 0
4881 0.599254 -0.000911352 -0.0219639 0.01 67 66 0 0 0
4884 0.619343 -0.000850476 -0.0869819 0.01 54 54 0 0 0
4887 0.596098 -0.000920914 -0.027821 0.01 66 66 0 0 0
4888 0.586696 -0.000949406 -0.0311095 0.01 55 55 0 0 0
4890 0.632255 -0.000811347 -0.0677656 0.01 55 55 0 0 0
4891 0.650749 -0.000755307 -0.0619089 0.01 67 67 0 0 0
4892 0.588168 -0.000944947 -0.0448444 0.01 60 60 0 0 0
4905 0.599254 -0.000911352 -0.0219639 0.01 66 66 0 0 0
4910 0.581846 -0.000964102 -0.05374 0.01 60 59 0 0 0
4912 0.599254 -0.000911352 -0.0219639 0.01 67 67 0 0 0
4919 0.559409 -0.00103209 -0.0379843 0.01 55 55 0 0 0
4920 0.650749 -0.000755307 -0.0619089 0.01 67 67 0 0 0
4922 0.586696 -0.000949406 -0.0311095 0.01 54 54 0 0 0
4927 0.601084 -0.000905808 -0.0379843 0.01 60 60 0 0 0
4929 0.58468 -0.000955514 -0.078177 0.01 54 54 0 0 0
4930 0.634548 -0.000804401 -0.0180906 0.01 66 65 0 0 0
4939 0.619343 -0.000850476 -0.0869819 0.01 54 54 0 0 0
4950 0.619343 -0.000850476 -0.0869819 0.01 54 54 0 0 0
4951 0.614615 -0.000864802 -0.027821 0.01 60 61 0 0 0
4954 0.615737 -0.000861402 -0.0815116 0.01 54 54 0 0 0
4955 0.586696 -0.000949406 -0.0311095 0.01 55 55 0 0 0
4956 0.559409 -0.00103209 -0.0379843 0.01 54 54 0 0 0
4958 0.596098 -0.000920914 -0.027821 0.01 66 66 0 0 0
4959 0.559409 -0.00103209 -0.0379843 0.01 53 53 0 0 0
4965 0.601084 -0.000905808 -0.041546 0.01 66 66 0 0 0
4967 0.578597 -0.000973949 -0.0571605 0.01 60 60 0 0 0
4971 0.635759 -0.000800731 -0.0033662 0.01 66 66 0 0 0
4976 0.601084 -0.000905808 -0.0438489 0.01 60 60 0 0 0
4977 0.599254 -0.000911352 -0.0219639 0.01 67 67 0 0 0
4980 0.636696 -0.000797891 -0.0457757 0.01 55 55 0 0 0
4982 0.61604 -0.000860486 -0.0642615 0.01 55 55 0 0 0
4995 0.63777 -0.000794637 -0.0500441 0.01 60 60 0 0 0
4999 0.634457 -0.000804675 -0.0247192 0.01 60 61 0 0 0
5000 0.650749 -0.000755307 -0.0619089 0.01 67 67 0 0 0
5003 0.63777 -0.000794637 -0.0500441 0.01 60 60 0 0 0
5015 0.583596 -0.0009588 -0.0169418 0.01 55 55 0 0 0
5017 0.612878 -0.000870066 -0.0594849 0.01 55 55 0 0 0
5019 0.650749 -0.000755307 -0.0619089 0.01 67 66 0 0 0
5026 0.586696 -0.000949406 -0.0311095 0.01 55 55 0 0 0
5030 0.576143 -0.000981385 -0.0386162 0.01 60 59 0 0 0
5033 0.605032 -0.000893843 -0.0286211 0.01 54 54 0 0 0
5036 0.601084 -0.000905808 -0.041546 0.01 66 66 0 0 0
5039 0.580099 -0.000969396 -0.0374428 0.01 60 60 0 0 0
5041 0.58468 -0.000955514 -0.078177 0.01 54 54 0 0 0
5043 0.599254 -0.000911352 -0.0219639 0.01 66 66 0 0 0
5046 0.559409 -0.00103209 -0.0379843 0.01 55 55 0 0 0
5048 0.594374 -0.000926139 -0.0155412 0.01 67 67 0.00996611 0 0.0122798
5049 0.577445 -0.000977441 -0.0379843 0.01 60 60 0 0 0
5057 0.601084 -0.000905808 -0.0407598 0.01 53 53 -7.83801e-06 0 -0.00277547
5064 0.584761 -0.000955269 -0.0320542 0.01 55 55 0 0 0
5066 0.601084 -0.000905808 -0.0379843 0.01 60 60 0 0 0
5075 0.586696 -0.000949406 -0.0286475 0.01 54 54 0 0 0
5076 0.58731 -0.000947545 -0.0169418 0.01 53 54 0 0 0
5078 0.650749 -0.000755307 -0.0619089 0.01 67 67 0 0 0
5079 0.590057 -0.00093922 -0.0468001 0.01 54 54 0 0 0
5080 0.559409 -0.00103209 -0.0379843 0.01 55 55 0 0 0
5082 0.643954 -0.000775897 -0.00114156 0.01 68 68 0 0 0
5091 0.641597 -0.000783039 -0.0789017 0.01 55 55 0 0 0
5092 0.643954 -0.000775897 -0.00114156 0.01 66 65 0 0 0
5095 0.605032 -0.000893843 -0.0286211 0.01 53 54 0 0 0
5098 0.581822 -0.000964175 -0.0583782 0.01 55 56 0 0 0
5101 0.610064 -0.000878593 -0.0659811 0.01 60 60 0 0 0
5104 0.63777 -0.000794637 -0.0500441 0.01 60 60 0 0 0
5106 0.604135 -0.00089656 -0.0263914 0.01 55 56 6.17206e-05 0 0.00471809
5110 0.591903 -0.000933626 -0.027821 0.01 68 68 0 0 0
5111 0.568499 -0.00100455 -0.0206037 0.01 60 59 0 0 0
5113 0.555717 -0.00104328 -0.0313481 0.01 60 60 0 0 0
5114 0.600174 -0.000908563 -0.0286211 0.01 60 60 0 0 0
5116 0.643954 -0.000775897 -0.00114156 0.01 68 67 0 0 0
5118 0.636696 -0.000797891 -0.0457757 0.01 55 55 0 0 0
5131 0.594374 -0.000926139 -0.027821 0.01 66 66 0 0 0
5135 0.559409 -0.00103209 -0.0379843 0.01 55 55 0 0 0
5136 0.615737 -0.000861402 -0.0815116 0.01 54 54 0 0 0
5137 0.634548 -0.000804401 -0.0180906 0.01 67 65 0 0 0
5141 0.594374 -0.000926139 -0.027821 0.01 66 66 0 0 0
5142 0.578597 -0.000973949 -0.0379843 0.01 60 60 0 0 0
5144 0.623455 -0.000838014 -0.10108 0.01 54 54 0 0 0
5148 0.641597 -0.000783039 -0.0789017 0.01 55 55 0 0 0
5151 0.615737 -0.000861402 -0.0815116 0.01 55 55 0 0 0
5156 0.559409 -0.00103209 -0.0379843 0.01 55 55 0 0 0
5159 0.586696 -0.000949406 -0.0311095 0.01 54 54 0 0 0
5160 0.632707 -0.000809977 -0.108248 0.01 55 55 0 0 0
5162 0.601084 -0.000905808 -0.0379843 0.01 53 53 0 0 0
5167 0.650749 -0.000755307 -0.0696824 0.01 67 67 0 0 0
5169 0.542692 -0.00108275 -0.0402656 0.01 55 56 0 0 0
5173 0.615632 -0.00086172 -0.0587049 0.01 54 54 0 0 0
5175 0.568499 -0.00100455 -0.0206037 0.01 53 53 0 0 0
5178 0.612878 -0.000870066 -0.0815116 0.01 54 54 0 0 0
5182 0.572966 -0.000991013 -0.0604978 0.01 60 60 0 0 0
5186 0.642362 -0.000780721 -0.0597337 0.01 53 54 0 0 0
5189 0.655277 -0.000741586 -0.0567993 0.01 53 53 6.94394e-06 0 0.00293443
5198 0.554544 -0.00104684 -0.0313481 0.01 60 60 0 0 0
5201 0.591578 -0.000934611 -0.0191914 0.01 55 55 0 0 0
5204 0.593476 -0.000928859 -0.0648271 0.01 60 61 0 0 0
5208 0.577197 -0.00097819 -0.0116917 0.01 66 66 0 0 0
5211 0.58468 -0.000955514 -0.078177 0.01 54 54 0 0 0
5215 0.646867 -0.000767069 -0.0687668 0.01 55 55 0 0 0
5216 0.594374 -0.000926139 -0.0260389 0.01 66 66 0.00118428 0 0.00178204
5220 0.650749 -0.000755307 -0.0619089 0.01 67 67 0 0 0
5223 0.601084 -0.000905808 -0.041546 0.01 66 66 0 0 0
5228 0.589891 -0.000939726 -0.0379843 0.01 55 55 0 0 0
5229 0.642528 -0.000780218 -0.0583782 0.01 55 55 0 0 0
5234 0.628524 -0.000822656 -0.0583782 0.01 55 55 0 0 0
5235 0.586696 -0.000949406 -0.0311095 0.01 55 55 0 0 0
5237 0.624012 -0.000836327 -0.0311095 0.01 60 60 0 0 0
5238 0.599254 -0.000911352 -0.0219639 0.01 68 68 0 0 0
5239 0.594374 -0.000926139 -0.027821 0.01 67 67 0 0 0
5245 0.573779 -0.00098855 -0.0379843 0.01 60 60 0 0 0
5246 0.613678 -0.000867644 -0.0311095 0.01 55 55 0 0 0
5247 0.605734 -0.000891714 -0.0815116 0.01 55 55 0 0 0
5249 0.554544 -0.00104684 -0.0313481 0.01 60 60 0 0 0
5251 0.599114 -0.000911776 -0.0468001 0.01 55 55 0 0 0
5253 0.614615 -0.000864802 -0.0388177 0.01 60 61 0 0 0
5255 0.624624 -0.000834473 -0.0677656 0.01 54 54 0 0 0
5256 0.567082 -0.00100884 -0.0379843 0.01 55 55 0 0 0
5258 0.624624 -0.000834473 -0.0677656 0.01 54 54 0 0 0
5260 0.574852 -0.000985296 -0.0472515 0.01 60 60 0 0 0
5261 0.601084 -0.000905808 -0.041546 0.01 66 66 0 0 0
5268 0.594374 -0.000926139 -0.0518311 0.01 66 66 -0.00342003 0 -0.00541157
5269 0.58468 -0.000955514 -0.078177 0.01 55 55 0 0 0
5271 0.615608 -0.000861794 -0.026799 0.01 60 60 0 0 0
5273 0.577197 -0.00097819 -0.0116917 0.01 66 66 0 0 0
5279 0.594374 -0.000926139 -0.027821 0.01 66 65 0 0 0
5285 0.559409 -0.00103209 -0.0303203 0.01 54 54 0 0 0
5291 0.590178 -0.000938853 -0.0645519 0.01 55 55 0 0 0
5295 0.591903 -0.000933626 -0.027076 0.01 66 66 0 0 0
5296 0.559409 -0.00103209 -0.0379843 0.01 53 53 0 0 0
5298 0.604135 -0.00089656 -0.0286844 0.01 54 54 0 0 0
5304 0.615737 -0.000861402 -0.0815116 0.01 53 54 0 0 0
5305 0.639123 -0.000790537 -0.0908979 0.01 55 56 0 0 0
5319 0.599254 -0.000911352 -0.0219639 0.01 68 68 0 0 0
5321 0.555717 -0.00104328 -0.0313481 0.01 60 59 0 0 0
5322 0.599254 -0.000911352 -0.0219639 0.01 66 66 0 0 0
5324 0.584691 -0.000955483 -0.0379843 0.01 54 54 0 0 0
5325 0.58731 -0.000947545 -0.0169418 0.01 55 55 0 0 0
5338 0.650749 -0.000755307 -0.0724858 0.01 67 67 0 0 0
5348 0.623455 -0.000838014 -0.0753484 0.01 55 55 0 0 0
5352 0.650749 -0.000755307 -0.0619089 0.01 67 67 0 0 0
5360 0.586696 -0.000949406 -0.0311095 0.01 55 55 0 0 0
5365 0.622682 -0.000840359 -0.0406628 0.01 60 60 0 0 0
5367 0.594374 -0.000926139 -0.0260389 0.01 66 66 0 0 0
5369 0.554085 -0.00104823 -0.0448444 0.01 60 60 0 0 0
5375 0.611841 -0.00087321 -0.0286211 0.01 55 55 0 0 0
5392 0.605032 -0.000893843 -0.0286211 0.01 54 54 0 0 0
5395 0.639331 -0.000789905 -0.0077089 0.01 66 66 0 0 0
5402 0.601084 -0.000905808 -0.0379843 0.01 60 60 0 0 0
5404 0.591903 -0.000933626 -0.027821 0.01 66 66 0 0 0
5406 0.587104 -0.00094817 -0.0335369 0.01 60 59 0 0 0
5407 0.566217 -0.00101146 -0.0313481 0.01 60 60 0 0 0
5411 0.624624 -0.000834473 -0.0677656 0.01 54 54 0 0 0
5418 0.636696 -0.000797891 -0.0457757 0.01 55 55 0 0 0
5423 0.594374 -0.000926139 -0.027821 0.01 66 65 0 0 0
5424 0.591903 -0.000933626 -0.027821 0.01 67 67 0 0 0
5428 0.598192 -0.000914569 -0.0379843 0.01 60 60 0 0 0
5434 0.58468 -0.000955514 -0.078177 0.01 55 55 0 0 0
5435 0.624624 -0.000834473 -0.0677656 0.01 55 55 0 0 0
5438 0.594374 -0.000926139 -0.0203778 0.01 67 67 0.00600165 0 0.00744324
5439 0.594374 -0.000926139 -0.027821 0.01 66 66 0 0 0
5440 0.614504 -0.000865138 -0.0379843 0.01 60 59 0 0 0
5452 0.612717 -0.000870555 -0.0299993 0.01 66 66 0 0 0
5453 0.555717 -0.00104328 -0.0313481 0.01 60 60 0 0 0
5455 0.554544 -0.00104684 -0.0269886 0.01 60 59 0 0 0
5460 0.581846 -0.000964102 -0.05374 0.01 60 60 0 0 0
5469 0.588168 -0.000944947 -0.0360351 0.01 60 61 0 0 0
5470 0.588157 -0.000944979 -0.0379843 0.01 60 60 0 0 0
5471 0.644466 -0.000774344 -0.021706 0.01 66 66 0 0 0
5472 0.559409 -0.00103209 -0.0379843 0.01 55 55 0 0 0
5473 0.560035 -0.0010302 -0.0374428 0.01 60 60 0.0164377 -0.0200644 0
5476 0.615608 -0.000861794 -0.0337705 0.01 60 61 0 0 0
5477 0.559409 -0.00103209 -0.0379843 0.01 55 55 0 0 0
5478 0.578597 -0.000973949 -0.0571605 0.01 60 60 0 0 0
5484 0.601084 -0.000905808 -0.041546 0.01 66 66 0 0 0
5486 0.623455 -0.000838014 -0.10108 0.01 54 54 0 0 0
5490 0.624488 -0.000834884 -0.0638419 0.01 55 55 0 0 0
5497 0.581846 -0.000964102 -0.05374 0.01 60 61 0 0 0
5505 0.559409 -0.00103209 -0.0379843 0.01 53 53 0 0 0
5506 0.615608 -0.000861794 -0.026799 0.01 60 60 0 0 0
5509 0.585205 -0.000953925 -0.0785008 0.01 60 61 0 0 0
5517 0.560035 -0.0010302 -0.0239343 0.01 60 60 0 0 0
5519 0.641597 -0.000783039 -0.0789017 0.01 55 55 0 0 0
5520 0.639263 -0.000790113 -0.0033662 0.01 66 65 0 0 0
5527 0.58468 -0.000955514 -0.0857584 0.01 55 55 -2.57343e-05 0 -0.00758136
5529 0.559409 -0.00103209 -0.0379843 0.01 55 55 0 0 0
5532 0.577513 -0.000977234 -0.0169418 0.01 60 60 0 0 0
5533 0.581846 -0.000964102 -0.05374 0.01 60 62 0 0 0
5535 0.632705 -0.000809984 -0.0583782 0.01 54 54 0 0 0
5538 0.624624 -0.000834473 -0.0677656 0.01 55 55 0 0 0
5539 0.599254 -0.000911352 -0.027821 0.01 66 66 0 0 0
5540 0.639955 -0.000788016 -0.0510449 0.01 60 60 0 0 0
5550 0.577197 -0.00097819 -0.0116917 0.01 66 66 0 0 0
5557 0.650749 -0.000755307 -0.0619089 0.01 66 66 0 0 0
5561 0.623455 -0.000838014 -0.10108 0.01 54 54 0 0 0
5564 0.624624 -0.000834473 -0.0677656 0.01 53 53 0 0 0
5565 0.581846 -0.000964102 -0.05374 0.01 60 60 0 0 0
5568 0.555717 -0.00104328 -0.0313481 0.01 60 60 0 0 0
5569 0.586696 -0.000949406 -0.0311095 0.01 55 55 0 0 0
5572 0.605734 -0.000891714 -0.0845158 0.01 53 54 0 0 0
5575 0.567082 -0.00100884 -0.0379843 0.01 55 55 0 0 0
5583 0.601084 -0.000905808 -0.0339708 0.01 60 60 0 0 0
5584 0.591903 -0.000933626 -0.027076 0.01 66 66 0 0 0
5586 0.601084 -0.000905808 -0.0379843 0.01 55 55 0 0 0
5589 0.612878 -0.000870066 -0.0725234 0.01 55 55 0 0 0
5591 0.591903 -0.000933626 -0.027821 0.01 67 67 0 0 0
5592 0.619343 -0.000850476 -0.0869819 0.01 54 54 0 0 0
5593 0.559409 -0.00103209 -0.0379843 0.01 53 53 0 0 0
5598 0.614322 -0.00086569 -0.0583782 0.01 55 55 0 0 0
5601 0.554544 -0.00104684 -0.0269886 0.01 60 60 0 0 0
5606 0.594374 -0.000926139 -0.027821 0.01 66 66 0 0 0
5609 0.599254 -0.000911352 -0.0219639 0.01 68 68 0 0 0
5610 0.577197 -0.00097819 -0.0116917 0.01 66 66 0 0 0
5612 0.612878 -0.000870066 -0.0594849 0.01 55 55 0 0 0
5621 0.650749 -0.000755307 -0.0724858 0.01 67 67 0 0 0
5622 0.615632 -0.00086172 -0.0587049 0.01 55 55 0 0 0
5624 0.639263 -0.000790113 -0.0033662 0.01 66 66 0 0 0
5634 0.608584 -0.000883079 -0.027821 0.01 66 66 0 0 0
5637 0.577445 -0.000977441 -0.0379843 0.01 60 60 0 0 0
5638 0.591903 -0.000933626 -0.027076 0.01 66 66 0 0 0
5647 0.63777 -0.000794637 -0.0500441 0.01 60 60 0 0 0
5655 0.639123 -0.000790537 -0.0908979 0.01 55 56 0 0 0
5656 0.578597 -0.000973949 -0.0396593 0.01 66 66 0 0 0
5671 0.554085 -0.00104823 -0.0448444 0.01 60 60 0 0 0
5673 0.591903 -0.000933626 -0.027076 0.01 66 66 0 0 0
5677 0.615737 -0.000861402 -0.0960388 0.01 54 54 0 0 0
5678 0.568499 -0.00100455 -0.0206037 0.01 53 53 0 0 0
5679 0.626641 -0.000828362 -0.0448967 0.01 60 60 0.000831351 0 0.00667775
5680 0.559409 -0.00103209 -0.0379843 0.01 54 54 0 0 0
5681 0.616847 -0.00085804 -0.0733336 0.01 60 60 0 0 0
5682 0.599254 -0.000911352 -0.0219639 0.01 68 68 0 0 0
5685 0.6145 -0.00086515 -0.0587049 0.01 55 54 0 0 0
5691 0.568499 -0.00100455 -0.0206037 0.01 53 53 0 0 0
5693 0.604712 -0.000894812 -0.0645519 0.01 60 60 0 0 0
5694 0.608584 -0.000883079 -0.027821 0.01 66 66 0 0 0
5699 0.615632 -0.00086172 -0.0587049 0.01 55 54 0 0 0
5700 0.545536 -0.00107413 -0.0262227 0.01 60 60 0 0 0
5701 0.605734 -0.000891714 -0.0845158 0.01 55 55 0 0 0
5705 0.601084 -0.000905808 -0.041546 0.01 66 66 0 0 0
5706 0.614322 -0.00086569 -0.0583782 0.01 55 55 0 0 0
5707 0.586696 -0.000949406 -0.0311095 0.01 55 54 0 0 0
5710 0.60099 -0.000906091 -0.0242978 0.01 55 55 0 0 0
5711 0.594374 -0.000926139 -0.027821 0.01 66 65 0 0 0
5717 0.619343 -0.000850476 -0.0869819 0.01 54 54 0 0 0
5719 0.614186 -0.000866104 -0.0622157 0.01 54 54 0 0 0
5727 0.624488 -0.000834884 -0.0638419 0.01 55 55 0 0 0
5731 0.600174 -0.000908563 -0.0286211 0.01 60 60 0 0 0
5753 0.581053 -0.000966505 -0.041546 0.01 66 66 0 0 0
5754 0.5718 -0.000994547 -0.0292538 0.01 55 55 0 0 0
5755 0.650368 -0.00075646 -0.0908979 0.01 54 54 0 0 0
5759 0.601084 -0.000905808 -0.0339708 0.01 60 60 0 0 0
5760 0.623455 -0.000838014 -0.0633198 0.01 54 55 0 0 0
5761 0.643739 -0.000776548 -0.0770264 0.01 60 60 0 0 0
5765 0.578597 -0.000973949 -0.0247574 0.01 55 55 0 0 0
5767 0.590057 -0.00093922 -0.0468001 0.01 54 55 0 0 0
5769 0.636696 -0.000797891 -0.0457757 0.01 55 55 0 0 0
5770 0.599254 -0.000911352 -0.0219639 0.01 67 67 0 0 0
5771 0.584691 -0.000955483 -0.0379843 0.01 55 55 0 0 0
5772 0.58731 -0.000947545 -0.0169418 0.01 55 55 0 0 0
5779 0.594374 -0.000926139 -0.027821 0.01 67 66 0 0 0
5782 0.614731 -0.000864453 -0.0354983 0.01 55 55 0 0 0
5786 0.559409 -0.00103209 -0.0379843 0.01 54 54 0 0 0
5789 0.599254 -0.000911352 -0.0219639 0.01 66 66 0 0 0
5790 0.591578 -0.000934611 -0.0191914 0.01 55 55 0 0 0
5794 0.581846 -0.000964102 -0.05374 0.01 60 60 0 0 0
5795 0.650749 -0.000755307 -0.0619089 0.01 67 67 0 0 0
5799 0.632707 -0.000809977 -0.108248 0.01 55 55 0 0 0
5803 0.644466 -0.000774344 -0.0259789 0.01 66 65 0 0 0
5808 0.554085 -0.00104823 -0.0448444 0.01 60 60 0 0 0
5813 0.586696 -0.000949406 -0.0311095 0.01 54 54 0 0 0
5814 0.596098 -0.000920914 -0.027821 0.01 66 66 0 0 0
5816 0.591903 -0.000933626 -0.027821 0.01 68 68 0 0 0
5817 0.624624 -0.000834473 -0.0677656 0.01 54 54 0 0 0
5818 0.624624 -0.000834473 -0.0677656 0.01 55 55 0 0 0
5820 0.613868 -0.000867068 -0.0638419 0.01 55 55 0 0 0
5831 0.650749 -0.000755307 -0.0619089 0.01 67 67 0 0 0
5833 0.59204 -0.000933212 -0.0815116 0.01 55 55 0 0 0
5837 0.601084 -0.000905808 -0.0407598 0.01 53 53 0 0 0
5838 0.615737 -0.000861402 -0.0815116 0.01 54 54 0 0 0
5842 0.595702 -0.000922114 -0.0379843 0.01 60 60 0 0 0
5846 0.604135 -0.00089656 -0.0155383 0.01 54 54 0 0 0
5849 0.554544 -0.00104684 -0.0313481 0.01 60 60 0 0 0
5850 0.616772 -0.000858266 -0.0648291 0.01 55 56 0 0 0
5851 0.60457 -0.000895241 -0.0494447 0.01 60 60 0 0 0
5854 0.595004 -0.000924231 -0.0169418 0.01 60 59 0 0 0
5855 0.615737 -0.000861402 -0.0815116 0.01 54 54 0 0 0
5863 0.604135 -0.00089656 -0.0354983 0.01 54 55 0 0 0
5868 0.599254 -0.000911352 -0.0219639 0.01 66 66 0 0 0
5873 0.611847 -0.00087319 -0.0169418 0.01 55 55 0 0 0
5875 0.591903 -0.000933626 -0.027076 0.01 66 66 0 0 0
5876 0.605734 -0.000891714 -0.0646829 0.01 54 54 0 0 0
5879 0.632705 -0.000809984 -0.0824001 0.01 55 55 0 0 0
5885 0.559409 -0.00103209 -0.0379843 0.01 55 55 0 0 0
5895 0.555717 -0.00104328 -0.0313481 0.01 60 60 0 0 0
5898 0.615632 -0.00086172 -0.0587049 0.01 54 54 0 0 0
5900 0.616847 -0.00085804 -0.0733336 0.01 60 60 0 0 0
5903 0.559409 -0.00103209 -0.0379843 0.01 55 55 0 0 0
5905 0.601084 -0.000905808 -0.0407183 0.01 60 60 0 0 0
5906 0.601084 -0.000905808 -0.041546 0.01 66 66 0 0 0
5907 0.58731 -0.000947545 -0.0169418 0.01 55 55 0 0 0
5909 0.601084 -0.000905808 -0.041546 0.01 66 66 0 0 0
5914 0.594374 -0.000926139 -0.027821 0.01 66 66 0 0 0
5924 0.615737 -0.000861402 -0.0815116 0.01 53 53 0 0 0
5933 0.601084 -0.000905808 -0.041546 0.01 66 66 0 0 0
5935 0.554979 -0.00104552 -0.0313481 0.01 60 60 0 0 0
5939 0.581846 -0.000964102 -0.055644 0.01 60 60 0 0 0
5944 0.63777 -0.000794637 -0.0500441 0.01 60 60 0 0 0
5948 0.601084 -0.000905808 -0.0453348 0.01 55 56 0 0 0
5951 0.604135 -0.00089656 -0.0286844 0.01 54 54 0 0 0
5952 0.612878 -0.000870066 -0.0725234 0.01 54 55 0 0 0
5954 0.581846 -0.000964102 -0.0667622 0.01 60 60 0 0 0
5960 0.619343 -0.000850476 -0.0869819 0.01 54 54 0 0 0
5963 0.555717 -0.00104328 -0.0313481 0.01 60 60 0 0 0
5967 0.650749 -0.000755307 -0.0619089 0.01 67 67 0 0 0
5973 0.599254 -0.000911352 -0.0219639 0.01 67 67 0 0 0
5976 0.599114 -0.000911776 -0.0468001 0.01 54 54 0 0 0
5986 0.635924 -0.00080023 -0.0622157 0.01 60 59 0 0 0
5987 0.559409 -0.00103209 -0.0379843 0.01 55 55 0 0 0
5988 0.588157 -0.000944979 -0.0351426 0.01 60 60 0.000402316 0 0.00284177
5990 0.599254 -0.000911352 -0.0219639 0.01 66 66 0 0 0
5991 0.615608 -0.000861794 -0.026799 0.01 60 60 0 0 0
5998 0.568499 -0.00100455 -0.0206037 0.01 60 60 0 0 0
6001 0.58731 -0.000947545 -0.0169418 0.01 54 54 0 0 0
6007 0.568499 -0.00100455 -0.0206037 0.01 53 53 0 0 0
6008 0.624624 -0.000834473 -0.0677656 0.01 55 55 0 0 0
6011 0.568499 -0.00100455 -0.0206037 0.01 53 53 0 0 0
6019 0.596098 -0.000920914 -0.027821 0.01 66 66 0 0 0
6021 0.594374 -0.000926139 -0.027821 0.01 67 67 0 0 0
6024 0.601599 -0.000904244 -0.027821 0.01 66 66 0.00868532 -0.0111175 0
6028 0.615632 -0.00086172 -0.0587049 0.01 54 54 0 0 0
6034 0.614322 -0.00086569 -0.0583782 0.01 55 55 0 0 0
6037 0.564943 -0.00101532 -0.05374 0.01 60 60 0 0 0
6038 0.588168 -0.000944947 -0.0448444 0.01 60 61 0 0 0
6039 0.554979 -0.00104552 -0.0313481 0.01 60 61 0 0 0
6040 0.618435 -0.000853228 -0.0609435 0.01 60 60 0 0 0
6041 0.632707 -0.000809977 -0.108248 0.01 55 55 0 0 0
6044 0.599254 -0.000911352 -0.0219639 0.01 66 66 0 0 0
6046 0.638795 -0.000791531 -0.074109 0.01 55 55 0 0 0
6047 0.632707 -0.000809977 -0.108248 0.01 55 55 0 0 0
6050 0.632705 -0.000809984 -0.0583782 0.01 55 55 0 0 0
6058 0.605734 -0.000891714 -0.0845158 0.01 53 53 0 0 0
6059 0.581846 -0.000964102 -0.055644 0.01 60 60 0 0 0
6062 0.586696 -0.000949406 -0.0311095 0.01 54 54 0 0 0
6067 0.633466 -0.000807679 -0.124141 0.01 54 55 -4.53293e-05 0 -0.0158932
6068 0.615737 -0.000861402 -0.0815116 0.01 55 55 0 0 0
6070 0.601084 -0.000905808 -0.0379843 0.01 60 59 0 0 0
6073 0.644879 -0.000773094 -0.0333269 0.01 60 60 0 0 0
6077 0.64536 -0.000771635 -0.0390065 0.01 60 63 0 0 0
6079 0.576846 -0.000979255 -0.027821 0.01 66 66 0 0 0
6084 0.614322 -0.00086569 -0.0583782 0.01 55 55 0 0 0
6088 0.599254 -0.000911352 -0.0219639 0.01 66 66 0 0 0
6091 0.559409 -0.00103209 -0.0379843 0.01 55 55 0 0 0
6092 0.641456 -0.000783466 -0.0908979 0.01 54 55 0 0 0
6093 0.61455 -0.000864999 -0.0428002 0.01 54 54 0 0 0
6094 0.594977 -0.000924312 -0.05374 0.01 60 59 0 0 0
6097 0.559409 -0.00103209 -0.0379843 0.01 53 53 0 0 0
6099 0.624624 -0.000834473 -0.0677656 0.01 54 55 0 0 0
6101 0.632707 -0.000809977 -0.108248 0.01 55 55 0 0 0
6102 0.599254 -0.000911352 -0.0219639 0.01 66 66 0 0 0
6105 0.601084 -0.000905808 -0.0698201 0.01 60 60 0 0 0
6109 0.612717 -0.000870555 -0.027821 0.01 66 66 0 0 0
6110 0.586696 -0.000949406 -0.0311095 0.01 53 54 0 0 0
6116 0.607438 -0.00088655 -0.0284861 0.01 60 60 0 0 0
6117 0.594374 -0.000926139 -0.027821 0.01 66 65 0 0 0
6119 0.60457 -0.000895241 -0.0494447 0.01 60 60 0 0 0
6121 0.624012 -0.000836327 -0.0311095 0.01 60 60 0 0 0
6125 0.594374 -0.000926139 -0.027821 0.01 66 65 0 0 0
6126 0.594374 -0.000926139 -0.027821 0.01 66 66 0 0 0
6128 0.626725 -0.000828106 -0.00404118 0.01 60 60 0 0 0
6130 0.624624 -0.000834473 -0.0677656 0.01 55 55 0 0 0
6132 0.590963 -0.000936476 -0.0311095 0.01 60 60 0.00520685 -0.00683653 0
6133 0.59204 -0.000933212 -0.0815116 0.01 55 54 0 0 0
6137 0.601084 -0.000905808 -0.0438489 0.01 60 60 0 0 0
6139 0.554544 -0.00104684 -0.0313481 0.01 60 60 0 0 0
6143 0.632255 -0.000811347 -0.0677656 0.01 55 55 0 0 0
6144 0.624624 -0.000834473 -0.0677656 0.01 53 53 0 0 0
6145 0.636073 -0.00079978 -0.0406628 0.01 66 65 0 0 0
6146 0.635759 -0.000800731 -0.0033662 0.01 66 66 0 0 0
6150 0.626641 -0.000828362 -0.0515744 0.01 60 60 0 0 0
6151 0.588157 -0.000944979 -0.0360131 0.01 60 60 0 0 0
6154 0.612878 -0.000870066 -0.0725234 0.01 55 55 0 0 0
6156 0.610064 -0.000878593 -0.0487132 0.01 60 61 0 0 0
6157 0.591183 -0.000935808 -0.0379843 0.01 55 55 0 0 0
6162 0.601084 -0.000905808 -0.0339708 0.01 60 60 0 0 0
6163 0.586696 -0.000949406 -0.0311095 0.01 53 55 0 0 0
6166 0.588157 -0.000944979 -0.0360131 0.01 60 60 0.000279024 0 0.00197122
6169 0.555717 -0.00104328 -0.0372697 0.01 60 59 0 0 0
6174 0.601084 -0.000905808 -0.0438489 0.01 60 60 0 0 0
6176 0.559409 -0.00103209 -0.0379843 0.01 55 55 0 0 0
6181 0.559409 -0.00103209 -0.0379843 0.01 55 55 0 0 0
6184 0.588168 -0.000944947 -0.0448444 0.01 60 60 0 0 0
6185 0.588157 -0.000944979 -0.0360131 0.01 60 60 0 0 0
6188 0.646867 -0.000767069 -0.0655812 0.01 55 55 -3.84599e-05 0 -0.0140649
6197 0.662992 -0.000718207 -0.0619089 0.01 67 67 0 0 0
6203 0.612878 -0.000870066 -0.0815116 0.01 55 56 0 0 0
6215 0.639123 -0.000790537 -0.0940059 0.01 54 55 0 0 0
6217 0.573779 -0.00098855 -0.0379843 0.01 60 60 0 0 0
6221 0.584691 -0.000955483 -0.0379843 0.01 55 55 0 0 0
6222 0.601084 -0.000905808 -0.0379843 0.01 55 56 0 0 0
6227 0.647708 -0.00076452 -0.0583791 0.01 55 55 0 0 0
6233 0.613678 -0.000867644 -0.0311095 0.01 55 56 0 0 0
6235 0.599254 -0.000911352 -0.0219639 0.01 68 68 0 0 0
6238 0.578597 -0.000973949 -0.0440127 0.01 60 60 0 0 0
6253 0.599165 -0.000911621 -0.0169418 0.01 55 55 0 0 0
6266 0.591903 -0.000933626 -0.027076 0.01 66 66 0 0 0
6267 0.619343 -0.000850476 -0.0869819 0.01 54 54 0 0 0
6269 0.601084 -0.000905808 -0.041546 0.01 66 66 0 0 0
6271 0.650749 -0.000755307 -0.0619089 0.01 67 67 0 0 0
6273 0.643954 -0.000775897 -0.00114156 0.01 67 65 0 0 0
6276 0.612153 -0.000872262 -0.0496193 0.01 60 61 0 0 0
6284 0.584691 -0.000955483 -0.0379843 0.01 54 54 0 0 0
6288 0.601084 -0.000905808 -0.041546 0.01 66 66 0 0 0
6295 0.624624 -0.000834473 -0.0677656 0.01 55 55 0 0 0
6300 0.605798 -0.000891522 -0.0286211 0.01 60 59 0 0 0
6304 0.650749 -0.000755307 -0.0619089 0.01 67 67 0 0 0
6309 0.559409 -0.00103209 -0.0379843 0.01 55 55 0 0 0
6314 0.624624 -0.000834473 -0.0677656 0.01 54 54 0 0 0
6315 0.578597 -0.000973949 -0.0379843 0.01 55 55 0 0 0
6321 0.619343 -0.000850476 -0.0869819 0.01 54 54 0 0 0
6323 0.601084 -0.000905808 -0.0379843 0.01 60 60 0 0 0
6325 0.568499 -0.00100455 -0.0206037 0.01 53 53 0 0 0
6330 0.579396 -0.000971528 -0.0320542 0.01 55 56 0 0 0
6335 0.639123 -0.000790537 -0.0891951 0.01 55 55 4.64916e-06 0 0.00170282
6337 0.594374 -0.000926139 -0.027821 0.01 67 67 0 0 0
6350 0.599254 -0.000911352 -0.0219639 0.01 67 67 0 0 0
6352 0.643954 -0.000775897 -0.00114156 0.01 66 65 0 0 0
6355 0.594374 -0.000926139 -0.027821 0.01 67 67 0 0 0
6360 0.559409 -0.00103209 -0.0379843 0.01 55 55 0 0 0
6361 0.614731 -0.000864453 -0.0354983 0.01 55 55 0 0 0
6364 0.590057 -0.00093922 -0.0320542 0.01 55 55 0 0 0
6367 0.596098 -0.000920914 -0.027821 0.01 66 66 0 0 0
6368 0.599254 -0.000911352 -0.0219639 0.01 66 66 0 0 0
6371 0.554979 -0.00104552 -0.0313481 0.01 60 60 0 0 0
6373 0.594374 -0.000926139 -0.027821 0.01 67 67 0 0 0
6376 0.555717 -0.00104328 -0.0313481 0.01 60 60 0 0 0
6380 0.600174 -0.000908563 -0.0286211 0.01 60 61 0 0 0
6383 0.554544 -0.00104684 -0.0313481 0.01 60 60 0 0 0
6385 0.599254 -0.000911352 -0.0219639 0.01 67 67 0 0 0
6388 0.578597 -0.000973949 -0.0169418 0.01 60 60 0 0 0
6389 0.591903 -0.000933626 -0.027076 0.01 66 66 0 0 0
6391 0.605032 -0.000893843 -0.0286211 0.01 55 55 0 0 0
6395 0.590924 -0.000936594 -0.0284861 0.01 60 60 0 0 0
6396 0.614322 -0.00086569 -0.0583782 0.01 55 56 0 0 0
6399 0.584761 -0.000955269 -0.0320542 0.01 55 55 0 0 0
6402 0.604712 -0.000894812 -0.0645519 0.01 55 55 0 0 0
6404 0.601084 -0.000905808 -0.0442555 0.01 53 53 -1.84327e-05 0 -0.00627114
6405 0.601084 -0.000905808 -0.0407183 0.01 60 60 0 0 0
6407 0.581053 -0.000966505 -0.041546 0.01 66 66 0 0 0
6409 0.596098 -0.000920914 -0.027821 0.01 66 66 0 0 0
6410 0.642347 -0.000780767 -0.0587049 0.01 55 56 -0.00912786 0.0146937 0
6419 0.619343 -0.000850476 -0.0869819 0.01 54 54 0 0 0
6421 0.601084 -0.000905808 -0.00581634 0.01 60 60 0 0 0
6428 0.554979 -0.00104552 -0.0313481 0.01 60 61 0 0 0
6429 0.605734 -0.000891714 -0.0594457 0.01 54 54 0 0 0
6432 0.616847 -0.00085804 -0.069358 0.01 60 60 0 0 0
6433 0.601084 -0.000905808 -0.0379843 0.01 55 55 0 0 0
6434 0.604135 -0.00089656 -0.0354983 0.01 55 55 0 0 0
6439 0.559409 -0.00103209 -0.0379843 0.01 55 55 0 0 0
6441 0.581846 -0.000964102 -0.0667622 0.01 60 60 0 0 0
6442 0.559409 -0.00103209 -0.0303203 0.01 54 54 0 0 0.00766408
6443 0.615737 -0.000861402 -0.0815116 0.01 55 56 0 0 0
6444 0.583596 -0.0009588 -0.0169418 0.01 55 55 0 0 0
6445 0.601084 -0.000905808 -0.0407183 0.01 60 60 0 0 0
6446 0.581846 -0.000964102 -0.0577163 0.01 60 60 -0.000567257 0 -0.00397628
6447 0.650749 -0.000755307 -0.0724858 0.01 67 67 0 0 0
6451 0.591903 -0.000933626 -0.027076 0.01 66 66 0 0 0
6453 0.584691 -0.000955483 -0.0379843 0.01 54 54 0 0 0
6459 0.599254 -0.000911352 -0.0219639 0.01 66 66 0 0 0
6464 0.599114 -0.000911776 -0.0468001 0.01 55 55 0 0 0
6468 0.650603 -0.000755747 -0.0278968 0.01 60 60 0 0 0
6472 0.568499 -0.00100455 -0.0206037 0.01 53 53 0 0 0
6473 0.601084 -0.000905808 -0.0379843 0.01 55 55 0 0 0
6474 0.596098 -0.000920914 -0.027821 0.01 66 66 0 0 0
6478 0.650749 -0.000755307 -0.0619089 0.01 66 66 0 0 0
6479 0.590057 -0.00093922 -0.0468001 0.01 54 54 0 0 0
6491 0.601084 -0.000905808 -0.041546 0.01 66 66 0 0 0
6494 0.618435 -0.000853228 -0.0609435 0.01 60 60 0 0 0
6496 0.58468 -0.000955514 -0.078177 0.01 55 55 0 0 0
6499 0.588168 -0.000944947 -0.0448444 0.01 60 60 0 0 0
6500 0.590178 -0.000938853 -0.0645519 0.01 55 55 0 0 0
6501 0.644466 -0.000774344 -0.021706 0.01 66 66 0 0 0
6502 0.559409 -0.00103209 -0.0379843 0.01 53 53 0 0 0
6509 0.594374 -0.000926139 -0.027821 0.01 66 66 0 0 0
6515 0.55851 -0.00103482 -0.0255992 0.01 55 55 0 0 0
6516 0.588157 -0.000944979 -0.0360131 0.01 60 60 0 0 0
6517 0.578597 -0.000973949 -0.0247574 0.01 55 55 0 0 0
6519 0.554085 -0.00104823 -0.0515804 0.01 60 60 -0.00169656 0 -0.0108363
6521 0.591903 -0.000933626 -0.027821 0.01 66 65 0 0 0
6523 0.594374 -0.000926139 -0.027821 0.01 66 66 0 0 0
6526 0.632705 -0.000809984 -0.0824001 0.01 55 55 0 0 0
6529 0.559409 -0.00103209 -0.0379843 0.01 53 53 0 0 0
6532 0.601084 -0.000905808 -0.041546 0.01 66 66 0 0 0
6536 0.574852 -0.000985296 -0.0472515 0.01 60 60 0 0 0
6539 0.650749 -0.000755307 -0.0724858 0.01 67 67 0 0 0
6548 0.612995 -0.000869713 -0.0845158 0.01 55 55 0 0 0
6550 0.655443 -0.000741083 -0.0619089 0.01 67 67 -0.00297619 0.00469387 0
6551 0.601084 -0.000905808 -0.0379843 0.01 60 60 0 0 0
6554 0.590057 -0.00093922 -0.0175288 0.01 55 55 0 0 0
6557 0.581846 -0.000964102 -0.05374 0.01 60 60 0 0 0
6562 0.601084 -0.000905808 -0.0407598 0.01 53 53 0 0 0
6563 0.556153 -0.00104196 -0.0396593 0.01 66 66 0.0190572 -0.0224438 0
6570 0.554544 -0.00104684 -0.0544604 0.01 60 60 -0.00362003 0 -0.0231123
6571 0.632255 -0.000811347 -0.0677656 0.01 55 55 0 0 0
6572 0.58731 -0.000947545 -0.0169418 0.01 55 55 0 0 0
6577 0.605734 -0.000891714 -0.0815116 0.01 55 55 0 0 0
6587 0.604135 -0.00089656 -0.0311095 0.01 55 55 0 0 0
6589 0.60099 -0.000906091 -0.0242978 0.01 55 55 0 0 0
6595 0.644466 -0.000774344 -0.021706 0.01 66 65 0 0 0
6600 0.627838 -0.000824732 -0.0406628 0.01 60 60 0 0 0
6601 0.599254 -0.000911352 -0.0219639 0.01 68 67 0 0 0
6602 0.597799 -0.000915759 -0.0311095 0.01 60 60 0 0 0
6605 0.628524 -0.000822656 -0.0583782 0.01 55 55 0 0 0
6609 0.599165 -0.000911621 -0.0277411 0.01 55 55 0 0 0
6611 0.599254 -0.000911352 -0.0219639 0.01 67 67 0 0 0
6616 0.599254 -0.000911352 -0.0219639 0.01 67 67 0 0 0
6621 0.615632 -0.00086172 -0.0587049 0.01 54 54 0 0 0
6624 0.615608 -0.000861794 -0.026799 0.01 60 60 0 0 0
6632 0.601084 -0.000905808 -0.0379843 0.01 60 60 0 0 0
6633 0.581846 -0.000964102 -0.055644 0.01 60 60 0 0 0
6635 0.639955 -0.000788016 -0.0510449 0.01 60 60 0 0 0
6638 0.635759 -0.000800731 -0.0033662 0.01 66 66 0 0 0
6639 0.561191 -0.00102669 -0.0313481 0.01 60 60 -0.00530156 0.00621134 0
6640 0.601084 -0.000905808 -0.041546 0.01 66 66 0 0 0
6646 0.591183 -0.000935808 -0.0379843 0.01 55 56 0 0 0
6649 0.599254 -0.000911352 -0.0219639 0.01 67 67 0 0 0
6651 0.578597 -0.000973949 -0.0571605 0.01 60 60 0 0 0
6659 0.580099 -0.000969396 -0.0374428 0.01 60 60 0 0 0
6667 0.619343 -0.000850476 -0.0869819 0.01 54 54 0 0 0
6670 0.599165 -0.000911621 -0.0169418 0.01 55 55 0 0 0
6673 0.594374 -0.000926139 -0.0464195 0.01 66 66 0 0 0
6676 0.604135 -0.00089656 -0.0311095 0.01 54 54 0 0 0
6677 0.559409 -0.00103209 -0.0379843 0.01 55 55 0 0 0
6682 0.578597 -0.000973949 -0.0396593 0.01 66 66 0 0 0
6687 0.594374 -0.000926139 -0.027821 0.01 67 67 0 0 0
6699 0.594374 -0.000926139 -0.027821 0.01 67 66 0 0 0
6701 0.581846 -0.000964102 -0.05374 0.01 60 60 0 0 0
6702 0.596098 -0.000920914 -0.027821 0.01 66 66 0 0 0
6704 0.586696 -0.000949406 -0.0311095 0.01 55 55 0 0 0
6715 0.586696 -0.000949406 -0.0311095 0.01 54 54 0 0 0
6716 0.639123 -0.000790537 -0.0940059 0.01 54 54 0 0 0
6718 0.605241 -0.00089321 -0.0638419 0.01 55 55 0 0 0
6722 0.578597 -0.000973949 -0.0396593 0.01 66 66 0 0 0
6724 0.60771 -0.000885726 -0.0286211 0.01 60 60 0 0 0
6726 0.605734 -0.000891714 -0.0594457 0.01 54 54 0 0 0
6731 0.612878 -0.000870066 -0.0725234 0.01 55 55 0 0 0
6737 0.555717 -0.00104328 -0.0313481 0.01 60 60 0 0 0
6742 0.555717 -0.00104328 -0.0313481 0.01 60 60 0 0 0
6745 0.559409 -0.00103209 -0.0379843 0.01 55 54 0 0 0
6746 0.650749 -0.000755307 -0.0619089 0.01 67 67 0 0 0
6747 0.591903 -0.000933626 -0.0341174 0.01 66 65 0 0 0
6751 0.594374 -0.000926139 -0.027821 0.01 66 66 0 0 0
6762 0.578597 -0.000973949 -0.0169418 0.01 60 60 0 0 0
6766 0.618435 -0.000853228 -0.0609435 0.01 60 60 0 0 0
6770 0.588173 -0.00094493 -0.0225817 0.01 54 54 0 0 0
6772 0.586696 -0.000949406 -0.0311095 0.01 55 55 0 0 0
6777 0.568499 -0.00100455 -0.0206037 0.01 53 53 0 0 0
6783 0.586696 -0.000949406 -0.0311095 0.01 55 55 0 0 0
6785 0.581846 -0.000964102 -0.05374 0.01 60 60 0 0 0
6788 0.554085 -0.00104823 -0.0407442 0.01 60 60 0 0 0
6790 0.641456 -0.000783466 -0.0908979 0.01 55 55 0 0 0
6791 0.578597 -0.000973949 -0.0396593 0.01 66 66 0 0 0
6795 0.559409 -0.00103209 -0.0379843 0.01 54 54 0 0 0
6797 0.590057 -0.00093922 -0.0320542 0.01 55 55 0 0 0
6799 0.586696 -0.000949406 -0.0311095 0.01 55 55 0 0 0
6801 0.577445 -0.000977441 -0.0379843 0.01 60 60 0 0 0
6804 0.578597 -0.000973949 -0.0379843 0.01 60 60 0 0 0
6805 0.623455 -0.000838014 -0.10108 0.01 54 54 0 0 0
6806 0.584723 -0.000955384 -0.0311095 0.01 60 60 0 0 0
6808 0.650749 -0.000755307 -0.0724858 0.01 67 67 0 0 0
6818 0.613678 -0.000867644 -0.0311095 0.01 55 55 0 0 0
6821 0.626641 -0.000828362 -0.0515744 0.01 60 60 0 0 0
6825 0.599254 -0.000911352 -0.0219639 0.01 67 67 0 0 0
6826 0.581053 -0.000966505 -0.041546 0.01 66 66 0.0158609 -0.0200303 0
6828 0.624624 -0.000834473 -0.0677656 0.01 54 54 0 0 0
6829 0.624624 -0.000834473 -0.0677656 0.01 55 55 0 0 0
6832 0.642362 -0.000780721 -0.0597337 0.01 54 54 0 0 0
6833 0.604135 -0.00089656 -0.0286844 0.01 54 54 0 0 0
6834 0.605032 -0.000893843 -0.0286211 0.01 54 54 0 0 0
6837 0.600174 -0.000908563 -0.00662157 0.01 60 59 0 0 0
6841 0.627824 -0.000824774 -0.0358737 0.01 55 55 0 0 0
6843 0.577403 -0.000977566 -0.027821 0.01 66 66 0 0 0
6845 0.586696 -0.000949406 -0.0311095 0.01 55 55 0 0 0
6846 0.605734 -0.000891714 -0.0815116 0.01 55 55 0 0 0
6849 0.588168 -0.000944947 -0.0448444 0.01 60 60 0 0 0
6852 0.624624 -0.000834473 -0.0677656 0.01 54 54 0 0 0
6854 0.618033 -0.000854445 -0.0406628 0.01 60 60 0 0 0
6857 0.601084 -0.000905808 -0.0438489 0.01 60 60 0 0 0
6862 0.650749 -0.000755307 -0.0696824 0.01 67 67 0 0 0
6863 0.591903 -0.000933626 -0.027076 0.01 66 66 0 0 0
6864 0.600174 -0.000908563 -0.016511 0.01 60 60 0 0 0
6865 0.588157 -0.000944979 -0.0379843 0.01 60 60 0 0 0
6866 0.599165 -0.000911621 -0.0169418 0.01 55 55 0 0 0
6869 0.559409 -0.00103209 -0.0379843 0.01 53 53 0 0 0
6871 0.599254 -0.000911352 -0.00642656 0.01 66 67 0 0 0
6873 0.61604 -0.000860486 -0.0642615 0.01 54 54 0 0 0
6876 0.601084 -0.000905808 -0.0379843 0.01 54 54 0 0 0
6879 0.591903 -0.000933626 -0.019083 0.01 60 60 0 0 0
6882 0.599254 -0.000911352 -0.0219639 0.01 67 67 0 0 0
6892 0.601084 -0.000905808 -0.0339708 0.01 60 60 0 0 0
6896 0.60099 -0.000906091 -0.0242978 0.01 55 54 0 0 0
6897 0.612878 -0.000870066 -0.0725234 0.01 54 54 0 0 0
6900 0.590057 -0.00093922 -0.0320542 0.01 55 55 0 0 0
6901 0.586696 -0.000949406 -0.0311095 0.01 55 55 0 0 0
6902 0.604712 -0.000894812 -0.0645519 0.01 55 56 0 0 0
6903 0.605032 -0.000893843 -0.0286211 0.01 53 53 0 0 0
6905 0.559409 -0.00103209 -0.0379843 0.01 54 54 0 0 0
6908 0.586696 -0.000949406 -0.0311095 0.01 55 55 0 0 0
6910 0.601084 -0.000905808 -0.041546 0.01 66 66 0 0 0
6915 0.624012 -0.000836327 -0.0311095 0.01 60 60 0 0 0
6916 0.555717 -0.00104328 -0.0313481 0.01 60 60 0 0 0
6917 0.650603 -0.000755747 -0.0278968 0.01 60 60 0 0 0
6921 0.586696 -0.000949406 -0.0311095 0.01 55 54 0 0 0
6924 0.626725 -0.000828106 -0.00404118 0.01 60 60 0 0 0
6928 0.599254 -0.000911352 -0.0219639 0.01 67 67 0 0 0
6935 0.578597 -0.000973949 -0.0379843 0.01 60 60 0 0 0
6937 0.601599 -0.000904244 -0.027821 0.01 66 66 0 0 0
6944 0.584691 -0.000955483 -0.0379843 0.01 55 55 0 0 0
6955 0.605734 -0.000891714 -0.0815116 0.01 55 55 0 0 0
6959 0.60099 -0.000906091 -0.0242978 0.01 54 54 0 0 0
6962 0.581822 -0.000964175 -0.0583782 0.01 55 55 0 0 0
6963 0.554544 -0.00104684 -0.0313481 0.01 60 60 0 0 0
6966 0.648712 -0.000761479 -0.0583791 0.01 55 55 0 0 0
6968 0.619343 -0.000850476 -0.0869819 0.01 54 54 0 0 0
6969 0.626641 -0.000828362 -0.0390065 0.01 60 60 0 0 0
6972 0.650749 -0.000755307 -0.0619089 0.01 66 66 0 0 0
6977 0.576918 -0.000979037 -0.0379843 0.01 60 60 0 0 0
6978 0.624624 -0.000834473 -0.0677656 0.01 53 53 0 0 0
6981 0.577403 -0.000977566 -0.027821 0.01 66 66 0 0 0
6986 0.601084 -0.000905808 -0.0379843 0.01 53 53 0 0 0
6987 0.650749 -0.000755307 -0.0619089 0.01 67 67 0 0 0
6989 0.581053 -0.000966505 -0.041546 0.01 66 66 0 0 0
6990 0.578597 -0.000973949 -0.0169418 0.01 55 55 0 0 0
6991 0.628524 -0.000822656 -0.0583782 0.01 54 54 0 0 0
6994 0.593287 -0.000929435 -0.0379843 0.01 60 60 0 0 0
6997 0.601084 -0.000905808 -0.0407598 0.01 54 54 0 0 0
7006 0.588488 -0.000943976 -0.0121863 0.01 54 54 0 0 0
7007 0.559409 -0.00103209 -0.0379843 0.01 54 54 0 0 0
7011 0.650749 -0.000755307 -0.0724858 0.01 67 67 0 0 0
7013 0.591903 -0.000933626 -0.027821 0.01 66 66 0 0 0
7016 0.564943 -0.00101532 -0.05374 0.01 60 60 0 0 0
7017 0.594374 -0.000926139 -0.027821 0.01 66 66 0 0 0
7020 0.625744 -0.000831078 -0.0966658 0.01 55 55 0 0 0
7021 0.560035 -0.0010302 -0.0239343 0.01 60 60 0 0 0
7031 0.624939 -0.000833519 -0.0436816 0.01 60 60 0 0 0
7036 0.650325 -0.000756591 -0.0641819 0.01 55 55 0 0 0
7038 0.576846 -0.000979255 -0.027821 0.01 66 66 0 0 0
7048 0.632705 -0.000809984 -0.0824001 0.01 55 55 0 0 0
7051 0.643954 -0.000775897 -0.00114156 0.01 66 66 0 0 0
7054 0.554085 -0.00104823 -0.0448444 0.01 60 60 0 0 0
7057 0.612878 -0.000870066 -0.0815116 0.01 55 56 0 0 0
7060 0.601191 -0.000905483 -0.0468001 0.01 55 54 0 0 0
7063 0.554544 -0.00104684 -0.0313481 0.01 60 59 0 0 0
7067 0.594374 -0.000926139 -0.027821 0.01 67 67 0 0 0
7068 0.610064 -0.000878593 -0.0307902 0.01 60 60 0.00461535 0 0.0351909
7070 0.589891 -0.000939726 -0.0379843 0.01 55 55 0 0 0
7073 0.599254 -0.000911352 -0.0219639 0.01 67 67 0 0 0
7076 0.599254 -0.000911352 -0.0219639 0.01 66 66 0 0 0
7077 0.590178 -0.000938853 -0.0645519 0.01 55 55 0 0 0
7078 0.586696 -0.000949406 -0.0311095 0.01 54 54 0 0 0
7079 0.591903 -0.000933626 -0.0217736 0.01 66 66 0 0 0
7084 0.615632 -0.00086172 -0.0587049 0.01 54 54 0 0 0
7086 0.633466 -0.000807679 -0.108248 0.01 54 56 0 0 0
7091 0.639123 -0.000790537 -0.0940059 0.01 55 55 0 0 0
7093 0.591183 -0.000935808 -0.0379843 0.01 55 55 0 0 0
7098 0.632705 -0.000809984 -0.0824001 0.01 55 55 0 0 0
7100 0.605734 -0.000891714 -0.0938615 0.01 53 53 -2.6837e-05 0 -0.00934573
7102 0.586696 -0.000949406 -0.0447429 0.01 55 55 -4.60148e-05 0 -0.0136333
7106 0.594374 -0.000926139 -0.027821 0.01 66 66 0 0 0
7109 0.584691 -0.000955483 -0.0379843 0.01 54 54 0 0 0
7110 0.600174 -0.000908563 -0.0286211 0.01 60 60 0 0 0
7114 0.596098 -0.000920914 -0.027821 0.01 66 66 0 0 0
7118 0.594374 -0.000926139 -0.027821 0.01 67 67 0 0 0
7119 0.559409 -0.00103209 -0.0379843 0.01 54 54 0 0 0
7125 0.650749 -0.000755307 -0.0619089 0.01 67 67 0 0 0
7126 0.599254 -0.000911352 -0.0219639 0.01 66 66 0 0 0
7129 0.577445 -0.000977441 -0.0379843 0.01 60 60 0 0 0
7130 0.586696 -0.000949406 -0.0311095 0.01 54 54 0 0 0
7132 0.594374 -0.000926139 -0.027821 0.01 66 66 0 0 0
7134 0.632705 -0.000809984 -0.0638419 0.01 55 55 0 0 0
7135 0.601084 -0.000905808 -0.041546 0.01 66 66 0 0 0
7136 0.628447 -0.000822888 -0.0736253 0.01 60 60 0 0 0
7137 0.586696 -0.000949406 -0.0311095 0.01 55 55 0 0 0
7143 0.555717 -0.00104328 -0.0313481 0.01 60 60 0 0 0
7146 0.590798 -0.000936974 -0.0468001 0.01 54 54 -0.000515535 0.000741065 0
7148 0.588488 -0.000943976 -0.0121863 0.01 54 54 0 0 0
7158 0.599254 -0.000911352 -0.027821 0.01 66 66 0 0 0
7162 0.568499 -0.00100455 -0.0206037 0.01 53 53 0 0 0
7164 0.599254 -0.000911352 -0.0219639 0.01 66 66 0 0 0
7166 0.612878 -0.000870066 -0.0755569 0.01 55 55 0 0 0
7168 0.599254 -0.000911352 -0.0219639 0.01 67 67 0 0 0
7169 0.59204 -0.000933212 -0.0815116 0.01 54 54 0 0 0
7172 0.619343 -0.000850476 -0.0869819 0.01 54 54 0 0 0
7173 0.59204 -0.000933212 -0.0815116 0.01 54 54 0 0 0
7175 0.586696 -0.000949406 -0.0311095 0.01 55 55 0 0 0
7179 0.599254 -0.000911352 -0.0219639 0.01 66 66 0 0 0
7182 0.653236 -0.000747769 -0.0638419 0.01 60 60 0 0 0
7183 0.59204 -0.000933212 -0.0854229 0.01 54 54 0 0 -0.00391132
7184 0.653134 -0.00074808 -0.0619089 0.01 66 67 0 0 0
7192 0.586696 -0.000949406 -0.0311095 0.01 55 55 0 0 0
7196 0.586696 -0.000949406 -0.0311095 0.01 54 54 0 0 0
7199 0.601084 -0.000905808 -0.0379843 0.01 60 60 0 0 0
7200 0.586696 -0.000949406 -0.0311095 0.01 53 53 0 0 0
7204 0.612717 -0.000870555 -0.0299993 0.01 66 66 0 0 0
7212 0.58731 -0.000947545 -0.0169418 0.01 55 55 0 0 0
7215 0.639331 -0.000789905 -0.0077089 0.01 66 66 0 0 0
7216 0.554544 -0.00104684 -0.0269886 0.01 60 60 0 0 0
7220 0.575767 -0.000982526 -0.05374 0.01 66 66 0 0 0
7222 0.650749 -0.000755307 -0.0619089 0.01 67 67 0 0 0
7225 0.61604 -0.000860486 -0.0642615 0.01 54 54 0 0 0
7226 0.588488 -0.000943976 -0.0169418 0.01 54 54 0 0 0
7227 0.555717 -0.00104328 -0.0313481 0.01 60 60 0 0 0
7232 0.57424 -0.00098715 -0.0520616 0.01 60 61 0 0 0
7234 0.559409 -0.00103209 -0.0379843 0.01 55 55 0 0 0
7235 0.601084 -0.000905808 -0.0438489 0.01 60 60 0 0 0
7240 0.58731 -0.000947545 -0.0169418 0.01 55 55 0 0 0
7242 0.601084 -0.000905808 -0.041546 0.01 67 66 0 0 0
7243 0.554544 -0.00104684 -0.0313481 0.01 60 60 0 0 0
7244 0.601084 -0.000905808 -0.0438489 0.01 60 60 0 0 0
7245 0.639123 -0.000790537 -0.0940059 0.01 55 55 0 0 0
7247 0.590057 -0.00093922 -0.0320542 0.01 55 55 0 0 0
7248 0.599254 -0.000911352 -0.0219639 0.01 66 66 0 0 0
7250 0.560035 -0.0010302 -0.0239343 0.01 60 60 0 0 0
7252 0.623455 -0.000838014 -0.10108 0.01 54 54 0 0 0
7258 0.559409 -0.00103209 -0.0379843 0.01 53 53 0 0 0
7267 0.594374 -0.000926139 -0.027821 0.01 66 66 0 0 0
7268 0.555717 -0.00104328 -0.0313481 0.01 60 60 0 0 0
7272 0.624624 -0.000834473 -0.0677656 0.01 54 54 0 0 0
7274 0.616847 -0.00085804 -0.0733336 0.01 60 60 0 0 0
7275 0.593287 -0.000929435 -0.0379843 0.01 60 60 0 0 0
7277 0.594374 -0.000926139 -0.027821 0.01 66 66 0 0 0
7280 0.601084 -0.000905808 -0.0379843 0.01 60 60 0 0 0
7286 0.5718 -0.000994547 -0.0292538 0.01 54 54 0 0 0
7291 0.599254 -0.000911352 -0.0219639 0.01 67 66 0 0 0
7292 0.641456 -0.000783466 -0.0908979 0.01 55 55 0 0 0
7303 0.639123 -0.000790537 -0.0908979 0.01 55 55 0 0 0
7304 0.599254 -0.000911352 -0.0219639 0.01 66 66 0 0 0
7306 0.650749 -0.000755307 -0.0619089 0.01 67 67 0 0 0
7307 0.559409 -0.00103209 -0.0379843 0.01 55 55 0 0 0
7309 0.586696 -0.000949406 -0.0311095 0.01 54 54 0 0 0
7312 0.605734 -0.000891714 -0.0845158 0.01 53 53 0 0 0
7315 0.624372 -0.000835236 -0.0483537 0.01 60 60 0 0 0
7318 0.591903 -0.000933626 -0.027076 0.01 66 66 0 0 0
7326 0.600174 -0.000908563 -0.016511 0.01 60 60 0 0 0
7329 0.594374 -0.000926139 -0.027821 0.01 67 67 0 0 0
7333 0.650749 -0.000755307 -0.0619089 0.01 67 67 0 0 0
7334 0.555717 -0.00104328 -0.0313481 0.01 60 60 0 0 0
7337 0.57749 -0.000977304 -0.027821 0.01 67 67 0.0120346 -0.0144137 0
7341 0.624012 -0.000836327 -0.0311095 0.01 60 60 0 0 0
7342 0.605734 -0.000891714 -0.0845158 0.01 53 53 0 0 0
7345 0.632707 -0.000809977 -0.108248 0.01 55 55 0 0 0
7349 0.596098 -0.000920914 -0.027821 0.01 66 66 0 0 0
7350 0.601084 -0.000905808 -0.0407183 0.01 60 60 0 0 0
7354 0.591903 -0.000933626 -0.027821 0.01 66 66 0 0 0
7355 0.612717 -0.000870555 -0.027821 0.01 66 66 0 0 0
7356 0.626641 -0.000828362 -0.0390065 0.01 60 60 0 0 0
7357 0.624624 -0.000834473 -0.0677656 0.01 55 55 0 0 0
7361 0.586696 -0.000949406 -0.0311095 0.01 55 55 0 0 0
7363 0.575767 -0.000982526 -0.05374 0.01 66 66 0 0 0
7364 0.605734 -0.000891714 -0.0815116 0.01 55 55 0 0 0
7366 0.59204 -0.000933212 -0.0815116 0.01 54 54 0 0 0
7367 0.59955 -0.000910454 -0.0722684 0.01 60 60 0 0 0
7369 0.600174 -0.000908563 -0.0286211 0.01 60 60 0 0 0
7371 0.635935 -0.000800196 -0.0462213 0.01 60 60 0 0 0
7372 0.615737 -0.000861402 -0.0815116 0.01 54 54 0 0 0
7374 0.586696 -0.000949406 -0.0311095 0.01 54 54 0 0 0
7375 0.601084 -0.000905808 -0.0455726 0.01 54 54 0 0 0
7377 0.650749 -0.000755307 -0.0619089 0.01 67 67 0 0 0
7380 0.556568 -0.0010407 -0.0402656 0.01 55 55 0 0 0
7383 0.622682 -0.000840359 -0.0406628 0.01 60 60 0 0 0
7389 0.594374 -0.000926139 -0.027821 0.01 66 66 0 0 0
7393 0.58731 -0.000947545 -0.0169418 0.01 55 55 0 0 0
7396 0.581053 -0.000966505 -0.041546 0.01 66 66 0 0 0
7398 0.586696 -0.000949406 -0.0311095 0.01 55 55 0 0 0
7400 0.580099 -0.000969396 -0.0374428 0.01 60 60 0 0 0
7401 0.586696 -0.000949406 -0.0311095 0.01 55 55 0 0 0
7402 0.593287 -0.000929435 -0.0379843 0.01 60 60 0 0 0
7404 0.594374 -0.000926139 -0.027821 0.01 67 67 0 0 0
7405 0.599254 -0.000911352 -0.0219639 0.01 66 66 0 0 0
7406 0.601084 -0.000905808 -0.041546 0.01 67 66 0 0 0
7408 0.650749 -0.000755307 -0.0619089 0.01 67 67 0 0 0
7410 0.624372 -0.000835236 -0.0645519 0.01 60 60 0 0 0
7411 0.601084 -0.000905808 -0.0379843 0.01 53 53 0 0 0
7413 0.619343 -0.000850476 -0.0869819 0.01 54 54 0 0 0
7420 0.588488 -0.000943976 -0.0169418 0.01 54 54 0 0 0
7421 0.619343 -0.000850476 -0.0869819 0.01 54 54 0 0 0
7422 0.559409 -0.00103209 -0.0379843 0.01 55 55 0 0 0
7423 0.584691 -0.000955483 -0.0379843 0.01 55 55 0 0 0
7424 0.601084 -0.000905808 -0.0379843 0.01 53 53 0 0 0
7427 0.643954 -0.000775897 -0.00114156 0.01 66 65 0 0 0
7433 0.635924 -0.00080023 -0.0622157 0.01 60 60 0 0 0
7439 0.559409 -0.00103209 -0.0379843 0.01 54 54 0 0 0
7443 0.646867 -0.000767069 -0.0687668 0.01 55 55 -4.69983e-05 0 -0.0172504
7444 0.634548 -0.000804401 -0.0180906 0.01 67 67 0 0 0
7445 0.594374 -0.000926139 -0.0155412 0.01 67 67 0 0 0
7447 0.599254 -0.000911352 -0.0219639 0.01 67 67 0 0 0
7448 0.599254 -0.000911352 -0.0219639 0.01 66 66 0 0 0
7450 0.581846 -0.000964102 -0.0667622 0.01 60 60 0 0 0
7456 0.599254 -0.000911352 -0.0198903 0.01 68 68 0 0 0
7458 0.639955 -0.000788016 -0.0510449 0.01 60 60 0 0 0
7459 0.624372 -0.000835236 -0.0645519 0.01 60 60 0 0 0
7470 0.619343 -0.000850476 -0.0869819 0.01 54 54 0 0 0
7474 0.601084 -0.000905808 -0.0407598 0.01 53 53 0 0 0
7478 0.577197 -0.00097819 -0.0116917 0.01 67 67 0 0 0
7479 0.650749 -0.000755307 -0.0619089 0.01 67 67 0 0 0
7493 0.642362 -0.000780721 -0.0597337 0.01 54 54 0 0 0
7494 0.625744 -0.000831078 -0.0966658 0.01 54 54 0 0 0
7498 0.589891 -0.000939726 -0.0379843 0.01 55 55 0 0 0
7504 0.58103 -0.000966577 -0.0317041 0.01 54 54 0 0 -0.000594592
7505 0.601084 -0.000905808 -0.0379843 0.01 53 53 0 0 0
7507 0.594374 -0.000926139 -0.027821 0.01 66 66 0 0 0
7508 0.634548 -0.000804401 -0.0180906 0.01 67 67 0 0 0
7513 0.550536 -0.00105898 -0.0379843 0.01 66 65 0 0 0
7518 0.586696 -0.000949406 -0.0311095 0.01 55 55 0 0 0
7526 0.600174 -0.000908563 -0.0286211 0.01 60 60 0 0 0
7528 0.586696 -0.000949406 -0.0311095 0.01 54 54 0 0 0
7529 0.588157 -0.000944979 -0.0351426 0.01 60 60 0 0 0
7531 0.581347 -0.000965616 -0.00581634 0.01 60 60 0 0 0
7538 0.624624 -0.000834473 -0.0677656 0.01 54 54 0 0 0
7543 0.601084 -0.000905808 -0.041546 0.01 66 66 0 0 0
7547 0.599254 -0.000911352 -0.0219639 0.01 68 68 0 0 0
7550 0.599254 -0.000911352 -0.0219639 0.01 67 67 0 0 0
7551 0.634548 -0.000804401 -0.0180906 0.01 67 67 0 0 0
7552 0.567325 -0.00100811 -0.050537 0.01 60 60 0 0 0
7555 0.599254 -0.000911352 -0.00642656 0.01 66 66 0 0 0
7557 0.615737 -0.000861402 -0.0815116 0.01 55 55 0 0 0
7559 0.610245 -0.000878047 -0.0191914 0.01 55 55 -0.012786 0.0186663 0
7563 0.59955 -0.000910454 -0.0722684 0.01 60 60 0 0 0
7567 0.594374 -0.000926139 -0.027821 0.01 66 66 0 0 0
