max_pf 69 min_pf 52
individual DHm DSm DCp disp_rate patch_no b_patch_no mut_eff DDHm DDCp
2 0.49431 -0.00122936 -0.087281 0.01 60 60 0 0 0
6 0.554656 -0.0010465 -0.0720767 0.01 54 54 0 0 0
16 0.556692 -0.00104033 -0.0949581 0.01 54 54 0 0 0
19 0.528104 -0.00112696 -0.0786819 0.01 68 68 0 0 0
20 0.563563 -0.00101951 -0.10812 0.01 67 67 0 0 0
21 0.582682 -0.00096157 -0.0745462 0.01 67 67 0 0 0
22 0.527662 -0.0011283 -0.0761884 0.01 53 53 0 0 0
25 0.487705 -0.00124938 -0.0507072 0.01 54 54 0 0 0
31 0.550841 -0.00105806 -0.0824031 0.01 54 54 0 0 0
35 0.553539 -0.00104988 -0.096755 0.01 60 60 -0.0104869 0.0123345 0
38 0.541382 -0.00108672 -0.0761884 0.01 53 55 0 0 0
41 0.591174 -0.000935837 -0.0520329 0.01 69 69 0 0 0
42 0.591174 -0.000935837 -0.0520329 0.01 67 67 0 0 0
43 0.566013 -0.00101208 -0.0670988 0.01 60 60 0 0 0
52 0.591174 -0.000935837 -0.0520329 0.01 68 68 0 0 0
54 0.558627 -0.00103446 -0.0833738 0.01 68 68 0 0 0
57 0.550154 -0.00106014 -0.0875279 0.01 54 54 0 0 -0.00415411
68 0.553507 -0.00104998 -0.0797792 0.01 60 60 0 0 0
91 0.487705 -0.00124938 -0.0507072 0.01 54 54 0 0 0
97 0.591174 -0.000935837 -0.0520329 0.01 68 68 0 0 0
99 0.52478 -0.00113703 -0.0507072 0.01 54 54 0 0 0
109 0.543228 -0.00108113 -0.0729218 0.01 54 56 0 0 0
113 0.591174 -0.000935837 -0.0762332 0.01 60 59 0 0 0
116 0.591174 -0.000935837 -0.0520329 0.01 69 69 0 0 0
119 0.550223 -0.00105993 -0.0763397 0.01 60 60 0 0 0
120 0.567981 -0.00100612 -0.0673231 0.01 60 60 0 0 0
127 0.553612 -0.00104966 -0.105325 0.01 60 60 0 0 0
134 0.526939 -0.00113049 -0.0727617 0.01 53 53 0 0 0
146 0.57459 -0.000986092 -0.0472488 0.01 67 68 0 0 0
147 0.502863 -0.00120345 -0.0681668 0.01 54 55 0 0 0
153 0.529379 -0.0011231 -0.0916846 0.01 60 60 0 0 0
158 0.487705 -0.00124938 -0.0507072 0.01 54 54 0 0 0
160 0.57784 -0.000976243 -0.0833738 0.01 68 68 0 0 0
168 0.559966 -0.00103041 -0.0950835 0.01 54 54 0 0 0
171 0.487705 -0.00124938 -0.0507072 0.01 53 53 0 0 0
173 0.546534 -0.00107111 -0.0918314 0.01 60 60 0 0 0
183 0.543228 -0.00108113 -0.0761884 0.01 54 54 0 0 0
186 0.526939 -0.00113049 -0.0727617 0.01 53 54 0 0 0
196 0.556692 -0.00104033 -0.0812062 0.01 60 59 0 0 0
197 0.543228 -0.00108113 -0.0758337 0.01 53 53 0 0 0
199 0.512783 -0.00117339 -0.0727617 0.01 54 55 0 0 0
202 0.526939 -0.00113049 -0.0727617 0.01 53 53 0 0 0
204 0.57459 -0.000986092 -0.0472488 0.01 67 67 0 0 0
207 0.562988 -0.00102125 -0.103911 0.01 60 60 0 0 0
210 0.553612 -0.00104966 -0.105325 0.01 60 60 0 0 0
213 0.588367 -0.000944344 -0.0527322 0.01 67 66 0 0 0
214 0.528104 -0.00112696 -0.0914686 0.01 67 66 0 0 0
220 0.526939 -0.00113049 -0.0727617 0.01 53 54 0 0 0
226 0.57459 -0.000986092 -0.0472488 0.01 68 68 0 0 0
239 0.591174 -0.000935837 -0.0520329 0.01 69 69 0 0 0
241 0.585383 -0.000953384 -0.0628786 0.01 60 60 0 0 0
251 0.512783 -0.00117339 -0.0727617 0.01 54 54 0 0 0
253 0.539578 -0.00109219 -0.105325 0.01 60 60 0 0 0
255 0.55357 -0.00104979 -0.0833738 0.01 60 60 0 0 0
262 0.526939 -0.00113049 -0.0727617 0.01 53 54 0 0 0
265 0.543339 -0.00108079 -0.0949025 0.01 60 59 0 0 0
266 0.585989 -0.000951548 -0.104793 0.01 53 54 0 0 0
268 0.541382 -0.00108672 -0.0761884 0.01 54 53 0 0 0
272 0.539578 -0.00109219 -0.0890772 0.01 60 60 0 0 0
287 0.557599 -0.00103758 -0.102011 0.01 60 60 0 0 0
289 0.545408 -0.00107452 -0.08696 0.01 54 55 0 0 0
295 0.50199 -0.00120609 -0.0681668 0.01 54 54 0 0 0
301 0.550841 -0.00105806 -0.0824031 0.01 54 54 0 0 0
306 0.56552 -0.00101358 -0.0734824 0.01 60 60 0 0 0
307 0.485601 -0.00125575 -0.0681668 0.01 54 54 0 0 0
310 0.50199 -0.00120609 -0.0727617 0.01 54 55 0 0 0
313 0.55731 -0.00103845 -0.0833738 0.01 60 60 0 0 0
315 0.591174 -0.000935837 -0.0520329 0.01 69 69 0 0 0
319 0.526939 -0.00113049 -0.0876978 0.01 54 54 0 0 0
322 0.57459 -0.000986092 -0.0351813 0.01 68 68 0 0 0
329 0.55357 -0.00104979 -0.0833738 0.01 60 60 0 0 0
335 0.529379 -0.0011231 -0.0916846 0.01 60 59 0 0 0
348 0.539578 -0.00109219 -0.105325 0.01 54 54 0 0 0
355 0.568125 -0.00100568 -0.105325 0.01 60 61 0 0 0
359 0.558627 -0.00103446 -0.0833738 0.01 67 67 0 0 0
360 0.550154 -0.00106014 -0.0833738 0.01 54 54 0 0 0
361 0.5329 -0.00111243 -0.096755 0.01 60 61 0 0 0
364 0.550841 -0.00105806 -0.0824031 0.01 54 54 0 0 0
366 0.543228 -0.00108113 -0.0761884 0.01 54 54 0 0 0
372 0.591174 -0.000935837 -0.0920242 0.01 60 60 0 0 0
379 0.554723 -0.0010463 -0.0858827 0.01 67 67 0 0 0
380 0.563563 -0.00101951 -0.10812 0.01 68 68 0 0 0
384 0.547212 -0.00106906 -0.0833738 0.01 60 59 0 0 0
387 0.566976 -0.00100916 -0.0951471 0.01 60 60 0 0 0
398 0.563563 -0.00101951 -0.10812 0.01 68 68 0 0 0
400 0.569069 -0.00100282 -0.101761 0.01 60 61 0 0 0
404 0.57459 -0.000986092 -0.0472488 0.01 68 68 0 0 0
406 0.543228 -0.00108113 -0.0758337 0.01 53 53 0 0 0
410 0.555131 -0.00104506 -0.0609232 0.01 60 60 0 0 0
411 0.539578 -0.00109219 -0.105325 0.01 60 60 0 0 0
421 0.546534 -0.00107111 -0.0918314 0.01 60 59 -0.00100636 0 -0.00942834
422 0.487705 -0.00124938 -0.0507072 0.01 54 54 0 0 0
424 0.563563 -0.00101951 -0.10812 0.01 67 67 0 0 0
425 0.55357 -0.00104979 -0.0833738 0.01 60 59 0 0 0
428 0.582682 -0.00096157 -0.0745462 0.01 67 67 0 0 0
441 0.543339 -0.00108079 -0.0753662 0.01 60 60 0 0 0
449 0.554656 -0.0010465 -0.0618207 0.01 54 54 0 0 -0.00402721
457 0.568125 -0.00100568 -0.118427 0.01 60 60 0 0 0
477 0.559725 -0.00103114 -0.0922989 0.01 60 60 0 0 0
488 0.563563 -0.00101951 -0.10812 0.01 67 67 0 0 0
492 0.56668 -0.00101006 -0.0833738 0.01 54 55 0 0 0
494 0.546244 -0.00107199 -0.0725006 0.01 60 61 0 0 0
497 0.574107 -0.000987554 -0.0928079 0.01 60 60 0 0 0
498 0.57459 -0.000986092 -0.0472488 0.01 68 68 0 0 0
512 0.52478 -0.00113703 -0.0507072 0.01 54 54 0 0 0
515 0.562988 -0.00102125 -0.103911 0.01 54 54 0 0 0
524 0.543228 -0.00108113 -0.107909 0.01 53 53 -0.00011681 0 -0.0320751
530 0.553612 -0.00104966 -0.105325 0.01 60 60 0 0 0
541 0.558627 -0.00103446 -0.0822948 0.01 60 60 0 0 0
549 0.50199 -0.00120609 -0.0681668 0.01 54 54 0 0 0
551 0.566976 -0.00100916 -0.0951471 0.01 60 60 0 0 0
552 0.543339 -0.00108079 -0.0949025 0.01 60 59 0 0 0
553 0.539578 -0.00109219 -0.105325 0.01 60 60 0 0 0
570 0.487705 -0.00124938 -0.0507072 0.01 54 54 0 0 0
575 0.55731 -0.00103845 -0.0833738 0.01 60 60 0 0 0
577 0.543228 -0.00108113 -0.0729218 0.01 54 54 0 0 0
579 0.57459 -0.000986092 -0.0472488 0.01 67 67 0 0 0
587 0.543339 -0.00108079 -0.0753662 0.01 54 54 0 0 0
588 0.50199 -0.00120609 -0.0681668 0.01 53 53 0 0 0
593 0.528104 -0.00112696 -0.0786819 0.01 68 68 0 0 0
602 0.541418 -0.00108661 -0.0884268 0.01 54 54 0 0 0
605 0.559725 -0.00103114 -0.0922989 0.01 60 60 -0.00139207 0.00169241 0
606 0.528104 -0.00112696 -0.0914686 0.01 67 67 0 0 0
611 0.554656 -0.0010465 -0.0577935 0.01 53 54 0 0 0
615 0.57459 -0.000986092 -0.0472488 0.01 68 68 0 0 0
616 0.563563 -0.00101951 -0.0735011 0.01 60 60 0 0 0
617 0.56156 -0.00102558 -0.102217 0.01 54 56 0 0 0
618 0.520986 -0.00114853 -0.0914686 0.01 67 67 0 0 0
619 0.526939 -0.00113049 -0.0727617 0.01 53 53 0 0 0
622 0.504903 -0.00119726 -0.0916846 0.01 60 60 0 0 0
625 0.50199 -0.00120609 -0.0681668 0.01 54 54 0 0 0
630 0.50199 -0.00120609 -0.0681668 0.01 54 54 0 0 0
633 0.612543 -0.000871083 -0.0743073 0.01 60 60 0 0 0
638 0.57459 -0.000986092 -0.0472488 0.01 68 68 0 0 0
639 0.556692 -0.00104033 -0.0586155 0.01 60 60 0 0 0
640 0.556692 -0.00104033 -0.0753662 0.01 60 60 0 0 0
645 0.52478 -0.00113703 -0.0507072 0.01 54 54 0 0 0
653 0.528104 -0.00112696 -0.0914686 0.01 68 68 0 0 0
657 0.531908 -0.00111543 -0.0823973 0.01 60 60 0 0 0
658 0.487705 -0.00124938 -0.0507072 0.01 54 54 0 0 0
662 0.549643 -0.00106169 -0.0951471 0.01 60 60 0 0 0
665 0.49431 -0.00122936 -0.0660431 0.01 60 59 0 0 0
666 0.528104 -0.00112696 -0.0914686 0.01 68 68 0 0 0
675 0.487705 -0.00124938 -0.0507072 0.01 54 54 0 0 0
683 0.558627 -0.00103446 -0.0833738 0.01 67 67 0 0 0
689 0.541382 -0.00108672 -0.0761884 0.01 54 54 0 0 0
696 0.564502 -0.00101666 -0.0951471 0.01 60 60 0 0 0
699 0.57459 -0.000986092 -0.0472488 0.01 67 67 0 0 0
701 0.562988 -0.00102125 -0.103911 0.01 54 54 0 0 0
709 0.553669 -0.00104949 -0.0967481 0.01 60 61 0 0 0
711 0.556692 -0.00104033 -0.069146 0.01 60 60 0 0 0
713 0.539578 -0.00109219 -0.105325 0.01 60 60 0 0 0
729 0.547419 -0.00106843 -0.0699302 0.01 60 59 0 0 0
736 0.556692 -0.00104033 -0.0586155 0.01 60 60 0 0 0
737 0.543228 -0.00108113 -0.0758337 0.01 53 53 0 0 0
744 0.553612 -0.00104966 -0.105325 0.01 60 60 0 0 0
747 0.57459 -0.000986092 -0.0472488 0.01 67 67 0 0 0
754 0.55357 -0.00104979 -0.0875643 0.01 60 60 0 0 0
757 0.50199 -0.00120609 -0.0681668 0.01 53 53 0 0 0
764 0.558627 -0.00103446 -0.0801652 0.01 67 67 0.00244552 0 0.00320859
770 0.585383 -0.000953384 -0.0628786 0.01 60 60 0 0 0
778 0.539637 -0.00109201 -0.0758337 0.01 53 53 0.00290975 -0.00359088 0
781 0.487705 -0.00124938 -0.0507072 0.01 54 54 0 0 0
783 0.57784 -0.000976243 -0.0833738 0.01 67 67 0 0 0
786 0.49431 -0.00122936 -0.087281 0.01 60 60 -0.00220528 0 -0.0119148
789 0.543339 -0.00108079 -0.0753662 0.01 54 54 0 0 0
791 0.554723 -0.0010463 -0.0858827 0.01 67 67 0 0 0
793 0.550841 -0.00105806 -0.0824031 0.01 53 53 0 0 0
794 0.57459 -0.000986092 -0.0472488 0.01 68 68 0 0 0
795 0.591174 -0.000935837 -0.0920242 0.01 60 60 0 0 0
804 0.571673 -0.00099493 -0.0849218 0.01 60 60 0 0 0
805 0.541204 -0.00108726 -0.096755 0.01 60 60 0 0 0
807 0.558627 -0.00103446 -0.0833738 0.01 67 67 0 0 0
808 0.556692 -0.00104033 -0.0782458 0.01 60 60 0 0 0
811 0.591174 -0.000935837 -0.0520329 0.01 69 69 0 0 0
814 0.566976 -0.00100916 -0.0951471 0.01 60 59 0 0 0
822 0.558627 -0.00103446 -0.0833738 0.01 67 67 0 0 0
823 0.591174 -0.000935837 -0.0920242 0.01 60 60 0 0 0
828 0.541382 -0.00108672 -0.0761884 0.01 53 53 0 0 0
830 0.567981 -0.00100612 -0.0673231 0.01 60 60 0 0 0
833 0.539578 -0.00109219 -0.105325 0.01 60 60 0 0 0
838 0.564137 -0.00101777 -0.0833738 0.01 60 60 -0.00153166 0.00187892 0
842 0.539578 -0.00109219 -0.105325 0.01 54 54 0 0 0
844 0.52944 -0.00112291 -0.077608 0.01 60 60 0 0 0
852 0.591174 -0.000935837 -0.0520329 0.01 67 67 0 0 0
859 0.559966 -0.00103041 -0.100215 0.01 60 59 0 0 0
872 0.553612 -0.00104966 -0.105325 0.01 60 60 0 0 0
875 0.563563 -0.00101951 -0.112808 0.01 67 66 0 0 0
877 0.553612 -0.00104966 -0.105325 0.01 60 60 0 0 0
880 0.487705 -0.00124938 -0.0507072 0.01 54 54 0 0 0
883 0.601012 -0.000906023 -0.0757457 0.01 60 60 -0.00188725 0 -0.0141515
884 0.528104 -0.00112696 -0.0914686 0.01 67 66 0 0 0
891 0.539578 -0.00109219 -0.105325 0.01 60 60 0 0 0
895 0.577834 -0.00097626 -0.068946 0.01 60 61 0 0 0
898 0.591174 -0.000935837 -0.0520329 0.01 67 67 0 0 0
899 0.50199 -0.00120609 -0.0681668 0.01 53 53 0 0 0
901 0.528104 -0.00112696 -0.0914686 0.01 67 67 0 0 0
911 0.543228 -0.00108113 -0.0758337 0.01 53 53 0 0 0
917 0.550841 -0.00105806 -0.0824031 0.01 54 54 0 0 0
918 0.564516 -0.00101662 -0.0773364 0.01 60 60 0 0 0
919 0.562258 -0.00102346 -0.0833738 0.01 60 60 0 0 0
921 0.556692 -0.00104033 -0.0833738 0.01 53 53 0 0 0
924 0.541382 -0.00108672 -0.0761884 0.01 53 53 0 0 0
925 0.55357 -0.00104979 -0.0833738 0.01 60 60 0 0 0
933 0.55357 -0.00104979 -0.0833738 0.01 60 60 0 0 0
940 0.56396 -0.0010183 -0.0833738 0.01 54 55 0 0 0
943 0.563563 -0.00101951 -0.10812 0.01 67 67 0 0 0
951 0.585989 -0.000951548 -0.104793 0.01 53 53 0 0 0
953 0.512783 -0.00117339 -0.0727617 0.01 54 54 0 0 0
958 0.487705 -0.00124938 -0.0507072 0.01 54 54 0 0 0
960 0.49431 -0.00122936 -0.0722415 0.01 60 60 0 0 0
974 0.50199 -0.00120609 -0.0681668 0.01 54 55 0 0 0
975 0.591174 -0.000935837 -0.0520329 0.01 68 68 0 0 0
979 0.487705 -0.00124938 -0.0507072 0.01 54 54 0 0 0
982 0.50199 -0.00120609 -0.0681668 0.01 54 54 0 0 0
985 0.558627 -0.00103446 -0.0833738 0.01 67 67 0 0 0
987 0.558627 -0.00103446 -0.0855556 0.01 60 61 0 0 0
988 0.50199 -0.00120609 -0.0681668 0.01 54 54 0 0 0
995 0.557245 -0.00103865 -0.0728996 0.01 60 60 0 0 0
997 0.552988 -0.00105155 -0.0720767 0.01 54 55 0 0 0
1005 0.559292 -0.00103245 -0.0990887 0.01 60 60 0 0 0
1009 0.591174 -0.000935837 -0.0520329 0.01 67 67 0 0 0
1010 0.543228 -0.00108113 -0.0758337 0.01 53 53 0 0 0
1011 0.563563 -0.00101951 -0.10812 0.01 68 68 0 0 0
1012 0.601012 -0.000906023 -0.0615942 0.01 60 60 0 0 0
1014 0.556692 -0.00104033 -0.0661201 0.01 60 60 0 0 0
1018 0.568253 -0.00100529 -0.106527 0.01 60 60 0 0 0
1020 0.50199 -0.00120609 -0.0681668 0.01 54 54 0 0 0
1024 0.550455 -0.00105923 -0.0766586 0.01 60 61 0 0 0
1027 0.554632 -0.00104657 -0.114108 0.01 54 55 0 0 0
1033 0.591174 -0.000935837 -0.0520329 0.01 67 67 0 0 0
1046 0.556692 -0.00104033 -0.0833738 0.01 54 54 0 0 0
1050 0.50199 -0.00120609 -0.0681668 0.01 53 53 0 0 0
1055 0.591174 -0.000935837 -0.0520329 0.01 67 67 0 0 0
1058 0.57459 -0.000986092 -0.0472488 0.01 67 66 0 0 0
1063 0.591174 -0.000935837 -0.0520329 0.01 68 68 0 0 0
1064 0.57459 -0.000986092 -0.0472488 0.01 68 68 0 0 0
1069 0.556692 -0.00104033 -0.0659095 0.01 60 60 0 0 0
1072 0.556692 -0.00104033 -0.0863099 0.01 60 60 0 0 0
1078 0.591174 -0.000935837 -0.0520329 0.01 67 67 0 0 0
1083 0.585383 -0.000953384 -0.0737894 0.01 60 60 0 0 0
1088 0.556692 -0.00104033 -0.0833738 0.01 54 54 0 0 0
1095 0.539578 -0.00109219 -0.105325 0.01 60 58 0 0 0
1096 0.573067 -0.000990705 -0.0673231 0.01 60 61 0 0 0
1099 0.572038 -0.000993825 -0.0863099 0.01 54 54 0 0 0
1101 0.591174 -0.000935837 -0.0520329 0.01 69 69 0 0 0
1109 0.546534 -0.00107111 -0.0918314 0.01 60 60 0 0 0
1112 0.556692 -0.00104033 -0.0833738 0.01 53 53 0 0 0
1115 0.563563 -0.00101951 -0.0735011 0.01 60 61 0 0 0
1116 0.543228 -0.00108113 -0.0758337 0.01 53 53 0 0 0
1119 0.553507 -0.00104998 -0.0797792 0.01 60 60 0 0 0
1124 0.559292 -0.00103245 -0.0910266 0.01 60 60 0 0 0
1141 0.556692 -0.00104033 -0.0833738 0.01 53 53 0 0 0
1147 0.526939 -0.00113049 -0.0727617 0.01 60 60 0 0 0
1151 0.49431 -0.00122936 -0.0753662 0.01 60 60 0 0 0
1161 0.557245 -0.00103865 -0.0728996 0.01 60 60 0 0 0
1171 0.585383 -0.000953384 -0.0737894 0.01 60 60 0 0 0
1173 0.552988 -0.00105155 -0.0720767 0.01 54 54 0 0 0
1176 0.557245 -0.00103865 -0.0728996 0.01 60 60 0 0 0
1179 0.491912 -0.00123663 -0.0681668 0.01 54 54 0 0 0
1185 0.559624 -0.00103144 -0.0910266 0.01 60 60 0 0 0
1196 0.558627 -0.00103446 -0.0833738 0.01 67 67 0 0 0
1198 0.539578 -0.00109219 -0.112003 0.01 60 61 0 0 0
1205 0.554632 -0.00104657 -0.114108 0.01 54 54 0 0 0
1209 0.528104 -0.00112696 -0.0813077 0.01 68 68 0.00959811 0 0.0101609
1214 0.569255 -0.00100226 -0.0758337 0.01 54 54 0 0 0
1216 0.591174 -0.000935837 -0.0920242 0.01 60 60 0 0 0
1223 0.557245 -0.00103865 -0.0539805 0.01 60 60 0 0 0
1224 0.559966 -0.00103041 -0.0848081 0.01 60 60 0 0 0
1227 0.556692 -0.00104033 -0.0833738 0.01 54 54 0 0 0
1235 0.557245 -0.00103865 -0.0728996 0.01 60 61 0 0 0
1238 0.566976 -0.00100916 -0.0951471 0.01 60 60 0 0 0
1248 0.50199 -0.00120609 -0.0681668 0.01 54 54 0 0 0
1250 0.53442 -0.00110782 -0.036547 0.01 60 60 0 0 0
1252 0.52478 -0.00113703 -0.0507072 0.01 54 54 0 0 0
1256 0.526939 -0.00113049 -0.0876978 0.01 54 54 0 0 0
1258 0.556692 -0.00104033 -0.0686469 0.01 53 55 0 0 0
1260 0.53415 -0.00110863 -0.0833738 0.01 67 67 0.0195632 -0.0244762 0
1265 0.568125 -0.00100568 -0.118427 0.01 60 60 0 0 0
1267 0.528104 -0.00112696 -0.0914686 0.01 67 66 0 0 0
1280 0.582682 -0.00096157 -0.0745462 0.01 68 68 0 0 0
1293 0.545408 -0.00107452 -0.08696 0.01 54 54 0 0 0
1301 0.557245 -0.00103865 -0.0728996 0.01 60 60 0 0 0
1309 0.556692 -0.00104033 -0.0833738 0.01 60 60 0 0 0
1313 0.50199 -0.00120609 -0.0681668 0.01 54 54 0 0 0
1319 0.549643 -0.00106169 -0.0951471 0.01 60 61 0 0 0
1324 0.563563 -0.00101951 -0.0735011 0.01 60 60 0 0 0
1326 0.556692 -0.00104033 -0.0833738 0.01 53 53 0 0 0
1332 0.582682 -0.00096157 -0.0745462 0.01 68 68 0 0 0
1335 0.550841 -0.00105806 -0.0824031 0.01 60 60 0 0 0
1338 0.528104 -0.00112696 -0.0914686 0.01 68 68 0 0 0
1344 0.549643 -0.00106169 -0.0951471 0.01 60 60 0 0 0
1352 0.591174 -0.000935837 -0.0520329 0.01 67 67 0 0 0
1360 0.565824 -0.00101265 -0.0586632 0.01 60 60 0 0 0
1361 0.559966 -0.00103041 -0.0823773 0.01 60 60 0 0 0
1368 0.562258 -0.00102346 -0.0833738 0.01 60 60 0 0 0
1375 0.591174 -0.000935837 -0.0520329 0.01 67 67 0 0 0
1379 0.526939 -0.00113049 -0.0727617 0.01 54 54 0 0 0
1380 0.556692 -0.00104033 -0.0586155 0.01 60 60 0 0 0
1391 0.553612 -0.00104966 -0.105325 0.01 60 60 0 0 0
1398 0.567302 -0.00100817 -0.0833738 0.01 60 59 0 0 0
1400 0.539578 -0.00109219 -0.105325 0.01 60 60 0 0 0
1403 0.528104 -0.00112696 -0.0914686 0.01 67 67 0 0 0
1404 0.52478 -0.00113703 -0.0507072 0.01 54 54 0 0 0
1407 0.556692 -0.00104033 -0.0686469 0.01 53 53 0 0 0
1412 0.591174 -0.000935837 -0.0520329 0.01 67 66 0 0 0
1417 0.528104 -0.00112696 -0.0914686 0.01 67 67 0 0 0
1418 0.553612 -0.00104966 -0.105325 0.01 60 60 0 0 0
1421 0.563563 -0.00101951 -0.10812 0.01 67 67 0 0 0
1423 0.569255 -0.00100226 -0.0758337 0.01 54 54 0 0 0
1424 0.543228 -0.00108113 -0.0761884 0.01 54 54 0 0 0
1428 0.563563 -0.00101951 -0.10812 0.01 67 67 0 0 0
1432 0.591174 -0.000935837 -0.0520329 0.01 69 69 0 0 0
1439 0.57784 -0.000976243 -0.0833738 0.01 67 66 0 0 0
1447 0.543228 -0.00108113 -0.0758337 0.01 53 53 0 0 0
1449 0.512783 -0.00117339 -0.0727617 0.01 53 53 0 0 0
1450 0.543339 -0.00108079 -0.0675118 0.01 60 58 0 0 0
1454 0.57459 -0.000986092 -0.0472488 0.01 68 68 0 0 0
1458 0.591174 -0.000935837 -0.0520329 0.01 67 67 0 0 0
1462 0.528104 -0.00112696 -0.0914686 0.01 68 68 0 0 0
1467 0.569255 -0.00100226 -0.0758337 0.01 54 54 0 0 0
1474 0.528104 -0.00112696 -0.0914686 0.01 68 68 0 0 0
1480 0.504903 -0.00119726 -0.088624 0.01 60 60 0 0 0
1490 0.52478 -0.00113703 -0.0420985 0.01 54 54 0 0 0.00860869
1496 0.550841 -0.00105806 -0.092476 0.01 54 54 0 0 0
1505 0.556692 -0.00104033 -0.0949402 0.01 54 54 0 0 0
1506 0.541418 -0.00108661 -0.0884268 0.01 54 54 0 0 0
1508 0.554723 -0.0010463 -0.0858827 0.01 67 67 0 0 0
1510 0.591174 -0.000935837 -0.0833738 0.01 60 59 0 0 0
1513 0.529379 -0.0011231 -0.0916846 0.01 60 60 0 0 0
1514 0.57222 -0.000993272 -0.0809129 0.01 54 55 0 0 0
1535 0.543228 -0.00108113 -0.0761884 0.01 54 54 0 0 0
1542 0.543228 -0.00108113 -0.0758337 0.01 53 53 0 0 0
1545 0.526939 -0.00113049 -0.0727617 0.01 54 54 0 0 0
1548 0.526939 -0.00113049 -0.0727617 0.01 54 54 0 0 0
1551 0.585383 -0.000953384 -0.0737894 0.01 60 60 0 0 0
1553 0.526939 -0.00113049 -0.0727617 0.01 54 54 0 0 0
1558 0.591174 -0.000935837 -0.0520329 0.01 67 67 0 0 0
1561 0.591174 -0.000935837 -0.0920242 0.01 60 60 0 0 0
1565 0.55357 -0.00104979 -0.0833738 0.01 60 60 0 0 0
1566 0.487705 -0.00124938 -0.0507072 0.01 54 54 0 0 0
1569 0.556692 -0.00104033 -0.0939486 0.01 60 60 0 0 0
1571 0.57459 -0.000986092 -0.0472488 0.01 68 68 0 0 0
1576 0.543228 -0.00108113 -0.0758337 0.01 53 53 0 0 0
1579 0.543228 -0.00108113 -0.0758337 0.01 53 53 0 0 0
1583 0.553612 -0.00104966 -0.105325 0.01 60 60 0 0 0
1585 0.591174 -0.000935837 -0.0520329 0.01 68 68 0 0 0
1587 0.529379 -0.0011231 -0.0916846 0.01 60 60 0 0 0
1590 0.547212 -0.00106906 -0.0833738 0.01 60 60 0 0 0
1599 0.52944 -0.00112291 -0.077608 0.01 60 59 0 0 0
1601 0.587252 -0.000947722 -0.0601791 0.01 60 60 0 0 0
1606 0.583871 -0.000957968 -0.105175 0.01 60 60 0 0 0
1607 0.591174 -0.000935837 -0.0520329 0.01 69 69 0 0 0
1608 0.528104 -0.00112696 -0.0914686 0.01 67 67 0 0 0
1611 0.528104 -0.00112696 -0.0914686 0.01 67 67 0 0 0
1615 0.550605 -0.00105877 -0.114108 0.01 54 54 0.0031992 -0.00402653 0
1618 0.606109 -0.000890579 -0.0520329 0.01 67 67 -0.0112626 0.014935 0
1622 0.563563 -0.00101951 -0.10812 0.01 67 67 0 0 0
1627 0.553612 -0.00104966 -0.105325 0.01 60 60 0 0 0
1630 0.591174 -0.000935837 -0.0520329 0.01 67 67 0 0 0
1633 0.563563 -0.00101951 -0.10812 0.01 68 68 0 0 0
1639 0.558627 -0.00103446 -0.0833738 0.01 69 69 0 0 0
1644 0.555131 -0.00104506 -0.0609232 0.01 60 60 0 0 0
1648 0.50199 -0.00120609 -0.0627856 0.01 54 54 0 0 0.0099761
1662 0.588367 -0.000944344 -0.0527322 0.01 68 67 0 0 0
1669 0.526939 -0.00113049 -0.0727617 0.01 54 54 0 0 0
1675 0.559624 -0.00103144 -0.0910266 0.01 60 60 0 0 0
1676 0.582682 -0.00096157 -0.0745462 0.01 68 66 0 0 0
1677 0.566013 -0.00101208 -0.0670988 0.01 60 60 -0.00771517 0.00932103 0
1678 0.568253 -0.00100529 -0.106527 0.01 60 60 0 0 0
1683 0.558627 -0.00103446 -0.0912106 0.01 60 60 0 0 0
1685 0.529379 -0.0011231 -0.0916846 0.01 60 60 0 0 0
1692 0.526939 -0.00113049 -0.0727617 0.01 53 53 0 0 0
1695 0.541204 -0.00108726 -0.096755 0.01 60 60 0 0 0
1700 0.568253 -0.00100529 -0.099547 0.01 60 59 0 0 0
1701 0.567375 -0.00100796 -0.0725319 0.01 60 60 -0.0139592 0.0167909 0
1702 0.50199 -0.00120609 -0.0681668 0.01 54 54 0 0 0
1704 0.556692 -0.00104033 -0.0673231 0.01 60 60 0 0 0
1707 0.550841 -0.00105806 -0.0824031 0.01 54 54 0 0 0
1712 0.591174 -0.000935837 -0.0520329 0.01 67 67 0 0 0
1715 0.50199 -0.00120609 -0.0681668 0.01 54 54 0 0 0
1720 0.49431 -0.00122936 -0.087281 0.01 60 60 0 0 0
1721 0.529379 -0.0011231 -0.0814215 0.01 60 60 0.00169685 0 0.0102631
1723 0.556692 -0.00104033 -0.0673231 0.01 60 60 0 0 0
1728 0.567634 -0.00100717 -0.10812 0.01 67 67 0 0 0
1732 0.57459 -0.000986092 -0.0472488 0.01 68 68 0 0 0
1733 0.50199 -0.00120609 -0.0681668 0.01 54 56 0 0 0
1736 0.566976 -0.00100916 -0.0951471 0.01 60 59 0 0 0
1747 0.557721 -0.00103721 -0.0720767 0.01 54 54 0 0 0
1751 0.585989 -0.000951548 -0.104793 0.01 53 53 0 0 0
1752 0.543228 -0.00108113 -0.0761884 0.01 54 54 0 0 0
1757 0.585989 -0.000951548 -0.104793 0.01 54 54 0 0 0
1763 0.553612 -0.00104966 -0.105325 0.01 60 60 0 0 0
1767 0.583871 -0.000957968 -0.105175 0.01 60 60 0 0 0
1772 0.556692 -0.00104033 -0.0833738 0.01 53 53 0 0 0
1775 0.556692 -0.00104033 -0.0949581 0.01 52 53 0 0 0
1778 0.543228 -0.00108113 -0.0758337 0.01 53 53 0 0 0
1779 0.543228 -0.00108113 -0.0758337 0.01 53 53 0 0 0
1780 0.578381 -0.000974604 -0.0758337 0.01 54 55 0 0 0
1783 0.539578 -0.00109219 -0.105325 0.01 54 55 0 0 0
1786 0.573598 -0.000989097 -0.0734824 0.01 60 60 0 0 0
1797 0.589825 -0.000939924 -0.0633542 0.01 60 60 0 0 0
1799 0.543228 -0.00108113 -0.0758337 0.01 53 53 0 0 0
1801 0.526939 -0.00113049 -0.0727617 0.01 53 53 0 0 0
1806 0.565315 -0.0010142 -0.0833738 0.01 60 60 0 0 0
1810 0.52478 -0.00113703 -0.0507072 0.01 54 55 0 0 0
1813 0.558627 -0.00103446 -0.0822948 0.01 60 60 0.000163317 0 0.00107894
1817 0.621034 -0.00084535 -0.0929708 0.01 60 60 -0.000760928 0 -0.00614843
1821 0.563563 -0.00101951 -0.10812 0.01 67 67 0 0 0
1825 0.591174 -0.000935837 -0.0520329 0.01 68 67 0 0 0
1827 0.526939 -0.00113049 -0.0727617 0.01 54 54 0 0 0
1829 0.50199 -0.00120609 -0.0681668 0.01 54 54 0 0 0
1831 0.50199 -0.00120609 -0.0681668 0.01 54 54 0 0 0
1832 0.553612 -0.00104966 -0.105325 0.01 60 59 0 0 0
1843 0.50199 -0.00120609 -0.0681668 0.01 54 54 0 0 0
1844 0.573598 -0.000989097 -0.0734824 0.01 60 60 0 0 0
1845 0.50199 -0.00120609 -0.0681668 0.01 54 54 0 0 0
1870 0.591174 -0.000935837 -0.0520329 0.01 69 69 0 0 0
1873 0.558627 -0.00103446 -0.0833738 0.01 60 61 0 0 0
1875 0.56552 -0.00101358 -0.0846181 0.01 60 60 0 0 0
1878 0.550154 -0.00106014 -0.0875279 0.01 54 54 0 0 0
1880 0.50199 -0.00120609 -0.0681668 0.01 53 53 0 0 0
1881 0.50199 -0.00120609 -0.0681668 0.01 54 54 0 0 0
1882 0.591174 -0.000935837 -0.0520329 0.01 68 68 0 0 0
1883 0.591174 -0.000935837 -0.0520329 0.01 67 67 0 0 0
1887 0.554723 -0.0010463 -0.0858827 0.01 67 67 0 0 0
1888 0.504903 -0.00119726 -0.088624 0.01 60 60 0 0 0
1889 0.585989 -0.000951548 -0.104793 0.01 53 53 0 0 0
1891 0.57459 -0.000986092 -0.0472488 0.01 68 68 0 0 0
1904 0.534261 -0.0011083 -0.0916846 0.01 60 61 0 0 0
1905 0.581961 -0.000963754 -0.0833738 0.01 60 60 0 0 0
1914 0.553612 -0.00104966 -0.105325 0.01 60 60 0 0 0
1917 0.556692 -0.00104033 -0.0673231 0.01 60 60 0 0 0
1923 0.543228 -0.00108113 -0.0758337 0.01 53 53 0 0 0
1924 0.50199 -0.00120609 -0.0681668 0.01 54 54 0 0 0
1925 0.554723 -0.0010463 -0.0858827 0.01 67 67 0 0 0
1932 0.50199 -0.00120609 -0.0681668 0.01 54 54 0 0 0
1934 0.546534 -0.00107111 -0.0918314 0.01 60 60 0 0 0
1935 0.487705 -0.00124938 -0.0507072 0.01 54 54 0 0 0
1942 0.556692 -0.00104033 -0.0949581 0.01 54 54 0 0 0
1943 0.543228 -0.00108113 -0.0761884 0.01 54 55 0 0 0
1945 0.55357 -0.00104979 -0.0833738 0.01 60 60 0 0 0
1947 0.569069 -0.00100282 -0.101761 0.01 60 60 0 0 0
1951 0.50199 -0.00120609 -0.0681668 0.01 54 54 0 0 0
1958 0.556692 -0.00104033 -0.0753662 0.01 60 60 0 0 0
1964 0.543228 -0.00108113 -0.0758337 0.01 53 53 0 0 0
1965 0.57459 -0.000986092 -0.0401618 0.01 67 67 0 0 0
1976 0.541382 -0.00108672 -0.0761884 0.01 53 53 0 0 0
1981 0.504903 -0.00119726 -0.088624 0.01 60 60 0 0 0
1989 0.556692 -0.00104033 -0.069146 0.01 60 60 0 0 0
1992 0.543228 -0.00108113 -0.0761884 0.01 53 55 0 0 0
1995 0.528104 -0.00112696 -0.0914686 0.01 67 67 0 0 0
1997 0.543228 -0.00108113 -0.0758337 0.01 53 53 0 0 0
2003 0.550841 -0.00105806 -0.0824031 0.01 54 54 0 0 0
2014 0.528104 -0.00112696 -0.0745619 0.01 67 67 0 0 0
2016 0.550584 -0.00105884 -0.0725319 0.01 60 60 0 0 0
2019 0.591174 -0.000935837 -0.0520329 0.01 67 67 0 0 0
2021 0.487705 -0.00124938 -0.0507072 0.01 54 54 0 0 0
2032 0.558627 -0.00103446 -0.0833738 0.01 67 67 0 0 0
2037 0.531908 -0.00111543 -0.0916846 0.01 60 60 0 0 0
2057 0.556692 -0.00104033 -0.0796388 0.01 60 60 0 0 0
2063 0.592832 -0.000930812 -0.076795 0.01 60 60 0 0 0
2068 0.50199 -0.00120609 -0.0744487 0.01 54 54 0 0 -0.0062819
2079 0.528104 -0.00112696 -0.0786819 0.01 68 68 0 0 0
2081 0.469017 -0.00130601 -0.0507072 0.01 53 54 0.0192932 -0.0186888 0
2083 0.558627 -0.00103446 -0.0833738 0.01 67 67 0 0 0
2084 0.487705 -0.00124938 -0.0507072 0.01 54 54 0 0 0
2088 0.554656 -0.0010465 -0.0577935 0.01 54 54 0 0 0
2089 0.550841 -0.00105806 -0.0824031 0.01 54 54 0 0 0
2090 0.559966 -0.00103041 -0.0823773 0.01 60 61 0 0 0
2092 0.543228 -0.00108113 -0.0758337 0.01 53 53 0 0 0
2106 0.557245 -0.00103865 -0.0728996 0.01 60 60 0 0 0
2108 0.568098 -0.00100576 -0.0739826 0.01 54 54 0.00123121 -0.00164139 0
2121 0.556692 -0.00104033 -0.0586155 0.01 60 60 0 0 0
2122 0.547212 -0.00106906 -0.0833738 0.01 60 60 0 0 0
2123 0.554723 -0.0010463 -0.0858827 0.01 67 67 0 0 0
2124 0.562988 -0.00102125 -0.103911 0.01 54 54 0 0 0
2133 0.556692 -0.00104033 -0.0833738 0.01 60 60 0 0 0
2134 0.563563 -0.00101951 -0.105887 0.01 67 67 0 0 0
2138 0.567981 -0.00100612 -0.0673231 0.01 60 61 0 0 0
2139 0.556692 -0.00104033 -0.0833738 0.01 54 54 0 0 0
2140 0.50019 -0.00121154 -0.0833738 0.01 54 54 0 0 0
2141 0.520986 -0.00114853 -0.0914686 0.01 67 67 0 0 0
2144 0.542037 -0.00108474 -0.0833738 0.01 60 60 -0.000901699 0.0010339 0
2145 0.504903 -0.00119726 -0.0916846 0.01 60 60 0 0 0
2146 0.528104 -0.00112696 -0.0914686 0.01 67 67 0 0 0
2148 0.591839 -0.000933821 -0.0533862 0.01 60 61 0 0 0
2149 0.556692 -0.00104033 -0.0833738 0.01 54 55 0 0 0
2150 0.564502 -0.00101666 -0.0951471 0.01 60 60 0 0 0
2152 0.556692 -0.00104033 -0.0686469 0.01 53 53 0 0 0
2155 0.556692 -0.00104033 -0.0753662 0.01 60 60 0 0 0
2161 0.57459 -0.000986092 -0.0472488 0.01 68 68 0 0 0
2162 0.50199 -0.00120609 -0.0681668 0.01 54 54 0 0 0
2168 0.591174 -0.000935837 -0.0520329 0.01 67 67 0 0 0
2170 0.543228 -0.00108113 -0.0761884 0.01 54 54 0 0 0
2171 0.557245 -0.00103865 -0.0728996 0.01 60 60 0 0 0
2173 0.556692 -0.00104033 -0.0673692 0.01 60 60 0 0 0
2175 0.531908 -0.00111543 -0.0823973 0.01 60 60 0 0 0
2176 0.578129 -0.000975367 -0.0661201 0.01 60 60 0 0 0
2182 0.528104 -0.00112696 -0.0914686 0.01 67 67 0 0 0
2187 0.557245 -0.00103865 -0.0728996 0.01 60 60 0 0 0
2190 0.487705 -0.00124938 -0.0507072 0.01 54 54 0 0 0
2192 0.57784 -0.000976243 -0.0833738 0.01 67 66 0 0 0
2193 0.49431 -0.00122936 -0.087281 0.01 60 60 0 0 0
2204 0.526939 -0.00113049 -0.0727617 0.01 54 54 0 0 0
2205 0.530421 -0.00111994 -0.0766586 0.01 60 60 0 0 0
2211 0.591174 -0.000935837 -0.0520329 0.01 68 68 0 0 0
2214 0.556692 -0.00104033 -0.069146 0.01 60 60 0 0 0
2227 0.543228 -0.00108113 -0.0758337 0.01 53 53 0 0 0
2228 0.557245 -0.00103865 -0.0728996 0.01 60 60 0 0 0
2230 0.558627 -0.00103446 -0.0833738 0.01 67 67 0 0 0
2231 0.559966 -0.00103041 -0.0950835 0.01 54 55 0 0 0
2233 0.543228 -0.00108113 -0.0758337 0.01 53 53 0 0 0
2239 0.529379 -0.0011231 -0.0916846 0.01 60 60 0 0 0
2240 0.591174 -0.000935837 -0.0520329 0.01 68 67 0 0 0
2242 0.591174 -0.000935837 -0.0520329 0.01 69 69 0 0 0
2249 0.558627 -0.00103446 -0.0833738 0.01 60 60 0 0 0
2250 0.539578 -0.00109219 -0.105325 0.01 54 54 0 0 0
2251 0.528104 -0.00112696 -0.0914686 0.01 68 68 0 0 0
2255 0.541418 -0.00108661 -0.0926641 0.01 54 54 0 0 0
2256 0.574629 -0.000985974 -0.0586632 0.01 60 60 0 0 0
2257 0.539578 -0.00109219 -0.105325 0.01 60 59 0 0 0
2260 0.555131 -0.00104506 -0.0609232 0.01 60 60 0 0 0
2264 0.543228 -0.00108113 -0.0758337 0.01 53 53 0 0 0
2265 0.591174 -0.000935837 -0.0452536 0.01 67 67 0.00516635 0 0.00677937
2273 0.50199 -0.00120609 -0.0681668 0.01 54 54 0 0 0
2279 0.543228 -0.00108113 -0.0758337 0.01 53 53 0 0 0
2280 0.526939 -0.00113049 -0.0727617 0.01 53 53 0 0 0
2287 0.554632 -0.00104657 -0.114108 0.01 54 54 0 0 0
2297 0.57459 -0.000986092 -0.0401618 0.01 67 67 0 0 0
2302 0.621034 -0.00084535 -0.0868223 0.01 60 60 0 0 0
2309 0.591174 -0.000935837 -0.0520329 0.01 67 67 0 0 0
2322 0.526939 -0.00113049 -0.0727617 0.01 54 54 0 0 0
2324 0.578129 -0.000975367 -0.0661201 0.01 60 60 0 0 0
2326 0.528104 -0.00112696 -0.0914686 0.01 67 67 0 0 0
2329 0.591174 -0.000935837 -0.0520329 0.01 69 69 0 0 0
2334 0.574804 -0.000985442 -0.0734824 0.01 60 59 0 0 0
2355 0.549643 -0.00106169 -0.0951471 0.01 60 60 0 0 0
2356 0.556692 -0.00104033 -0.0796388 0.01 60 60 0 0 0
2359 0.587252 -0.000947722 -0.0601791 0.01 60 60 0 0 0
2360 0.518223 -0.0011569 -0.0507072 0.01 54 54 -0.0288968 0.0305175 0
2363 0.52829 -0.00112639 -0.105325 0.01 54 54 0 0 0
2365 0.543228 -0.00108113 -0.0758337 0.01 53 53 0 0 0
2367 0.543228 -0.00108113 -0.0758337 0.01 53 53 0 0 0
2373 0.528104 -0.00112696 -0.0914686 0.01 68 68 0 0 0
2376 0.57459 -0.000986092 -0.0472488 0.01 68 68 0 0 0
2377 0.568253 -0.00100529 -0.104888 0.01 60 59 0.000161439 0 0.00163896
2380 0.585989 -0.000951548 -0.104793 0.01 53 53 0 0 0
2393 0.539578 -0.00109219 -0.112003 0.01 60 60 0 0 0
2397 0.557245 -0.00103865 -0.0728996 0.01 60 60 0 0 0
2399 0.550223 -0.00105993 -0.0763397 0.01 60 60 0 0 0
2400 0.556692 -0.00104033 -0.0686469 0.01 53 53 0 0 0
2422 0.487705 -0.00124938 -0.0507072 0.01 54 54 0 0 0
2424 0.559292 -0.00103245 -0.0990887 0.01 60 60 -0.00120682 0 -0.00806215
2425 0.556692 -0.00104033 -0.0833738 0.01 53 54 0 0 0
2427 0.591174 -0.000935837 -0.0520329 0.01 67 67 0 0 0
2434 0.526939 -0.00113049 -0.0876978 0.01 54 54 0 0 0
2442 0.550154 -0.00106014 -0.0875279 0.01 54 54 0 0 0
2445 0.526939 -0.00113049 -0.0727617 0.01 54 54 0 0 0
2446 0.542065 -0.00108465 -0.102011 0.01 54 56 0 0 0
2448 0.591174 -0.000935837 -0.0520329 0.01 67 67 0 0 0
2455 0.556692 -0.00104033 -0.0686469 0.01 53 53 0 0 0
2456 0.591174 -0.000935837 -0.0520329 0.01 67 67 0 0 0
2466 0.543228 -0.00108113 -0.0758337 0.01 53 53 0 0 0
2469 0.585383 -0.000953384 -0.0737894 0.01 60 60 0 0 0
2470 0.57459 -0.000986092 -0.0472488 0.01 68 68 0 0 0
2472 0.553612 -0.00104966 -0.105325 0.01 60 60 0 0 0
2476 0.528104 -0.00112696 -0.0914686 0.01 68 68 0 0 0
2486 0.585989 -0.000951548 -0.104793 0.01 54 54 0 0 0
2492 0.50199 -0.00120609 -0.0681668 0.01 54 54 0 0 0
2495 0.556692 -0.00104033 -0.0753662 0.01 60 60 0 0 0
2496 0.591174 -0.000935837 -0.0520329 0.01 67 67 0 0 0
2497 0.57459 -0.000986092 -0.0472488 0.01 67 67 0 0 0
2504 0.526939 -0.00113049 -0.0727617 0.01 53 53 0 0 0
2513 0.558627 -0.00103446 -0.0912106 0.01 60 61 0 0 0
2527 0.526939 -0.00113049 -0.0876978 0.01 54 54 0 0 0
2528 0.556692 -0.00104033 -0.0833738 0.01 54 55 0 0 0
2531 0.549643 -0.00106169 -0.0951471 0.01 60 60 0 0 0
2532 0.52478 -0.00113703 -0.0507072 0.01 54 54 0 0 0
2535 0.53442 -0.00110782 -0.036547 0.01 60 61 0 0 0
2544 0.50199 -0.00120609 -0.0681668 0.01 54 54 0 0 0
2550 0.50199 -0.00120609 -0.0681668 0.01 54 54 0 0 0
2552 0.556692 -0.00104033 -0.0670988 0.01 60 60 0 0 0
2561 0.558781 -0.001034 -0.068946 0.01 67 66 0 0 0
2562 0.591174 -0.000935837 -0.0520329 0.01 68 68 0 0 0
2568 0.55357 -0.00104979 -0.0833738 0.01 60 60 0 0 0
2578 0.547888 -0.00106701 -0.105325 0.01 54 54 0 0 0
2580 0.52478 -0.00113703 -0.0507072 0.01 54 54 0 0 0
2588 0.582682 -0.00096157 -0.0745462 0.01 67 67 0 0 0
2590 0.55357 -0.00104979 -0.0833738 0.01 60 60 0 0 0
2591 0.591174 -0.000935837 -0.0520329 0.01 67 67 0 0 0
2595 0.55731 -0.00103845 -0.0833738 0.01 60 60 0 0 0
2599 0.52478 -0.00113703 -0.0507072 0.01 54 54 0 0 0
2602 0.527662 -0.0011283 -0.0761884 0.01 53 53 0 0 0
2607 0.556692 -0.00104033 -0.0670988 0.01 60 60 0 0 0
2613 0.556692 -0.00104033 -0.0863099 0.01 60 60 0 0 0
2614 0.556692 -0.00104033 -0.0833738 0.01 54 55 0 0 0
2618 0.50199 -0.00120609 -0.0522884 0.01 54 54 0 0 0
2619 0.557599 -0.00103758 -0.102011 0.01 60 60 0 0 0
2624 0.539578 -0.00109219 -0.105325 0.01 60 60 0 0 0
2625 0.57222 -0.000993272 -0.0809129 0.01 60 58 0 0 0
2629 0.530841 -0.00111866 -0.0725006 0.01 60 60 0 0 0
2633 0.591174 -0.000935837 -0.0520329 0.01 67 67 0 0 0
2635 0.55357 -0.00104979 -0.0833738 0.01 60 60 0 0 0
2642 0.567358 -0.00100801 -0.0811864 0.01 60 60 0 0 0
2644 0.591839 -0.000933821 -0.0533862 0.01 60 60 0 0 0
2647 0.553612 -0.00104966 -0.105325 0.01 60 60 0 0 0
2651 0.591174 -0.000935837 -0.0520329 0.01 67 67 0 0 0
2654 0.607099 -0.000887578 -0.0472488 0.01 67 67 -0.0253636 0.0325097 0
2655 0.487705 -0.00124938 -0.0507072 0.01 54 54 0 0 0
2657 0.541382 -0.00108672 -0.0761884 0.01 53 53 0 0 0
2662 0.528104 -0.00112696 -0.0914686 0.01 67 67 0 0 0
2666 0.50199 -0.00120609 -0.0727617 0.01 54 54 0 0 0
2672 0.556692 -0.00104033 -0.107576 0.01 60 60 0 0 0
2684 0.558627 -0.00103446 -0.0833738 0.01 67 66 0 0 0
2686 0.534261 -0.0011083 -0.0916846 0.01 67 67 0 0 0
2692 0.550841 -0.00105806 -0.0824031 0.01 54 54 0 0 0
2696 0.543228 -0.00108113 -0.0761884 0.01 54 54 0 0 0
2697 0.556692 -0.00104033 -0.0833738 0.01 54 54 0 0 0
2701 0.541003 -0.00108787 -0.0833738 0.01 60 60 0 0 0
2702 0.614982 -0.000863692 -0.0520329 0.01 69 69 0 0 0
2707 0.591174 -0.000935837 -0.0520329 0.01 67 67 0 0 0
2709 0.50199 -0.00120609 -0.0681668 0.01 54 54 0 0 0
2713 0.50199 -0.00120609 -0.0681668 0.01 54 54 0 0 0
2714 0.549643 -0.00106169 -0.0951471 0.01 60 60 0 0 0
2726 0.591174 -0.000935837 -0.0587007 0.01 60 59 0 0 0
2733 0.526939 -0.00113049 -0.0727617 0.01 54 54 0 0 0
2736 0.50199 -0.00120609 -0.0681668 0.01 54 54 0 0 0
2739 0.591174 -0.000935837 -0.0920242 0.01 60 60 0 0 0
2740 0.591174 -0.000935837 -0.0520329 0.01 68 67 0 0 0
2743 0.527662 -0.0011283 -0.0761884 0.01 53 53 0 0 0
2748 0.529379 -0.0011231 -0.0916846 0.01 60 60 0 0 0
2751 0.585989 -0.000951548 -0.104793 0.01 53 53 0 0 0
2756 0.487705 -0.00124938 -0.0507072 0.01 54 54 0 0 0
2764 0.565315 -0.0010142 -0.0833738 0.01 60 60 0 0 0
2767 0.528104 -0.00112696 -0.0914686 0.01 67 67 0 0 0
2768 0.539578 -0.00109219 -0.105325 0.01 54 54 0 0 0
2769 0.557245 -0.00103865 -0.0539805 0.01 60 59 0 0 0
2773 0.526939 -0.00113049 -0.0727617 0.01 53 53 0 0 0
2775 0.556692 -0.00104033 -0.0863099 0.01 53 53 0 0 0
2783 0.543228 -0.00108113 -0.0758337 0.01 53 53 0 0 0
2793 0.563563 -0.00101951 -0.10812 0.01 67 67 0 0 0
2794 0.552181 -0.001054 -0.0586632 0.01 60 60 0 0 0
2795 0.528104 -0.00112696 -0.0914686 0.01 68 67 0 0 0
2800 0.514599 -0.00116788 -0.0833738 0.01 54 54 0 0 0
2801 0.543228 -0.00108113 -0.0758337 0.01 53 53 0 0 0
2811 0.558627 -0.00103446 -0.0833738 0.01 67 67 0 0 0
2813 0.50199 -0.00120609 -0.0681668 0.01 54 54 0 0 0
2815 0.50199 -0.00120609 -0.0727617 0.01 54 54 0 0 0
2816 0.526939 -0.00113049 -0.0727617 0.01 54 54 0 0 0
2823 0.526939 -0.00113049 -0.0727617 0.01 54 54 0 0 0
2844 0.585989 -0.000951548 -0.104793 0.01 53 53 0 0 0
2845 0.52478 -0.00113703 -0.0507072 0.01 54 54 0 0 0
2853 0.50199 -0.00120609 -0.0727617 0.01 54 55 0 0 0
2854 0.556692 -0.00104033 -0.0686469 0.01 53 53 0 0 0
2860 0.543339 -0.00108079 -0.0675118 0.01 60 59 0 0 0
2863 0.556692 -0.00104033 -0.0686469 0.01 53 53 0 0 0
2865 0.567981 -0.00100612 -0.0673231 0.01 60 60 0 0 0
2868 0.56552 -0.00101358 -0.0734824 0.01 60 60 0 0 0
2870 0.49431 -0.00122936 -0.0796128 0.01 60 59 0 0 0
2873 0.557245 -0.00103865 -0.0728996 0.01 60 60 0 0 0
2888 0.591174 -0.000935837 -0.0520329 0.01 67 67 0 0 0
2889 0.528104 -0.00112696 -0.0914686 0.01 67 67 0 0 0
2896 0.541382 -0.00108672 -0.0761884 0.01 53 54 0 0 0
2898 0.563563 -0.00101951 -0.10812 0.01 68 68 0 0 0
2905 0.568125 -0.00100568 -0.118427 0.01 60 60 0 0 0
2908 0.52478 -0.00113703 -0.0507072 0.01 53 54 0 0 0
2913 0.57459 -0.000986092 -0.0472488 0.01 68 68 0 0 0
2916 0.543228 -0.00108113 -0.0758337 0.01 53 53 0 0 0
2919 0.556692 -0.00104033 -0.0863099 0.01 54 55 0 0 0
2927 0.539578 -0.00109219 -0.112003 0.01 60 60 0 0 0
2930 0.591174 -0.000935837 -0.0520329 0.01 67 67 0 0 0
2931 0.563563 -0.00101951 -0.10812 0.01 68 67 0 0 0
2934 0.543228 -0.00108113 -0.0758337 0.01 52 52 0 0 0
2935 0.555131 -0.00104506 -0.0609232 0.01 60 60 0 0 0
2936 0.543228 -0.00108113 -0.0758337 0.01 53 53 0 0 0
2937 0.541204 -0.00108726 -0.096755 0.01 60 60 0 0 0
2938 0.592832 -0.000930812 -0.076795 0.01 60 60 0 0 0
2940 0.52478 -0.00113703 -0.0507072 0.01 54 55 0 0 0
2956 0.52478 -0.00113703 -0.0507072 0.01 54 54 0 0 0
2961 0.553669 -0.00104949 -0.0967481 0.01 60 61 0 0 0
2962 0.591174 -0.000935837 -0.0833738 0.01 60 60 0 0 0
2967 0.564403 -0.00101696 -0.0928079 0.01 60 60 0 0 0
2970 0.530421 -0.00111994 -0.0766586 0.01 60 60 0 0 0
2971 0.50199 -0.00120609 -0.0681668 0.01 54 54 0 0 0
2980 0.543228 -0.00108113 -0.0761884 0.01 54 54 0 0 0
2982 0.559966 -0.00103041 -0.0833738 0.01 60 60 0 0 0
2983 0.526939 -0.00113049 -0.0727617 0.01 54 54 0 0 0
2989 0.529379 -0.0011231 -0.0916846 0.01 60 60 0 0 0
2994 0.487705 -0.00124938 -0.0507072 0.01 54 54 0 0 0
2996 0.543228 -0.00108113 -0.083501 0.01 53 53 -2.8044e-05 0 -0.00766733
3004 0.565315 -0.0010142 -0.0833738 0.01 60 60 0 0 0
3006 0.566976 -0.00100916 -0.0951471 0.01 60 60 0 0 0
3007 0.50199 -0.00120609 -0.0681668 0.01 54 54 0 0 0
3008 0.556692 -0.00104033 -0.0833738 0.01 53 53 0 0 0
3009 0.556692 -0.00104033 -0.0833738 0.01 53 53 0 0 0
3018 0.559966 -0.00103041 -0.0848081 0.01 60 61 0 0 0
3020 0.558627 -0.00103446 -0.0833738 0.01 68 68 0 0 0
3024 0.546364 -0.00107163 -0.073983 0.01 60 59 0 0 0
3027 0.555131 -0.00104506 -0.0609232 0.01 60 60 0 0 0
3031 0.559855 -0.00103074 -0.0833738 0.01 60 60 0 0 0
3047 0.55357 -0.00104979 -0.0833738 0.01 60 60 0 0 0
3051 0.578109 -0.000975426 -0.114108 0.01 60 60 0 0 0
3069 0.543228 -0.00108113 -0.0758337 0.01 53 53 0 0 0
3072 0.529379 -0.0011231 -0.0916846 0.01 60 60 0 0 0
3073 0.528104 -0.00112696 -0.0914686 0.01 68 68 0 0 0
3074 0.567102 -0.00100878 -0.057859 0.01 54 55 0 0 0
3077 0.562982 -0.00102127 -0.0922899 0.01 67 66 0 0 0
3088 0.541003 -0.00108787 -0.0833738 0.01 60 60 0 0 0
3091 0.552988 -0.00105155 -0.0571803 0.01 54 54 0 0 0
3093 0.556692 -0.00104033 -0.0686469 0.01 53 53 0 0 0
3094 0.621034 -0.00084535 -0.0868223 0.01 60 60 0 0 0
3100 0.541382 -0.00108672 -0.0761884 0.01 60 58 0 0 0
3110 0.526939 -0.00113049 -0.0727617 0.01 54 54 0 0 0
3127 0.504903 -0.00119726 -0.088624 0.01 60 59 0 0 0
3128 0.528104 -0.00112696 -0.0861474 0.01 67 67 0 0 0
3131 0.52478 -0.00113703 -0.0507072 0.01 54 55 0 0 0
3138 0.487705 -0.00124938 -0.0507072 0.01 54 55 0 0 0
3148 0.56552 -0.00101358 -0.0734824 0.01 60 59 0 0 0
3150 0.558627 -0.00103446 -0.0833738 0.01 69 69 0 0 0
3154 0.528104 -0.00112696 -0.0914686 0.01 68 67 0 0 0
3162 0.50199 -0.00120609 -0.0681668 0.01 54 54 0 0 0
3167 0.565824 -0.00101265 -0.0586632 0.01 60 60 0 0 0
3169 0.504903 -0.00119726 -0.088624 0.01 60 60 0 0 0
3173 0.60453 -0.000895364 -0.0666577 0.01 60 60 0 0 0
3180 0.50199 -0.00120609 -0.0681668 0.01 54 54 0 0 0
3181 0.55357 -0.00104979 -0.0685364 0.01 60 60 0 0 0
3184 0.587252 -0.000947722 -0.0601791 0.01 60 60 0 0 0
3186 0.567102 -0.00100878 -0.057859 0.01 54 54 0 0 0
3188 0.562988 -0.00102125 -0.103911 0.01 60 60 0 0 0
3191 0.541382 -0.00108672 -0.0761884 0.01 53 53 0 0 0
3192 0.57459 -0.000986092 -0.0472488 0.01 68 67 0 0 0
3199 0.53619 -0.00110245 -0.0677041 0.01 60 60 0.00104886 0 0.00642312
3203 0.524817 -0.00113692 -0.034056 0.01 60 60 0 0 0
3209 0.526939 -0.00113049 -0.082403 0.01 53 53 -3.69549e-05 0 -0.00964133
3212 0.556692 -0.00104033 -0.0833738 0.01 54 54 0 0 0
3223 0.514599 -0.00116788 -0.0833738 0.01 54 54 0 0 0
3226 0.565824 -0.00101265 -0.0586632 0.01 60 60 0 0 0
3228 0.526939 -0.00113049 -0.0727617 0.01 53 53 0 0 0
3242 0.591174 -0.000935837 -0.0520329 0.01 67 67 0 0 0
3248 0.550841 -0.00105806 -0.0824031 0.01 60 60 0 0 0
3252 0.565996 -0.00101213 -0.0833738 0.01 54 54 0 0 0
3255 0.556692 -0.00104033 -0.0753662 0.01 60 61 0 0 0
3258 0.591174 -0.000935837 -0.0520329 0.01 67 67 0 0 0
3260 0.591174 -0.000935837 -0.0520329 0.01 68 68 0 0 0
3263 0.552988 -0.00105155 -0.0571803 0.01 53 55 0 0 0
3268 0.528104 -0.00112696 -0.0786819 0.01 68 68 0 0 0
3274 0.559966 -0.00103041 -0.0950211 0.01 60 59 0 0 0
3275 0.543228 -0.00108113 -0.0761884 0.01 54 54 0 0 0
3276 0.539578 -0.00109219 -0.105325 0.01 60 60 0 0 0
3278 0.50199 -0.00120609 -0.0727617 0.01 54 54 0 0 0
3283 0.566013 -0.00101208 -0.0670988 0.01 60 60 0 0 0
3294 0.557599 -0.00103758 -0.102011 0.01 60 60 0 0 0
3303 0.52478 -0.00113703 -0.0507072 0.01 54 54 0 0 0
3305 0.583871 -0.000957968 -0.105175 0.01 60 60 0 0 0
3308 0.608245 -0.000884107 -0.058062 0.01 67 66 0 0 0
3313 0.564502 -0.00101666 -0.0951471 0.01 60 60 0 0 0
3314 0.591174 -0.000935837 -0.0520329 0.01 68 68 0 0 0
3316 0.588367 -0.000944344 -0.0527322 0.01 67 67 0 0 0
3319 0.563563 -0.00101951 -0.10812 0.01 68 67 0 0 0
3320 0.568125 -0.00100568 -0.118427 0.01 60 60 0 0 0
3325 0.550841 -0.00105806 -0.0824031 0.01 60 60 0 0 0
3330 0.528104 -0.00112696 -0.0914686 0.01 67 66 0 0 0
3336 0.556692 -0.00104033 -0.0833738 0.01 54 54 0 0 0
3338 0.57459 -0.000986092 -0.0472488 0.01 67 67 0 0 0
3341 0.543228 -0.00108113 -0.0758337 0.01 52 52 0 0 0
3343 0.573598 -0.000989097 -0.0734824 0.01 60 60 0 0 0
3345 0.543228 -0.00108113 -0.0758337 0.01 53 53 0 0 0
3347 0.512783 -0.00117339 -0.0727617 0.01 54 54 0 0 0
3356 0.556692 -0.00104033 -0.0753662 0.01 60 60 0 0 0
3359 0.577834 -0.00097626 -0.0802798 0.01 60 60 0 0 0
3363 0.526939 -0.00113049 -0.0876978 0.01 54 54 0 0 -0.0149361
3365 0.57459 -0.000986092 -0.0472488 0.01 68 68 0 0 0
3366 0.539578 -0.00109219 -0.112003 0.01 60 60 0 0 0
3368 0.541382 -0.00108672 -0.0761884 0.01 54 54 0 0 0
3369 0.539578 -0.00109219 -0.112003 0.01 54 55 0 0 0
3372 0.591174 -0.000935837 -0.0520329 0.01 69 69 0 0 0
3378 0.563563 -0.00101951 -0.10812 0.01 67 67 0 0 0
3385 0.585989 -0.000951548 -0.104793 0.01 54 54 0 0 0
3386 0.596963 -0.000918293 -0.105468 0.01 54 55 0 0 0
3392 0.57459 -0.000986092 -0.0273356 0.01 68 68 0.00776362 0 0.00784572
3395 0.556692 -0.00104033 -0.0949581 0.01 54 54 0 0 0
3400 0.50199 -0.00120609 -0.0681668 0.01 54 54 0 0 0
3410 0.585909 -0.00095179 -0.0777926 0.01 60 62 0 0 0
3420 0.487705 -0.00124938 -0.0507072 0.01 54 54 0 0 0
3427 0.50199 -0.00120609 -0.0727617 0.01 54 55 0 0 0
3432 0.563563 -0.00101951 -0.10812 0.01 67 67 0 0 0
3433 0.591174 -0.000935837 -0.0520329 0.01 67 67 0 0 0
3447 0.556692 -0.00104033 -0.0949402 0.01 53 53 0 0 0
3448 0.559292 -0.00103245 -0.0910266 0.01 60 60 0 0 0
3450 0.539578 -0.00109219 -0.138657 0.01 60 60 0 0 0
3452 0.614982 -0.000863692 -0.0520329 0.01 69 69 -0.017494 0.0238079 0
3453 0.559966 -0.00103041 -0.0833738 0.01 60 60 0 0 0
3454 0.543228 -0.00108113 -0.0758337 0.01 53 53 0 0 0
3467 0.529379 -0.0011231 -0.0916846 0.01 60 60 0 0 0
3475 0.543228 -0.00108113 -0.0758337 0.01 53 53 0 0 0
3477 0.548972 -0.00106372 -0.0686469 0.01 53 53 0.00600596 -0.00772023 0
3483 0.543228 -0.00108113 -0.0758337 0.01 53 53 0 0 0
3484 0.57459 -0.000986092 -0.0472488 0.01 67 67 0 0 0
3495 0.550154 -0.00106014 -0.0875279 0.01 54 54 0 0 0
3496 0.582682 -0.00096157 -0.0745462 0.01 67 67 0 0 0
3497 0.558627 -0.00103446 -0.0833738 0.01 67 67 0 0 0
3499 0.528104 -0.00112696 -0.0914686 0.01 67 67 0 0 0
3501 0.512783 -0.00117339 -0.0727617 0.01 54 54 0 0 0
3502 0.528104 -0.00112696 -0.0914686 0.01 67 67 0 0 0
3507 0.526939 -0.00113049 -0.0727617 0.01 53 53 0 0 0
3526 0.591174 -0.000935837 -0.0520329 0.01 67 67 0 0 0
3544 0.539578 -0.00109219 -0.105325 0.01 60 60 0 0 0
3552 0.591174 -0.000935837 -0.0520329 0.01 68 68 0 0 0
3553 0.543228 -0.00108113 -0.0758337 0.01 53 53 0 0 0
3558 0.50199 -0.00120609 -0.0681668 0.01 54 54 0 0 0
3562 0.526939 -0.00113049 -0.0727617 0.01 53 53 0 0 0
3566 0.543228 -0.00108113 -0.0761884 0.01 54 54 0 0 0
3568 0.564516 -0.00101662 -0.049107 0.01 60 60 0.00385275 0 0.0256641
3580 0.543228 -0.00108113 -0.0758337 0.01 53 53 0 0 0
3584 0.487705 -0.00124938 -0.0507072 0.01 54 54 0 0 0
3596 0.591174 -0.000935837 -0.0520329 0.01 69 69 0 0 0
3619 0.541382 -0.00108672 -0.0761884 0.01 53 53 0 0 0
3622 0.556692 -0.00104033 -0.0753662 0.01 60 60 0 0 0
3623 0.591174 -0.000935837 -0.0520329 0.01 68 68 0 0 0
3639 0.487705 -0.00124938 -0.0507072 0.01 54 54 0 0 0
3644 0.563563 -0.00101951 -0.0735011 0.01 60 60 0 0 0
3648 0.526939 -0.00113049 -0.0727617 0.01 53 54 0 0 0
3651 0.566976 -0.00100916 -0.0951471 0.01 60 60 0 0 0
3652 0.487705 -0.00124938 -0.0507072 0.01 54 54 0 0 0
3658 0.487705 -0.00124938 -0.0507072 0.01 54 54 0 0 0
3659 0.528104 -0.00112696 -0.0914686 0.01 68 68 0 0 0
3663 0.583871 -0.000957968 -0.105175 0.01 54 55 0 0 0
3665 0.534261 -0.0011083 -0.0915094 0.01 60 60 2.83122e-05 0 0.00017526
3677 0.55357 -0.00104979 -0.0833738 0.01 60 60 0 0 0
3680 0.557245 -0.00103865 -0.0728996 0.01 60 60 0 0 0
3683 0.591174 -0.000935837 -0.0520329 0.01 68 68 0 0 0
3695 0.553612 -0.00104966 -0.105325 0.01 60 59 0 0 0
3696 0.556692 -0.00104033 -0.0863099 0.01 60 60 0 0 0
3697 0.563563 -0.00101951 -0.10812 0.01 67 65 0 0 0
3707 0.585989 -0.000951548 -0.104793 0.01 54 54 0 0 0
3714 0.558627 -0.00103446 -0.0833738 0.01 67 67 0 0 0
3716 0.50199 -0.00120609 -0.0727617 0.01 54 54 0 0 0
3737 0.554723 -0.0010463 -0.0858827 0.01 67 67 0 0 0
3740 0.504903 -0.00119726 -0.0916846 0.01 60 59 0 0 0
3741 0.543228 -0.00108113 -0.0758337 0.01 53 53 0 0 0
3744 0.56552 -0.00101358 -0.0734824 0.01 60 60 0 0 0
3746 0.566469 -0.0010107 -0.0758337 0.01 53 53 -0.0179529 0.0232408 0
3747 0.556692 -0.00104033 -0.0833738 0.01 53 53 0 0 0
3748 0.569255 -0.00100226 -0.0758337 0.01 54 54 0 0 0
3755 0.524817 -0.00113692 -0.034056 0.01 60 60 0 0 0
3760 0.559624 -0.00103144 -0.0910266 0.01 60 60 0 0 0
3766 0.49431 -0.00122936 -0.0815805 0.01 60 60 0 0 0
3777 0.56156 -0.00102558 -0.102217 0.01 54 54 0 0 0
3784 0.556692 -0.00104033 -0.0863099 0.01 54 54 0 0 0
3786 0.526939 -0.00113049 -0.0727617 0.01 53 53 0 0 0
3787 0.564516 -0.00101662 -0.0989698 0.01 60 59 0 0 0
3794 0.562988 -0.00102125 -0.103911 0.01 54 55 0 0 0
3797 0.543228 -0.00108113 -0.0758337 0.01 53 53 0 0 0
3805 0.557245 -0.00103865 -0.0728996 0.01 60 60 0 0 0
3810 0.556692 -0.00104033 -0.107576 0.01 60 60 0 0 0
3812 0.564502 -0.00101666 -0.0951471 0.01 60 60 0 0 0
3814 0.583871 -0.000957968 -0.105175 0.01 60 60 0 0 0
3824 0.55357 -0.00104979 -0.0875643 0.01 60 60 0 0 0
3827 0.57459 -0.000986092 -0.0472488 0.01 68 68 0 0 0
3831 0.550154 -0.00106014 -0.0875279 0.01 54 54 0 0 0
3838 0.547212 -0.00106906 -0.0833738 0.01 60 59 0 0 0
3843 0.541418 -0.00108661 -0.0879251 0.01 54 55 0 0 0
3856 0.512783 -0.00117339 -0.0727617 0.01 54 54 0 0 0
3857 0.564516 -0.00101662 -0.0773364 0.01 60 60 0 0 0
3859 0.554723 -0.0010463 -0.0858827 0.01 67 66 0 0 0
3866 0.527662 -0.0011283 -0.0761884 0.01 53 53 0 0 0
3879 0.528104 -0.00112696 -0.0914686 0.01 68 68 0 0 0
3886 0.563563 -0.00101951 -0.10812 0.01 67 67 0 0 0
3887 0.591174 -0.000935837 -0.0520329 0.01 69 69 0 0 0
3892 0.50199 -0.00120609 -0.0681668 0.01 54 54 0 0 0
3896 0.592832 -0.000930812 -0.070673 0.01 60 60 0.000835255 0 0.00612202
3904 0.559624 -0.00103144 -0.0910266 0.01 60 60 0 0 0
3905 0.582682 -0.00096157 -0.0745462 0.01 67 67 0 0 0
3913 0.581318 -0.000965702 -0.0520329 0.01 67 67 0 0 0
3927 0.528104 -0.00112696 -0.0914686 0.01 67 66 0 0 0
3932 0.556692 -0.00104033 -0.0833738 0.01 54 54 0 0 0
3939 0.57459 -0.000986092 -0.0472488 0.01 68 67 0 0 0
3944 0.591174 -0.000935837 -0.0520329 0.01 67 67 0 0 0
3947 0.543228 -0.00108113 -0.0758337 0.01 53 53 0 0 0
3957 0.50019 -0.00121154 -0.0833738 0.01 54 54 0.0134276 -0.0144087 0
3958 0.543228 -0.00108113 -0.0758337 0.01 53 53 0 0 0
3959 0.564992 -0.00101518 -0.0661201 0.01 60 60 0.0105359 -0.013137 0
3961 0.562988 -0.00102125 -0.103911 0.01 53 53 0 0 0
3964 0.564502 -0.00101666 -0.0951471 0.01 60 60 0 0 0
3966 0.543228 -0.00108113 -0.0758337 0.01 53 53 0 0 0
3972 0.572038 -0.000993825 -0.0863099 0.01 54 54 0 0 0
3980 0.585383 -0.000953384 -0.0628786 0.01 60 60 0 0 0
3981 0.50199 -0.00120609 -0.0522884 0.01 53 54 0 0 0
3983 0.553612 -0.00104966 -0.105325 0.01 60 60 0 0 0
3990 0.550223 -0.00105993 -0.0763397 0.01 60 60 0 0 0
4012 0.578109 -0.000975426 -0.114108 0.01 60 59 0 0 0
4016 0.543228 -0.00108113 -0.0758337 0.01 53 53 0 0 0
4023 0.487705 -0.00124938 -0.0507072 0.01 54 54 0 0 0
4027 0.591174 -0.000935837 -0.0520329 0.01 67 67 0 0 0
4030 0.556692 -0.00104033 -0.0833738 0.01 53 53 0 0 0
4031 0.543228 -0.00108113 -0.0761884 0.01 54 54 0 0 0
4032 0.556692 -0.00104033 -0.0711509 0.01 60 60 -0.00062114 0 -0.00405201
4033 0.529945 -0.00112138 -0.065483 0.01 54 56 0 0 0
4039 0.556692 -0.00104033 -0.0833738 0.01 54 54 0 0 0
4051 0.50199 -0.00120609 -0.0681668 0.01 54 54 0 0 0
4052 0.52478 -0.00113703 -0.0507072 0.01 54 54 0 0 0
4056 0.49431 -0.00122936 -0.0660431 0.01 60 60 0 0 0
4060 0.591174 -0.000935837 -0.0520329 0.01 67 67 0 0 0
4063 0.558627 -0.00103446 -0.0833738 0.01 67 66 0 0 0
4064 0.569739 -0.00100079 -0.0739826 0.01 54 55 0 0 0
4066 0.591174 -0.000935837 -0.0520329 0.01 69 69 0 0 0
4073 0.543228 -0.00108113 -0.0758337 0.01 53 53 0 0 0
4081 0.591174 -0.000935837 -0.0520329 0.01 69 69 0 0 0
4082 0.556692 -0.00104033 -0.0673231 0.01 60 60 0 0 0
4083 0.585383 -0.000953384 -0.0737894 0.01 60 60 0 0 0
4086 0.487705 -0.00124938 -0.0507072 0.01 54 54 0 0 0
4090 0.487705 -0.00124938 -0.0507072 0.01 54 54 0 0 0
4094 0.529379 -0.0011231 -0.0916846 0.01 60 60 0 0 0
4098 0.543228 -0.00108113 -0.0758337 0.01 53 53 0 0 0
4104 0.553612 -0.00104966 -0.105325 0.01 60 60 0 0 0
4106 0.56288 -0.00102157 -0.0833738 0.01 60 60 0 0 0
4111 0.591984 -0.000933383 -0.0520329 0.01 68 68 -0.000617832 0.000809669 0
4113 0.564992 -0.00101518 -0.0661201 0.01 60 60 0 0 0
4114 0.556692 -0.00104033 -0.0903894 0.01 60 60 -0.00228363 0 -0.0150233
4118 0.556692 -0.00104033 -0.0833738 0.01 54 54 0 0 0
4125 0.550154 -0.00106014 -0.0833738 0.01 54 54 0 0 0
4126 0.528104 -0.00112696 -0.0914686 0.01 68 68 0 0 0
4127 0.527726 -0.0011281 -0.0833738 0.01 60 60 0 0 0
4128 0.591174 -0.000935837 -0.0520329 0.01 67 67 0 0 0
4137 0.556692 -0.00104033 -0.107576 0.01 60 60 -0.00422171 0 -0.0279369
4139 0.591174 -0.000935837 -0.0520329 0.01 67 67 0 0 0
4149 0.546534 -0.00107111 -0.0918314 0.01 60 60 0 0 0
4160 0.534261 -0.0011083 -0.0916846 0.01 67 67 0 0 0
4162 0.563563 -0.00101951 -0.10812 0.01 67 67 0 0 0
4175 0.577834 -0.00097626 -0.0802798 0.01 60 60 0 0 0
4181 0.549643 -0.00106169 -0.0951471 0.01 60 60 0 0 0
4185 0.556692 -0.00104033 -0.0863099 0.01 53 53 0 0 0
4186 0.556692 -0.00104033 -0.0686469 0.01 53 53 0 0 0
4188 0.50199 -0.00120609 -0.0681668 0.01 54 55 0 0 0
4194 0.591174 -0.000935837 -0.0520329 0.01 67 67 0 0 0
4195 0.550841 -0.00105806 -0.0824031 0.01 54 54 0 0 0
4197 0.552988 -0.00105155 -0.0720767 0.01 60 59 0 0 0
4198 0.591174 -0.000935837 -0.0520329 0.01 67 67 0 0 0
4201 0.556692 -0.00104033 -0.0747443 0.01 54 54 0 0 0
4205 0.543339 -0.00108079 -0.0753662 0.01 60 60 0 0 0
4215 0.577834 -0.00097626 -0.068946 0.01 60 61 0 0 0
4216 0.529379 -0.0011231 -0.0879149 0.01 60 60 0.000622481 0 0.00376972
4219 0.487705 -0.00124938 -0.0507072 0.01 54 54 0 0 0
4223 0.591174 -0.000935837 -0.0520329 0.01 69 69 0 0 0
4224 0.526939 -0.00113049 -0.0876978 0.01 54 54 0 0 0
4230 0.50199 -0.00120609 -0.0727617 0.01 54 54 0 0 0
4231 0.579126 -0.000972346 -0.0978116 0.01 60 60 0 0 0
4232 0.543228 -0.00108113 -0.0761884 0.01 54 54 0 0 0
4234 0.52478 -0.00113703 -0.0507072 0.01 54 55 0 0 0
4236 0.558627 -0.00103446 -0.0833738 0.01 67 66 0 0 0
4240 0.50199 -0.00120609 -0.0681668 0.01 54 54 0 0 0
4247 0.565604 -0.00101332 -0.0472488 0.01 68 68 0.00736797 -0.008986 0
4248 0.57459 -0.000986092 -0.0472488 0.01 68 68 0 0 0
4251 0.559473 -0.0010319 -0.0638185 0.01 60 60 0 0 0
4260 0.56552 -0.00101358 -0.0734824 0.01 60 60 0 0 0
4263 0.52478 -0.00113703 -0.0507072 0.01 54 54 0 0 0
4272 0.543228 -0.00108113 -0.0761884 0.01 54 54 0 0 0
4274 0.52478 -0.00113703 -0.0507072 0.01 54 55 0 0 0
4279 0.543228 -0.00108113 -0.0758337 0.01 53 53 0 0 0
4280 0.558627 -0.00103446 -0.0833738 0.01 67 67 0 0 0
4285 0.591174 -0.000935837 -0.0520329 0.01 67 67 0 0 0
4291 0.543228 -0.00108113 -0.0761884 0.01 54 54 0 0 0
4292 0.50199 -0.00120609 -0.0681668 0.01 53 54 0 0 0
4293 0.559292 -0.00103245 -0.0910266 0.01 60 60 0 0 0
4297 0.556692 -0.00104033 -0.0833738 0.01 54 54 0 0 0
4299 0.591174 -0.000935837 -0.0520329 0.01 69 69 0 0 0
4303 0.552988 -0.00105155 -0.0571803 0.01 53 53 0 0 0
4315 0.601012 -0.000906023 -0.0615942 0.01 60 61 0 0 0
4316 0.504903 -0.00119726 -0.0916846 0.01 60 60 0 0 0
4321 0.50199 -0.00120609 -0.0522884 0.01 54 54 0 0 0
4324 0.556692 -0.00104033 -0.0586155 0.01 60 60 0 0 0
4326 0.556692 -0.00104033 -0.0949581 0.01 52 52 0 0 0
4332 0.512783 -0.00117339 -0.0727617 0.01 54 54 0 0 0
4343 0.57222 -0.000993272 -0.0809129 0.01 54 54 0 0 0
4344 0.554656 -0.0010465 -0.0720767 0.01 54 54 0 0 0
4345 0.559624 -0.00103144 -0.0910266 0.01 60 60 0 0 0
4356 0.57459 -0.000986092 -0.0472488 0.01 68 68 0 0 0
4358 0.53442 -0.00110782 -0.036547 0.01 60 60 0 0 0
4360 0.555131 -0.00104506 -0.0609232 0.01 60 60 0 0 0
4361 0.558627 -0.00103446 -0.0833738 0.01 67 67 0 0 0
4372 0.559966 -0.00103041 -0.0867725 0.01 60 60 0 0 0
4373 0.573598 -0.000989097 -0.0734824 0.01 60 60 0 0 0
4375 0.491912 -0.00123663 -0.0681668 0.01 54 54 0 0 0
4379 0.545408 -0.00107452 -0.08696 0.01 54 54 0 0 0
4388 0.563563 -0.00101951 -0.10812 0.01 68 68 0 0 0
4391 0.528104 -0.00112696 -0.0914686 0.01 67 67 0 0 0
4396 0.469017 -0.00130601 -0.0507072 0.01 54 54 0 0 0
4397 0.573598 -0.000989097 -0.068325 0.01 60 59 0 0 0
4401 0.57459 -0.000986092 -0.0401618 0.01 67 67 0.00572374 0 0.00708697
4402 0.591174 -0.000935837 -0.0520329 0.01 69 69 0 0 0
4405 0.487705 -0.00124938 -0.0507072 0.01 54 54 0 0 0
4417 0.558627 -0.00103446 -0.0833738 0.01 69 67 0 0 0
4420 0.550841 -0.00105806 -0.0824031 0.01 53 55 0 0 0
4421 0.526939 -0.00113049 -0.0727617 0.01 53 53 0 0 0
4427 0.539578 -0.00109219 -0.105325 0.01 54 54 0 0 0
4430 0.558032 -0.00103627 -0.0922989 0.01 60 60 0 0 0
4432 0.558627 -0.00103446 -0.0912106 0.01 60 61 0 0 0
4443 0.587641 -0.000946543 -0.0956557 0.01 60 60 0 0 0
4448 0.567059 -0.00100891 -0.113944 0.01 54 55 0 0 0
4454 0.585989 -0.000951548 -0.104793 0.01 53 53 0 0 0
4457 0.556692 -0.00104033 -0.0753662 0.01 60 60 0 0 0
4461 0.556692 -0.00104033 -0.0833738 0.01 52 52 0 0 0
4464 0.487705 -0.00124938 -0.0507072 0.01 54 54 0 0 0
4466 0.583871 -0.000957968 -0.105175 0.01 60 60 0 0 0
4468 0.567059 -0.00100891 -0.113944 0.01 54 54 0 0 0
4477 0.529379 -0.0011231 -0.0814215 0.01 60 60 0 0 0
4479 0.555131 -0.00104506 -0.0609232 0.01 60 61 0 0 0
4484 0.562988 -0.00102125 -0.103911 0.01 54 54 0 0 0
4489 0.591174 -0.000935837 -0.0520329 0.01 69 69 0 0 0
4496 0.528104 -0.00112696 -0.0914686 0.01 67 67 0 0 0
4502 0.557245 -0.00103865 -0.0728996 0.01 60 60 0 0 0
4515 0.591174 -0.000935837 -0.0520329 0.01 67 67 0 0 0
4516 0.563563 -0.00101951 -0.10812 0.01 67 67 0 0 0
4518 0.528104 -0.00112696 -0.0914686 0.01 67 67 0 0 0
4522 0.57459 -0.000986092 -0.0472488 0.01 68 68 0 0 0
4526 0.591174 -0.000935837 -0.0644161 0.01 69 69 -0.0125176 0 -0.0123831
4533 0.585989 -0.000951548 -0.104793 0.01 53 53 0 0 0
4545 0.58843 -0.00094415 -0.0673231 0.01 60 60 0 0 0
4546 0.556692 -0.00104033 -0.0833738 0.01 54 54 0 0 0
4550 0.591174 -0.000935837 -0.0520329 0.01 67 67 0 0 0
4552 0.556692 -0.00104033 -0.0863099 0.01 53 53 0 0 0
4557 0.556692 -0.00104033 -0.0670988 0.01 60 60 0 0 0
4560 0.550154 -0.00106014 -0.0875279 0.01 54 54 0 0 0
4562 0.53587 -0.00110342 -0.0725178 0.01 60 60 0 0 0
4563 0.555131 -0.00104506 -0.0609232 0.01 60 61 0 0 0
4567 0.569255 -0.00100226 -0.0758337 0.01 54 54 0 0 0
4568 0.559966 -0.00103041 -0.0867725 0.01 60 60 0 0 0
4570 0.591174 -0.000935837 -0.0520329 0.01 67 67 0 0 0
4571 0.49431 -0.00122936 -0.0753662 0.01 60 59 0 0 0
4577 0.566976 -0.00100916 -0.0951471 0.01 60 60 0 0 0
4579 0.591174 -0.000935837 -0.0520329 0.01 67 66 0 0 0
4589 0.56552 -0.00101358 -0.0846181 0.01 60 60 0 0 0
4591 0.528104 -0.00112696 -0.0914686 0.01 68 68 0 0 0
4595 0.52478 -0.00113703 -0.0507072 0.01 54 54 0 0 0
4596 0.487705 -0.00124938 -0.0507072 0.01 54 54 0 0 0
4603 0.546364 -0.00107163 -0.073983 0.01 60 58 0 0 0
4609 0.550841 -0.00105806 -0.0824031 0.01 54 54 0 0 0
4612 0.50199 -0.00120609 -0.0681668 0.01 53 54 0 0 0
4613 0.591174 -0.000935837 -0.0520329 0.01 67 67 0 0 0
4615 0.52478 -0.00113703 -0.0507072 0.01 54 55 0 0 0
4620 0.526939 -0.00113049 -0.0727617 0.01 53 53 0 0 0
4633 0.52478 -0.00113703 -0.0507072 0.01 54 54 0 0 0
4635 0.591174 -0.000935837 -0.0520329 0.01 67 67 0 0 0
4637 0.574107 -0.000987554 -0.0928079 0.01 60 61 0 0 0
4639 0.556692 -0.00104033 -0.0949581 0.01 54 54 0 0 0
4644 0.583871 -0.000957968 -0.105175 0.01 53 53 0 0 0
4655 0.543339 -0.00108079 -0.0949025 0.01 60 59 0 0 0
4661 0.556692 -0.00104033 -0.069146 0.01 60 60 0 0 0
4662 0.558627 -0.00103446 -0.059454 0.01 67 67 0.0187429 0 0.0239198
4663 0.591174 -0.000935837 -0.0520329 0.01 69 69 0 0 0
4665 0.583871 -0.000957968 -0.105175 0.01 54 54 0 0 0
4668 0.556692 -0.00104033 -0.0833738 0.01 60 59 0 0 0
4673 0.585178 -0.000954007 -0.0833738 0.01 60 60 0 0 0
4678 0.557245 -0.00103865 -0.0728996 0.01 60 60 0 0 0
4679 0.531908 -0.00111543 -0.0823973 0.01 60 60 0 0 0
4683 0.591174 -0.000935837 -0.0520329 0.01 68 68 0 0 0
4689 0.52478 -0.00113703 -0.0507072 0.01 54 54 0 0 0
4696 0.526939 -0.00113049 -0.0727617 0.01 54 54 0 0 0
4697 0.526939 -0.00113049 -0.0727617 0.01 60 60 0 0 0
4701 0.579475 -0.000971289 -0.10812 0.01 67 67 0 0 0
4703 0.558627 -0.00103446 -0.0833738 0.01 69 69 0 0 0
4705 0.541204 -0.00108726 -0.096755 0.01 60 61 0 0 0
4710 0.558627 -0.00103446 -0.0833738 0.01 69 69 0 0 0
4711 0.582682 -0.00096157 -0.0745462 0.01 67 67 0 0 0
4715 0.558627 -0.00103446 -0.0833738 0.01 60 60 0 0 0
4729 0.591174 -0.000935837 -0.0520329 0.01 67 67 0 0 0
4730 0.547212 -0.00106906 -0.0833738 0.01 60 60 0 0 0
4732 0.550841 -0.00105806 -0.0811883 0.01 60 61 0 0 0
4734 0.50199 -0.00120609 -0.0681668 0.01 54 54 0 0 0
4752 0.559966 -0.00103041 -0.0848081 0.01 60 61 0 0 0
4771 0.579126 -0.000972346 -0.0978116 0.01 60 60 0 0 0
4773 0.503691 -0.00120094 -0.0681668 0.01 54 54 -0.00161067 0.00170118 0
4775 0.591174 -0.000935837 -0.0520329 0.01 67 67 0 0 0
4783 0.591174 -0.000935837 -0.0520329 0.01 67 67 0 0 0
4784 0.534261 -0.0011083 -0.0916846 0.01 67 67 0 0 0
4800 0.562988 -0.00102125 -0.103911 0.01 54 54 0 0 0
4803 0.592832 -0.000930812 -0.0757529 0.01 54 55 0 0 0
4809 0.491912 -0.00123663 -0.0681668 0.01 53 54 0 0 0
4813 0.543228 -0.00108113 -0.0758337 0.01 53 53 0 0 0
4824 0.572038 -0.000993825 -0.0863099 0.01 54 54 0 0 0
4827 0.558627 -0.00103446 -0.0833738 0.01 60 60 0 0 0
4839 0.526939 -0.00113049 -0.0727617 0.01 53 53 0 0 0
4848 0.567981 -0.00100612 -0.0673231 0.01 60 60 0 0 0
4853 0.553612 -0.00104966 -0.105325 0.01 60 60 0 0 0
4855 0.543228 -0.00108113 -0.0758337 0.01 53 53 0 0 0
4856 0.581615 -0.000964804 -0.122059 0.01 60 60 0 0 0
4864 0.526939 -0.00113049 -0.0876978 0.01 54 54 0 0 0
4865 0.582682 -0.00096157 -0.0745462 0.01 67 67 0 0 0
4869 0.543228 -0.00108113 -0.0761884 0.01 54 54 0 0 0
4876 0.578129 -0.000975367 -0.0661201 0.01 60 60 0 0 0
4878 0.621034 -0.00084535 -0.0868223 0.01 60 60 0 0 0
4879 0.526939 -0.00113049 -0.0727617 0.01 54 54 0 0 0
4886 0.591174 -0.000935837 -0.0645767 0.01 60 60 0 0 0
4889 0.591174 -0.000935837 -0.0520329 0.01 67 67 0 0 0
4890 0.553612 -0.00104966 -0.105325 0.01 60 60 0 0 0
4896 0.50199 -0.00120609 -0.0681668 0.01 54 54 0 0 0
4901 0.553612 -0.00104966 -0.105325 0.01 60 60 0 0 0
4903 0.528104 -0.00112696 -0.0914686 0.01 67 67 0 0 0
4917 0.579126 -0.000972346 -0.0978116 0.01 60 60 0 0 0
4949 0.57459 -0.000986092 -0.0472488 0.01 68 68 0 0 0
4957 0.50199 -0.00120609 -0.0522884 0.01 54 55 0 0 0
4963 0.558627 -0.00103446 -0.0725006 0.01 67 65 0 0 0
4964 0.55357 -0.00104979 -0.0833738 0.01 60 60 0 0 0
4965 0.559301 -0.00103242 -0.0728996 0.01 60 60 -0.00171214 0.00205576 0
4966 0.561058 -0.0010271 -0.0833738 0.01 54 54 0 0 0
4969 0.532216 -0.0011145 -0.0615492 0.01 60 60 0 0 0
4976 0.55731 -0.00103845 -0.0833738 0.01 60 60 0 0 0
4980 0.528104 -0.00112696 -0.0914686 0.01 68 68 0 0 0
4984 0.541382 -0.00108672 -0.0761884 0.01 53 54 0 0 0
4985 0.50199 -0.00120609 -0.0681668 0.01 54 54 0 0 0
4986 0.591174 -0.000935837 -0.0520329 0.01 67 67 0 0 0
4987 0.558627 -0.00103446 -0.0833738 0.01 60 60 0 0 0
4993 0.591174 -0.000935837 -0.0520329 0.01 68 67 0 0 0
4998 0.591174 -0.000935837 -0.0520329 0.01 67 67 0 0 0
5001 0.543228 -0.00108113 -0.0761884 0.01 54 54 0 0 0
5003 0.526939 -0.00113049 -0.0833738 0.01 54 55 0 0 0
5007 0.526939 -0.00113049 -0.0727617 0.01 53 53 0 0 0
5014 0.50199 -0.00120609 -0.0727617 0.01 54 54 0 0 0
5017 0.561058 -0.0010271 -0.0833738 0.01 54 54 0 0 0
5019 0.554656 -0.0010465 -0.0720767 0.01 54 54 0 0 0
5023 0.552988 -0.00105155 -0.0571803 0.01 54 55 0 0 0
5027 0.558627 -0.00103446 -0.0833738 0.01 60 60 0 0 0
5033 0.49431 -0.00122936 -0.087281 0.01 60 60 0 0 0
5035 0.504903 -0.00119726 -0.088624 0.01 60 59 0 0 0
5037 0.578356 -0.000974678 -0.0833738 0.01 60 60 -0.0103467 0.0130407 0
5040 0.556692 -0.00104033 -0.0686469 0.01 53 53 0 0 0
5041 0.585989 -0.000951548 -0.104793 0.01 54 54 0 0 0
5050 0.50199 -0.00120609 -0.0681668 0.01 54 54 0 0 0
5056 0.556692 -0.00104033 -0.0833738 0.01 60 60 0 0 0
5062 0.487705 -0.00124938 -0.0507072 0.01 54 54 0 0 0
5065 0.550841 -0.00105806 -0.0824031 0.01 53 54 0 0 0
5069 0.591174 -0.000935837 -0.0520329 0.01 69 69 0 0 0
5073 0.528104 -0.00112696 -0.0861474 0.01 67 66 0 0 0
5076 0.550841 -0.00105806 -0.0824031 0.01 54 54 0 0 0
5080 0.578356 -0.000974678 -0.0833738 0.01 60 60 0 0 0
5085 0.533631 -0.00111021 -0.0761884 0.01 53 53 0.00636962 -0.00775045 0
5098 0.52478 -0.00113703 -0.0507072 0.01 54 54 0 0 0
5099 0.528104 -0.00112696 -0.0914686 0.01 68 68 0 0 0
5101 0.57459 -0.000986092 -0.0472488 0.01 68 68 0 0 0
5102 0.528104 -0.00112696 -0.0914686 0.01 67 67 0 0 0
5105 0.556692 -0.00104033 -0.0949581 0.01 52 52 0 0 0
5107 0.556692 -0.00104033 -0.0753662 0.01 60 60 0 0 0
5108 0.558627 -0.00103446 -0.0833738 0.01 67 67 0 0 0
5109 0.552988 -0.00105155 -0.0571803 0.01 54 54 0 0 0
5110 0.558627 -0.00103446 -0.0833738 0.01 67 66 0 0 0
5112 0.49431 -0.00122936 -0.087281 0.01 60 60 0 0 0
5117 0.546534 -0.00107111 -0.0918314 0.01 60 60 0 0 0
5126 0.558184 -0.0010358 -0.0833738 0.01 60 60 0 0 0
5127 0.591174 -0.000935837 -0.0520329 0.01 67 67 0 0 0
5137 0.558627 -0.00103446 -0.0833738 0.01 67 67 0 0 0
5147 0.564502 -0.00101666 -0.0951471 0.01 60 60 0 0 0
5148 0.566976 -0.00100916 -0.0951471 0.01 60 60 0 0 0
5150 0.543228 -0.00108113 -0.0758337 0.01 53 53 0 0 0
5152 0.587641 -0.000946543 -0.0956557 0.01 60 60 0 0 0
5156 0.585989 -0.000951548 -0.104793 0.01 54 54 0 0 0
5157 0.527662 -0.0011283 -0.0761884 0.01 53 53 0 0 0
5158 0.539578 -0.00109219 -0.105325 0.01 60 60 0 0 0
5161 0.528104 -0.00112696 -0.0914686 0.01 68 68 0 0 0
5169 0.539578 -0.00109219 -0.112003 0.01 60 60 0 0 0
5172 0.539578 -0.00109219 -0.105325 0.01 60 60 0 0 0
5174 0.526939 -0.00113049 -0.0876978 0.01 54 54 0 0 0
5179 0.55357 -0.00104979 -0.0647344 0.01 60 60 0 0 0
5184 0.530421 -0.00111994 -0.0766586 0.01 60 60 0 0 0
5187 0.567981 -0.00100612 -0.0673231 0.01 60 60 0 0 0
5191 0.564502 -0.00101666 -0.0951471 0.01 60 60 0 0 0
5192 0.591174 -0.000935837 -0.0520329 0.01 67 67 0 0 0
5195 0.57459 -0.000986092 -0.0472488 0.01 68 68 0 0 0
5198 0.55731 -0.00103845 -0.0833738 0.01 60 60 0 0 0
5206 0.547888 -0.00106701 -0.105325 0.01 54 54 -0.0163924 0.0195976 0
5212 0.591174 -0.000935837 -0.0520329 0.01 67 67 0 0 0
5214 0.487705 -0.00124938 -0.0507072 0.01 54 54 0 0 0
5222 0.539578 -0.00109219 -0.112003 0.01 60 60 0 0 0
5231 0.559292 -0.00103245 -0.0910266 0.01 60 60 0 0 0
5236 0.50199 -0.00120609 -0.0681668 0.01 54 54 0 0 0
5254 0.57459 -0.000986092 -0.0472488 0.01 68 68 0 0 0
5257 0.539578 -0.00109219 -0.112003 0.01 60 60 0 0 0
5261 0.556692 -0.00104033 -0.0949581 0.01 52 52 0 0 0
5278 0.554656 -0.0010465 -0.0720767 0.01 54 55 0 0 0
5279 0.556692 -0.00104033 -0.0796388 0.01 60 60 0 0 0
5283 0.50199 -0.00120609 -0.0681668 0.01 54 54 0 0 0
5284 0.591174 -0.000935837 -0.0520329 0.01 68 68 0 0 0
5291 0.591174 -0.000935837 -0.0520329 0.01 69 69 0 0 0
5299 0.543339 -0.00108079 -0.0753662 0.01 60 58 0 0 0
5301 0.553612 -0.00104966 -0.105325 0.01 60 60 0 0 0
5305 0.591174 -0.000935837 -0.0520329 0.01 67 67 0 0 0
5307 0.556692 -0.00104033 -0.0949402 0.01 53 55 0 0 0
5313 0.531908 -0.00111543 -0.0916846 0.01 60 60 0 0 0
5314 0.57459 -0.000986092 -0.0472488 0.01 68 68 0 0 0
5318 0.553612 -0.00104966 -0.105325 0.01 60 60 0 0 0
5324 0.529379 -0.0011231 -0.0814215 0.01 60 60 0 0 0
5325 0.558627 -0.00103446 -0.0833738 0.01 60 60 0 0 0
5326 0.543228 -0.00108113 -0.0758337 0.01 54 53 0 0 0
5330 0.543228 -0.00108113 -0.0758337 0.01 53 53 0 0 0
5334 0.53587 -0.00110342 -0.0725178 0.01 60 60 0 0 0
5335 0.50199 -0.00120609 -0.0681668 0.01 54 54 0 0 0
5347 0.541382 -0.00108672 -0.0761884 0.01 54 54 0 0 0
5353 0.527662 -0.0011283 -0.0761884 0.01 52 53 0.0113971 -0.0137197 0
5354 0.563563 -0.00101951 -0.10812 0.01 67 67 0 0 0
5355 0.563563 -0.00101951 -0.10812 0.01 67 67 0 0 0
5358 0.49431 -0.00122936 -0.0796128 0.01 60 60 0 0 0
5367 0.528104 -0.00112696 -0.0914686 0.01 68 68 0 0 0
5371 0.556692 -0.00104033 -0.0833738 0.01 53 53 0 0 0
5379 0.569739 -0.00100079 -0.0739826 0.01 54 55 0 0 0
5382 0.591174 -0.000935837 -0.0520329 0.01 67 67 0 0 0
5388 0.591174 -0.000935837 -0.0520329 0.01 69 69 0 0 0
5400 0.591174 -0.000935837 -0.0520329 0.01 69 69 0 0 0
5404 0.543228 -0.00108113 -0.0761884 0.01 54 54 0 0 0
5405 0.543228 -0.00108113 -0.0758337 0.01 53 53 0 0 0
5407 0.564516 -0.00101662 -0.0773364 0.01 60 59 0 0 0
5417 0.601012 -0.000906023 -0.0615942 0.01 60 60 0 0 0
5424 0.581318 -0.000965702 -0.0520329 0.01 67 67 0.00768402 -0.00985545 0
5431 0.529379 -0.0011231 -0.0814215 0.01 60 60 0 0 0
5440 0.556692 -0.00104033 -0.0833738 0.01 54 54 0 0 0
5443 0.588367 -0.000944344 -0.0527322 0.01 67 67 0 0 0
5452 0.578109 -0.000975426 -0.114108 0.01 54 54 0 0 0
5455 0.559966 -0.00103041 -0.0848081 0.01 60 60 0 0 0
5461 0.49431 -0.00122936 -0.0796128 0.01 60 59 0 0 0
5466 0.50199 -0.00120609 -0.0681668 0.01 54 54 0 0 0
5483 0.543228 -0.00108113 -0.0758337 0.01 54 53 0 0 0
5484 0.559624 -0.00103144 -0.0910266 0.01 60 60 0 0 0
5485 0.57459 -0.000986092 -0.0472488 0.01 68 68 0 0 0
5496 0.528104 -0.00112696 -0.0914686 0.01 68 68 0 0 0
5498 0.567981 -0.00100612 -0.0673231 0.01 60 60 0 0 0
5499 0.543228 -0.00108113 -0.0758337 0.01 53 53 0 0 0
5504 0.543228 -0.00108113 -0.0758337 0.01 52 52 0 0 0
5509 0.514599 -0.00116788 -0.0833738 0.01 53 54 0 0 0
5514 0.556692 -0.00104033 -0.0673231 0.01 60 60 0 0 0
5519 0.591174 -0.000935837 -0.0520329 0.01 67 67 0 0 0
5533 0.526939 -0.00113049 -0.0727617 0.01 54 54 0 0 0
5542 0.50199 -0.00120609 -0.0681668 0.01 54 54 0 0 0
5548 0.57459 -0.000986092 -0.0401618 0.01 67 67 0 0 0
5549 0.556692 -0.00104033 -0.0833738 0.01 54 54 0 0 0
5554 0.556692 -0.00104033 -0.0673231 0.01 60 61 0 0 0
5556 0.578129 -0.000975367 -0.0661201 0.01 60 60 0 0 0
5570 0.588367 -0.000944344 -0.0527322 0.01 67 67 0 0 0
5572 0.591174 -0.000935837 -0.0520329 0.01 69 69 0 0 0
5586 0.561058 -0.0010271 -0.0833738 0.01 54 54 0 0 0
5590 0.556692 -0.00104033 -0.0659095 0.01 60 60 0 0 0
5593 0.528104 -0.00112696 -0.0914686 0.01 68 68 0 0 0
5597 0.556692 -0.00104033 -0.0670988 0.01 60 60 0 0 0
5598 0.526939 -0.00113049 -0.0727617 0.01 54 54 0 0 0
5604 0.557245 -0.00103865 -0.0728996 0.01 60 60 0 0 0
5608 0.591174 -0.000935837 -0.0520329 0.01 67 67 0 0 0
5616 0.528104 -0.00112696 -0.0914686 0.01 68 68 0 0 0
5617 0.558627 -0.00103446 -0.0833738 0.01 67 66 0 0 0
5618 0.50199 -0.00120609 -0.0681668 0.01 53 53 0 0 0
5624 0.527662 -0.0011283 -0.0761884 0.01 53 53 0 0 0
5625 0.487705 -0.00124938 -0.0507072 0.01 54 54 0 0 0
5628 0.529379 -0.0011231 -0.0814215 0.01 60 60 0 0 0
5629 0.569739 -0.00100079 -0.0739826 0.01 54 54 0 0 0
5630 0.554723 -0.0010463 -0.0858827 0.01 67 67 0 0 0
5631 0.50199 -0.00120609 -0.0681668 0.01 54 54 0 0 0
5638 0.554656 -0.0010465 -0.0577935 0.01 54 54 0 0 0.0142832
5644 0.591174 -0.000935837 -0.0520329 0.01 68 68 0 0 0
5647 0.543228 -0.00108113 -0.0758337 0.01 53 53 0 0 0
5666 0.516388 -0.00116246 -0.0914686 0.01 68 68 0.00951728 -0.0117153 0
5667 0.543228 -0.00108113 -0.0758337 0.01 53 53 0 0 0
5669 0.562988 -0.00102125 -0.103911 0.01 53 54 0 0 0
5672 0.572984 -0.000990959 -0.0734824 0.01 60 60 0 0 0
5681 0.568253 -0.00100529 -0.0804497 0.01 60 61 0 0 0
5682 0.53415 -0.00110863 -0.0833738 0.01 67 67 0 0 0
5684 0.543228 -0.00108113 -0.0758337 0.01 53 53 0 0 0
5687 0.495248 -0.00122652 -0.0727617 0.01 54 54 0.016537 -0.0175349 0
5695 0.556692 -0.00104033 -0.0670988 0.01 60 60 0 0 0
5702 0.566976 -0.00100916 -0.0951471 0.01 60 60 0 0 0
5705 0.50199 -0.00120609 -0.0681668 0.01 54 54 0 0 0
5711 0.529379 -0.0011231 -0.0879149 0.01 60 60 0 0 0
5714 0.57459 -0.000986092 -0.0472488 0.01 68 68 0 0 0
5726 0.601012 -0.000906023 -0.0615942 0.01 60 60 0 0 0
5727 0.58843 -0.00094415 -0.0673231 0.01 60 60 0 0 0
5733 0.558627 -0.00103446 -0.0833738 0.01 67 67 0 0 0
5735 0.550841 -0.00105806 -0.0824031 0.01 54 54 0 0 0
5747 0.558627 -0.00103446 -0.0833738 0.01 69 69 0 0 0
5749 0.556692 -0.00104033 -0.0833738 0.01 54 54 0 0 0
5756 0.569255 -0.00100226 -0.0758337 0.01 54 54 0 0 0
5759 0.50199 -0.00120609 -0.0681668 0.01 53 53 0 0 0
5774 0.50199 -0.00120609 -0.0522884 0.01 54 54 0 0 0
5791 0.543228 -0.00108113 -0.0758337 0.01 52 52 0 0 0
5793 0.591174 -0.000935837 -0.0520329 0.01 67 67 0 0 0
5795 0.567358 -0.00100801 -0.0811864 0.01 60 60 0 0 0
5796 0.528104 -0.00112696 -0.0914686 0.01 68 68 0 0 0
5798 0.563563 -0.00101951 -0.105887 0.01 67 67 0 0 0
5804 0.52478 -0.00113703 -0.0507072 0.01 54 54 0 0 0
5808 0.591174 -0.000935837 -0.0520329 0.01 68 68 0 0 0
5809 0.534261 -0.0011083 -0.0916846 0.01 60 60 0 0 0
5813 0.52478 -0.00113703 -0.0507072 0.01 54 54 0 0 0
5823 0.529379 -0.0011231 -0.0814215 0.01 60 60 0 0 0
5824 0.491912 -0.00123663 -0.0681668 0.01 54 54 0 0 0
5829 0.50199 -0.00120609 -0.0681668 0.01 54 54 0 0 0
5830 0.526939 -0.00113049 -0.0727617 0.01 54 54 0 0 0
5831 0.539578 -0.00109219 -0.112003 0.01 60 60 0 0 0
5833 0.565604 -0.00101332 -0.0472488 0.01 68 68 0 0 0
5837 0.541003 -0.00108787 -0.0833738 0.01 60 60 0 0 0
5838 0.578609 -0.000973912 -0.0373546 0.01 60 61 0 0 0
5843 0.539578 -0.00109219 -0.105325 0.01 60 60 0 0 0
5845 0.543228 -0.00108113 -0.0758337 0.01 53 53 0 0 0
5846 0.55357 -0.00104979 -0.0879044 0.01 60 61 0 0 0
5852 0.57784 -0.000976243 -0.0833738 0.01 67 67 0 0 0
5853 0.591174 -0.000935837 -0.0520329 0.01 68 69 0 0 0
5856 0.563563 -0.00101951 -0.10812 0.01 67 67 0 0 0
5857 0.556692 -0.00104033 -0.0863099 0.01 60 60 0 0 0
5862 0.50199 -0.00120609 -0.0681668 0.01 54 54 0 0 0
5866 0.526939 -0.00113049 -0.0727617 0.01 53 54 0 0 0
5873 0.60453 -0.000895364 -0.0666577 0.01 60 60 0 0 0
5877 0.583871 -0.000957968 -0.105175 0.01 60 60 0 0 0
5882 0.563563 -0.00101951 -0.112808 0.01 67 67 0 0 0
5889 0.528104 -0.00112696 -0.0914686 0.01 67 67 0 0 0
5890 0.553612 -0.00104966 -0.105325 0.01 60 60 0 0 0
5898 0.554723 -0.0010463 -0.0858827 0.01 67 67 0 0 0
5901 0.547212 -0.00106906 -0.0833738 0.01 60 60 0 0 0
5909 0.587252 -0.000947722 -0.0601791 0.01 60 60 0 0 0
5916 0.53442 -0.00110782 -0.036547 0.01 60 61 0 0 0
5927 0.591174 -0.000935837 -0.0520329 0.01 67 67 0 0 0
5932 0.556692 -0.00104033 -0.0863099 0.01 53 54 0 0 0
5933 0.50199 -0.00120609 -0.0681668 0.01 54 54 0 0 0
5936 0.50199 -0.00120609 -0.0681668 0.01 54 54 0 0 0
5937 0.57459 -0.000986092 -0.0472488 0.01 67 67 0 0 0
5942 0.556692 -0.00104033 -0.0833738 0.01 54 54 0 0 0
5948 0.525153 -0.0011359 -0.0727617 0.01 54 56 0 0 0
5951 0.591174 -0.000935837 -0.0520329 0.01 67 67 0 0 0
5955 0.50199 -0.00120609 -0.0681668 0.01 54 54 0 0 0
5970 0.57459 -0.000986092 -0.0351813 0.01 68 67 0.00981033 0 0.0120675
5972 0.50199 -0.00120609 -0.0681668 0.01 54 54 0 0 0
5974 0.589825 -0.000939924 -0.0633542 0.01 60 60 0 0 0
5979 0.52478 -0.00113703 -0.0507072 0.01 54 56 0 0 0
5986 0.543228 -0.00108113 -0.0761884 0.01 53 54 0 0 0
5988 0.539578 -0.00109219 -0.112003 0.01 60 60 0 0 0
5990 0.551568 -0.00105585 -0.0739826 0.01 54 54 0 0 0
5993 0.57459 -0.000986092 -0.0472488 0.01 69 69 0 0 0
5995 0.591174 -0.000935837 -0.0520329 0.01 67 67 0 0 0
6005 0.553612 -0.00104966 -0.105325 0.01 60 60 0 0 0
6007 0.528104 -0.00112696 -0.0914686 0.01 68 68 0 0 0
6011 0.514599 -0.00116788 -0.0833738 0.01 54 54 0 0 0
6038 0.558627 -0.00103446 -0.0833738 0.01 60 60 0 0 0
6053 0.558627 -0.00103446 -0.0833738 0.01 67 67 0 0 0
6054 0.487705 -0.00124938 -0.0507072 0.01 54 54 0 0 0
6059 0.559966 -0.00103041 -0.0950835 0.01 54 54 0 0 0
6065 0.556692 -0.00104033 -0.0833738 0.01 53 53 0 0 0
6073 0.528104 -0.00112696 -0.0786819 0.01 68 68 0 0 0
6077 0.585383 -0.000953384 -0.0737894 0.01 60 60 0 0 0
6078 0.556692 -0.00104033 -0.0833738 0.01 54 54 0 0 0
6080 0.487705 -0.00124938 -0.0507072 0.01 54 54 0 0 0
6085 0.582682 -0.00096157 -0.0745462 0.01 68 68 0 0 0
6086 0.543228 -0.00108113 -0.0758337 0.01 53 53 0 0 0
6087 0.55357 -0.00104979 -0.0879044 0.01 60 60 0 0 0
6088 0.591174 -0.000935837 -0.0520329 0.01 67 67 0 0 0
6091 0.565315 -0.0010142 -0.0833738 0.01 60 60 0 0 0
6092 0.550455 -0.00105923 -0.0766586 0.01 60 61 0 0 0
6101 0.543228 -0.00108113 -0.0758337 0.01 53 53 0 0 0
6113 0.582682 -0.00096157 -0.0745462 0.01 67 67 0 0 0
6117 0.591174 -0.000935837 -0.0520329 0.01 67 67 0 0 0
6118 0.582682 -0.00096157 -0.0745462 0.01 67 67 0 0 0
6132 0.572038 -0.000993825 -0.0893947 0.01 54 54 0 0 -0.00308476
6141 0.541382 -0.00108672 -0.0761884 0.01 53 53 0 0 0
6151 0.545408 -0.00107452 -0.08696 0.01 54 54 0 0 0
6154 0.543228 -0.00108113 -0.0758337 0.01 53 53 0 0 0
6155 0.543228 -0.00108113 -0.0758337 0.01 53 53 0 0 0
6156 0.567358 -0.00100801 -0.0811864 0.01 60 60 0 0 0
6163 0.526939 -0.00113049 -0.0727617 0.01 53 53 0 0 0
6165 0.541382 -0.00108672 -0.0761884 0.01 53 53 0 0 0
6166 0.554656 -0.0010465 -0.0720767 0.01 54 54 0 0 0
6168 0.591174 -0.000935837 -0.0520329 0.01 67 67 0 0 0
6170 0.574629 -0.000985974 -0.0586632 0.01 60 60 0 0 0
6172 0.558032 -0.00103627 -0.0922989 0.01 60 60 0 0 0
6182 0.487705 -0.00124938 -0.0507072 0.01 54 54 0 0 0
6186 0.58843 -0.00094415 -0.0673231 0.01 60 60 0 0 0
6187 0.529487 -0.00112277 -0.0812515 0.01 60 59 0 0 0
6200 0.565793 -0.00101275 -0.0833738 0.01 67 67 -0.00548723 0.00716645 0
6201 0.56552 -0.00101358 -0.0734824 0.01 60 60 0 0 0
6204 0.559966 -0.00103041 -0.0833738 0.01 60 60 0 0 0
6208 0.528104 -0.00112696 -0.0914686 0.01 68 68 0 0 0
6210 0.58843 -0.00094415 -0.0673231 0.01 60 60 0 0 0
6213 0.52478 -0.00113703 -0.0507072 0.01 54 54 0 0 0
6214 0.552988 -0.00105155 -0.0571803 0.01 54 54 0 0 0
6217 0.539578 -0.00109219 -0.105325 0.01 60 60 0 0 0
6230 0.57784 -0.000976243 -0.0833738 0.01 67 66 0 0 0
6231 0.591174 -0.000935837 -0.0520329 0.01 67 67 0 0 0
6251 0.57784 -0.000976243 -0.0833738 0.01 60 62 0 0 0
6257 0.56668 -0.00101006 -0.0833738 0.01 54 55 0 0 0
6261 0.554656 -0.0010465 -0.0720767 0.01 54 55 0 0 0
6267 0.582682 -0.00096157 -0.0745462 0.01 67 67 0 0 0
6271 0.528104 -0.00112696 -0.0914686 0.01 67 67 0 0 0
6272 0.543228 -0.00108113 -0.0758337 0.01 53 53 0 0 0
6273 0.556692 -0.00104033 -0.0939486 0.01 60 60 0 0 0
6274 0.539578 -0.00109219 -0.112003 0.01 60 60 0 0 0
6275 0.566976 -0.00100916 -0.0951471 0.01 60 60 0 0 0
6283 0.52829 -0.00112639 -0.105325 0.01 54 54 0.00957924 -0.0112876 0
6286 0.571407 -0.000995736 -0.0642302 0.01 67 66 0 0 0
6300 0.582682 -0.00096157 -0.0745462 0.01 67 67 0 0 0
6301 0.557245 -0.00103865 -0.0728996 0.01 60 60 0 0 0
6302 0.585383 -0.000953384 -0.0737894 0.01 60 60 0 0 0
6316 0.569739 -0.00100079 -0.0739826 0.01 54 55 0 0 0
6325 0.556692 -0.00104033 -0.0949402 0.01 54 55 0 0 0
6329 0.565322 -0.00101418 -0.0520329 0.01 67 66 0 0 0
6332 0.52829 -0.00112639 -0.105325 0.01 54 54 0 0 0
6338 0.558627 -0.00103446 -0.0833738 0.01 69 69 0 0 0
6351 0.591174 -0.000935837 -0.0920242 0.01 60 60 0 0 0
6354 0.557245 -0.00103865 -0.0728996 0.01 60 60 0 0 0
6361 0.591174 -0.000935837 -0.0520329 0.01 69 69 0 0 0
6365 0.591174 -0.000935837 -0.0520329 0.01 67 67 0 0 0
6366 0.487705 -0.00124938 -0.0507072 0.01 54 54 0 0 0
6370 0.510023 -0.00118175 -0.0916846 0.01 60 60 0 0 0
6372 0.563563 -0.00101951 -0.10812 0.01 67 67 0 0 0
6375 0.541418 -0.00108661 -0.0926641 0.01 54 54 0 0 0
6384 0.504903 -0.00119726 -0.088624 0.01 60 60 0 0 0
6387 0.487705 -0.00124938 -0.0507072 0.01 54 54 0 0 0
6388 0.559966 -0.00103041 -0.0823773 0.01 60 61 0 0 0
6392 0.56552 -0.00101358 -0.0846181 0.01 60 60 0 0 0
6396 0.572038 -0.000993825 -0.0863099 0.01 54 54 0 0 0
6397 0.582682 -0.00096157 -0.0745462 0.01 68 68 0 0 0
6398 0.559624 -0.00103144 -0.0910266 0.01 60 60 0 0 0
6420 0.526939 -0.00113049 -0.0727617 0.01 53 53 0 0 0
6422 0.50199 -0.00120609 -0.0681668 0.01 54 54 0 0 0
6423 0.487705 -0.00124938 -0.0507072 0.01 54 54 0 0 0
6424 0.557599 -0.00103758 -0.102011 0.01 60 61 0 0 0
6431 0.539578 -0.00109219 -0.105325 0.01 60 60 0 0 0
6435 0.571673 -0.00099493 -0.0849218 0.01 60 60 0 0 0
6436 0.543228 -0.00108113 -0.0758337 0.01 52 53 0 0 0
6439 0.543228 -0.00108113 -0.0758337 0.01 53 53 0 0 0
6442 0.512783 -0.00117339 -0.0727617 0.01 54 54 0 0 0
6446 0.556692 -0.00104033 -0.0833738 0.01 53 53 0 0 0
6447 0.572038 -0.000993825 -0.0863099 0.01 54 54 0 0 0
6455 0.556692 -0.00104033 -0.0727446 0.01 60 61 0 0 0
6456 0.543339 -0.00108079 -0.0675118 0.01 60 58 0 0 0
6460 0.529487 -0.00112277 -0.0812515 0.01 60 60 0 0 0
6462 0.49431 -0.00122936 -0.087281 0.01 60 60 0 0 0
6464 0.577834 -0.00097626 -0.0802798 0.01 60 60 0 0 0
6467 0.550841 -0.00105806 -0.0824031 0.01 53 53 0 0 0
6479 0.529379 -0.0011231 -0.0916846 0.01 60 60 0 0 0
6482 0.50199 -0.00120609 -0.0681668 0.01 54 54 0 0 0
6483 0.553202 -0.0010509 -0.068325 0.01 60 60 0.0167631 -0.0203962 0
6488 0.541382 -0.00108672 -0.0761884 0.01 53 53 0 0 0
6489 0.512783 -0.00117339 -0.0727617 0.01 53 53 0 0 0
6493 0.621034 -0.00084535 -0.0868223 0.01 60 60 0 0 0
6501 0.539578 -0.00109219 -0.112003 0.01 60 60 0 0 0
6504 0.504326 -0.00119901 -0.0798736 0.01 54 54 -0.00220966 0.00233632 -0.0117067
6507 0.543228 -0.00108113 -0.0758337 0.01 53 53 0 0 0
6516 0.559624 -0.00103144 -0.0910266 0.01 60 60 0 0 0
6533 0.543228 -0.00108113 -0.0758337 0.01 53 53 0 0 0
6536 0.57222 -0.000993272 -0.0809129 0.01 54 54 0 0 0
6538 0.57459 -0.000986092 -0.0472488 0.01 68 68 0 0 0
6547 0.50199 -0.00120609 -0.0681668 0.01 54 54 0 0 0
6549 0.543228 -0.00108113 -0.0758337 0.01 53 53 0 0 0
6550 0.541382 -0.00108672 -0.0761884 0.01 53 53 0 0 0
6557 0.50199 -0.00120609 -0.0681668 0.01 54 54 0 0 0
6560 0.55357 -0.00104979 -0.0685364 0.01 60 60 0 0 0
6569 0.564516 -0.00101662 -0.0773364 0.01 60 60 0 0 0
6570 0.574804 -0.000985442 -0.0833738 0.01 60 60 0 0 0
6595 0.53619 -0.00110245 -0.0677041 0.01 60 60 0 0 0
6600 0.528104 -0.00112696 -0.0786819 0.01 68 68 0 0 0
6603 0.50199 -0.00120609 -0.0681668 0.01 54 54 0 0 0
6605 0.556692 -0.00104033 -0.0833738 0.01 53 53 0 0 0
6607 0.591174 -0.000935837 -0.0520329 0.01 67 67 0 0 0
6609 0.526939 -0.00113049 -0.0727617 0.01 54 54 0 0 0
6621 0.555131 -0.00104506 -0.0609232 0.01 60 60 0 0 0
6633 0.565996 -0.00101213 -0.0833738 0.01 54 54 -0.00154905 0.00203621 0
6635 0.541382 -0.00108672 -0.0761884 0.01 53 53 0 0 0
6640 0.50199 -0.00120609 -0.0681668 0.01 54 54 0 0 0
6642 0.566013 -0.00101208 -0.0670988 0.01 60 60 0 0 0
6654 0.591174 -0.000935837 -0.0520329 0.01 67 67 0 0 0
6660 0.543228 -0.00108113 -0.0761884 0.01 54 54 0 0 0
6663 0.50199 -0.00120609 -0.0681668 0.01 54 54 0 0 0
6668 0.530841 -0.00111866 -0.0725006 0.01 60 61 0 0 0
6671 0.526939 -0.00113049 -0.0727617 0.01 54 54 0 0 0
6672 0.554656 -0.0010465 -0.0720767 0.01 54 54 0 0 0
6675 0.591174 -0.000935837 -0.0520329 0.01 67 67 0 0 0
6677 0.564502 -0.00101666 -0.0951471 0.01 60 60 0 0 0
6679 0.50199 -0.00120609 -0.0681668 0.01 54 54 0 0 0
6681 0.556692 -0.00104033 -0.0833738 0.01 52 53 0 0 0
6683 0.52478 -0.00113703 -0.0507072 0.01 54 54 0 0 0
6690 0.506657 -0.00119195 -0.107114 0.01 60 62 0.0258638 -0.0287136 0
6698 0.55357 -0.00104979 -0.0833738 0.01 60 60 0 0 0
6699 0.543228 -0.00108113 -0.0758337 0.01 53 53 0 0 0
6702 0.543228 -0.00108113 -0.0758337 0.01 53 53 0 0 0
6709 0.564502 -0.00101666 -0.0951471 0.01 60 60 0 0 0
6717 0.504903 -0.00119726 -0.108105 0.01 60 60 -0.00290775 0 -0.01642
6718 0.50199 -0.00120609 -0.0681668 0.01 54 54 0 0 0
6721 0.526939 -0.00113049 -0.0710305 0.01 53 53 0 0 0
6727 0.53619 -0.00110245 -0.0677041 0.01 60 60 0 0 0
6729 0.563563 -0.00101951 -0.10812 0.01 67 67 0 0 0
6736 0.52478 -0.00113703 -0.0507072 0.01 54 54 0 0 0
6740 0.585989 -0.000951548 -0.104793 0.01 53 53 0 0 0
6745 0.531962 -0.00111527 -0.0750097 0.01 60 60 0 0 0
6746 0.57459 -0.000986092 -0.0472488 0.01 68 68 0 0 0
6747 0.526939 -0.00113049 -0.0876978 0.01 54 54 0 0 0
6753 0.563563 -0.00101951 -0.10812 0.01 68 67 0 0 0
6760 0.566976 -0.00100916 -0.0951471 0.01 60 60 0 0 0
6761 0.591174 -0.000935837 -0.0520329 0.01 69 67 0 0 0
6762 0.55357 -0.00104979 -0.0685364 0.01 60 60 0 0 0
6765 0.50199 -0.00120609 -0.0681668 0.01 53 53 0 0 0
6770 0.528104 -0.00112696 -0.0914686 0.01 68 68 0 0 0
6780 0.57459 -0.000986092 -0.0472488 0.01 68 68 0 0 0
6785 0.50199 -0.00120609 -0.0681668 0.01 54 54 0 0 0
6791 0.504903 -0.00119726 -0.0916846 0.01 60 60 0 0 0
6793 0.591174 -0.000935837 -0.0520329 0.01 69 69 0 0 0
6794 0.57459 -0.000986092 -0.0472488 0.01 68 68 0 0 0
6799 0.589825 -0.000939924 -0.0633542 0.01 60 60 0 0 0
6800 0.504903 -0.00119726 -0.0916846 0.01 60 59 0 0 0
6811 0.572877 -0.000991282 -0.0858827 0.01 67 67 0 0 0
6812 0.487705 -0.00124938 -0.0507072 0.01 54 54 0 0 0
6815 0.565709 -0.001013 -0.0734824 0.01 60 60 0.00633791 -0.00788939 0
6816 0.50199 -0.00120609 -0.0681668 0.01 53 53 0 0 0
6817 0.550584 -0.00105884 -0.0725319 0.01 60 60 0 0 0
6819 0.534261 -0.0011083 -0.0916846 0.01 67 67 0 0 0
6823 0.591174 -0.000935837 -0.0520329 0.01 68 68 0 0 0
6826 0.568125 -0.00100568 -0.118427 0.01 60 60 0 0 0
6828 0.543228 -0.00108113 -0.0758337 0.01 53 53 0 0 0
6829 0.57737 -0.000977667 -0.104682 0.01 54 54 -0.0039198 0.00533217 -0.0183718
6835 0.543228 -0.00108113 -0.102362 0.01 53 53 -9.67085e-05 0 -0.0265285
6840 0.50199 -0.00120609 -0.0681668 0.01 54 54 0 0 0
6842 0.591174 -0.000935837 -0.0520329 0.01 69 69 0 0 0
6844 0.556692 -0.00104033 -0.0949581 0.01 52 52 0 0 0
6850 0.555131 -0.00104506 -0.0609232 0.01 60 61 0 0 0
6855 0.487705 -0.00124938 -0.0507072 0.01 53 54 0 0 0
6862 0.526939 -0.00113049 -0.0727617 0.01 54 54 0 0 0
6863 0.57459 -0.000986092 -0.0472488 0.01 68 68 0 0 0
6867 0.493951 -0.00123045 -0.0681668 0.01 54 54 -0.00200015 0.00203931 0
6868 0.526939 -0.00113049 -0.0876978 0.01 54 54 0 0 0
6873 0.539578 -0.00109219 -0.105325 0.01 60 60 0 0 0
6883 0.57459 -0.000986092 -0.0472488 0.01 67 68 0 0 0
6896 0.591174 -0.000935837 -0.0520329 0.01 67 67 0 0 0
6900 0.487705 -0.00124938 -0.0507072 0.01 54 54 0 0 0
6910 0.541003 -0.00108787 -0.0833738 0.01 60 60 0 0 0
6915 0.528104 -0.00112696 -0.0914686 0.01 68 68 0 0 0
6918 0.585989 -0.000951548 -0.104793 0.01 54 54 0 0 0
6931 0.487705 -0.00124938 -0.0507072 0.01 54 54 0 0 0
6935 0.52478 -0.00113703 -0.0507072 0.01 54 54 0 0 0
6945 0.543228 -0.00108113 -0.0758337 0.01 54 53 0 0 0
6958 0.591174 -0.000935837 -0.0520329 0.01 67 67 0 0 0
6967 0.58843 -0.00094415 -0.0673231 0.01 60 60 0 0 0
6969 0.57459 -0.000986092 -0.0472488 0.01 68 68 0 0 0
6971 0.528104 -0.00112696 -0.0914686 0.01 68 68 0 0 0
6974 0.531908 -0.00111543 -0.0823973 0.01 60 60 0 0 0
6986 0.57459 -0.000986092 -0.0472488 0.01 67 67 0 0 0
6987 0.50199 -0.00120609 -0.0522884 0.01 54 54 0 0 0
6990 0.585383 -0.000953384 -0.0737894 0.01 60 60 0 0 0
6993 0.550584 -0.00105884 -0.0725319 0.01 60 61 0 0 0
6996 0.543228 -0.00108113 -0.0758337 0.01 53 53 0 0 0
7003 0.56552 -0.00101358 -0.0734824 0.01 60 60 0 0 0
7005 0.561289 -0.0010264 -0.0761884 0.01 54 54 -0.0143714 0.0180612 0
7007 0.556692 -0.00104033 -0.0661201 0.01 60 60 0 0 0
7013 0.556692 -0.00104033 -0.0747443 0.01 54 54 0 0 0
7016 0.582682 -0.00096157 -0.0745462 0.01 67 67 0 0 0
7025 0.557245 -0.00103865 -0.0728996 0.01 60 60 0 0 0
7032 0.50199 -0.00120609 -0.0681668 0.01 54 54 0 0 0
7033 0.50199 -0.00120609 -0.0681668 0.01 54 54 0 0 0
7039 0.559966 -0.00103041 -0.0833738 0.01 60 60 0 0 0
7044 0.567634 -0.00100717 -0.10812 0.01 67 67 0 0 0
7053 0.582682 -0.00096157 -0.0745462 0.01 67 67 0 0 0
7055 0.50199 -0.00120609 -0.0681668 0.01 54 54 0 0 0
7057 0.526939 -0.00113049 -0.0710305 0.01 53 53 0 0 0
7062 0.591174 -0.000935837 -0.0520329 0.01 69 69 0 0 0
7071 0.56552 -0.00101358 -0.0734824 0.01 60 60 0 0 0
7072 0.558627 -0.00103446 -0.0833738 0.01 67 67 0 0 0
7075 0.543228 -0.00108113 -0.0758337 0.01 53 53 0 0 0
7081 0.591174 -0.000935837 -0.0520329 0.01 67 67 0 0 0
7082 0.558627 -0.00103446 -0.0912106 0.01 60 60 0 0 0
7089 0.582682 -0.00096157 -0.0745462 0.01 67 67 0 0 0
7093 0.556692 -0.00104033 -0.0833738 0.01 54 54 0 0 0
7098 0.585989 -0.000951548 -0.104793 0.01 54 54 0 0 0
7100 0.558627 -0.00103446 -0.0833738 0.01 67 67 0 0 0
7101 0.556692 -0.00104033 -0.0833738 0.01 53 53 0 0 0
7102 0.558627 -0.00103446 -0.0801652 0.01 67 67 0 0 0
7106 0.566164 -0.00101162 -0.0647921 0.01 60 61 0 0 0
7116 0.558627 -0.00103446 -0.0833738 0.01 69 69 0 0 0
7124 0.531908 -0.00111543 -0.0916846 0.01 60 60 0 0 0
7126 0.514085 -0.00116944 -0.0888697 0.01 60 60 0 0 0
7139 0.52478 -0.00113703 -0.0507072 0.01 54 54 0 0 0
7142 0.591174 -0.000935837 -0.0697237 0.01 60 60 0 0 0
7145 0.550154 -0.00106014 -0.0833738 0.01 54 54 0 0 0
7149 0.559292 -0.00103245 -0.0990887 0.01 60 60 0 0 0
7151 0.563563 -0.00101951 -0.10812 0.01 67 67 0 0 0
7161 0.574629 -0.000985974 -0.0586632 0.01 60 60 0 0 0
7164 0.558627 -0.00103446 -0.0822948 0.01 60 60 0 0 0
7165 0.558032 -0.00103627 -0.0922989 0.01 60 60 0 0 0
7173 0.545408 -0.00107452 -0.08696 0.01 54 54 0 0 0
7179 0.534261 -0.0011083 -0.0916846 0.01 67 67 0 0 0
7191 0.556692 -0.00104033 -0.0833738 0.01 60 59 0 0 0
7193 0.565315 -0.0010142 -0.0833738 0.01 60 60 0 0 0
7195 0.57459 -0.000986092 -0.0472488 0.01 68 68 0 0 0
7198 0.487705 -0.00124938 -0.0507072 0.01 54 54 0 0 0
7200 0.52478 -0.00113703 -0.0507072 0.01 54 54 0 0 0
7204 0.524817 -0.00113692 -0.034056 0.01 60 60 0 0 0
7206 0.572877 -0.000991282 -0.0858827 0.01 67 67 -0.0137497 0.0181544 0
7208 0.541418 -0.00108661 -0.0926641 0.01 53 54 0 0 0
7217 0.550154 -0.00106014 -0.0833738 0.01 54 54 0 0 0
7219 0.556692 -0.00104033 -0.0863099 0.01 54 55 0 0 0
7221 0.591174 -0.000935837 -0.0520329 0.01 68 68 0 0 0
7223 0.555131 -0.00104506 -0.0609232 0.01 60 60 0 0 0
7226 0.57784 -0.000976243 -0.0791751 0.01 67 66 0 0 0
7231 0.556692 -0.00104033 -0.0686469 0.01 53 53 0 0 0
7234 0.531908 -0.00111543 -0.0916846 0.01 60 60 0 0 0
7235 0.539578 -0.00109219 -0.0890772 0.01 60 60 0 0 0
7243 0.592832 -0.000930812 -0.076795 0.01 60 60 0 0 0
7246 0.528104 -0.00112696 -0.0914686 0.01 67 67 0 0 0
7248 0.50199 -0.00120609 -0.0681668 0.01 54 54 0 0 0
7255 0.553612 -0.00104966 -0.105325 0.01 60 60 0 0 0
7261 0.543228 -0.00108113 -0.0758337 0.01 53 53 0 0 0
7265 0.541382 -0.00108672 -0.0761884 0.01 52 53 0 0 0
7267 0.53619 -0.00110245 -0.0677041 0.01 60 60 0 0 0
7271 0.556692 -0.00104033 -0.0833738 0.01 54 54 0 0 0
7274 0.514599 -0.00116788 -0.0833738 0.01 53 53 0 0 0
7277 0.585383 -0.000953384 -0.0737894 0.01 60 60 0 0 0
7279 0.528104 -0.00112696 -0.0914686 0.01 67 67 0 0 0
7280 0.504903 -0.00119726 -0.0916846 0.01 60 60 0 0 0
7283 0.50199 -0.00120609 -0.0681668 0.01 54 54 0 0 0
7285 0.50199 -0.00120609 -0.0681668 0.01 54 54 0 0 0
7288 0.541418 -0.00108661 -0.0926641 0.01 52 53 0 0 0
7301 0.572989 -0.000990944 -0.0951471 0.01 60 59 0 0 0
7304 0.591174 -0.000935837 -0.0520329 0.01 67 67 0 0 0
7309 0.52829 -0.00112639 -0.105325 0.01 54 54 0 0 0
7312 0.543228 -0.00108113 -0.0758337 0.01 53 53 0 0 0
7314 0.591174 -0.000935837 -0.0520329 0.01 67 67 0 0 0
7315 0.591174 -0.000935837 -0.0520329 0.01 67 67 0 0 0
7320 0.534261 -0.0011083 -0.0916846 0.01 67 67 0 0 0
7331 0.526939 -0.00113049 -0.0727617 0.01 54 54 0 0 0
7339 0.563563 -0.00101951 -0.10812 0.01 67 67 0 0 0
7341 0.52829 -0.00112639 -0.105325 0.01 54 54 0 0 0
7344 0.527662 -0.0011283 -0.0761884 0.01 53 53 0 0 0
7348 0.591174 -0.000935837 -0.0520329 0.01 67 67 0 0 0
7352 0.57459 -0.000986092 -0.0472488 0.01 68 68 0 0 0
7354 0.558627 -0.00103446 -0.0833738 0.01 67 67 0 0 0
7361 0.50199 -0.00120609 -0.0681668 0.01 54 54 0 0 0
7364 0.585989 -0.000951548 -0.104793 0.01 53 53 0 0 0
7375 0.555566 -0.00104374 -0.0833738 0.01 67 67 0.00237668 -0.0030604 0
7376 0.578609 -0.000973912 -0.0373546 0.01 60 61 0 0 0
7379 0.527662 -0.0011283 -0.0761884 0.01 53 53 0 0 0
7382 0.550455 -0.00105923 -0.0766586 0.01 60 60 0 0 0
7383 0.57459 -0.000986092 -0.0472488 0.01 69 68 0 0 0
7385 0.526939 -0.00113049 -0.0710305 0.01 53 53 7.04825e-06 0 0.00173116
7390 0.543228 -0.00108113 -0.0758337 0.01 53 53 0 0 0
7393 0.55357 -0.00104979 -0.0776724 0.01 60 60 0 0 0
7403 0.512783 -0.00117339 -0.0727617 0.01 54 54 0 0 0
7404 0.543339 -0.00108079 -0.0753662 0.01 54 54 0 0 0
7408 0.50199 -0.00120609 -0.0681668 0.01 54 54 0 0 0
7411 0.553612 -0.00104966 -0.105325 0.01 60 60 0 0 0
7415 0.57459 -0.000986092 -0.0472488 0.01 68 68 0 0 0
7418 0.504903 -0.00119726 -0.0916846 0.01 60 60 0 0 0
7426 0.591174 -0.000935837 -0.0520329 0.01 69 69 0 0 0
7428 0.543228 -0.00108113 -0.0761884 0.01 54 54 0 0 0
7430 0.53442 -0.00110782 -0.036547 0.01 60 60 0 0 0
7440 0.531557 -0.00111649 -0.105325 0.01 60 59 0 0 0
7442 0.543228 -0.00108113 -0.0758337 0.01 53 53 0 0 0
7448 0.528104 -0.00112696 -0.0786819 0.01 68 68 0 0 0
7450 0.543228 -0.00108113 -0.0758337 0.01 53 53 0 0 0
7458 0.50199 -0.00120609 -0.0681668 0.01 54 54 0 0 0
7459 0.57459 -0.000986092 -0.0472488 0.01 68 68 0 0 0
7460 0.543228 -0.00108113 -0.0758337 0.01 53 53 0 0 0
7465 0.50199 -0.00120609 -0.0727617 0.01 54 54 0 0 0
7466 0.569739 -0.00100079 -0.0739826 0.01 54 54 0 0 0
7467 0.558627 -0.00103446 -0.0833738 0.01 68 67 0 0 0
7471 0.591174 -0.000935837 -0.0520329 0.01 68 68 0 0 0
7472 0.57784 -0.000976243 -0.0833738 0.01 67 67 0 0 0
7480 0.571612 -0.000995115 -0.0920156 0.01 54 54 0 0 0
7481 0.554723 -0.0010463 -0.0858827 0.01 67 67 0 0 0
7483 0.514599 -0.00116788 -0.0833738 0.01 53 54 0 0 0
7485 0.526939 -0.00113049 -0.0727617 0.01 53 53 0 0 0
7489 0.57222 -0.000993272 -0.0809129 0.01 53 54 0 0 0
7494 0.550841 -0.00105806 -0.0824031 0.01 54 54 0 0 0
7498 0.553612 -0.00104966 -0.105325 0.01 60 60 0 0 0
7504 0.556692 -0.00104033 -0.0833738 0.01 54 54 0 0 0
7508 0.582682 -0.00096157 -0.0745462 0.01 67 67 0 0 0
7510 0.569255 -0.00100226 -0.0758337 0.01 54 54 0 0 0
7512 0.585989 -0.000951548 -0.104793 0.01 53 53 0 0 0
7513 0.550841 -0.00105806 -0.0824031 0.01 54 54 0 0 0
7529 0.543228 -0.00108113 -0.0758337 0.01 53 53 0 0 0
7534 0.487705 -0.00124938 -0.0507072 0.01 54 54 0 0 0
7535 0.50199 -0.00120609 -0.0681668 0.01 54 54 0 0 0
7539 0.569739 -0.00100079 -0.0739826 0.01 54 54 0 0 0
7540 0.539578 -0.00109219 -0.112003 0.01 60 60 0 0 0
7543 0.591174 -0.000935837 -0.0520329 0.01 69 69 0 0 0
7546 0.591174 -0.000935837 -0.0520329 0.01 69 69 0 0 0
7548 0.50199 -0.00120609 -0.0681668 0.01 54 55 0 0 0
7550 0.555131 -0.00104506 -0.0609232 0.01 60 60 0 0 0
7551 0.527662 -0.0011283 -0.0761884 0.01 53 53 0 0 0
7563 0.554632 -0.00104657 -0.114108 0.01 54 54 0 0 0
7565 0.53619 -0.00110245 -0.0677041 0.01 60 60 0 0 0
7566 0.591174 -0.000935837 -0.0520329 0.01 69 69 0 0 0
7579 0.556692 -0.00104033 -0.0670988 0.01 60 60 0 0 0
7580 0.528104 -0.00112696 -0.0914686 0.01 68 68 0 0 0
7584 0.543228 -0.00108113 -0.0758337 0.01 53 53 0 0 0
7585 0.543339 -0.00108079 -0.0675118 0.01 60 60 0 0 0
7586 0.550841 -0.00105806 -0.0824031 0.01 54 54 0 0 0
7593 0.487705 -0.00124938 -0.0563738 0.01 54 54 0 0 -0.00566665
7597 0.585989 -0.000951548 -0.104793 0.01 54 53 0 0 0
7602 0.582682 -0.00096157 -0.0745462 0.01 68 68 0 0 0
7604 0.543228 -0.00108113 -0.0758337 0.01 53 53 0 0 0
7619 0.558781 -0.001034 -0.068946 0.01 67 66 0 0 0
7636 0.487705 -0.00124938 -0.0507072 0.01 54 54 0 0 0
7644 0.558627 -0.00103446 -0.0833738 0.01 69 69 0 0 0
7645 0.591174 -0.000935837 -0.0833738 0.01 60 60 0 0 0
7650 0.555131 -0.00104506 -0.0609232 0.01 60 60 0 0 0
7662 0.52478 -0.00113703 -0.0507072 0.01 54 54 0 0 0
7670 0.57784 -0.000976243 -0.0833738 0.01 67 67 0 0 0
7673 0.567981 -0.00100612 -0.0673231 0.01 60 60 0 0 0
7679 0.539578 -0.00109219 -0.105325 0.01 60 60 0 0 0
7689 0.565315 -0.0010142 -0.0833738 0.01 60 60 0 0 0
7693 0.576586 -0.000980043 -0.0615942 0.01 60 62 0 0 0
7697 0.487705 -0.00124938 -0.0507072 0.01 53 54 0 0 0
7704 0.512783 -0.00117339 -0.0727617 0.01 54 54 0 0 0
7706 0.543228 -0.00108113 -0.0758337 0.01 52 53 0 0 0
7714 0.487705 -0.00124938 -0.0507072 0.01 54 54 0 0 0
7715 0.487705 -0.00124938 -0.0507072 0.01 54 54 0 0 0
7716 0.558627 -0.00103446 -0.0833738 0.01 67 67 0 0 0
7718 0.512783 -0.00117339 -0.0727617 0.01 54 54 0 0 0
7719 0.558627 -0.00103446 -0.0833738 0.01 67 67 0 0 0
7721 0.526939 -0.00113049 -0.0727617 0.01 54 54 0 0 0
7725 0.50199 -0.00120609 -0.0681668 0.01 53 53 0 0 0
7735 0.591174 -0.000935837 -0.0520329 0.01 67 67 0 0 0
7743 0.528104 -0.00112696 -0.0914686 0.01 68 68 0 0 0
7744 0.558627 -0.00103446 -0.0833738 0.01 69 69 0 0 0
7745 0.57459 -0.000986092 -0.0472488 0.01 67 67 0 0 0
7759 0.528104 -0.00112696 -0.0745619 0.01 68 66 0 0 0
7760 0.567981 -0.00100612 -0.0673231 0.01 60 59 0 0 0
7761 0.553612 -0.00104966 -0.105325 0.01 60 60 0 0 0
7768 0.563563 -0.00101951 -0.10812 0.01 67 67 0 0 0
7771 0.585989 -0.000951548 -0.104793 0.01 53 53 0 0 0
7775 0.526939 -0.00113049 -0.0727617 0.01 54 54 0 0 0
7781 0.541003 -0.00108787 -0.0833738 0.01 60 60 0 0 0
7782 0.585989 -0.000951548 -0.104793 0.01 52 52 0 0 0
7783 0.50199 -0.00120609 -0.0681668 0.01 54 54 0 0 0
7784 0.57459 -0.000986092 -0.0472488 0.01 67 67 0 0 0
7786 0.558627 -0.00103446 -0.0833738 0.01 60 60 0 0 0
7788 0.55357 -0.00104979 -0.0875643 0.01 60 60 0 0 0
7791 0.539578 -0.00109219 -0.112003 0.01 60 60 0 0 0
7816 0.550455 -0.00105923 -0.0766586 0.01 60 60 0 0 0
7819 0.52478 -0.00113703 -0.0507072 0.01 54 54 0 0 0
7820 0.549663 -0.00106163 -0.0572659 0.01 60 60 0.0046812 -0.00546813 0
7829 0.539578 -0.00109219 -0.112003 0.01 60 60 0 0 0
7833 0.543228 -0.00108113 -0.0758337 0.01 53 53 0 0 0
7849 0.591174 -0.000935837 -0.0520329 0.01 67 67 0 0 0
7855 0.526939 -0.00113049 -0.0727617 0.01 53 53 0 0 0
7859 0.558627 -0.00103446 -0.0833738 0.01 67 67 0 0 0
7861 0.591174 -0.000935837 -0.0520329 0.01 68 68 0 0 0
7863 0.50199 -0.00120609 -0.0681668 0.01 54 54 0 0 0
7877 0.57784 -0.000976243 -0.0935426 0.01 60 60 0 0 0
7888 0.543339 -0.00108079 -0.0753662 0.01 60 60 0 0 0
7889 0.487705 -0.00124938 -0.0507072 0.01 54 54 0 0 0
7894 0.591174 -0.000935837 -0.0520329 0.01 67 67 0 0 0
7895 0.487705 -0.00124938 -0.0507072 0.01 54 54 0 0 0
7896 0.528104 -0.00112696 -0.0914686 0.01 67 67 0 0 0
7905 0.487705 -0.00124938 -0.0507072 0.01 54 54 0 0 0
7907 0.558627 -0.00103446 -0.0833738 0.01 69 69 0 0 0
7912 0.491912 -0.00123663 -0.0681668 0.01 54 54 0 0 0
7913 0.526939 -0.00113049 -0.0727617 0.01 53 53 0 0 0
7916 0.591174 -0.000935837 -0.0520329 0.01 67 67 0 0 0
7917 0.557245 -0.00103865 -0.0728996 0.01 60 60 0 0 0
7918 0.50199 -0.00120609 -0.0681668 0.01 54 54 0 0 0
7922 0.487705 -0.00124938 -0.0507072 0.01 54 54 0 0 0
7925 0.591174 -0.000935837 -0.0520329 0.01 69 69 0 0 0
7932 0.591174 -0.000935837 -0.0520329 0.01 67 67 0 0 0
7935 0.526939 -0.00113049 -0.0876978 0.01 54 54 0 0 0
7938 0.552988 -0.00105155 -0.0571803 0.01 54 54 0 0 0
7941 0.528104 -0.00112696 -0.0914686 0.01 67 67 0 0 0
7945 0.549643 -0.00106169 -0.0951471 0.01 60 60 0 0 0
7949 0.543228 -0.00108113 -0.0758337 0.01 53 53 0 0 0
7950 0.531557 -0.00111649 -0.105325 0.01 60 60 0 0 0
7955 0.591174 -0.000935837 -0.0520329 0.01 67 67 0 0 0
7960 0.541382 -0.00108672 -0.0761884 0.01 53 53 0 0 0
7962 0.582682 -0.00096157 -0.0745462 0.01 67 67 0 0 0
7967 0.556692 -0.00104033 -0.0686469 0.01 53 53 0 0 0
7970 0.591174 -0.000935837 -0.0520329 0.01 67 67 0 0 0
7972 0.557245 -0.00103865 -0.0728996 0.01 60 60 0 0 0
7986 0.591174 -0.000935837 -0.0520329 0.01 68 68 0 0 0
7987 0.526939 -0.00113049 -0.0727617 0.01 54 54 0 0 0
7988 0.539415 -0.00109268 -0.0916846 0.01 67 67 -0.00413454 0.00515401 0
7991 0.491912 -0.00123663 -0.0681668 0.01 54 54 0 0 0
7999 0.528104 -0.00112696 -0.0786819 0.01 68 68 0 0 0
8004 0.57459 -0.000986092 -0.0472488 0.01 68 68 0 0 0
8008 0.591174 -0.000935837 -0.0520329 0.01 67 67 0 0 0
8014 0.528104 -0.00112696 -0.0914686 0.01 68 68 0 0 0
8015 0.558627 -0.00103446 -0.0833738 0.01 69 69 0 0 0
8018 0.585383 -0.000953384 -0.0628786 0.01 60 60 0 0 0
8023 0.556692 -0.00104033 -0.0670988 0.01 60 60 0 0 0
8025 0.585383 -0.000953384 -0.0737894 0.01 60 60 0 0 0
8032 0.541382 -0.00108672 -0.0761884 0.01 53 53 0 0 0
8042 0.564502 -0.00101666 -0.10876 0.01 60 60 -0.00199816 0 -0.0136132
8044 0.487705 -0.00124938 -0.0507072 0.01 54 54 0 0 0
8045 0.543228 -0.00108113 -0.0758337 0.01 53 53 0 0 0
8050 0.55357 -0.00104979 -0.0875643 0.01 60 60 0 0 0
8059 0.588195 -0.000944864 -0.0734824 0.01 60 60 -0.0178123 0.0226751 0
8063 0.50199 -0.00120609 -0.0681668 0.01 54 54 0 0 0
8065 0.563563 -0.00101951 -0.105887 0.01 67 67 0 0 0
8070 0.49431 -0.00122936 -0.087281 0.01 60 60 0 0 0
8076 0.591174 -0.000935837 -0.0520329 0.01 68 68 0 0 0
8085 0.550455 -0.00105923 -0.0836602 0.01 60 60 -0.00108746 0 -0.00700153
8086 0.543228 -0.00108113 -0.0758337 0.01 53 53 0 0 0
8091 0.556692 -0.00104033 -0.0949581 0.01 52 52 0 0 0
8096 0.512783 -0.00117339 -0.0727617 0.01 54 54 0 0 0
8101 0.57459 -0.000986092 -0.0472488 0.01 68 68 0 0 0
8103 0.526939 -0.00113049 -0.0876978 0.01 54 54 0 0 0
8106 0.556692 -0.00104033 -0.0863099 0.01 60 60 0 0 0
8109 0.52478 -0.00113703 -0.0507072 0.01 54 54 0 0 0
8112 0.556692 -0.00104033 -0.0863099 0.01 54 54 0 0 0
8114 0.526939 -0.00113049 -0.0727617 0.01 54 54 0 0 0
8116 0.591174 -0.000935837 -0.0520329 0.01 67 67 0 0 0
8118 0.52478 -0.00113703 -0.0507072 0.01 54 54 0 0 0
8122 0.591174 -0.000935837 -0.0520329 0.01 67 67 0 0 0
8128 0.543339 -0.00108079 -0.0675118 0.01 60 60 0 0 0
8129 0.50199 -0.00120609 -0.0681668 0.01 54 54 0 0 0
8130 0.591174 -0.000935837 -0.0520329 0.01 67 67 0 0 0
8133 0.541382 -0.00108672 -0.0761884 0.01 53 53 0 0 0
8134 0.543228 -0.00108113 -0.0758337 0.01 53 53 0 0 0
8137 0.539578 -0.00109219 -0.105325 0.01 60 60 0 0 0
8138 0.53619 -0.00110245 -0.0677041 0.01 60 60 0 0 0
8140 0.529379 -0.0011231 -0.0916846 0.01 60 60 0 0 0
8143 0.562988 -0.00102125 -0.103911 0.01 54 54 0 0 0
8144 0.591174 -0.000935837 -0.0520329 0.01 67 67 0 0 0
8150 0.558627 -0.00103446 -0.0833738 0.01 67 67 0 0 0
8156 0.50199 -0.00120609 -0.0681668 0.01 54 54 0 0 0
8158 0.559966 -0.00103041 -0.0848081 0.01 60 60 0 0 0
8159 0.589825 -0.000939924 -0.0633542 0.01 60 60 0 0 0
8162 0.528104 -0.00112696 -0.0914686 0.01 69 68 0 0 0
8163 0.559966 -0.00103041 -0.0823773 0.01 60 60 0 0 0
8171 0.591174 -0.000935837 -0.0520329 0.01 69 69 0 0 0
8173 0.543228 -0.00108113 -0.0758337 0.01 53 53 0 0 0
8174 0.57459 -0.000986092 -0.0554829 0.01 68 68 0 0 0
8175 0.537004 -0.00109999 -0.0833738 0.01 54 54 0.010786 -0.0131493 0
8176 0.57459 -0.000986092 -0.0472488 0.01 68 68 0 0 0
8177 0.566976 -0.00100916 -0.0951471 0.01 60 60 0 0 0
8180 0.55357 -0.00104979 -0.0875643 0.01 60 60 0 0 0
8182 0.57784 -0.000976243 -0.0833738 0.01 67 67 0 0 0
8186 0.528104 -0.00112696 -0.0861474 0.01 67 67 0 0 0
8190 0.57222 -0.000993272 -0.0809129 0.01 54 54 0 0 0
8193 0.591174 -0.000935837 -0.0520329 0.01 69 69 0 0 0
8194 0.597814 -0.000915716 -0.0949581 0.01 52 52 -0.028573 0.0411216 0
8196 0.57459 -0.000986092 -0.0472488 0.01 68 68 0 0 0
8205 0.543228 -0.00108113 -0.0758337 0.01 53 53 0 0 0
8207 0.546364 -0.00107163 -0.073983 0.01 60 60 0 0 0
8208 0.585383 -0.000953384 -0.0628786 0.01 60 60 0 0 0
8210 0.564502 -0.00101666 -0.0951471 0.01 60 60 0 0 0
8211 0.585989 -0.000951548 -0.104793 0.01 53 53 0 0 0
8215 0.528104 -0.00112696 -0.0914686 0.01 68 68 0 0 0
8219 0.564502 -0.00101666 -0.0951471 0.01 60 60 0 0 0
8220 0.566976 -0.00100916 -0.0951471 0.01 60 60 0 0 0
8222 0.567981 -0.00100612 -0.0673231 0.01 60 60 0 0 0
8228 0.55357 -0.00104979 -0.0867794 0.01 60 60 0.000119925 0 0.000784911
8231 0.558627 -0.00103446 -0.0833738 0.01 67 67 0 0 0
8233 0.582682 -0.00096157 -0.0745462 0.01 67 67 0 0 0
8235 0.583871 -0.000957968 -0.105175 0.01 54 54 0 0 0
8244 0.487705 -0.00124938 -0.0507072 0.01 53 53 0 0 0
8257 0.57459 -0.000986092 -0.0472488 0.01 68 68 0 0 0
8259 0.57459 -0.000986092 -0.0472488 0.01 68 68 0 0 0
8261 0.57459 -0.000986092 -0.0472488 0.01 67 67 0 0 0
8263 0.556692 -0.00104033 -0.0686469 0.01 53 53 0 0 0
8264 0.551969 -0.00105464 -0.0766586 0.01 60 60 0 0 0
8266 0.57459 -0.000986092 -0.0472488 0.01 67 67 0 0 0
8276 0.591174 -0.000935837 -0.0520329 0.01 67 67 0 0 0
8279 0.558627 -0.00103446 -0.0833738 0.01 69 69 0 0 0
8281 0.532416 -0.00111389 -0.0761884 0.01 53 53 0.00738464 -0.00896591 0
8288 0.57459 -0.000986092 -0.0472488 0.01 68 68 0 0 0
8290 0.543228 -0.00108113 -0.0758337 0.01 53 53 0 0 0
8294 0.591174 -0.000935837 -0.0520329 0.01 67 67 0 0 0
8301 0.591174 -0.000935837 -0.0520329 0.01 68 68 0 0 0
8302 0.591174 -0.000935837 -0.0520329 0.01 69 69 0 0 0
8304 0.591174 -0.000935837 -0.0520329 0.01 68 68 0 0 0
8310 0.566976 -0.00100916 -0.0951471 0.01 60 60 0 0 0
8312 0.57459 -0.000986092 -0.0472488 0.01 68 68 0 0 0
8322 0.543228 -0.00108113 -0.0758337 0.01 53 53 0 0 0
