max_pf 86 min_pf 46
individual DHm DSm DCp disp_rate patch_no b_patch_no mut_eff DDHm DDCp
6 0.647303 -0.00076575 -0.00221815 0.01 84 84 0 0 0
7 0.643141 -0.000778361 -0.0454617 0.01 60 60 0 0 0
14 0.643141 -0.000778361 -0.0454617 0.01 60 60 0 0 0
17 0.619194 -0.000850927 -0.0733854 0.01 60 60 0 0 0
52 0.647303 -0.00076575 -0.00221815 0.01 84 84 0 0 0
54 0.647303 -0.00076575 -0.00868229 0.01 84 84 0 0 0
58 0.647303 -0.00076575 -0.00451881 0.01 86 86 0 0 0
67 0.628075 -0.000824016 -0.0631112 0.01 47 47 0 0 0
82 0.643141 -0.000778361 -0.0454617 0.01 60 60 0 0 0
87 0.570002 -0.000999994 -0.0564484 0.01 60 60 0 0 0
91 0.559045 -0.0010332 -0.0419623 0.01 60 60 -0.00392881 0.00461155 0
94 0.647303 -0.00076575 -0.00451881 0.01 86 86 0 0 0
98 0.628075 -0.000824016 -0.0530411 0.01 48 48 0 0 0
105 0.583484 -0.000959139 -0.0275247 0.01 60 61 0 0 0
106 0.619194 -0.000850927 -0.0631112 0.01 47 47 0 0 0
112 0.628075 -0.000824016 -0.0631112 0.01 47 47 0 0 0
118 0.570002 -0.000999994 -0.0437631 0.01 60 60 0 0 0
119 0.647303 -0.00076575 -0.00221815 0.01 85 85 0 0 0
121 0.628075 -0.000824016 -0.0631112 0.01 47 47 0 0 0
124 0.617018 -0.000857521 -0.0555072 0.01 46 46 0 0 0
147 0.628075 -0.000824016 -0.0631112 0.01 48 48 0 0 0
151 0.617018 -0.000857521 -0.0631112 0.01 46 47 0 0 0
152 0.628075 -0.000824016 -0.0631112 0.01 48 48 0 0 0
160 0.647303 -0.00076575 -0.00221815 0.01 84 84 0 0 0
161 0.651476 -0.000753104 -0.0530411 0.01 47 48 -0.00396536 0.00841796 0
179 0.628075 -0.000824016 -0.0631112 0.01 48 48 0 0 0
202 0.646535 -0.000768076 -0.0768667 0.01 60 60 0 0 0
209 0.628075 -0.000824016 -0.0601231 0.01 47 47 0 0 0
229 0.620579 -0.000846732 -0.0631112 0.01 48 48 -0.00955129 0.0177441 0
244 0.619194 -0.000850927 -0.0631112 0.01 48 50 0 0 0
246 0.647303 -0.00076575 -0.00221815 0.01 85 85 0 0 0
262 0.610138 -0.000878369 -0.0631112 0.01 47 47 0 0 0
272 0.560953 -0.00102741 -0.0486993 0.01 60 60 0 0 0
276 0.61445 -0.000865304 -0.0609387 0.01 60 59 0 0 0
281 0.628075 -0.000824016 -0.0631112 0.01 48 48 0 0 0
290 0.631159 -0.000814669 -0.0530411 0.01 48 48 0 0 0
298 0.628075 -0.000824016 -0.0620712 0.01 47 47 0 0 0
304 0.628075 -0.000824016 -0.0631112 0.01 47 47 0 0 0
307 0.647303 -0.00076575 -0.00221815 0.01 84 84 0 0 0
314 0.628075 -0.000824016 -0.0523334 0.01 47 47 0 0 0
318 0.647303 -0.00076575 -0.00689072 0.01 84 83 0 0 0
335 0.575583 -0.000983083 -0.0620701 0.01 48 49 0 0 0
345 0.628075 -0.000824016 -0.0631112 0.01 48 48 0 0 0
349 0.628875 -0.000821592 -0.0631112 0.01 48 48 0 0 0
351 0.617018 -0.000857521 -0.0631112 0.01 46 46 0 0 0
367 0.642556 -0.000780133 -0.00221815 0.01 85 85 0 0 0
373 0.617018 -0.000857521 -0.0631112 0.01 46 46 0 0 0
391 0.567481 -0.00100763 -0.0778373 0.01 47 47 0 0 0
410 0.62173 -0.000843242 -0.0449643 0.01 60 60 0 0 0
426 0.628075 -0.000824016 -0.0631112 0.01 48 48 0 0 0
429 0.647303 -0.00076575 -0.00221815 0.01 85 85 0 0 0
433 0.611632 -0.000873842 -0.0631112 0.01 48 49 0 0 0
447 0.568508 -0.00100452 -0.0816196 0.01 60 60 0 0 0
459 0.628075 -0.000824016 -0.0631112 0.01 48 48 0 0 0
461 0.630927 -0.000815372 -0.0649858 0.01 48 48 0 0 0
469 0.611928 -0.000872945 -0.0631112 0.01 48 48 0 0 0
480 0.642556 -0.000780133 -0.00221815 0.01 85 85 0 0 0
497 0.604834 -0.000894443 -0.0642004 0.01 60 60 0 0 0
500 0.628075 -0.000824016 -0.0631112 0.01 48 48 0 0 0
512 0.617018 -0.000857521 -0.0631112 0.01 46 46 0 0 0
532 0.628075 -0.000824016 -0.0631112 0.01 47 47 0 0 0
536 0.628075 -0.000824016 -0.058812 0.01 48 47 0 0 0
540 0.593922 -0.000927508 -0.0501493 0.01 60 60 0 0 0
541 0.628075 -0.000824016 -0.0455585 0.01 47 47 0 0 0
554 0.554023 -0.00104842 -0.0634303 0.01 60 60 -0.00108433 0 -0.00698193
555 0.619194 -0.000850927 -0.0744023 0.01 48 48 0 0 0
563 0.594414 -0.000926018 -0.0690585 0.01 60 62 0 0 0
567 0.647303 -0.00076575 -0.00221815 0.01 84 84 0 0 0
579 0.596762 -0.000918904 -0.0322399 0.01 60 60 0 0 0
590 0.567481 -0.00100763 -0.0778373 0.01 48 48 0 0 0
608 0.628075 -0.000824016 -0.0631112 0.01 47 47 0 0 0
619 0.576146 -0.000981376 -0.0697979 0.01 60 60 0 0 0
624 0.628075 -0.000824016 -0.0631112 0.01 47 47 0 0 0
626 0.590025 -0.000939318 -0.0501493 0.01 60 60 0 0 0
638 0.628075 -0.000824016 -0.0631112 0.01 47 47 0 0 0
652 0.647303 -0.00076575 -0.00221815 0.01 85 84 0 0 0
658 0.628075 -0.000824016 -0.0631112 0.01 47 47 0 0 0
659 0.647303 -0.00076575 -0.00221815 0.01 86 86 0 0 0
667 0.617018 -0.000857521 -0.0631112 0.01 46 46 0 0 0
685 0.628075 -0.000824016 -0.0631112 0.01 48 48 0 0 0
686 0.576146 -0.000981376 -0.0697979 0.01 60 60 0 0 0
697 0.62173 -0.000843242 -0.0304464 0.01 60 60 0 0 0
700 0.617018 -0.000857521 -0.0631112 0.01 46 46 0 0 0
708 0.617018 -0.000857521 -0.0631112 0.01 46 46 0 0 0
709 0.630068 -0.000817976 -0.0631112 0.01 47 47 0 0 0
714 0.628075 -0.000824016 -0.0631112 0.01 46 47 0 0 0
716 0.636938 -0.000797157 -0.0688357 0.01 60 60 0 0 0
720 0.636546 -0.000798346 -0.0631112 0.01 48 48 0 0 0
726 0.647303 -0.00076575 -0.00221815 0.01 84 84 0 0 0
728 0.567481 -0.00100763 -0.0778373 0.01 48 48 0 0 0
729 0.628075 -0.000824016 -0.0631112 0.01 47 47 0 0 0
734 0.619194 -0.000850927 -0.0807138 0.01 48 48 0 0 0
748 0.570002 -0.000999994 -0.0419623 0.01 48 50 0 0 0
755 0.628075 -0.000824016 -0.0631112 0.01 48 48 0 0 0
768 0.628075 -0.000824016 -0.0530411 0.01 48 48 0 0 0
770 0.570002 -0.000999994 -0.0419623 0.01 60 60 0 0 0
780 0.643058 -0.000778612 -0.0530411 0.01 48 48 0 0 0
786 0.570002 -0.000999994 -0.0437631 0.01 60 61 0 0 0
798 0.643141 -0.000778361 -0.0454617 0.01 60 61 0 0 0
819 0.607818 -0.000885399 -0.0631112 0.01 47 47 0 0 0
831 0.647303 -0.00076575 -0.00221815 0.01 84 84 0 0 0
838 0.643058 -0.000778612 -0.0530411 0.01 48 48 0 0 0
839 0.647303 -0.00076575 -0.00451881 0.01 84 84 0 0 0
872 0.628075 -0.000824016 -0.058812 0.01 47 47 0 0 0
882 0.61916 -0.000851029 -0.0631112 0.01 46 46 0 0 0
887 0.647303 -0.00076575 -0.00451881 0.01 84 84 0 0 0
893 0.570002 -0.000999994 -0.0417968 0.01 60 60 0 0 0
913 0.647303 -0.00076575 -0.00221815 0.01 84 84 0 0 0
914 0.617018 -0.000857521 -0.0631112 0.01 47 47 0 0 0
915 0.617018 -0.000857521 -0.0631112 0.01 47 47 0 0 0
928 0.647303 -0.00076575 -0.00798528 0.01 85 85 -0.0452894 0 -0.00576713
950 0.628075 -0.000824016 -0.0631112 0.01 48 47 0 0 0
958 0.647303 -0.00076575 -0.00221815 0.01 84 84 0 0 0
965 0.642832 -0.000779297 -0.00221815 0.01 84 84 0 0 0
967 0.647303 -0.00076575 -0.00221815 0.01 85 85 0 0 0
977 0.628075 -0.000824016 -0.0631112 0.01 47 47 0 0 0
981 0.628075 -0.000824016 -0.0562325 0.01 47 47 0 0 0
986 0.611632 -0.000873842 -0.0631112 0.01 46 46 0 0 0
987 0.625426 -0.000832043 -0.0631112 0.01 47 47 0.0012916 -0.00264907 0
991 0.628075 -0.000824016 -0.0500496 0.01 48 48 0 0 0
998 0.617018 -0.000857521 -0.0631112 0.01 46 46 0 0 0
999 0.647303 -0.00076575 -0.00451881 0.01 85 85 0 0 0
1015 0.569918 -0.00100025 -0.053534 0.01 60 60 -0.00174725 0 -0.0117373
1027 0.570002 -0.000999994 -0.0564484 0.01 60 60 0 0 0
1077 0.62226 -0.000841636 -0.0476812 0.01 60 60 0 0 0
1093 0.617018 -0.000857521 -0.0631112 0.01 46 46 0 0 0
1112 0.619194 -0.000850927 -0.0631112 0.01 47 47 0 0 0
1113 0.647303 -0.00076575 -0.00221815 0.01 84 84 0 0 0
1114 0.647303 -0.00076575 -0.00221815 0.01 84 84 0 0 0
1119 0.628075 -0.000824016 -0.0631112 0.01 47 47 0 0 0
1120 0.617018 -0.000857521 -0.0631112 0.01 46 46 0 0 0
1123 0.620311 -0.000847543 -0.0899208 0.01 48 50 0 0 0
1125 0.632176 -0.000811588 -0.0631112 0.01 47 47 0 0 0
1130 0.567481 -0.00100763 -0.0778373 0.01 48 49 0 0 0
1137 0.647303 -0.00076575 -0.00221815 0.01 85 85 0 0 0
1145 0.602835 -0.000900501 -0.0631112 0.01 47 48 0 0 0
1171 0.570002 -0.000999994 -0.0261143 0.01 60 60 0 0 0
1190 0.647303 -0.00076575 -0.00451881 0.01 84 83 0 0 0
1194 0.617018 -0.000857521 -0.0631112 0.01 46 46 0 0 0
1195 0.617018 -0.000857521 -0.0631112 0.01 46 46 0 0 0
1209 0.628075 -0.000824016 -0.0631112 0.01 47 47 0 0 0
1212 0.647303 -0.00076575 -0.00221815 0.01 84 84 0 0 0
1216 0.617018 -0.000857521 -0.0631112 0.01 46 46 0 0 0
1222 0.570002 -0.000999994 -0.033886 0.01 60 60 0 0 0
1229 0.619194 -0.000850927 -0.0733854 0.01 60 60 0 0 0
1241 0.636711 -0.000797845 -0.00221815 0.01 84 84 0 0 0
1244 0.554434 -0.00104717 -0.0419623 0.01 60 61 0 0 0
1261 0.628075 -0.000824016 -0.0631112 0.01 48 48 0 0 0
1292 0.617018 -0.000857521 -0.0631112 0.01 48 47 0 0 0
1304 0.66009 -0.000727 -0.00221815 0.01 85 85 0 0 0
1305 0.617018 -0.000857521 -0.0631112 0.01 46 46 0 0 0
1310 0.617018 -0.000857521 -0.0631112 0.01 47 47 0 0 0
1317 0.628075 -0.000824016 -0.0620712 0.01 47 47 0 0 0
1335 0.619194 -0.000850927 -0.0631112 0.01 48 48 0 0 0
1336 0.617018 -0.000857521 -0.0631112 0.01 46 46 0 0 0
1342 0.647303 -0.00076575 -0.00221815 0.01 85 85 0 0 0
1347 0.617018 -0.000857521 -0.0631112 0.01 47 47 0 0 0
1350 0.617018 -0.000857521 -0.0631112 0.01 46 46 0 0 0
1354 0.628075 -0.000824016 -0.0523334 0.01 47 47 0 0 0
1365 0.628075 -0.000824016 -0.0631112 0.01 48 48 0 0 0
1384 0.628075 -0.000824016 -0.0631112 0.01 47 47 0 0 0
1390 0.647303 -0.00076575 -0.00451881 0.01 84 83 0 0 0
1393 0.574721 -0.000985695 -0.0437631 0.01 60 60 0 0 0
1394 0.619194 -0.000850927 -0.0744023 0.01 48 49 0 0 0
1403 0.570002 -0.000999994 -0.0223147 0.01 60 59 0 0 0
1421 0.647303 -0.00076575 -0.00451881 0.01 86 86 0 0 0
1422 0.570002 -0.000999994 -0.0405289 0.01 48 48 0 0 0
1426 0.628075 -0.000824016 -0.0631112 0.01 48 47 0 0 0
1439 0.628075 -0.000824016 -0.0631112 0.01 47 47 0 0 0
1445 0.570002 -0.000999994 -0.0419623 0.01 60 61 0 0 0
1454 0.628075 -0.000824016 -0.0523334 0.01 48 49 0 0 0
1456 0.647303 -0.00076575 -0.00221815 0.01 84 84 0 0 0
1478 0.583618 -0.000958734 -0.033886 0.01 60 60 0 0 0
1486 0.647303 -0.00076575 -0.00221815 0.01 84 84 0 0 0
1493 0.628075 -0.000824016 -0.0631112 0.01 46 47 0 0 0
1498 0.628075 -0.000824016 -0.0631112 0.01 47 48 0 0 0
1506 0.617018 -0.000857521 -0.0631112 0.01 46 46 0 0 0
1511 0.583484 -0.000959139 -0.0583603 0.01 60 60 0 0 0
1512 0.647303 -0.00076575 -0.00575035 0.01 84 84 -0.0255202 0 -0.0035322
1516 0.643058 -0.000778612 -0.0530411 0.01 48 48 0 0 0
1519 0.628075 -0.000824016 -0.0631112 0.01 47 47 0 0 0
1530 0.647303 -0.00076575 -0.00221815 0.01 85 85 0 0 0
1541 0.643058 -0.000778612 -0.0530411 0.01 47 48 0 0 0
1557 0.628075 -0.000824016 -0.0631112 0.01 48 48 0 0 0
1561 0.628075 -0.000824016 -0.0629852 0.01 47 47 0 0 0
1569 0.628075 -0.000824016 -0.0615032 0.01 48 49 0 0 0
1570 0.617018 -0.000857521 -0.0631112 0.01 47 47 0 0 0
1574 0.628075 -0.000824016 -0.0631112 0.01 48 48 0 0 0
1577 0.619194 -0.000850927 -0.0807138 0.01 47 48 0 0 0
1584 0.647303 -0.00076575 -0.00221815 0.01 84 84 0 0 0
1585 0.613626 -0.0008678 -0.0631112 0.01 47 47 0 0 0
1592 0.647303 -0.00076575 -0.00451881 0.01 86 86 0 0 0
1613 0.628075 -0.000824016 -0.0631112 0.01 47 47 0 0 0
1623 0.628075 -0.000824016 -0.0789241 0.01 47 48 0 0 0
1628 0.570002 -0.000999994 -0.044011 0.01 60 60 0 0 0
1632 0.628075 -0.000824016 -0.0631112 0.01 47 47 0 0 0
1641 0.628075 -0.000824016 -0.0631112 0.01 48 48 0 0 0
1643 0.628075 -0.000824016 -0.0631112 0.01 48 47 0 0 0
1656 0.647303 -0.00076575 -0.00221815 0.01 85 85 0 0 0
1677 0.61558 -0.000861879 -0.0631112 0.01 48 48 0 0 0
1688 0.628075 -0.000824016 -0.0631112 0.01 47 47 0 0 0
1693 0.647303 -0.00076575 -0.00221815 0.01 85 85 0 0 0
1696 0.647303 -0.00076575 -0.00221815 0.01 84 84 0 0 0
1699 0.619194 -0.000850927 -0.0631112 0.01 60 60 0 0 0
1701 0.617018 -0.000857521 -0.0631112 0.01 46 46 0 0 0
1703 0.647303 -0.00076575 -0.0194283 0.01 84 84 -0.113537 0 -0.0172102
1704 0.570002 -0.000999994 -0.0603557 0.01 60 60 0 0 0
1707 0.647303 -0.00076575 -0.00221815 0.01 84 84 0 0 0
1709 0.603619 -0.000898124 -0.0233122 0.01 60 60 0 0 0
1727 0.647303 -0.00076575 -0.00221815 0.01 84 84 0 0 0
1730 0.583618 -0.000958734 -0.033886 0.01 60 60 0 0 0
1742 0.628075 -0.000824016 -0.0631112 0.01 47 47 0 0 0
1757 0.647303 -0.00076575 -0.00689072 0.01 84 83 0 0 0
1758 0.617018 -0.000857521 -0.0631112 0.01 46 46 0 0 0
1768 0.603619 -0.000898124 -0.0233122 0.01 60 60 0 0 0
1774 0.567481 -0.00100763 -0.0778373 0.01 48 48 0 0 0
1808 0.647303 -0.00076575 -0.00221815 0.01 85 85 0 0 0
1809 0.570002 -0.000999994 -0.0419623 0.01 60 60 0 0 0
1813 0.630074 -0.000817958 -0.0631112 0.01 47 47 0 0 0
1822 0.564818 -0.0010157 -0.0394427 0.01 60 60 0 0 0
1842 0.628075 -0.000824016 -0.0530411 0.01 47 47 0 0 0
1845 0.628075 -0.000824016 -0.0631112 0.01 47 47 0 0 0
1861 0.647303 -0.00076575 -0.00221815 0.01 85 85 0 0 0
1863 0.628075 -0.000824016 -0.0530411 0.01 48 48 0 0 0
1873 0.628075 -0.000824016 -0.0631112 0.01 47 47 0 0 0
1883 0.570002 -0.000999994 -0.0405289 0.01 48 50 0 0 0
1890 0.647303 -0.00076575 -0.00221815 0.01 86 85 0 0 0
1906 0.647303 -0.00076575 -0.00221815 0.01 84 84 0 0 0
1911 0.564818 -0.0010157 -0.0394427 0.01 60 60 0 0 0
1915 0.617018 -0.000857521 -0.0631112 0.01 46 46 0 0 0
1918 0.628075 -0.000824016 -0.0631112 0.01 48 48 0 0 0
1922 0.617018 -0.000857521 -0.0631112 0.01 47 47 0 0 0
1932 0.608419 -0.000883577 -0.0460182 0.01 60 60 -0.000722557 0 -0.00546331
1940 0.570002 -0.000999994 -0.0405289 0.01 48 50 0 0 0
1952 0.602817 -0.000900555 -0.0515358 0.01 60 60 0 0 0
1967 0.628075 -0.000824016 -0.0653554 0.01 48 48 0 0 0
1976 0.628075 -0.000824016 -0.0631112 0.01 48 49 0 0 0
1980 0.628075 -0.000824016 -0.0530411 0.01 48 48 0 0 0
1984 0.647303 -0.00076575 -0.00221815 0.01 84 84 0 0 0
1992 0.630927 -0.000815372 -0.0649858 0.01 48 49 0 0 0
1996 0.628075 -0.000824016 -0.0631112 0.01 48 48 0 0 0
2008 0.617018 -0.000857521 -0.0631112 0.01 47 47 0 0 0
2009 0.576146 -0.000981376 -0.0697979 0.01 60 60 0 0 0
2026 0.567481 -0.00100763 -0.0778373 0.01 47 47 0 0 0
2029 0.647303 -0.00076575 -0.00221815 0.01 85 85 0 0 0
2030 0.64819 -0.00076306 -0.0631112 0.01 48 48 0 0 0
2037 0.647303 -0.00076575 -0.00819467 0.01 84 84 -0.0424765 0 -0.00597652
2038 0.643058 -0.000778612 -0.0530411 0.01 48 48 0 0 0
2039 0.628075 -0.000824016 -0.0631112 0.01 47 47 0 0 0
2046 0.617018 -0.000857521 -0.0631112 0.01 46 46 0 0 0
2050 0.628075 -0.000824016 -0.0622583 0.01 47 47 0 0 0
2066 0.628075 -0.000824016 -0.0540775 0.01 47 47 0 0 0
2072 0.570002 -0.000999994 -0.0419623 0.01 60 60 0 0 0
2107 0.647303 -0.00076575 -0.00221815 0.01 84 84 0 0 0
2108 0.636546 -0.000798346 -0.0794217 0.01 48 48 0 0 0
2119 0.647303 -0.00076575 -0.00451881 0.01 86 86 0 0 0
2130 0.647303 -0.00076575 -0.00221815 0.01 84 84 0 0 0
2135 0.594299 -0.000926368 -0.0429003 0.01 60 60 0 0 0
2137 0.570002 -0.000999994 -0.0419623 0.01 60 60 0 0 0
2138 0.647303 -0.00076575 -0.00221815 0.01 85 85 0 0 0
2158 0.628075 -0.000824016 -0.0631112 0.01 47 47 0 0 0
2167 0.628075 -0.000824016 -0.0631112 0.01 47 47 0 0 0
2168 0.61916 -0.000851029 -0.0631112 0.01 46 46 0 0 0
2175 0.631734 -0.000812926 -0.024664 0.01 60 60 0 0 0
2187 0.647303 -0.00076575 -0.00451881 0.01 84 84 0 0 0
2191 0.628075 -0.000824016 -0.0622583 0.01 47 47 8.41469e-05 0 0.000852868
2193 0.619194 -0.000850927 -0.0807138 0.01 48 48 0 0 0
2206 0.628075 -0.000824016 -0.0540775 0.01 48 48 0 0 0
2207 0.61916 -0.000851029 -0.0631112 0.01 47 47 0 0 0
2218 0.558819 -0.00103388 -0.0419623 0.01 60 60 0 0 0
2227 0.632176 -0.000811588 -0.0631112 0.01 48 48 0 0 0
2232 0.628075 -0.000824016 -0.0631112 0.01 48 48 0 0 0
2233 0.628075 -0.000824016 -0.0631112 0.01 46 47 0 0 0
2235 0.628075 -0.000824016 -0.0631112 0.01 48 48 0 0 0
2241 0.628075 -0.000824016 -0.0631112 0.01 48 48 0 0 0
2243 0.570002 -0.000999994 -0.0419623 0.01 60 60 0 0 0
2253 0.61916 -0.000851029 -0.0631112 0.01 47 47 0 0 0
2256 0.628075 -0.000824016 -0.0631112 0.01 48 48 0 0 0
2282 0.628075 -0.000824016 -0.06943 0.01 48 48 0 0 0
2315 0.628075 -0.000824016 -0.0631112 0.01 48 48 0 0 0
2325 0.558661 -0.00103436 -0.0564484 0.01 60 60 -0.00392354 0.00463849 0
2329 0.617018 -0.000857521 -0.0631112 0.01 47 47 0 0 0
2330 0.628075 -0.000824016 -0.0631112 0.01 48 47 0 0 0
2341 0.647303 -0.00076575 -0.00221815 0.01 84 84 0 0 0
2355 0.567481 -0.00100763 -0.0778373 0.01 48 48 0 0 0
2359 0.628075 -0.000824016 -0.0631112 0.01 48 48 0 0 0
2369 0.628075 -0.000824016 -0.0631112 0.01 47 47 0 0 0
2373 0.647303 -0.00076575 -0.00221815 0.01 84 84 0 0 0
2379 0.590025 -0.000939318 -0.0501493 0.01 60 60 0 0 0
2382 0.570522 -0.000998418 -0.0178614 0.01 60 61 0 0 0
2387 0.632176 -0.000811588 -0.0631112 0.01 48 48 0 0 0
2389 0.628075 -0.000824016 -0.0631112 0.01 47 47 0 0 0
2410 0.628342 -0.000823206 -0.0631112 0.01 48 48 0 0 0
2417 0.617018 -0.000857521 -0.0631112 0.01 46 46 0 0 0
2422 0.628075 -0.000824016 -0.0631112 0.01 48 48 0 0 0
2453 0.611632 -0.000873842 -0.0631112 0.01 46 47 0 0 0
2473 0.617018 -0.000857521 -0.0631112 0.01 46 46 0 0 0
2477 0.628075 -0.000824016 -0.0530411 0.01 48 48 0 0 0
2493 0.628075 -0.000824016 -0.0629852 0.01 46 47 0 0 0
2496 0.628075 -0.000824016 -0.0631112 0.01 48 48 0 0 0
2505 0.561314 -0.00102632 -0.0577841 0.01 60 60 0 0 0
2516 0.628075 -0.000824016 -0.0631112 0.01 47 47 0 0 0
2537 0.628075 -0.000824016 -0.0424947 0.01 48 49 0 0 0
2567 0.628075 -0.000824016 -0.0631112 0.01 47 47 0 0 0
2573 0.617018 -0.000857521 -0.0587857 0.01 47 47 0 0 0
2574 0.628075 -0.000824016 -0.0629852 0.01 47 47 0 0 0
2581 0.617018 -0.000857521 -0.0631112 0.01 46 46 0 0 0
2583 0.647303 -0.00076575 -0.00221815 0.01 84 84 0 0 0
2586 0.590843 -0.000936839 -0.0419623 0.01 60 59 0 0 0
2597 0.628075 -0.000824016 -0.0631112 0.01 47 47 0 0 0
2619 0.647303 -0.00076575 -0.00451881 0.01 85 85 0 0 0
2629 0.628075 -0.000824016 -0.0631112 0.01 48 47 0 0 0
2641 0.628075 -0.000824016 -0.0530411 0.01 48 48 0 0 0
2647 0.64819 -0.00076306 -0.0631112 0.01 47 48 0 0 0
2683 0.624974 -0.000833412 -0.0631112 0.01 47 47 0 0 0
2687 0.584807 -0.00095513 -0.0665164 0.01 60 60 0 0 0
2691 0.628075 -0.000824016 -0.0631112 0.01 48 48 0 0 0
2694 0.577442 -0.000977449 -0.032811 0.01 60 60 0 0 0
2699 0.647303 -0.00076575 -0.0178711 0.01 84 84 0 0 0
2705 0.567481 -0.00100763 -0.0778373 0.01 48 48 0 0 0
2709 0.647303 -0.00076575 -0.00221815 0.01 84 84 0 0 0
2713 0.647303 -0.00076575 -0.00221815 0.01 84 84 0 0 0
2723 0.647303 -0.00076575 -0.00221815 0.01 84 84 0 0 0
2725 0.647303 -0.00076575 -0.00575035 0.01 84 84 0 0 0
2728 0.617018 -0.000857521 -0.0631112 0.01 47 47 0 0 0
2733 0.628075 -0.000824016 -0.0631112 0.01 48 47 0 0 0
2735 0.617018 -0.000857521 -0.0631112 0.01 46 46 0 0 0
2773 0.570002 -0.000999994 -0.0417968 0.01 60 60 0 0 0
2777 0.647303 -0.00076575 -0.00221815 0.01 84 84 0 0 0
2778 0.617018 -0.000857521 -0.0631112 0.01 47 46 0 0 0
2780 0.647303 -0.00076575 -0.00221815 0.01 85 84 0 0 0
2792 0.628075 -0.000824016 -0.0631112 0.01 47 47 0 0 0
2811 0.647303 -0.00076575 -0.00221815 0.01 84 84 0 0 0
2813 0.628075 -0.000824016 -0.0629852 0.01 47 47 0 0 0
2825 0.617018 -0.000857521 -0.0631112 0.01 47 47 0 0 0
2826 0.628075 -0.000824016 -0.0631112 0.01 48 48 0 0 0
2833 0.647274 -0.000765836 -0.00221815 0.01 84 84 2.53916e-05 -2.83122e-05 0
2837 0.562436 -0.00102292 -0.0419623 0.01 60 61 0 0 0
2852 0.570002 -0.000999994 -0.0419623 0.01 60 60 0 0 0
2867 0.619194 -0.000850927 -0.0807138 0.01 48 48 0 0 0
2869 0.617018 -0.000857521 -0.0631112 0.01 46 46 0 0 0
2876 0.567481 -0.00100763 -0.0778373 0.01 48 48 0 0 0
2883 0.584807 -0.00095513 -0.0665164 0.01 60 60 0 0 0
2890 0.626987 -0.000827311 -0.058812 0.01 47 47 0.000530824 -0.00108761 0
2891 0.636546 -0.000798346 -0.0794217 0.01 48 48 0 0 0
2892 0.61916 -0.000851029 -0.0631112 0.01 47 47 0 0 0
2895 0.604834 -0.000894443 -0.0642004 0.01 60 60 0 0 0
2899 0.647303 -0.00076575 -0.00221815 0.01 84 84 0 0 0
2902 0.628075 -0.000824016 -0.0631112 0.01 47 47 0 0 0
2905 0.576146 -0.000981376 -0.0697979 0.01 60 60 0 0 0
2917 0.570522 -0.000998418 -0.0236216 0.01 60 60 0 0 0
2921 0.636546 -0.000798346 -0.0628525 0.01 48 48 0 0 0
2925 0.628075 -0.000824016 -0.0631112 0.01 48 48 0 0 0
2948 0.561314 -0.00102632 -0.0577841 0.01 60 60 0 0 0
2958 0.583484 -0.000959139 -0.0515358 0.01 60 60 0 0 0
2978 0.628075 -0.000824016 -0.05466 0.01 48 47 0 0 0
3006 0.637655 -0.000794985 -0.00221815 0.01 84 84 0 0 0
3009 0.617018 -0.000857521 -0.0631112 0.01 47 47 0 0 0
3028 0.628075 -0.000824016 -0.0631112 0.01 47 47 0 0 0
3029 0.628075 -0.000824016 -0.0629852 0.01 48 47 0 0 0
3036 0.617018 -0.000857521 -0.0631112 0.01 47 47 0 0 0
3056 0.642832 -0.000779297 -0.016758 0.01 84 84 0 0 0
3063 0.628075 -0.000824016 -0.0631112 0.01 47 47 0 0 0
3069 0.632176 -0.000811588 -0.0631112 0.01 48 48 0 0 0
3071 0.628075 -0.000824016 -0.0629852 0.01 47 47 0 0 0
3078 0.617018 -0.000857521 -0.0631112 0.01 46 46 0 0 0
3080 0.642832 -0.000779297 -0.016758 0.01 84 84 0 0 0
3101 0.647303 -0.00076575 -0.00221815 0.01 84 84 0 0 0
3107 0.647303 -0.00076575 -0.00221815 0.01 85 85 0 0 0
3110 0.647303 -0.00076575 -0.00221815 0.01 85 85 0 0 0
3115 0.554434 -0.00104717 -0.0419623 0.01 60 61 0 0 0
3125 0.570002 -0.000999994 -0.0437631 0.01 60 61 0 0 0
3131 0.619194 -0.000850927 -0.0631112 0.01 47 47 0 0 0
3138 0.593922 -0.000927508 -0.0501493 0.01 60 60 0 0 0
3141 0.577442 -0.000977449 -0.032811 0.01 60 60 0 0 0
3147 0.647303 -0.00076575 -0.00221815 0.01 84 84 0 0 0
3148 0.628075 -0.000824016 -0.0631112 0.01 47 47 0 0 0
3149 0.628075 -0.000824016 -0.0631112 0.01 47 47 0 0 0
3152 0.656303 -0.000738475 -0.00221815 0.01 85 85 -0.00816411 0.00900084 0
3159 0.647303 -0.00076575 -0.00221815 0.01 84 84 0 0 0
3170 0.607818 -0.000885399 -0.0719448 0.01 47 47 0 0 0
3178 0.628075 -0.000824016 -0.0631112 0.01 47 47 0 0 0
3181 0.617018 -0.000857521 -0.0631112 0.01 48 48 0 0 0
3186 0.647303 -0.00076575 -0.00221815 0.01 85 85 0 0 0
3208 0.628075 -0.000824016 -0.05466 0.01 47 47 0 0 0
3211 0.647303 -0.00076575 -0.00221815 0.01 84 84 0 0 0
3223 0.630927 -0.000815372 -0.0649858 0.01 48 48 0 0 0
3225 0.628075 -0.000824016 -0.0631112 0.01 47 47 0 0 0
3228 0.570002 -0.000999994 -0.0299941 0.01 60 60 0 0 0
3236 0.570002 -0.000999994 -0.0299605 0.01 60 60 0 0 0
3252 0.628075 -0.000824016 -0.0530411 0.01 47 48 0 0 0
3268 0.561314 -0.00102632 -0.0577841 0.01 60 60 0 0 0
3270 0.579834 -0.000970201 -0.0333595 0.01 60 60 0 0 0
3281 0.617018 -0.000857521 -0.0631112 0.01 46 46 0 0 0
3291 0.628075 -0.000824016 -0.0602151 0.01 48 48 0.000220194 0 0.00289611
3303 0.628075 -0.000824016 -0.0622583 0.01 47 47 0 0 0
3304 0.628075 -0.000824016 -0.0631112 0.01 47 47 0 0 0
3322 0.617018 -0.000857521 -0.0631112 0.01 46 46 0 0 0
3336 0.583484 -0.000959139 -0.0583603 0.01 60 61 0 0 0
3346 0.570002 -0.000999994 -0.0265248 0.01 60 60 0.00110617 0 0.0073612
3366 0.628075 -0.000824016 -0.0631112 0.01 47 47 0 0 0
3367 0.620579 -0.000846732 -0.0631112 0.01 48 48 0 0 0
3378 0.647303 -0.00076575 -0.00221815 0.01 84 84 0 0 0
3390 0.593922 -0.000927508 -0.0501493 0.01 60 60 0 0 0
3391 0.617018 -0.000857521 -0.0631112 0.01 46 46 0 0 0
3419 0.570002 -0.000999994 -0.0419623 0.01 60 60 0 0 0
3420 0.567481 -0.00100763 -0.0778373 0.01 48 48 0 0 0
3423 0.647303 -0.00076575 -0.00221815 0.01 84 84 0 0 0
3426 0.617018 -0.000857521 -0.0587857 0.01 47 47 0 0 0
3432 0.647303 -0.00076575 -0.00221815 0.01 86 85 0 0 0
3436 0.628075 -0.000824016 -0.0631112 0.01 48 48 0 0 0
3439 0.628075 -0.000824016 -0.0631112 0.01 47 47 0 0 0
3442 0.628075 -0.000824016 -0.058812 0.01 46 46 0 0 0
3447 0.594898 -0.00092455 -0.0233122 0.01 60 60 0.00657055 -0.00872064 0
3456 0.647303 -0.00076575 -0.00221815 0.01 85 85 0 0 0
3457 0.647303 -0.00076575 -0.00221815 0.01 84 84 0 0 0
3461 0.654902 -0.000742722 -0.0232952 0.01 60 60 0 0 0
3465 0.611632 -0.000873842 -0.0631112 0.01 46 46 0 0 0
3472 0.61916 -0.000851029 -0.0631112 0.01 48 47 0 0 0
3491 0.617018 -0.000857521 -0.0587857 0.01 47 47 0 0 0
3492 0.647303 -0.00076575 -0.00221815 0.01 84 84 0 0 0
3506 0.607818 -0.000885399 -0.0719448 0.01 47 47 0 0 0
3517 0.628075 -0.000824016 -0.0631112 0.01 47 47 0 0 0
3523 0.647303 -0.00076575 -0.00221815 0.01 84 84 0 0 0
3527 0.647303 -0.00076575 -0.00221815 0.01 84 84 0 0 0
3532 0.628075 -0.000824016 -0.0631112 0.01 47 47 0 0 0
3543 0.628075 -0.000824016 -0.0631112 0.01 47 47 0 0 0
3551 0.567481 -0.00100763 -0.0778373 0.01 48 48 0 0 0
3553 0.617018 -0.000857521 -0.0631112 0.01 47 46 0 0 0
3558 0.628075 -0.000824016 -0.0629852 0.01 47 47 0 0 0
3563 0.630927 -0.000815372 -0.0649858 0.01 47 48 0 0 0
3570 0.647303 -0.00076575 -0.00221815 0.01 85 85 0 0 0
3576 0.628075 -0.000824016 -0.058812 0.01 46 46 0 0 0
3587 0.617018 -0.000857521 -0.0631112 0.01 46 47 0 0 0
3588 0.570522 -0.000998418 -0.0178614 0.01 60 61 0 0 0
3589 0.560475 -0.00102886 -0.0419623 0.01 60 60 0 0 0
3592 0.647303 -0.00076575 -0.00221815 0.01 85 85 0 0 0
3605 0.617018 -0.000857521 -0.0631112 0.01 46 46 0 0 0
3616 0.617018 -0.000857521 -0.0631112 0.01 46 46 0 0 0
3617 0.647303 -0.00076575 -0.00203763 0.01 85 86 0.0220554 0 0.00248118
3625 0.570002 -0.000999994 -0.0419623 0.01 60 59 0 0 0
3627 0.617018 -0.000857521 -0.0631112 0.01 47 46 0 0 0
3649 0.647303 -0.00076575 -0.00221815 0.01 84 84 0 0 0
3658 0.647208 -0.000766036 -0.00221815 0.01 84 84 8.65459e-05 -9.44138e-05 0
3672 0.647303 -0.00076575 -0.00575035 0.01 84 84 0 0 0
3679 0.628075 -0.000824016 -0.0530411 0.01 48 49 0 0 0
3680 0.628075 -0.000824016 -0.0631112 0.01 48 47 0 0 0
3683 0.618859 -0.000851942 -0.0631112 0.01 48 48 0.00487137 -0.0094831 0
3689 0.619805 -0.000849075 -0.0631112 0.01 48 48 0 0 0
3696 0.560475 -0.00102886 -0.0419623 0.01 60 60 0 0 0
3707 0.570002 -0.000999994 -0.0211733 0.01 48 50 0 0 0
3718 0.570002 -0.000999994 -0.0437631 0.01 60 60 0 0 0
3722 0.617018 -0.000857521 -0.0631112 0.01 46 46 0 0 0
3727 0.647303 -0.00076575 -0.00451881 0.01 86 86 0 0 0
3744 0.647303 -0.00076575 -0.00221815 0.01 86 86 0 0 0
3746 0.628075 -0.000824016 -0.0424947 0.01 48 48 0 0 0
3748 0.570002 -0.000999994 -0.0437631 0.01 60 60 0 0 0
3752 0.642832 -0.000779297 -0.00221815 0.01 84 84 0 0 0
3764 0.628075 -0.000824016 -0.0530411 0.01 48 48 0 0 0
3772 0.628075 -0.000824016 -0.058812 0.01 46 46 0 0 0
3775 0.628075 -0.000824016 -0.0530411 0.01 47 47 0 0 0
3788 0.615462 -0.000862235 -0.00221815 0.01 85 85 0 0 0
3789 0.62173 -0.000843242 -0.0304464 0.01 60 60 0 0 0
3794 0.572364 -0.000992838 -0.032811 0.01 60 60 0 0 0
3795 0.617018 -0.000857521 -0.0631112 0.01 47 47 0 0 0
3799 0.647303 -0.00076575 -0.00221815 0.01 84 84 0 0 0
3803 0.628075 -0.000824016 -0.0631112 0.01 48 48 0 0 0
3815 0.567481 -0.00100763 -0.0778373 0.01 48 48 0 0 0
3820 0.619194 -0.000850927 -0.0807138 0.01 48 48 0 0 0
3837 0.647303 -0.00076575 -0.00221815 0.01 84 84 0 0 0
3839 0.628075 -0.000824016 -0.0631112 0.01 48 48 0 0 0
3852 0.628075 -0.000824016 -0.0631112 0.01 47 47 0 0 0
3854 0.617018 -0.000857521 -0.0631112 0.01 47 46 0 0 0
3884 0.594299 -0.000926368 -0.0429003 0.01 60 60 0 0 0
3887 0.628075 -0.000824016 -0.0631112 0.01 47 48 0 0 0
3893 0.636546 -0.000798346 -0.0794217 0.01 48 48 0 0 0
3894 0.628075 -0.000824016 -0.0530411 0.01 48 49 0 0 0
3896 0.570522 -0.000998418 -0.0236216 0.01 60 60 0 0 0
3900 0.594414 -0.000926018 -0.0690585 0.01 60 62 0 0 0
3907 0.611632 -0.000873842 -0.0631112 0.01 48 48 0 0 0
3908 0.643058 -0.000778612 -0.0530411 0.01 48 48 0 0 0
3911 0.616911 -0.000857846 -0.0815232 0.01 60 60 0 0 0
3914 0.628075 -0.000824016 -0.0631112 0.01 48 48 0 0 0
3931 0.596762 -0.000918904 -0.0317331 0.01 60 60 0 0 0
3947 0.617018 -0.000857521 -0.0631112 0.01 46 46 0 0 0
3948 0.613862 -0.000867086 -0.00221815 0.01 86 86 0 0 0
3954 0.570002 -0.000999994 -0.0261143 0.01 60 60 0 0 0
3956 0.628075 -0.000824016 -0.0631112 0.01 48 49 0 0 0
3965 0.647303 -0.00076575 -0.00689072 0.01 85 83 0 0 0
3969 0.628075 -0.000824016 -0.0631112 0.01 48 48 0 0 0
3980 0.628075 -0.000824016 -0.0631112 0.01 48 48 0 0 0
3981 0.628075 -0.000824016 -0.0631112 0.01 48 48 0 0 0
4000 0.647303 -0.00076575 -0.00221815 0.01 84 84 0 0 0
4001 0.628075 -0.000824016 -0.0523334 0.01 47 47 0 0 0
4017 0.617018 -0.000857521 -0.0631112 0.01 46 46 0 0 0
4021 0.594182 -0.000926721 -0.0698542 0.01 60 60 0 0 0
4025 0.5581 -0.00103606 -0.0419623 0.01 60 60 0 0 0
4042 0.628075 -0.000824016 -0.0530411 0.01 48 48 0 0 0
4056 0.647303 -0.00076575 -0.00221815 0.01 84 84 0 0 0
4061 0.611632 -0.000873842 -0.0631112 0.01 46 46 0 0 0
4062 0.628075 -0.000824016 -0.0530411 0.01 48 48 0 0 0
4064 0.56545 -0.00101379 -0.0456752 0.01 60 60 0 0 0
4070 0.647303 -0.00076575 -0.00451881 0.01 86 86 0 0 0
4083 0.628075 -0.000824016 -0.0789241 0.01 48 48 0 0 0
4103 0.628075 -0.000824016 -0.0631112 0.01 47 47 0 0 0
4115 0.567481 -0.00100763 -0.0778373 0.01 48 48 0 0 0
4137 0.628075 -0.000824016 -0.0493556 0.01 48 48 0 0 0
4146 0.628075 -0.000824016 -0.0530411 0.01 48 49 0 0 0
4155 0.647303 -0.00076575 -0.00221815 0.01 84 84 0 0 0
4165 0.570002 -0.000999994 -0.0578614 0.01 60 60 0 0 0
4183 0.647303 -0.00076575 -0.00221815 0.01 85 85 0 0 0
4190 0.611632 -0.000873842 -0.0631112 0.01 48 48 0 0 0
4210 0.628075 -0.000824016 -0.0523334 0.01 48 48 0 0 0
4212 0.569918 -0.00100025 -0.0417968 0.01 60 60 0 0 0
4226 0.570002 -0.000999994 -0.0417968 0.01 60 60 0 0 0
4232 0.617018 -0.000857521 -0.0631112 0.01 47 47 0 0 0
4233 0.611632 -0.000873842 -0.0631112 0.01 46 46 0 0 0
4236 0.598398 -0.000913947 -0.0802236 0.01 60 60 0.00182685 -0.0025087 0
4239 0.617018 -0.000857521 -0.0631112 0.01 46 46 0 0 0
4249 0.554023 -0.00104842 -0.0564484 0.01 60 60 0 0 0
4258 0.554023 -0.00104842 -0.0564484 0.01 60 60 0 0 0
4259 0.628075 -0.000824016 -0.0631112 0.01 47 47 0 0 0
4261 0.647303 -0.00076575 -0.00451881 0.01 86 86 0 0 0
4267 0.567481 -0.00100763 -0.0778373 0.01 48 48 0 0 0
4269 0.628075 -0.000824016 -0.0631112 0.01 48 47 0 0 0
4277 0.647303 -0.00076575 -0.00221815 0.01 84 84 0 0 0
4290 0.560475 -0.00102886 -0.0419623 0.01 60 60 0 0 0
4295 0.617018 -0.000857521 -0.0631112 0.01 46 46 0 0 0
4298 0.60487 -0.000894332 -0.0679942 0.01 60 60 0 0 0
4309 0.643058 -0.000778612 -0.0530411 0.01 48 48 0 0 0
4325 0.647303 -0.00076575 -0.00221815 0.01 84 84 0 0 0
4342 0.647303 -0.00076575 -0.00221815 0.01 85 85 0 0 0
4345 0.570002 -0.000999994 -0.0419623 0.01 60 60 0 0 0
4351 0.647303 -0.00076575 -0.00451881 0.01 86 86 0 0 0
4374 0.617857 -0.000854979 -0.07395 0.01 60 60 0 0 0
4409 0.637655 -0.000794985 -0.00221815 0.01 84 84 0 0 0
4416 0.611632 -0.000873842 -0.0631112 0.01 46 46 0 0 0
4417 0.570002 -0.000999994 -0.0578614 0.01 60 60 0 0 0
4430 0.617018 -0.000857521 -0.0631112 0.01 46 46 0 0 0
4442 0.628075 -0.000824016 -0.0631112 0.01 48 48 0 0 0
4448 0.628075 -0.000824016 -0.0721126 0.01 48 48 -0.000681937 0 -0.00900135
4449 0.628075 -0.000824016 -0.0631112 0.01 47 47 0 0 0
4454 0.642556 -0.000780133 -0.00221815 0.01 85 85 0 0 0
4462 0.617018 -0.000857521 -0.0631112 0.01 46 46 0 0 0
4466 0.560475 -0.00102886 -0.0419623 0.01 60 60 0 0 0
4472 0.628075 -0.000824016 -0.0789241 0.01 48 48 0 0 0
4474 0.628075 -0.000824016 -0.0631112 0.01 48 48 0 0 0
4484 0.619194 -0.000850927 -0.0733854 0.01 60 60 0 0 0
4492 0.569918 -0.00100025 -0.0417968 0.01 60 60 0 0 0
4502 0.628075 -0.000824016 -0.0631112 0.01 48 48 0 0 0
4508 0.647303 -0.00076575 -0.00221815 0.01 85 85 0 0 0
4524 0.631734 -0.000812926 -0.024664 0.01 60 60 0 0 0
4538 0.617018 -0.000857521 -0.0631112 0.01 46 46 0 0 0
4540 0.598039 -0.000915034 -0.0690585 0.01 60 60 0 0 0
4563 0.647303 -0.00076575 -0.00221815 0.01 85 85 0 0 0
4568 0.617018 -0.000857521 -0.0631112 0.01 46 46 0 0 0
4577 0.617018 -0.000857521 -0.0631112 0.01 47 47 0 0 0
4591 0.567481 -0.00100763 -0.0778373 0.01 48 48 0 0 0
4597 0.61916 -0.000851029 -0.0631112 0.01 47 47 0 0 0
4611 0.647303 -0.00076575 -0.00221815 0.01 84 85 0 0 0
4612 0.593922 -0.000927508 -0.0501493 0.01 60 60 0 0 0
4621 0.628075 -0.000824016 -0.058812 0.01 46 46 0 0 0
4639 0.628075 -0.000824016 -0.0631112 0.01 47 47 0 0 0
4644 0.628075 -0.000824016 -0.0631112 0.01 47 47 0 0 0
4648 0.647303 -0.00076575 -0.00221815 0.01 85 85 0 0 0
4662 0.632176 -0.000811588 -0.0631112 0.01 48 48 0 0 0
4679 0.574721 -0.000985695 -0.0396369 0.01 60 60 0 0 0
4680 0.561063 -0.00102708 -0.0813366 0.01 48 49 0.00950676 -0.0145199 0
4690 0.642556 -0.000780133 -0.00221815 0.01 85 85 0 0 0
4697 0.628075 -0.000824016 -0.0631112 0.01 47 47 0 0 0
4704 0.628075 -0.000824016 -0.0631112 0.01 47 47 0 0 0
4711 0.628075 -0.000824016 -0.0455585 0.01 47 47 0 0 0
4713 0.631397 -0.00081395 -0.0451361 0.01 60 61 0 0 0
4724 0.628075 -0.000824016 -0.0631112 0.01 47 48 0 0 0
4727 0.647303 -0.00076575 -0.00221815 0.01 84 84 0 0 0
4760 0.628075 -0.000824016 -0.05466 0.01 48 48 0 0 0
4764 0.562436 -0.00102292 -0.0419623 0.01 60 60 0 0 0
4769 0.617018 -0.000857521 -0.0631112 0.01 46 46 0 0 0
4770 0.628075 -0.000824016 -0.0631112 0.01 48 47 0 0 0
4779 0.647303 -0.00076575 -0.00221815 0.01 84 84 0 0 0
4799 0.647303 -0.00076575 -0.00221815 0.01 85 85 0 0 0
4805 0.630072 -0.000817963 -0.00221815 0.01 84 84 0 0 0
4806 0.628075 -0.000824016 -0.0631112 0.01 48 48 0 0 0
4820 0.628075 -0.000824016 -0.0631112 0.01 47 47 0 0 0
4825 0.647303 -0.00076575 -0.00221815 0.01 84 84 0 0 0
4848 0.567481 -0.00100763 -0.0778373 0.01 48 48 0 0 0
4851 0.569918 -0.00100025 -0.053534 0.01 60 60 0 0 0
4856 0.647303 -0.00076575 -0.00221815 0.01 84 84 0 0 0
4861 0.628075 -0.000824016 -0.0631112 0.01 48 48 0 0 0
4864 0.617018 -0.000857521 -0.0699324 0.01 47 47 -0.000696391 0 -0.00682124
4877 0.617018 -0.000857521 -0.0631112 0.01 46 46 0 0 0
4891 0.647303 -0.00076575 -0.00221815 0.01 84 84 0 0 0
4897 0.607818 -0.000885399 -0.0631112 0.01 47 47 0 0 0
4898 0.628075 -0.000824016 -0.0631112 0.01 48 47 0 0 0
4900 0.628075 -0.000824016 -0.0631112 0.01 47 47 0 0 0
4915 0.647303 -0.00076575 -0.00221815 0.01 86 86 0 0 0
4921 0.647303 -0.00076575 -0.00221815 0.01 84 84 0 0 0
4926 0.617018 -0.000857521 -0.0631112 0.01 47 47 0 0 0
4930 0.647303 -0.00076575 -0.00221815 0.01 85 85 0 0 0
4934 0.647303 -0.00076575 -0.00221815 0.01 85 85 0 0 0
4939 0.628075 -0.000824016 -0.0631112 0.01 48 48 0 0 0
4940 0.61445 -0.000865304 -0.0609387 0.01 60 60 0 0 0
4942 0.636546 -0.000798346 -0.0631112 0.01 48 48 0 0 0
4947 0.628075 -0.000824016 -0.0631112 0.01 48 48 0 0 0
4950 0.570002 -0.000999994 -0.0163637 0.01 60 60 0 0 0
4952 0.648056 -0.000763467 -0.00451881 0.01 84 84 -0.000665665 0.000753403 0
4967 0.647303 -0.00076575 -0.00221815 0.01 85 85 0 0 0
4971 0.628075 -0.000824016 -0.058812 0.01 47 47 0 0 0
4972 0.611632 -0.000873842 -0.0631112 0.01 48 48 0 0 0
4994 0.643058 -0.000778612 -0.0530411 0.01 48 48 0 0 0
4996 0.642832 -0.000779297 -0.00221815 0.01 85 85 0 0 0
4997 0.628075 -0.000824016 -0.0685568 0.01 47 47 0 0 0
5005 0.570002 -0.000999994 -0.0191406 0.01 60 60 0.00222057 0 0.0147454
5013 0.62173 -0.000843242 -0.0449643 0.01 60 60 0 0 0
5022 0.644939 -0.000772912 -0.0530411 0.01 48 48 -0.00828655 0.0168642 0
5039 0.617018 -0.000857521 -0.0631112 0.01 46 46 0 0 0
5050 0.647303 -0.00076575 -0.00221815 0.01 84 84 0 0 0
5069 0.628075 -0.000824016 -0.0631112 0.01 47 47 0 0 0
5077 0.647303 -0.00076575 -0.00221815 0.01 84 84 0 0 0
5079 0.631159 -0.000814669 -0.0530411 0.01 48 48 0 0 0
5082 0.570002 -0.000999994 -0.0419623 0.01 60 60 0 0 0
5086 0.628075 -0.000824016 -0.058812 0.01 46 46 0 0 0
5090 0.628075 -0.000824016 -0.0631112 0.01 48 48 0 0 0
5092 0.628075 -0.000824016 -0.0631112 0.01 47 47 0 0 0
5098 0.647303 -0.00076575 -0.00451881 0.01 86 86 0 0 0
5101 0.570002 -0.000999994 -0.0265248 0.01 60 60 0 0 0
5113 0.647303 -0.00076575 -0.00451881 0.01 86 86 0 0 0
5115 0.628075 -0.000824016 -0.0631112 0.01 48 48 0 0 0
5117 0.628075 -0.000824016 -0.0631112 0.01 47 47 0 0 0
5146 0.574721 -0.000985695 -0.0396369 0.01 60 60 0 0 0
5151 0.626381 -0.000829149 -0.0631112 0.01 48 48 0 0 0
5158 0.628075 -0.000824016 -0.0631112 0.01 47 47 0 0 0
5170 0.570002 -0.000999994 -0.0405168 0.01 60 60 0 0 0
5174 0.628075 -0.000824016 -0.0530411 0.01 48 48 0 0 0
5176 0.617018 -0.000857521 -0.0631112 0.01 46 46 0 0 0
5181 0.628075 -0.000824016 -0.0424947 0.01 48 48 0 0 0
5182 0.617857 -0.000854979 -0.0814512 0.01 60 60 0 0 0
5187 0.570002 -0.000999994 -0.0419623 0.01 60 60 0 0 0
5196 0.554023 -0.00104842 -0.0564484 0.01 60 60 0 0 0
5202 0.61916 -0.000851029 -0.0631112 0.01 47 47 0 0 0
5205 0.570002 -0.000999994 -0.0419623 0.01 60 61 0 0 0
5208 0.617018 -0.000857521 -0.0631112 0.01 47 47 0 0 0
5219 0.628875 -0.000821592 -0.0631112 0.01 47 47 0 0 0
5229 0.628075 -0.000824016 -0.0631112 0.01 48 48 0 0 0
5233 0.617018 -0.000857521 -0.0631112 0.01 46 46 0 0 0
5234 0.61916 -0.000851029 -0.0631112 0.01 47 47 0 0 0
5243 0.628075 -0.000824016 -0.058812 0.01 46 46 0 0 0
5246 0.628075 -0.000824016 -0.0455585 0.01 47 47 0 0 0
5251 0.619194 -0.000850927 -0.0807138 0.01 48 48 0 0 0
5253 0.647303 -0.00076575 -0.00221815 0.01 85 85 0 0 0
5255 0.607818 -0.000885399 -0.0631112 0.01 47 47 0 0 0
5262 0.647303 -0.00076575 -0.00221815 0.01 84 84 0 0 0
5267 0.647303 -0.00076575 -0.00221815 0.01 85 85 0 0 0
5284 0.617018 -0.000857521 -0.0631112 0.01 47 46 0 0 0
5289 0.643629 -0.000776881 -0.00221815 0.01 86 86 0.00336802 -0.00367332 0
5291 0.647303 -0.00076575 -0.00221815 0.01 85 85 0 0 0
5302 0.647303 -0.00076575 -0.00221815 0.01 84 84 0 0 0
5313 0.628075 -0.000824016 -0.0631112 0.01 47 47 0 0 0
5320 0.594182 -0.000926721 -0.0698542 0.01 60 60 0 0 0
5325 0.577442 -0.000977449 -0.032811 0.01 60 60 0 0 0
5337 0.628075 -0.000824016 -0.0631112 0.01 48 48 0 0 0
5348 0.570002 -0.000999994 -0.0419623 0.01 60 60 0 0 0
5349 0.647303 -0.00076575 -0.00221815 0.01 85 85 0 0 0
5359 0.617018 -0.000857521 -0.0631112 0.01 47 47 0 0 0
5361 0.594299 -0.000926368 -0.0429003 0.01 60 60 0 0 0
5366 0.647303 -0.00076575 -0.00221815 0.01 85 85 0 0 0
5370 0.62173 -0.000843242 -0.0480518 0.01 60 60 0 0 0
5371 0.647303 -0.00076575 -0.00221815 0.01 84 84 0 0 0
5379 0.628075 -0.000824016 -0.0789241 0.01 48 48 0 0 0
5381 0.647303 -0.00076575 -0.00221815 0.01 84 84 0 0 0
5383 0.581232 -0.000965963 -0.0417968 0.01 60 60 0 0 0
5386 0.617018 -0.000857521 -0.068683 0.01 47 47 -0.000568926 0 -0.00557182
5392 0.570002 -0.000999994 -0.0280874 0.01 60 59 0 0 0
5395 0.617018 -0.000857521 -0.0631112 0.01 46 46 0 0 0
5407 0.617018 -0.000857521 -0.0631112 0.01 46 46 0 0 0
5411 0.594414 -0.000926018 -0.0690585 0.01 60 60 0 0 0
5412 0.628075 -0.000824016 -0.0530411 0.01 48 48 0 0 0
5414 0.628075 -0.000824016 -0.0631112 0.01 47 47 0 0 0
5416 0.647303 -0.00076575 -0.00221815 0.01 85 85 0 0 0
5424 0.647303 -0.00076575 -0.00221815 0.01 84 84 0 0 0
5425 0.628075 -0.000824016 -0.0523334 0.01 47 47 0 0 0
5428 0.617018 -0.000857521 -0.0631112 0.01 46 46 0 0 0
5451 0.628075 -0.000824016 -0.0631112 0.01 47 47 0 0 0
5473 0.576146 -0.000981376 -0.0697979 0.01 60 60 0 0 0
5486 0.594299 -0.000926368 -0.0406556 0.01 60 60 0.000310689 0 0.00224468
5496 0.654902 -0.000742722 -0.0232952 0.01 60 60 0 0 0
5507 0.617018 -0.000857521 -0.0631112 0.01 47 47 0 0 0
5508 0.560475 -0.00102886 -0.0419623 0.01 60 60 0 0 0
5511 0.628075 -0.000824016 -0.0631112 0.01 47 47 0 0 0
5514 0.628075 -0.000824016 -0.0631112 0.01 48 48 0 0 0
5525 0.592996 -0.000930316 -0.0778373 0.01 60 60 0 0 0
5530 0.568324 -0.00100508 -0.0419623 0.01 60 60 0 0 0
5536 0.647303 -0.00076575 -0.00221815 0.01 84 84 0 0 0
5558 0.628075 -0.000824016 -0.058812 0.01 46 46 0 0 0
5560 0.647303 -0.00076575 -0.00221815 0.01 86 86 0 0 0
5565 0.628075 -0.000824016 -0.0631112 0.01 47 47 0 0 0
5567 0.628075 -0.000824016 -0.0530411 0.01 48 48 0 0 0
5578 0.631159 -0.000814669 -0.0530411 0.01 48 48 0 0 0
5588 0.628075 -0.000824016 -0.0631112 0.01 47 47 0 0 0
5591 0.617018 -0.000857521 -0.0631112 0.01 46 46 0 0 0
5593 0.61916 -0.000851029 -0.0631112 0.01 46 47 0 0 0
5599 0.647303 -0.00076575 -0.00221815 0.01 84 84 0 0 0
5616 0.628075 -0.000824016 -0.0631112 0.01 47 47 0 0 0
5618 0.630927 -0.000815372 -0.077506 0.01 48 49 0 0 0
5619 0.647303 -0.00076575 -0.00221815 0.01 85 85 0 0 0
5626 0.630072 -0.000817963 -0.00221815 0.01 84 84 0 0 0
5630 0.628075 -0.000824016 -0.0631112 0.01 48 48 0 0 0
5641 0.628075 -0.000824016 -0.0530411 0.01 48 48 0 0 0
5653 0.570002 -0.000999994 -0.0419623 0.01 60 60 0 0 0
5657 0.628075 -0.000824016 -0.0629852 0.01 47 47 0 0 0
5663 0.642832 -0.000779297 -0.00221815 0.01 84 84 0 0 0
5684 0.617018 -0.000857521 -0.0631112 0.01 46 46 0 0 0
5688 0.647303 -0.00076575 -0.00221815 0.01 85 85 0 0 0
5731 0.628075 -0.000824016 -0.0631112 0.01 47 48 0 0 0
5733 0.628075 -0.000824016 -0.0631112 0.01 48 48 0 0 0
5735 0.628075 -0.000824016 -0.0631112 0.01 48 49 0 0 0
5739 0.642832 -0.000779297 -0.016758 0.01 84 84 0 0 0
5746 0.647303 -0.00076575 -0.00221815 0.01 84 84 0 0 0
5774 0.628075 -0.000824016 -0.0631112 0.01 47 47 0 0 0
5781 0.617018 -0.000857521 -0.0631112 0.01 47 47 0 0 0
5787 0.647303 -0.00076575 -0.00221815 0.01 84 84 0 0 0
5795 0.617018 -0.000857521 -0.0631112 0.01 46 46 0 0 0
5799 0.647303 -0.00076575 -0.00221815 0.01 85 85 0 0 0
5802 0.647303 -0.00076575 -0.00221815 0.01 86 85 0 0 0
5807 0.619194 -0.000850927 -0.0631112 0.01 48 48 0 0 0
5813 0.571186 -0.000996407 -0.0419623 0.01 60 60 0 0 0
5814 0.647303 -0.00076575 -0.00221815 0.01 85 85 0 0 0
5816 0.654902 -0.000742722 -0.0232952 0.01 60 60 0 0 0
5822 0.636546 -0.000798346 -0.0631112 0.01 47 47 0 0 0
5825 0.642556 -0.000780133 -0.00221815 0.01 85 85 0 0 0
5834 0.647303 -0.00076575 -0.00689072 0.01 84 83 0 0 0
5842 0.617018 -0.000857521 -0.0631112 0.01 48 48 0 0 0
5846 0.628075 -0.000824016 -0.0631112 0.01 46 47 0 0 0
5854 0.607818 -0.000885399 -0.0719448 0.01 47 47 0 0 0
5858 0.617018 -0.000857521 -0.0631112 0.01 46 46 0 0 0
5867 0.611632 -0.000873842 -0.0631112 0.01 48 48 0 0 0
5876 0.619194 -0.000850927 -0.0631112 0.01 47 47 0 0 0
5883 0.617018 -0.000857521 -0.0631112 0.01 47 47 0 0 0
5884 0.617018 -0.000857521 -0.0555072 0.01 46 46 0.000965238 0 0.00760397
5897 0.617018 -0.000857521 -0.0631112 0.01 46 47 0 0 0
5903 0.570002 -0.000999994 -0.0419623 0.01 60 60 0 0 0
5906 0.636546 -0.000798346 -0.0631112 0.01 46 47 0 0 0
5911 0.628075 -0.000824016 -0.0631112 0.01 47 47 0 0 0
5926 0.628075 -0.000824016 -0.0631112 0.01 48 48 0 0 0
5933 0.643058 -0.000778612 -0.0530411 0.01 48 48 0 0 0
5938 0.647303 -0.00076575 -0.00221815 0.01 85 85 0 0 0
5954 0.617018 -0.000857521 -0.0631112 0.01 46 46 0 0 0
5965 0.617018 -0.000857521 -0.0631112 0.01 47 47 0 0 0
5968 0.570002 -0.000999994 -0.0564484 0.01 60 60 0 0 0
5984 0.607818 -0.000885399 -0.0719448 0.01 47 47 0 0 0
6001 0.628075 -0.000824016 -0.0631112 0.01 48 48 0 0 0
6011 0.617018 -0.000857521 -0.0631112 0.01 46 46 0 0 0
6012 0.628075 -0.000824016 -0.0530411 0.01 48 48 0 0 0
6021 0.619194 -0.000850927 -0.0807138 0.01 48 48 0 0 0
6034 0.567481 -0.00100763 -0.0778373 0.01 48 48 0 0 0
6052 0.647303 -0.00076575 -0.00221815 0.01 84 84 0 0 0
6059 0.647303 -0.00076575 -0.00221815 0.01 85 85 0 0 0
6064 0.628075 -0.000824016 -0.0631112 0.01 48 48 0 0 0
6078 0.569124 -0.00100265 -0.0224749 0.01 60 59 0 0 0
6079 0.617857 -0.000854979 -0.0814512 0.01 60 60 0 0 0
6086 0.617018 -0.000857521 -0.0631112 0.01 47 47 0 0 0
6094 0.628075 -0.000824016 -0.0631112 0.01 48 48 0 0 0
6099 0.647303 -0.00076575 -0.00221815 0.01 84 84 0 0 0
6107 0.628075 -0.000824016 -0.0631112 0.01 47 48 0 0 0
6109 0.628075 -0.000824016 -0.0789241 0.01 48 48 0 0 0
6112 0.570002 -0.000999994 -0.0280874 0.01 60 60 0 0 0
6118 0.643058 -0.000778612 -0.0530411 0.01 47 48 0 0 0
6121 0.570002 -0.000999994 -0.0315609 0.01 60 60 0 0 0
6125 0.567481 -0.00100763 -0.0778373 0.01 48 48 0 0 0
6128 0.570002 -0.000999994 -0.0419623 0.01 60 60 0 0 0
6134 0.647303 -0.00076575 -0.0140492 0.01 84 84 -0.0808651 0 -0.0118311
6137 0.571186 -0.000996407 -0.0419623 0.01 60 60 0 0 0
6138 0.570002 -0.000999994 -0.0417968 0.01 60 60 0 0 0
6157 0.628075 -0.000824016 -0.0631112 0.01 48 48 0 0 0
6166 0.617857 -0.000854979 -0.07395 0.01 60 60 0 0 0
6172 0.570002 -0.000999994 -0.0417968 0.01 60 60 0 0 0
6173 0.647303 -0.00076575 -0.00221815 0.01 84 84 0 0 0
6186 0.617018 -0.000857521 -0.0631112 0.01 46 46 0 0 0
6205 0.567481 -0.00100763 -0.0778373 0.01 48 48 0 0 0
6211 0.628075 -0.000824016 -0.0631112 0.01 48 48 0 0 0
6217 0.617018 -0.000857521 -0.0631112 0.01 47 47 0 0 0
6223 0.567481 -0.00100763 -0.068636 0.01 48 48 0 0 0
6227 0.570002 -0.000999994 -0.0280874 0.01 60 60 0 0 0
6228 0.647303 -0.00076575 -0.00575035 0.01 84 84 0 0 0
6250 0.628075 -0.000824016 -0.0631112 0.01 47 47 0 0 0
6255 0.554434 -0.00104717 -0.0419623 0.01 60 60 0 0 0
6263 0.647303 -0.00076575 -0.00221815 0.01 85 85 0 0 0
6265 0.628075 -0.000824016 -0.0629852 0.01 47 47 0 0 0
6276 0.628075 -0.000824016 -0.0631112 0.01 48 48 0 0 0
6289 0.617018 -0.000857521 -0.0631112 0.01 46 46 0 0 0
6298 0.570002 -0.000999994 -0.0299605 0.01 60 60 0 0 0
6305 0.62173 -0.000843242 -0.0449643 0.01 60 60 0 0 0
6310 0.628075 -0.000824016 -0.0631112 0.01 47 47 0 0 0
6313 0.611632 -0.000873842 -0.0631112 0.01 48 48 0 0 0
6323 0.570002 -0.000999994 -0.0173567 0.01 60 60 -0.000150323 0 -0.000992989
6332 0.647303 -0.00076575 -0.00221815 0.01 85 85 0 0 0
6335 0.619194 -0.000850927 -0.0744023 0.01 48 48 0 0 0
6337 0.647303 -0.00076575 -0.00221815 0.01 84 84 0 0 0
6341 0.570002 -0.000999994 -0.0565989 0.01 60 60 0 0 0
6342 0.576814 -0.000979351 -0.0236216 0.01 60 61 0 0 0
6343 0.61916 -0.000851029 -0.0631112 0.01 47 48 0 0 0
6345 0.617018 -0.000857521 -0.0631112 0.01 47 47 0 0 0
6364 0.614667 -0.000864645 -0.00221815 0.01 84 84 0.0305895 -0.0326356 0
6375 0.579917 -0.000969947 -0.0554484 0.01 60 60 0 0 0
6399 0.647303 -0.00076575 -0.00221815 0.01 85 85 0 0 0
6410 0.583484 -0.000959139 -0.0581936 0.01 60 60 0 0 0
6425 0.617018 -0.000857521 -0.0631112 0.01 47 46 0 0 0
6427 0.647303 -0.00076575 -0.00221815 0.01 84 84 0 0 0
6436 0.642832 -0.000779297 -0.00221815 0.01 85 85 0 0 0
6446 0.647303 -0.00076575 -0.00451881 0.01 84 84 0 0 0
6456 0.628075 -0.000824016 -0.0530411 0.01 48 48 0 0 0
6471 0.564818 -0.0010157 -0.0394427 0.01 60 60 0 0 0
6487 0.617018 -0.000857521 -0.0587857 0.01 48 48 0 0 0
6489 0.617018 -0.000857521 -0.0631112 0.01 47 47 0 0 0
6508 0.628075 -0.000824016 -0.0631112 0.01 48 48 0 0 0
6529 0.628075 -0.000824016 -0.0631112 0.01 47 47 0 0 0
6541 0.630927 -0.000815372 -0.077506 0.01 47 48 0 0 0
6554 0.643058 -0.000778612 -0.0530411 0.01 48 48 0 0 0
6571 0.617018 -0.000857521 -0.0631112 0.01 46 46 0 0 0
6579 0.570002 -0.000999994 -0.0419623 0.01 60 60 0 0 0
6585 0.592996 -0.000930316 -0.0778373 0.01 60 60 0 0 0
6587 0.628075 -0.000824016 -0.05466 0.01 47 47 0 0 0
6590 0.570002 -0.000999994 -0.0419623 0.01 60 61 0 0 0
6606 0.647303 -0.00076575 -0.00221815 0.01 84 84 0 0 0
6616 0.594299 -0.000926368 -0.0406556 0.01 60 60 0 0 0
6629 0.647303 -0.00076575 -0.00451881 0.01 86 86 0 0 0
6647 0.631159 -0.000814669 -0.0530411 0.01 48 48 -0.00155665 0.0030843 0
6651 0.624605 -0.000834529 -0.0631112 0.01 47 47 0.00513176 -0.0106595 0
6652 0.628075 -0.000824016 -0.0629852 0.01 47 47 0 0 0
6657 0.611632 -0.000873842 -0.0631112 0.01 48 48 0 0 0
6669 0.647303 -0.00076575 -0.00221815 0.01 84 84 0 0 0
6675 0.581232 -0.000965963 -0.0417968 0.01 60 60 0 0 0
6677 0.628075 -0.000824016 -0.0631112 0.01 47 47 0 0 0
6680 0.570002 -0.000999994 -0.0280874 0.01 60 60 0 0 0
6681 0.617018 -0.000857521 -0.0631112 0.01 46 46 0 0 0
6684 0.628075 -0.000824016 -0.058812 0.01 46 46 0 0 0
6693 0.570002 -0.000999994 -0.0419623 0.01 60 60 0 0 0
6695 0.617018 -0.000857521 -0.0631112 0.01 46 46 0 0 0
6696 0.628075 -0.000824016 -0.05466 0.01 47 47 0 0 0
6697 0.628075 -0.000824016 -0.0455585 0.01 46 46 0 0 0
6700 0.594182 -0.000926721 -0.0698542 0.01 60 59 0 0 0
6708 0.617018 -0.000857521 -0.0631112 0.01 47 46 0 0 0
6710 0.593181 -0.000929753 -0.0690585 0.01 60 61 0 0 0
6721 0.628075 -0.000824016 -0.0631112 0.01 47 47 0 0 0
6734 0.570002 -0.000999994 -0.0419623 0.01 60 60 0 0 0
6739 0.642832 -0.000779297 -0.016758 0.01 84 84 0 0 0
6740 0.570002 -0.000999994 -0.031175 0.01 60 60 0 0 0
6752 0.628075 -0.000824016 -0.0631112 0.01 47 47 0 0 0
6758 0.642556 -0.000780133 -0.00221815 0.01 85 85 0 0 0
6761 0.617018 -0.000857521 -0.0631112 0.01 47 47 0 0 0
6764 0.647303 -0.00076575 -0.0140492 0.01 84 84 0 0 0
6771 0.647303 -0.00076575 -0.00221815 0.01 85 85 0 0 0
6777 0.628075 -0.000824016 -0.0540775 0.01 47 47 0 0 0
6780 0.642832 -0.000779297 -0.00221815 0.01 85 85 0 0 0
6781 0.594299 -0.000926368 -0.0429003 0.01 60 60 0 0 0
6786 0.607818 -0.000885399 -0.0631112 0.01 48 48 0 0 0
6795 0.628075 -0.000824016 -0.0631112 0.01 48 48 0 0 0
6796 0.585177 -0.00095401 -0.0690585 0.01 60 61 0 0 0
6799 0.628075 -0.000824016 -0.0631112 0.01 48 48 0 0 0
6800 0.624974 -0.000833412 -0.0631112 0.01 48 48 0 0 0
6803 0.617018 -0.000857521 -0.0631112 0.01 46 46 0 0 0
6807 0.61916 -0.000851029 -0.0631112 0.01 47 47 0 0 0
6809 0.562436 -0.00102292 -0.0419623 0.01 60 60 0 0 0
6820 0.567481 -0.00100763 -0.0778373 0.01 48 48 0 0 0
6827 0.628075 -0.000824016 -0.0631112 0.01 47 48 0 0 0
6828 0.584807 -0.00095513 -0.0665164 0.01 60 60 0 0 0
6838 0.647303 -0.00076575 -0.00221815 0.01 85 85 0 0 0
6844 0.554023 -0.00104842 -0.0564484 0.01 60 60 0 0 0
6847 0.617018 -0.000857521 -0.0631112 0.01 46 46 0 0 0
6850 0.647303 -0.00076575 -0.00221815 0.01 84 84 0 0 0
6855 0.628075 -0.000824016 -0.0631112 0.01 47 48 0 0 0
6876 0.567481 -0.00100763 -0.0778373 0.01 48 49 0 0 0
6891 0.628075 -0.000824016 -0.0631112 0.01 48 48 0 0 0
6913 0.594299 -0.000926368 -0.0429003 0.01 60 60 0 0 0
6924 0.593922 -0.000927508 -0.0501493 0.01 60 60 0 0 0
6926 0.617018 -0.000857521 -0.0631112 0.01 46 46 0 0 0
6928 0.611632 -0.000873842 -0.0631112 0.01 47 46 0 0 0
6939 0.628075 -0.000824016 -0.0631112 0.01 47 47 0 0 0
6944 0.628075 -0.000824016 -0.0631112 0.01 47 47 0 0 0
6948 0.619194 -0.000850927 -0.0807138 0.01 48 48 0 0 0
6960 0.619194 -0.000850927 -0.0807138 0.01 48 48 0 0 0
6973 0.647303 -0.00076575 -0.00221815 0.01 85 85 0 0 0
6984 0.628075 -0.000824016 -0.0604069 0.01 48 48 0.000205502 0 0.00270433
6987 0.620579 -0.000846732 -0.0631112 0.01 48 48 0 0 0
6988 0.554023 -0.00104842 -0.0564484 0.01 60 60 0 0 0
6993 0.62173 -0.000843242 -0.0449643 0.01 60 60 0 0 0
7006 0.628075 -0.000824016 -0.0631112 0.01 47 47 0 0 0
7013 0.570002 -0.000999994 -0.0419623 0.01 48 48 0 0 0
7017 0.598039 -0.000915034 -0.0690585 0.01 60 61 0 0 0
7021 0.628075 -0.000824016 -0.0631112 0.01 48 48 0 0 0
7022 0.560475 -0.00102886 -0.0419623 0.01 60 59 0 0 0
7025 0.570002 -0.000999994 -0.0417968 0.01 60 60 0 0 0
7040 0.647303 -0.00076575 -0.00451881 0.01 86 86 0 0 0
7053 0.628075 -0.000824016 -0.0601231 0.01 47 47 0 0 0
7060 0.590179 -0.000938852 -0.0515358 0.01 60 60 0 0 0
7061 0.628075 -0.000824016 -0.0631112 0.01 47 48 0 0 0
7065 0.570002 -0.000999994 -0.0419623 0.01 60 60 0 0 0
7082 0.570002 -0.000999994 -0.0419623 0.01 60 60 0 0 0
7087 0.647303 -0.00076575 -0.00451881 0.01 84 83 0 0 0
7091 0.647303 -0.00076575 -0.00221815 0.01 84 84 0 0 0
7107 0.619194 -0.000850927 -0.0629654 0.01 48 48 0 0 0
7108 0.697843 -0.000612598 -0.00221815 0.01 85 85 0 0 0
7113 0.647303 -0.00076575 -0.00221815 0.01 85 85 0 0 0
7119 0.632176 -0.000811588 -0.0631112 0.01 47 48 0 0 0
7124 0.636938 -0.000797157 -0.0688357 0.01 60 60 0 0 0
7127 0.593922 -0.000927508 -0.0501493 0.01 60 60 0 0 0
7133 0.567794 -0.00100668 -0.0515358 0.01 60 61 0 0 0
7134 0.628075 -0.000824016 -0.0631112 0.01 48 48 0 0 0
7168 0.628075 -0.000824016 -0.0631112 0.01 48 49 0 0 0
7169 0.647303 -0.00076575 -0.00221815 0.01 84 84 0 0 0
7173 0.617018 -0.000857521 -0.0631112 0.01 46 46 0 0 0
7178 0.617018 -0.000857521 -0.0631112 0.01 46 46 0 0 0
7189 0.628075 -0.000824016 -0.0631112 0.01 48 48 0 0 0
7229 0.628075 -0.000824016 -0.058812 0.01 47 47 0 0 0
7243 0.619194 -0.000850927 -0.0629654 0.01 48 49 0 0 0
7245 0.583484 -0.000959139 -0.0583603 0.01 60 60 0 0 0
7257 0.647303 -0.00076575 -0.00221815 0.01 84 84 0 0 0
7272 0.628075 -0.000824016 -0.0523334 0.01 46 47 0 0 0
7284 0.570002 -0.000999994 -0.0603557 0.01 60 60 0 0 0
7294 0.628075 -0.000824016 -0.0631112 0.01 46 47 0 0 0
7308 0.647303 -0.00076575 -0.00221815 0.01 85 85 0 0 0
7311 0.647303 -0.00076575 -0.00221815 0.01 84 84 0 0 0
7314 0.647303 -0.00076575 -0.00221815 0.01 85 85 0 0 0
7316 0.647303 -0.00076575 -0.00906959 0.01 85 85 -0.0533905 0 -0.00685144
7333 0.536456 -0.00110165 -0.0469017 0.01 60 60 0 0 0
7353 0.647303 -0.00076575 -0.00221815 0.01 85 85 0 0 0
7365 0.647303 -0.00076575 -0.00221815 0.01 84 84 0 0 0
7385 0.628075 -0.000824016 -0.0631112 0.01 47 47 0 0 0
7411 0.570002 -0.000999994 -0.0565989 0.01 60 60 0 0 0
7424 0.617018 -0.000857521 -0.0631112 0.01 47 47 0 0 0
7438 0.649181 -0.000760058 -0.0768667 0.01 60 60 0 0 0
7452 0.628075 -0.000824016 -0.0631112 0.01 47 47 0 0 0
7458 0.628075 -0.000824016 -0.0576174 0.01 48 48 0.000418186 0 0.00549378
7463 0.594299 -0.000926368 -0.0429003 0.01 60 60 0 0 0
7467 0.617018 -0.000857521 -0.0631112 0.01 47 47 0 0 0
7469 0.635265 -0.000802228 -0.0631112 0.01 48 47 0 0 0
7477 0.570002 -0.000999994 -0.0564484 0.01 60 59 0 0 0
7478 0.647303 -0.00076575 -0.00451881 0.01 85 85 0 0 0
7480 0.570002 -0.000999994 -0.0307508 0.01 60 60 0 0 0
7491 0.617018 -0.000857521 -0.0631112 0.01 46 46 0 0 0
7496 0.628075 -0.000824016 -0.0631112 0.01 47 47 0 0 0
7516 0.583484 -0.000959139 -0.0500063 0.01 60 60 0 0 0
7535 0.555169 -0.00104494 -0.0419623 0.01 60 60 0 0 0
7540 0.628075 -0.000824016 -0.0789241 0.01 48 48 0 0 0
7550 0.617018 -0.000857521 -0.0631112 0.01 47 47 0 0 0
7552 0.617018 -0.000857521 -0.0631112 0.01 46 46 0 0 0
7564 0.584807 -0.00095513 -0.090487 0.01 60 60 0 0 0
7572 0.5581 -0.00103606 -0.0419623 0.01 60 60 0 0 0
7577 0.647303 -0.00076575 -0.00221815 0.01 85 85 0 0 0
7586 0.647303 -0.00076575 -0.00221815 0.01 84 84 0 0 0
7594 0.584807 -0.00095513 -0.0665164 0.01 60 60 0 0 0
7607 0.628075 -0.000824016 -0.0530411 0.01 48 48 0 0 0
7611 0.647303 -0.00076575 -0.00221815 0.01 84 84 0 0 0
7626 0.628075 -0.000824016 -0.0530411 0.01 48 48 0 0 0
7644 0.651805 -0.000752106 -0.00689072 0.01 84 83 0 0 0
7645 0.63765 -0.000795 -0.0631112 0.01 47 47 -0.004556 0.00957513 0
7664 0.647303 -0.00076575 -0.0262212 0.01 85 85 -0.165926 0 -0.024003
7667 0.570002 -0.000999994 -0.0564484 0.01 60 60 0 0 0
7687 0.626812 -0.000827841 -0.0631112 0.01 47 47 0.000613831 -0.00126249 0
7691 0.601561 -0.000904362 -0.0631112 0.01 48 48 0 0 0
7697 0.628075 -0.000824016 -0.0631112 0.01 47 47 0 0 0
7715 0.647303 -0.00076575 -0.00221815 0.01 85 85 0 0 0
7717 0.647303 -0.00076575 -0.00221815 0.01 85 85 0 0 0
7721 0.617018 -0.000857521 -0.0587857 0.01 46 47 0 0 0
7727 0.602835 -0.000900501 -0.0631112 0.01 47 47 0 0 0
7728 0.628075 -0.000824016 -0.0631112 0.01 48 48 0 0 0
7732 0.585883 -0.00095187 -0.0586546 0.01 60 60 0 0 0
7736 0.594299 -0.000926368 -0.0429003 0.01 60 60 0 0 0
7739 0.570002 -0.000999994 -0.0564484 0.01 60 60 0 0 0
7740 0.645921 -0.000769937 -0.0647635 0.01 60 60 0 0 0
7749 0.640369 -0.000786761 -0.0688357 0.01 60 60 -0.00222538 0.0034306 0
7750 0.628075 -0.000824016 -0.0530411 0.01 47 47 0 0 0
7754 0.561192 -0.00102669 -0.0419623 0.01 60 60 0 0 0
7755 0.617018 -0.000857521 -0.0631112 0.01 46 46 0 0 0
7761 0.628075 -0.000824016 -0.058812 0.01 47 47 0 0 0
7771 0.647303 -0.00076575 -0.00221815 0.01 84 84 0 0 0
7773 0.643058 -0.000778612 -0.0530411 0.01 48 48 0 0 0
7774 0.570002 -0.000999994 -0.0299605 0.01 60 60 0 0 0
7775 0.628075 -0.000824016 -0.06943 0.01 48 48 0 0 0
7786 0.647303 -0.00076575 -0.00221815 0.01 84 84 0 0 0
7803 0.620579 -0.000846732 -0.0631112 0.01 48 48 0 0 0
7808 0.617018 -0.000857521 -0.0631112 0.01 46 46 0 0 0
7845 0.594182 -0.000926721 -0.0698542 0.01 60 60 0 0 0
7856 0.620579 -0.000846732 -0.0631112 0.01 48 48 0 0 0
7861 0.579917 -0.000969947 -0.0419623 0.01 60 60 0 0 0
7862 0.628075 -0.000824016 -0.0631112 0.01 47 47 0 0 0
7881 0.647303 -0.00076575 -0.00221815 0.01 84 84 0 0 0
7883 0.628075 -0.000824016 -0.0530411 0.01 47 47 0 0 0
7901 0.617018 -0.000857521 -0.0631112 0.01 47 46 0 0 0
7907 0.61916 -0.000851029 -0.0631112 0.01 47 47 0 0 0
7910 0.617018 -0.000857521 -0.0631112 0.01 46 46 0 0 0
7923 0.611632 -0.000873842 -0.0631112 0.01 48 48 0 0 0
7932 0.628075 -0.000824016 -0.0631112 0.01 48 48 0 0 0
7938 0.647303 -0.00076575 -0.00221815 0.01 84 84 0 0 0
7941 0.628075 -0.000824016 -0.0631112 0.01 47 47 0 0 0
7942 0.628075 -0.000824016 -0.058812 0.01 46 46 0 0 0
7945 0.570002 -0.000999994 -0.0343243 0.01 60 60 0 0 0
7946 0.596762 -0.000918904 -0.0322399 0.01 60 60 0 0 0
7949 0.628075 -0.000824016 -0.0631112 0.01 47 47 0 0 0
7958 0.617018 -0.000857521 -0.0587857 0.01 47 47 0 0 0
7982 0.570002 -0.000999994 -0.0419623 0.01 60 60 0 0 0
7984 0.628075 -0.000824016 -0.0631112 0.01 48 49 0 0 0
7989 0.596762 -0.000918904 -0.0317331 0.01 60 60 0 0 0
7991 0.628075 -0.000824016 -0.0631112 0.01 47 47 0 0 0
8017 0.628075 -0.000824016 -0.0631112 0.01 47 47 0 0 0
8018 0.628075 -0.000824016 -0.058812 0.01 46 46 0 0 0
8020 0.617018 -0.000857521 -0.0631112 0.01 47 46 0 0 0
8034 0.628075 -0.000824016 -0.0631112 0.01 48 48 0 0 0
8055 0.617018 -0.000857521 -0.0631112 0.01 46 46 0 0 0
8058 0.628075 -0.000824016 -0.0631112 0.01 48 48 0 0 0
8068 0.628075 -0.000824016 -0.0530411 0.01 48 48 0 0 0
8069 0.628075 -0.000824016 -0.0629852 0.01 47 47 0 0 0
8082 0.628075 -0.000824016 -0.0631112 0.01 48 49 0 0 0
8094 0.619194 -0.000850927 -0.0807138 0.01 47 48 0 0 0
8107 0.647303 -0.00076575 -0.0124863 0.01 84 84 -0.0541528 0 -0.00796747
8108 0.619194 -0.000850927 -0.0744023 0.01 47 49 0 0 0
8116 0.570002 -0.000999994 -0.0220063 0.01 60 60 0.00299641 0 0.0199559
8121 0.617018 -0.000857521 -0.0631112 0.01 46 46 0 0 0
8128 0.628075 -0.000824016 -0.058812 0.01 46 46 0 0 0
8140 0.628075 -0.000824016 -0.0631112 0.01 48 48 0 0 0
8152 0.570002 -0.000999994 -0.0419623 0.01 60 60 0 0 0
8156 0.628075 -0.000824016 -0.0631112 0.01 47 47 0 0 0
8172 0.611632 -0.000873842 -0.0631112 0.01 46 46 0 0 0
8192 0.617018 -0.000857521 -0.0631112 0.01 47 47 0 0 0
8193 0.583484 -0.000959139 -0.0515358 0.01 60 60 0 0 0
8206 0.647303 -0.00076575 -0.00451881 0.01 86 86 0 0 0
8207 0.560475 -0.00102886 -0.0419623 0.01 60 60 0 0 0
8214 0.570002 -0.000999994 -0.0223147 0.01 60 60 0 0 0
8223 0.619805 -0.000849075 -0.0631112 0.01 48 48 0 0 0
8235 0.628075 -0.000824016 -0.0789241 0.01 48 48 0 0 0
8236 0.603619 -0.000898124 -0.0233122 0.01 60 60 0 0 0
8238 0.647303 -0.00076575 -0.00221815 0.01 84 83 0 0 0
8239 0.630927 -0.000815372 -0.077506 0.01 48 49 0 0 0
8246 0.628075 -0.000824016 -0.0631112 0.01 48 48 0 0 0
8252 0.66009 -0.000727 -0.00221815 0.01 85 85 -0.0115629 0.0127874 0
8259 0.628075 -0.000824016 -0.0518916 0.01 47 47 0.00110406 0 0.0112196
8262 0.575583 -0.000983083 -0.0803812 0.01 48 48 0 0 0
8268 0.628075 -0.000824016 -0.0631112 0.01 48 48 0 0 0
8274 0.617018 -0.000857521 -0.0631112 0.01 46 46 0 0 0
8281 0.611632 -0.000873842 -0.0485542 0.01 47 47 0.00153121 0 0.014557
8283 0.571186 -0.000996407 -0.0419623 0.01 60 60 0 0 0
8298 0.697843 -0.000612598 -0.00221815 0.01 85 85 0 0 0
8299 0.628075 -0.000824016 -0.0631112 0.01 47 47 0 0 0
8320 0.554023 -0.00104842 -0.0564484 0.01 60 60 0 0 0
8322 0.628075 -0.000824016 -0.0631112 0.01 47 47 0 0 0
8326 0.628075 -0.000824016 -0.0631112 0.01 47 47 0 0 0
8327 0.628075 -0.000824016 -0.0631112 0.01 48 48 0 0 0
8331 0.561192 -0.00102669 -0.0419623 0.01 60 60 0 0 0
8341 0.617018 -0.000857521 -0.0631112 0.01 46 46 0 0 0
8344 0.628075 -0.000824016 -0.0629852 0.01 47 47 0 0 0
8370 0.617018 -0.000857521 -0.0631112 0.01 46 46 0 0 0
8372 0.628075 -0.000824016 -0.058812 0.01 46 46 0 0 0
8387 0.647303 -0.00076575 -0.00451881 0.01 84 84 0 0 0
8392 0.628075 -0.000824016 -0.0631112 0.01 47 47 0 0 0
8398 0.61916 -0.000851029 -0.0631112 0.01 47 47 0 0 0
8416 0.628075 -0.000824016 -0.0530411 0.01 48 49 0 0 0
8427 0.628075 -0.000824016 -0.0631112 0.01 46 47 0 0 0
8431 0.617018 -0.000857521 -0.0631112 0.01 46 46 0 0 0
8438 0.628075 -0.000824016 -0.0530411 0.01 48 48 0 0 0
8455 0.628075 -0.000824016 -0.0631112 0.01 47 47 0 0 0
8457 0.647303 -0.00076575 -0.00451881 0.01 84 84 0 0 0
8463 0.61916 -0.000851029 -0.0631112 0.01 47 47 0 0 0
8471 0.596762 -0.000918904 -0.0322399 0.01 60 60 0 0 0
8481 0.611632 -0.000873842 -0.0631112 0.01 48 48 0 0 0
8493 0.647303 -0.00076575 -0.00221815 0.01 85 84 0 0 0
8499 0.647303 -0.00076575 -0.00221815 0.01 84 84 0 0 0
8520 0.619194 -0.000850927 -0.0807138 0.01 48 48 0 0 0
8523 0.613862 -0.000867086 -0.00221815 0.01 86 86 0 0 0
8531 0.647303 -0.00076575 -0.00221815 0.01 84 84 0 0 0
8533 0.628075 -0.000824016 -0.0631112 0.01 48 48 0 0 0
8540 0.647303 -0.00076575 -0.00221815 0.01 85 85 0 0 0
8549 0.628075 -0.000824016 -0.0631112 0.01 48 47 0 0 0
8555 0.570002 -0.000999994 -0.0419623 0.01 60 60 0 0 0
8558 0.647303 -0.00076575 -0.00221815 0.01 85 85 0 0 0
8559 0.596762 -0.000918904 -0.00516697 0.01 60 59 0.00252756 0 0.0270729
8563 0.647303 -0.00076575 -0.00221815 0.01 84 84 0 0 0
8577 0.570002 -0.000999994 -0.0405289 0.01 48 49 0 0 0
8582 0.647303 -0.00076575 -0.00221815 0.01 85 84 0 0 0
8591 0.617018 -0.000857521 -0.0631112 0.01 46 46 0 0 0
8607 0.635265 -0.000802228 -0.0631112 0.01 47 47 0 0 0
8615 0.617018 -0.000857521 -0.0631112 0.01 46 46 0 0 0
8633 0.647303 -0.00076575 -0.00221815 0.01 84 84 0 0 0
8640 0.570002 -0.000999994 -0.0280874 0.01 60 60 0 0 0
8656 0.642556 -0.000780133 -0.00221815 0.01 85 85 0.00435418 -0.00474662 0
8658 0.570002 -0.000999994 -0.0419623 0.01 60 60 0 0 0
8662 0.628075 -0.000824016 -0.058812 0.01 47 47 0 0 0
8664 0.647303 -0.00076575 -0.00221815 0.01 85 84 0 0 0
8669 0.562436 -0.00102292 -0.0419623 0.01 60 60 0 0 0
8680 0.617018 -0.000857521 -0.0631112 0.01 46 46 0 0 0
8685 0.570002 -0.000999994 -0.0578614 0.01 60 60 0 0 0
8691 0.647303 -0.00076575 -0.00221815 0.01 84 84 0 0 0
8705 0.628075 -0.000824016 -0.0631112 0.01 47 47 0 0 0
8723 0.628075 -0.000824016 -0.0631112 0.01 48 48 0 0 0
8754 0.628075 -0.000824016 -0.0530411 0.01 48 48 0 0 0
8766 0.628075 -0.000824016 -0.0631112 0.01 48 48 0 0 0
8779 0.628075 -0.000824016 -0.0631112 0.01 48 48 0 0 0
8780 0.628075 -0.000824016 -0.058812 0.01 47 46 0 0 0
8784 0.598039 -0.000915034 -0.0690585 0.01 60 60 0 0 0
8791 0.628075 -0.000824016 -0.0631112 0.01 47 47 0 0 0
8792 0.628075 -0.000824016 -0.0530411 0.01 48 48 0 0 0
8796 0.617018 -0.000857521 -0.0631112 0.01 46 46 0 0 0
8797 0.647303 -0.00076575 -0.00221815 0.01 85 84 0 0 0
8816 0.647303 -0.00076575 -0.00221815 0.01 85 85 0 0 0
8824 0.559099 -0.00103303 -0.0470793 0.01 60 60 0 0 0
8843 0.554023 -0.00104842 -0.0564484 0.01 60 60 0 0 0
8850 0.619194 -0.000850927 -0.0631112 0.01 48 48 0 0 0
8851 0.636546 -0.000798346 -0.0631112 0.01 47 47 0 0 0
8854 0.617018 -0.000857521 -0.0631112 0.01 46 47 0 0 0
8867 0.628075 -0.000824016 -0.0789241 0.01 48 48 0 0 0
8872 0.554023 -0.00104842 -0.0564484 0.01 60 60 0 0 0
8888 0.647303 -0.00076575 -0.00221815 0.01 84 85 0 0 0
8890 0.628075 -0.000824016 -0.0631112 0.01 47 47 0 0 0
8892 0.635265 -0.000802228 -0.0631112 0.01 46 47 0 0 0
8896 0.628075 -0.000824016 -0.0631112 0.01 47 47 0 0 0
8905 0.619194 -0.000850927 -0.0631112 0.01 48 49 0 0 0
8911 0.617018 -0.000857521 -0.0587857 0.01 46 47 0 0 0
8912 0.570002 -0.000999994 -0.0417968 0.01 60 60 0 0 0
8919 0.628075 -0.000824016 -0.058812 0.01 46 46 0 0 0
8934 0.635265 -0.000802228 -0.0631112 0.01 47 47 -0.00343747 0.00718999 0
8936 0.628075 -0.000824016 -0.0631112 0.01 47 48 0 0 0
8937 0.628075 -0.000824016 -0.0631112 0.01 47 47 0 0 0
8938 0.628075 -0.000824016 -0.0631112 0.01 48 48 0 0 0
8949 0.628075 -0.000824016 -0.0631112 0.01 47 47 0 0 0
8961 0.647303 -0.00076575 -0.00451881 0.01 85 85 0 0 0
8963 0.628075 -0.000824016 -0.0530411 0.01 48 48 0 0 0
8978 0.570002 -0.000999994 -0.0299605 0.01 60 60 0 0 0
8981 0.628075 -0.000824016 -0.0631112 0.01 47 47 0 0 0
9000 0.554023 -0.00104842 -0.0564484 0.01 60 60 0 0 0
9001 0.647303 -0.00076575 -0.00221815 0.01 86 86 0 0 0
9004 0.617018 -0.000857521 -0.0631112 0.01 46 46 0 0 0
9010 0.617018 -0.000857521 -0.0631112 0.01 47 47 0 0 0
9012 0.570002 -0.000999994 -0.0419623 0.01 60 60 0 0 0
9028 0.570002 -0.000999994 -0.0565989 0.01 60 60 0 0 0
9039 0.642832 -0.000779297 -0.00221815 0.01 84 84 0 0 0
9044 0.561314 -0.00102632 -0.0577841 0.01 60 60 0 0 0
9046 0.628075 -0.000824016 -0.0631112 0.01 48 48 0 0 0
9064 0.628075 -0.000824016 -0.0631112 0.01 47 47 0 0 0
9071 0.643058 -0.000778612 -0.0530411 0.01 48 48 0 0 0
9075 0.628075 -0.000824016 -0.0631112 0.01 48 48 0 0 0
9083 0.628075 -0.000824016 -0.0631112 0.01 47 47 0 0 0
9091 0.647303 -0.00076575 -0.00221815 0.01 84 84 0 0 0
9095 0.584807 -0.00095513 -0.0665164 0.01 60 60 0 0 0
9103 0.647303 -0.00076575 -0.00221815 0.01 84 84 0 0 0
9109 0.585177 -0.00095401 -0.0690585 0.01 60 60 0 0 0
9113 0.617018 -0.000857521 -0.0631112 0.01 46 46 0 0 0
9116 0.630072 -0.000817963 -0.00221815 0.01 84 84 0 0 0
9122 0.61916 -0.000851029 -0.0631112 0.01 47 47 0 0 0
9126 0.647303 -0.00076575 -0.00221815 0.01 84 84 0 0 0
9127 0.647303 -0.00076575 -0.00221815 0.01 85 85 0 0 0
9153 0.636546 -0.000798346 -0.0628525 0.01 48 48 0 0 0
9158 0.617018 -0.000857521 -0.0631112 0.01 48 47 0 0 0
9162 0.617018 -0.000857521 -0.0631112 0.01 46 46 0 0 0
9167 0.596762 -0.000918904 -0.0317331 0.01 60 60 0 0 0
9169 0.617018 -0.000857521 -0.0631112 0.01 47 47 0 0 0
9187 0.643058 -0.000778612 -0.0530411 0.01 48 48 0 0 0
9188 0.628075 -0.000824016 -0.0631112 0.01 48 48 0 0 0
9189 0.628075 -0.000824016 -0.0631112 0.01 47 47 0 0 0
9194 0.651476 -0.000753104 -0.0530411 0.01 47 47 0 0 0
9204 0.628075 -0.000824016 -0.0631112 0.01 47 47 0 0 0
9207 0.617018 -0.000857521 -0.0555072 0.01 46 46 0 0 0
9216 0.615462 -0.000862235 -0.00221815 0.01 85 85 0.025755 -0.0273697 0
9224 0.650894 -0.000754868 -0.0501493 0.01 60 61 0 0 0
9226 0.647303 -0.00076575 -0.00221815 0.01 84 84 0 0 0
9231 0.628075 -0.000824016 -0.0631112 0.01 48 48 0 0 0
9233 0.642832 -0.000779297 -0.016758 0.01 84 84 0 0 0
9237 0.624974 -0.000833412 -0.0631112 0.01 47 47 0 0 0
9246 0.628075 -0.000824016 -0.0500496 0.01 47 47 0 0 0
9247 0.647303 -0.00076575 -0.00221815 0.01 84 84 0 0 0
9253 0.647303 -0.00076575 -0.00221815 0.01 84 84 0 0 0
9298 0.555169 -0.00104494 -0.0419623 0.01 60 60 0 0 0
9301 0.617018 -0.000857521 -0.0631112 0.01 46 46 0 0 0
9312 0.628075 -0.000824016 -0.0631112 0.01 47 48 0 0 0
9326 0.628075 -0.000824016 -0.0631112 0.01 47 47 0 0 0
9327 0.647303 -0.00076575 -0.00451881 0.01 86 86 0 0 0
9328 0.628075 -0.000824016 -0.05466 0.01 47 47 0 0 0
9333 0.647303 -0.00076575 -0.00221815 0.01 85 85 0 0 0
9336 0.647303 -0.00076575 -0.00221815 0.01 85 85 0 0 0
9349 0.628075 -0.000824016 -0.0455585 0.01 47 47 0 0 0
9352 0.617018 -0.000857521 -0.0631112 0.01 47 47 0 0 0
9378 0.647303 -0.00076575 -0.00221815 0.01 84 84 0 0 0
9379 0.567481 -0.00100763 -0.0778373 0.01 48 48 0 0 0
9388 0.64819 -0.00076306 -0.0631112 0.01 47 49 0 0 0
9407 0.628075 -0.000824016 -0.0631112 0.01 47 47 0 0 0
9413 0.628075 -0.000824016 -0.0631112 0.01 48 48 0 0 0
9414 0.628075 -0.000824016 -0.0631112 0.01 48 48 0 0 0
9416 0.647303 -0.00076575 -0.00221815 0.01 84 84 0 0 0
9422 0.611632 -0.000873842 -0.0631112 0.01 47 48 0 0 0
9440 0.562436 -0.00102292 -0.0419623 0.01 60 60 0 0 0
9442 0.567481 -0.00100763 -0.0778373 0.01 48 48 0 0 0
9451 0.554023 -0.00104842 -0.0564484 0.01 60 60 0 0 0
9452 0.620579 -0.000846732 -0.0631112 0.01 48 48 0 0 0
9460 0.622277 -0.000841584 -0.0722914 0.01 60 60 0 0 0
9463 0.628075 -0.000824016 -0.0631112 0.01 46 47 0 0 0
9468 0.580588 -0.000967916 -0.0871855 0.01 46 49 0 0 0
9471 0.628075 -0.000824016 -0.0631112 0.01 47 47 0 0 0
9495 0.628075 -0.000824016 -0.05466 0.01 46 47 0 0 0
9498 0.631734 -0.000812926 -0.024664 0.01 60 60 0 0 0
9507 0.647303 -0.00076575 -0.00221815 0.01 84 84 0 0 0
9511 0.647303 -0.00076575 -0.00221815 0.01 85 85 0 0 0
9513 0.628075 -0.000824016 -0.0631112 0.01 47 47 0 0 0
9526 0.628075 -0.000824016 -0.0631112 0.01 47 47 0 0 0
9529 0.628075 -0.000824016 -0.058812 0.01 46 46 0 0 0
9561 0.615769 -0.000861306 -0.0631112 0.01 47 47 0.00707956 -0.0142989 0
9571 0.653639 -0.000746547 -0.0631112 0.01 48 48 0 0 0
9587 0.628075 -0.000824016 -0.0631112 0.01 48 48 0 0 0
9592 0.570002 -0.000999994 -0.0419623 0.01 60 61 0 0 0
9604 0.628075 -0.000824016 -0.0631112 0.01 47 47 0 0 0
9638 0.616911 -0.000857846 -0.0815232 0.01 60 60 0 0 0
9639 0.596762 -0.000918904 -0.0317331 0.01 60 60 0 0 0
9640 0.647303 -0.00076575 -0.00221815 0.01 84 84 0 0 0
9652 0.628075 -0.000824016 -0.0747141 0.01 48 48 0.000317469 0 0.00421003
9653 0.570002 -0.000999994 -0.0564484 0.01 60 60 0 0 0
9655 0.647303 -0.00076575 -0.00221815 0.01 85 85 0 0 0
9660 0.630072 -0.000817963 -0.00221815 0.01 84 84 0 0 0
9666 0.61558 -0.000861879 -0.0631112 0.01 48 48 0 0 0
9668 0.647303 -0.00076575 -0.00451881 0.01 86 86 0 0 0
9681 0.628075 -0.000824016 -0.0631112 0.01 48 48 0 0 0
9684 0.628075 -0.000824016 -0.0629852 0.01 47 47 0 0 0
9685 0.604834 -0.000894443 -0.0642004 0.01 60 60 0 0 0
9688 0.647303 -0.00076575 -0.00221815 0.01 84 84 0 0 0
9696 0.630927 -0.000815372 -0.077506 0.01 48 49 0 0 0
9708 0.620369 -0.000847368 -0.0530411 0.01 47 48 0.00397268 -0.00770628 0
9724 0.647303 -0.00076575 -0.00221815 0.01 84 84 0 0 0
9727 0.628075 -0.000824016 -0.0631112 0.01 47 48 0 0 0
9745 0.617018 -0.000857521 -0.0631112 0.01 46 46 0 0 0
9757 0.628075 -0.000824016 -0.058812 0.01 46 46 0 0 0
9766 0.647303 -0.00076575 -0.00451881 0.01 84 84 0 0 0
9786 0.643058 -0.000778612 -0.0530411 0.01 47 48 0 0 0
9793 0.567481 -0.00100763 -0.0778373 0.01 48 48 0 0 0
9798 0.613335 -0.000868681 -0.0631112 0.01 46 46 0.00180378 -0.00368273 0
9814 0.628075 -0.000824016 -0.0631112 0.01 48 48 0 0 0
9821 0.628075 -0.000824016 -0.0631112 0.01 48 48 0 0 0
9822 0.647303 -0.00076575 -0.00451881 0.01 86 86 0 0 0
9823 0.613473 -0.000868263 -0.0631112 0.01 48 48 0.00758526 -0.0146015 0
9827 0.642832 -0.000779297 -0.00221815 0.01 86 85 0 0 0
9829 0.636546 -0.000798346 -0.0631112 0.01 48 48 0 0 0
9832 0.61916 -0.000851029 -0.0631112 0.01 47 47 0 0 0
9841 0.628075 -0.000824016 -0.0530411 0.01 48 49 0 0 0
9850 0.628075 -0.000824016 -0.0631112 0.01 47 47 0 0 0
9863 0.628075 -0.000824016 -0.0493556 0.01 48 48 0 0 0
9870 0.608419 -0.000883577 -0.0460182 0.01 60 60 0 0 0
9874 0.647303 -0.00076575 -0.00221815 0.01 84 84 0 0 0
9876 0.628075 -0.000824016 -0.0530411 0.01 48 48 0 0 0
9883 0.649181 -0.000760058 -0.0768667 0.01 60 60 0 0 0
9886 0.628075 -0.000824016 -0.0631112 0.01 47 47 0 0 0
9896 0.617018 -0.000857521 -0.0631112 0.01 46 47 0 0 0
9898 0.611632 -0.000873842 -0.0631112 0.01 48 48 0 0 0
9927 0.628075 -0.000824016 -0.058812 0.01 47 47 0 0 0
9938 0.632176 -0.000811588 -0.0631112 0.01 48 48 0 0 0
9954 0.647303 -0.00076575 -0.00221815 0.01 84 84 0 0 0
9961 0.647303 -0.00076575 -0.00221815 0.01 84 84 0 0 0
9977 0.628075 -0.000824016 -0.0631112 0.01 48 48 0 0 0
9982 0.619194 -0.000850927 -0.0744023 0.01 48 48 0 0 0
9984 0.624439 -0.000835035 -0.024664 0.01 60 60 0 0 0
10009 0.596762 -0.000918904 -0.0317331 0.01 60 60 0 0 0
10024 0.628075 -0.000824016 -0.0631112 0.01 47 47 0 0 0
10025 0.647303 -0.00076575 -0.00451881 0.01 86 86 0 0 0
10027 0.628075 -0.000824016 -0.0629852 0.01 47 47 0 0 0
10039 0.630074 -0.000817958 -0.0631112 0.01 47 47 0 0 0
10068 0.581494 -0.000965171 -0.0554484 0.01 60 60 -0.00123572 0.00157636 0
10073 0.628075 -0.000824016 -0.0530411 0.01 48 48 0 0 0
10079 0.554023 -0.00104842 -0.0564484 0.01 60 60 0 0 0
10087 0.628075 -0.000824016 -0.0530411 0.01 48 48 0 0 0
10123 0.594182 -0.000926721 -0.0698542 0.01 60 60 0 0 0
10138 0.60487 -0.000894332 -0.0540189 0.01 60 60 0 0 0
10140 0.611632 -0.000873842 -0.0631112 0.01 46 49 0 0 0
10175 0.630072 -0.000817963 -0.00221815 0.01 84 84 0.0159415 -0.0172303 0
10182 0.567481 -0.00100763 -0.0778373 0.01 48 48 0 0 0
10192 0.647303 -0.00076575 -0.00221815 0.01 85 85 0 0 0
10195 0.608721 -0.000882665 -0.0631112 0.01 47 47 0.00975802 -0.0193542 0
10200 0.619194 -0.000850927 -0.0807138 0.01 48 49 0 0 0
10225 0.554023 -0.00104842 -0.0564484 0.01 60 60 0 0 0
10233 0.617018 -0.000857521 -0.0631112 0.01 46 46 0 0 0
10239 0.647303 -0.00076575 -0.00221815 0.01 84 84 0 0 0
10242 0.570002 -0.000999994 -0.0419623 0.01 60 60 0 0 0
10244 0.617018 -0.000857521 -0.0484363 0.01 46 46 0.00186934 0 0.0146749
10251 0.628075 -0.000824016 -0.05466 0.01 46 46 0 0 0
10262 0.570002 -0.000999994 -0.0333595 0.01 60 60 0 0 0
10266 0.64752 -0.000765092 -0.00221815 0.01 85 85 0 0 0
10278 0.628075 -0.000824016 -0.0530411 0.01 48 49 0 0 0
10279 0.617018 -0.000857521 -0.0631112 0.01 47 46 0 0 0
10295 0.647303 -0.00076575 -0.00221815 0.01 85 85 0 0 0
10297 0.583484 -0.000959139 -0.0583603 0.01 60 60 0 0 0
10300 0.642832 -0.000779297 -0.00221815 0.01 85 85 0 0 0
10304 0.561063 -0.00102708 -0.0813366 0.01 48 49 0 0 0
10316 0.647303 -0.00076575 -0.00221815 0.01 84 84 0 0 0
10336 0.617018 -0.000857521 -0.0631112 0.01 46 46 0 0 0
10340 0.647303 -0.00076575 -0.00221815 0.01 85 85 0 0 0
10357 0.592996 -0.000930316 -0.0778373 0.01 60 60 0 0 0
10377 0.647303 -0.00076575 -0.00221815 0.01 84 84 0 0 0
10387 0.628075 -0.000824016 -0.0530411 0.01 48 48 0 0 0
10396 0.628075 -0.000824016 -0.0631112 0.01 48 48 0 0 0
10400 0.608419 -0.000883577 -0.0405549 0.01 60 60 0 0 0
10401 0.628075 -0.000824016 -0.0613262 0.01 47 47 0.000175402 0 0.00178495
10414 0.617018 -0.000857521 -0.0631112 0.01 46 46 0 0 0
10424 0.628075 -0.000824016 -0.058812 0.01 46 46 0 0 0
10432 0.628075 -0.000824016 -0.05466 0.01 47 47 0 0 0
10435 0.628075 -0.000824016 -0.0530411 0.01 48 48 0 0 0
10440 0.628075 -0.000824016 -0.0631112 0.01 47 47 0 0 0
10465 0.647303 -0.00076575 -0.00451881 0.01 86 86 0 0 0
10467 0.628075 -0.000824016 -0.0631112 0.01 47 47 0 0 0
10473 0.628075 -0.000824016 -0.0631112 0.01 47 47 0 0 0
10487 0.628075 -0.000824016 -0.0631112 0.01 47 47 0 0 0
10501 0.570002 -0.000999994 -0.0280874 0.01 60 60 0 0 0
10506 0.642832 -0.000779297 -0.016758 0.01 84 84 0 0 0
10520 0.562436 -0.00102292 -0.0419623 0.01 60 59 0 0 0
10524 0.617018 -0.000857521 -0.0631112 0.01 46 46 0 0 0
10534 0.647303 -0.00076575 -0.00221815 0.01 84 84 0 0 0
10544 0.628075 -0.000824016 -0.0631112 0.01 46 47 0 0 0
10560 0.628075 -0.000824016 -0.0608851 0.01 48 50 0 0 0
10564 0.628075 -0.000824016 -0.058812 0.01 47 47 0 0 0
10585 0.628075 -0.000824016 -0.058812 0.01 47 47 0 0 0
10591 0.562436 -0.00102292 -0.0419623 0.01 60 60 0 0 0
10593 0.554023 -0.00104842 -0.0564484 0.01 60 60 0 0 0
10598 0.647303 -0.00076575 -0.00451881 0.01 86 86 0 0 0
10621 0.628075 -0.000824016 -0.0631112 0.01 47 47 0 0 0
10626 0.583484 -0.000959139 -0.0275247 0.01 60 60 0 0 0
10676 0.560475 -0.00102886 -0.0419623 0.01 60 59 0 0 0
10677 0.647303 -0.00076575 -0.00221815 0.01 85 85 0 0 0
10682 0.628075 -0.000824016 -0.0789241 0.01 48 48 0 0 0
10683 0.602817 -0.000900555 -0.0515358 0.01 60 60 0 0 0
10687 0.617018 -0.000857521 -0.0631112 0.01 46 46 0 0 0
10690 0.647303 -0.00076575 -0.00221815 0.01 84 84 0 0 0
10696 0.628075 -0.000824016 -0.0631112 0.01 48 48 0 0 0
10707 0.570002 -0.000999994 -0.0564484 0.01 60 60 0 0 0
10726 0.630074 -0.000817958 -0.0631112 0.01 47 47 0 0 0
10735 0.628075 -0.000824016 -0.0631112 0.01 47 47 0 0 0
10745 0.612041 -0.000872603 -0.0631112 0.01 47 46 0 0 0
10750 0.647303 -0.00076575 -0.00221815 0.01 84 84 0 0 0
10753 0.617018 -0.000857521 -0.0631112 0.01 47 47 0 0 0
10771 0.628075 -0.000824016 -0.058812 0.01 47 47 0 0 0
10772 0.570002 -0.000999994 -0.0417968 0.01 60 60 0 0 0
10785 0.628075 -0.000824016 -0.0631112 0.01 47 47 0 0 0
10790 0.642832 -0.000779297 -0.00221815 0.01 84 84 0 0 0
10791 0.61916 -0.000851029 -0.0631112 0.01 47 47 0 0 0
10804 0.617857 -0.000854979 -0.07395 0.01 60 60 0 0 0
10805 0.628075 -0.000824016 -0.0631112 0.01 47 47 0 0 0
10810 0.583484 -0.000959139 -0.0515358 0.01 60 62 0 0 0
10812 0.628075 -0.000824016 -0.0789241 0.01 48 48 0 0 0
10814 0.647303 -0.00076575 -0.00221815 0.01 85 85 0 0 0
10819 0.617018 -0.000857521 -0.0631112 0.01 48 47 0 0 0
10823 0.643058 -0.000778612 -0.0530411 0.01 48 48 0 0 0
10829 0.570002 -0.000999994 -0.0419623 0.01 60 61 0 0 0
10834 0.617018 -0.000857521 -0.0631112 0.01 46 46 0 0 0
10852 0.647303 -0.00076575 -0.00221815 0.01 86 86 0 0 0
10859 0.642832 -0.000779297 -0.00221815 0.01 84 84 0 0 0
10863 0.597833 -0.000915657 -0.069531 0.01 48 48 0.00961018 -0.019185 -0.0107453
10866 0.62173 -0.000843242 -0.0449643 0.01 60 60 0 0 0
10878 0.617018 -0.000857521 -0.0631112 0.01 46 46 0 0 0
10879 0.628075 -0.000824016 -0.0631112 0.01 48 48 0 0 0
10886 0.594299 -0.000926368 -0.0429003 0.01 60 60 0 0 0
10892 0.628075 -0.000824016 -0.0428899 0.01 46 46 0.0019494 0 0.0159222
10911 0.561314 -0.00102632 -0.0577841 0.01 60 59 0 0 0
10912 0.628075 -0.000824016 -0.0631112 0.01 48 48 0 0 0
10913 0.585177 -0.00095401 -0.0690585 0.01 60 60 0 0 0
10919 0.554023 -0.00104842 -0.0564484 0.01 60 60 0 0 0
10930 0.647303 -0.00076575 -0.00221815 0.01 85 85 0 0 0
10936 0.628075 -0.000824016 -0.0631112 0.01 48 49 0 0 0
10943 0.647303 -0.00076575 -0.00221815 0.01 85 85 0 0 0
10944 0.647303 -0.00076575 -0.00221815 0.01 85 85 0 0 0
10974 0.561192 -0.00102669 -0.0419623 0.01 60 60 0 0 0
10980 0.624974 -0.000833412 -0.0631112 0.01 48 48 -0.00298662 0.00577992 0
10981 0.619194 -0.000850927 -0.0807138 0.01 48 48 0 0 0
10985 0.628075 -0.000824016 -0.0631112 0.01 47 47 0 0 0
10994 0.628075 -0.000824016 -0.0631112 0.01 47 47 0 0 0
11001 0.628075 -0.000824016 -0.0530411 0.01 48 48 0 0 0
11013 0.628075 -0.000824016 -0.0631112 0.01 47 47 0 0 0
11017 0.636052 -0.000799842 -0.0631112 0.01 48 48 -0.00396433 0.00797719 0
11029 0.617018 -0.000857521 -0.0631112 0.01 46 46 0 0 0
11060 0.628075 -0.000824016 -0.0631112 0.01 47 47 0 0 0
11063 0.570002 -0.000999994 -0.0405289 0.01 48 48 0 0 0
11082 0.628075 -0.000824016 -0.0631112 0.01 47 47 0 0 0
11105 0.647303 -0.00076575 -0.00221815 0.01 85 85 0 0 0
11109 0.647303 -0.00076575 -0.00221815 0.01 84 84 0 0 0
11113 0.617018 -0.000857521 -0.0631112 0.01 46 46 0 0 0
11117 0.628075 -0.000824016 -0.0631112 0.01 48 48 0 0 0
11128 0.570002 -0.000999994 -0.0299605 0.01 60 60 0 0 0
11129 0.584807 -0.00095513 -0.0665164 0.01 60 60 0 0 0
11149 0.647303 -0.00076575 -0.00221815 0.01 84 84 0 0 0
11157 0.570002 -0.000999994 -0.0419623 0.01 60 60 0 0 0
11171 0.628075 -0.000824016 -0.0631112 0.01 48 48 0 0 0
11184 0.647303 -0.00076575 -0.00221815 0.01 84 84 0 0 0
11204 0.612041 -0.000872603 -0.0631112 0.01 46 46 0 0 0
11208 0.628075 -0.000824016 -0.0631112 0.01 48 48 0 0 0
11209 0.617018 -0.000857521 -0.0631112 0.01 46 46 0 0 0
11217 0.642832 -0.000779297 -0.00221815 0.01 85 84 0 0 0
11225 0.642832 -0.000779297 -0.00221815 0.01 84 84 0 0 0
11232 0.628075 -0.000824016 -0.0631112 0.01 47 47 0 0 0
11233 0.628075 -0.000824016 -0.0530411 0.01 48 48 0 0 0
11236 0.619194 -0.000850927 -0.0733854 0.01 60 60 0 0 0
11237 0.647303 -0.00076575 -0.0178711 0.01 84 84 0 0 0
11238 0.647303 -0.00076575 -0.00221815 0.01 84 84 0 0 0
11244 0.628075 -0.000824016 -0.0631112 0.01 48 48 0 0 0
11261 0.617018 -0.000857521 -0.0631112 0.01 46 46 0 0 0
11279 0.628075 -0.000824016 -0.0631112 0.01 48 48 0 0 0
11286 0.635265 -0.000802228 -0.0631112 0.01 47 47 0 0 0
11287 0.598039 -0.000915034 -0.0690585 0.01 60 60 0 0 0
11297 0.602817 -0.000900555 -0.0515358 0.01 60 60 0 0 0
11304 0.570002 -0.000999994 -0.0564484 0.01 60 60 0 0 0
11318 0.61916 -0.000851029 -0.0631112 0.01 47 47 0 0 0
11321 0.619194 -0.000850927 -0.0807138 0.01 48 48 0 0 0
11324 0.628075 -0.000824016 -0.058812 0.01 47 47 0 0 0
11342 0.628075 -0.000824016 -0.0455585 0.01 47 47 0 0 0
11364 0.628075 -0.000824016 -0.0631112 0.01 48 49 0 0 0
11369 0.593922 -0.000927508 -0.0501493 0.01 60 60 0 0 0
11371 0.551255 -0.0010568 -0.0500376 0.01 60 60 0 0 0
11383 0.570002 -0.000999994 -0.0419623 0.01 60 60 0 0 0
11386 0.628075 -0.000824016 -0.0631112 0.01 47 47 0 0 0
11387 0.642556 -0.000780133 -0.00221815 0.01 85 85 0 0 0
11405 0.628075 -0.000824016 -0.0540775 0.01 47 47 0 0 0
11427 0.570002 -0.000999994 -0.0578614 0.01 60 60 0 0 0
11429 0.646535 -0.000768076 -0.0768667 0.01 60 60 0 0 0
11464 0.628075 -0.000824016 -0.0631112 0.01 47 48 0 0 0
11465 0.580204 -0.000969078 -0.032811 0.01 60 60 0 0 0
11473 0.643058 -0.000778612 -0.0530411 0.01 48 48 0 0 0
11482 0.617018 -0.000857521 -0.0631112 0.01 46 46 0 0 0
11486 0.647303 -0.00076575 -0.00221815 0.01 85 85 0 0 0
11496 0.611928 -0.000872945 -0.0631112 0.01 48 48 0 0 0
11502 0.653639 -0.000746547 -0.0631112 0.01 48 48 0 0 0
11505 0.612773 -0.000870384 -0.0631112 0.01 48 48 0 0 0
11507 0.628075 -0.000824016 -0.0631112 0.01 48 48 0 0 0
11508 0.570002 -0.000999994 -0.0299605 0.01 60 60 0 0 0
11518 0.628075 -0.000824016 -0.0523334 0.01 47 47 0 0 0
11523 0.628075 -0.000824016 -0.0631112 0.01 46 47 0 0 0
11524 0.628075 -0.000824016 -0.0631112 0.01 46 47 0 0 0
11530 0.628075 -0.000824016 -0.0631112 0.01 48 48 0 0 0
11532 0.628075 -0.000824016 -0.0631112 0.01 48 48 0 0 0
11539 0.619194 -0.000850927 -0.0807138 0.01 48 48 0 0 0
11540 0.647303 -0.00076575 -0.00221815 0.01 85 84 0 0 0
11557 0.628075 -0.000824016 -0.0631112 0.01 47 48 0 0 0
11586 0.567481 -0.00100763 -0.0778373 0.01 48 48 0 0 0
11596 0.628075 -0.000824016 -0.0631112 0.01 48 48 0 0 0
11622 0.61916 -0.000851029 -0.0631112 0.01 46 47 0 0 0
11624 0.617018 -0.000857521 -0.0587857 0.01 47 47 0 0 0
11626 0.647303 -0.00076575 -0.00221815 0.01 84 84 0 0 0
11628 0.647303 -0.00076575 -0.00451881 0.01 86 86 0 0 0
11630 0.647303 -0.00076575 -0.00221815 0.01 84 84 0 0 0
11644 0.536456 -0.00110165 -0.0469017 0.01 60 60 0 0 0
11653 0.62173 -0.000843242 -0.0449643 0.01 60 60 0 0 0
11667 0.617018 -0.000857521 -0.0631112 0.01 46 46 0 0 0
11679 0.647303 -0.00076575 -0.00451546 0.01 84 84 -0.0167374 0 -0.00229731
11693 0.590025 -0.000939318 -0.0501493 0.01 60 60 0 0 0
11700 0.617018 -0.000857521 -0.0570735 0.01 46 46 0 0 0
11702 0.61916 -0.000851029 -0.0631112 0.01 47 47 0 0 0
11705 0.619194 -0.000850927 -0.0807138 0.01 48 48 0 0 0
11717 0.617018 -0.000857521 -0.0631112 0.01 46 46 0 0 0
11719 0.628075 -0.000824016 -0.0639562 0.01 47 47 -0.00107323 0 -0.0109151
11721 0.560475 -0.00102886 -0.0419623 0.01 60 60 0 0 0
11732 0.617018 -0.000857521 -0.0631112 0.01 46 46 0 0 0
11746 0.617018 -0.000857521 -0.0614188 0.01 46 46 0.000214525 0 0.00169241
11748 0.628075 -0.000824016 -0.0631112 0.01 48 48 0 0 0
11753 0.643058 -0.000778612 -0.0530411 0.01 48 48 0 0 0
11755 0.61558 -0.000861879 -0.0631112 0.01 48 48 0 0 0
11769 0.585177 -0.00095401 -0.0690585 0.01 60 60 0 0 0
11774 0.617018 -0.000857521 -0.0631112 0.01 47 47 0 0 0
11786 0.628075 -0.000824016 -0.058812 0.01 47 47 0 0 0
11791 0.628075 -0.000824016 -0.0530411 0.01 48 48 0 0 0
11804 0.628075 -0.000824016 -0.0631112 0.01 47 47 0 0 0
11809 0.628075 -0.000824016 -0.0631112 0.01 46 47 0 0 0
11810 0.628075 -0.000824016 -0.0631112 0.01 47 47 0 0 0
11823 0.61916 -0.000851029 -0.0631112 0.01 47 47 0 0 0
11824 0.617018 -0.000857521 -0.0631112 0.01 46 46 0 0 0
11827 0.628075 -0.000824016 -0.0631112 0.01 47 47 0 0 0
11842 0.603619 -0.000898124 -0.0233122 0.01 60 60 0 0 0
11848 0.628075 -0.000824016 -0.0631112 0.01 47 47 0 0 0
11854 0.619805 -0.000849075 -0.0631112 0.01 47 47 0 0 0
11858 0.551243 -0.00105684 -0.0564484 0.01 60 60 0 0 0
11893 0.617018 -0.000857521 -0.0631112 0.01 47 47 0 0 0
11899 0.581232 -0.000965963 -0.0417968 0.01 60 60 0 0 0
11905 0.643058 -0.000778612 -0.0530411 0.01 48 48 0 0 0
11907 0.647303 -0.00076575 -0.00221815 0.01 85 85 0 0 0
11927 0.647303 -0.00076575 -0.00221815 0.01 85 85 0 0 0
11936 0.630074 -0.000817958 -0.0631112 0.01 47 47 0 0 0
11940 0.642832 -0.000779297 -0.016758 0.01 84 84 -0.098353 0 -0.0145399
11941 0.615365 -0.000862531 -0.0631112 0.01 47 47 0.00632309 -0.0127102 0
11954 0.583484 -0.000959139 -0.0583603 0.01 60 60 0 0 0
11956 0.617018 -0.000857521 -0.0631112 0.01 46 46 0 0 0
11959 0.570002 -0.000999994 -0.0223147 0.01 60 60 0 0 0
11969 0.647303 -0.00076575 -0.00221815 0.01 84 84 0 0 0
11970 0.647303 -0.00076575 -0.00221815 0.01 85 85 0 0 0
11978 0.628075 -0.000824016 -0.0685568 0.01 47 47 0 0 0
12001 0.617018 -0.000857521 -0.0631112 0.01 47 47 0 0 0
12024 0.643141 -0.000778361 -0.0454617 0.01 60 60 0 0 0
12030 0.61916 -0.000851029 -0.0700904 0.01 47 47 -0.000706106 0 -0.0069792
12033 0.617018 -0.000857521 -0.0631112 0.01 48 47 0 0 0
12044 0.628075 -0.000824016 -0.058812 0.01 46 46 0 0 0
12053 0.60487 -0.000894332 -0.0679942 0.01 60 60 0 0 0
12063 0.619805 -0.000849075 -0.0631112 0.01 48 48 0 0 0
12096 0.607818 -0.000885399 -0.0631112 0.01 48 48 0 0 0
12105 0.628075 -0.000824016 -0.058812 0.01 47 47 0 0 0
12112 0.628075 -0.000824016 -0.058812 0.01 46 46 0 0 0
12115 0.617018 -0.000857521 -0.0631112 0.01 46 46 0 0 0
12124 0.647303 -0.00076575 -0.00221815 0.01 84 85 0 0 0
12127 0.628075 -0.000824016 -0.0631112 0.01 48 49 0 0 0
12153 0.617018 -0.000857521 -0.0631112 0.01 46 46 0 0 0
12160 0.628075 -0.000824016 -0.0631112 0.01 48 48 0 0 0
12169 0.628075 -0.000824016 -0.0631112 0.01 48 48 0 0 0
12173 0.647303 -0.00076575 -0.00221815 0.01 85 85 0 0 0
12193 0.647303 -0.00076575 -0.00221815 0.01 84 84 0 0 0
12198 0.611632 -0.000873842 -0.0631112 0.01 48 48 0 0 0
12201 0.626381 -0.000829149 -0.0631112 0.01 48 48 0 0 0
12206 0.628075 -0.000824016 -0.0631112 0.01 47 47 0 0 0
12208 0.647303 -0.00076575 -0.00221815 0.01 84 84 0 0 0
12213 0.628075 -0.000824016 -0.0631112 0.01 48 48 0 0 0
12217 0.628075 -0.000824016 -0.0631112 0.01 48 48 0 0 0
12220 0.628075 -0.000824016 -0.0455585 0.01 47 47 0 0 0
12221 0.697843 -0.000612598 -0.00221815 0.01 85 85 0 0 0
12233 0.628075 -0.000824016 -0.0631112 0.01 48 48 0 0 0
12240 0.617018 -0.000857521 -0.0631112 0.01 46 46 0 0 0
12256 0.570002 -0.000999994 -0.033886 0.01 60 60 0 0 0
12266 0.611634 -0.000873836 -0.0587857 0.01 47 47 0.00276764 -0.00538397 0
12269 0.617018 -0.000857521 -0.0631112 0.01 46 46 0 0 0
12297 0.647303 -0.00076575 -0.00451881 0.01 84 84 0 0 0
12309 0.617018 -0.000857521 -0.0631112 0.01 47 46 0 0 0
12322 0.630927 -0.000815372 -0.077506 0.01 48 49 0 0 0
12325 0.628875 -0.000821592 -0.0631112 0.01 48 47 0 0 0
12329 0.593922 -0.000927508 -0.0501493 0.01 60 59 0 0 0
12339 0.567481 -0.00100763 -0.0778373 0.01 48 48 0 0 0
12344 0.628075 -0.000824016 -0.058812 0.01 46 46 0 0 0
12348 0.628075 -0.000824016 -0.0631112 0.01 47 49 0 0 0
12350 0.581232 -0.000965963 -0.0417968 0.01 60 60 0 0 0
12351 0.647303 -0.00076575 -0.00221815 0.01 86 85 0 0 0
12353 0.567481 -0.00100763 -0.0778373 0.01 48 48 0 0 0
12371 0.570002 -0.000999994 -0.0565989 0.01 60 60 0 0 0
12376 0.62173 -0.000843242 -0.0449643 0.01 60 60 0 0 0
12401 0.647303 -0.00076575 -0.00221815 0.01 85 85 0 0 0
12403 0.628075 -0.000824016 -0.0789241 0.01 48 48 0 0 0
12418 0.636546 -0.000798346 -0.0631112 0.01 48 47 0 0 0
12423 0.554434 -0.00104717 -0.0419623 0.01 60 61 0 0 0
12429 0.570002 -0.000999994 -0.0261143 0.01 60 60 0 0 0
12436 0.647303 -0.00076575 -0.00221815 0.01 85 85 0 0 0
12448 0.647303 -0.00076575 -0.00451881 0.01 84 84 0 0 0
12466 0.617018 -0.000857521 -0.0631112 0.01 46 46 0 0 0
12474 0.619194 -0.000850927 -0.0807138 0.01 48 48 0 0 0
12481 0.624974 -0.000833412 -0.0631112 0.01 48 48 0 0 0
12515 0.630927 -0.000815372 -0.0649858 0.01 48 48 0 0 0
12523 0.630068 -0.000817976 -0.0631112 0.01 47 47 0 0 0
12531 0.630068 -0.000817976 -0.0631112 0.01 47 48 -0.00100192 0.00199306 0
12541 0.592996 -0.000930316 -0.0778373 0.01 60 60 0 0 0
12551 0.61916 -0.000851029 -0.0633094 0.01 47 47 -1.98483e-05 0 -0.000198171
12554 0.636938 -0.000797157 -0.0688357 0.01 60 58 0 0 0
12556 0.576146 -0.000981376 -0.0697979 0.01 60 60 0 0 0
12572 0.617018 -0.000857521 -0.0570735 0.01 46 46 0 0 0
12590 0.628075 -0.000824016 -0.0631112 0.01 47 47 0 0 0
12601 0.642832 -0.000779297 -0.00221815 0.01 84 84 0 0 0
12623 0.594414 -0.000926018 -0.0690585 0.01 60 60 0 0 0
12631 0.636546 -0.000798346 -0.0631112 0.01 46 47 0 0 0
12639 0.617018 -0.000857521 -0.0631112 0.01 46 46 0 0 0
12640 0.594299 -0.000926368 -0.0429003 0.01 60 60 0 0 0
12643 0.617018 -0.000857521 -0.0631112 0.01 46 46 0 0 0
12647 0.628075 -0.000824016 -0.0631112 0.01 47 47 0 0 0
12660 0.647303 -0.00076575 -0.00221815 0.01 85 85 0 0 0
12662 0.647303 -0.00076575 -0.00221815 0.01 84 84 0 0 0
12670 0.617018 -0.000857521 -0.0631112 0.01 46 46 0 0 0
12686 0.647966 -0.00076374 -0.00221815 0.01 85 85 0 0 0
12698 0.628075 -0.000824016 -0.058812 0.01 46 46 0 0 0
12701 0.647303 -0.00076575 -0.00221815 0.01 85 85 0 0 0
12716 0.628075 -0.000824016 -0.0530411 0.01 47 47 0 0 0
12745 0.617018 -0.000857521 -0.0631112 0.01 46 46 0 0 0
12746 0.628075 -0.000824016 -0.0631112 0.01 48 48 0 0 0
12751 0.593809 -0.000927853 -0.0642004 0.01 60 59 0 0 0
12757 0.628075 -0.000824016 -0.0631112 0.01 46 47 0 0 0
12759 0.567481 -0.00100763 -0.0778373 0.01 48 48 0 0 0
12764 0.596762 -0.000918904 -0.0317331 0.01 60 60 0 0 0
12766 0.559099 -0.00103303 -0.0470793 0.01 60 60 0 0 0
12783 0.628075 -0.000824016 -0.0631112 0.01 46 47 0 0 0
12786 0.570002 -0.000999994 -0.0280874 0.01 60 60 0 0 0
12788 0.579917 -0.000969947 -0.0554484 0.01 60 60 0 0 0
12798 0.654104 -0.000745139 -0.0631112 0.01 47 47 -0.0119913 0.0260294 0
12801 0.628075 -0.000824016 -0.0631112 0.01 47 47 0 0 0
12802 0.617018 -0.000857521 -0.0631112 0.01 46 46 0 0 0
12810 0.567481 -0.00100763 -0.0778373 0.01 48 48 0 0 0
12817 0.647303 -0.00076575 -0.00451881 0.01 86 86 0 0 0
12822 0.628075 -0.000824016 -0.0530411 0.01 48 49 0 0 0
12826 0.570002 -0.000999994 -0.0419623 0.01 48 48 0 0 0
12827 0.647303 -0.00076575 -0.00221815 0.01 84 84 0 0 0
12839 0.647303 -0.00076575 -0.00221815 0.01 84 84 0 0 0
12857 0.628075 -0.000824016 -0.0631112 0.01 48 48 0 0 0
12861 0.628075 -0.000824016 -0.0685568 0.01 48 48 0 0 0
12884 0.570002 -0.000999994 -0.0419623 0.01 60 60 0 0 0
12897 0.628075 -0.000824016 -0.0530411 0.01 48 48 0 0 0
12899 0.61916 -0.000851029 -0.0631112 0.01 47 47 0 0 0
12900 0.632176 -0.000811588 -0.0631112 0.01 48 48 0 0 0
12901 0.628075 -0.000824016 -0.0631112 0.01 47 47 0 0 0
12927 0.572364 -0.000992838 -0.032811 0.01 60 60 0.00410774 -0.00507838 0
12991 0.628075 -0.000824016 -0.0631112 0.01 47 47 0 0 0
13012 0.628075 -0.000824016 -0.0631112 0.01 48 48 0 0 0
13013 0.564818 -0.0010157 -0.0394427 0.01 60 60 0 0 0
13017 0.647303 -0.00076575 -0.00221815 0.01 85 84 0 0 0
13028 0.563453 -0.00101984 -0.0334374 0.01 60 59 0 0 0
13045 0.5581 -0.00103606 -0.0419623 0.01 60 60 0 0 0
13048 0.636711 -0.000797845 -0.00221815 0.01 84 84 0 0 0
13076 0.559099 -0.00103303 -0.0470793 0.01 60 60 0 0 0
13091 0.570002 -0.000999994 -0.0307508 0.01 60 60 0 0 0
13099 0.567481 -0.00100763 -0.0778373 0.01 48 48 0 0 0
13102 0.617018 -0.000857521 -0.0631112 0.01 46 46 0 0 0
13113 0.647303 -0.00076575 -0.00221815 0.01 85 85 0 0 0
13128 0.647303 -0.00076575 -0.00221815 0.01 86 86 0 0 0
13135 0.628075 -0.000824016 -0.0540775 0.01 47 47 0 0 0
13163 0.617018 -0.000857521 -0.0631112 0.01 46 46 0 0 0
13171 0.647303 -0.00076575 -0.00221815 0.01 85 85 0 0 0
13172 0.628075 -0.000824016 -0.0530411 0.01 48 48 0 0 0
13196 0.647303 -0.00076575 -0.0140492 0.01 84 84 0 0 0
13203 0.554023 -0.00104842 -0.0564484 0.01 60 60 0 0 0
13207 0.564818 -0.0010157 -0.0394427 0.01 60 60 0 0 0
13210 0.647303 -0.00076575 -0.00221815 0.01 84 84 0 0 0
13218 0.561314 -0.00102632 -0.0577841 0.01 60 60 0 0 0
13233 0.635265 -0.000802228 -0.0631112 0.01 46 47 0 0 0
13237 0.619194 -0.000850927 -0.0807138 0.01 48 48 0 0 0
13238 0.628075 -0.000824016 -0.0631112 0.01 47 47 0 0 0
13252 0.628075 -0.000824016 -0.0631112 0.01 48 49 0 0 0
13264 0.584807 -0.00095513 -0.090487 0.01 60 60 0 0 0
13295 0.617018 -0.000857521 -0.0631112 0.01 47 46 0 0 0
13304 0.628075 -0.000824016 -0.0631112 0.01 47 48 0 0 0
13311 0.647303 -0.00076575 -0.00221815 0.01 84 84 0 0 0
13313 0.646803 -0.000767263 -0.0631112 0.01 47 47 -0.0142348 0.0297852 0
13314 0.613764 -0.000867382 -0.0631112 0.01 47 47 0.00165966 -0.00325406 0
13318 0.584807 -0.00095513 -0.0665164 0.01 60 60 0 0 0
13329 0.628075 -0.000824016 -0.0629852 0.01 47 47 0 0 0
13334 0.617018 -0.000857521 -0.0631112 0.01 46 46 0 0 0
13341 0.628075 -0.000824016 -0.0631112 0.01 47 47 0 0 0
13344 0.628075 -0.000824016 -0.0622583 0.01 47 47 0 0 0
13349 0.647303 -0.00076575 -0.00221815 0.01 85 85 0 0 0
13351 0.617018 -0.000857521 -0.0631112 0.01 46 46 0 0 0
13355 0.628075 -0.000824016 -0.0494864 0.01 48 48 0 0 0
13379 0.62226 -0.000841636 -0.0476812 0.01 60 60 0 0 0
13391 0.628075 -0.000824016 -0.0631112 0.01 48 48 0 0 0
13392 0.554023 -0.00104842 -0.0564484 0.01 60 60 0 0 0
13411 0.628075 -0.000824016 -0.0631112 0.01 48 48 0 0 0
13422 0.647303 -0.00076575 -0.00221815 0.01 84 84 0 0 0
13442 0.570002 -0.000999994 -0.0417968 0.01 60 60 0 0 0
13459 0.647303 -0.00076575 -0.00221815 0.01 85 85 0 0 0
13460 0.5581 -0.00103606 -0.0419623 0.01 60 60 0 0 0
13473 0.570002 -0.000999994 -0.0564484 0.01 60 60 0 0 0
13481 0.647303 -0.00076575 -0.00221815 0.01 86 86 0 0 0
13489 0.628075 -0.000824016 -0.0631112 0.01 47 47 0 0 0
13491 0.617018 -0.000857521 -0.0587857 0.01 46 46 0 0 0
13495 0.628075 -0.000824016 -0.0631112 0.01 48 48 0 0 0
13498 0.617018 -0.000857521 -0.0570735 0.01 46 46 0 0 0
13500 0.619194 -0.000850927 -0.0807138 0.01 48 48 0 0 0
13502 0.628075 -0.000824016 -0.0789241 0.01 48 48 0 0 0
13507 0.567481 -0.00100763 -0.0778373 0.01 48 48 0 0 0
13508 0.594414 -0.000926018 -0.0690585 0.01 60 60 0 0 0
13516 0.617018 -0.000857521 -0.0631112 0.01 46 46 0 0 0
13519 0.628075 -0.000824016 -0.0291187 0.01 48 48 0 0 0
13535 0.617018 -0.000857521 -0.0631112 0.01 46 46 0 0 0
13540 0.570002 -0.000999994 -0.0163637 0.01 60 60 0 0 0
13546 0.581232 -0.000965963 -0.0417968 0.01 60 60 0 0 0
13561 0.628075 -0.000824016 -0.0631112 0.01 48 48 0 0 0
13563 0.628075 -0.000824016 -0.0631112 0.01 47 47 0 0 0
13565 0.647303 -0.00076575 -0.00221815 0.01 84 84 0 0 0
13577 0.628075 -0.000824016 -0.0629852 0.01 47 47 0 0 0
13579 0.647303 -0.00076575 -0.00575035 0.01 84 84 0 0 0
13581 0.653639 -0.000746547 -0.0631112 0.01 48 48 0 0 0
13598 0.628075 -0.000824016 -0.058812 0.01 46 46 0 0 0
13599 0.628075 -0.000824016 -0.0631112 0.01 48 48 0 0 0
13619 0.62173 -0.000843242 -0.0449643 0.01 60 60 0 0 0
13621 0.647303 -0.00076575 -0.00221815 0.01 85 85 0 0 0
13627 0.604015 -0.000896925 -0.0631112 0.01 47 47 0.0050329 -0.00961137 0
13647 0.598039 -0.000915034 -0.0690585 0.01 60 60 0 0 0
13648 0.617018 -0.000857521 -0.0631112 0.01 47 47 0 0 0
13659 0.554023 -0.00104842 -0.0564484 0.01 60 60 0 0 0
13665 0.617018 -0.000857521 -0.0631112 0.01 46 46 0 0 0
13673 0.647303 -0.00076575 -0.00221815 0.01 84 84 0 0 0
13679 0.628075 -0.000824016 -0.0631112 0.01 47 47 0 0 0
13721 0.559099 -0.00103303 -0.0470793 0.01 60 61 0.00281855 -0.00333703 0
13750 0.523818 -0.00113995 -0.0419623 0.01 60 58 0 0 0
13751 0.619398 -0.000850309 -0.0570735 0.01 46 46 0 0 0
13755 0.583484 -0.000959139 -0.0733259 0.01 60 61 0 0 0
13760 0.628075 -0.000824016 -0.0629852 0.01 47 47 0 0 0
13765 0.628075 -0.000824016 -0.0631112 0.01 47 47 0 0 0
13767 0.570002 -0.000999994 -0.0343243 0.01 60 61 0 0 0
13790 0.61558 -0.000861879 -0.0631112 0.01 48 48 0 0 0
13796 0.570002 -0.000999994 -0.0419623 0.01 60 60 0 0 0
13799 0.628075 -0.000824016 -0.0631112 0.01 47 47 0 0 0
13830 0.628075 -0.000824016 -0.0631112 0.01 48 48 0 0 0
13849 0.579917 -0.000969947 -0.0419623 0.01 60 60 0 0 0
13850 0.647303 -0.00076575 -0.00221815 0.01 84 84 0 0 0
13857 0.570002 -0.000999994 -0.0419623 0.01 60 60 0 0 0
13863 0.628075 -0.000824016 -0.0631112 0.01 47 48 0 0 0
13879 0.628075 -0.000824016 -0.0631112 0.01 48 48 0 0 0
13888 0.628075 -0.000824016 -0.0631112 0.01 48 47 0 0 0
13893 0.628075 -0.000824016 -0.058812 0.01 47 47 0 0 0
13895 0.592996 -0.000930316 -0.0778373 0.01 60 60 0 0 0
13915 0.647303 -0.00076575 -0.00221815 0.01 84 84 0 0 0
13927 0.628075 -0.000824016 -0.0631112 0.01 48 47 0 0 0
13934 0.611632 -0.000873842 -0.0631112 0.01 47 47 0 0 0
13945 0.628075 -0.000824016 -0.0540775 0.01 47 47 0 0 0
13956 0.647303 -0.00076575 -0.00451881 0.01 85 85 0 0 0
13976 0.570002 -0.000999994 -0.0343243 0.01 60 60 0 0 0
13981 0.661828 -0.000721734 -0.00221815 0.01 84 84 0 0 0
13989 0.617018 -0.000857521 -0.0631112 0.01 47 47 0 0 0
13992 0.647303 -0.00076575 -0.00221815 0.01 85 84 0 0 0
13996 0.628075 -0.000824016 -0.0631112 0.01 47 48 0 0 0
13997 0.617018 -0.000857521 -0.0631112 0.01 46 46 0 0 0
13999 0.628075 -0.000824016 -0.0530411 0.01 48 48 0 0 0
14003 0.617018 -0.000857521 -0.0631112 0.01 47 47 0 0 0
14014 0.570002 -0.000999994 -0.0163637 0.01 60 60 0 0 0
14033 0.561314 -0.00102632 -0.0577841 0.01 60 60 0 0 0
14049 0.619805 -0.000849075 -0.0631112 0.01 47 48 0 0 0
14057 0.570002 -0.000999994 -0.031175 0.01 60 61 0 0 0
14069 0.647303 -0.00076575 -0.00221815 0.01 85 85 0 0 0
14079 0.647303 -0.00076575 -0.00221815 0.01 84 84 0 0 0
14080 0.628075 -0.000824016 -0.0631112 0.01 47 47 0 0 0
14087 0.647303 -0.00076575 -0.00221815 0.01 84 84 0 0 0
14089 0.628075 -0.000824016 -0.0631112 0.01 48 48 0 0 0
14090 0.647303 -0.00076575 -0.00221815 0.01 84 84 0 0 0
14102 0.602817 -0.000900555 -0.0515358 0.01 60 60 0 0 0
14127 0.596762 -0.000918904 -0.0440675 0.01 60 60 0 0 0
14135 0.593922 -0.000927508 -0.0501493 0.01 60 59 0 0 0
14157 0.61916 -0.000851029 -0.0631112 0.01 47 47 0 0 0
14162 0.567481 -0.00100763 -0.0778373 0.01 48 48 0 0 0
14167 0.628075 -0.000824016 -0.0631112 0.01 48 48 0 0 0
14175 0.647303 -0.00076575 -0.00221815 0.01 85 85 0 0 0
14188 0.628075 -0.000824016 -0.0455585 0.01 46 46 0 0 0
14189 0.61916 -0.000851029 -0.0631112 0.01 47 47 0 0 0
14190 0.630068 -0.000817976 -0.0631112 0.01 47 47 0 0 0
14195 0.647303 -0.00076575 -0.00221815 0.01 84 84 0 0 0
14218 0.636546 -0.000798346 -0.0631112 0.01 48 48 0 0 0
14224 0.628075 -0.000824016 -0.0631112 0.01 48 48 0 0 0
14227 0.617018 -0.000857521 -0.0631112 0.01 46 46 0 0 0
14265 0.647303 -0.00076575 -0.00451881 0.01 86 86 0 0 0
14269 0.554434 -0.00104717 -0.0419623 0.01 60 60 0 0 0
14288 0.628075 -0.000824016 -0.0631112 0.01 47 47 0 0 0
14291 0.642832 -0.000779297 -0.00221815 0.01 84 84 0 0 0
14292 0.596762 -0.000918904 -0.0156064 0.01 60 60 0 0 0
14294 0.579917 -0.000969947 -0.0554484 0.01 60 60 0 0 0
14295 0.647303 -0.00076575 -0.00221815 0.01 85 85 0 0 0
14308 0.643058 -0.000778612 -0.0530411 0.01 48 48 0 0 0
14310 0.642832 -0.000779297 -0.00221815 0.01 85 85 0 0 0
14315 0.628075 -0.000824016 -0.0615032 0.01 48 48 0 0 0
14317 0.628075 -0.000824016 -0.0631112 0.01 47 47 0 0 0
14319 0.628075 -0.000824016 -0.0631112 0.01 48 48 0 0 0
14323 0.628075 -0.000824016 -0.0631112 0.01 48 47 0 0 0
14326 0.647303 -0.00076575 -0.00221815 0.01 85 85 0 0 0
14338 0.614825 -0.000864166 -0.0615032 0.01 48 49 0.00712827 -0.0132496 0
14349 0.642832 -0.000779297 -0.016758 0.01 84 84 0 0 0
14361 0.628075 -0.000824016 -0.0631112 0.01 48 48 0 0 0
14362 0.617018 -0.000857521 -0.0631112 0.01 46 46 0 0 0
14363 0.554434 -0.00104717 -0.0419623 0.01 60 60 0 0 0
14366 0.617018 -0.000857521 -0.0631112 0.01 47 47 0 0 0
14367 0.628075 -0.000824016 -0.0530411 0.01 48 48 0 0 0
14368 0.628075 -0.000824016 -0.0706447 0.01 47 48 0 0 0
14377 0.570002 -0.000999994 -0.0419623 0.01 60 60 0 0 0
14389 0.654902 -0.000742722 -0.0232952 0.01 60 60 0 0 0
14412 0.628075 -0.000824016 -0.0631112 0.01 46 48 0 0 0
14418 0.628075 -0.000824016 -0.0631112 0.01 48 48 0 0 0
14421 0.628075 -0.000824016 -0.0631112 0.01 48 48 0 0 0
14422 0.61558 -0.000861879 -0.0631112 0.01 48 48 0 0 0
14423 0.571186 -0.000996407 -0.0419623 0.01 60 60 0 0 0
14425 0.598834 -0.000912625 -0.0809529 0.01 60 59 -0.000415951 0 -0.00459487
14427 0.628075 -0.000824016 -0.0631112 0.01 48 48 0 0 0
14429 0.570002 -0.000999994 -0.0307508 0.01 60 60 0 0 0
14444 0.628075 -0.000824016 -0.0631112 0.01 47 47 0 0 0
14451 0.611632 -0.000873842 -0.0631112 0.01 48 48 0 0 0
14463 0.572364 -0.000992838 -0.032811 0.01 60 60 0 0 0
14480 0.628075 -0.000824016 -0.0455585 0.01 46 46 0 0 0
14499 0.628075 -0.000824016 -0.058812 0.01 46 46 0 0 0
14500 0.628075 -0.000824016 -0.0789241 0.01 48 48 0 0 0
14502 0.567481 -0.00100763 -0.0778373 0.01 48 48 0 0 0
14514 0.617018 -0.000857521 -0.0631112 0.01 47 47 0 0 0
14516 0.617018 -0.000857521 -0.0631112 0.01 46 46 0 0 0
14522 0.647303 -0.00076575 -0.00451881 0.01 86 86 0 0 0
14530 0.628075 -0.000824016 -0.0631112 0.01 47 47 0 0 0
14531 0.628075 -0.000824016 -0.0540775 0.01 47 47 0 0 0
14543 0.555169 -0.00104494 -0.0419623 0.01 60 61 0 0 0
14549 0.628075 -0.000824016 -0.0530411 0.01 48 48 0 0 0
14555 0.598039 -0.000915034 -0.0690585 0.01 60 60 0 0 0
14559 0.647303 -0.00076575 -0.00221815 0.01 85 85 0 0 0
14579 0.628075 -0.000824016 -0.0631112 0.01 47 47 0 0 0
14581 0.628075 -0.000824016 -0.0631112 0.01 48 48 0 0 0
14593 0.628075 -0.000824016 -0.0631112 0.01 47 47 0 0 0
14596 0.617018 -0.000857521 -0.0631112 0.01 47 47 0 0 0
14619 0.570002 -0.000999994 -0.031175 0.01 60 60 0 0 0
14622 0.628075 -0.000824016 -0.0494864 0.01 48 48 0.00103967 0 0.0136248
14627 0.647303 -0.00076575 -0.00221815 0.01 85 85 0 0 0
14636 0.607818 -0.000885399 -0.0719448 0.01 47 47 0 0 0
14638 0.628075 -0.000824016 -0.0631112 0.01 47 47 0 0 0
14644 0.632176 -0.000811588 -0.0631112 0.01 48 48 0 0 0
14645 0.642832 -0.000779297 -0.00221815 0.01 84 84 0 0 0
14655 0.570002 -0.000999994 -0.0578614 0.01 60 59 0 0 0
14665 0.570002 -0.000999994 -0.0578614 0.01 60 60 0 0 0
14674 0.647303 -0.00076575 -0.00451881 0.01 86 86 0 0 0
14679 0.574721 -0.000985695 -0.0396369 0.01 60 60 0 0 0
14680 0.596762 -0.000918904 -0.0322399 0.01 60 60 0 0 0
14683 0.628075 -0.000824016 -0.0631112 0.01 48 47 0 0 0
14688 0.570002 -0.000999994 -0.0469017 0.01 60 59 0 0 0
14700 0.596762 -0.000918904 -0.0322399 0.01 60 60 0 0 0
14721 0.628075 -0.000824016 -0.0631112 0.01 48 48 0 0 0
14726 0.647303 -0.00076575 -0.00451881 0.01 84 84 0 0 0
14748 0.628075 -0.000824016 -0.0631112 0.01 47 47 0 0 0
14754 0.570002 -0.000999994 -0.0163637 0.01 60 60 0 0 0
14759 0.570002 -0.000999994 -0.0419623 0.01 60 60 0 0 0
14760 0.596762 -0.000918904 -0.0156064 0.01 60 60 0.00230634 0 0.0166335
14761 0.628075 -0.000824016 -0.0631112 0.01 47 47 0 0 0
14766 0.628075 -0.000824016 -0.0631112 0.01 47 47 0 0 0
14780 0.61558 -0.000861879 -0.0631112 0.01 48 47 0 0 0
14794 0.562436 -0.00102292 -0.0419623 0.01 60 61 0 0 0
14795 0.617018 -0.000857521 -0.0631112 0.01 46 46 0 0 0
14800 0.628075 -0.000824016 -0.0631112 0.01 47 47 0 0 0
14805 0.628075 -0.000824016 -0.0631112 0.01 47 47 0 0 0
14830 0.560475 -0.00102886 -0.0419623 0.01 60 60 0 0 0
14833 0.628075 -0.000824016 -0.0631112 0.01 47 49 0 0 0
14844 0.570002 -0.000999994 -0.0564484 0.01 60 60 0 0 0
14845 0.628075 -0.000824016 -0.0530411 0.01 47 47 0 0 0
14847 0.560475 -0.00102886 -0.0419623 0.01 60 59 0 0 0
14858 0.580588 -0.000967916 -0.0871855 0.01 48 49 0 0 0
14868 0.628075 -0.000824016 -0.0631112 0.01 47 47 0 0 0
14876 0.628075 -0.000824016 -0.0631112 0.01 48 48 0 0 0
14878 0.580204 -0.000969078 -0.032811 0.01 60 60 0 0 0
14879 0.619194 -0.000850927 -0.0631112 0.01 48 50 0 0 0
14881 0.628075 -0.000824016 -0.0530411 0.01 48 48 0 0 0
14891 0.617018 -0.000857521 -0.0631112 0.01 46 46 0 0 0
14903 0.62226 -0.000841636 -0.0476812 0.01 60 60 0 0 0
14904 0.548573 -0.00106493 -0.0419623 0.01 60 59 0 0 0
14906 0.628075 -0.000824016 -0.058812 0.01 46 46 0 0 0
14908 0.554023 -0.00104842 -0.0564484 0.01 60 60 0 0 0
14925 0.647303 -0.00076575 -0.00221815 0.01 84 84 0 0 0
14927 0.607818 -0.000885399 -0.0631112 0.01 48 47 0 0 0
14937 0.628075 -0.000824016 -0.0631112 0.01 48 48 0 0 0
14940 0.628075 -0.000824016 -0.0631112 0.01 48 48 0 0 0
14953 0.628075 -0.000824016 -0.0789241 0.01 48 48 0 0 0
14954 0.628075 -0.000824016 -0.0562325 0.01 47 47 0 0 0
14962 0.628075 -0.000824016 -0.0631112 0.01 48 48 0 0 0
14978 0.617018 -0.000857521 -0.0631112 0.01 46 46 0 0 0
14987 0.647303 -0.00076575 -0.00221815 0.01 86 86 0 0 0
14990 0.628075 -0.000824016 -0.0424947 0.01 48 49 0 0 0
14998 0.647303 -0.00076575 -0.00221815 0.01 85 85 0 0 0
15016 0.647303 -0.00076575 -0.00451881 0.01 86 86 0 0 0
15024 0.60487 -0.000894332 -0.0642004 0.01 60 60 0 0 0
15034 0.567481 -0.00100763 -0.0778373 0.01 48 48 0 0 0
15043 0.632176 -0.000811588 -0.0631112 0.01 48 48 0 0 0
15045 0.628075 -0.000824016 -0.0631112 0.01 47 47 0 0 0
15053 0.594299 -0.000926368 -0.0429003 0.01 60 60 0 0 0
15061 0.62226 -0.000841636 -0.0476812 0.01 60 60 0 0 0
15097 0.617018 -0.000857521 -0.0631112 0.01 46 46 0 0 0
15102 0.636546 -0.000798346 -0.0631112 0.01 48 48 0 0 0
15107 0.637655 -0.000794985 -0.00221815 0.01 84 84 0 0 0
15112 0.620579 -0.000846732 -0.0631112 0.01 48 48 0 0 0
15123 0.628075 -0.000824016 -0.0631112 0.01 48 48 0 0 0
15125 0.647303 -0.00076575 -0.00221815 0.01 84 84 0 0 0
15140 0.628075 -0.000824016 -0.0631112 0.01 48 48 0 0 0
15142 0.647303 -0.00076575 -0.00221815 0.01 84 84 0 0 0
15145 0.564818 -0.0010157 -0.0394427 0.01 60 60 0 0 0
15173 0.583484 -0.000959139 -0.0275247 0.01 60 60 0 0 0
15195 0.570002 -0.000999994 -0.0419623 0.01 60 60 0 0 0
15202 0.617018 -0.000857521 -0.0587857 0.01 46 47 0 0 0
15208 0.628075 -0.000824016 -0.0631112 0.01 48 48 0 0 0
15211 0.562436 -0.00102292 -0.0419623 0.01 60 60 0 0 0
15214 0.647303 -0.00076575 -0.00221815 0.01 84 84 0 0 0
15230 0.570795 -0.000997591 -0.0419623 0.01 60 60 0 0 0
15240 0.628075 -0.000824016 -0.0631112 0.01 47 47 0 0 0
15264 0.631159 -0.000814669 -0.0530411 0.01 48 48 0 0 0
15265 0.630927 -0.000815372 -0.077506 0.01 48 49 0 0 0
15274 0.628075 -0.000824016 -0.0631112 0.01 48 49 0 0 0
15284 0.617018 -0.000857521 -0.0631112 0.01 46 46 0 0 0
15291 0.628075 -0.000824016 -0.0500496 0.01 47 47 0 0 0
15298 0.596762 -0.000918904 -0.0317331 0.01 60 60 0 0 0
15304 0.570002 -0.000999994 -0.0223147 0.01 60 59 0 0 0
15316 0.570002 -0.000999994 -0.0299941 0.01 60 60 0 0 0
15317 0.628075 -0.000824016 -0.058812 0.01 47 46 0 0 0
15329 0.617018 -0.000857521 -0.0631112 0.01 46 46 0 0 0
15344 0.647303 -0.00076575 -0.00221815 0.01 84 84 0 0 0
15345 0.570002 -0.000999994 -0.0419623 0.01 60 60 0 0 0
15361 0.628075 -0.000824016 -0.0530411 0.01 48 48 0 0 0
15381 0.628075 -0.000824016 -0.0631112 0.01 47 47 0 0 0
15396 0.642556 -0.000780133 -0.00221815 0.01 85 85 0 0 0
15412 0.628075 -0.000824016 -0.0631112 0.01 48 48 0 0 0
15421 0.561192 -0.00102669 -0.0419623 0.01 60 60 0 0 0
15424 0.647303 -0.00076575 -0.00221815 0.01 84 84 0 0 0
15432 0.617018 -0.000857521 -0.0631112 0.01 46 46 0 0 0
15433 0.617018 -0.000857521 -0.0587857 0.01 47 47 0 0 0
15437 0.617018 -0.000857521 -0.0631112 0.01 46 46 0 0 0
15440 0.628075 -0.000824016 -0.0631112 0.01 47 47 0 0 0
15463 0.570002 -0.000999994 -0.0405168 0.01 60 60 0 0 0
15466 0.646803 -0.000767263 -0.0631112 0.01 47 47 0 0 0
15469 0.523818 -0.00113995 -0.0419623 0.01 60 60 0 0 0
15475 0.62173 -0.000843242 -0.0449643 0.01 60 60 0 0 0
15479 0.617018 -0.000857521 -0.0631112 0.01 46 46 0 0 0
15480 0.628075 -0.000824016 -0.0631112 0.01 48 48 0 0 0
15490 0.583484 -0.000959139 -0.0275247 0.01 60 60 0 0 0
15498 0.669572 -0.000698267 -0.0631112 0.01 48 48 -0.0172794 0.0373959 0
15508 0.60487 -0.000894332 -0.0679942 0.01 60 59 0 0 0
15518 0.613956 -0.000866799 -0.0181501 0.01 60 60 0 0 0
15564 0.611632 -0.000873842 -0.0631112 0.01 48 48 0 0 0
15569 0.617018 -0.000857521 -0.0631112 0.01 46 46 0 0 0
15605 0.647303 -0.00076575 -0.00221815 0.01 84 85 0 0 0
15610 0.596762 -0.000918904 -0.0317331 0.01 60 60 0 0 0
15613 0.596762 -0.000918904 -0.0322399 0.01 60 60 0 0 0
15626 0.617018 -0.000857521 -0.0587857 0.01 47 47 0 0 0
15628 0.527869 -0.00112767 -0.0564484 0.01 60 60 0.0232252 -0.0261535 0
15631 0.628075 -0.000824016 -0.0631112 0.01 47 47 0 0 0
15632 0.628075 -0.000824016 -0.058812 0.01 46 46 0 0 0
15636 0.61916 -0.000851029 -0.063272 0.01 47 47 -1.60635e-05 0 -0.000160761
15654 0.628075 -0.000824016 -0.0631112 0.01 48 48 0 0 0
15665 0.584807 -0.00095513 -0.0665164 0.01 60 60 0 0 0
15668 0.576146 -0.000981376 -0.0697979 0.01 60 60 0 0 0
15670 0.617018 -0.000857521 -0.0631112 0.01 46 46 0 0 0
15684 0.628075 -0.000824016 -0.0631112 0.01 47 47 0 0 0
15693 0.617018 -0.000857521 -0.0631112 0.01 46 46 0 0 0
15702 0.594182 -0.000926721 -0.0698542 0.01 60 60 0 0 0
15711 0.642832 -0.000779297 -0.00221815 0.01 84 84 0 0 0
15717 0.567481 -0.00100763 -0.0778373 0.01 48 48 0 0 0
15721 0.570002 -0.000999994 -0.0419623 0.01 60 60 0 0 0
15740 0.561063 -0.00102708 -0.0813366 0.01 48 49 0 0 0
15748 0.570002 -0.000999994 -0.033886 0.01 60 60 0 0 0
15762 0.628075 -0.000824016 -0.0631112 0.01 46 47 0 0 0
15778 0.647303 -0.00076575 -0.00221815 0.01 84 84 0 0 0
15780 0.570002 -0.000999994 -0.0564484 0.01 60 60 0 0 0
15782 0.617018 -0.000857521 -0.0631112 0.01 46 46 0 0 0
15789 0.642832 -0.000779297 -0.00221815 0.01 84 84 0 0 0
15798 0.628075 -0.000824016 -0.0631112 0.01 47 48 0 0 0
15799 0.628075 -0.000824016 -0.0631112 0.01 47 48 0 0 0
15804 0.628075 -0.000824016 -0.0530411 0.01 47 47 0 0 0
15806 0.628075 -0.000824016 -0.0523334 0.01 47 47 0 0 0
15809 0.570002 -0.000999994 -0.0223147 0.01 60 60 0 0 0
15810 0.647303 -0.00076575 -0.00221815 0.01 84 84 0 0 0
15816 0.628075 -0.000824016 -0.0631112 0.01 47 47 0 0 0
15820 0.628075 -0.000824016 -0.0631112 0.01 48 48 0 0 0
15836 0.647303 -0.00076575 -0.00221815 0.01 84 84 0 0 0
15837 0.567481 -0.00100763 -0.0778373 0.01 48 48 0 0 0
15838 0.628075 -0.000824016 -0.058812 0.01 46 46 0 0 0
15842 0.583484 -0.000959139 -0.0515358 0.01 60 60 0 0 0
15859 0.628075 -0.000824016 -0.0631112 0.01 47 47 0 0 0
15861 0.619194 -0.000850927 -0.0744023 0.01 48 48 0 0 0
15868 0.567481 -0.00100763 -0.0778373 0.01 48 48 0 0 0
15887 0.617018 -0.000857521 -0.0631112 0.01 48 47 0 0 0
15889 0.647303 -0.00076575 -0.00221815 0.01 85 85 0 0 0
15891 0.628075 -0.000824016 -0.0631112 0.01 47 47 0 0 0
15911 0.628075 -0.000824016 -0.0631112 0.01 47 47 0 0 0
15915 0.628075 -0.000824016 -0.0540775 0.01 48 48 0 0 0
15918 0.617018 -0.000857521 -0.0631112 0.01 47 47 0 0 0
15932 0.628075 -0.000824016 -0.0540775 0.01 48 48 0 0 0
15937 0.636546 -0.000798346 -0.0631112 0.01 48 48 0 0 0
15949 0.628075 -0.000824016 -0.0631112 0.01 46 47 0 0 0
15955 0.62173 -0.000843242 -0.0449643 0.01 60 60 0 0 0
15965 0.628075 -0.000824016 -0.05466 0.01 47 47 0 0 0
15980 0.560475 -0.00102886 -0.0419623 0.01 60 60 0 0 0
15984 0.61916 -0.000851029 -0.0631112 0.01 47 47 0 0 0
15989 0.651476 -0.000753104 -0.0530411 0.01 48 48 0 0 0
15997 0.647303 -0.00076575 -0.00221815 0.01 85 85 0 0 0
15999 0.617018 -0.000857521 -0.0631112 0.01 46 46 0 0 0
16010 0.628075 -0.000824016 -0.0631112 0.01 46 47 0 0 0
16032 0.628075 -0.000824016 -0.0540775 0.01 47 47 0 0 0
16035 0.584807 -0.00095513 -0.0665164 0.01 60 60 0 0 0
16039 0.647303 -0.00076575 -0.00221815 0.01 84 84 0 0 0
16056 0.619194 -0.000850927 -0.0631112 0.01 48 48 0 0 0
16060 0.628075 -0.000824016 -0.0631112 0.01 48 49 0 0 0
16073 0.628075 -0.000824016 -0.0631112 0.01 48 48 0 0 0
16075 0.570002 -0.000999994 -0.0419623 0.01 60 60 0 0 0
16076 0.647303 -0.00076575 -0.00221815 0.01 84 84 0 0 0
16078 0.570002 -0.000999994 -0.0564484 0.01 60 60 0 0 0
16079 0.643058 -0.000778612 -0.0530411 0.01 48 48 0 0 0
16084 0.628075 -0.000824016 -0.0631112 0.01 47 47 0 0 0
16088 0.628075 -0.000824016 -0.0631112 0.01 47 47 0 0 0
16092 0.630927 -0.000815372 -0.0649858 0.01 48 48 0 0 0
16095 0.647303 -0.00076575 -0.00451881 0.01 85 85 0 0 0
16103 0.647303 -0.00076575 -0.00221815 0.01 85 85 0 0 0
16105 0.647303 -0.00076575 -0.00221815 0.01 84 84 0 0 0
16109 0.628075 -0.000824016 -0.058812 0.01 46 46 0 0 0
16110 0.570002 -0.000999994 -0.033886 0.01 60 60 0 0 0
16111 0.628075 -0.000824016 -0.058812 0.01 47 47 0 0 0
16112 0.617018 -0.000857521 -0.0631112 0.01 46 46 0 0 0
16113 0.647303 -0.00076575 -0.00451881 0.01 84 84 0 0 0
16122 0.647303 -0.00076575 -0.00221815 0.01 84 84 0 0 0
16123 0.647303 -0.00076575 -0.00221815 0.01 85 85 0 0 0
16124 0.628075 -0.000824016 -0.0631112 0.01 48 48 0 0 0
16146 0.647303 -0.00076575 -0.00451881 0.01 86 86 0 0 0
16152 0.632176 -0.000811588 -0.0631112 0.01 48 48 0 0 0
16179 0.561314 -0.00102632 -0.0577841 0.01 60 60 0 0 0
16185 0.583484 -0.000959139 -0.0515358 0.01 60 60 0 0 0
16186 0.619194 -0.000850927 -0.0807138 0.01 48 48 0 0 0
16205 0.647303 -0.00076575 -0.00221815 0.01 84 84 0 0 0
16216 0.617018 -0.000857521 -0.0631112 0.01 46 46 0 0 0
16226 0.595079 -0.000924002 -0.0807138 0.01 47 49 0.0136045 -0.0241147 0
16242 0.583484 -0.000959139 -0.0581936 0.01 60 60 0 0 0
16243 0.619194 -0.000850927 -0.0733854 0.01 60 60 0 0 0
16250 0.628075 -0.000824016 -0.0631112 0.01 47 47 0 0 0
16252 0.61558 -0.000861879 -0.0631112 0.01 47 47 0 0 0
16261 0.628075 -0.000824016 -0.0631112 0.01 48 49 0 0 0
16286 0.61916 -0.000851029 -0.0631112 0.01 47 46 0 0 0
16292 0.554023 -0.00104842 -0.0564484 0.01 60 60 0 0 0
16299 0.635592 -0.000801236 -0.00221815 0.01 84 84 0.0107843 -0.0117105 0
16304 0.567481 -0.00100763 -0.0778373 0.01 47 48 0 0 0
16310 0.647303 -0.00076575 -0.00221815 0.01 84 84 0 0 0
16313 0.647303 -0.00076575 -0.00221815 0.01 85 85 0 0 0
16314 0.570002 -0.000999994 -0.0333595 0.01 60 60 0 0 0
16320 0.607818 -0.000885399 -0.0631112 0.01 47 47 0 0 0
16321 0.647303 -0.00076575 -0.00221815 0.01 84 84 0 0 0
16322 0.628075 -0.000824016 -0.0631112 0.01 47 47 0 0 0
16324 0.611632 -0.000873842 -0.0631112 0.01 48 48 0 0 0
16332 0.628075 -0.000824016 -0.0629852 0.01 47 47 0 0 0
16337 0.628075 -0.000824016 -0.0631112 0.01 48 49 0 0 0
16339 0.570002 -0.000999994 -0.0299605 0.01 60 60 0 0 0
16340 0.628075 -0.000824016 -0.0631112 0.01 47 47 0 0 0
16343 0.628075 -0.000824016 -0.0631112 0.01 47 48 0 0 0
16345 0.554023 -0.00104842 -0.0564484 0.01 60 60 0 0 0
16355 0.572364 -0.000992838 -0.032811 0.01 60 60 0 0 0
16362 0.647303 -0.00076575 -0.00221815 0.01 85 84 0 0 0
16364 0.617018 -0.000857521 -0.0631112 0.01 47 47 0 0 0
16369 0.628075 -0.000824016 -0.0631112 0.01 47 47 0 0 0
16376 0.628075 -0.000824016 -0.0631112 0.01 47 47 0 0 0
16386 0.562436 -0.00102292 -0.0419623 0.01 60 59 0 0 0
16391 0.611632 -0.000873842 -0.0631112 0.01 46 46 0 0 0
16393 0.647303 -0.00076575 -0.00221815 0.01 84 84 0 0 0
16399 0.620579 -0.000846732 -0.0631112 0.01 48 48 0 0 0
16401 0.628075 -0.000824016 -0.0631112 0.01 48 48 0 0 0
16407 0.628075 -0.000824016 -0.058812 0.01 48 46 0 0 0
16434 0.632176 -0.000811588 -0.0631112 0.01 48 48 0 0 0
16454 0.570002 -0.000999994 -0.0223147 0.01 60 60 0 0 0
16462 0.596762 -0.000918904 -0.0156064 0.01 60 60 0 0 0
16470 0.570002 -0.000999994 -0.0307508 0.01 60 61 0 0 0
16483 0.647303 -0.00076575 -0.00221815 0.01 84 84 0 0 0
16490 0.619194 -0.000850927 -0.0807138 0.01 48 49 0 0 0
16497 0.617018 -0.000857521 -0.0631112 0.01 46 46 0 0 0
16498 0.617018 -0.000857521 -0.0631112 0.01 46 46 0 0 0
16508 0.647303 -0.00076575 -0.00221815 0.01 85 85 0 0 0
16510 0.628075 -0.000824016 -0.0631112 0.01 47 47 0 0 0
16522 0.570002 -0.000999994 -0.0343243 0.01 60 60 0 0 0
16523 0.555169 -0.00104494 -0.0419623 0.01 60 60 0 0 0
16534 0.628075 -0.000824016 -0.0631112 0.01 47 47 0 0 0
16539 0.628075 -0.000824016 -0.0653554 0.01 48 48 -0.000170484 0 -0.00224422
16540 0.628075 -0.000824016 -0.058812 0.01 48 47 0 0 0
16543 0.564818 -0.0010157 -0.0394427 0.01 60 60 0 0 0
16547 0.567481 -0.00100763 -0.0778373 0.01 48 48 0 0 0
16552 0.617018 -0.000857521 -0.0631112 0.01 46 46 0 0 0
16556 0.628075 -0.000824016 -0.0631112 0.01 48 49 0 0 0
16591 0.628075 -0.000824016 -0.0530411 0.01 48 48 0 0 0
16603 0.628075 -0.000824016 -0.0631112 0.01 46 47 0 0 0
16604 0.628075 -0.000824016 -0.0631112 0.01 47 47 0 0 0
16608 0.628075 -0.000824016 -0.0631112 0.01 47 47 0 0 0
16610 0.570002 -0.000999994 -0.044011 0.01 60 60 0 0 0
16615 0.561314 -0.00102632 -0.0577841 0.01 60 60 0 0 0
16621 0.628075 -0.000824016 -0.058812 0.01 46 46 0 0 0
16635 0.647303 -0.00076575 -0.00451881 0.01 86 86 0 0 0
16641 0.611632 -0.000873842 -0.0631112 0.01 48 48 0 0 0
16642 0.628075 -0.000824016 -0.0631112 0.01 48 49 0 0 0
16663 0.628075 -0.000824016 -0.058812 0.01 47 48 0 0 0
16691 0.628075 -0.000824016 -0.0631112 0.01 47 47 0 0 0
16694 0.628075 -0.000824016 -0.0622583 0.01 47 47 0 0 0
16697 0.630927 -0.000815372 -0.0649858 0.01 48 48 0 0 0
16699 0.628075 -0.000824016 -0.0631112 0.01 47 47 0 0 0
16709 0.570002 -0.000999994 -0.0419623 0.01 60 60 0 0 0
16729 0.576814 -0.000979351 -0.0168619 0.01 60 60 0.000999898 0 0.00675965
16732 0.570002 -0.000999994 -0.0565989 0.01 60 60 0 0 0
16738 0.628075 -0.000824016 -0.0631112 0.01 46 47 0 0 0
16744 0.647303 -0.00076575 -0.00221815 0.01 84 83 0 0 0
16757 0.647303 -0.00076575 -0.00221815 0.01 84 84 0 0 0
16762 0.643058 -0.000778612 -0.0530411 0.01 48 48 0 0 0
16764 0.593922 -0.000927508 -0.0501493 0.01 60 60 0 0 0
16767 0.628075 -0.000824016 -0.05466 0.01 48 48 0 0 0
16768 0.647303 -0.00076575 -0.00221815 0.01 84 84 0 0 0
16777 0.628075 -0.000824016 -0.0631112 0.01 47 47 0 0 0
16778 0.630927 -0.000815372 -0.083273 0.01 48 49 0 0 0
16782 0.617018 -0.000857521 -0.0631112 0.01 46 46 0 0 0
16804 0.647303 -0.00076575 -0.0178711 0.01 84 84 -0.104324 0 -0.015653
16811 0.632105 -0.000811802 -0.0631112 0.01 48 48 0 0 0
16832 0.570002 -0.000999994 -0.044011 0.01 60 60 0 0 0
16837 0.594182 -0.000926721 -0.0698542 0.01 60 60 0 0 0
16851 0.617018 -0.000857521 -0.0631112 0.01 46 46 0 0 0
16854 0.628075 -0.000824016 -0.0631112 0.01 48 48 0 0 0
16855 0.647303 -0.00076575 -0.00221815 0.01 84 84 0 0 0
16862 0.617018 -0.000857521 -0.0631112 0.01 47 47 0 0 0
16863 0.628075 -0.000824016 -0.0631112 0.01 47 47 0 0 0
16867 0.570002 -0.000999994 -0.033886 0.01 60 60 0 0 0
16869 0.647303 -0.00076575 -0.00221815 0.01 84 84 0 0 0
16874 0.64752 -0.000765092 -0.00221815 0.01 85 85 0 0 0
16896 0.653639 -0.000746547 -0.0631112 0.01 48 48 0 0 0
16897 0.570002 -0.000999994 -0.0564484 0.01 60 60 0 0 0
16898 0.647303 -0.00076575 -0.00221815 0.01 84 84 0 0 0
16913 0.647303 -0.00076575 -0.00221815 0.01 85 85 0 0 0
16924 0.570002 -0.000999994 -0.0578614 0.01 60 60 0 0 0
16939 0.583484 -0.000959139 -0.0515358 0.01 60 61 0 0 0
16946 0.647303 -0.00076575 -0.00221815 0.01 85 85 0 0 0
16972 0.5581 -0.00103606 -0.0419623 0.01 60 60 0 0 0
16973 0.631734 -0.000812926 -0.024664 0.01 60 61 0 0 0
16981 0.569918 -0.00100025 -0.053534 0.01 60 60 0 0 0
17008 0.628075 -0.000824016 -0.0631112 0.01 47 48 0 0 0
17010 0.628075 -0.000824016 -0.0530411 0.01 48 49 0 0 0
17031 0.647303 -0.00076575 -0.00221815 0.01 85 85 0 0 0
17038 0.628075 -0.000824016 -0.0530411 0.01 48 48 0 0 0
17041 0.618924 -0.000851746 -0.058812 0.01 47 47 0.00453568 -0.00915104 0
17044 0.632049 -0.000811974 -0.035668 0.01 60 62 0 0 0
17047 0.570002 -0.000999994 -0.0419623 0.01 60 60 0 0 0
17050 0.590179 -0.000938852 -0.0515358 0.01 60 60 0 0 0
17063 0.611632 -0.000873842 -0.0631112 0.01 46 46 0 0 0
17073 0.596762 -0.000918904 -0.0317331 0.01 60 60 0 0 0
17075 0.628075 -0.000824016 -0.0631112 0.01 48 48 0 0 0
17080 0.561192 -0.00102669 -0.0419623 0.01 60 60 0 0 0
17082 0.647303 -0.00076575 -0.00221815 0.01 85 85 0 0 0
17085 0.628075 -0.000824016 -0.0631112 0.01 48 48 0 0 0
17098 0.628075 -0.000824016 -0.0631112 0.01 47 47 0 0 0
17104 0.593922 -0.000927508 -0.0501493 0.01 60 60 0 0 0
17110 0.619194 -0.000850927 -0.0807138 0.01 48 48 0 0 0
17111 0.617018 -0.000857521 -0.0587857 0.01 46 46 0 0 0
17113 0.630068 -0.000817976 -0.0631112 0.01 46 47 0 0 0
17115 0.610138 -0.000878369 -0.0631112 0.01 47 47 0 0 0
17129 0.628075 -0.000824016 -0.058812 0.01 46 46 0 0 0
17134 0.647303 -0.00076575 -0.00221815 0.01 84 84 0 0 0
17141 0.628075 -0.000824016 -0.0631112 0.01 48 48 0 0 0
17148 0.628075 -0.000824016 -0.0789241 0.01 47 48 0 0 0
17151 0.617018 -0.000857521 -0.0631112 0.01 47 47 0 0 0
17182 0.647303 -0.00076575 -0.00221815 0.01 84 84 0 0 0
17185 0.628075 -0.000824016 -0.0530411 0.01 47 47 0 0 0
17201 0.584807 -0.00095513 -0.0665164 0.01 60 60 0 0 0
17212 0.628075 -0.000824016 -0.0631112 0.01 48 48 0 0 0
17218 0.619194 -0.000850927 -0.0744023 0.01 47 49 0 0 0
17227 0.617018 -0.000857521 -0.0631112 0.01 46 46 0 0 0
17230 0.642832 -0.000779297 -0.016758 0.01 85 84 0 0 0
17232 0.611632 -0.000873842 -0.0631112 0.01 48 48 0 0 0
17233 0.628075 -0.000824016 -0.058812 0.01 46 46 0 0 0
17272 0.576146 -0.000981376 -0.0697979 0.01 60 60 0 0 0
17278 0.647303 -0.00076575 -0.00221815 0.01 85 85 0 0 0
17283 0.581232 -0.000965963 -0.0417968 0.01 60 60 0 0 0
17305 0.617018 -0.000857521 -0.0631112 0.01 46 46 0 0 0
17309 0.570002 -0.000999994 -0.0564484 0.01 60 60 0 0 0
17321 0.647303 -0.00076575 -0.00221815 0.01 84 84 0 0 0
17324 0.619194 -0.000850927 -0.0807138 0.01 48 48 0 0 0
17329 0.554023 -0.00104842 -0.0564484 0.01 60 60 0 0 0
17330 0.628075 -0.000824016 -0.0631112 0.01 48 47 0 0 0
17333 0.628075 -0.000824016 -0.0631112 0.01 47 47 0 0 0
17336 0.555169 -0.00104494 -0.0419623 0.01 60 60 0 0 0
17337 0.647303 -0.00076575 -0.00221815 0.01 84 84 0 0 0
17343 0.647303 -0.00076575 -0.00451881 0.01 84 84 0 0 0
17345 0.619194 -0.000850927 -0.0744023 0.01 48 48 0 0 0
17346 0.647303 -0.00076575 -0.00221815 0.01 84 84 0 0 0
17375 0.628075 -0.000824016 -0.06943 0.01 48 48 0 0 0
17380 0.632176 -0.000811588 -0.0631112 0.01 48 48 0 0 0
17389 0.596762 -0.000918904 -0.0317331 0.01 60 61 0 0 0
17399 0.609714 -0.000879655 -0.0631112 0.01 47 47 0.00923846 -0.0183612 0
17409 0.628075 -0.000824016 -0.0631112 0.01 48 48 0 0 0
17410 0.647303 -0.00076575 -0.00221815 0.01 84 84 0 0 0
17413 0.647303 -0.00076575 -0.00221815 0.01 84 84 0 0 0
17414 0.601561 -0.000904362 -0.0631112 0.01 48 48 0 0 0
17419 0.619194 -0.000850927 -0.0631112 0.01 48 48 0 0 0
17423 0.633739 -0.00080685 -0.0631112 0.01 60 60 0 0 0
17435 0.570002 -0.000999994 -0.0437631 0.01 60 61 0 0 0
17440 0.643141 -0.000778361 -0.0454617 0.01 60 61 0 0 0
17445 0.596762 -0.000918904 -0.0317331 0.01 60 60 0 0 0
17448 0.647303 -0.00076575 -0.00221815 0.01 84 84 0 0 0
17458 0.612773 -0.000870384 -0.0631112 0.01 48 48 0 0 0
17461 0.647303 -0.00076575 -0.00221815 0.01 85 85 0 0 0
17462 0.628075 -0.000824016 -0.0631112 0.01 47 47 0 0 0
17469 0.628075 -0.000824016 -0.0631112 0.01 48 48 0 0 0
17471 0.647303 -0.00076575 -0.00868229 0.01 84 84 0 0 0
17474 0.628075 -0.000824016 -0.0631112 0.01 48 49 0 0 0
17479 0.628075 -0.000824016 -0.0530411 0.01 48 48 0 0 0
17483 0.647303 -0.00076575 -0.00221815 0.01 85 85 0 0 0
17492 0.592327 -0.000932344 -0.0422583 0.01 48 49 0 0 0
17502 0.617018 -0.000857521 -0.0631112 0.01 46 46 0 0 0
17505 0.647303 -0.00076575 -0.00221815 0.01 84 84 0 0 0
17515 0.642832 -0.000779297 -0.00221815 0.01 84 84 0 0 0
17525 0.628075 -0.000824016 -0.0631112 0.01 47 47 0 0 0
17530 0.647303 -0.00076575 -0.00221815 0.01 84 84 0 0 0
17540 0.628075 -0.000824016 -0.0530411 0.01 48 48 0 0 0
17543 0.628075 -0.000824016 -0.0530411 0.01 48 48 0 0 0
17550 0.628075 -0.000824016 -0.0631112 0.01 48 48 0 0 0
17551 0.647303 -0.00076575 -0.00221815 0.01 84 84 0 0 0
17574 0.647303 -0.00076575 -0.00221815 0.01 85 85 0 0 0
17575 0.628075 -0.000824016 -0.0631112 0.01 47 47 0 0 0
17576 0.56545 -0.00101379 -0.0515358 0.01 60 61 0 0 0
17579 0.628075 -0.000824016 -0.0631112 0.01 47 47 0 0 0
17581 0.628075 -0.000824016 -0.0631112 0.01 48 48 0 0 0
17589 0.632095 -0.000811834 -0.064871 0.01 60 60 0 0 0
17592 0.561192 -0.00102669 -0.0419623 0.01 60 60 0 0 0
17594 0.628075 -0.000824016 -0.0631112 0.01 47 47 0 0 0
17606 0.647303 -0.00076575 -0.00221815 0.01 84 83 0 0 0
17607 0.628075 -0.000824016 -0.0631112 0.01 47 47 0 0 0
17610 0.617018 -0.000857521 -0.0631112 0.01 47 47 0 0 0
17614 0.630927 -0.000815372 -0.077506 0.01 48 48 0 0 0
17615 0.628075 -0.000824016 -0.0530411 0.01 48 48 0 0 0
17619 0.617018 -0.000857521 -0.0631112 0.01 46 46 0 0 0
17623 0.593922 -0.000927508 -0.0501493 0.01 60 60 0 0 0
17632 0.628075 -0.000824016 -0.0631112 0.01 47 47 0 0 0
17650 0.628075 -0.000824016 -0.0530411 0.01 47 47 0 0 0
17651 0.564818 -0.0010157 -0.0394427 0.01 60 60 0 0 0
17656 0.628075 -0.000824016 -0.0631112 0.01 48 48 0 0 0
17671 0.628075 -0.000824016 -0.0631112 0.01 48 48 0 0 0
17678 0.579834 -0.000970201 -0.0333595 0.01 60 60 0 0 0
17680 0.628075 -0.000824016 -0.0631112 0.01 48 48 0 0 0
17682 0.617018 -0.000857521 -0.0631112 0.01 46 46 0 0 0
17692 0.617018 -0.000857521 -0.0631112 0.01 47 47 0 0 0
17693 0.585177 -0.00095401 -0.0690585 0.01 60 61 0 0 0
17704 0.647303 -0.00076575 -0.00221815 0.01 85 85 0 0 0
17709 0.647303 -0.00076575 -0.00221815 0.01 85 85 0 0 0
17724 0.61558 -0.000861879 -0.0631112 0.01 47 47 0 0 0
17750 0.567481 -0.00100763 -0.0778373 0.01 48 48 0 0 0
17755 0.617018 -0.000857521 -0.0631112 0.01 46 46 0 0 0
17759 0.594182 -0.000926721 -0.0698542 0.01 60 59 0 0 0
17768 0.647303 -0.00076575 -0.00221815 0.01 86 86 0 0 0
17783 0.619194 -0.000850927 -0.0631112 0.01 48 48 0 0 0
17788 0.632105 -0.000811802 -0.0631112 0.01 48 48 0 0 0
17808 0.5581 -0.00103606 -0.0419623 0.01 60 60 0 0 0
17811 0.628075 -0.000824016 -0.0631112 0.01 47 47 0 0 0
17812 0.617018 -0.000857521 -0.0631112 0.01 46 46 0 0 0
17830 0.647303 -0.00076575 -0.00221815 0.01 84 84 0 0 0
17831 0.628075 -0.000824016 -0.0530411 0.01 48 48 0 0 0
17834 0.607818 -0.000885399 -0.0719448 0.01 47 47 0 0 0
17845 0.647303 -0.00076575 -0.00221815 0.01 84 84 0 0 0
17860 0.617018 -0.000857521 -0.0631112 0.01 46 46 0 0 0
17870 0.554023 -0.00104842 -0.0430226 0.01 60 60 0.00209787 0 0.0134257
17875 0.596762 -0.000918904 -0.0440675 0.01 60 60 0 0 0
17876 0.647303 -0.00076575 -0.00221815 0.01 84 84 0 0 0
17884 0.647927 -0.000763856 -0.00221815 0.01 84 84 0 0 0
17885 0.594299 -0.000926368 -0.0429003 0.01 60 60 0 0 0
17886 0.628075 -0.000824016 -0.0629852 0.01 47 47 0 0 0
17888 0.61916 -0.000851029 -0.0631112 0.01 47 47 0 0 0
17895 0.628075 -0.000824016 -0.058812 0.01 47 47 0 0 0
17899 0.647303 -0.00076575 -0.00451881 0.01 84 84 0 0 0
17918 0.617018 -0.000857521 -0.0631112 0.01 47 47 0 0 0
17921 0.570002 -0.000999994 -0.0437631 0.01 60 60 0 0 0
17932 0.628075 -0.000824016 -0.0631112 0.01 48 48 0 0 0
17934 0.570002 -0.000999994 -0.0417968 0.01 60 60 0 0 0
17936 0.628075 -0.000824016 -0.0631112 0.01 48 48 0 0 0
17941 0.617018 -0.000857521 -0.0631112 0.01 46 46 0 0 0
17949 0.613473 -0.000868263 -0.0631112 0.01 48 48 0 0 0
17952 0.647303 -0.00076575 -0.00221815 0.01 84 85 0 0 0
17966 0.636546 -0.000798346 -0.0631112 0.01 47 47 0 0 0
17970 0.628075 -0.000824016 -0.06943 0.01 48 48 0 0 0
17974 0.647303 -0.00076575 -0.00451881 0.01 86 86 0 0 0
17975 0.567481 -0.00100763 -0.0778373 0.01 48 48 0 0 0
17986 0.570002 -0.000999994 -0.0417968 0.01 60 60 0 0 0
17993 0.643058 -0.000778612 -0.0530411 0.01 48 48 0 0 0
18008 0.628075 -0.000824016 -0.0601231 0.01 47 47 0 0 0
18024 0.628075 -0.000824016 -0.0631112 0.01 47 48 0 0 0
18025 0.617018 -0.000857521 -0.0631112 0.01 46 46 0 0 0
18026 0.617018 -0.000857521 -0.0570735 0.01 46 46 0 0 0
18037 0.586454 -0.000950139 -0.05466 0.01 47 47 0.0221038 -0.0416207 0
18046 0.628075 -0.000824016 -0.0631112 0.01 48 48 0 0 0
18067 0.617018 -0.000857521 -0.0631112 0.01 46 46 0 0 0
18070 0.628075 -0.000824016 -0.0631112 0.01 46 47 0 0 0
18081 0.617018 -0.000857521 -0.0587857 0.01 48 48 0 0 0
18086 0.647303 -0.00076575 -0.00221815 0.01 84 84 0 0 0
18089 0.584807 -0.00095513 -0.090487 0.01 60 60 0 0 0
18093 0.61558 -0.000861879 -0.0631112 0.01 47 47 0 0 0
18099 0.619805 -0.000849075 -0.0631112 0.01 47 47 0 0 0
18104 0.647303 -0.00076575 -0.00221815 0.01 84 84 0 0 0
18105 0.628075 -0.000824016 -0.0631112 0.01 47 47 0 0 0
18122 0.636546 -0.000798346 -0.0628525 0.01 48 48 0 0 0
18141 0.647303 -0.00076575 -0.00221815 0.01 85 85 0 0 0
18148 0.628075 -0.000824016 -0.0631112 0.01 48 48 0 0 0
18149 0.647303 -0.00076575 -0.00221815 0.01 84 84 0 0 0
18155 0.619194 -0.000850927 -0.0631112 0.01 48 48 0 0 0
18167 0.628075 -0.000824016 -0.0631112 0.01 48 48 0 0 0
18170 0.628075 -0.000824016 -0.0530411 0.01 48 48 0 0 0
18172 0.647303 -0.00076575 -0.00689072 0.01 84 83 0 0 0
18178 0.570002 -0.000999994 -0.0419623 0.01 60 60 0 0 0
18194 0.617018 -0.000857521 -0.0587857 0.01 48 48 0 0 0
18198 0.643058 -0.000778612 -0.0530411 0.01 48 48 0 0 0
18221 0.628075 -0.000824016 -0.0789241 0.01 48 48 0 0 0
18222 0.628075 -0.000824016 -0.0631112 0.01 48 48 0 0 0
18225 0.600234 -0.000908381 -0.0690585 0.01 60 60 0 0 0
18248 0.628075 -0.000824016 -0.0631112 0.01 48 48 0 0 0
18249 0.617018 -0.000857521 -0.0631112 0.01 46 46 0 0 0
18250 0.647303 -0.00076575 -0.00221815 0.01 84 84 0 0 0
18263 0.563069 -0.001021 -0.0564484 0.01 60 61 0 0 0
18276 0.570002 -0.000999994 -0.0405168 0.01 60 60 0 0 0
18291 0.628075 -0.000824016 -0.0530411 0.01 47 47 0 0 0
18303 0.628075 -0.000824016 -0.0631112 0.01 48 48 0 0 0
18305 0.562436 -0.00102292 -0.0419623 0.01 60 60 0 0 0
18317 0.602835 -0.000900501 -0.0631112 0.01 48 48 0 0 0
18320 0.619194 -0.000850927 -0.0807138 0.01 48 48 0 0 0
18332 0.617018 -0.000857521 -0.0631112 0.01 46 46 0 0 0
18337 0.570002 -0.000999994 -0.0419623 0.01 60 60 0 0 0
18340 0.628075 -0.000824016 -0.0631112 0.01 47 47 0 0 0
18355 0.628075 -0.000824016 -0.0631112 0.01 47 47 0 0 0
18370 0.628075 -0.000824016 -0.0631112 0.01 48 48 0 0 0
18374 0.628075 -0.000824016 -0.0631112 0.01 48 47 0 0 0
18391 0.598039 -0.000915034 -0.0690585 0.01 60 60 0 0 0
18400 0.647303 -0.00076575 -0.00221815 0.01 84 84 0 0 0
18405 0.628075 -0.000824016 -0.0631112 0.01 48 48 0 0 0
18420 0.628075 -0.000824016 -0.0631112 0.01 47 47 0 0 0
18423 0.647303 -0.00076575 -0.00451881 0.01 84 84 0 0 0
18431 0.617018 -0.000857521 -0.0631112 0.01 47 47 0 0 0
18436 0.628075 -0.000824016 -0.0631112 0.01 47 47 0 0 0
18460 0.647303 -0.00076575 -0.00221815 0.01 84 84 0 0 0
18473 0.617018 -0.000857521 -0.0631112 0.01 46 46 0 0 0
18475 0.570002 -0.000999994 -0.0419623 0.01 60 60 0 0 0
18478 0.611632 -0.000873842 -0.0631112 0.01 48 48 0 0 0
18485 0.628075 -0.000824016 -0.058812 0.01 46 46 0 0 0
18488 0.619194 -0.000850927 -0.0631112 0.01 47 47 0 0 0
18497 0.647303 -0.00076575 -0.00221815 0.01 85 85 0 0 0
18499 0.536456 -0.00110165 -0.0469017 0.01 60 60 0 0 0
18525 0.61916 -0.000851029 -0.0631112 0.01 47 47 0 0 0
18543 0.570002 -0.000999994 -0.044011 0.01 60 60 0 0 0
18558 0.647303 -0.00076575 -0.00221815 0.01 85 84 0 0 0
18563 0.585177 -0.00095401 -0.0690585 0.01 60 60 0 0 0
18564 0.628075 -0.000824016 -0.0631112 0.01 47 47 0 0 0
18571 0.628075 -0.000824016 -0.0530411 0.01 48 48 0 0 0
18593 0.583484 -0.000959139 -0.0519645 0.01 60 61 0 0 0
18596 0.647303 -0.00076575 -0.00868229 0.01 84 83 0 0 0
18608 0.628075 -0.000824016 -0.0631112 0.01 47 47 0 0 0
18620 0.647303 -0.00076575 -0.00221815 0.01 85 85 0 0 0
18621 0.554023 -0.00104842 -0.0564484 0.01 60 60 0 0 0
18622 0.5581 -0.00103606 -0.0419623 0.01 60 60 0 0 0
18645 0.628075 -0.000824016 -0.0631112 0.01 47 47 0 0 0
18660 0.570002 -0.000999994 -0.0419623 0.01 60 60 0 0 0
18665 0.628075 -0.000824016 -0.0631112 0.01 47 47 0 0 0
18671 0.61916 -0.000851029 -0.0631112 0.01 47 47 0 0 0
18696 0.570002 -0.000999994 -0.0343243 0.01 60 60 0 0 0
18715 0.628075 -0.000824016 -0.0631112 0.01 47 48 0 0 0
18756 0.628075 -0.000824016 -0.058812 0.01 46 46 0 0 0
18777 0.647303 -0.00076575 -0.00221815 0.01 85 85 0 0 0
18781 0.642382 -0.000780661 -0.0319606 0.01 60 59 0 0 0
18784 0.628075 -0.000824016 -0.0631112 0.01 48 48 0 0 0
18787 0.594414 -0.000926018 -0.0690585 0.01 60 60 0 0 0
18791 0.647303 -0.00076575 -0.00221815 0.01 84 84 0 0 0
18798 0.647303 -0.00076575 -0.00221815 0.01 85 85 0 0 0
18804 0.60487 -0.000894332 -0.0679942 0.01 60 60 0 0 0
18817 0.628075 -0.000824016 -0.0631112 0.01 47 47 0 0 0
18819 0.617018 -0.000857521 -0.0631112 0.01 47 47 0 0 0
18825 0.628075 -0.000824016 -0.0789241 0.01 48 48 0 0 0
18831 0.646535 -0.000768076 -0.0768667 0.01 60 60 0 0 0
18844 0.647303 -0.00076575 -0.00221815 0.01 84 84 0 0 0
18848 0.619194 -0.000850927 -0.0744023 0.01 48 49 0 0 0
18863 0.617018 -0.000857521 -0.0631112 0.01 46 46 0 0 0
18871 0.592327 -0.000932344 -0.0422583 0.01 48 48 0 0 0
18873 0.628075 -0.000824016 -0.0530411 0.01 48 48 0 0 0
18876 0.617018 -0.000857521 -0.0631112 0.01 46 46 0 0 0
18884 0.617018 -0.000857521 -0.0555072 0.01 46 46 0 0 0
18885 0.624439 -0.000835035 -0.024664 0.01 60 60 0.00501755 -0.00729591 0
18888 0.647303 -0.00076575 -0.00221815 0.01 84 84 0 0 0
18895 0.628075 -0.000824016 -0.0631112 0.01 47 47 0 0 0
18910 0.617018 -0.000857521 -0.0631112 0.01 46 46 0 0 0
18921 0.642832 -0.000779297 -0.00221815 0.01 84 84 0 0 0
18927 0.607818 -0.000885399 -0.0719448 0.01 47 47 0 0 0
18937 0.570002 -0.000999994 -0.0417968 0.01 60 60 0 0 0
18951 0.593922 -0.000927508 -0.0501493 0.01 60 60 0 0 0
18954 0.580204 -0.000969078 -0.032811 0.01 60 60 0 0 0
18977 0.628075 -0.000824016 -0.0631112 0.01 47 47 0 0 0
18978 0.561192 -0.00102669 -0.0419623 0.01 60 60 0 0 0
18980 0.614273 -0.00086584 -0.0631112 0.01 48 48 0.00715873 -0.0138022 0
18997 0.570522 -0.000998418 -0.0236216 0.01 60 60 0 0 0
18998 0.647303 -0.00076575 -0.00221815 0.01 84 84 0 0 0
19000 0.647303 -0.00076575 -0.00221815 0.01 84 84 0 0 0
19004 0.636546 -0.000798346 -0.0631112 0.01 48 48 0 0 0
19008 0.570002 -0.000999994 -0.0223147 0.01 60 60 0 0 0
19011 0.608419 -0.000883577 -0.0405549 0.01 60 60 0 0 0
19019 0.647303 -0.00076575 -0.00221815 0.01 84 84 0 0 0
19021 0.561192 -0.00102669 -0.0419623 0.01 60 60 0 0 0
19025 0.647303 -0.00076575 -0.00221815 0.01 85 85 0 0 0
19033 0.638366 -0.000792832 -0.058812 0.01 46 46 -0.00470636 0.0102907 0
19038 0.628075 -0.000824016 -0.0631112 0.01 48 48 0 0 0
19044 0.647303 -0.00076575 -0.00221815 0.01 84 84 0 0 0
19045 0.647303 -0.00076575 -0.00221815 0.01 86 86 0 0 0
19046 0.636546 -0.000798346 -0.0631112 0.01 48 48 0 0 0
19052 0.570002 -0.000999994 -0.033886 0.01 60 60 0 0 0
19056 0.628075 -0.000824016 -0.058812 0.01 46 46 0 0 0
19057 0.617018 -0.000857521 -0.0587857 0.01 47 47 0 0 0
19063 0.647303 -0.00076575 -0.00221815 0.01 84 84 0 0 0
19078 0.630068 -0.000817976 -0.0631112 0.01 47 47 0 0 0
19080 0.628075 -0.000824016 -0.058812 0.01 46 46 0 0 0
19091 0.628075 -0.000824016 -0.0540775 0.01 48 48 0 0 0
19092 0.570002 -0.000999994 -0.0469017 0.01 60 59 0 0 0
19095 0.628075 -0.000824016 -0.0631112 0.01 48 48 0 0 0
19096 0.619194 -0.000850927 -0.0807138 0.01 48 48 0 0 0
19111 0.554023 -0.00104842 -0.0564484 0.01 60 60 0 0 0
19138 0.619194 -0.000850927 -0.0744023 0.01 48 48 0 0 0
19140 0.647303 -0.00076575 -0.00221815 0.01 85 85 0 0 0
19149 0.620579 -0.000846732 -0.0631112 0.01 48 48 0 0 0
19159 0.647303 -0.00076575 -0.00221815 0.01 85 85 0 0 0
19161 0.628342 -0.000823206 -0.0631112 0.01 48 48 0 0 0
19164 0.635265 -0.000802228 -0.0631112 0.01 47 47 0 0 0
19167 0.570002 -0.000999994 -0.033886 0.01 60 60 0 0 0
19178 0.570002 -0.000999994 -0.0417968 0.01 60 60 0 0 0
19212 0.596762 -0.000918904 -0.0322399 0.01 60 60 0 0 0
19242 0.647303 -0.00076575 -0.00221815 0.01 84 84 0 0 0
19243 0.628075 -0.000824016 -0.0629852 0.01 47 47 0 0 0
19244 0.628075 -0.000824016 -0.0631112 0.01 47 47 0 0 0
19246 0.628075 -0.000824016 -0.0631112 0.01 48 48 0 0 0
19250 0.617018 -0.000857521 -0.0631112 0.01 46 46 0 0 0
19256 0.628075 -0.000824016 -0.0631112 0.01 48 48 0 0 0
19257 0.628075 -0.000824016 -0.0631112 0.01 48 48 0 0 0
19265 0.575583 -0.000983083 -0.0813366 0.01 48 48 0 0 0
19272 0.647303 -0.00076575 -0.00221815 0.01 85 85 0 0 0
19291 0.631159 -0.000814669 -0.0530411 0.01 48 48 0 0 0
19294 0.594299 -0.000926368 -0.0406556 0.01 60 60 0 0 0
19296 0.567481 -0.00100763 -0.0778373 0.01 48 48 0 0 0
19299 0.619194 -0.000850927 -0.0807138 0.01 48 48 0 0 0
19302 0.628075 -0.000824016 -0.0631112 0.01 47 47 0 0 0
19307 0.619194 -0.000850927 -0.0733854 0.01 60 60 0 0 0
19311 0.617018 -0.000857521 -0.0570735 0.01 46 46 0 0 0
19314 0.594414 -0.000926018 -0.0690585 0.01 60 60 0 0 0
19320 0.64752 -0.000765092 -0.00221815 0.01 85 85 -0.000197887 0.000217021 0
19321 0.617018 -0.000857521 -0.0631112 0.01 46 46 0 0 0
19328 0.630927 -0.000815372 -0.0649858 0.01 48 48 0 0 0
19333 0.647303 -0.00076575 -0.00221815 0.01 85 85 0 0 0
19336 0.567481 -0.00100763 -0.0778373 0.01 47 47 0 0 0
19338 0.617018 -0.000857521 -0.0631112 0.01 46 46 0 0 0
19343 0.62173 -0.000843242 -0.0304464 0.01 60 60 0 0 0
19356 0.617018 -0.000857521 -0.0631112 0.01 47 47 0 0 0
19367 0.647303 -0.00076575 -0.00221815 0.01 85 85 0 0 0
19373 0.617018 -0.000857521 -0.0631112 0.01 46 46 0 0 0
19380 0.628075 -0.000824016 -0.0629852 0.01 47 47 0 0 0
19392 0.638859 -0.000791338 -0.0631112 0.01 48 48 -0.00532959 0.0107837 0
19398 0.617018 -0.000857521 -0.0631112 0.01 47 47 0 0 0
19407 0.5581 -0.00103606 -0.0419623 0.01 60 60 0 0 0
19410 0.628075 -0.000824016 -0.0631112 0.01 48 48 0 0 0
19420 0.617018 -0.000857521 -0.0631112 0.01 46 46 0 0 0
19421 0.570002 -0.000999994 -0.0564484 0.01 60 60 0 0 0
19422 0.647303 -0.00076575 -0.00221815 0.01 84 84 0 0 0
19435 0.628075 -0.000824016 -0.0450365 0.01 48 48 0 0 0
19439 0.628075 -0.000824016 -0.0631112 0.01 47 47 0 0 0
19451 0.56545 -0.00101379 -0.0456752 0.01 60 60 0 0 0
19452 0.647303 -0.00076575 -0.00221815 0.01 84 84 0 0 0
19456 0.567481 -0.00100763 -0.0778373 0.01 48 48 0 0 0
19458 0.647303 -0.00076575 -0.00221815 0.01 86 86 0 0 0
19464 0.647303 -0.00076575 -0.00221815 0.01 84 84 0 0 0
19485 0.628075 -0.000824016 -0.0631112 0.01 48 48 0 0 0
19498 0.642832 -0.000779297 -0.00221815 0.01 84 84 0 0 0
19507 0.620579 -0.000846732 -0.0631112 0.01 48 48 0 0 0
19524 0.617018 -0.000857521 -0.0631112 0.01 46 46 0 0 0
19538 0.647966 -0.00076374 -0.00221815 0.01 85 85 -0.000605464 0.00066328 0
19551 0.647303 -0.00076575 -0.00221815 0.01 85 85 0 0 0
19555 0.642832 -0.000779297 -0.016758 0.01 84 84 0 0 0
19556 0.654902 -0.000742722 -0.0232952 0.01 60 60 0 0 0
19567 0.607818 -0.000885399 -0.0631112 0.01 48 48 0 0 0
19569 0.617857 -0.000854979 -0.07395 0.01 60 61 0 0 0
19581 0.647303 -0.00076575 -0.00221815 0.01 84 84 0 0 0
19586 0.628075 -0.000824016 -0.0631112 0.01 47 47 0 0 0
19596 0.567481 -0.00100763 -0.0778373 0.01 48 48 0 0 0
19601 0.647303 -0.00076575 -0.00221815 0.01 84 84 0 0 0
19603 0.647303 -0.00076575 -0.00221815 0.01 84 84 0 0 0
19613 0.60487 -0.000894332 -0.0679942 0.01 60 59 0 0 0
19639 0.617018 -0.000857521 -0.0631112 0.01 46 46 0 0 0
19671 0.561192 -0.00102669 -0.0419623 0.01 60 60 0 0 0
19690 0.607818 -0.000885399 -0.0719448 0.01 47 47 0 0 0
19696 0.647303 -0.00076575 -0.00221815 0.01 84 84 0 0 0
19722 0.628075 -0.000824016 -0.0631112 0.01 47 47 0 0 0
19734 0.642556 -0.000780133 -0.00221815 0.01 85 85 0 0 0
19740 0.632105 -0.000811802 -0.0631112 0.01 48 48 0 0 0
19744 0.617018 -0.000857521 -0.0631112 0.01 46 46 0 0 0
19751 0.617018 -0.000857521 -0.0631112 0.01 48 48 0 0 0
19754 0.642832 -0.000779297 -0.00221815 0.01 85 85 0 0 0
19757 0.646803 -0.000767263 -0.0631112 0.01 47 47 0 0 0
19759 0.647303 -0.00076575 -0.00221815 0.01 85 85 0 0 0
19771 0.647303 -0.00076575 -0.0232136 0.01 84 84 -0.135136 0 -0.0209954
19773 0.567481 -0.00100763 -0.0778373 0.01 48 48 0 0 0
19775 0.647303 -0.00076575 -0.00221815 0.01 85 85 0 0 0
19789 0.570002 -0.000999994 -0.0163637 0.01 60 60 0 0 0
19797 0.628075 -0.000824016 -0.0629852 0.01 47 47 0 0 0
19805 0.647303 -0.00076575 -0.00221815 0.01 84 84 0 0 0
19806 0.584807 -0.00095513 -0.0665164 0.01 60 60 0 0 0
19808 0.628075 -0.000824016 -0.0631112 0.01 48 48 0 0 0
19829 0.647303 -0.00076575 -0.00221815 0.01 85 85 0 0 0
19830 0.619194 -0.000850927 -0.0733854 0.01 60 60 0 0 0
19836 0.647303 -0.00076575 -0.00221815 0.01 85 85 0 0 0
19837 0.628075 -0.000824016 -0.0631112 0.01 48 48 0 0 0
19845 0.647303 -0.00076575 -0.00221815 0.01 85 85 0 0 0
19862 0.642556 -0.000780133 -0.00221815 0.01 85 85 0 0 0
19867 0.647303 -0.00076575 -0.00221815 0.01 85 85 0 0 0
19884 0.628075 -0.000824016 -0.0530411 0.01 47 47 0 0 0
19885 0.617018 -0.000857521 -0.0631112 0.01 46 46 0 0 0
19893 0.628075 -0.000824016 -0.0631112 0.01 47 47 0 0 0
19896 0.572364 -0.000992838 -0.032811 0.01 60 60 0 0 0
19900 0.628075 -0.000824016 -0.0631112 0.01 47 47 0 0 0
19903 0.61916 -0.000851029 -0.0631112 0.01 46 46 0 0 0
19910 0.647303 -0.00076575 -0.00221815 0.01 85 85 0 0 0
19913 0.647303 -0.00076575 -0.00451881 0.01 86 86 0 0 0
19937 0.628075 -0.000824016 -0.058812 0.01 46 46 0 0 0
19938 0.628075 -0.000824016 -0.0629852 0.01 47 47 0 0 0
19942 0.569918 -0.00100025 -0.053534 0.01 60 60 0 0 0
19946 0.647303 -0.00076575 -0.00451881 0.01 85 85 0 0 0
19952 0.628075 -0.000824016 -0.0789241 0.01 48 48 0 0 0
19954 0.647303 -0.00076575 -0.00221815 0.01 84 84 0 0 0
19969 0.647303 -0.00076575 -0.00221815 0.01 85 85 0 0 0
19972 0.647303 -0.00076575 -0.00221815 0.01 84 84 0 0 0
19974 0.598039 -0.000915034 -0.0690585 0.01 60 60 0 0 0
19991 0.647303 -0.00076575 -0.00221815 0.01 85 85 0 0 0
19992 0.628075 -0.000824016 -0.0631112 0.01 47 47 0 0 0
19998 0.581232 -0.000965963 -0.0417968 0.01 60 60 0 0 0
20017 0.61916 -0.000851029 -0.0631112 0.01 47 47 0 0 0
20018 0.626812 -0.000827841 -0.0631112 0.01 47 47 0 0 0
20028 0.642832 -0.000779297 -0.00221815 0.01 84 84 0 0 0
20031 0.593922 -0.000927508 -0.0501493 0.01 60 60 0 0 0
20036 0.617018 -0.000857521 -0.0631112 0.01 46 46 0 0 0
20038 0.697843 -0.000612598 -0.00221815 0.01 85 85 0 0 0
20041 0.626812 -0.000827841 -0.0631112 0.01 47 47 0 0 0
20042 0.617018 -0.000857521 -0.0587857 0.01 48 48 0 0 0
20049 0.647303 -0.00076575 -0.00221815 0.01 84 84 0 0 0
20051 0.647303 -0.00076575 -0.00221815 0.01 84 84 0 0 0
20052 0.617018 -0.000857521 -0.0631112 0.01 47 47 0 0 0
20067 0.647303 -0.00076575 -0.00451881 0.01 84 84 0 0 0
20098 0.611632 -0.000873842 -0.0631112 0.01 48 48 0 0 0
20123 0.602835 -0.000900501 -0.0631112 0.01 47 47 0 0 0
20134 0.681993 -0.000660628 -0.00221815 0.01 85 85 -0.0111106 0.012731 0
20139 0.630072 -0.000817963 -0.00221815 0.01 84 84 0 0 0
20141 0.647303 -0.00076575 -0.00221815 0.01 84 84 0 0 0
20148 0.647303 -0.00076575 -0.00221815 0.01 84 84 0 0 0
20152 0.570002 -0.000999994 -0.0437631 0.01 60 60 0 0 0
20154 0.594299 -0.000926368 -0.0429003 0.01 60 60 0 0 0
20159 0.617018 -0.000857521 -0.0587857 0.01 48 48 0 0 0
20163 0.643058 -0.000778612 -0.0530411 0.01 48 48 0 0 0
20181 0.642556 -0.000780133 -0.00221815 0.01 85 85 0 0 0
20183 0.617018 -0.000857521 -0.0631112 0.01 46 46 0 0 0
20185 0.570002 -0.000999994 -0.0150934 0.01 60 60 0.00275505 0 0.0182661
20191 0.628075 -0.000824016 -0.0631112 0.01 47 47 0 0 0
20196 0.647303 -0.00076575 -0.00221815 0.01 86 86 0 0 0
20206 0.628075 -0.000824016 -0.0631112 0.01 47 47 0 0 0
20212 0.617018 -0.000857521 -0.0587857 0.01 47 47 0 0 0
20229 0.628075 -0.000824016 -0.0631112 0.01 48 48 0 0 0
20232 0.554023 -0.00104842 -0.0652205 0.01 60 59 -0.000923216 0 -0.00877215
20264 0.567481 -0.00100763 -0.0778373 0.01 48 48 0 0 0
20280 0.612004 -0.000872715 -0.0629852 0.01 47 47 0.00804937 -0.0160707 0
20281 0.647303 -0.00076575 -0.00221815 0.01 84 84 0 0 0
20286 0.647303 -0.00076575 -0.00221815 0.01 84 84 0 0 0
20298 0.598039 -0.000915034 -0.0690585 0.01 60 60 0 0 0
20305 0.607818 -0.000885399 -0.0719448 0.01 47 47 0 0 0
20306 0.628075 -0.000824016 -0.0789241 0.01 48 48 0 0 0
20307 0.619194 -0.000850927 -0.0807138 0.01 48 48 0 0 0
20312 0.61916 -0.000851029 -0.0631112 0.01 47 47 0 0 0
20321 0.647303 -0.00076575 -0.00221815 0.01 84 84 0 0 0
20324 0.647303 -0.00076575 -0.00221815 0.01 85 85 0 0 0
20333 0.647303 -0.00076575 -0.00221815 0.01 84 84 0 0 0
20359 0.647927 -0.000763856 -0.00221815 0.01 84 84 -0.000569761 0.000624895 0
20363 0.611632 -0.000873842 -0.0631112 0.01 48 48 0 0 0
20367 0.628075 -0.000824016 -0.0631112 0.01 47 47 0 0 0
20371 0.628075 -0.000824016 -0.0631112 0.01 48 48 0 0 0
20375 0.647303 -0.00076575 -0.00451881 0.01 86 86 0 0 0
20384 0.61916 -0.000851029 -0.0631112 0.01 46 46 0 0 0
20398 0.647303 -0.00076575 -0.00221815 0.01 86 86 0 0 0
20401 0.647303 -0.00076575 -0.00221815 0.01 86 86 0 0 0
20442 0.624439 -0.000835035 -0.024664 0.01 60 60 0 0 0
20459 0.647303 -0.00076575 -0.00221815 0.01 85 85 0 0 0
20460 0.583484 -0.000959139 -0.0275247 0.01 60 60 0 0 0
20467 0.617018 -0.000857521 -0.0631112 0.01 46 46 0 0 0
20474 0.596762 -0.000918904 -0.0317331 0.01 60 60 0 0 0
20476 0.647966 -0.00076374 -0.00221815 0.01 85 85 0 0 0
20494 0.630072 -0.000817963 -0.00221815 0.01 84 84 0 0 0
20497 0.647303 -0.00076575 -0.00221815 0.01 85 85 0 0 0
20499 0.647303 -0.00076575 -0.00689072 0.01 84 84 0 0 0
20507 0.628075 -0.000824016 -0.0530411 0.01 47 47 0 0 0
20508 0.628075 -0.000824016 -0.0631112 0.01 48 48 0 0 0
