max_pf 76 min_pf 48
individual DHm DSm DCp disp_rate patch_no b_patch_no mut_eff DDHm DDCp
33 0.59458 -0.000925516 -0.0858473 0.01 60 60 -0.00383712 0 -0.0282425
37 0.563595 -0.00101941 -0.0339707 0.01 50 50 0 0 0
48 0.662989 -0.000718216 -0.0383273 0.01 75 75 0 0 0
51 0.609525 -0.000880228 -0.0964685 0.01 50 50 0 0 0
54 0.594808 -0.000924824 -0.0964685 0.01 49 49 0 0 0
64 0.662989 -0.000718216 -0.0383273 0.01 76 76 0 0 0
76 0.662989 -0.000718216 -0.0383273 0.01 74 74 0 0 0
81 0.662989 -0.000718216 -0.0383273 0.01 75 75 0 0 0
86 0.527874 -0.00112765 -0.0640258 0.01 60 60 0 0 0
89 0.550751 -0.00105833 -0.068144 0.01 50 50 0 0 0
90 0.566247 -0.00101137 -0.0339707 0.01 50 50 0 0 0
91 0.569534 -0.00100141 -0.0339707 0.01 50 50 0 0 0
94 0.569534 -0.00100141 -0.0339707 0.01 50 50 0 0 0
111 0.584001 -0.000957574 -0.0646349 0.01 60 60 0 0 0
112 0.569534 -0.00100141 -0.0339707 0.01 49 49 0 0 0
145 0.662989 -0.000718216 -0.0383273 0.01 75 75 0 0 0
151 0.563736 -0.00101898 -0.068144 0.01 49 49 0 0 0
152 0.522694 -0.00114335 -0.0491061 0.01 60 60 0 0 0
154 0.549895 -0.00106092 -0.0378745 0.01 60 60 0 0 0
157 0.556367 -0.00104131 -0.0840768 0.01 60 60 0 0 0
163 0.662989 -0.000718216 -0.0454474 0.01 74 74 0 0 0
164 0.662989 -0.000718216 -0.0383273 0.01 75 75 0 0 0
165 0.537865 -0.00109738 -0.0707676 0.01 60 60 0 0 0
170 0.662989 -0.000718216 -0.0333514 0.01 74 74 0 0 0
183 0.59356 -0.000928606 -0.0668103 0.01 60 60 0 0 0
186 0.517987 -0.00115761 -0.0742365 0.01 60 60 0 0 0
194 0.569534 -0.00100141 -0.0339707 0.01 48 49 0 0 0
202 0.569534 -0.00100141 -0.0339707 0.01 49 49 0 0 0
207 0.662989 -0.000718216 -0.0383273 0.01 75 75 0 0 0
209 0.601508 -0.00090452 -0.0707793 0.01 50 50 0 0 0
218 0.532075 -0.00111492 -0.0668131 0.01 60 60 0 0 0
232 0.569534 -0.00100141 -0.0385491 0.01 48 48 0 0 0
237 0.550751 -0.00105833 -0.068144 0.01 50 50 0 0 0
243 0.609525 -0.000880228 -0.0964685 0.01 50 51 0 0 0
253 0.556367 -0.00104131 -0.0640258 0.01 60 60 0 0 0
255 0.541306 -0.00108695 -0.068144 0.01 50 50 0 0 0
256 0.569534 -0.00100141 -0.0339707 0.01 50 50 0 0 0
262 0.569534 -0.00100141 -0.0339707 0.01 48 50 0 0 0
271 0.567626 -0.00100719 -0.080035 0.01 60 61 0 0 0
273 0.662989 -0.000718216 -0.0383273 0.01 75 75 0 0 0
275 0.662989 -0.000718216 -0.0383273 0.01 74 74 0 0 0
276 0.556367 -0.00104131 -0.0541382 0.01 60 60 0 0 0
279 0.569534 -0.00100141 -0.0339707 0.01 50 50 0 0 0
289 0.668462 -0.000701631 -0.0383273 0.01 75 75 0 0 0
308 0.557169 -0.00103888 -0.0742 0.01 60 60 0 0 0
310 0.59356 -0.000928606 -0.0668103 0.01 60 60 0 0 0
319 0.594426 -0.000925981 -0.0786793 0.01 60 60 0 0 0
326 0.664185 -0.000714591 -0.0383273 0.01 74 74 0 0 0
335 0.662989 -0.000718216 -0.0544704 0.01 74 74 0 0 0
340 0.598945 -0.000912289 -0.0717316 0.01 60 60 0 0 0
374 0.662989 -0.000718216 -0.0499698 0.01 75 75 0 0 0
382 0.556367 -0.00104131 -0.0640258 0.01 60 60 0 0 0
383 0.504673 -0.00119796 -0.0640258 0.01 50 50 0 0 0
385 0.552365 -0.00105344 -0.0668131 0.01 60 60 0 0 0
388 0.557256 -0.00103862 -0.080035 0.01 60 60 0 0 0
392 0.662989 -0.000718216 -0.0383273 0.01 75 75 0 0 0
400 0.569534 -0.00100141 -0.0339707 0.01 50 50 0 0 0
408 0.605243 -0.000893204 -0.0701153 0.01 60 60 0 0 0
421 0.662989 -0.000718216 -0.0383273 0.01 74 75 0 0 0
423 0.569534 -0.00100141 -0.0339707 0.01 49 49 0 0 0
424 0.550751 -0.00105833 -0.068144 0.01 50 49 0 0 0
426 0.604275 -0.000896138 -0.0618719 0.01 60 60 0 0 0
430 0.556367 -0.00104131 -0.0640258 0.01 60 60 0 0 0
433 0.569534 -0.00100141 -0.0339707 0.01 48 48 0 0 0
450 0.601508 -0.00090452 -0.0712986 0.01 50 50 0 0 0
451 0.526603 -0.00113151 -0.0742365 0.01 60 60 0 0 0
459 0.556367 -0.00104131 -0.0640258 0.01 60 60 0 0 0
462 0.569534 -0.00100141 -0.0339707 0.01 50 50 0 0 0
465 0.569534 -0.00100141 -0.0339707 0.01 50 50 0 0 0
474 0.662989 -0.000718216 -0.0383273 0.01 75 75 0 0 0
492 0.556367 -0.00104131 -0.0640258 0.01 60 60 0 0 0
497 0.550751 -0.00105833 -0.068144 0.01 50 50 0 0 0
503 0.594808 -0.000924824 -0.0964685 0.01 49 49 0 0 0
509 0.569534 -0.00100141 -0.0339707 0.01 50 50 0 0 0
517 0.567626 -0.00100719 -0.080035 0.01 60 60 0 0 0
521 0.550751 -0.00105833 -0.068144 0.01 50 50 0 0 0
524 0.569534 -0.00100141 -0.0385491 0.01 49 49 0 0 0
534 0.550751 -0.00105833 -0.068144 0.01 50 50 0 0 0
536 0.575611 -0.000982998 -0.0801043 0.01 60 61 0 0 0
547 0.56248 -0.00102279 -0.068144 0.01 50 50 0 0 0
554 0.569534 -0.00100141 -0.0339707 0.01 50 50 0 0 0
557 0.557251 -0.00103863 -0.09829 0.01 60 60 0 0 0
558 0.601508 -0.00090452 -0.0707793 0.01 48 49 0 0 0
560 0.56956 -0.00100133 -0.068144 0.01 49 50 0 0 0
564 0.662989 -0.000718216 -0.0383273 0.01 74 74 0 0 0
565 0.569534 -0.00100141 -0.0339707 0.01 50 50 0 0 0
573 0.561264 -0.00102647 -0.0638867 0.01 60 60 0 0 0
577 0.662989 -0.000718216 -0.0381079 0.01 76 76 0 0 0
578 0.569534 -0.00100141 -0.0339707 0.01 48 48 0 0 0
583 0.56956 -0.00100133 -0.068144 0.01 50 50 0 0 0
590 0.584001 -0.000957574 -0.0646349 0.01 60 60 0 0 0
595 0.56956 -0.00100133 -0.0696191 0.01 50 50 0 0 0
604 0.569534 -0.00100141 -0.0339707 0.01 49 49 0 0 0
611 0.550751 -0.00105833 -0.0876909 0.01 50 50 0 0 0
616 0.56248 -0.00102279 -0.068144 0.01 48 48 0 0 0
633 0.556067 -0.00104222 -0.0640258 0.01 60 61 0.000253409 -0.000299633 0
637 0.662989 -0.000718216 -0.0333514 0.01 74 74 0 0 0
644 0.569534 -0.00100141 -0.0339707 0.01 50 50 0 0 0
649 0.662989 -0.000718216 -0.0333514 0.01 74 74 0 0 0
663 0.569534 -0.00100141 -0.0453773 0.01 49 49 0 0 0
665 0.603789 -0.000897609 -0.046068 0.01 60 60 0 0 0
667 0.662989 -0.000718216 -0.0333514 0.01 75 74 0 0 0
668 0.662989 -0.000718216 -0.0383273 0.01 75 75 0 0 0
690 0.662989 -0.000718216 -0.0383273 0.01 74 74 0 0 0
694 0.548979 -0.0010637 -0.0556711 0.01 60 60 0 0 0
698 0.550751 -0.00105833 -0.068144 0.01 50 51 0 0 0
700 0.662989 -0.000718216 -0.0383273 0.01 76 76 0 0 0
701 0.662989 -0.000718216 -0.0383273 0.01 75 74 0 0 0
703 0.552365 -0.00105344 -0.0668131 0.01 60 60 0 0 0
705 0.563736 -0.00101898 -0.068144 0.01 49 49 0 0 0
706 0.532075 -0.00111492 -0.0668131 0.01 60 60 0 0 0
710 0.662989 -0.000718216 -0.0383273 0.01 76 76 0 0 0
716 0.569534 -0.00100141 -0.0339707 0.01 50 50 0 0 0
718 0.569534 -0.00100141 -0.0339707 0.01 49 49 0 0 0
719 0.549895 -0.00106092 -0.0640258 0.01 60 60 0 0 0
730 0.662989 -0.000718216 -0.0383273 0.01 76 75 0 0 0
733 0.594808 -0.000924824 -0.0964685 0.01 50 49 0 0 0
736 0.552365 -0.00105344 -0.0283123 0.01 60 60 0 0 0
737 0.593111 -0.000929968 -0.0809287 0.01 60 59 0 0 0
759 0.662989 -0.000718216 -0.0383273 0.01 74 74 0 0 0
763 0.569534 -0.00100141 -0.0339707 0.01 49 49 0 0 0
769 0.556367 -0.00104131 -0.0640258 0.01 60 60 0 0 0
776 0.569534 -0.00100141 -0.0339707 0.01 50 50 0 0 0
778 0.590206 -0.000938771 -0.0964685 0.01 49 49 0 0 0
782 0.662989 -0.000718216 -0.0454474 0.01 74 74 0 0 0
793 0.601678 -0.000904007 -0.0766046 0.01 60 60 0 0 0
797 0.609525 -0.000880228 -0.0964685 0.01 50 50 0 0 0
812 0.563736 -0.00101898 -0.068144 0.01 49 49 0 0 0
813 0.662989 -0.000718216 -0.0383273 0.01 74 74 0 0 0
815 0.665906 -0.000709375 -0.0383273 0.01 74 73 -0.00190049 0.00291753 0
826 0.569534 -0.00100141 -0.0339707 0.01 50 50 0 0 0
851 0.594808 -0.000924824 -0.0964685 0.01 49 49 0 0 0
854 0.552365 -0.00105344 -0.0668131 0.01 60 60 0 0 0
855 0.569534 -0.00100141 -0.0339707 0.01 48 48 0 0 0
861 0.598535 -0.000913529 -0.0964685 0.01 49 49 0 0 0
878 0.662989 -0.000718216 -0.0419015 0.01 76 75 0 0 0
886 0.662989 -0.000718216 -0.0383273 0.01 74 75 0 0 0
888 0.504673 -0.00119796 -0.0640258 0.01 50 50 0 0 0
889 0.664185 -0.000714591 -0.0383273 0.01 74 74 0 0 0
890 0.594808 -0.000924824 -0.0964685 0.01 49 49 0 0 0
891 0.549324 -0.00106265 -0.0339707 0.01 50 50 0 0 0
892 0.662989 -0.000718216 -0.0333514 0.01 74 74 0 0 0
894 0.504673 -0.00119796 -0.064199 0.01 50 50 -1.05053e-05 0 -0.000173204
896 0.560684 -0.00102823 -0.0275152 0.01 50 49 0.000470817 0 0.00645554
912 0.662989 -0.000718216 -0.0383273 0.01 74 74 0 0 0
916 0.662989 -0.000718216 -0.0383273 0.01 76 76 0 0 0
920 0.662989 -0.000718216 -0.0454474 0.01 74 74 0 0 0
921 0.569534 -0.00100141 -0.0339707 0.01 50 50 0 0 0
926 0.56956 -0.00100133 -0.068144 0.01 50 50 0 0 0
934 0.532075 -0.00111492 -0.0668131 0.01 60 60 0 0 0
938 0.550751 -0.00105833 -0.068144 0.01 50 50 0 0 0
945 0.569534 -0.00100141 -0.0339707 0.01 50 50 0 0 0
956 0.504673 -0.00119796 -0.0640258 0.01 50 50 0 0 0
967 0.537797 -0.00109759 -0.0270831 0.01 60 60 0 0 0
970 0.56248 -0.00102279 -0.068144 0.01 48 48 0 0 0
972 0.662989 -0.000718216 -0.0383273 0.01 74 74 0 0 0
973 0.569534 -0.00100141 -0.0385491 0.01 50 50 0 0 0
993 0.662989 -0.000718216 -0.0383273 0.01 75 75 0 0 0
994 0.563548 -0.00101955 -0.080035 0.01 60 60 0 0 0
995 0.601508 -0.00090452 -0.0707793 0.01 48 49 0 0 0
1007 0.552365 -0.00105344 -0.0668131 0.01 60 60 0 0 0
1008 0.60155 -0.000904394 -0.0620384 0.01 60 60 0 0 0
1011 0.662989 -0.000718216 -0.0499698 0.01 75 75 0 0 0
1014 0.563736 -0.00101898 -0.068144 0.01 49 49 0 0 0
1019 0.662989 -0.000718216 -0.0383273 0.01 74 74 0 0 0
1021 0.598535 -0.000913529 -0.0964685 0.01 49 49 0 0 0
1023 0.550751 -0.00105833 -0.068144 0.01 50 50 0 0 0
1024 0.587783 -0.000946114 -0.025229 0.01 60 60 0 0 0
1026 0.550751 -0.00105833 -0.068144 0.01 49 49 0 0 0
1046 0.537865 -0.00109738 -0.0707676 0.01 60 60 0 0 0
1053 0.562262 -0.00102345 -0.068144 0.01 50 50 0 0 0
1072 0.563736 -0.00101898 -0.068144 0.01 49 49 0 0 0
1078 0.569534 -0.00100141 -0.0339707 0.01 50 50 0 0 0
1095 0.59356 -0.000928606 -0.0668103 0.01 60 60 0 0 0
1100 0.563736 -0.00101898 -0.068144 0.01 49 49 0 0 0
1108 0.604275 -0.000896138 -0.0618719 0.01 60 60 0 0 0
1110 0.662989 -0.000718216 -0.0454474 0.01 74 74 0 0 0
1116 0.550751 -0.00105833 -0.0532293 0.01 49 49 0 0 0
1127 0.670388 -0.000695794 -0.0383273 0.01 75 75 -0.00472021 0.00739938 0
1130 0.567626 -0.00100719 -0.080035 0.01 60 60 0 0 0
1132 0.624882 -0.000833691 -0.0707793 0.01 50 51 -0.0138387 0.0233735 0
1133 0.662989 -0.000718216 -0.0383273 0.01 76 76 0 0 0
1138 0.552365 -0.00105344 -0.0668131 0.01 60 60 0 0 0
1151 0.623216 -0.00083874 -0.0705387 0.01 60 61 0 0 0
1162 0.569534 -0.00100141 -0.0339707 0.01 50 52 0 0 0
1172 0.662989 -0.000718216 -0.0383273 0.01 75 75 0 0 0
1175 0.552365 -0.00105344 -0.0668131 0.01 60 60 0 0 0
1180 0.56248 -0.00102279 -0.068144 0.01 48 48 0 0 0
1188 0.662989 -0.000718216 -0.0499698 0.01 75 75 0 0 0
1197 0.551184 -0.00105702 -0.068144 0.01 50 50 0 0 0
1200 0.594808 -0.000924824 -0.0964685 0.01 49 49 0 0 0
1214 0.662989 -0.000718216 -0.0383273 0.01 74 74 0 0 0
1222 0.569534 -0.00100141 -0.0339707 0.01 50 50 0 0 0
1232 0.662989 -0.000718216 -0.0189961 0.01 75 75 0.0408418 0 0.0193312
1239 0.594808 -0.000924824 -0.0964685 0.01 50 50 0 0 0
1246 0.661761 -0.000721936 -0.0383273 0.01 75 75 0 0 0
1254 0.626095 -0.000830015 -0.0528093 0.01 60 60 0 0 0
1267 0.610614 -0.000876926 -0.0862175 0.01 60 59 0 0 0
1275 0.569534 -0.00100141 -0.0339707 0.01 50 50 0 0 0
1288 0.601508 -0.00090452 -0.0707793 0.01 50 50 0 0 0
1289 0.569534 -0.00100141 -0.0339707 0.01 50 51 0 0 0
1294 0.675469 -0.000680398 -0.0454474 0.01 74 74 -0.00764057 0.0124799 0
1300 0.662989 -0.000718216 -0.0718152 0.01 75 75 0 0 0
1301 0.552365 -0.00105344 -0.0766933 0.01 60 60 0 0 0
1305 0.609525 -0.000880228 -0.0964685 0.01 50 50 0 0 0
1308 0.576569 -0.000980095 -0.0707793 0.01 49 49 0 0 0
1309 0.58868 -0.000943393 -0.0633644 0.01 60 60 0 0 0
1314 0.532075 -0.00111492 -0.0668131 0.01 60 60 0 0 0
1320 0.662989 -0.000718216 -0.0396603 0.01 76 75 0 0 0
1323 0.569534 -0.00100141 -0.0339707 0.01 49 49 0 0 0
1326 0.532075 -0.00111492 -0.0668131 0.01 60 60 0 0 0
1336 0.662989 -0.000718216 -0.0383273 0.01 74 74 0 0 0
1338 0.569534 -0.00100141 -0.0579301 0.01 50 50 0 0 0
1345 0.569534 -0.00100141 -0.0339707 0.01 50 49 0 0 0
1348 0.566417 -0.00101086 -0.0668131 0.01 60 60 0 0 0
1360 0.68118 -0.00066309 -0.0383273 0.01 76 76 0 0 0
1366 0.598945 -0.000912289 -0.0646349 0.01 60 60 0 0 0
1369 0.662989 -0.000718216 -0.0419015 0.01 75 75 0 0 0
1373 0.569534 -0.00100141 -0.0339707 0.01 50 50 0 0 0
1380 0.662989 -0.000718216 -0.0383273 0.01 74 74 0 0 0
1400 0.569534 -0.00100141 -0.0382132 0.01 49 49 0 0 0
1403 0.662989 -0.000718216 -0.0383273 0.01 76 76 0 0 0
1406 0.693803 -0.000624841 -0.0454474 0.01 74 74 -0.0184803 0.0308139 0
1419 0.623394 -0.0008382 -0.0379664 0.01 60 60 0 0 0
1432 0.550751 -0.00105833 -0.068144 0.01 50 50 0 0 0
1437 0.662989 -0.000718216 -0.0258599 0.01 74 74 0 0 0
1439 0.569534 -0.00100141 -0.0339707 0.01 50 50 0 0 0
1450 0.56248 -0.00102279 -0.068144 0.01 50 50 0 0 0
1451 0.603789 -0.000897609 -0.046068 0.01 60 59 0 0 0
1461 0.662989 -0.000718216 -0.0454474 0.01 75 74 0 0 0
1462 0.593111 -0.000929968 -0.0809287 0.01 60 60 0 0 0
1467 0.557169 -0.00103888 -0.112433 0.01 60 60 0 0 0
1479 0.552365 -0.00105344 -0.0668131 0.01 60 60 0 0 0
1491 0.604275 -0.000896138 -0.0618719 0.01 60 60 0 0 0
1496 0.556367 -0.00104131 -0.0541382 0.01 60 60 0 0 0
1520 0.566247 -0.00101137 -0.0339707 0.01 50 50 0 0 0
1526 0.662989 -0.000718216 -0.0383273 0.01 76 76 0 0 0
1528 0.609525 -0.000880228 -0.0964685 0.01 50 50 0 0 0
1533 0.605243 -0.000893204 -0.0701153 0.01 60 60 0 0 0
1540 0.56956 -0.00100133 -0.068144 0.01 50 51 0 0 0
1547 0.675786 -0.000679436 -0.0383273 0.01 75 75 0 0 0
1560 0.662989 -0.000718216 -0.0383273 0.01 75 75 0 0 0
1563 0.662989 -0.000718216 -0.0383273 0.01 74 74 0 0 0
1568 0.662989 -0.000718216 -0.0383273 0.01 75 75 0 0 0
1570 0.56248 -0.00102279 -0.068144 0.01 50 50 0 0 0
1571 0.548442 -0.00106533 -0.0339707 0.01 50 50 0 0 0
1578 0.661761 -0.000721936 -0.0383273 0.01 76 76 0 0 0
1593 0.603789 -0.000897609 -0.046068 0.01 60 61 0 0 0
1600 0.552365 -0.00105344 -0.0668131 0.01 60 60 0 0 0
1601 0.526603 -0.00113151 -0.0742365 0.01 60 60 0 0 0
1609 0.662989 -0.000718216 -0.0383273 0.01 75 75 0 0 0
1613 0.565138 -0.00101473 -0.0339707 0.01 48 48 0.0028628 -0.00439602 0
1617 0.587783 -0.000946114 -0.0473579 0.01 60 60 0 0 0
1623 0.564349 -0.00101712 -0.09829 0.01 60 60 0 0 0
1626 0.550751 -0.00105833 -0.068144 0.01 50 51 0 0 0
1633 0.662989 -0.000718216 -0.0383273 0.01 75 75 0 0 0
1637 0.601508 -0.00090452 -0.0707793 0.01 50 50 0 0 0
1641 0.563736 -0.00101898 -0.068144 0.01 49 49 0 0 0
1665 0.604428 -0.000895674 -0.0503544 0.01 60 60 0 0 0
1667 0.662989 -0.000718216 -0.0383273 0.01 74 74 0 0 0
1669 0.58894 -0.000942606 -0.0640258 0.01 60 61 0 0 0
1673 0.662989 -0.000718216 -0.0383273 0.01 75 75 0 0 0
1688 0.609525 -0.000880228 -0.0964685 0.01 50 50 0 0 0
1703 0.662989 -0.000718216 -0.0383273 0.01 74 74 0 0 0
1710 0.604339 -0.000895942 -0.0858473 0.01 60 60 -0.00708944 0.00975937 0
1719 0.593111 -0.000929968 -0.0809287 0.01 60 60 0 0 0
1724 0.532075 -0.00111492 -0.0668131 0.01 60 60 0 0 0
1726 0.569534 -0.00100141 -0.0339707 0.01 49 49 0 0 0
1727 0.569534 -0.00100141 -0.0339707 0.01 50 50 0 0 0
1730 0.662989 -0.000718216 -0.0258599 0.01 74 74 0 0 0
1733 0.550751 -0.00105833 -0.068144 0.01 50 51 0 0 0
1744 0.556367 -0.00104131 -0.0640258 0.01 60 60 0 0 0
1747 0.557169 -0.00103888 -0.112433 0.01 60 60 0 0 0
1761 0.614221 -0.000865997 -0.036823 0.01 60 61 0 0 0
1762 0.532075 -0.00111492 -0.0668131 0.01 60 60 0 0 0
1763 0.550751 -0.00105833 -0.068144 0.01 49 49 0 0 0
1781 0.56956 -0.00100133 -0.0696191 0.01 50 50 0 0 0
1783 0.550751 -0.00105833 -0.068144 0.01 50 51 0 0 0
1787 0.569534 -0.00100141 -0.0339707 0.01 50 49 0 0 0
1795 0.550751 -0.00105833 -0.068144 0.01 50 50 0 0 0
1796 0.662989 -0.000718216 -0.0383273 0.01 76 76 0 0 0
1804 0.662989 -0.000718216 -0.0383273 0.01 74 73 0 0 0
1808 0.563595 -0.00101941 -0.0339707 0.01 50 50 0 0 0
1814 0.593111 -0.000929968 -0.0809287 0.01 60 58 0 0 0
1817 0.553212 -0.00105087 -0.0704683 0.01 50 50 0 0 0
1822 0.639215 -0.000790258 -0.0545353 0.01 60 60 0 0 0
1828 0.541306 -0.00108695 -0.068144 0.01 50 50 0 0 0
1839 0.504673 -0.00119796 -0.0816501 0.01 49 49 0 0 0
1842 0.550751 -0.00105833 -0.068144 0.01 50 50 0 0 0
1844 0.561264 -0.00102647 -0.0862258 0.01 60 60 0 0 0
1856 0.569534 -0.00100141 -0.0339707 0.01 50 50 0 0 0
1873 0.527874 -0.00112765 -0.0640258 0.01 60 60 0 0 0
1876 0.662989 -0.000718216 -0.0454474 0.01 74 74 0 0 0
1882 0.569534 -0.00100141 -0.0339707 0.01 49 49 0 0 0
1888 0.535373 -0.00110493 -0.0532293 0.01 49 49 0.0112252 -0.0153779 0
1899 0.552365 -0.00105344 -0.0668131 0.01 60 60 0 0 0
1901 0.601508 -0.00090452 -0.0707793 0.01 49 50 0 0 0
1912 0.569534 -0.00100141 -0.0339707 0.01 49 49 0 0 0
1913 0.569534 -0.00100141 -0.0339707 0.01 50 51 0 0 0
1920 0.605243 -0.000893204 -0.0701153 0.01 60 61 0 0 0
1948 0.662989 -0.000718216 -0.0383273 0.01 75 75 0 0 0
1950 0.662989 -0.000718216 -0.0383273 0.01 74 74 0 0 0
1951 0.552365 -0.00105344 -0.0668131 0.01 60 60 0 0 0
1958 0.552365 -0.00105344 -0.0668131 0.01 60 61 0 0 0
1967 0.662989 -0.000718216 -0.0383273 0.01 74 74 0 0 0
1989 0.557251 -0.00103863 -0.09829 0.01 60 60 0 0 0
2009 0.594808 -0.000924824 -0.0964685 0.01 49 49 0 0 0
2010 0.662989 -0.000718216 -0.0316616 0.01 74 73 0.0106358 0 0.00666573
2013 0.569534 -0.00100141 -0.0339707 0.01 50 50 0 0 0
2025 0.662989 -0.000718216 -0.0383273 0.01 75 75 0 0 0
2029 0.609525 -0.000880228 -0.0964685 0.01 50 50 0 0 0
2031 0.569534 -0.00100141 -0.0339707 0.01 49 49 0 0 0
2040 0.569534 -0.00100141 -0.0339707 0.01 50 50 0 0 0
2041 0.662989 -0.000718216 -0.0383273 0.01 75 75 0 0 0
2054 0.662989 -0.000718216 -0.0480665 0.01 76 76 0 0 0
2056 0.526603 -0.00113151 -0.0742365 0.01 60 60 0 0 0
2059 0.550751 -0.00105833 -0.068144 0.01 50 50 0 0 0
2074 0.594808 -0.000924824 -0.0964685 0.01 49 49 0 0 0
2078 0.569534 -0.00100141 -0.0339707 0.01 49 49 0 0 0
2079 0.609525 -0.000880228 -0.0964685 0.01 50 50 0 0 0
2111 0.56956 -0.00100133 -0.0696191 0.01 50 50 0 0 0
2113 0.594808 -0.000924824 -0.0964685 0.01 49 49 0 0 0
2155 0.652202 -0.000750904 -0.0454474 0.01 74 74 0 0 0
2160 0.549895 -0.00106092 -0.0267599 0.01 60 60 0 0 0
2174 0.565169 -0.00101464 -0.0535561 0.01 60 60 0 0 0
2180 0.662989 -0.000718216 -0.0383273 0.01 75 75 0 0 0
2183 0.557169 -0.00103888 -0.0751087 0.01 60 60 -0.000758648 0 -0.00496962
2187 0.609525 -0.000880228 -0.0964685 0.01 50 50 0 0 0
2202 0.569534 -0.00100141 -0.0385491 0.01 48 48 0 0 0
2224 0.569534 -0.00100141 -0.0339707 0.01 48 48 0 0 0
2226 0.661761 -0.000721936 -0.0383273 0.01 76 76 0 0 0
2248 0.563548 -0.00101955 -0.080035 0.01 60 60 0 0 0
2251 0.569534 -0.00100141 -0.0339707 0.01 50 50 0 0 0
2254 0.56248 -0.00102279 -0.068144 0.01 48 48 0 0 0
2257 0.563736 -0.00101898 -0.068144 0.01 49 49 0 0 0
2259 0.661761 -0.000721936 -0.0383273 0.01 75 75 0 0 0
2261 0.563736 -0.00101898 -0.068144 0.01 49 49 0 0 0
2271 0.504673 -0.00119796 -0.0516758 0.01 50 50 0 0 0
2285 0.662989 -0.000718216 -0.0333514 0.01 74 74 0 0 0
2288 0.662989 -0.000718216 -0.0383273 0.01 76 76 0 0 0
2310 0.662989 -0.000718216 -0.0383273 0.01 75 75 0 0 0
2311 0.56956 -0.00100133 -0.068144 0.01 50 50 0 0 0
2313 0.550751 -0.00105833 -0.068144 0.01 50 50 0 0 0
2319 0.569534 -0.00100141 -0.0339707 0.01 50 50 0 0 0
2324 0.662989 -0.000718216 -0.0411904 0.01 76 76 0 0 0
2326 0.594808 -0.000924824 -0.0964685 0.01 49 49 0 0 0
2327 0.662989 -0.000718216 -0.0383273 0.01 74 74 0 0 0
2335 0.662989 -0.000718216 -0.0454474 0.01 74 74 0 0 0
2337 0.550751 -0.00105833 -0.068144 0.01 50 50 0 0 0
2338 0.589956 -0.000939526 -0.087336 0.01 49 51 0 0 0
2340 0.662989 -0.000718216 -0.0316616 0.01 74 74 0 0 0
2347 0.662989 -0.000718216 -0.0383273 0.01 75 75 0 0 0
2350 0.550751 -0.00105833 -0.0624569 0.01 50 50 0 0 0
2362 0.504673 -0.00119796 -0.0516758 0.01 49 49 0 0 0
2366 0.527874 -0.00112765 -0.0640258 0.01 60 60 0 0 0
2369 0.563736 -0.00101898 -0.068144 0.01 49 49 0 0 0
2384 0.640112 -0.00078754 -0.0383273 0.01 75 75 0 0 0
2388 0.569534 -0.00100141 -0.0339707 0.01 50 50 0 0 0
2389 0.550751 -0.00105833 -0.068144 0.01 50 50 0 0 0
2391 0.594808 -0.000924824 -0.0964685 0.01 49 49 0 0 0
2394 0.594808 -0.000924824 -0.0964685 0.01 49 49 0 0 0
2403 0.550751 -0.00105833 -0.068144 0.01 49 50 0 0 0
2405 0.556367 -0.00104131 -0.0640258 0.01 60 60 0 0 0
2406 0.640112 -0.00078754 -0.0383273 0.01 75 75 0 0 0
2431 0.556367 -0.00104131 -0.0541382 0.01 60 59 0 0 0
2434 0.532075 -0.00111492 -0.0668131 0.01 60 60 0 0 0
2437 0.662989 -0.000718216 -0.0454474 0.01 74 74 0 0 0
2440 0.594808 -0.000924824 -0.0964685 0.01 49 49 0 0 0
2444 0.662989 -0.000718216 -0.0496093 0.01 74 74 0 0 0
2455 0.530864 -0.00111859 -0.0518536 0.01 60 59 0.00138181 0 0.0121722
2459 0.504673 -0.00119796 -0.0516758 0.01 50 49 0 0 0
2461 0.576569 -0.000980095 -0.0707793 0.01 49 49 0 0 0
2471 0.662989 -0.000718216 -0.0383273 0.01 74 74 0 0 0
2474 0.569534 -0.00100141 -0.0339707 0.01 50 50 0 0 0
2475 0.539996 -0.00109092 -0.0640258 0.01 60 58 0.00853425 -0.00989962 0
2478 0.662989 -0.000718216 -0.0454474 0.01 74 74 0 0 0
2497 0.693803 -0.000624841 -0.0454474 0.01 74 74 0 0 0
2514 0.556367 -0.00104131 -0.0640258 0.01 60 60 0 0 0
2517 0.662989 -0.000718216 -0.0419015 0.01 75 75 0 0 0
2522 0.532861 -0.00111254 -0.0640258 0.01 60 60 0 0 0
2523 0.569534 -0.00100141 -0.0339707 0.01 48 48 0 0 0
2554 0.526603 -0.00113151 -0.0742365 0.01 60 60 0 0 0
2571 0.563736 -0.00101898 -0.068144 0.01 49 49 0 0 0
2586 0.550751 -0.00105833 -0.068144 0.01 50 50 0 0 0
2599 0.561264 -0.00102647 -0.0653788 0.01 60 60 0 0 0
2604 0.664185 -0.000714591 -0.0383273 0.01 74 74 0 0 0
2605 0.550751 -0.00105833 -0.068144 0.01 50 50 0 0 0
2609 0.552365 -0.00105344 -0.0668131 0.01 60 60 0 0 0
2611 0.569534 -0.00100141 -0.0339707 0.01 50 50 0 0 0
2613 0.569534 -0.00100141 -0.0339707 0.01 50 50 0 0 0
2614 0.594808 -0.000924824 -0.0964685 0.01 49 49 0 0 0
2622 0.550751 -0.00105833 -0.068144 0.01 50 50 0 0 0
2630 0.662989 -0.000718216 -0.0383273 0.01 75 75 0 0 0
2633 0.662989 -0.000718216 -0.0383273 0.01 75 75 0 0 0
2636 0.550751 -0.00105833 -0.068144 0.01 50 50 0 0 0
2641 0.569534 -0.00100141 -0.0339707 0.01 49 49 0 0 0
2657 0.56956 -0.00100133 -0.068144 0.01 50 50 0 0 0
2666 0.557251 -0.00103863 -0.09829 0.01 60 60 0 0 0
2671 0.640112 -0.00078754 -0.0383273 0.01 75 75 0 0 0
2672 0.556367 -0.00104131 -0.0437753 0.01 60 60 0 0 0
2682 0.550751 -0.00105833 -0.068144 0.01 50 50 0 0 0
2686 0.662989 -0.000718216 -0.0383273 0.01 75 75 0 0 0
2688 0.661761 -0.000721936 -0.0383273 0.01 75 75 0 0 0
2697 0.662989 -0.000718216 -0.0454474 0.01 75 75 0 0 0
2705 0.662989 -0.000718216 -0.0383273 0.01 76 76 0 0 0
2716 0.662989 -0.000718216 -0.0383273 0.01 75 75 0 0 0
2730 0.569534 -0.00100141 -0.0385491 0.01 50 51 0 0 0
2732 0.549895 -0.00106092 -0.0493838 0.01 60 60 0 0 0
2744 0.614221 -0.000865997 -0.036823 0.01 60 60 0 0 0
2756 0.527874 -0.00112765 -0.0640258 0.01 60 60 0 0 0
2765 0.550751 -0.00105833 -0.0532293 0.01 50 50 0 0 0
2769 0.552365 -0.00105344 -0.0668131 0.01 60 61 0 0 0
2771 0.550751 -0.00105833 -0.068144 0.01 50 51 0 0 0
2773 0.662989 -0.000718216 -0.0411904 0.01 76 76 0 0 0
2774 0.569534 -0.00100141 -0.0339707 0.01 50 50 0 0 0
2779 0.662989 -0.000718216 -0.0383273 0.01 76 76 0 0 0
2780 0.600183 -0.000908536 -0.0964685 0.01 49 49 0 0 0
2786 0.601508 -0.00090452 -0.0707793 0.01 50 50 0 0 0
2787 0.587783 -0.000946114 -0.0473579 0.01 60 60 0 0 0
2791 0.662989 -0.000718216 -0.0383273 0.01 75 75 0 0 0
2799 0.569534 -0.00100141 -0.0339707 0.01 49 49 0 0 0
2807 0.569534 -0.00100141 -0.0339707 0.01 50 50 0 0 0
2809 0.662989 -0.000718216 -0.0496093 0.01 74 74 0 0 0
2811 0.569534 -0.00100141 -0.0339707 0.01 50 50 0 0 0
2822 0.662989 -0.000718216 -0.0383273 0.01 75 75 0 0 0
2828 0.662989 -0.000718216 -0.0383273 0.01 75 75 0 0 0
2829 0.594808 -0.000924824 -0.0964685 0.01 50 50 0 0 0
2833 0.662989 -0.000718216 -0.0383273 0.01 76 76 0 0 0
2840 0.550751 -0.00105833 -0.068144 0.01 50 50 0 0 0
2848 0.569534 -0.00100141 -0.0339707 0.01 48 48 0 0 0
2850 0.662989 -0.000718216 -0.0526564 0.01 75 75 -0.0269904 0 -0.0143291
2864 0.662989 -0.000718216 -0.0383273 0.01 74 74 0 0 0
2893 0.569534 -0.00100141 -0.0339707 0.01 50 50 0 0 0
2898 0.552365 -0.00105344 -0.0668131 0.01 60 60 0 0 0
2905 0.563736 -0.00101898 -0.068144 0.01 49 49 0 0 0
2907 0.601508 -0.00090452 -0.0707793 0.01 50 51 0 0 0
2925 0.556367 -0.00104131 -0.0640258 0.01 60 60 0 0 0
2938 0.569534 -0.00100141 -0.0339707 0.01 49 49 0 0 0
2941 0.504673 -0.00119796 -0.0516758 0.01 49 49 0 0 0
2948 0.601508 -0.00090452 -0.0707793 0.01 50 50 0 0 0
2949 0.662989 -0.000718216 -0.0383273 0.01 76 76 0 0 0
2951 0.662989 -0.000718216 -0.0383273 0.01 74 73 0 0 0
2953 0.662989 -0.000718216 -0.0359051 0.01 75 75 0 0 0
2956 0.607269 -0.000887064 -0.0487024 0.01 60 60 0 0 0
2957 0.550751 -0.00105833 -0.068144 0.01 50 51 0 0 0
2958 0.569534 -0.00100141 -0.0339707 0.01 49 49 0 0 0
2962 0.662989 -0.000718216 -0.0383273 0.01 74 74 0 0 0
2967 0.550751 -0.00105833 -0.068144 0.01 50 50 0 0 0
2968 0.594063 -0.000927081 -0.0704683 0.01 60 58 0 0 0
2970 0.550751 -0.00105833 -0.068144 0.01 50 51 0 0 0
2984 0.537797 -0.00109759 -0.0270831 0.01 60 60 0 0 0
2985 0.569534 -0.00100141 -0.0339707 0.01 48 48 0 0 0
2989 0.569534 -0.00100141 -0.0339707 0.01 49 49 0 0 0
2996 0.662989 -0.000718216 -0.0383273 0.01 74 73 0 0 0
3000 0.661761 -0.000721936 -0.0471089 0.01 76 76 0 0 0
3004 0.594808 -0.000924824 -0.0964685 0.01 49 49 0 0 0
3007 0.662989 -0.000718216 -0.0383273 0.01 75 75 0 0 0
3011 0.603789 -0.000897609 -0.046068 0.01 60 60 0 0 0
3013 0.562364 -0.00102314 -0.0640258 0.01 60 60 -0.0210465 0.0244991 0
3014 0.569534 -0.00100141 -0.0339707 0.01 48 48 0 0 0
3027 0.662989 -0.000718216 -0.0383273 0.01 74 74 0 0 0
3031 0.662989 -0.000718216 -0.0383273 0.01 75 75 0 0 0
3034 0.559267 -0.00103252 -0.068144 0.01 49 50 0 0 0
3045 0.662989 -0.000718216 -0.0383273 0.01 75 75 0 0 0
3051 0.662989 -0.000718216 -0.0383273 0.01 75 75 0 0 0
3052 0.56248 -0.00102279 -0.068144 0.01 49 49 0 0 0
3062 0.56248 -0.00102279 -0.068144 0.01 48 48 0 0 0
3074 0.661761 -0.000721936 -0.0383273 0.01 76 76 0 0 0
3079 0.594808 -0.000924824 -0.0964685 0.01 50 50 0 0 0
3092 0.550751 -0.00105833 -0.068144 0.01 50 50 0 0 0
3098 0.550751 -0.00105833 -0.068144 0.01 50 50 0 0 0
3111 0.593426 -0.000929014 -0.0801043 0.01 60 60 0 0 0
3117 0.662989 -0.000718216 -0.0383273 0.01 75 75 0 0 0
3125 0.569534 -0.00100141 -0.0382132 0.01 49 49 0 0 0
3126 0.551184 -0.00105702 -0.068144 0.01 50 50 -0.00882752 0.0119036 0
3128 0.569534 -0.00100141 -0.0339707 0.01 50 50 0 0 0
3133 0.662989 -0.000718216 -0.0383273 0.01 75 75 0 0 0
3137 0.662989 -0.000718216 -0.0383273 0.01 75 75 0 0 0
3147 0.569534 -0.00100141 -0.0194693 0.01 50 50 0 0 0
3160 0.537865 -0.00109738 -0.0640258 0.01 60 60 0 0 0
3162 0.552365 -0.00105344 -0.0668131 0.01 60 59 0 0 0
3174 0.550751 -0.00105833 -0.068144 0.01 49 50 0 0 0
3180 0.623216 -0.00083874 -0.0403401 0.01 60 60 0 0 0
3196 0.550751 -0.00105833 -0.068144 0.01 50 51 0 0 0
3198 0.601508 -0.00090452 -0.0707793 0.01 50 52 0 0 0
3199 0.594808 -0.000924824 -0.0964685 0.01 50 50 0 0 0
3206 0.662989 -0.000718216 -0.0383273 0.01 74 74 0 0 0
3219 0.623048 -0.000839249 -0.0384409 0.01 60 60 0 0 0
3226 0.56248 -0.00102279 -0.068144 0.01 48 49 0 0 0
3231 0.662989 -0.000718216 -0.0383273 0.01 75 75 0 0 0
3237 0.526603 -0.00113151 -0.0662216 0.01 60 61 0.00187013 0 0.0080149
3245 0.550751 -0.00105833 -0.068144 0.01 50 51 0 0 0
3256 0.668462 -0.000701631 -0.0383273 0.01 75 75 -0.00349852 0.00547326 0
3270 0.594808 -0.000924824 -0.0964685 0.01 49 49 0 0 0
3277 0.527874 -0.00112765 -0.0640258 0.01 60 60 0 0 0
3291 0.53928 -0.00109309 -0.0725144 0.01 49 49 0 0 0
3293 0.662989 -0.000718216 -0.0383273 0.01 75 75 0 0 0
3306 0.662989 -0.000718216 -0.0383273 0.01 74 75 0 0 0
3310 0.569534 -0.00100141 -0.0339707 0.01 49 49 0 0 0
3314 0.56248 -0.00102279 -0.068144 0.01 49 50 0 0 0
3320 0.550751 -0.00105833 -0.068144 0.01 50 50 0 0 0
3322 0.556367 -0.00104131 -0.0643926 0.01 60 60 0 0 0
3325 0.527874 -0.00112765 -0.0640258 0.01 60 60 0 0 0
3327 0.550751 -0.00105833 -0.068144 0.01 50 51 0 0 0
3338 0.559267 -0.00103252 -0.068144 0.01 49 49 0 0 0
3366 0.662989 -0.000718216 -0.0383273 0.01 75 75 0 0 0
3369 0.535373 -0.00110493 -0.0532293 0.01 48 49 0 0 0
3371 0.56248 -0.00102279 -0.068144 0.01 48 48 0 0 0
3375 0.60155 -0.000904394 -0.0733279 0.01 60 60 -0.000558347 0 -0.00419922
3376 0.556367 -0.00104131 -0.0640258 0.01 60 60 0 0 0
3380 0.593426 -0.000929014 -0.0801043 0.01 60 60 0 0 0
3384 0.563595 -0.00101941 -0.0339707 0.01 50 50 0 0 0
3388 0.662989 -0.000718216 -0.0383273 0.01 75 75 0 0 0
3390 0.550751 -0.00105833 -0.068144 0.01 50 51 0 0 0
3393 0.569534 -0.00100141 -0.0339707 0.01 48 49 0 0 0
3399 0.662989 -0.000718216 -0.0383273 0.01 74 74 0 0 0
3413 0.662989 -0.000718216 -0.0383273 0.01 75 75 0 0 0
3422 0.549895 -0.00106092 -0.0640258 0.01 60 60 0 0 0
3425 0.662989 -0.000718216 -0.0383273 0.01 74 74 0 0 0
3430 0.662989 -0.000718216 -0.0383273 0.01 76 76 0 0 0
3441 0.550751 -0.00105833 -0.068144 0.01 50 52 0 0 0
3443 0.556921 -0.00103963 -0.0704683 0.01 60 56 0 0 0
3445 0.56248 -0.00102279 -0.068144 0.01 49 48 0 0 0
3447 0.662989 -0.000718216 -0.0383273 0.01 76 76 0 0 0
3449 0.569534 -0.00100141 -0.0339707 0.01 48 48 0 0 0
3463 0.569534 -0.00100141 -0.0194693 0.01 50 50 0 0 0
3470 0.550751 -0.00105833 -0.068144 0.01 49 50 0 0 0
3472 0.662989 -0.000718216 -0.0383273 0.01 75 75 0 0 0
3477 0.56956 -0.00100133 -0.068144 0.01 50 52 0 0 0
3504 0.662989 -0.000718216 -0.0383273 0.01 74 74 0 0 0
3509 0.594808 -0.000924824 -0.0964685 0.01 49 49 0 0 0
3512 0.662989 -0.000718216 -0.0454474 0.01 74 74 0 0 0
3514 0.549895 -0.00106092 -0.0267599 0.01 60 60 0 0 0
3515 0.569534 -0.00100141 -0.0339707 0.01 48 48 0 0 0
3518 0.662989 -0.000718216 -0.0411904 0.01 76 76 0 0 0
3529 0.662989 -0.000718216 -0.0454474 0.01 75 75 0 0 0
3530 0.604774 -0.000894625 -0.0691019 0.01 60 60 0 0 0
3536 0.556367 -0.00104131 -0.0640258 0.01 60 60 0 0 0
3537 0.662989 -0.000718216 -0.0383273 0.01 74 74 0 0 0
3540 0.549895 -0.00106092 -0.0818276 0.01 60 60 0 0 0
3545 0.585319 -0.000953578 -0.0964685 0.01 49 49 0 0 0
3547 0.661761 -0.000721936 -0.0383273 0.01 76 76 0 0 0
3555 0.504673 -0.00119796 -0.0516758 0.01 49 49 0 0 0
3558 0.530864 -0.00111859 -0.0802407 0.01 60 59 0 0 0
3564 0.526603 -0.00113151 -0.0742365 0.01 60 60 0 0 0
3577 0.517987 -0.00115761 -0.0742365 0.01 60 60 0 0 0
3579 0.517987 -0.00115761 -0.0742365 0.01 60 60 0 0 0
3580 0.662989 -0.000718216 -0.0383273 0.01 75 75 0 0 0
3582 0.548442 -0.00106533 -0.0339707 0.01 50 51 0 0 0
3587 0.559267 -0.00103252 -0.068144 0.01 49 50 0 0 0
3589 0.541306 -0.00108695 -0.068144 0.01 50 50 0 0 0
3596 0.662989 -0.000718216 -0.0383273 0.01 75 75 0 0 0
3615 0.605243 -0.000893204 -0.0701153 0.01 60 60 0 0 0
3616 0.662989 -0.000718216 -0.0383273 0.01 76 76 0 0 0
3619 0.557169 -0.00103888 -0.0742 0.01 60 59 0 0 0
3622 0.550751 -0.00105833 -0.068144 0.01 49 49 0 0 0
3623 0.662989 -0.000718216 -0.0383273 0.01 75 75 0 0 0
3626 0.662989 -0.000718216 -0.0499698 0.01 75 75 0 0 0
3627 0.504673 -0.00119796 -0.0640258 0.01 50 50 0 0 0
3632 0.563736 -0.00101898 -0.068144 0.01 49 49 0 0 0
3643 0.549895 -0.00106092 -0.0640258 0.01 60 60 0 0 0
3648 0.661761 -0.000721936 -0.0383273 0.01 75 75 0 0 0
3654 0.569534 -0.00100141 -0.0385491 0.01 49 49 0 0 0
3657 0.662989 -0.000718216 -0.0544704 0.01 74 74 0 0 0
3664 0.569534 -0.00100141 -0.0339707 0.01 49 49 0 0 0
3672 0.549895 -0.00106092 -0.0589899 0.01 60 60 0 0 0
3676 0.532075 -0.00111492 -0.0668131 0.01 60 60 0 0 0
3679 0.504673 -0.00119796 -0.0516758 0.01 49 49 0 0 0
3683 0.568122 -0.00100569 -0.0839702 0.01 60 60 -0.000578046 0 -0.00393523
3689 0.59356 -0.000928606 -0.0668103 0.01 60 60 0 0 0
3693 0.569534 -0.00100141 -0.0339707 0.01 49 49 0 0 0
3695 0.609525 -0.000880228 -0.0964685 0.01 50 50 0 0 0
3697 0.662989 -0.000718216 -0.0383273 0.01 74 74 0 0 0
3707 0.594808 -0.000924824 -0.0964685 0.01 49 49 0 0 0
3709 0.504673 -0.00119796 -0.0516758 0.01 48 48 0 0 0
3710 0.566417 -0.00101086 -0.0532674 0.01 60 60 0 0 0
3716 0.569534 -0.00100141 -0.0339707 0.01 49 50 0 0 0
3726 0.550751 -0.00105833 -0.068144 0.01 50 50 0 0 0
3727 0.662989 -0.000718216 -0.0383273 0.01 76 75 0 0 0
3729 0.569534 -0.00100141 -0.0339707 0.01 49 50 0 0 0
3730 0.556367 -0.00104131 -0.0640258 0.01 60 60 0 0 0
3731 0.569534 -0.00100141 -0.0339707 0.01 48 48 0 0 0
3741 0.556367 -0.00104131 -0.0640258 0.01 60 60 0 0 0
3754 0.557169 -0.00103888 -0.0742 0.01 60 60 0 0 0
3762 0.603789 -0.000897609 -0.0704683 0.01 60 60 0 0 0
3763 0.504673 -0.00119796 -0.0516758 0.01 49 49 0 0 0
3766 0.597813 -0.000915718 -0.0704683 0.01 60 60 0 0 0
3768 0.56248 -0.00102279 -0.068144 0.01 49 49 0 0 0
3770 0.662989 -0.000718216 -0.0383273 0.01 74 74 0 0 0
3774 0.662989 -0.000718216 -0.0454474 0.01 74 74 0 0 0
3776 0.662989 -0.000718216 -0.0411904 0.01 76 76 0 0 0
3786 0.556367 -0.00104131 -0.0640258 0.01 60 60 0 0 0
3798 0.592501 -0.000931815 -0.0503544 0.01 50 50 0 0 0
3814 0.549895 -0.00106092 -0.0640258 0.01 60 60 0 0 0
3832 0.569534 -0.00100141 -0.0385491 0.01 50 50 0 0 0
3840 0.594808 -0.000924824 -0.0964685 0.01 49 49 0 0 0
3842 0.550751 -0.00105833 -0.068144 0.01 50 50 0 0 0
3844 0.550751 -0.00105833 -0.068144 0.01 50 50 0 0 0
3845 0.661761 -0.000721936 -0.0383273 0.01 76 76 0 0 0
3846 0.517987 -0.00115761 -0.0742365 0.01 60 60 0 0 0
3860 0.595303 -0.000923324 -0.0646349 0.01 60 60 0 0 0
3861 0.613802 -0.000867268 -0.0618719 0.01 60 60 0 0 0
3873 0.569534 -0.00100141 -0.0339707 0.01 48 48 0 0 0
3884 0.552365 -0.00105344 -0.0668131 0.01 60 60 0 0 0
3887 0.662989 -0.000718216 -0.0454474 0.01 74 74 0 0 0
3894 0.563736 -0.00101898 -0.068144 0.01 49 49 0 0 0
3895 0.56956 -0.00100133 -0.068144 0.01 49 49 0 0 0
3909 0.662989 -0.000718216 -0.0383273 0.01 75 75 0 0 0
3910 0.56248 -0.00102279 -0.068144 0.01 49 49 0 0 0
3918 0.601508 -0.00090452 -0.0707793 0.01 49 49 0 0 0
3931 0.662989 -0.000718216 -0.0383273 0.01 74 74 0 0 0
3940 0.569534 -0.00100141 -0.0339707 0.01 49 49 0 0 0
3945 0.662989 -0.000718216 -0.0383273 0.01 74 74 0 0 0
3948 0.556367 -0.00104131 -0.0585601 0.01 60 60 0 0 0
3961 0.662989 -0.000718216 -0.0383273 0.01 76 76 0 0 0
3969 0.504673 -0.00119796 -0.0516758 0.01 49 49 0 0 0
3972 0.549895 -0.00106092 -0.0640258 0.01 60 60 0 0 0
3973 0.65373 -0.000746274 -0.0415538 0.01 60 59 0 0 0
3976 0.569534 -0.00100141 -0.0339707 0.01 49 50 0 0 0
3983 0.569534 -0.00100141 -0.0339707 0.01 48 48 0 0 0
3984 0.563736 -0.00101898 -0.068144 0.01 49 49 0 0 0
3996 0.569534 -0.00100141 -0.0339707 0.01 50 50 0 0 0
4014 0.575611 -0.000982998 -0.0595925 0.01 60 60 0 0 0
4026 0.53928 -0.00109309 -0.068144 0.01 49 50 0 0 0
4035 0.537865 -0.00109738 -0.0707676 0.01 60 60 0 0 0
4036 0.569534 -0.00100141 -0.0339707 0.01 49 49 0 0 0
4043 0.700815 -0.00060359 -0.0454474 0.01 74 74 -0.00402796 0.00701272 0
4055 0.609525 -0.000880228 -0.0964685 0.01 50 50 0 0 0
4061 0.569534 -0.00100141 -0.0339707 0.01 49 49 0 0 0
4073 0.569534 -0.00100141 -0.0339707 0.01 49 49 0 0 0
4075 0.563595 -0.00101941 -0.0339707 0.01 50 50 0 0 0
4080 0.550751 -0.00105833 -0.068144 0.01 50 50 0 0 0
4081 0.662989 -0.000718216 -0.0454474 0.01 74 74 0 0 0
4082 0.662989 -0.000718216 -0.0383273 0.01 75 75 0 0 0
4090 0.662989 -0.000718216 -0.0383273 0.01 76 76 0 0 0
4099 0.594808 -0.000924824 -0.0964685 0.01 50 50 0 0 0
4101 0.662989 -0.000718216 -0.0383273 0.01 75 75 0 0 0
4102 0.550751 -0.00105833 -0.068144 0.01 50 50 0 0 0
4114 0.588815 -0.000942984 -0.0664808 0.01 60 60 0 0 0
4123 0.603789 -0.000897609 -0.046068 0.01 60 60 0 0 0
4138 0.557256 -0.00103862 -0.101196 0.01 60 60 -0.00319776 0 -0.0211608
4140 0.558742 -0.00103411 -0.0638867 0.01 60 60 0.00209939 -0.00252116 0
4155 0.569534 -0.00100141 -0.0339707 0.01 49 48 0 0 0
4161 0.563736 -0.00101898 -0.068144 0.01 49 49 0 0 0
4169 0.569534 -0.00100141 -0.0385491 0.01 50 51 0 0 0
4170 0.623048 -0.000839249 -0.0384409 0.01 60 60 0 0 0
4179 0.662989 -0.000718216 -0.0383273 0.01 75 76 0 0 0
4180 0.548592 -0.00106487 -0.0640258 0.01 60 59 0 0 0
4185 0.549895 -0.00106092 -0.0432964 0.01 60 60 -0.000862569 0 -0.00542189
4198 0.662989 -0.000718216 -0.0419015 0.01 74 75 0 0 0
4201 0.532075 -0.00111492 -0.0652256 0.01 60 61 0 0 0
4225 0.662989 -0.000718216 -0.0454474 0.01 74 74 0 0 0
4232 0.662989 -0.000718216 -0.0358644 0.01 74 74 0 0 0
4242 0.662989 -0.000718216 -0.0383273 0.01 74 74 0 0 0
4248 0.662989 -0.000718216 -0.0383273 0.01 74 73 0 0 0
4269 0.565169 -0.00101464 -0.0535561 0.01 60 60 0 0 0
4282 0.592501 -0.000931815 -0.0503544 0.01 50 50 0 0 0
4283 0.563736 -0.00101898 -0.068144 0.01 50 50 0 0 0
4284 0.556367 -0.00104131 -0.0640258 0.01 60 60 0 0 0
4286 0.594808 -0.000924824 -0.0964685 0.01 49 49 0 0 0
4290 0.662989 -0.000718216 -0.0383273 0.01 75 75 0 0 0
4295 0.662989 -0.000718216 -0.0383273 0.01 75 75 0 0 0
4296 0.594808 -0.000924824 -0.0964685 0.01 49 49 0 0 0
4297 0.662989 -0.000718216 -0.0454474 0.01 74 74 0 0 0
4298 0.575611 -0.000982998 -0.0595925 0.01 60 60 0 0 0
4299 0.662989 -0.000718216 -0.0383273 0.01 74 74 0 0 0
4300 0.527874 -0.00112765 -0.0640258 0.01 60 60 0 0 0
4303 0.662989 -0.000718216 -0.0383273 0.01 75 75 0 0 0
4309 0.662989 -0.000718216 -0.0383273 0.01 75 75 0 0 0
4312 0.550751 -0.00105833 -0.068144 0.01 50 50 0 0 0
4314 0.569534 -0.00100141 -0.0339707 0.01 50 50 0 0 0
4324 0.56248 -0.00102279 -0.068144 0.01 49 49 0 0 0
4325 0.563548 -0.00101955 -0.080035 0.01 60 60 0 0 0
4341 0.58894 -0.000942606 -0.0640258 0.01 60 60 0 0 0
4351 0.563736 -0.00101898 -0.068144 0.01 49 49 0 0 0
4383 0.56248 -0.00102279 -0.068144 0.01 48 48 0 0 0
4384 0.550751 -0.00105833 -0.068144 0.01 50 50 0 0 0
4393 0.605243 -0.000893204 -0.0761247 0.01 60 60 -0.000789002 0 -0.00600942
4405 0.550751 -0.00105833 -0.068144 0.01 49 49 0 0 0
4410 0.569534 -0.00100141 -0.0339707 0.01 50 50 0 0 0
4421 0.569534 -0.00100141 -0.0339707 0.01 50 50 0 0 0
4422 0.662989 -0.000718216 -0.0333514 0.01 74 74 0 0 0
4439 0.662989 -0.000718216 -0.0383273 0.01 76 76 0 0 0
4449 0.662989 -0.000718216 -0.0383273 0.01 74 74 0 0 0
4450 0.575611 -0.000982998 -0.0595925 0.01 60 60 0 0 0
4454 0.557671 -0.00103736 -0.068144 0.01 50 50 0 0 0
4455 0.575397 -0.000983644 -0.068144 0.01 48 48 0 0 0
4460 0.662989 -0.000718216 -0.0383273 0.01 74 74 0 0 0
4481 0.569534 -0.00100141 -0.0339707 0.01 50 50 0 0 0
4491 0.569534 -0.00100141 -0.0339707 0.01 48 48 0 0 0
4499 0.563736 -0.00101898 -0.068144 0.01 49 49 0 0 0
4502 0.550751 -0.00105833 -0.068144 0.01 49 49 0 0 0
4505 0.563736 -0.00101898 -0.068144 0.01 49 49 0 0 0
4506 0.605243 -0.000893204 -0.0701153 0.01 60 60 0 0 0
4514 0.569534 -0.00100141 -0.0385491 0.01 50 50 0 0 0
4519 0.662989 -0.000718216 -0.0383273 0.01 75 75 0 0 0
4523 0.569534 -0.00100141 -0.0339707 0.01 49 49 0 0 0
4526 0.662989 -0.000718216 -0.0383273 0.01 75 75 0 0 0
4531 0.550751 -0.00105833 -0.068144 0.01 49 49 0 0 0
4532 0.561264 -0.00102647 -0.0638867 0.01 60 60 0 0 0
4535 0.569534 -0.00100141 -0.0339707 0.01 48 48 0 0 0
4537 0.569534 -0.00100141 -0.0339707 0.01 50 51 0 0 0
4548 0.569534 -0.00100141 -0.0339707 0.01 49 49 0 0 0
4550 0.569534 -0.00100141 -0.0339707 0.01 49 49 0 0 0
4553 0.582549 -0.000961972 -0.018385 0.01 60 60 0 0 0
4571 0.504673 -0.00119796 -0.0816501 0.01 49 49 -0.00267614 0 -0.0299743
4596 0.569534 -0.00100141 -0.0339707 0.01 50 50 0 0 0
4601 0.662989 -0.000718216 -0.0383273 0.01 74 74 0 0 0
4606 0.549895 -0.00106092 -0.0640258 0.01 60 60 0 0 0
4613 0.569534 -0.00100141 -0.0385491 0.01 50 50 0 0 0
4614 0.662989 -0.000718216 -0.0499698 0.01 74 75 0 0 0
4615 0.662989 -0.000718216 -0.0383273 0.01 75 75 0 0 0
4639 0.556367 -0.00104131 -0.0640258 0.01 60 61 0 0 0
4642 0.569534 -0.00100141 -0.0339707 0.01 50 50 0 0 0
4658 0.662989 -0.000718216 -0.0383273 0.01 75 75 0 0 0
4660 0.569534 -0.00100141 -0.0339707 0.01 49 49 0 0 0
4665 0.556367 -0.00104131 -0.0640258 0.01 60 60 0 0 0
4667 0.568122 -0.00100569 -0.0839702 0.01 60 60 0 0 0
4676 0.662989 -0.000718216 -0.0383273 0.01 74 74 0 0 0
4678 0.571775 -0.000994623 -0.0339707 0.01 48 49 0 0 0
4685 0.569534 -0.00100141 -0.0339707 0.01 49 49 0 0 0
4700 0.662989 -0.000718216 -0.0383273 0.01 75 74 0 0 0
4711 0.56248 -0.00102279 -0.068144 0.01 49 49 0 0 0
4715 0.556367 -0.00104131 -0.0640258 0.01 60 60 0 0 0
4723 0.662989 -0.000718216 -0.0383273 0.01 74 74 0 0 0
4726 0.504673 -0.00119796 -0.0516758 0.01 49 49 0 0 0
4729 0.593111 -0.000929968 -0.0809287 0.01 60 60 0 0 0
4737 0.53928 -0.00109309 -0.0725144 0.01 49 49 0 0 0
4738 0.569534 -0.00100141 -0.0385491 0.01 50 50 0 0 0
4745 0.662989 -0.000718216 -0.0383273 0.01 75 75 0 0 0
4747 0.662989 -0.000718216 -0.0333514 0.01 74 74 0 0 0
4755 0.569534 -0.00100141 -0.0339707 0.01 50 50 0 0 0
4764 0.594808 -0.000924824 -0.0964685 0.01 49 49 0 0 0
4780 0.532075 -0.00111492 -0.0600892 0.01 60 60 0.00111705 0 0.0067239
4781 0.552365 -0.00105344 -0.0668131 0.01 60 60 0 0 0
4782 0.56248 -0.00102279 -0.068144 0.01 48 48 0 0 0
4783 0.549895 -0.00106092 -0.0493838 0.01 60 60 0 0 0
4790 0.615219 -0.000862972 -0.0681394 0.01 60 60 -0.00742888 0.0104626 0
4804 0.662989 -0.000718216 -0.0411904 0.01 76 76 0 0 0
4813 0.594426 -0.000925981 -0.0786793 0.01 60 60 0 0 0
4817 0.550751 -0.00105833 -0.068144 0.01 50 50 0 0 0
4822 0.556367 -0.00104131 -0.0640258 0.01 60 60 0 0 0
4831 0.527874 -0.00112765 -0.0640258 0.01 60 60 0 0 0
4841 0.569534 -0.00100141 -0.0385491 0.01 48 48 0 0 0
4852 0.56956 -0.00100133 -0.068144 0.01 49 49 0 0 0
4854 0.56248 -0.00102279 -0.068144 0.01 50 50 0 0 0
4855 0.569534 -0.00100141 -0.0339707 0.01 49 49 0 0 0
4872 0.550751 -0.00105833 -0.068144 0.01 50 49 0 0 0
4877 0.662989 -0.000718216 -0.0383273 0.01 74 73 0 0 0
4885 0.504673 -0.00119796 -0.0516758 0.01 49 49 0 0 0
4887 0.52945 -0.00112288 -0.068144 0.01 50 50 0 0 0
4888 0.569534 -0.00100141 -0.0339707 0.01 50 50 0 0 0
4890 0.604428 -0.000895674 -0.0503544 0.01 60 60 0 0 0
4896 0.563364 -0.00102011 -0.080514 0.01 60 60 0 0 0
4903 0.662989 -0.000718216 -0.0383273 0.01 75 75 0 0 0
4905 0.563736 -0.00101898 -0.068144 0.01 49 49 0 0 0
4911 0.59356 -0.000928606 -0.0668103 0.01 60 60 0 0 0
4913 0.569534 -0.00100141 -0.0339707 0.01 48 48 0 0 0
4918 0.662989 -0.000718216 -0.0383273 0.01 75 75 0 0 0
4921 0.662989 -0.000718216 -0.0383273 0.01 75 75 0 0 0
4931 0.56956 -0.00100133 -0.068144 0.01 50 50 0 0 0
4934 0.662989 -0.000718216 -0.0383273 0.01 75 75 0 0 0
4944 0.675048 -0.000681674 -0.0454474 0.01 74 74 -0.00738695 0.012059 0
4950 0.532861 -0.00111254 -0.0640258 0.01 60 60 0 0 0
4966 0.563736 -0.00101898 -0.068144 0.01 49 49 0 0 0
4967 0.569534 -0.00100141 -0.0339707 0.01 50 51 0 0 0
4969 0.56956 -0.00100133 -0.0696191 0.01 50 50 0 0 0
4976 0.661761 -0.000721936 -0.0383273 0.01 76 76 0 0 0
4981 0.576569 -0.000980095 -0.0707793 0.01 49 49 0 0 0
4985 0.569534 -0.00100141 -0.0339707 0.01 49 49 0 0 0
4989 0.549895 -0.00106092 -0.0493838 0.01 60 59 0 0 0
5003 0.517987 -0.00115761 -0.0742365 0.01 60 60 0 0 0
5005 0.569534 -0.00100141 -0.0339707 0.01 50 51 0 0 0
5007 0.560684 -0.00102823 -0.0275152 0.01 49 49 0 0 0
5017 0.561264 -0.00102647 -0.0638867 0.01 60 60 0 0 0
5031 0.550751 -0.00105833 -0.068144 0.01 50 50 0 0 0
5032 0.664185 -0.000714591 -0.0383273 0.01 74 74 0 0 0
5034 0.569534 -0.00100141 -0.0339707 0.01 49 49 0 0 0
5038 0.556869 -0.00103979 -0.0339707 0.01 50 50 0 0 0
5047 0.526603 -0.00113151 -0.0742365 0.01 60 60 0 0 0
5061 0.550751 -0.00105833 -0.068144 0.01 50 50 0 0 0
5065 0.593111 -0.000929968 -0.0809287 0.01 60 60 0 0 0
5087 0.557256 -0.00103862 -0.080035 0.01 60 59 0 0 0
5098 0.546716 -0.00107056 -0.0860055 0.01 60 60 0 0 0
5101 0.556367 -0.00104131 -0.0437753 0.01 60 60 0 0 0
5105 0.563736 -0.00101898 -0.068144 0.01 49 49 0 0 0
5107 0.624429 -0.000835064 -0.0318293 0.01 60 60 0 0 0
5108 0.662989 -0.000718216 -0.0383273 0.01 74 74 0 0 0
5121 0.504673 -0.00119796 -0.0516758 0.01 50 50 0 0 0
5122 0.569534 -0.00100141 -0.0339707 0.01 50 50 0 0 0
5127 0.662989 -0.000718216 -0.0383273 0.01 75 75 0 0 0
5129 0.590206 -0.000938771 -0.0964685 0.01 49 49 0 0 0
5139 0.569534 -0.00100141 -0.0385491 0.01 48 48 0 0 0
5146 0.569534 -0.00100141 -0.0339707 0.01 50 50 0 0 0
5186 0.594808 -0.000924824 -0.0964685 0.01 49 49 0 0 0
5189 0.662989 -0.000718216 -0.0333514 0.01 74 74 0 0 0
5192 0.556367 -0.00104131 -0.0640258 0.01 60 60 0 0 0
5193 0.569534 -0.00100141 -0.0339707 0.01 50 50 0 0 0
5197 0.566247 -0.00101137 -0.0339707 0.01 50 50 0.00225767 -0.00328749 0
5199 0.569534 -0.00100141 -0.0339707 0.01 49 49 0 0 0
5202 0.601172 -0.00090554 -0.0633644 0.01 60 59 0 0 0
5207 0.569534 -0.00100141 -0.0339707 0.01 49 49 0 0 0
5218 0.563548 -0.00101955 -0.080035 0.01 60 60 0 0 0
5221 0.542014 -0.00108481 -0.070139 0.01 60 60 0.0129926 -0.015155 0
5239 0.594808 -0.000924824 -0.0964685 0.01 49 49 0 0 0
5244 0.662989 -0.000718216 -0.0383273 0.01 76 76 0 0 0
5249 0.56248 -0.00102279 -0.068144 0.01 49 49 0 0 0
5254 0.569534 -0.00100141 -0.0339707 0.01 49 50 0 0 0
5262 0.563595 -0.00101941 -0.0339707 0.01 50 50 0 0 0
5274 0.536991 -0.00110003 -0.09829 0.01 60 60 0 0 0
5278 0.550751 -0.00105833 -0.068144 0.01 50 52 0 0 0
5281 0.549895 -0.00106092 -0.0640258 0.01 60 60 0 0 0
5286 0.569534 -0.00100141 -0.0339707 0.01 50 50 0 0 0
5287 0.556367 -0.00104131 -0.0640258 0.01 60 60 0 0 0
5291 0.662989 -0.000718216 -0.0383273 0.01 75 75 0 0 0
5301 0.550751 -0.00105833 -0.068144 0.01 49 49 0 0 0
5302 0.569534 -0.00100141 -0.0339707 0.01 49 49 0 0 0
5330 0.662989 -0.000718216 -0.0383273 0.01 75 75 0 0 0
5331 0.603789 -0.000897609 -0.046068 0.01 60 60 0 0 0
5342 0.548442 -0.00106533 -0.0339707 0.01 50 51 0 0 0
5348 0.662989 -0.000718216 -0.0383273 0.01 75 75 0 0 0
5351 0.504673 -0.00119796 -0.0516758 0.01 49 49 0 0 0
5358 0.587941 -0.000945632 -0.0339707 0.01 50 50 -0.0121341 0.0184072 0
5360 0.569534 -0.00100141 -0.0453773 0.01 48 49 0 0 0
5369 0.532861 -0.00111254 -0.0640258 0.01 60 60 0 0 0
5376 0.576569 -0.000980095 -0.0707793 0.01 49 49 0 0 0
5378 0.68118 -0.00066309 -0.0383273 0.01 76 75 -0.0114671 0.0181916 0
5383 0.562262 -0.00102345 -0.068144 0.01 50 50 0 0 0
5386 0.551184 -0.00105702 -0.068144 0.01 50 50 0 0 0
5391 0.67881 -0.000670271 -0.0454474 0.01 74 74 0 0 0
5400 0.569534 -0.00100141 -0.0339707 0.01 50 50 0 0 0
5402 0.53928 -0.00109309 -0.068144 0.01 50 51 0 0 0
5405 0.661761 -0.000721936 -0.0383273 0.01 75 75 0 0 0
5406 0.569534 -0.00100141 -0.0339707 0.01 50 50 0 0 0
5419 0.55818 -0.00103582 -0.0339707 0.01 48 48 0.00749716 -0.0113543 0
5439 0.560684 -0.00102823 -0.0339707 0.01 49 49 0 0 0
5452 0.532861 -0.00111254 -0.0640258 0.01 60 59 0 0 0
5457 0.549895 -0.00106092 -0.0640258 0.01 60 60 0 0 0
5470 0.569534 -0.00100141 -0.0339707 0.01 48 48 0 0 0
5473 0.639215 -0.000790258 -0.0545353 0.01 60 60 0 0 0
5477 0.662989 -0.000718216 -0.0411904 0.01 76 76 0 0 0
5490 0.56956 -0.00100133 -0.068144 0.01 50 50 0 0 0
5494 0.590181 -0.000938846 -0.046068 0.01 60 60 0.010193 -0.013608 0
5497 0.569534 -0.00100141 -0.0339707 0.01 49 49 0 0 0
5498 0.594808 -0.000924824 -0.0992207 0.01 49 49 -0.000171363 0 -0.00275222
5499 0.550751 -0.00105833 -0.068144 0.01 49 50 0 0 0
5505 0.556367 -0.00104131 -0.0437753 0.01 60 60 0 0 0
5520 0.662989 -0.000718216 -0.0383273 0.01 76 76 0 0 0
5524 0.594808 -0.000924824 -0.0964685 0.01 49 49 0 0 0
5530 0.527874 -0.00112765 -0.0640258 0.01 60 60 0 0 0
5534 0.56248 -0.00102279 -0.068144 0.01 49 49 0 0 0
5541 0.563736 -0.00101898 -0.068144 0.01 49 49 0 0 0
5548 0.596341 -0.000920178 -0.0964685 0.01 49 51 0 0 0
5553 0.662989 -0.000718216 -0.0383273 0.01 75 75 0 0 0
5554 0.594808 -0.000924824 -0.0964685 0.01 49 49 0 0 0
5556 0.662989 -0.000718216 -0.0383273 0.01 75 74 0 0 0
5566 0.541306 -0.00108695 -0.068144 0.01 50 50 0 0 0
5581 0.569534 -0.00100141 -0.0339707 0.01 50 50 0 0 0
5582 0.569534 -0.00100141 -0.0339707 0.01 48 48 0 0 0
5587 0.550751 -0.00105833 -0.068144 0.01 49 50 0 0 0
5601 0.662989 -0.000718216 -0.0383273 0.01 75 75 0 0 0
5605 0.569534 -0.00100141 -0.0339707 0.01 48 48 0 0 0
5623 0.569534 -0.00100141 -0.0339707 0.01 50 50 0 0 0
5629 0.590206 -0.000938771 -0.0964685 0.01 48 49 0.00272828 -0.00460249 0
5630 0.56956 -0.00100133 -0.068144 0.01 50 50 0 0 0
5641 0.598535 -0.000913529 -0.0964685 0.01 50 49 0 0 0
5658 0.5566 -0.0010406 -0.072626 0.01 60 60 0 0 0
5664 0.564124 -0.0010178 -0.0339707 0.01 49 49 0 0 0
5665 0.550751 -0.00105833 -0.068144 0.01 50 50 0 0 0
5667 0.549895 -0.00106092 -0.0378745 0.01 60 60 0 0 0
5679 0.587783 -0.000946114 -0.025229 0.01 60 60 0 0 0
5682 0.596341 -0.000920178 -0.0964685 0.01 50 50 0 0 0
5684 0.662989 -0.000718216 -0.0306484 0.01 75 75 0 0 0
5691 0.600183 -0.000908536 -0.0964685 0.01 49 49 0 0 0
5698 0.532861 -0.00111254 -0.0640258 0.01 60 60 0 0 0
5704 0.537865 -0.00109738 -0.0707676 0.01 60 60 0 0 0
5706 0.662989 -0.000718216 -0.0383273 0.01 75 75 0 0 0
5743 0.662989 -0.000718216 -0.0383273 0.01 75 75 0 0 0
5748 0.590206 -0.000938771 -0.0964685 0.01 49 49 0 0 0
5752 0.609525 -0.000880228 -0.0964685 0.01 50 50 0 0 0
5753 0.552365 -0.00105344 -0.0668131 0.01 60 60 0 0 0
5757 0.569534 -0.00100141 -0.0339707 0.01 50 50 0 0 0
5762 0.569534 -0.00100141 -0.0339707 0.01 50 50 0 0 0
5772 0.554557 -0.0010468 -0.068144 0.01 50 50 0.01044 -0.0150034 0
5784 0.662989 -0.000718216 -0.0383273 0.01 74 74 0 0 0
5789 0.662989 -0.000718216 -0.0428824 0.01 74 74 -0.00792766 0 -0.00455513
5796 0.598945 -0.000912289 -0.0646349 0.01 60 60 0 0 0
5800 0.550751 -0.00105833 -0.0625744 0.01 50 50 0.000278771 0 0.00556964
5808 0.557169 -0.00103888 -0.0742 0.01 60 60 0 0 0
5826 0.609525 -0.000880228 -0.0964685 0.01 50 51 0 0 0
5848 0.550751 -0.00105833 -0.068144 0.01 50 50 0 0 0
5859 0.504673 -0.00119796 -0.0516758 0.01 50 50 0 0 0
5861 0.569534 -0.00100141 -0.0339707 0.01 50 50 0 0 0
5872 0.56956 -0.00100133 -0.068144 0.01 50 50 0 0 0
5874 0.575397 -0.000983644 -0.068144 0.01 48 48 -0.00819507 0.0129172 0
5888 0.662989 -0.000718216 -0.0480665 0.01 76 76 -0.0206803 0 -0.00973925
5907 0.550751 -0.00105833 -0.068144 0.01 50 50 0 0 0
5910 0.575611 -0.000982998 -0.0595925 0.01 60 60 0 0 0
5928 0.569534 -0.00100141 -0.0339707 0.01 50 50 0 0 0
5937 0.550751 -0.00105833 -0.068144 0.01 50 50 0 0 0
5952 0.569534 -0.00100141 -0.0339707 0.01 50 50 0 0 0
5971 0.662989 -0.000718216 -0.0383273 0.01 75 75 0 0 0
5975 0.560684 -0.00102823 -0.0339707 0.01 49 49 0.00598158 -0.00885063 0
5978 0.662989 -0.000718216 -0.0383273 0.01 76 76 0 0 0
5994 0.569534 -0.00100141 -0.0339707 0.01 49 49 0 0 0
5996 0.662989 -0.000718216 -0.0454474 0.01 74 74 0 0 0
6026 0.59458 -0.000925516 -0.0790168 0.01 60 60 0 0 0
6032 0.662989 -0.000718216 -0.0383273 0.01 74 74 0 0 0
6042 0.5566 -0.0010406 -0.072626 0.01 60 60 0 0 0
6045 0.504673 -0.00119796 -0.0516758 0.01 48 48 0 0 0
6054 0.582549 -0.000961972 -0.018385 0.01 60 60 0 0 0
6057 0.662989 -0.000718216 -0.0419015 0.01 75 75 0 0 0
6058 0.662989 -0.000718216 -0.0383273 0.01 75 75 0 0 0
6065 0.601508 -0.00090452 -0.0707793 0.01 49 49 0 0 0
6067 0.541306 -0.00108695 -0.068144 0.01 50 50 0 0 0
6073 0.569534 -0.00100141 -0.0339707 0.01 50 50 0 0 0
6079 0.569534 -0.00100141 -0.0339707 0.01 49 49 0 0 0
6080 0.569534 -0.00100141 -0.0339707 0.01 50 50 0 0 0
6090 0.579684 -0.000970656 -0.0385491 0.01 48 48 -0.00640824 0.0101493 0
6098 0.614175 -0.000866136 -0.0690005 0.01 60 61 0 0 0
6108 0.668671 -0.000700997 -0.0383273 0.01 76 76 -0.00359282 0.00568235 0
6109 0.693803 -0.000624841 -0.0454474 0.01 74 74 0 0 0
6118 0.594808 -0.000924824 -0.0964685 0.01 49 49 0 0 0
6125 0.563595 -0.00101941 -0.0339707 0.01 50 50 0.00409955 -0.00593966 0
6132 0.550751 -0.00105833 -0.068144 0.01 50 50 0 0 0
6134 0.563736 -0.00101898 -0.068144 0.01 49 49 0 0 0
6142 0.661761 -0.000721936 -0.0383273 0.01 76 76 0 0 0
6151 0.662989 -0.000718216 -0.0605555 0.01 74 74 -0.0366564 0 -0.0222282
6169 0.603789 -0.000897609 -0.046068 0.01 60 60 0 0 0
6170 0.662989 -0.000718216 -0.0383273 0.01 75 75 0 0 0
6177 0.662989 -0.000718216 -0.0383273 0.01 74 74 0 0 0
6191 0.662989 -0.000718216 -0.0383273 0.01 74 74 0 0 0
6200 0.556367 -0.00104131 -0.0640258 0.01 60 60 0 0 0
6201 0.662989 -0.000718216 -0.0383273 0.01 74 74 0 0 0
6202 0.563736 -0.00101898 -0.068144 0.01 49 49 0 0 0
6210 0.541835 -0.00108535 -0.0640258 0.01 60 60 0 0 0
6211 0.662989 -0.000718216 -0.0454474 0.01 75 74 0 0 0
6227 0.662989 -0.000718216 -0.0454474 0.01 74 74 0 0 0
6231 0.662989 -0.000718216 -0.0333514 0.01 74 74 0 0 0
6239 0.662989 -0.000718216 -0.0383273 0.01 74 74 0 0 0
6248 0.550751 -0.00105833 -0.0644558 0.01 50 50 0.000184104 0 0.00368824
6258 0.662989 -0.000718216 -0.0333514 0.01 74 74 0 0 0
6260 0.693803 -0.000624841 -0.0454474 0.01 74 74 0 0 0
6261 0.504673 -0.00119796 -0.0816501 0.01 49 49 0 0 0
6277 0.603789 -0.000897609 -0.046068 0.01 60 60 0 0 0
6282 0.569534 -0.00100141 -0.0339707 0.01 50 53 0 0 0
6286 0.590206 -0.000938771 -0.0964685 0.01 49 49 0 0 0
6299 0.662989 -0.000718216 -0.0383273 0.01 75 75 0 0 0
6308 0.662989 -0.000718216 -0.0383273 0.01 75 75 0 0 0
6316 0.581341 -0.000965633 -0.0668131 0.01 60 60 -0.0118781 0.0149242 0
6317 0.557251 -0.00103863 -0.09829 0.01 60 60 0 0 0
6329 0.662989 -0.000718216 -0.0383273 0.01 74 74 0 0 0
6339 0.594808 -0.000924824 -0.0964685 0.01 48 49 0 0 0
6343 0.56956 -0.00100133 -0.068144 0.01 50 50 0 0 0
6345 0.662989 -0.000718216 -0.0383273 0.01 75 75 0 0 0
6349 0.575611 -0.000982998 -0.0350337 0.01 60 61 0 0 0
6366 0.549895 -0.00106092 -0.0589899 0.01 60 60 0 0 0
6369 0.662989 -0.000718216 -0.0383273 0.01 74 74 0 0 0
6376 0.556367 -0.00104131 -0.0640258 0.01 60 60 0 0 0
6383 0.569534 -0.00100141 -0.0339707 0.01 49 49 0 0 0
6386 0.662989 -0.000718216 -0.0454474 0.01 74 74 0 0 0
6396 0.501772 -0.00120675 -0.0303534 0.01 60 59 0 0 0
6399 0.662989 -0.000718216 -0.0454474 0.01 74 74 0 0 0
6402 0.662989 -0.000718216 -0.0419015 0.01 74 74 0 0 0
6404 0.569534 -0.00100141 -0.0385491 0.01 50 50 0 0 0
6411 0.662989 -0.000718216 -0.0383273 0.01 76 76 0 0 0
6412 0.569481 -0.00100157 -0.0684659 0.01 60 60 -0.000624895 0 -0.00423829
6422 0.550751 -0.00105833 -0.068144 0.01 50 50 0 0 0
6423 0.662989 -0.000718216 -0.0383273 0.01 74 74 0 0 0
6425 0.569534 -0.00100141 -0.0339707 0.01 49 49 0 0 0
6441 0.662989 -0.000718216 -0.0396278 0.01 75 75 -0.0025591 0 -0.00130051
6447 0.594808 -0.000924824 -0.0964685 0.01 49 49 0 0 0
6454 0.556367 -0.00104131 -0.0640258 0.01 60 60 0 0 0
6456 0.662989 -0.000718216 -0.0383273 0.01 75 75 0 0 0
6463 0.569534 -0.00100141 -0.0339707 0.01 50 50 0 0 0
6493 0.596341 -0.000920178 -0.0964685 0.01 49 51 0 0 0
6495 0.549895 -0.00106092 -0.0378745 0.01 60 60 0 0 0
6496 0.569534 -0.00100141 -0.0339707 0.01 49 49 0 0 0
6500 0.662989 -0.000718216 -0.0383273 0.01 75 75 0 0 0
6502 0.662989 -0.000718216 -0.0383273 0.01 74 74 0 0 0
6505 0.569534 -0.00100141 -0.0385491 0.01 50 50 0 0 0
6508 0.56875 -0.00100379 -0.0434187 0.01 60 60 0 0 0
6511 0.594808 -0.000924824 -0.0964685 0.01 50 50 0 0 0
6526 0.662989 -0.000718216 -0.0428824 0.01 74 74 0 0 0
6528 0.548979 -0.0010637 -0.0556711 0.01 60 60 0 0 0
6533 0.556367 -0.00104131 -0.0757953 0.01 60 60 -0.00180516 0 -0.0117695
6535 0.569534 -0.00100141 -0.0339707 0.01 50 50 0 0 0
6541 0.569534 -0.00100141 -0.0385491 0.01 50 50 0 0 0
6542 0.522694 -0.00114335 -0.0491061 0.01 60 60 0 0 0
6552 0.527874 -0.00112765 -0.0640258 0.01 60 60 0 0 0
6553 0.504673 -0.00119796 -0.0640258 0.01 50 50 0 0 0
6557 0.550751 -0.00105833 -0.068144 0.01 50 51 0 0 0
6569 0.665937 -0.000709283 -0.0383273 0.01 75 75 0 0 0
6590 0.662989 -0.000718216 -0.0383273 0.01 74 74 0 0 0
6593 0.557169 -0.00103888 -0.112433 0.01 60 60 0 0 0
6597 0.662989 -0.000718216 -0.0383273 0.01 75 75 0 0 0
6610 0.662989 -0.000718216 -0.0383273 0.01 74 74 0 0 0
6613 0.662989 -0.000718216 -0.0454474 0.01 74 74 0 0 0
6618 0.609525 -0.000880228 -0.0964685 0.01 50 51 0 0 0
6622 0.569534 -0.00100141 -0.0339707 0.01 50 50 0 0 0
6642 0.623048 -0.000839249 -0.0384409 0.01 60 60 0 0 0
6654 0.504673 -0.00119796 -0.0516758 0.01 48 49 0 0 0
6656 0.532861 -0.00111254 -0.0614459 0.01 60 60 0 0 0
6659 0.601678 -0.000904007 -0.0766046 0.01 60 60 0 0 0
6662 0.537865 -0.00109738 -0.0640258 0.01 60 60 0 0 0
6664 0.623394 -0.0008382 -0.0379664 0.01 60 59 0 0 0
6669 0.561264 -0.00102647 -0.0638867 0.01 60 60 0 0 0
6670 0.556367 -0.00104131 -0.0640258 0.01 60 60 0 0 0
6688 0.517987 -0.00115761 -0.0742365 0.01 60 60 0 0 0
6690 0.569534 -0.00100141 -0.0339707 0.01 50 50 0 0 0
6712 0.594808 -0.000924824 -0.0964685 0.01 50 50 0 0 0
6725 0.662989 -0.000718216 -0.0383273 0.01 74 74 0 0 0
6728 0.594808 -0.000924824 -0.0964685 0.01 49 49 0 0 0
6734 0.56248 -0.00102279 -0.068144 0.01 49 49 0 0 0
6747 0.550751 -0.00105833 -0.068144 0.01 50 50 0 0 0
6750 0.609525 -0.000880228 -0.0964685 0.01 50 51 0 0 0
6765 0.662989 -0.000718216 -0.0383273 0.01 74 74 0 0 0
6781 0.662989 -0.000718216 -0.0333514 0.01 74 74 0 0 0
6782 0.662989 -0.000718216 -0.0383273 0.01 74 74 0 0 0
6786 0.603789 -0.000897609 -0.0593389 0.01 60 60 0 0 0
6797 0.569534 -0.00100141 -0.0385491 0.01 48 48 0 0 0
6804 0.56248 -0.00102279 -0.068144 0.01 50 50 0 0 0
6810 0.541306 -0.00108695 -0.068144 0.01 50 50 0 0 0
6812 0.661761 -0.000721936 -0.0383273 0.01 75 75 0 0 0
6824 0.594808 -0.000924824 -0.0964685 0.01 50 50 0 0 0
6828 0.675786 -0.000679436 -0.0383273 0.01 75 75 0 0 0
6833 0.569534 -0.00100141 -0.0339707 0.01 50 50 0 0 0
6835 0.552365 -0.00105344 -0.0668131 0.01 60 60 0 0 0
6836 0.550751 -0.00105833 -0.068144 0.01 50 50 0 0 0
6846 0.594808 -0.000924824 -0.0964685 0.01 49 49 0 0 0
6849 0.569534 -0.00100141 -0.0339707 0.01 49 49 0 0 0
6857 0.550751 -0.00105833 -0.068144 0.01 50 50 0 0 0
6870 0.607493 -0.000886386 -0.0964685 0.01 50 50 0.00117734 -0.00203216 0
6872 0.569534 -0.00100141 -0.0339707 0.01 50 50 0 0 0
6874 0.662989 -0.000718216 -0.0383273 0.01 75 75 0 0 0
6878 0.594808 -0.000924824 -0.0964685 0.01 50 49 0 0 0
6881 0.569534 -0.00100141 -0.0339707 0.01 50 50 0 0 0
6889 0.662989 -0.000718216 -0.0383273 0.01 74 73 0 0 0
6912 0.557169 -0.00103888 -0.0742 0.01 60 60 0 0 0
6929 0.569534 -0.00100141 -0.0385491 0.01 50 50 0 0 0
6930 0.504673 -0.00119796 -0.0516758 0.01 48 49 0 0 0
6931 0.568122 -0.00100569 -0.0839702 0.01 60 60 0 0 0
6933 0.567605 -0.00100726 -0.0339707 0.01 50 50 0.00132099 -0.00192887 0
6936 0.588764 -0.000943139 -0.0646349 0.01 60 60 -0.00364976 0.0047636 0
6941 0.661761 -0.000721936 -0.0383273 0.01 75 75 0 0 0
6948 0.556367 -0.00104131 -0.0640258 0.01 60 60 0 0 0
6952 0.662989 -0.000718216 -0.0419015 0.01 75 75 0 0 0
6973 0.56956 -0.00100133 -0.068144 0.01 50 50 0 0 0
6976 0.569534 -0.00100141 -0.0339707 0.01 50 50 0 0 0
6981 0.563736 -0.00101898 -0.0686139 0.01 50 50 0 0 0
6982 0.550751 -0.00105833 -0.068144 0.01 49 49 0 0 0
6992 0.590206 -0.000938771 -0.0964685 0.01 49 49 0 0 0
6999 0.549895 -0.00106092 -0.0640258 0.01 60 60 0 0 0
7002 0.563736 -0.00101898 -0.068144 0.01 49 49 0 0 0
7008 0.569534 -0.00100141 -0.0339707 0.01 49 49 0 0 0
7010 0.662989 -0.000718216 -0.0383273 0.01 75 75 0 0 0
7022 0.662989 -0.000718216 -0.0383273 0.01 74 74 0 0 0
7029 0.56248 -0.00102279 -0.068144 0.01 48 48 0 0 0
7031 0.662989 -0.000718216 -0.0383273 0.01 75 75 0 0 0
7055 0.504673 -0.00119796 -0.0516758 0.01 48 49 0 0 0
7069 0.553212 -0.00105087 -0.0704683 0.01 50 51 0 0 0
7070 0.662989 -0.000718216 -0.0383273 0.01 75 75 0 0 0
7071 0.662989 -0.000718216 -0.0433989 0.01 75 75 -0.00985402 0 -0.0050716
7074 0.550751 -0.00105833 -0.068144 0.01 50 50 0 0 0
7084 0.668462 -0.000701631 -0.0383273 0.01 75 75 0 0 0
7088 0.569534 -0.00100141 -0.0339707 0.01 49 49 0 0 0
7100 0.662989 -0.000718216 -0.0383273 0.01 75 75 0 0 0
7104 0.567265 -0.00100829 -0.068144 0.01 50 50 0.00155893 -0.00229514 0
7110 0.504673 -0.00119796 -0.0516758 0.01 50 50 0 0 0
7119 0.674002 -0.000684842 -0.0383273 0.01 75 75 -0.00699711 0.0110135 0
7120 0.662989 -0.000718216 -0.0383273 0.01 76 76 0 0 0
7129 0.569534 -0.00100141 -0.0339707 0.01 50 50 0 0 0
7130 0.527874 -0.00112765 -0.0640258 0.01 60 60 0 0 0
7146 0.662989 -0.000718216 -0.0467833 0.01 74 74 0 0 0
7148 0.56248 -0.00102279 -0.068144 0.01 48 48 0 0 0
7154 0.662989 -0.000718216 -0.0383273 0.01 75 75 0 0 0
7155 0.569534 -0.00100141 -0.0339707 0.01 50 50 0 0 0
7158 0.675786 -0.000679436 -0.0383273 0.01 75 75 -0.00811473 0.0127974 0
7161 0.556367 -0.00104131 -0.0640258 0.01 60 60 0 0 0
7188 0.532075 -0.00111492 -0.0668131 0.01 60 60 0 0 0
7200 0.569534 -0.00100141 -0.0339707 0.01 49 49 0 0 0
7206 0.662989 -0.000718216 -0.0383273 0.01 74 74 0 0 0
7215 0.563595 -0.00101941 -0.0339707 0.01 50 50 0 0 0
7217 0.661761 -0.000721936 -0.0383273 0.01 76 76 0 0 0
7220 0.550751 -0.00105833 -0.0696672 0.01 49 49 -0.000113919 0 -0.0015232
7222 0.550751 -0.00105833 -0.0876909 0.01 50 50 0 0 0
7224 0.594808 -0.000924824 -0.0964685 0.01 49 49 0 0 0
7228 0.662989 -0.000718216 -0.0419015 0.01 74 74 0 0 0
7231 0.594808 -0.000924824 -0.0964685 0.01 49 49 0 0 0
7244 0.661761 -0.000721936 -0.0383273 0.01 76 76 0 0 0
7251 0.662989 -0.000718216 -0.0383273 0.01 75 75 0 0 0
7262 0.569534 -0.00100141 -0.0339707 0.01 50 50 0 0 0
7273 0.662989 -0.000718216 -0.0454474 0.01 74 74 0 0 0
7277 0.550751 -0.00105833 -0.068144 0.01 50 51 0 0 0
7279 0.576569 -0.000980095 -0.0707793 0.01 49 49 0 0 0
7282 0.569534 -0.00100141 -0.0339707 0.01 49 49 0 0 0
7290 0.561264 -0.00102647 -0.0638867 0.01 60 60 0 0 0
7296 0.550751 -0.00105833 -0.068144 0.01 50 51 0 0 0
7306 0.662989 -0.000718216 -0.0383273 0.01 74 73 0 0 0
7314 0.569534 -0.00100141 -0.0339707 0.01 49 48 0 0 0
7315 0.563595 -0.00101941 -0.0339707 0.01 50 50 0 0 0
7323 0.662989 -0.000718216 -0.0333514 0.01 74 74 0 0 0
7326 0.661761 -0.000721936 -0.0383273 0.01 75 75 0 0 0
7330 0.587783 -0.000946114 -0.0473579 0.01 60 60 0 0 0
7332 0.662989 -0.000718216 -0.0383273 0.01 76 75 0 0 0
7335 0.517987 -0.00115761 -0.0742365 0.01 60 60 0 0 0
7337 0.657056 -0.000736193 -0.0383273 0.01 75 75 0 0 0
7342 0.569534 -0.00100141 -0.0339707 0.01 49 49 0 0 0
7346 0.662989 -0.000718216 -0.0454474 0.01 74 74 0 0 0
7362 0.557251 -0.00103863 -0.09829 0.01 60 60 0 0 0
7364 0.661761 -0.000721936 -0.0471089 0.01 76 76 0 0 0
7365 0.504673 -0.00119796 -0.0516758 0.01 49 49 0 0 0
7376 0.559267 -0.00103252 -0.068144 0.01 49 49 0 0 0
7393 0.662989 -0.000718216 -0.0718152 0.01 75 75 0 0 0
7396 0.526603 -0.00113151 -0.0742365 0.01 60 60 0 0 0
7406 0.594808 -0.000924824 -0.0964685 0.01 49 49 0 0 0
7408 0.569534 -0.00100141 -0.0339707 0.01 50 50 0 0 0
7413 0.563736 -0.00101898 -0.068144 0.01 49 49 0 0 0
7414 0.662989 -0.000718216 -0.0383273 0.01 74 74 0 0 0
7415 0.59356 -0.000928606 -0.0668103 0.01 60 60 0 0 0
7416 0.587783 -0.000946114 -0.0473579 0.01 60 60 0 0 0
7423 0.594808 -0.000924824 -0.0964685 0.01 49 49 0 0 0
7427 0.504673 -0.00119796 -0.0516758 0.01 49 49 0 0 0
7428 0.594808 -0.000924824 -0.0964685 0.01 49 49 0 0 0
7431 0.556367 -0.00104131 -0.0640258 0.01 60 60 0 0 0
7436 0.569534 -0.00100141 -0.0339707 0.01 50 50 0 0 0
7439 0.569534 -0.00100141 -0.0339707 0.01 48 48 0 0 0
7440 0.550751 -0.00105833 -0.068144 0.01 50 50 0 0 0
7442 0.563736 -0.00101898 -0.068144 0.01 49 49 0 0 0
7452 0.569534 -0.00100141 -0.0339707 0.01 50 50 0 0 0
7456 0.59458 -0.000925516 -0.0858473 0.01 60 60 0 0 0
7465 0.556367 -0.00104131 -0.0640258 0.01 60 60 0 0 0
7473 0.569534 -0.00100141 -0.0339707 0.01 50 50 0 0 0
7480 0.504673 -0.00119796 -0.0516758 0.01 49 49 0 0 0
7486 0.661761 -0.000721936 -0.0383273 0.01 75 75 0 0 0
7487 0.662989 -0.000718216 -0.0383273 0.01 76 76 0 0 0
7502 0.588815 -0.000942984 -0.0664808 0.01 60 61 0 0 0
7505 0.550751 -0.00105833 -0.068144 0.01 50 51 0 0 0
7521 0.598535 -0.000913529 -0.0964685 0.01 49 49 0 0 0
7551 0.56248 -0.00102279 -0.068144 0.01 50 50 0 0 0
7559 0.584001 -0.000957574 -0.0646349 0.01 60 60 0 0 0
7561 0.56248 -0.00102279 -0.068144 0.01 50 50 0 0 0
7564 0.56956 -0.00100133 -0.068144 0.01 50 50 0 0 0
7588 0.64624 -0.000768971 -0.0383273 0.01 75 75 0 0 0
7600 0.665937 -0.000709283 -0.0383273 0.01 75 75 0 0 0
7607 0.517987 -0.00115761 -0.0742365 0.01 60 60 0 0 0
7611 0.594808 -0.000924824 -0.0964685 0.01 49 49 0 0 0
7612 0.56248 -0.00102279 -0.068144 0.01 48 48 0 0 0
7613 0.59458 -0.000925516 -0.0790168 0.01 60 60 0 0 0
7616 0.56956 -0.00100133 -0.068144 0.01 49 49 0 0 0
7630 0.662989 -0.000718216 -0.0383273 0.01 75 75 0 0 0
7636 0.594808 -0.000924824 -0.0964685 0.01 49 50 0 0 0
7643 0.550751 -0.00105833 -0.068144 0.01 50 50 0 0 0
7646 0.550751 -0.00105833 -0.0532293 0.01 50 51 0 0 0
7649 0.556367 -0.00104131 -0.0643926 0.01 60 59 -3.83556e-05 0 -0.0003668
7652 0.532861 -0.00111254 -0.0640258 0.01 60 59 0 0 0
7660 0.662989 -0.000718216 -0.0544704 0.01 74 74 -0.027117 0 -0.0161431
7669 0.563736 -0.00101898 -0.068144 0.01 49 49 0 0 0
7677 0.56248 -0.00102279 -0.068144 0.01 50 50 0 0 0
7690 0.56248 -0.00102279 -0.068144 0.01 48 49 0 0 0
7700 0.59458 -0.000925516 -0.0674693 0.01 60 60 0 0 0
7717 0.552365 -0.00105344 -0.0668131 0.01 60 60 0 0 0
7718 0.556367 -0.00104131 -0.0437753 0.01 60 60 0 0 0
7725 0.594808 -0.000924824 -0.0964685 0.01 49 49 0 0 0
7735 0.63838 -0.000792787 -0.0383273 0.01 76 76 0 0 0
7736 0.550751 -0.00105833 -0.068144 0.01 50 50 0 0 0
7737 0.662989 -0.000718216 -0.0383273 0.01 74 74 0 0 0
7751 0.552365 -0.00105344 -0.0283123 0.01 60 60 0 0 0
7754 0.563736 -0.00101898 -0.068144 0.01 50 50 0 0 0
7756 0.550751 -0.00105833 -0.068144 0.01 50 49 0 0 0
7759 0.601508 -0.00090452 -0.0707793 0.01 50 50 0 0 0
7760 0.575611 -0.000982998 -0.0595925 0.01 60 60 0 0 0
7762 0.569534 -0.00100141 -0.0339707 0.01 50 50 0 0 0
7763 0.662989 -0.000718216 -0.0383273 0.01 75 75 0 0 0
7765 0.569534 -0.00100141 -0.0339707 0.01 49 48 0 0 0
7767 0.594808 -0.000924824 -0.0964685 0.01 48 49 0 0 0
7784 0.584001 -0.000957574 -0.0646349 0.01 60 60 0 0 0
7785 0.561264 -0.00102647 -0.0638867 0.01 60 60 0 0 0
7791 0.662989 -0.000718216 -0.0383273 0.01 75 75 0 0 0
7795 0.662989 -0.000718216 -0.0383273 0.01 75 75 0 0 0
7805 0.662989 -0.000718216 -0.0383273 0.01 74 74 0 0 0
7810 0.552365 -0.00105344 -0.0766933 0.01 60 60 0 0 0
7811 0.550751 -0.00105833 -0.068144 0.01 50 51 0 0 0
7819 0.541306 -0.00108695 -0.068144 0.01 50 50 0 0 0
7823 0.550751 -0.00105833 -0.068144 0.01 49 49 0 0 0
7833 0.550751 -0.00105833 -0.068144 0.01 49 51 0 0 0
7834 0.661761 -0.000721936 -0.0383273 0.01 75 75 0 0 0
7836 0.557169 -0.00103888 -0.0742 0.01 60 60 0 0 0
7842 0.552365 -0.00105344 -0.0668131 0.01 60 60 0 0 0
7845 0.569534 -0.00100141 -0.0339707 0.01 49 49 0 0 0
7848 0.662989 -0.000718216 -0.0383273 0.01 74 74 0 0 0
7849 0.561264 -0.00102647 -0.0638867 0.01 60 60 0 0 0
7853 0.550751 -0.00105833 -0.068144 0.01 50 50 0 0 0
7857 0.569534 -0.00100141 -0.0339707 0.01 49 49 0 0 0
7860 0.56248 -0.00102279 -0.068144 0.01 50 50 0 0 0
7866 0.569534 -0.00100141 -0.0339707 0.01 50 50 0 0 0
7871 0.550751 -0.00105833 -0.068144 0.01 50 50 0 0 0
7872 0.662989 -0.000718216 -0.0383273 0.01 74 74 0 0 0
7896 0.549895 -0.00106092 -0.0640258 0.01 60 60 0 0 0
7911 0.556367 -0.00104131 -0.0643926 0.01 60 60 0 0 0
7913 0.56248 -0.00102279 -0.068144 0.01 50 50 0 0 0
7917 0.527874 -0.00112765 -0.0640258 0.01 60 60 0 0 0
7918 0.550751 -0.00105833 -0.068144 0.01 50 50 0 0 0
7928 0.517987 -0.00115761 -0.0742365 0.01 60 60 0 0 0
7931 0.662989 -0.000718216 -0.0383273 0.01 74 74 0 0 0
7933 0.552365 -0.00105344 -0.0766933 0.01 60 60 0 0 0
7934 0.661761 -0.000721936 -0.0471089 0.01 76 76 0 0 0
7936 0.556367 -0.00104131 -0.0437753 0.01 60 60 0 0 0
7937 0.657056 -0.000736193 -0.0383273 0.01 75 75 0 0 0
7952 0.662989 -0.000718216 -0.0605555 0.01 74 74 0 0 0
7953 0.56956 -0.00100133 -0.068144 0.01 50 50 0 0 0
7955 0.661761 -0.000721936 -0.0383273 0.01 74 75 0 0 0
7957 0.557671 -0.00103736 -0.068144 0.01 50 50 0 0 0
7962 0.661761 -0.000721936 -0.0383273 0.01 75 75 0 0 0
7964 0.550751 -0.00105833 -0.068144 0.01 49 50 0 0 0
7981 0.560684 -0.00102823 -0.0339707 0.01 49 49 0 0 0
7990 0.563736 -0.00101898 -0.068144 0.01 50 50 0 0 0
7994 0.662989 -0.000718216 -0.0383273 0.01 74 74 0 0 0
7996 0.563595 -0.00101941 -0.0339707 0.01 50 50 0 0 0
7998 0.598787 -0.000912766 -0.080514 0.01 60 60 0 0 0
7999 0.526603 -0.00113151 -0.0742365 0.01 60 60 0 0 0
8008 0.56248 -0.00102279 -0.068144 0.01 48 48 0 0 0
8011 0.661761 -0.000721936 -0.0471089 0.01 76 76 0 0 0
8030 0.563736 -0.00101898 -0.068144 0.01 49 49 0 0 0
8037 0.601434 -0.000904745 -0.0432469 0.01 60 61 0 0 0
8038 0.662989 -0.000718216 -0.0718152 0.01 75 75 0 0 0
8042 0.662989 -0.000718216 -0.0383273 0.01 76 76 0 0 0
8058 0.59356 -0.000928606 -0.0429675 0.01 60 60 0 0 0
8060 0.609525 -0.000880228 -0.0964685 0.01 49 50 0 0 0
8065 0.550751 -0.00105833 -0.068144 0.01 49 50 0 0 0
8069 0.662989 -0.000718216 -0.0383273 0.01 74 75 0 0 0
8091 0.604428 -0.000895674 -0.0503544 0.01 60 60 0 0 0
8102 0.569534 -0.00100141 -0.0385491 0.01 48 48 0 0 0
8103 0.556367 -0.00104131 -0.0640258 0.01 60 60 0 0 0
8113 0.550751 -0.00105833 -0.068144 0.01 50 52 0 0 0
8121 0.535373 -0.00110493 -0.0532293 0.01 49 49 0 0 0
8127 0.569534 -0.00100141 -0.0339707 0.01 48 50 0 0 0
8128 0.662989 -0.000718216 -0.0383273 0.01 75 75 0 0 0
8130 0.662989 -0.000718216 -0.0383273 0.01 75 75 0 0 0
8132 0.563736 -0.00101898 -0.068144 0.01 49 49 0 0 0
8136 0.662989 -0.000718216 -0.0383273 0.01 75 75 0 0 0
8143 0.662989 -0.000718216 -0.0383273 0.01 75 73 0 0 0
8145 0.569534 -0.00100141 -0.0339707 0.01 50 50 0 0 0
8147 0.662989 -0.000718216 -0.0383273 0.01 74 74 0 0 0
8153 0.569534 -0.00100141 -0.0339707 0.01 48 48 0 0 0
8156 0.569534 -0.00100141 -0.0339707 0.01 50 50 0 0 0
8157 0.569534 -0.00100141 -0.0269208 0.01 49 49 0.000497609 0 0.0070499
8174 0.662989 -0.000718216 -0.0383273 0.01 74 74 0 0 0
8176 0.550751 -0.00105833 -0.068144 0.01 50 50 0 0 0
8177 0.549895 -0.00106092 -0.0378745 0.01 60 60 0 0 0
8180 0.561264 -0.00102647 -0.0638867 0.01 60 60 0 0 0
8187 0.550751 -0.00105833 -0.068144 0.01 49 49 0 0 0
8193 0.662989 -0.000718216 -0.0383273 0.01 75 75 0 0 0
8197 0.550751 -0.00105833 -0.068144 0.01 50 50 0 0 0
8203 0.661761 -0.000721936 -0.0383273 0.01 76 76 0 0 0
8233 0.557169 -0.00103888 -0.0742 0.01 60 60 0 0 0
8234 0.550751 -0.00105833 -0.068144 0.01 50 50 0 0 0
8238 0.662989 -0.000718216 -0.0383273 0.01 74 74 0 0 0
8247 0.569534 -0.00100141 -0.0382132 0.01 49 49 0 0 0
8252 0.557169 -0.00103888 -0.0742 0.01 60 60 0 0 0
8266 0.662989 -0.000718216 -0.0383273 0.01 75 75 0 0 0
8272 0.552365 -0.00105344 -0.0668131 0.01 60 60 0 0 0
8308 0.594808 -0.000924824 -0.0964685 0.01 49 49 0 0 0
8310 0.662989 -0.000718216 -0.0383273 0.01 76 76 0 0 0
8321 0.569534 -0.00100141 -0.0339707 0.01 50 50 0 0 0
8327 0.579245 -0.000971985 -0.0620384 0.01 60 59 0 0 0
8335 0.569534 -0.00100141 -0.0339707 0.01 49 49 0 0 0
8337 0.614221 -0.000865997 -0.036823 0.01 60 60 0 0 0
8358 0.662989 -0.000718216 -0.0383273 0.01 75 74 0 0 0
8361 0.594808 -0.000924824 -0.0964685 0.01 50 50 0 0 0
8368 0.599058 -0.000911946 -0.0704683 0.01 60 59 -0.00366691 0.00499475 0
8380 0.666836 -0.000706558 -0.0383273 0.01 75 75 -0.00246352 0.00384724 0
8384 0.594808 -0.000924824 -0.0964685 0.01 49 49 0 0 0
8386 0.662989 -0.000718216 -0.0383273 0.01 74 74 0 0 0
8393 0.595303 -0.000923324 -0.0646349 0.01 60 60 0 0 0
8406 0.532075 -0.00111492 -0.0902465 0.01 60 61 0 0 0
8411 0.662989 -0.000718216 -0.0333514 0.01 74 74 0 0 0
8414 0.527874 -0.00112765 -0.0640258 0.01 60 60 0 0 0
8421 0.549895 -0.00106092 -0.0640258 0.01 60 59 0 0 0
8431 0.569534 -0.00100141 -0.0339707 0.01 50 50 0 0 0
8434 0.604774 -0.000894625 -0.0691019 0.01 60 60 0 0 0
8435 0.527874 -0.00112765 -0.0753904 0.01 60 60 0 0 0
8437 0.569534 -0.00100141 -0.0339707 0.01 49 49 0 0 0
8439 0.56956 -0.00100133 -0.068144 0.01 50 50 0 0 0
8448 0.662989 -0.000718216 -0.0311535 0.01 75 75 0.0145338 0 0.00717383
8450 0.587783 -0.000946114 -0.0473579 0.01 60 60 0 0 0
8475 0.662989 -0.000718216 -0.0383273 0.01 74 74 0 0 0
8476 0.69345 -0.000625909 -0.0383273 0.01 76 76 0 0 0
8483 0.550751 -0.00105833 -0.068144 0.01 49 49 0 0 0
8494 0.569534 -0.00100141 -0.0339707 0.01 50 50 0 0 0
8500 0.569534 -0.00100141 -0.0428245 0.01 48 48 -0.00085853 0 -0.00885376
8503 0.556367 -0.00104131 -0.0640258 0.01 60 60 0 0 0
8506 0.662989 -0.000718216 -0.0333514 0.01 74 74 0 0 0
8526 0.527874 -0.00112765 -0.0640258 0.01 60 60 0 0 0
8530 0.564124 -0.0010178 -0.0339707 0.01 49 49 0 0 0
8534 0.526603 -0.00113151 -0.0738705 0.01 60 61 0 0 0
8538 0.550751 -0.00105833 -0.068144 0.01 49 49 0 0 0
8554 0.569534 -0.00100141 -0.0339707 0.01 50 50 0 0 0
8558 0.56248 -0.00102279 -0.068144 0.01 48 48 0 0 0
8574 0.569534 -0.00100141 -0.0339707 0.01 49 49 0 0 0
8578 0.604339 -0.000895942 -0.0858473 0.01 60 60 0 0 0
8583 0.563736 -0.00101898 -0.068144 0.01 48 48 0 0 0
8593 0.532075 -0.00111492 -0.0668131 0.01 60 60 0 0 0
8601 0.549895 -0.00106092 -0.0378745 0.01 60 60 0 0 0
8603 0.613802 -0.000867268 -0.0618719 0.01 60 60 0 0 0
8606 0.563736 -0.00101898 -0.068144 0.01 49 49 0 0 0
8610 0.575611 -0.000982998 -0.0595925 0.01 60 61 0 0 0
8611 0.662989 -0.000718216 -0.0278871 0.01 74 74 0.0190352 0 0.0104402
8612 0.609525 -0.000880228 -0.0964685 0.01 50 51 0 0 0
8615 0.662989 -0.000718216 -0.0383273 0.01 74 74 0 0 0
8638 0.569534 -0.00100141 -0.0453773 0.01 49 49 0 0 0
8639 0.565169 -0.00101464 -0.0535561 0.01 60 61 0 0 0
8641 0.550751 -0.00105833 -0.068144 0.01 50 50 0 0 0
8652 0.567605 -0.00100726 -0.0339707 0.01 50 50 0 0 0
8661 0.56248 -0.00102279 -0.068144 0.01 50 50 0 0 0
8666 0.662989 -0.000718216 -0.0383273 0.01 74 74 0 0 0
8667 0.598535 -0.000913529 -0.0964685 0.01 49 49 -0.00217442 0.0037272 0
8670 0.569481 -0.00100157 -0.0684659 0.01 60 60 0 0 0
8672 0.594808 -0.000924824 -0.0964685 0.01 49 49 0 0 0
8676 0.662989 -0.000718216 -0.0496093 0.01 74 74 0 0 0
8683 0.56956 -0.00100133 -0.0552921 0.01 50 50 0.000599951 0 0.0128519
8688 0.661761 -0.000721936 -0.0305454 0.01 75 75 0.015841 0 0.00778189
8692 0.662989 -0.000718216 -0.0383273 0.01 75 75 0 0 0
8708 0.530424 -0.00111993 -0.0640258 0.01 60 59 0 0 0
8709 0.626095 -0.000830015 -0.0528093 0.01 60 60 0 0 0
8712 0.569534 -0.00100141 -0.0339707 0.01 50 50 0 0 0
8715 0.569534 -0.00100141 -0.0339707 0.01 50 50 0 0 0
8723 0.56248 -0.00102279 -0.068144 0.01 50 50 0 0 0
8725 0.601508 -0.00090452 -0.0707793 0.01 50 50 0 0 0
8726 0.569534 -0.00100141 -0.0339707 0.01 50 50 0 0 0
8733 0.563736 -0.00101898 -0.068144 0.01 49 49 0 0 0
8736 0.569534 -0.00100141 -0.0339707 0.01 50 50 0 0 0
8740 0.569534 -0.00100141 -0.0339707 0.01 50 50 0 0 0
8751 0.56956 -0.00100133 -0.068144 0.01 50 50 0 0 0
8759 0.662989 -0.000718216 -0.0383273 0.01 76 76 0 0 0
8761 0.594866 -0.000924648 -0.0704683 0.01 60 60 0 0 0
8770 0.662989 -0.000718216 -0.0383273 0.01 75 75 0 0 0
8779 0.662989 -0.000718216 -0.0333514 0.01 75 75 0 0 0
8781 0.575611 -0.000982998 -0.0595925 0.01 60 60 0 0 0
8793 0.556367 -0.00104131 -0.0437753 0.01 60 60 0 0 0
8806 0.5566 -0.0010406 -0.072626 0.01 60 60 0 0 0
8808 0.550751 -0.00105833 -0.068144 0.01 50 50 0 0 0
8819 0.563736 -0.00101898 -0.068144 0.01 49 49 0 0 0
8822 0.662989 -0.000718216 -0.0454474 0.01 74 74 0 0 0
8827 0.662989 -0.000718216 -0.0454474 0.01 74 74 0 0 0
8828 0.550751 -0.00105833 -0.068144 0.01 50 50 0 0 0
8838 0.662989 -0.000718216 -0.0383273 0.01 74 74 0 0 0
8845 0.550751 -0.00105833 -0.068144 0.01 50 51 0 0 0
8849 0.557169 -0.00103888 -0.0742 0.01 60 60 0 0 0
8851 0.594808 -0.000924824 -0.0964685 0.01 49 49 0 0 0
8860 0.504673 -0.00119796 -0.0516758 0.01 49 49 0 0 0
8865 0.662989 -0.000718216 -0.0383273 0.01 74 74 0 0 0
8868 0.594808 -0.000924824 -0.0964685 0.01 50 50 0 0 0
8879 0.556367 -0.00104131 -0.0757953 0.01 60 60 0 0 0
8882 0.550751 -0.00105833 -0.068144 0.01 50 50 0 0 0
8888 0.569534 -0.00100141 -0.0339707 0.01 50 50 0 0 0
8895 0.532075 -0.00111492 -0.0817507 0.01 60 61 0 0 0
8915 0.550751 -0.00105833 -0.068144 0.01 50 51 0 0 0
8931 0.662989 -0.000718216 -0.0383273 0.01 74 74 0 0 0
8940 0.662989 -0.000718216 -0.0467833 0.01 75 74 -0.0145409 0 -0.00845599
8942 0.601508 -0.00090452 -0.0707793 0.01 49 49 0 0 0
8968 0.594063 -0.000927081 -0.0704683 0.01 60 60 0 0 0
8979 0.662989 -0.000718216 -0.0383273 0.01 74 74 0 0 0
8988 0.662989 -0.000718216 -0.0411904 0.01 75 75 0 0 0
8995 0.532861 -0.00111254 -0.0640258 0.01 60 60 0 0 0
9012 0.552254 -0.00105377 -0.0640258 0.01 60 59 0 0 0
9014 0.662989 -0.000718216 -0.0454474 0.01 74 74 0 0 0
9016 0.56956 -0.00100133 -0.068144 0.01 50 50 0 0 0
9018 0.569534 -0.00100141 -0.0339707 0.01 50 50 0 0 0
9023 0.561316 -0.00102632 -0.0339707 0.01 48 48 0 0 0
9031 0.662989 -0.000718216 -0.0396278 0.01 75 75 0 0 0
9032 0.562868 -0.00102161 -0.0640258 0.01 60 60 0 0 0
9052 0.594808 -0.000924824 -0.0964685 0.01 49 49 0 0 0
9055 0.662989 -0.000718216 -0.0333514 0.01 74 74 0 0 0
9060 0.563736 -0.00101898 -0.068144 0.01 49 49 0 0 0
9068 0.550751 -0.00105833 -0.068144 0.01 50 50 0 0 0
9072 0.541306 -0.00108695 -0.068144 0.01 49 50 0 0 0
9080 0.662989 -0.000718216 -0.0383273 0.01 75 75 0 0 0
9083 0.662989 -0.000718216 -0.0383273 0.01 74 74 0 0 0
9084 0.563736 -0.00101898 -0.068144 0.01 49 49 0 0 0
9089 0.550751 -0.00105833 -0.0553614 0.01 50 50 0.000640288 0 0.0127826
9091 0.662989 -0.000718216 -0.0383273 0.01 74 74 0 0 0
9092 0.56248 -0.00102279 -0.068144 0.01 48 48 0 0 0
9102 0.569534 -0.00100141 -0.0339707 0.01 50 50 0 0 0
9107 0.661761 -0.000721936 -0.0471089 0.01 76 76 0 0 0
9122 0.662989 -0.000718216 -0.0496093 0.01 74 74 0 0 0
9126 0.563736 -0.00101898 -0.068144 0.01 49 49 0 0 0
9135 0.56248 -0.00102279 -0.068144 0.01 49 49 0 0 0
9136 0.662989 -0.000718216 -0.0383273 0.01 74 74 0 0 0
9138 0.569534 -0.00100141 -0.0339707 0.01 50 51 0 0 0
9140 0.550751 -0.00105833 -0.0532293 0.01 50 51 0 0 0
9147 0.563736 -0.00101898 -0.068144 0.01 49 49 0 0 0
9155 0.556367 -0.00104131 -0.0640258 0.01 60 59 0 0 0
9173 0.550751 -0.00105833 -0.068144 0.01 50 50 0 0 0
9175 0.575611 -0.000982998 -0.0595925 0.01 60 61 0 0 0
9178 0.594808 -0.000924824 -0.0964685 0.01 49 49 0 0 0
9181 0.550751 -0.00105833 -0.068144 0.01 50 50 0 0 0
9186 0.662989 -0.000718216 -0.0383273 0.01 74 74 0 0 0
9188 0.527874 -0.00112765 -0.0640258 0.01 60 60 0 0 0
9189 0.585838 -0.000952005 -0.0766046 0.01 60 60 0 0 0
9193 0.532075 -0.00111492 -0.0652256 0.01 60 60 0 0 0
9201 0.601508 -0.00090452 -0.0712986 0.01 50 50 0 0 0
9219 0.561264 -0.00102647 -0.0638867 0.01 60 60 0 0 0
9226 0.521627 -0.00114659 -0.0640258 0.01 60 59 0 0 0
9247 0.530864 -0.00111859 -0.0640258 0.01 60 60 0 0 0
9251 0.563736 -0.00101898 -0.068144 0.01 49 49 0 0 0
9258 0.52945 -0.00112288 -0.068144 0.01 50 50 0 0 0
9259 0.556367 -0.00104131 -0.0541702 0.01 60 59 0 0 0
9261 0.585767 -0.00095222 -0.0339707 0.01 49 49 0 0 0
9282 0.569534 -0.00100141 -0.0339707 0.01 50 50 0 0 0
9284 0.662989 -0.000718216 -0.0383273 0.01 76 76 0 0 0
9286 0.662989 -0.000718216 -0.0383273 0.01 75 75 0 0 0
9289 0.590206 -0.000938771 -0.0964685 0.01 49 49 0 0 0
9292 0.575611 -0.000982998 -0.0595925 0.01 60 60 0 0 0
9301 0.527874 -0.00112765 -0.0640258 0.01 60 60 0 0 0
9302 0.616594 -0.000858806 -0.0630277 0.01 60 62 0 0 0
9308 0.580494 -0.000968201 -0.0668103 0.01 60 60 0 0 0
9309 0.662989 -0.000718216 -0.0718152 0.01 76 76 0 0 0
9313 0.56248 -0.00102279 -0.068144 0.01 49 48 0 0 0
9323 0.580494 -0.000968201 -0.0668103 0.01 60 60 0.00997844 -0.0130662 0
9325 0.556367 -0.00104131 -0.0640258 0.01 60 60 0 0 0
9327 0.662989 -0.000718216 -0.0383273 0.01 74 73 0 0 0
9329 0.662989 -0.000718216 -0.0383273 0.01 74 74 0 0 0
9341 0.569534 -0.00100141 -0.0339707 0.01 50 50 0 0 0
9342 0.593111 -0.000929968 -0.0809287 0.01 60 60 0 0 0
9346 0.537865 -0.00109738 -0.0640258 0.01 60 60 0 0 0
9350 0.569534 -0.00100141 -0.0579301 0.01 50 50 0 0 0
9358 0.549895 -0.00106092 -0.0378745 0.01 60 60 0 0 0
9364 0.657056 -0.000736193 -0.0383273 0.01 75 75 0.00384063 -0.00593245 0
9375 0.569534 -0.00100141 -0.0339707 0.01 50 50 0 0 0
9383 0.549895 -0.00106092 -0.0640258 0.01 60 60 0 0 0
9388 0.550751 -0.00105833 -0.068144 0.01 50 50 0 0 0
9393 0.594808 -0.000924824 -0.0964685 0.01 48 49 0 0 0
9396 0.569534 -0.00100141 -0.0339707 0.01 50 50 0 0 0
9401 0.594808 -0.000924824 -0.0964685 0.01 49 49 0 0 0
9407 0.662989 -0.000718216 -0.0383273 0.01 74 74 0 0 0
9420 0.56248 -0.00102279 -0.068144 0.01 48 48 0 0 0
9423 0.594808 -0.000924824 -0.0964685 0.01 50 50 0 0 0
9424 0.662989 -0.000718216 -0.0499698 0.01 75 75 0 0 0
9427 0.595303 -0.000923324 -0.0646349 0.01 60 60 0 0 0
9428 0.56956 -0.00100133 -0.068144 0.01 50 50 0 0 0
9431 0.541306 -0.00108695 -0.068144 0.01 50 50 0 0 0
9434 0.563736 -0.00101898 -0.068144 0.01 49 49 0 0 0
9443 0.569534 -0.00100141 -0.0339707 0.01 48 48 0 0 0
9447 0.563736 -0.00101898 -0.068144 0.01 50 50 0 0 0
9456 0.549324 -0.00106265 -0.0339707 0.01 50 50 0 0 0
9460 0.563736 -0.00101898 -0.068144 0.01 49 49 0 0 0
9461 0.662989 -0.000718216 -0.0383273 0.01 76 76 0 0 0
9465 0.662989 -0.000718216 -0.0333514 0.01 74 74 0 0 0
9470 0.569534 -0.00100141 -0.0339707 0.01 49 49 0 0 0
9478 0.609525 -0.000880228 -0.0964685 0.01 50 50 0 0 0
9480 0.563736 -0.00101898 -0.068144 0.01 50 49 0 0 0
9481 0.662989 -0.000718216 -0.0383273 0.01 74 74 0 0 0
9490 0.609525 -0.000880228 -0.0964685 0.01 49 49 0 0 0
9491 0.569534 -0.00100141 -0.0339707 0.01 49 49 0 0 0
9492 0.605243 -0.000893204 -0.0701153 0.01 60 60 0 0 0
9500 0.550751 -0.00105833 -0.068144 0.01 50 50 0 0 0
9506 0.56956 -0.00100133 -0.068144 0.01 50 50 0 0 0
9536 0.549895 -0.00106092 -0.0378745 0.01 60 60 0 0 0
9542 0.569534 -0.00100141 -0.0339707 0.01 48 48 0 0 0
9545 0.56248 -0.00102279 -0.068144 0.01 49 49 0 0 0
9554 0.59458 -0.000925516 -0.0954167 0.01 60 60 -0.00128606 0 -0.00956937
9563 0.662989 -0.000718216 -0.0383273 0.01 75 75 0 0 0
9578 0.567655 -0.00100711 -0.0339707 0.01 50 50 0.00128689 -0.00187904 0
9583 0.569534 -0.00100141 -0.0339707 0.01 48 48 0 0 0
9599 0.557169 -0.00103888 -0.070139 0.01 60 59 0 0 0
9609 0.662989 -0.000718216 -0.0544704 0.01 74 74 0 0 0
9612 0.601508 -0.00090452 -0.0707793 0.01 50 51 0 0 0
9617 0.532075 -0.00111492 -0.0668131 0.01 60 60 0 0 0
9620 0.527874 -0.00112765 -0.0442495 0.01 60 60 0 0 0
9621 0.565169 -0.00101464 -0.0535561 0.01 60 61 0 0 0
9622 0.569534 -0.00100141 -0.0339707 0.01 50 50 0 0 0
9624 0.569534 -0.00100141 -0.0385491 0.01 49 49 0 0 0
9625 0.569534 -0.00100141 -0.0339707 0.01 50 49 0 0 0
9628 0.569534 -0.00100141 -0.0339707 0.01 50 50 0 0 0
9632 0.569534 -0.00100141 -0.0339707 0.01 48 48 0 0 0
9653 0.536991 -0.00110003 -0.09829 0.01 60 60 0 0 0
9661 0.662989 -0.000718216 -0.0383273 0.01 74 74 0 0 0
9662 0.556367 -0.00104131 -0.0640258 0.01 60 60 0 0 0
9669 0.569534 -0.00100141 -0.0339707 0.01 50 50 0 0 0
9696 0.569534 -0.00100141 -0.0339707 0.01 48 48 0 0 0
9710 0.662989 -0.000718216 -0.0383273 0.01 74 73 0 0 0
9721 0.603789 -0.000897609 -0.046068 0.01 60 60 0 0 0
9722 0.563736 -0.00101898 -0.068144 0.01 49 49 0 0 0
9723 0.662989 -0.000718216 -0.0718152 0.01 76 75 0 0 0
9725 0.541306 -0.00108695 -0.068144 0.01 50 50 0 0 0
9740 0.569534 -0.00100141 -0.0339707 0.01 50 50 0 0 0
9744 0.569534 -0.00100141 -0.0339707 0.01 50 50 0 0 0
9747 0.563736 -0.00101898 -0.068144 0.01 49 49 0 0 0
9751 0.662989 -0.000718216 -0.0383273 0.01 75 75 0 0 0
9752 0.662989 -0.000718216 -0.0467833 0.01 74 74 0 0 0
9755 0.550751 -0.00105833 -0.068144 0.01 50 50 0 0 0
9759 0.662989 -0.000718216 -0.0383273 0.01 75 75 0 0 0
9761 0.594808 -0.000924824 -0.0964685 0.01 49 49 0 0 0
9763 0.575611 -0.000982998 -0.0595925 0.01 60 60 0 0 0
9775 0.661761 -0.000721936 -0.0383273 0.01 76 76 0 0 0
9779 0.662989 -0.000718216 -0.0383273 0.01 74 73 0 0 0
9780 0.560684 -0.00102823 -0.0506626 0.01 49 49 -0.0012133 0 -0.0166919
9803 0.594808 -0.000924824 -0.0964685 0.01 49 49 0 0 0
9814 0.504673 -0.00119796 -0.0516758 0.01 49 49 0 0 0
9830 0.563736 -0.00101898 -0.068144 0.01 49 49 0 0 0
9832 0.657056 -0.000736193 -0.0383273 0.01 75 75 0 0 0
9840 0.662989 -0.000718216 -0.0383273 0.01 74 74 0 0 0
9842 0.56248 -0.00102279 -0.068144 0.01 48 48 0 0 0
9870 0.59458 -0.000925516 -0.0790168 0.01 60 61 0 0 0
9877 0.569534 -0.00100141 -0.0339707 0.01 50 50 0 0 0
9881 0.562436 -0.00102292 -0.0801043 0.01 60 61 0 0 0
9882 0.504673 -0.00119796 -0.0516758 0.01 49 49 0 0 0
9891 0.601508 -0.00090452 -0.0707793 0.01 49 50 0 0 0
9892 0.575611 -0.000982998 -0.0595925 0.01 60 60 0 0 0
9894 0.537865 -0.00109738 -0.0707676 0.01 60 59 0 0 0
9896 0.569534 -0.00100141 -0.0529072 0.01 50 51 0 0 0
9898 0.556367 -0.00104131 -0.0640258 0.01 60 60 0 0 0
9900 0.662989 -0.000718216 -0.0383273 0.01 75 75 0 0 0
9906 0.588764 -0.000943139 -0.0646349 0.01 60 60 0 0 0
9911 0.569534 -0.00100141 -0.0339707 0.01 49 50 0 0 0
9924 0.594808 -0.000924824 -0.0964685 0.01 50 50 0 0 0
9936 0.550751 -0.00105833 -0.068144 0.01 50 50 0 0 0
9952 0.563736 -0.00101898 -0.068144 0.01 49 49 0 0 0
9954 0.561264 -0.00102647 -0.0638867 0.01 60 60 0 0 0
9955 0.594808 -0.000924824 -0.0964685 0.01 49 49 0 0 0
9958 0.662989 -0.000718216 -0.0333514 0.01 74 74 0 0 0
9963 0.532075 -0.00111492 -0.0668131 0.01 60 60 0 0 0
9964 0.56956 -0.00100133 -0.068144 0.01 50 50 0 0 0
9967 0.550751 -0.00105833 -0.068144 0.01 50 50 0 0 0
9970 0.557169 -0.00103888 -0.0742 0.01 60 60 0 0 0
9972 0.537865 -0.00109738 -0.0707676 0.01 60 60 0 0 0
9976 0.662989 -0.000718216 -0.0383273 0.01 75 75 0 0 0
9980 0.662989 -0.000718216 -0.0383273 0.01 75 75 0 0 0
9981 0.504673 -0.00119796 -0.0516758 0.01 49 49 0 0 0
9988 0.601508 -0.00090452 -0.0707793 0.01 50 50 0 0 0
9998 0.593426 -0.000929014 -0.0801043 0.01 60 60 0 0 0
10000 0.662989 -0.000718216 -0.0383273 0.01 74 74 0 0 0
10004 0.594808 -0.000924824 -0.11272 0.01 50 50 0 0 0
10016 0.556869 -0.00103979 -0.0339707 0.01 50 50 0 0 0
10021 0.662989 -0.000718216 -0.0383273 0.01 75 75 0 0 0
10022 0.569534 -0.00100141 -0.0339707 0.01 48 48 0 0 0
10029 0.662989 -0.000718216 -0.0419015 0.01 75 75 0 0 0
10030 0.662989 -0.000718216 -0.0383273 0.01 74 74 0 0 0
10035 0.662989 -0.000718216 -0.0419015 0.01 75 75 0 0 0
10038 0.569534 -0.00100141 -0.0339707 0.01 50 50 0 0 0
10048 0.569534 -0.00100141 -0.0339707 0.01 50 50 0 0 0
10051 0.550751 -0.00105833 -0.068144 0.01 50 50 0 0 0
10057 0.569534 -0.00100141 -0.0339707 0.01 50 50 0 0 0
10067 0.549895 -0.00106092 -0.0493838 0.01 60 60 0 0 0
10071 0.662989 -0.000718216 -0.0454474 0.01 74 74 0 0 0
10076 0.662989 -0.000718216 -0.0333514 0.01 74 74 0 0 0
10089 0.662989 -0.000718216 -0.0313643 0.01 74 74 0.0125579 0 0.006963
10092 0.504673 -0.00119796 -0.0516758 0.01 49 49 0 0 0
10096 0.563548 -0.00101955 -0.080035 0.01 60 60 0 0 0
10108 0.56248 -0.00102279 -0.068144 0.01 48 48 0 0 0
10111 0.556367 -0.00104131 -0.0640258 0.01 60 60 0 0 0
10120 0.550751 -0.00105833 -0.068144 0.01 49 49 0 0 0
10123 0.56248 -0.00102279 -0.068144 0.01 48 48 0 0 0
10124 0.541306 -0.00108695 -0.068144 0.01 50 50 0 0 0
10128 0.662989 -0.000718216 -0.0454474 0.01 75 75 0 0 0
10130 0.662989 -0.000718216 -0.0454474 0.01 74 74 0 0 0
10141 0.596691 -0.000919118 -0.0526677 0.01 60 61 0 0 0
10145 0.556367 -0.00104131 -0.0640258 0.01 60 60 0 0 0
10149 0.586966 -0.000948589 -0.0339707 0.01 50 50 -0.0115119 0.0174314 0
10164 0.640112 -0.00078754 -0.0383273 0.01 75 75 0 0 0
10167 0.662989 -0.000718216 -0.0383273 0.01 76 76 0 0 0
10171 0.594808 -0.000924824 -0.0964685 0.01 49 49 0 0 0
10173 0.526603 -0.00113151 -0.0742365 0.01 60 60 0 0 0
10176 0.662989 -0.000718216 -0.0383273 0.01 74 74 0 0 0
10182 0.550751 -0.00105833 -0.068144 0.01 49 49 0 0 0
10190 0.662989 -0.000718216 -0.0383273 0.01 75 75 0 0 0
10196 0.569534 -0.00100141 -0.0339707 0.01 48 49 0 0 0
10201 0.549895 -0.00106092 -0.0640258 0.01 60 59 0 0 0
10203 0.624492 -0.000834872 -0.00323918 0.01 60 60 0 0 0
10204 0.569534 -0.00100141 -0.0339707 0.01 48 48 0 0 0
10226 0.504673 -0.00119796 -0.0516758 0.01 50 50 0 0 0
10229 0.662989 -0.000718216 -0.0383273 0.01 74 74 0 0 0
10230 0.569534 -0.00100141 -0.0339707 0.01 50 50 0 0 0
10232 0.662989 -0.000718216 -0.0383273 0.01 75 75 0 0 0
10238 0.59458 -0.000925516 -0.0674693 0.01 60 60 0 0 0
10245 0.594808 -0.000924824 -0.0964685 0.01 49 49 0 0 0
10254 0.662989 -0.000718216 -0.0454474 0.01 74 74 0 0 0
10259 0.532861 -0.00111254 -0.0640258 0.01 60 60 0 0 0
10268 0.662989 -0.000718216 -0.0499698 0.01 75 75 0 0 0
10270 0.566417 -0.00101086 -0.0668131 0.01 60 60 0 0 0
10275 0.662989 -0.000718216 -0.0383273 0.01 75 74 0 0 0
10289 0.569534 -0.00100141 -0.0339707 0.01 49 50 0 0 0
10290 0.594808 -0.000924824 -0.0964685 0.01 49 49 0 0 0
10292 0.584001 -0.000957574 -0.0646349 0.01 60 59 0 0 0
10296 0.601508 -0.00090452 -0.0707793 0.01 49 49 0 0 0
10299 0.662989 -0.000718216 -0.0383273 0.01 75 75 0 0 0
10302 0.662989 -0.000718216 -0.0383273 0.01 74 74 0 0 0
10304 0.550751 -0.00105833 -0.068144 0.01 50 50 0 0 0
10317 0.556367 -0.00104131 -0.0640258 0.01 60 61 0 0 0
10319 0.550751 -0.00105833 -0.068144 0.01 50 50 0 0 0
10326 0.569534 -0.00100141 -0.0339707 0.01 50 50 0 0 0
10327 0.569534 -0.00100141 -0.0339707 0.01 50 50 0 0 0
10333 0.640112 -0.00078754 -0.0383273 0.01 75 75 0 0 0
10348 0.569534 -0.00100141 -0.0339707 0.01 50 50 0 0 0
10360 0.661761 -0.000721936 -0.0383273 0.01 75 75 0 0 0
10367 0.662989 -0.000718216 -0.0383273 0.01 76 76 0 0 0
10369 0.661761 -0.000721936 -0.0471089 0.01 76 76 0 0 0
10382 0.569534 -0.00100141 -0.0339707 0.01 50 50 0 0 0
10384 0.556367 -0.00104131 -0.0640258 0.01 60 60 0 0 0
10386 0.662989 -0.000718216 -0.0454474 0.01 74 74 0 0 0
10391 0.592501 -0.000931815 -0.0503544 0.01 50 50 0 0 0
10393 0.556367 -0.00104131 -0.0640258 0.01 60 60 0 0 0
10395 0.603789 -0.000897609 -0.046068 0.01 60 60 0 0 0
10397 0.563548 -0.00101955 -0.080035 0.01 60 60 0 0 0
10400 0.56248 -0.00102279 -0.068144 0.01 50 50 0 0 0
10402 0.662989 -0.000718216 -0.0454474 0.01 74 74 0 0 0
10404 0.603789 -0.000897609 -0.046068 0.01 60 60 0 0 0
10412 0.594808 -0.000924824 -0.0964685 0.01 49 49 0 0 0
10418 0.661761 -0.000721936 -0.0383273 0.01 75 75 0 0 0
10427 0.569534 -0.00100141 -0.0339707 0.01 50 50 0 0 0
10429 0.550751 -0.00105833 -0.0532293 0.01 49 50 0 0 0
10436 0.596341 -0.000920178 -0.0964685 0.01 49 49 0 0 0
10438 0.662989 -0.000718216 -0.0454474 0.01 74 74 0 0 0
10441 0.569534 -0.00100141 -0.0339707 0.01 48 48 0 0 0
10442 0.569534 -0.00100141 -0.0339707 0.01 48 48 0 0 0
10451 0.662989 -0.000718216 -0.0383273 0.01 75 74 0 0 0
10460 0.662989 -0.000718216 -0.0383273 0.01 75 75 0 0 0
10463 0.550751 -0.00105833 -0.068144 0.01 49 49 0 0 0
10471 0.662989 -0.000718216 -0.0383273 0.01 74 74 0 0 0
10505 0.662989 -0.000718216 -0.0383273 0.01 75 75 0 0 0
10508 0.662989 -0.000718216 -0.0454474 0.01 74 74 0 0 0
10511 0.550751 -0.00105833 -0.068144 0.01 50 51 0 0 0
10529 0.662989 -0.000718216 -0.0383273 0.01 74 73 0 0 0
10533 0.537865 -0.00109738 -0.0707676 0.01 60 60 0 0 0
10537 0.563736 -0.00101898 -0.068144 0.01 49 49 0 0 0
10547 0.550751 -0.00105833 -0.068144 0.01 50 50 0 0 0
10548 0.594808 -0.000924824 -0.0964685 0.01 49 49 0 0 0
10549 0.569534 -0.00100141 -0.0339707 0.01 48 48 0 0 0
10550 0.662989 -0.000718216 -0.0383273 0.01 76 76 0 0 0
10556 0.662989 -0.000718216 -0.0316217 0.01 74 74 0 0 0
10573 0.569534 -0.00100141 -0.0339707 0.01 49 49 0 0 0
10582 0.568122 -0.00100569 -0.0839702 0.01 60 60 0 0 0
10583 0.569534 -0.00100141 -0.0339707 0.01 49 49 0 0 0
10585 0.550751 -0.00105833 -0.0532293 0.01 50 50 0 0 0
10596 0.609525 -0.000880228 -0.0964685 0.01 50 50 0 0 0
10600 0.662989 -0.000718216 -0.0383273 0.01 74 74 0 0 0
10610 0.662989 -0.000718216 -0.0383273 0.01 75 75 0 0 0
10627 0.585838 -0.000952005 -0.0766046 0.01 60 60 0 0 0
10630 0.532861 -0.00111254 -0.0640258 0.01 60 60 0 0 0
10648 0.569534 -0.00100141 -0.0339707 0.01 49 49 0 0 0
10671 0.569534 -0.00100141 -0.0339707 0.01 50 50 0 0 0
10680 0.550751 -0.00105833 -0.068144 0.01 50 50 0 0 0
10691 0.662989 -0.000718216 -0.0383273 0.01 75 75 0 0 0
10694 0.662989 -0.000718216 -0.0454474 0.01 74 74 0 0 0
10700 0.582549 -0.000961972 -0.018385 0.01 60 60 0 0 0
10702 0.662989 -0.000718216 -0.0348228 0.01 74 74 0 0 0
10707 0.56248 -0.00102279 -0.068144 0.01 48 48 0 0 0
10708 0.556367 -0.00104131 -0.0640258 0.01 60 60 0 0 0
10715 0.549895 -0.00106092 -0.0640258 0.01 60 60 0 0 0
10719 0.569534 -0.00100141 -0.0385491 0.01 49 49 0 0 0
10728 0.662989 -0.000718216 -0.0383273 0.01 75 75 0 0 0
10730 0.582549 -0.000961972 -0.018385 0.01 60 60 0 0 0
10741 0.563736 -0.00101898 -0.068144 0.01 50 50 0 0 0
10742 0.662989 -0.000718216 -0.0383273 0.01 74 73 0 0 0
10744 0.569534 -0.00100141 -0.0339707 0.01 49 49 0 0 0
10746 0.662989 -0.000718216 -0.0454474 0.01 74 74 0 0 0
10747 0.549895 -0.00106092 -0.0640258 0.01 60 59 0 0 0
10753 0.601508 -0.00090452 -0.0707793 0.01 50 51 0 0 0
10756 0.550751 -0.00105833 -0.068144 0.01 49 49 0 0 0
10758 0.550751 -0.00105833 -0.068144 0.01 50 50 0 0 0
10762 0.550751 -0.00105833 -0.068144 0.01 50 50 0 0 0
10763 0.662989 -0.000718216 -0.0383273 0.01 75 75 0 0 0
10764 0.569534 -0.00100141 -0.0339707 0.01 49 50 0 0 0
10770 0.569534 -0.00100141 -0.0339707 0.01 50 50 0 0 0
10771 0.665937 -0.000709283 -0.0383273 0.01 74 75 0 0 0
10773 0.662989 -0.000718216 -0.0383273 0.01 75 75 0 0 0
10779 0.662989 -0.000718216 -0.0383273 0.01 75 75 0 0 0
10795 0.662989 -0.000718216 -0.0496093 0.01 74 74 0 0 0
10802 0.550751 -0.00105833 -0.068144 0.01 50 50 0 0 0
10804 0.569534 -0.00100141 -0.0339707 0.01 50 50 0 0 0
10806 0.569534 -0.00100141 -0.0339707 0.01 50 50 0 0 0
10821 0.662989 -0.000718216 -0.0383273 0.01 75 75 0 0 0
10843 0.563736 -0.00101898 -0.068144 0.01 49 49 0 0 0
10850 0.580965 -0.000966774 -0.0339707 0.01 50 49 -0.0074289 0.0114304 0
10851 0.604757 -0.000894677 -0.0681394 0.01 60 60 0 0 0
10858 0.556367 -0.00104131 -0.0640258 0.01 60 59 0 0 0
10866 0.661761 -0.000721936 -0.0383273 0.01 76 76 0 0 0
10867 0.56956 -0.00100133 -0.068144 0.01 50 50 0 0 0
10869 0.569534 -0.00100141 -0.0339707 0.01 50 50 0 0 0
10871 0.569481 -0.00100157 -0.0642276 0.01 60 60 -0.000391006 0 -0.00264491
10873 0.662989 -0.000718216 -0.0383273 0.01 74 73 0 0 0
10874 0.550751 -0.00105833 -0.068144 0.01 50 50 0 0 0
10876 0.548979 -0.0010637 -0.0556711 0.01 60 60 0 0 0
10877 0.58868 -0.000943393 -0.0633644 0.01 60 60 0 0 0
10883 0.550751 -0.00105833 -0.0876909 0.01 50 51 -0.000708148 0 -0.0241056
10884 0.569534 -0.00100141 -0.0339707 0.01 48 48 0 0 0
10886 0.603789 -0.000897609 -0.046068 0.01 60 60 0 0 0
10891 0.661761 -0.000721936 -0.0383273 0.01 76 76 0 0 0
10911 0.548044 -0.00106653 -0.068144 0.01 49 49 0.0108371 -0.0156927 0
10914 0.594573 -0.000925538 -0.0473579 0.01 60 61 0 0 0
10923 0.661761 -0.000721936 -0.0383273 0.01 75 75 0 0 0
10929 0.613802 -0.000867268 -0.0618719 0.01 60 60 0 0 0
10945 0.563736 -0.00101898 -0.068144 0.01 50 50 0 0 0
10959 0.594808 -0.000924824 -0.0964685 0.01 49 49 0 0 0
10982 0.56248 -0.00102279 -0.068144 0.01 50 50 0 0 0
10991 0.662989 -0.000718216 -0.0383273 0.01 74 74 0 0 0
11001 0.662989 -0.000718216 -0.0383273 0.01 74 73 0 0 0
11002 0.563736 -0.00101898 -0.068144 0.01 49 49 0 0 0
11003 0.56248 -0.00102279 -0.068144 0.01 50 50 0 0 0
11011 0.662989 -0.000718216 -0.0316616 0.01 74 74 0 0 0
11021 0.527874 -0.00112765 -0.0640258 0.01 60 59 0 0 0
11022 0.662989 -0.000718216 -0.0383273 0.01 75 74 0 0 0
11023 0.661761 -0.000721936 -0.0383273 0.01 75 75 0 0 0
11026 0.550751 -0.00105833 -0.068144 0.01 50 49 0 0 0
11027 0.526603 -0.00113151 -0.0742365 0.01 60 60 0 0 0
11030 0.569534 -0.00100141 -0.0339707 0.01 50 50 0 0 0
11031 0.557169 -0.00103888 -0.0742 0.01 60 60 0 0 0
11035 0.569534 -0.00100141 -0.0339707 0.01 48 48 0 0 0
11036 0.662989 -0.000718216 -0.0416985 0.01 75 75 -0.00658837 0 -0.00337121
11059 0.504673 -0.00119796 -0.0516758 0.01 49 49 0 0 0
11073 0.662989 -0.000718216 -0.0383273 0.01 75 75 0 0 0
11091 0.565169 -0.00101464 -0.0535561 0.01 60 60 0 0 0
11123 0.551184 -0.00105702 -0.068144 0.01 50 50 0 0 0
11126 0.556367 -0.00104131 -0.0640258 0.01 60 60 0 0 0
11130 0.662989 -0.000718216 -0.0383273 0.01 76 76 0 0 0
11151 0.662989 -0.000718216 -0.0333514 0.01 74 74 0 0 0
11153 0.662989 -0.000718216 -0.0381079 0.01 76 76 0 0 0
11163 0.662989 -0.000718216 -0.0383273 0.01 74 74 0 0 0
11172 0.569534 -0.00100141 -0.0339707 0.01 49 49 0 0 0
11176 0.527874 -0.00112765 -0.0753904 0.01 60 59 0 0 0
11177 0.660765 -0.000724956 -0.0383273 0.01 76 76 0.000636756 -0.00099647 0
11186 0.609525 -0.000880228 -0.0964685 0.01 50 50 0 0 0
11187 0.549895 -0.00106092 -0.0640258 0.01 60 60 0 0 0
11192 0.56248 -0.00102279 -0.068144 0.01 49 50 0 0 0
11195 0.59458 -0.000925516 -0.0674693 0.01 60 60 0 0 0
11198 0.662989 -0.000718216 -0.0454474 0.01 74 74 0 0 0
11220 0.527874 -0.00112765 -0.0640258 0.01 60 60 0 0 0
11229 0.550751 -0.00105833 -0.068144 0.01 50 51 0 0 0
11230 0.662989 -0.000718216 -0.0383273 0.01 76 76 0 0 0
11237 0.594808 -0.000924824 -0.11272 0.01 50 50 0 0 0
11240 0.569534 -0.00100141 -0.0339707 0.01 50 51 0 0 0
11241 0.527874 -0.00112765 -0.0640258 0.01 60 60 0 0 0
11243 0.662989 -0.000718216 -0.0383273 0.01 74 74 0 0 0
11244 0.596331 -0.000920208 -0.0272643 0.01 60 60 0 0 0
11253 0.562262 -0.00102345 -0.068144 0.01 50 50 0 0 0
11272 0.569534 -0.00100141 -0.0339707 0.01 49 50 0 0 0
11273 0.532075 -0.00111492 -0.0668131 0.01 60 60 0 0 0
11278 0.569534 -0.00100141 -0.0339707 0.01 50 50 0 0 0
11279 0.662989 -0.000718216 -0.0454474 0.01 75 75 0 0 0
11289 0.556367 -0.00104131 -0.0640258 0.01 60 60 0 0 0
11290 0.557251 -0.00103863 -0.09829 0.01 60 60 0 0 0
11291 0.550751 -0.00105833 -0.068144 0.01 50 51 0 0 0
11307 0.628173 -0.000823719 -0.0404652 0.01 60 60 0 0 0
11319 0.556367 -0.00104131 -0.0640258 0.01 60 60 0 0 0
11331 0.569534 -0.00100141 -0.0339707 0.01 50 50 0 0 0
11358 0.662989 -0.000718216 -0.0454474 0.01 74 74 0 0 0
11364 0.532075 -0.00111492 -0.0668131 0.01 60 60 0 0 0
11369 0.662989 -0.000718216 -0.0383273 0.01 75 75 0 0 0
11372 0.569534 -0.00100141 -0.0339707 0.01 49 49 0 0 0
11382 0.596691 -0.000919118 -0.0706896 0.01 60 62 0 0 0
11385 0.662989 -0.000718216 -0.0383273 0.01 75 75 0 0 0
11393 0.569534 -0.00100141 -0.0339707 0.01 49 49 0 0 0
11397 0.563736 -0.00101898 -0.068144 0.01 49 49 0 0 0
11405 0.532075 -0.00111492 -0.0668131 0.01 60 60 0 0 0
11408 0.662989 -0.000718216 -0.0383273 0.01 75 75 0 0 0
11418 0.556367 -0.00104131 -0.0640258 0.01 60 60 0 0 0
11432 0.586966 -0.000948589 -0.0339707 0.01 50 50 0 0 0
11434 0.569534 -0.00100141 -0.0339707 0.01 50 50 0 0 0
11442 0.504673 -0.00119796 -0.0504546 0.01 49 49 0.000109762 0 0.00122119
11443 0.550751 -0.00105833 -0.068144 0.01 50 50 0 0 0
11445 0.662989 -0.000718216 -0.0383273 0.01 75 75 0 0 0
11453 0.569534 -0.00100141 -0.0339707 0.01 50 50 0 0 0
11464 0.569534 -0.00100141 -0.0385491 0.01 50 50 0 0 0
11473 0.549895 -0.00106092 -0.0640258 0.01 60 60 0 0 0
11477 0.563736 -0.00101898 -0.068144 0.01 50 49 0 0 0
11478 0.662989 -0.000718216 -0.0383273 0.01 74 74 0 0 0
11485 0.588944 -0.000942595 -0.0498233 0.01 60 59 0 0 0
11486 0.662989 -0.000718216 -0.0383273 0.01 74 74 0 0 0
11493 0.601678 -0.000904007 -0.0766046 0.01 60 60 0 0 0
11503 0.550751 -0.00105833 -0.068144 0.01 50 50 0 0 0
11506 0.601508 -0.00090452 -0.0707793 0.01 50 50 0 0 0
11508 0.569534 -0.00100141 -0.0339707 0.01 49 49 0 0 0
11514 0.56956 -0.00100133 -0.068144 0.01 50 50 0 0 0
11516 0.563736 -0.00101898 -0.0512052 0.01 48 49 0.0012079 0 0.0169388
11528 0.662989 -0.000718216 -0.0383273 0.01 76 76 0 0 0
11534 0.504673 -0.00119796 -0.0516758 0.01 49 49 0 0 0
11535 0.569534 -0.00100141 -0.0385491 0.01 48 48 0 0 0
11545 0.556367 -0.00104131 -0.0640258 0.01 60 61 0 0 0
11552 0.569534 -0.00100141 -0.0339707 0.01 50 50 0 0 0
11568 0.603789 -0.000897609 -0.046068 0.01 60 60 0 0 0
11577 0.662989 -0.000718216 -0.0383273 0.01 74 74 0 0 0
11587 0.569534 -0.00100141 -0.0339707 0.01 50 50 0 0 0
11598 0.594808 -0.000924824 -0.0964685 0.01 49 49 0 0 0
11599 0.569534 -0.00100141 -0.0339707 0.01 49 49 0 0 0
11603 0.662989 -0.000718216 -0.0383273 0.01 75 75 0 0 0
11606 0.569534 -0.00100141 -0.0339707 0.01 49 50 0 0 0
11616 0.532075 -0.00111492 -0.0566534 0.01 60 60 0.00168952 0 0.0101597
11617 0.598787 -0.000912766 -0.080514 0.01 60 60 0 0 0
11622 0.556367 -0.00104131 -0.0541702 0.01 60 59 0 0 0
11624 0.662989 -0.000718216 -0.0383273 0.01 75 75 0 0 0
11627 0.664185 -0.000714591 -0.0383273 0.01 74 74 0 0 0
11629 0.613802 -0.000867268 -0.0618719 0.01 60 60 0 0 0
11634 0.550751 -0.00105833 -0.068144 0.01 50 50 0 0 0
11647 0.566417 -0.00101086 -0.0668131 0.01 60 60 0 0 0
11651 0.549895 -0.00106092 -0.0378745 0.01 60 60 0 0 0
11652 0.564349 -0.00101712 -0.09829 0.01 60 60 0 0 0
11668 0.517987 -0.00115761 -0.0742365 0.01 60 60 0 0 0
11671 0.662989 -0.000718216 -0.0383273 0.01 75 75 0 0 0
11678 0.594808 -0.000924824 -0.0964685 0.01 50 50 0 0 0
11680 0.647284 -0.000765805 -0.0286539 0.01 60 61 0 0 0
11683 0.56248 -0.00102279 -0.068144 0.01 48 48 0 0 0
11690 0.550751 -0.00105833 -0.068144 0.01 50 51 0 0 0
11710 0.569534 -0.00100141 -0.0385491 0.01 48 48 0 0 0
11716 0.569534 -0.00100141 -0.0339707 0.01 49 49 0 0 0
11719 0.561264 -0.00102647 -0.0653788 0.01 60 60 0 0 0
11725 0.541306 -0.00108695 -0.068144 0.01 50 50 0 0 0
11727 0.662989 -0.000718216 -0.0383273 0.01 76 75 0 0 0
11731 0.569534 -0.00100141 -0.0339707 0.01 49 49 0 0 0
11733 0.662989 -0.000718216 -0.0383273 0.01 75 75 0 0 0
11741 0.535373 -0.00110493 -0.0532293 0.01 49 49 0 0 0
11742 0.661761 -0.000721936 -0.0305454 0.01 75 75 0 0 0
11747 0.662989 -0.000718216 -0.0333514 0.01 75 74 0 0 0
11756 0.504673 -0.00119796 -0.0640258 0.01 50 50 0 0 0
11759 0.662989 -0.000718216 -0.0383273 0.01 76 76 0 0 0
11763 0.603789 -0.000897609 -0.0704683 0.01 60 61 0 0 0
11786 0.662989 -0.000718216 -0.0383273 0.01 76 76 0 0 0
11789 0.550751 -0.00105833 -0.068144 0.01 50 51 0 0 0
11790 0.604428 -0.000895674 -0.0503544 0.01 60 60 0 0 0
11795 0.662989 -0.000718216 -0.0383273 0.01 75 75 0 0 0
11799 0.662989 -0.000718216 -0.0411904 0.01 76 76 0 0 0
11803 0.561264 -0.00102647 -0.0638867 0.01 60 60 0 0 0
11811 0.556367 -0.00104131 -0.0640258 0.01 60 61 0 0 0
11812 0.575611 -0.000982998 -0.0595925 0.01 60 60 0 0 0
11825 0.504673 -0.00119796 -0.0516758 0.01 49 49 0 0 0
11840 0.567626 -0.00100719 -0.080035 0.01 60 60 0 0 0
11846 0.569534 -0.00100141 -0.0339707 0.01 49 49 0 0 0
11859 0.594808 -0.000924824 -0.0964685 0.01 50 50 0 0 0
11863 0.592501 -0.000931815 -0.0503544 0.01 50 50 0 0 0
11866 0.550751 -0.00105833 -0.068144 0.01 50 50 0 0 0
11867 0.569534 -0.00100141 -0.0339707 0.01 49 49 0 0 0
11868 0.569534 -0.00100141 -0.0339707 0.01 48 48 0 0 0
11874 0.662989 -0.000718216 -0.0383273 0.01 76 76 0 0 0
11875 0.662989 -0.000718216 -0.0383273 0.01 74 74 0 0 0
11887 0.605243 -0.000893204 -0.0761247 0.01 60 60 0 0 0
11891 0.504673 -0.00119796 -0.0640258 0.01 50 51 0 0 0
11899 0.662989 -0.000718216 -0.0383273 0.01 75 75 0 0 0
11902 0.569534 -0.00100141 -0.0339707 0.01 50 50 0 0 0
11905 0.662989 -0.000718216 -0.0383273 0.01 74 74 0 0 0
11907 0.662989 -0.000718216 -0.0383273 0.01 75 75 0 0 0
11923 0.556938 -0.00103958 -0.068144 0.01 50 51 0 0 0
11926 0.56956 -0.00100133 -0.068144 0.01 50 51 0 0 0
11940 0.563736 -0.00101898 -0.068144 0.01 49 49 0 0 0
11944 0.559267 -0.00103252 -0.068144 0.01 50 50 0 0 0
11955 0.661761 -0.000721936 -0.0383273 0.01 76 76 0 0 0
11966 0.594808 -0.000924824 -0.0964685 0.01 49 49 0 0 0
11970 0.662989 -0.000718216 -0.0383273 0.01 75 75 0 0 0
11971 0.650489 -0.000756093 -0.0383273 0.01 74 74 0.00822803 -0.0124995 0
11982 0.527874 -0.00112765 -0.0640258 0.01 60 60 0 0 0
12037 0.569534 -0.00100141 -0.0339707 0.01 49 49 0 0 0
12041 0.662989 -0.000718216 -0.0348228 0.01 74 74 0 0 0
12043 0.662989 -0.000718216 -0.0383273 0.01 74 74 0 0 0
12045 0.563736 -0.00101898 -0.068144 0.01 49 49 0 0 0
12046 0.594808 -0.000924824 -0.0964685 0.01 49 49 0 0 0
12047 0.594808 -0.000924824 -0.0964685 0.01 48 49 0 0 0
12050 0.588815 -0.000942984 -0.0664808 0.01 60 60 0 0 0
12063 0.662989 -0.000718216 -0.0383273 0.01 76 76 0 0 0
12064 0.594808 -0.000924824 -0.11272 0.01 50 50 0 0 0
12065 0.563736 -0.00101898 -0.068144 0.01 49 49 0 0 0
12070 0.541835 -0.00108535 -0.0640258 0.01 60 60 0 0 0
12077 0.662989 -0.000718216 -0.0383273 0.01 75 75 0 0 0
12083 0.662989 -0.000718216 -0.0383273 0.01 75 75 0 0 0
12086 0.551184 -0.00105702 -0.068144 0.01 50 50 0 0 0
12088 0.53928 -0.00109309 -0.0558853 0.01 49 49 0 0 0
12092 0.561264 -0.00102647 -0.0839358 0.01 60 60 0 0 0
12105 0.563736 -0.00101898 -0.068144 0.01 49 49 0 0 0
12106 0.550751 -0.00105833 -0.068144 0.01 49 49 0 0 0
12120 0.550751 -0.00105833 -0.0876909 0.01 50 50 0 0 0
12121 0.558347 -0.00103531 -0.0378745 0.01 60 60 0 0 0
12123 0.552365 -0.00105344 -0.0668131 0.01 60 60 0 0 0
12125 0.569534 -0.00100141 -0.0339707 0.01 50 50 0 0 0
12129 0.604774 -0.000894625 -0.0691019 0.01 60 60 0 0 0
12131 0.550751 -0.00105833 -0.068144 0.01 50 50 0 0 0
12148 0.521627 -0.00114659 -0.0640258 0.01 60 60 0 0 0
12150 0.550751 -0.00105833 -0.068144 0.01 50 50 0 0 0
12154 0.569534 -0.00100141 -0.0339707 0.01 50 50 0 0 0
12155 0.504673 -0.00119796 -0.0516758 0.01 50 50 0 0 0
12157 0.563548 -0.00101955 -0.080035 0.01 60 60 0 0 0
12158 0.569534 -0.00100141 -0.0385491 0.01 49 49 0 0 0
12162 0.527874 -0.00112765 -0.0640258 0.01 60 60 0 0 0
12168 0.56956 -0.00100133 -0.0696191 0.01 50 50 0 0 0
12187 0.550751 -0.00105833 -0.068144 0.01 50 50 0 0 0
12190 0.56956 -0.00100133 -0.068144 0.01 50 50 0 0 0
12206 0.662989 -0.000718216 -0.0383273 0.01 75 75 0 0 0
12208 0.569534 -0.00100141 -0.0339707 0.01 49 49 0 0 0
12221 0.662989 -0.000718216 -0.0383273 0.01 75 75 0 0 0
12228 0.662989 -0.000718216 -0.0383273 0.01 75 75 0 0 0
12230 0.662989 -0.000718216 -0.0383273 0.01 76 75 0 0 0
12241 0.639215 -0.000790258 -0.0545353 0.01 60 60 0 0 0
12243 0.662989 -0.000718216 -0.0333514 0.01 74 74 0 0 0
12253 0.56956 -0.00100133 -0.0772924 0.01 49 49 -0.000634372 0 -0.00914842
12258 0.550751 -0.00105833 -0.0624569 0.01 50 50 0 0 0
12264 0.662989 -0.000718216 -0.0411904 0.01 76 76 0 0 0
12275 0.647284 -0.000765805 -0.0286539 0.01 60 61 0 0 0
12298 0.561264 -0.00102647 -0.0638867 0.01 60 60 0 0 0
12300 0.56248 -0.00102279 -0.068144 0.01 49 49 0 0 0
12303 0.569534 -0.00100141 -0.0339707 0.01 50 50 0 0 0
12307 0.662989 -0.000718216 -0.0383273 0.01 74 74 0 0 0
12308 0.504673 -0.00119796 -0.0516758 0.01 49 49 0 0 0
12310 0.569534 -0.00100141 -0.0339707 0.01 49 49 0 0 0
12311 0.563736 -0.00101898 -0.068144 0.01 49 49 0 0 0
12314 0.662989 -0.000718216 -0.0383273 0.01 74 74 0 0 0
12316 0.662989 -0.000718216 -0.0383273 0.01 75 75 0 0 0
12332 0.639215 -0.000790258 -0.0545353 0.01 60 60 -0.000206143 0 -0.00172599
12342 0.550751 -0.00105833 -0.068144 0.01 50 50 0 0 0
12346 0.550751 -0.00105833 -0.068144 0.01 49 49 0 0 0
12352 0.604275 -0.000896138 -0.0618719 0.01 60 60 0 0 0
12358 0.568122 -0.00100569 -0.0839702 0.01 60 59 0 0 0
12369 0.569534 -0.00100141 -0.0339707 0.01 49 49 0 0 0
12370 0.662989 -0.000718216 -0.0383273 0.01 75 75 0 0 0
12378 0.550751 -0.00105833 -0.068144 0.01 50 50 0 0 0
12382 0.594808 -0.000924824 -0.0964685 0.01 49 49 0 0 0
12385 0.569534 -0.00100141 -0.0339707 0.01 50 50 0 0 0
12389 0.662989 -0.000718216 -0.0383273 0.01 76 75 0 0 0
12396 0.662989 -0.000718216 -0.0383273 0.01 74 74 0 0 0
12418 0.550751 -0.00105833 -0.068144 0.01 50 50 0 0 0
12423 0.662989 -0.000718216 -0.0333514 0.01 74 74 0 0 0
12426 0.566417 -0.00101086 -0.0668131 0.01 60 60 0 0 0
12440 0.608615 -0.000882985 -0.0701153 0.01 60 60 -0.00241446 0.00337207 0
12448 0.575611 -0.000982998 -0.0595925 0.01 60 61 0 0 0
12458 0.563736 -0.00101898 -0.0686139 0.01 50 49 -3.33786e-05 0 -0.000469886
12473 0.569534 -0.00100141 -0.0339707 0.01 48 48 0 0 0
12480 0.601508 -0.00090452 -0.0707793 0.01 50 50 0 0 0
12487 0.623394 -0.0008382 -0.0379664 0.01 60 60 0 0 0
12488 0.594808 -0.000924824 -0.096303 0.01 49 49 9.79006e-06 0 0.000165485
12492 0.567055 -0.00100893 -0.0378745 0.01 60 60 -0.00729746 0.00870746 0
12499 0.569481 -0.00100157 -0.0684659 0.01 60 60 0 0 0
12502 0.557169 -0.00103888 -0.0742 0.01 60 60 0 0 0
12507 0.569534 -0.00100141 -0.0339707 0.01 50 50 0 0 0
12511 0.662989 -0.000718216 -0.0383273 0.01 74 74 0 0 0
12529 0.563736 -0.00101898 -0.068144 0.01 49 49 0 0 0
12532 0.662989 -0.000718216 -0.0467833 0.01 74 74 0 0 0
12536 0.662989 -0.000718216 -0.0383273 0.01 75 75 0 0 0
12541 0.569534 -0.00100141 -0.0339707 0.01 50 50 0 0 0
12543 0.601508 -0.00090452 -0.0707793 0.01 50 50 0 0 0
12550 0.550751 -0.00105833 -0.068144 0.01 50 50 0 0 0
12554 0.526603 -0.00113151 -0.0738705 0.01 60 60 0 0 0
12555 0.556367 -0.00104131 -0.0640258 0.01 60 60 0 0 0
12557 0.539996 -0.00109092 -0.0640258 0.01 60 60 0 0 0
12560 0.527874 -0.00112765 -0.0640258 0.01 60 60 0 0 0
12561 0.563736 -0.00101898 -0.068144 0.01 49 49 0 0 0
12582 0.563736 -0.00101898 -0.068144 0.01 49 49 0 0 0
12583 0.549895 -0.00106092 -0.0378745 0.01 60 60 0 0 0
12595 0.563736 -0.00101898 -0.068144 0.01 49 49 0 0 0
12598 0.569534 -0.00100141 -0.0339707 0.01 50 50 0 0 0
12603 0.558574 -0.00103462 -0.0339707 0.01 49 49 0 0 0
12608 0.569534 -0.00100141 -0.0339707 0.01 48 48 0 0 0
12611 0.594808 -0.000924824 -0.0964685 0.01 49 49 0 0 0
12616 0.550751 -0.00105833 -0.068144 0.01 50 50 0 0 0
12623 0.56248 -0.00102279 -0.068144 0.01 50 50 0 0 0
12633 0.662989 -0.000718216 -0.0348228 0.01 74 74 0 0 0
12637 0.662989 -0.000718216 -0.0333514 0.01 74 74 0 0 0
12639 0.662989 -0.000718216 -0.0383273 0.01 75 75 0 0 0
12646 0.604774 -0.000894625 -0.0691019 0.01 60 61 0 0 0
12659 0.662989 -0.000718216 -0.0383273 0.01 75 75 0 0 0
12675 0.662989 -0.000718216 -0.0383273 0.01 75 75 0 0 0
12684 0.569534 -0.00100141 -0.0339707 0.01 50 50 0 0 0
12697 0.526603 -0.00113151 -0.0738705 0.01 60 60 0 0 0
12702 0.594808 -0.000924824 -0.0964685 0.01 49 49 0 0 0
12703 0.549895 -0.00106092 -0.0640258 0.01 60 60 0 0 0
12716 0.504673 -0.00119796 -0.0516758 0.01 50 50 0 0 0
12721 0.590968 -0.000936462 -0.0964685 0.01 50 50 0.00236055 -0.00384051 0
12723 0.623216 -0.00083874 -0.0403401 0.01 60 60 0 0 0
12726 0.556367 -0.00104131 -0.0640258 0.01 60 60 0 0 0
12732 0.569534 -0.00100141 -0.0339707 0.01 49 49 0 0 0
12743 0.569534 -0.00100141 -0.0339707 0.01 50 50 0 0 0
12746 0.662989 -0.000718216 -0.0383273 0.01 75 75 0 0 0
12757 0.563736 -0.00101898 -0.0768934 0.01 49 49 -0.00182888 0 -0.0256883
12758 0.662989 -0.000718216 -0.0383273 0.01 75 75 0 0 0
12775 0.662989 -0.000718216 -0.0383273 0.01 75 75 0 0 0
12777 0.556367 -0.00104131 -0.0640258 0.01 60 60 0 0 0
12778 0.550751 -0.00105833 -0.0284708 0.01 50 51 0.00116956 0 0.0396733
12804 0.662989 -0.000718216 -0.0419015 0.01 75 75 0 0 0
12807 0.56248 -0.00102279 -0.068144 0.01 50 50 0 0 0
12822 0.549895 -0.00106092 -0.0493838 0.01 60 60 0 0 0
12830 0.662989 -0.000718216 -0.0383273 0.01 74 74 0 0 0
12831 0.569534 -0.00100141 -0.041336 0.01 50 50 0 0 0
12838 0.564349 -0.00101712 -0.09829 0.01 60 60 -0.00577983 0.00709802 0
12839 0.569534 -0.00100141 -0.0339707 0.01 50 50 0 0 0
12843 0.662989 -0.000718216 -0.0383273 0.01 75 75 0 0 0
12852 0.569534 -0.00100141 -0.0339707 0.01 49 49 0 0 0
12855 0.662989 -0.000718216 -0.0496093 0.01 74 74 0 0 0
12857 0.537865 -0.00109738 -0.0640258 0.01 60 60 0 0 0
12858 0.526603 -0.00113151 -0.0742365 0.01 60 60 0 0 0
12862 0.563736 -0.00101898 -0.068144 0.01 48 49 0 0 0
12864 0.662989 -0.000718216 -0.0383273 0.01 75 75 0 0 0
12865 0.550751 -0.00105833 -0.068144 0.01 49 49 0 0 0
12867 0.550751 -0.00105833 -0.068144 0.01 49 49 0 0 0
12876 0.550751 -0.00105833 -0.0532293 0.01 49 49 0 0 0
12880 0.569534 -0.00100141 -0.0339707 0.01 49 49 0 0 0
12883 0.569534 -0.00100141 -0.0339707 0.01 50 50 0 0 0
12889 0.569534 -0.00100141 -0.0339707 0.01 48 48 0 0 0
12903 0.569534 -0.00100141 -0.0339707 0.01 49 49 0 0 0
12904 0.537865 -0.00109738 -0.0640258 0.01 60 60 0 0 0
12905 0.594808 -0.000924824 -0.0964685 0.01 49 49 0 0 0
12908 0.662989 -0.000718216 -0.0383273 0.01 76 76 0 0 0
12909 0.693803 -0.000624841 -0.0454474 0.01 74 74 0 0 0
12913 0.569534 -0.00100141 -0.0372055 0.01 49 49 -0.000227481 0 -0.00323476
12918 0.662989 -0.000718216 -0.0383273 0.01 75 75 0 0 0
12925 0.596341 -0.000920178 -0.0964685 0.01 50 50 0 0 0
12934 0.563595 -0.00101941 -0.0339707 0.01 50 50 0 0 0
12947 0.662989 -0.000718216 -0.0631296 0.01 74 73 -0.036269 0 -0.0248023
12948 0.550751 -0.00105833 -0.068144 0.01 49 49 0 0 0
12959 0.526603 -0.00113151 -0.0742365 0.01 60 60 0 0 0
12961 0.569534 -0.00100141 -0.0339707 0.01 49 49 0 0 0
12967 0.569534 -0.00100141 -0.0339707 0.01 50 50 0 0 0
12985 0.59458 -0.000925516 -0.0790168 0.01 60 61 0 0 0
12989 0.56248 -0.00102279 -0.068144 0.01 48 49 0 0 0
12995 0.569534 -0.00100141 -0.0339707 0.01 49 49 0 0 0
13002 0.550751 -0.00105833 -0.068144 0.01 50 50 0 0 0
13010 0.557169 -0.00103888 -0.112433 0.01 60 60 0 0 0
13013 0.662989 -0.000718216 -0.0359051 0.01 75 75 0 0 0
13020 0.569534 -0.00100141 -0.0339707 0.01 50 50 0 0 0
13026 0.569534 -0.00100141 -0.0339707 0.01 49 50 0 0 0
13031 0.662989 -0.000718216 -0.0383273 0.01 75 75 0 0 0
13052 0.609525 -0.000880228 -0.0964685 0.01 50 50 0 0 0
13055 0.596691 -0.000919118 -0.0706896 0.01 60 60 0 0 0
13073 0.569534 -0.00100141 -0.0339707 0.01 49 49 0 0 0
13078 0.609525 -0.000880228 -0.0964685 0.01 50 50 0 0 0
13088 0.522694 -0.00114335 -0.0491061 0.01 60 60 0 0 0
13089 0.504673 -0.00119796 -0.0504546 0.01 49 49 0 0 0
13090 0.603789 -0.000897609 -0.046068 0.01 60 60 0 0 0
13091 0.569534 -0.00100141 -0.0339707 0.01 50 50 0 0 0
13102 0.550751 -0.00105833 -0.068144 0.01 49 51 0 0 0
13113 0.504673 -0.00119796 -0.0516758 0.01 50 50 0 0 0
13116 0.56956 -0.00100133 -0.068144 0.01 50 50 0 0 0
13122 0.556869 -0.00103979 -0.0339707 0.01 50 50 0 0 0
13125 0.593111 -0.000929968 -0.0809287 0.01 60 60 0 0 0
13131 0.569534 -0.00100141 -0.0339707 0.01 50 50 0 0 0
13135 0.569534 -0.00100141 -0.0339707 0.01 50 50 0 0 0
13139 0.639215 -0.000790258 -0.0528093 0.01 60 60 0 0 0
13147 0.56956 -0.00100133 -0.068144 0.01 50 50 0 0 0
13148 0.576569 -0.000980095 -0.0707793 0.01 49 49 0 0 0
13155 0.628173 -0.000823719 -0.0404652 0.01 60 58 0 0 0
13159 0.569534 -0.00100141 -0.0428245 0.01 48 48 0 0 0
13174 0.550751 -0.00105833 -0.068144 0.01 49 49 0 0 0
13177 0.593111 -0.000929968 -0.0809287 0.01 60 60 0 0 0
13182 0.537797 -0.00109759 -0.0270831 0.01 60 60 0 0 0
13185 0.662989 -0.000718216 -0.0454474 0.01 74 74 0 0 0
13187 0.501772 -0.00120675 -0.0303534 0.01 60 60 0 0 0
13192 0.662989 -0.000718216 -0.0333514 0.01 74 74 0 0 0
13193 0.662989 -0.000718216 -0.0383273 0.01 75 75 0 0 0
13195 0.569534 -0.00100141 -0.0339707 0.01 50 50 0 0 0
13211 0.551184 -0.00105702 -0.068144 0.01 50 50 0 0 0
13224 0.623048 -0.000839249 -0.0384409 0.01 60 60 0 0 0
13232 0.504673 -0.00119796 -0.064199 0.01 50 50 0 0 0
13235 0.661761 -0.000721936 -0.0383273 0.01 76 76 0 0 0
13236 0.569534 -0.00100141 -0.0339707 0.01 49 49 0 0 0
13237 0.662989 -0.000718216 -0.0383273 0.01 75 75 0 0 0
13240 0.661761 -0.000721936 -0.0383273 0.01 75 75 0 0 0
13247 0.569534 -0.00100141 -0.0339707 0.01 50 50 0 0 0
13248 0.556367 -0.00104131 -0.0640258 0.01 60 60 0 0 0
13254 0.527874 -0.00112765 -0.0640258 0.01 60 60 0 0 0
13261 0.557169 -0.00103888 -0.0742 0.01 60 60 0 0 0
13265 0.556367 -0.00104131 -0.0437753 0.01 60 60 0 0 0
13280 0.661761 -0.000721936 -0.0383273 0.01 76 76 0 0 0
13288 0.52945 -0.00112288 -0.068144 0.01 50 50 0.0161088 -0.0213001 0
13290 0.556367 -0.00104131 -0.0640258 0.01 60 60 0 0 0
13311 0.568122 -0.00100569 -0.080035 0.01 60 60 0 0 0
13319 0.532075 -0.00111492 -0.0668131 0.01 60 60 0 0 0
13338 0.662989 -0.000718216 -0.0419015 0.01 76 76 0 0 0
13343 0.601508 -0.00090452 -0.0707793 0.01 50 50 0 0 0
13344 0.601508 -0.00090452 -0.0712986 0.01 50 50 -2.13683e-05 0 -0.000519276
13345 0.569534 -0.00100141 -0.0339707 0.01 49 49 0 0 0
13347 0.662989 -0.000718216 -0.0499698 0.01 75 75 0 0 0
13353 0.569534 -0.00100141 -0.0385491 0.01 48 48 0 0 0
13360 0.662989 -0.000718216 -0.0383273 0.01 75 75 0 0 0
13364 0.541306 -0.00108695 -0.068144 0.01 50 50 0 0 0
13365 0.661761 -0.000721936 -0.0383273 0.01 76 76 0 0 0
13367 0.533646 -0.00111016 -0.0860055 0.01 60 59 0 0 0
13370 0.532075 -0.00111492 -0.0668131 0.01 60 60 0 0 0
13373 0.662989 -0.000718216 -0.0383273 0.01 75 73 0 0 0
13381 0.563736 -0.00101898 -0.068144 0.01 49 49 0 0 0
13382 0.594808 -0.000924824 -0.0964685 0.01 49 49 0 0 0
13383 0.598945 -0.000912289 -0.0646349 0.01 60 60 0 0 0
13384 0.596341 -0.000920178 -0.0964685 0.01 50 50 0 0 0
13386 0.556367 -0.00104131 -0.0640258 0.01 60 60 0 0 0
13396 0.544495 -0.00107729 -0.0270831 0.01 60 60 -0.00604418 0.00669855 0
13414 0.549895 -0.00106092 -0.0640258 0.01 60 60 0 0 0
13419 0.594808 -0.000924824 -0.0964685 0.01 49 49 0 0 0
13420 0.59458 -0.000925516 -0.0858473 0.01 60 60 0 0 0
13426 0.662989 -0.000718216 -0.0258599 0.01 74 74 0 0 0
13431 0.662989 -0.000718216 -0.0383273 0.01 75 75 0 0 0
13432 0.549895 -0.00106092 -0.0640258 0.01 60 60 0 0 0
13437 0.59458 -0.000925516 -0.0790168 0.01 60 60 0 0 0
13449 0.504673 -0.00119796 -0.0516758 0.01 49 49 0 0 0
13458 0.594991 -0.00092427 -0.0964685 0.01 49 50 0 0 0
13467 0.662989 -0.000718216 -0.0383273 0.01 75 75 0 0 0
13482 0.557169 -0.00103888 -0.0742 0.01 60 60 0 0 0
13484 0.662989 -0.000718216 -0.0383273 0.01 74 74 0 0 0
13485 0.662989 -0.000718216 -0.0411904 0.01 76 76 0 0 0
13516 0.563736 -0.00101898 -0.068144 0.01 49 49 0 0 0
13518 0.535373 -0.00110493 -0.0532293 0.01 49 49 0 0 0
13529 0.662989 -0.000718216 -0.0383273 0.01 75 74 0 0 0
13531 0.662989 -0.000718216 -0.0383273 0.01 75 75 0 0 0
13534 0.662989 -0.000718216 -0.0383273 0.01 75 75 0 0 0
13537 0.561264 -0.00102647 -0.0638867 0.01 60 60 0 0 0
13547 0.56956 -0.00100133 -0.0696191 0.01 50 50 -6.8754e-05 0 -0.0014751
13550 0.63838 -0.000792787 -0.0383273 0.01 76 76 0.0152954 -0.0233808 0
13552 0.56956 -0.00100133 -0.068144 0.01 50 50 0 0 0
13560 0.563736 -0.00101898 -0.068144 0.01 49 49 0 0 0
13564 0.594808 -0.000924824 -0.0964685 0.01 49 49 0 0 0
13572 0.662989 -0.000718216 -0.0409143 0.01 75 75 -0.00506872 0 -0.00258705
13573 0.662989 -0.000718216 -0.0387743 0.01 74 73 0 0 0
13578 0.556869 -0.00103979 -0.0340457 0.01 50 50 -3.60608e-06 0 -7.50236e-05
13579 0.593111 -0.000929968 -0.0809287 0.01 60 60 0 0 0
13586 0.693803 -0.000624841 -0.0454474 0.01 74 74 0 0 0
13589 0.556367 -0.00104131 -0.0640258 0.01 60 60 0 0 0
13593 0.563736 -0.00101898 -0.068144 0.01 49 49 0 0 0
13596 0.661761 -0.000721936 -0.0471089 0.01 76 76 0 0 0
13603 0.549895 -0.00106092 -0.0378745 0.01 60 60 0 0 0
13607 0.569534 -0.00100141 -0.0385491 0.01 49 49 0 0 0
13611 0.594866 -0.000924648 -0.0704683 0.01 60 61 0 0 0
13615 0.662989 -0.000718216 -0.0189961 0.01 75 75 0 0 0
13616 0.550751 -0.00105833 -0.068144 0.01 50 50 0 0 0
13625 0.662989 -0.000718216 -0.0383273 0.01 75 75 0 0 0
13641 0.56248 -0.00102279 -0.068144 0.01 50 50 0 0 0
13647 0.569534 -0.00100141 -0.0339707 0.01 50 50 0 0 0
13650 0.662989 -0.000718216 -0.0333514 0.01 74 74 0 0 0
13651 0.662989 -0.000718216 -0.0454474 0.01 74 74 0 0 0
13657 0.662989 -0.000718216 -0.0383273 0.01 74 74 0 0 0
13659 0.662989 -0.000718216 -0.0383273 0.01 75 75 0 0 0
13661 0.582549 -0.000961972 -0.018385 0.01 60 60 0 0 0
13667 0.550751 -0.00105833 -0.068144 0.01 49 49 0 0 0
13670 0.556367 -0.00104131 -0.0640258 0.01 60 60 0 0 0
13687 0.661761 -0.000721936 -0.0383273 0.01 76 76 0 0 0
13690 0.568122 -0.00100569 -0.080035 0.01 60 60 0 0 0
13697 0.569534 -0.00100141 -0.0339707 0.01 48 48 0 0 0
13702 0.569534 -0.00100141 -0.0339707 0.01 49 49 0 0 0
13704 0.63838 -0.000792787 -0.0383273 0.01 76 76 0 0 0
13707 0.550751 -0.00105833 -0.068144 0.01 49 49 0 0 0
13711 0.662989 -0.000718216 -0.0383273 0.01 74 74 0 0 0
13717 0.596341 -0.000920178 -0.0964685 0.01 50 50 0 0 0
13718 0.56956 -0.00100133 -0.068144 0.01 50 50 0 0 0
13721 0.585838 -0.000952005 -0.0766046 0.01 60 60 0 0 0
13725 0.504673 -0.00119796 -0.0516758 0.01 49 49 0 0 0
13733 0.56248 -0.00102279 -0.068144 0.01 50 50 0 0 0
13736 0.623394 -0.0008382 -0.0379664 0.01 60 60 0 0 0
13764 0.563736 -0.00101898 -0.068144 0.01 49 49 0 0 0
13769 0.58868 -0.000943393 -0.0633644 0.01 60 60 0 0 0
13774 0.664185 -0.000714591 -0.0383273 0.01 74 74 0 0 0
13778 0.504673 -0.00119796 -0.0504546 0.01 49 49 0 0 0
13784 0.593111 -0.000929968 -0.0809287 0.01 60 60 0 0 0
13785 0.661761 -0.000721936 -0.0471089 0.01 76 76 0 0 0
13790 0.56248 -0.00102279 -0.068144 0.01 48 48 0 0 0
13800 0.662989 -0.000718216 -0.0383273 0.01 75 75 0 0 0
13801 0.662989 -0.000718216 -0.0333514 0.01 74 74 0 0 0
13821 0.691036 -0.000633224 -0.0316616 0.01 74 73 0 0 0
13825 0.569534 -0.00100141 -0.0339707 0.01 50 50 0 0 0
13826 0.662989 -0.000718216 -0.0383273 0.01 74 74 0 0 0
13828 0.56248 -0.00102279 -0.068144 0.01 48 48 0 0 0
13839 0.537865 -0.00109738 -0.0640258 0.01 60 60 0 0 0
13843 0.662989 -0.000718216 -0.0454474 0.01 74 74 0 0 0
13845 0.662989 -0.000718216 -0.0383273 0.01 75 75 0 0 0
13855 0.662989 -0.000718216 -0.0303553 0.01 75 75 0.0161948 0 0.007972
13857 0.517987 -0.00115761 -0.0742365 0.01 60 60 0 0 0
13873 0.541306 -0.00108695 -0.068144 0.01 50 50 0 0 0
13882 0.569534 -0.00100141 -0.0339707 0.01 50 50 0 0 0
13889 0.563736 -0.00101898 -0.068144 0.01 49 49 0 0 0
13893 0.662989 -0.000718216 -0.0454474 0.01 74 74 0 0 0
13895 0.56956 -0.00100133 -0.068144 0.01 49 50 0 0 0
13901 0.56248 -0.00102279 -0.068144 0.01 48 48 0 0 0
13903 0.550751 -0.00105833 -0.0733399 0.01 50 50 -0.000260308 0 -0.00519589
13913 0.580965 -0.000966774 -0.0339707 0.01 50 50 0 0 0
13917 0.59458 -0.000925516 -0.0790168 0.01 60 60 0 0 0
13918 0.569534 -0.00100141 -0.0339707 0.01 50 50 0 0 0
13923 0.550751 -0.00105833 -0.0532293 0.01 50 50 0 0 0
13926 0.550751 -0.00105833 -0.068144 0.01 50 50 0 0 0
13928 0.662989 -0.000718216 -0.0419015 0.01 75 75 0 0 0
13929 0.598945 -0.000912289 -0.0646349 0.01 60 60 0 0 0
13943 0.569534 -0.00100141 -0.041336 0.01 50 51 0 0 0
13955 0.56956 -0.00100133 -0.068144 0.01 50 50 0 0 0
13960 0.662989 -0.000718216 -0.0396603 0.01 75 75 0 0 0
13970 0.526603 -0.00113151 -0.0742365 0.01 60 60 0 0 0
13982 0.556367 -0.00104131 -0.0640258 0.01 60 60 0 0 0
13985 0.662989 -0.000718216 -0.0383273 0.01 74 73 0 0 0
13987 0.569534 -0.00100141 -0.0339707 0.01 48 48 0 0 0
13988 0.662989 -0.000718216 -0.0718152 0.01 75 75 0 0 0
13998 0.549895 -0.00106092 -0.0378745 0.01 60 60 0 0 0
14009 0.580965 -0.000966774 -0.0339707 0.01 50 50 0 0 0
14024 0.569534 -0.00100141 -0.0339707 0.01 50 50 0 0 0
14029 0.557169 -0.00103888 -0.0742 0.01 60 60 0 0 0
14035 0.662989 -0.000718216 -0.0383273 0.01 75 75 0 0 0
14038 0.563736 -0.00101898 -0.068144 0.01 49 49 0 0 0
14040 0.662989 -0.000718216 -0.0419015 0.01 75 75 0 0 0
14047 0.527874 -0.00112765 -0.0640258 0.01 60 60 0 0 0
14056 0.56956 -0.00100133 -0.068144 0.01 50 50 0 0 0
14060 0.557671 -0.00103736 -0.068144 0.01 50 50 0 0 0
14063 0.569534 -0.00100141 -0.0339707 0.01 50 50 0 0 0
14067 0.569534 -0.00100141 -0.0339707 0.01 49 49 0 0 0
14068 0.569534 -0.00100141 -0.0339707 0.01 50 50 0 0 0
14079 0.549895 -0.00106092 -0.0818276 0.01 60 60 0 0 0
14080 0.662989 -0.000718216 -0.0333514 0.01 75 74 0 0 0
14093 0.662989 -0.000718216 -0.0411904 0.01 76 76 0 0 0
14095 0.527874 -0.00112765 -0.0640258 0.01 60 60 0 0 0
14096 0.594808 -0.000924824 -0.0964685 0.01 49 49 0 0 0
14100 0.56248 -0.00102279 -0.068144 0.01 50 49 0 0 0
14111 0.594808 -0.000924824 -0.0964685 0.01 49 49 0 0 0
14117 0.569534 -0.00100141 -0.0339707 0.01 49 49 0 0 0
14128 0.504673 -0.00119796 -0.0516758 0.01 49 49 0 0 0
14138 0.662989 -0.000718216 -0.0383273 0.01 75 75 0 0 0
14140 0.556367 -0.00104131 -0.0640258 0.01 60 60 0 0 0
14143 0.662989 -0.000718216 -0.0383273 0.01 75 75 0 0 0
14144 0.612635 -0.000870804 -0.0964685 0.01 49 49 -0.0101232 0.0178266 0
14148 0.569534 -0.00100141 -0.0339707 0.01 49 49 0 0 0
14153 0.662989 -0.000718216 -0.0348228 0.01 74 74 0.0185476 0 0.0106246
14154 0.662989 -0.000718216 -0.0383273 0.01 75 75 0 0 0
14157 0.557169 -0.00103888 -0.0742 0.01 60 60 0 0 0
14160 0.556367 -0.00104131 -0.0643926 0.01 60 60 0 0 0
14174 0.556367 -0.00104131 -0.0640258 0.01 60 60 0 0 0
14179 0.550751 -0.00105833 -0.068144 0.01 49 49 0 0 0
14184 0.501772 -0.00120675 -0.0303534 0.01 60 59 0 0 0
14186 0.53928 -0.00109309 -0.0725144 0.01 49 49 -0.000340909 0 -0.00437035
14187 0.662989 -0.000718216 -0.0333514 0.01 74 74 0 0 0
14193 0.662989 -0.000718216 -0.0383273 0.01 75 75 0 0 0
14200 0.662989 -0.000718216 -0.0383273 0.01 75 75 0 0 0
14208 0.569534 -0.00100141 -0.0382132 0.01 49 49 0 0 0
14212 0.563736 -0.00101898 -0.068144 0.01 49 49 0 0 0
14214 0.56248 -0.00102279 -0.068144 0.01 48 48 0 0 0
14219 0.551184 -0.00105702 -0.068144 0.01 50 50 0 0 0
14223 0.569534 -0.00100141 -0.0339707 0.01 50 50 0 0 0
14234 0.662989 -0.000718216 -0.0383273 0.01 76 76 0 0 0
14236 0.563736 -0.00101898 -0.068144 0.01 49 49 0 0 0
14241 0.598787 -0.000912766 -0.080514 0.01 60 60 0 0 0
14249 0.662989 -0.000718216 -0.0358644 0.01 74 74 0.00438014 0 0.00246292
14251 0.593111 -0.000929968 -0.0809287 0.01 60 60 0 0 0
14252 0.550751 -0.00105833 -0.068144 0.01 50 50 0 0 0
14256 0.609525 -0.000880228 -0.0964685 0.01 50 50 0 0 0
14264 0.569534 -0.00100141 -0.0339707 0.01 49 49 0 0 0
14268 0.601508 -0.00090452 -0.0712986 0.01 50 50 0 0 0
14269 0.549895 -0.00106092 -0.0640258 0.01 60 60 0 0 0
14283 0.563736 -0.00101898 -0.068144 0.01 49 49 0 0 0
14285 0.566417 -0.00101086 -0.0668131 0.01 60 60 0 0 0
14287 0.552365 -0.00105344 -0.0668131 0.01 60 60 0 0 0
14295 0.662989 -0.000718216 -0.0383273 0.01 75 75 0 0 0
14298 0.532861 -0.00111254 -0.0640258 0.01 60 60 0 0 0
14299 0.625952 -0.000830447 -0.0383273 0.01 75 75 0.00973085 -0.0141593 0
14312 0.556367 -0.00104131 -0.0640258 0.01 60 60 0 0 0
14317 0.662989 -0.000718216 -0.0383273 0.01 76 76 0 0 0
14320 0.548979 -0.0010637 -0.0556711 0.01 60 60 0 0 0
14325 0.662989 -0.000718216 -0.0496093 0.01 74 74 0 0 0
14331 0.569534 -0.00100141 -0.0339707 0.01 50 50 0 0 0
14334 0.563736 -0.00101898 -0.068144 0.01 49 49 0 0 0
14338 0.550751 -0.00105833 -0.068144 0.01 49 49 0 0 0
14351 0.662989 -0.000718216 -0.0383273 0.01 75 75 0 0 0
14353 0.550751 -0.00105833 -0.0624569 0.01 50 50 0 0 0
14356 0.662989 -0.000718216 -0.0383273 0.01 76 76 0 0 0
14357 0.661761 -0.000721936 -0.0471089 0.01 76 76 0 0 0
14362 0.662989 -0.000718216 -0.0383273 0.01 76 76 0 0 0
14363 0.662989 -0.000718216 -0.0316217 0.01 74 74 0.0120845 0 0.00670557
14368 0.662989 -0.000718216 -0.0445188 0.01 74 74 0.00157294 0 0.000928584
14370 0.60155 -0.000904394 -0.0733279 0.01 60 60 0 0 0
14371 0.556367 -0.00104131 -0.0640258 0.01 60 60 0 0 0
14373 0.569534 -0.00100141 -0.0385491 0.01 48 48 0 0 0
14374 0.647284 -0.000765805 -0.0286539 0.01 60 60 0 0 0
14383 0.52945 -0.00112288 -0.068144 0.01 50 50 0 0 0
14388 0.569534 -0.00100141 -0.0385491 0.01 48 48 0 0 0
14391 0.569534 -0.00100141 -0.0339707 0.01 50 50 0 0 0
14398 0.662989 -0.000718216 -0.0383273 0.01 76 76 0 0 0
14400 0.556367 -0.00104131 -0.0640258 0.01 60 60 0 0 0
14407 0.661761 -0.000721936 -0.0383273 0.01 76 76 0 0 0
14412 0.569534 -0.00100141 -0.0339707 0.01 49 49 0 0 0
14416 0.550751 -0.00105833 -0.072372 0.01 50 50 -0.000212133 0 -0.00422797
14421 0.584001 -0.000957574 -0.0646349 0.01 60 60 0 0 0
14424 0.601508 -0.00090452 -0.0712986 0.01 50 50 0 0 0
14426 0.662989 -0.000718216 -0.0333514 0.01 74 74 0 0 0
14430 0.662989 -0.000718216 -0.0333514 0.01 74 74 0 0 0
14432 0.548442 -0.00106533 -0.0339707 0.01 50 50 0 0 0
14433 0.662989 -0.000718216 -0.0471589 0.01 75 75 0 0 0
14434 0.590206 -0.000938771 -0.0964685 0.01 49 49 0 0 0
14444 0.569534 -0.00100141 -0.0339707 0.01 50 50 0 0 0
14446 0.569534 -0.00100141 -0.0382132 0.01 49 49 0 0 0
14448 0.569534 -0.00100141 -0.0529072 0.01 50 50 0 0 0
14451 0.659003 -0.000730293 -0.0383273 0.01 76 76 0.00176373 -0.00275767 0
14454 0.537797 -0.00109759 -0.0270831 0.01 60 60 0 0 0
14466 0.662989 -0.000718216 -0.0454474 0.01 74 74 0 0 0
14470 0.549895 -0.00106092 -0.0640258 0.01 60 60 0 0 0
14472 0.556367 -0.00104131 -0.0640258 0.01 60 60 0 0 0
14477 0.550751 -0.00105833 -0.068144 0.01 49 49 0 0 0
14487 0.569534 -0.00100141 -0.0339707 0.01 50 50 0 0 0
14488 0.662989 -0.000718216 -0.0411904 0.01 76 76 0 0 0
14498 0.662989 -0.000718216 -0.0383273 0.01 76 76 0 0 0
14509 0.504673 -0.00119796 -0.0516758 0.01 48 48 0 0 0
14511 0.69345 -0.000625909 -0.0383273 0.01 76 76 0 0 0
14516 0.569534 -0.00100141 -0.0339707 0.01 49 49 0 0 0
14521 0.662989 -0.000718216 -0.0383273 0.01 74 75 0 0 0
14523 0.662989 -0.000718216 -0.0383273 0.01 76 76 0 0 0
14526 0.56248 -0.00102279 -0.068144 0.01 48 48 0 0 0
14532 0.662989 -0.000718216 -0.0383273 0.01 75 75 0 0 0
14546 0.662989 -0.000718216 -0.0544704 0.01 74 74 0 0 0
14547 0.550751 -0.00105833 -0.068144 0.01 49 49 0 0 0
14548 0.662989 -0.000718216 -0.0383273 0.01 76 76 0 0 0
14549 0.662989 -0.000718216 -0.0383273 0.01 76 76 0 0 0
14550 0.662989 -0.000718216 -0.0383273 0.01 74 74 0 0 0
14552 0.56248 -0.00102279 -0.068144 0.01 50 50 0 0 0
14581 0.662989 -0.000718216 -0.0383273 0.01 75 75 0 0 0
14595 0.662989 -0.000718216 -0.0383273 0.01 74 74 0 0 0
14596 0.650637 -0.000755646 -0.0383273 0.01 76 76 0.00796342 -0.0123519 0
14599 0.56956 -0.00100133 -0.068144 0.01 49 49 0 0 0
14603 0.662989 -0.000718216 -0.0383273 0.01 75 75 0 0 0
14605 0.504673 -0.00119796 -0.0516758 0.01 48 48 0 0 0
14608 0.662989 -0.000718216 -0.0383273 0.01 74 74 0 0 0
14616 0.569534 -0.00100141 -0.0339707 0.01 49 49 0 0 0
14621 0.569534 -0.00100141 -0.0339707 0.01 50 50 0 0 0
14622 0.662989 -0.000718216 -0.0333514 0.01 74 74 0 0 0
14631 0.569534 -0.00100141 -0.0339707 0.01 49 49 0 0 0
14641 0.556367 -0.00104131 -0.0437753 0.01 60 60 0 0 0
14643 0.674002 -0.000684842 -0.0383273 0.01 75 75 0 0 0
14655 0.566417 -0.00101086 -0.0668131 0.01 60 60 0 0 0
14656 0.662989 -0.000718216 -0.0383273 0.01 75 75 0 0 0
14660 0.537865 -0.00109738 -0.0640258 0.01 60 60 0 0 0
14663 0.605243 -0.000893204 -0.0701153 0.01 60 60 0 0 0
14665 0.550751 -0.00105833 -0.068144 0.01 50 50 0 0 0
14673 0.693803 -0.000624841 -0.0454474 0.01 74 74 0 0 0
14674 0.662989 -0.000718216 -0.0383273 0.01 76 76 0 0 0
14675 0.594808 -0.000924824 -0.0964685 0.01 49 49 0 0 0
14676 0.662989 -0.000718216 -0.0383273 0.01 75 75 0 0 0
14677 0.56248 -0.00102279 -0.068144 0.01 48 48 0 0 0
14678 0.662989 -0.000718216 -0.0383273 0.01 75 75 0 0 0
14689 0.662989 -0.000718216 -0.0411904 0.01 76 76 0 0 0
14691 0.532861 -0.00111254 -0.0614459 0.01 60 60 0 0 0
14694 0.662989 -0.000718216 -0.0383273 0.01 76 76 0 0 0
14696 0.662989 -0.000718216 -0.0383273 0.01 75 75 0 0 0
14702 0.662989 -0.000718216 -0.0383273 0.01 75 75 0 0 0
14706 0.56956 -0.00100133 -0.068144 0.01 50 50 0 0 0
14710 0.594808 -0.000924824 -0.0964685 0.01 50 50 0 0 0
14711 0.569534 -0.00100141 -0.0339707 0.01 49 49 0 0 0
14712 0.56248 -0.00102279 -0.068144 0.01 49 49 0 0 0
14720 0.532861 -0.00111254 -0.0640258 0.01 60 60 0 0 0
14723 0.550751 -0.00105833 -0.068144 0.01 50 50 0 0 0
14728 0.504673 -0.00119796 -0.0516758 0.01 49 49 0 0 0
14732 0.517987 -0.00115761 -0.0742365 0.01 60 60 0 0 0
14736 0.548442 -0.00106533 -0.0339707 0.01 50 50 0 0 0
