max_pf 89 min_pf 42
individual DHm DSm DCp disp_rate patch_no b_patch_no mut_eff DDHm DDCp
6 0.540837 -0.00108837 -0.0674836 0.01 88 88 0 0 0
21 0.521558 -0.00114679 -0.0465328 0.01 42 42 0 0 0
47 0.521558 -0.00114679 -0.0669804 0.01 44 44 0 0 0
50 0.540837 -0.00108837 -0.0674836 0.01 88 88 0 0 0
52 0.521558 -0.00114679 -0.0669804 0.01 44 44 0 0 0
67 0.521558 -0.00114679 -0.0565576 0.01 44 43 0 0 0
69 0.484109 -0.00126028 -0.0669804 0.01 43 43 0 0 0
71 0.521558 -0.00114679 -0.0585298 0.01 43 43 0 0 0
93 0.521558 -0.00114679 -0.0669804 0.01 44 44 0 0 0
104 0.521558 -0.00114679 -0.0465328 0.01 43 43 0 0 0
128 0.470366 -0.00130192 -0.0679369 0.01 60 59 0 0 0
144 0.521558 -0.00114679 -0.0669804 0.01 44 44 0 0 0
157 0.540837 -0.00108837 -0.0674836 0.01 87 87 0 0 0
160 0.521558 -0.00114679 -0.0669804 0.01 44 44 0 0 0
182 0.540837 -0.00108837 -0.0674836 0.01 87 87 0 0 0
199 0.540837 -0.00108837 -0.0674836 0.01 88 88 0 0 0
205 0.540837 -0.00108837 -0.086 0.01 88 88 0 0 0
210 0.521558 -0.00114679 -0.0565576 0.01 43 43 0 0 0
213 0.514624 -0.00116781 -0.0811682 0.01 60 60 0 0 0
216 0.494942 -0.00122745 -0.0729369 0.01 60 60 0 0 0
220 0.47575 -0.00128561 -0.0813473 0.01 60 60 0 0 0
223 0.521558 -0.00114679 -0.0669804 0.01 44 44 0 0 0
232 0.521558 -0.00114679 -0.0669804 0.01 44 44 0 0 0
235 0.508083 -0.00118763 -0.0465328 0.01 42 42 0 0 0
242 0.518392 -0.00115639 -0.0812099 0.01 60 60 0 0 0
243 0.483556 -0.00126195 -0.0907942 0.01 60 60 0 0 0
270 0.540837 -0.00108837 -0.0674836 0.01 88 88 0 0 0
278 0.558563 -0.00103466 -0.0674836 0.01 87 87 -0.00644127 0.0177262 0
283 0.521558 -0.00114679 -0.0669804 0.01 44 44 0 0 0
287 0.494942 -0.00122745 -0.0729369 0.01 60 60 0 0 0
294 0.538217 -0.00109631 -0.0565576 0.01 43 43 0 0 0
298 0.527899 -0.00112758 -0.0446746 0.01 44 44 0 0 0
307 0.521558 -0.00114679 -0.0550719 0.01 42 42 0 0 0
333 0.484109 -0.00126028 -0.0669804 0.01 43 43 0 0 0
340 0.521558 -0.00114679 -0.0565576 0.01 43 43 0 0 0
344 0.535153 -0.0011056 -0.0788278 0.01 60 60 0 0 0
350 0.521558 -0.00114679 -0.074242 0.01 43 45 0 0 0
358 0.540837 -0.00108837 -0.0674836 0.01 87 86 0 0 0
362 0.497633 -0.00121929 -0.107378 0.01 60 60 0 0 0
363 0.540837 -0.00108837 -0.0732432 0.01 87 87 0 0 0
380 0.508083 -0.00118763 -0.0465328 0.01 42 42 0 0 0
390 0.540837 -0.00108837 -0.0674836 0.01 87 87 0 0 0
406 0.521558 -0.00114679 -0.0565576 0.01 43 43 0 0 0
408 0.521558 -0.00114679 -0.0669804 0.01 44 44 0 0 0
410 0.521558 -0.00114679 -0.0669804 0.01 44 44 0 0 0
412 0.521558 -0.00114679 -0.0568122 0.01 43 43 0 0 0
426 0.540837 -0.00108837 -0.0674836 0.01 89 89 0 0 0
428 0.521558 -0.00114679 -0.0565576 0.01 42 42 0 0 0
433 0.540837 -0.00108837 -0.0674836 0.01 87 87 0 0 0
480 0.521558 -0.00114679 -0.074242 0.01 44 45 0 0 0
487 0.521558 -0.00114679 -0.0565576 0.01 42 42 0 0 0
493 0.521558 -0.00114679 -0.0550719 0.01 43 43 0 0 0
504 0.521558 -0.00114679 -0.0675476 0.01 44 44 0 0 0
509 0.540837 -0.00108837 -0.0674836 0.01 87 87 0 0 0
512 0.508083 -0.00118763 -0.0465328 0.01 42 42 0 0 0
544 0.522087 -0.00114519 -0.074242 0.01 44 46 0 0 0
548 0.521558 -0.00114679 -0.0565576 0.01 43 43 0 0 0
553 0.540837 -0.00108837 -0.0674836 0.01 87 87 0 0 0
558 0.521558 -0.00114679 -0.0565576 0.01 42 42 0 0 0
594 0.521558 -0.00114679 -0.0669804 0.01 43 44 0 0 0
604 0.521558 -0.00114679 -0.0565576 0.01 42 42 0 0 0
607 0.523417 -0.00114116 -0.065538 0.01 43 44 0 0 0
612 0.540837 -0.00108837 -0.0674836 0.01 87 87 0 0 0
620 0.521558 -0.00114679 -0.0565576 0.01 44 44 0 0 0
626 0.521558 -0.00114679 -0.0550719 0.01 43 43 0 0 0
648 0.514543 -0.00116805 -0.0764162 0.01 60 60 0 0 0
664 0.513247 -0.00117198 -0.0669804 0.01 44 44 0 0 0
672 0.484109 -0.00126028 -0.0669804 0.01 43 43 0 0 0
684 0.540837 -0.00108837 -0.0842539 0.01 89 89 0 0 0
690 0.540837 -0.00108837 -0.086 0.01 87 87 0 0 0
701 0.540837 -0.00108837 -0.0674836 0.01 89 88 0 0 0
702 0.521558 -0.00114679 -0.0565576 0.01 43 43 0 0 0
708 0.521558 -0.00114679 -0.0669804 0.01 44 44 0 0 0
716 0.521558 -0.00114679 -0.0669804 0.01 44 44 0 0 0
718 0.508083 -0.00118763 -0.0465328 0.01 42 42 0 0 0
745 0.540837 -0.00108837 -0.0674836 0.01 88 88 0 0 0
764 0.484109 -0.00126028 -0.0669804 0.01 43 43 0 0 0
766 0.540837 -0.00108837 -0.0692978 0.01 89 88 0 0 0
767 0.521558 -0.00114679 -0.0465328 0.01 43 43 0 0 0
769 0.523458 -0.00114104 -0.0565576 0.01 43 43 -0.00121577 0.00190067 0
772 0.521558 -0.00114679 -0.0669804 0.01 44 44 0 0 0
777 0.494942 -0.00122745 -0.0729369 0.01 60 60 0 0 0
782 0.53004 -0.00112109 -0.0550719 0.01 43 43 0 0 0
788 0.53045 -0.00111985 -0.0788278 0.01 60 60 0 0 0
796 0.500744 -0.00120987 -0.0764162 0.01 60 60 0 0 0
802 0.493256 -0.00123256 -0.0932724 0.01 60 61 0 0 0
816 0.540837 -0.00108837 -0.0598772 0.01 87 87 0 0 0
825 0.521558 -0.00114679 -0.0669804 0.01 44 44 0 0 0
830 0.521558 -0.00114679 -0.0561602 0.01 44 44 -0.000830024 0 -0.00313011
834 0.521558 -0.00114679 -0.0565576 0.01 43 43 0 0 0
836 0.521558 -0.00114679 -0.0577781 0.01 42 43 0 0 0
843 0.521558 -0.00114679 -0.0496369 0.01 44 43 0 0 0
848 0.521558 -0.00114679 -0.0465328 0.01 42 42 0 0 0
851 0.521558 -0.00114679 -0.0565576 0.01 43 43 0 0 0
857 0.527791 -0.00112791 -0.0729369 0.01 60 60 0 0 0
859 0.485417 -0.00125631 -0.0960052 0.01 60 60 0 0 0
875 0.521558 -0.00114679 -0.0669804 0.01 43 44 0 0 0
879 0.524422 -0.00113812 -0.0945598 0.01 60 60 0 0 0
883 0.53004 -0.00112109 -0.0550719 0.01 43 43 0 0 0
886 0.540837 -0.00108837 -0.086 0.01 87 88 0 0 0
890 0.563488 -0.00101973 -0.0445603 0.01 87 87 0 0 0
898 0.521558 -0.00114679 -0.0565576 0.01 44 44 0 0 0
899 0.511289 -0.00117791 -0.0913038 0.01 60 60 0 0 0
913 0.521558 -0.00114679 -0.0497004 0.01 42 42 0 0 0
917 0.540837 -0.00108837 -0.0674836 0.01 87 87 0 0 0
919 0.521558 -0.00114679 -0.0410172 0.01 43 43 0.00537567 0 0.0175126
928 0.521558 -0.00114679 -0.0565576 0.01 43 43 0 0 0
933 0.521558 -0.00114679 -0.0565576 0.01 43 43 0 0 0
935 0.540837 -0.00108837 -0.0674836 0.01 88 88 0 0 0
947 0.521558 -0.00114679 -0.0577781 0.01 43 43 0 0 0
959 0.521558 -0.00114679 -0.0496369 0.01 43 43 0 0 0
960 0.521558 -0.00114679 -0.0669804 0.01 44 44 0 0 0
965 0.510454 -0.00118044 -0.063646 0.01 60 60 0 0 0
967 0.521558 -0.00114679 -0.0669804 0.01 44 44 0 0 0
980 0.521558 -0.00114679 -0.0669804 0.01 44 44 0 0 0
981 0.540837 -0.00108837 -0.086 0.01 88 88 0 0 0
999 0.562856 -0.00102165 -0.0123461 0.01 60 60 0 0 0
1018 0.491135 -0.00123898 -0.066 0.01 60 60 0 0 0
1022 0.521006 -0.00114847 -0.0815334 0.01 60 60 0 0 0
1026 0.538217 -0.00109631 -0.0565576 0.01 43 43 0 0 0
1043 0.521558 -0.00114679 -0.0669804 0.01 44 44 0 0 0
1045 0.540837 -0.00108837 -0.0674836 0.01 87 87 0 0 0
1052 0.521558 -0.00114679 -0.0530301 0.01 44 44 0 0 0
1064 0.475478 -0.00128643 -0.0729369 0.01 60 61 0 0 0
1068 0.484109 -0.00126028 -0.0669804 0.01 44 44 0 0 0
1096 0.497633 -0.00121929 -0.107378 0.01 60 60 0 0 0
1105 0.497633 -0.00121929 -0.107378 0.01 60 60 0 0 0
1121 0.540837 -0.00108837 -0.0674836 0.01 89 89 0 0 0
1148 0.540837 -0.00108837 -0.0631226 0.01 89 89 0 0 0
1161 0.540837 -0.00108837 -0.0674836 0.01 88 88 0 0 0
1167 0.526049 -0.00113319 -0.0764162 0.01 60 60 0 0 0
1169 0.483556 -0.00126195 -0.0907942 0.01 60 60 0 0 0
1176 0.521558 -0.00114679 -0.0669804 0.01 44 44 0 0 0
1183 0.514294 -0.00116881 -0.0827017 0.01 60 60 0 0 0
1187 0.510126 -0.00118144 -0.11589 0.01 60 60 0 0 0
1196 0.521558 -0.00114679 -0.0550719 0.01 44 44 0 0 0
1206 0.521558 -0.00114679 -0.0465328 0.01 42 42 0 0 0
1211 0.521558 -0.00114679 -0.0550719 0.01 43 43 0 0 0
1221 0.542179 -0.0010843 -0.0758387 0.01 60 60 0 0 0
1232 0.494269 -0.00122949 -0.0683807 0.01 60 60 0.00649315 -0.0064249 0
1243 0.521558 -0.00114679 -0.0669804 0.01 44 44 0 0 0
1247 0.521558 -0.00114679 -0.0669804 0.01 44 44 0 0 0
1254 0.518392 -0.00115639 -0.0812099 0.01 60 60 0 0 0
1259 0.483556 -0.00126195 -0.0907942 0.01 60 60 0 0 0
1266 0.521558 -0.00114679 -0.0669804 0.01 44 44 0 0 0
1269 0.563488 -0.00101973 -0.0445603 0.01 87 87 0 0 0
1270 0.521558 -0.00114679 -0.0669804 0.01 44 44 0 0 0
1278 0.524501 -0.00113788 -0.0816646 0.01 60 59 0 0 0
1281 0.521558 -0.00114679 -0.0465328 0.01 43 43 0 0 0
1295 0.540837 -0.00108837 -0.0674836 0.01 88 88 0 0 0
1297 0.521558 -0.00114679 -0.0669804 0.01 44 44 0 0 0
1302 0.521558 -0.00114679 -0.0401274 0.01 42 42 0 0 0
1312 0.521558 -0.00114679 -0.0565576 0.01 42 42 0 0 0
1326 0.521558 -0.00114679 -0.0496369 0.01 44 44 0 0 0
1330 0.540837 -0.00108837 -0.0631226 0.01 89 89 0 0 0
1336 0.514526 -0.0011681 -0.074242 0.01 42 45 0 0 0
1349 0.521558 -0.00114679 -0.0568122 0.01 44 44 0 0 0
1351 0.521558 -0.00114679 -0.0550719 0.01 44 44 0 0 0
1352 0.491672 -0.00123736 -0.0669804 0.01 44 45 0 0 0
1389 0.521558 -0.00114679 -0.0669804 0.01 44 44 0 0 0
1399 0.539949 -0.00109106 -0.086 0.01 89 89 0 0 0
1401 0.521558 -0.00114679 -0.0565576 0.01 43 43 0 0 0
1405 0.521558 -0.00114679 -0.0565576 0.01 42 42 0 0 0
1421 0.540837 -0.00108837 -0.0674836 0.01 87 87 0 0 0
1427 0.467272 -0.0013113 -0.0669804 0.01 43 43 0 0 0
1432 0.542179 -0.0010843 -0.0758387 0.01 60 60 0 0 0
1449 0.510454 -0.00118044 -0.0689434 0.01 60 60 0 0 0
1456 0.521558 -0.00114679 -0.0669804 0.01 44 44 0 0 0
1469 0.521558 -0.00114679 -0.0465328 0.01 43 43 0 0 0
1485 0.521558 -0.00114679 -0.0669804 0.01 44 44 0 0 0
1486 0.521558 -0.00114679 -0.0669804 0.01 44 45 0 0 0
1491 0.521558 -0.00114679 -0.0496369 0.01 44 44 0 0 0
1503 0.521558 -0.00114679 -0.0577781 0.01 43 43 0 0 0
1511 0.522717 -0.00114328 -0.106766 0.01 60 60 -0.00330821 0 -0.0197101
1522 0.485417 -0.00125631 -0.0960052 0.01 60 60 0 0 0
1534 0.521558 -0.00114679 -0.0565576 0.01 43 43 0 0 0
1544 0.521558 -0.00114679 -0.0565576 0.01 42 42 0 0 0
1558 0.538217 -0.00109631 -0.0396192 0.01 42 42 0 0 0
1562 0.521947 -0.00114562 -0.0820192 0.01 60 60 0 0 0
1572 0.526049 -0.00113319 -0.0844632 0.01 60 60 0 0 0
1576 0.484109 -0.00126028 -0.0669804 0.01 43 43 0 0 0
1596 0.521558 -0.00114679 -0.0669804 0.01 44 44 0 0 0
1615 0.521558 -0.00114679 -0.0550719 0.01 44 44 0 0 0
1621 0.521558 -0.00114679 -0.0568122 0.01 43 43 0 0 0
1622 0.47575 -0.00128561 -0.0813473 0.01 60 60 0 0 0
1643 0.521558 -0.00114679 -0.0496124 0.01 44 44 0 0 0
1651 0.561969 -0.00102434 -0.0788278 0.01 60 60 0 0 0
1658 0.540837 -0.00108837 -0.086 0.01 88 88 0 0 0
1671 0.540837 -0.00108837 -0.0674836 0.01 87 87 0 0 0
1679 0.539949 -0.00109106 -0.086 0.01 88 88 0 0 0
1688 0.521558 -0.00114679 -0.0534178 0.01 43 43 0 0 0
1693 0.514301 -0.00116879 -0.0764162 0.01 60 61 0 0 0
1694 0.521558 -0.00114679 -0.0669804 0.01 44 44 0 0 0
1718 0.563488 -0.00101973 -0.0445603 0.01 87 87 0 0 0
1736 0.494942 -0.00122745 -0.0729369 0.01 60 60 0 0 0
1752 0.521558 -0.00114679 -0.0643254 0.01 44 44 0 0 0
1754 0.521558 -0.00114679 -0.0635264 0.01 44 44 0 0 0
1768 0.521558 -0.00114679 -0.0669804 0.01 44 44 0 0 0
1784 0.521558 -0.00114679 -0.0565576 0.01 42 42 0 0 0
1798 0.524524 -0.00113781 -0.0764162 0.01 60 60 0 0 0
1807 0.521558 -0.00114679 -0.0565576 0.01 43 43 0 0 0
1816 0.521558 -0.00114679 -0.0643254 0.01 43 44 0 0 0
1829 0.523374 -0.00114129 -0.0764162 0.01 60 60 0 0 0
1832 0.484109 -0.00126028 -0.0669804 0.01 43 43 0 0 0
1849 0.521558 -0.00114679 -0.0565576 0.01 43 43 0 0 0
1851 0.521558 -0.00114679 -0.0496369 0.01 44 44 0 0 0
1867 0.484109 -0.00126028 -0.0669804 0.01 44 44 0 0 0
1873 0.467272 -0.0013113 -0.0669804 0.01 43 43 0 0 0
1877 0.53072 -0.00111903 -0.0764162 0.01 60 60 0 0 0
1916 0.524524 -0.00113781 -0.0764162 0.01 60 61 0 0 0
1933 0.521558 -0.00114679 -0.0465328 0.01 42 42 0 0 0
1937 0.494942 -0.00122745 -0.0729369 0.01 60 60 0 0 0
1964 0.540837 -0.00108837 -0.0631226 0.01 89 89 0 0 0
1965 0.540837 -0.00108837 -0.0674836 0.01 87 87 0 0 0
1974 0.521558 -0.00114679 -0.0565576 0.01 44 43 0 0 0
1995 0.521558 -0.00114679 -0.0585298 0.01 43 43 0 0 0
1996 0.521558 -0.00114679 -0.0565576 0.01 42 42 0 0 0
2008 0.526049 -0.00113319 -0.0446702 0.01 60 60 0 0 0
2026 0.540837 -0.00108837 -0.0674836 0.01 88 88 0 0 0
2029 0.494942 -0.00122745 -0.0729369 0.01 60 60 0 0 0
2030 0.521558 -0.00114679 -0.0565576 0.01 43 43 0 0 0
2039 0.533406 -0.00111089 -0.0697436 0.01 60 61 0 0 0
2047 0.521558 -0.00114679 -0.0669804 0.01 44 44 0 0 0
2055 0.500364 -0.00121102 -0.10711 0.01 60 60 0 0 0
2065 0.521558 -0.00114679 -0.0669804 0.01 44 44 0 0 0
2081 0.521558 -0.00114679 -0.0422998 0.01 44 43 0 0 0
2103 0.540837 -0.00108837 -0.086 0.01 88 88 0 0 0
2110 0.540837 -0.00108837 -0.0674836 0.01 87 87 0 0 0
2134 0.494942 -0.00122745 -0.0729369 0.01 60 60 0 0 0
2138 0.521558 -0.00114679 -0.0565576 0.01 43 42 0 0 0
2161 0.521558 -0.00114679 -0.0580957 0.01 43 43 0 0 0
2163 0.540837 -0.00108837 -0.086 0.01 88 87 0 0 0
2166 0.521558 -0.00114679 -0.0565576 0.01 44 44 0 0 0
2167 0.521558 -0.00114679 -0.0585298 0.01 43 43 0 0 0
2171 0.521558 -0.00114679 -0.0565576 0.01 43 43 0 0 0
2173 0.500677 -0.00121007 -0.0568386 0.01 60 60 -0.0058279 0.00573522 0
2190 0.523184 -0.00114187 -0.0669804 0.01 44 44 0 0 0
2195 0.539949 -0.00109106 -0.086 0.01 89 89 0 0 0
2197 0.540837 -0.00108837 -0.0674836 0.01 89 89 0 0 0
2206 0.540837 -0.00108837 -0.0674836 0.01 87 87 0 0 0
2210 0.521558 -0.00114679 -0.0700606 0.01 44 45 0 0 0
2213 0.484109 -0.00126028 -0.0669804 0.01 44 44 0 0 0
2216 0.521558 -0.00114679 -0.0669804 0.01 44 44 0 0 0
2228 0.540837 -0.00108837 -0.0552995 0.01 87 87 0.0540922 0 0.0121841
2243 0.487004 -0.0012515 -0.066 0.01 60 60 0 0 0
2254 0.521558 -0.00114679 -0.0669804 0.01 44 44 0 0 0
2257 0.521558 -0.00114679 -0.0496369 0.01 43 43 0 0 0
2271 0.495876 -0.00122462 -0.0965884 0.01 60 60 0 0 0
2293 0.521558 -0.00114679 -0.0565576 0.01 43 43 0 0 0
2299 0.521558 -0.00114679 -0.0640128 0.01 44 44 0 0 0
2302 0.521558 -0.00114679 -0.0565576 0.01 43 43 0 0 0
2304 0.539949 -0.00109106 -0.086 0.01 89 89 0 0 0
2325 0.521558 -0.00114679 -0.0565576 0.01 42 42 0 0 0
2332 0.563488 -0.00101973 -0.0445603 0.01 87 87 0 0 0
2366 0.467272 -0.0013113 -0.0669804 0.01 43 43 0 0 0
2367 0.521006 -0.00114847 -0.0850536 0.01 60 60 0 0 0
2378 0.521558 -0.00114679 -0.0465328 0.01 43 43 0 0 0
2381 0.521558 -0.00114679 -0.0669804 0.01 44 44 0 0 0
2392 0.518392 -0.00115639 -0.0812099 0.01 60 60 0 0 0
2403 0.593519 -0.00092873 -0.0832697 0.01 60 60 0 0 0
2413 0.540837 -0.00108837 -0.0674836 0.01 87 87 0 0 0
2423 0.521558 -0.00114679 -0.0565576 0.01 42 42 0 0 0
2436 0.538217 -0.00109631 -0.0396192 0.01 42 42 0 0 0
2447 0.521947 -0.00114562 -0.0820192 0.01 60 61 0 0 0
2471 0.521558 -0.00114679 -0.0577781 0.01 43 43 0 0 0
2474 0.521558 -0.00114679 -0.0465328 0.01 43 43 0 0 0
2489 0.521558 -0.00114679 -0.0669804 0.01 44 44 0 0 0
2500 0.540837 -0.00108837 -0.086 0.01 88 88 0 0 0
2523 0.521558 -0.00114679 -0.0550719 0.01 43 43 0 0 0
2526 0.484109 -0.00126028 -0.0669804 0.01 43 43 0 0 0
2527 0.527723 -0.00112811 -0.0669804 0.01 44 44 0 0 0
2530 0.540837 -0.00108837 -0.0674836 0.01 87 87 0 0 0
2559 0.539949 -0.00109106 -0.0803297 0.01 89 89 0 0 0
2572 0.521558 -0.00114679 -0.0669804 0.01 44 45 0 0 0
2574 0.508878 -0.00118522 -0.10711 0.01 60 60 0 0 0
2585 0.540837 -0.00108837 -0.0674836 0.01 89 89 0 0 0
2593 0.563488 -0.00101973 -0.0445603 0.01 87 87 0 0 0
2613 0.521558 -0.00114679 -0.0465328 0.01 43 43 0 0 0
2620 0.521558 -0.00114679 -0.0577781 0.01 44 44 0 0 0
2659 0.540837 -0.00108837 -0.086 0.01 88 88 0 0 0
2664 0.538217 -0.00109631 -0.0565576 0.01 43 43 0 0 0
2666 0.524524 -0.00113781 -0.0764162 0.01 60 60 0 0 0
2704 0.508878 -0.00118522 -0.10711 0.01 60 60 0 0 0
2706 0.521558 -0.00114679 -0.0401274 0.01 42 42 0 0 0
2721 0.521006 -0.00114847 -0.0728202 0.01 60 60 0 0 0
2725 0.521558 -0.00114679 -0.0565576 0.01 42 42 0 0 0
2734 0.521558 -0.00114679 -0.0669804 0.01 44 44 0 0 0
2736 0.540837 -0.00108837 -0.0674836 0.01 87 87 0 0 0
2749 0.539949 -0.00109106 -0.086 0.01 89 89 0 0 0
2756 0.513247 -0.00117198 -0.0669804 0.01 44 44 0 0 0
2760 0.540837 -0.00108837 -0.0674836 0.01 87 87 0 0 0
2769 0.52495 -0.00113652 -0.074242 0.01 44 45 0 0 0
2781 0.461127 -0.00132992 -0.0729369 0.01 60 61 0.0102457 -0.00923854 0
2792 0.521558 -0.00114679 -0.0465328 0.01 42 42 0 0 0
2795 0.526049 -0.00113319 -0.0446702 0.01 60 60 0 0 0
2798 0.538217 -0.00109631 -0.0565576 0.01 43 43 0 0 0
2799 0.521558 -0.00114679 -0.0568122 0.01 44 44 0 0 0
2807 0.484109 -0.00126028 -0.0669804 0.01 44 44 0 0 0
2818 0.508878 -0.00118522 -0.10711 0.01 60 60 0 0 0
2825 0.484109 -0.00126028 -0.0669804 0.01 43 43 0 0 0
2846 0.521558 -0.00114679 -0.0465328 0.01 44 43 0 0 0
2890 0.521558 -0.00114679 -0.0565576 0.01 42 42 0 0 0
2893 0.521558 -0.00114679 -0.0669804 0.01 44 44 0 0 0
2901 0.563488 -0.00101973 -0.0445603 0.01 87 87 0 0 0
2903 0.484109 -0.00126028 -0.0669804 0.01 44 43 0 0 0
2917 0.521558 -0.00114679 -0.0585298 0.01 44 44 0 0 0
2931 0.53004 -0.00112109 -0.0550719 0.01 44 43 0 0 0
2942 0.540837 -0.00108837 -0.0674836 0.01 87 87 0 0 0
2957 0.540837 -0.00108837 -0.0865828 0.01 87 87 0 0 0
2968 0.484109 -0.00126028 -0.0557697 0.01 43 43 0.00394195 0 0.0112107
2975 0.522109 -0.00114512 -0.0764162 0.01 60 60 0 0 0
2979 0.506876 -0.00119128 -0.12513 0.01 60 60 0 0 0
2981 0.484109 -0.00126028 -0.0669804 0.01 44 44 0 0 0
2989 0.515685 -0.00116459 -0.0805074 0.01 60 60 0 0 0
3013 0.521558 -0.00114679 -0.0550719 0.01 43 43 0 0 0
3036 0.522153 -0.00114499 -0.0697436 0.01 60 60 0 0 0
3037 0.521558 -0.00114679 -0.0565576 0.01 43 43 0 0 0
3041 0.523023 -0.00114236 -0.0654022 0.01 60 60 0 0 0
3049 0.521558 -0.00114679 -0.0550719 0.01 42 42 0 0 0
3061 0.521558 -0.00114679 -0.074242 0.01 44 45 0 0 0
3065 0.540837 -0.00108837 -0.0674836 0.01 87 87 0 0 0
3067 0.521558 -0.00114679 -0.0465328 0.01 44 44 0 0 0
3074 0.514294 -0.00116881 -0.11108 0.01 60 60 0 0 0
3089 0.484109 -0.00126028 -0.0669804 0.01 44 44 0 0 0
3129 0.510126 -0.00118144 -0.114712 0.01 60 60 0 0 0
3139 0.540837 -0.00108837 -0.0674836 0.01 88 88 0 0 0
3148 0.522717 -0.00114328 -0.0870561 0.01 60 60 0 0 0
3149 0.521558 -0.00114679 -0.0565576 0.01 43 43 0 0 0
3152 0.521558 -0.00114679 -0.0565576 0.01 44 44 0 0 0
3153 0.521558 -0.00114679 -0.0669804 0.01 44 44 0 0 0
3167 0.521558 -0.00114679 -0.0669804 0.01 44 44 0 0 0
3179 0.512811 -0.0011733 -0.0568122 0.01 44 44 0 0 0
3182 0.475478 -0.00128643 -0.0787467 0.01 60 63 0 0 0
3206 0.530991 -0.00111821 -0.0408467 0.01 60 60 0 0 0
3207 0.484109 -0.00126028 -0.0669804 0.01 43 43 0 0 0
3219 0.540837 -0.00108837 -0.0631226 0.01 89 89 0 0 0
3220 0.513556 -0.00117104 -0.0638471 0.01 60 60 0 0 0
3225 0.540837 -0.00108837 -0.0674836 0.01 87 87 0 0 0
3227 0.497633 -0.00121929 -0.107378 0.01 60 60 0 0 0
3231 0.521558 -0.00114679 -0.0669804 0.01 44 44 0 0 0
3270 0.508083 -0.00118763 -0.0465328 0.01 42 42 0 0 0
3285 0.487004 -0.0012515 -0.0406566 0.01 60 60 0.00487792 0 0.0253435
3293 0.521558 -0.00114679 -0.0669804 0.01 44 44 0 0 0
3317 0.561969 -0.00102434 -0.0788278 0.01 60 60 0 0 0
3339 0.521558 -0.00114679 -0.0669804 0.01 44 44 0 0 0
3363 0.521558 -0.00114679 -0.0669804 0.01 44 44 0 0 0
3368 0.538217 -0.00109631 -0.0396192 0.01 42 42 0 0 0
3388 0.563488 -0.00101973 -0.0445603 0.01 87 87 0 0 0
3403 0.521558 -0.00114679 -0.0401274 0.01 42 42 0 0 0
3422 0.521558 -0.00114679 -0.0669804 0.01 44 44 0 0 0
3427 0.524501 -0.00113788 -0.0816646 0.01 60 60 0 0 0
3430 0.521558 -0.00114679 -0.0669804 0.01 44 44 0 0 0
3431 0.540837 -0.00108837 -0.0674836 0.01 87 87 0 0 0
3453 0.541884 -0.0010852 -0.0565576 0.01 44 44 -0.01303 0.020326 0
3454 0.521558 -0.00114679 -0.0465328 0.01 43 43 0 0 0
3465 0.539949 -0.00109106 -0.086 0.01 89 89 0 0 0
3489 0.540837 -0.00108837 -0.0674836 0.01 87 87 0 0 0
3491 0.521558 -0.00114679 -0.0565576 0.01 42 43 0 0 0
3498 0.514543 -0.00116805 -0.0764162 0.01 60 60 0 0 0
3500 0.521558 -0.00114679 -0.0669804 0.01 44 44 0 0 0
3511 0.521558 -0.00114679 -0.0669804 0.01 44 44 0 0 0
3514 0.495876 -0.00122462 -0.0983643 0.01 60 59 -0.000221819 0 -0.00177584
3516 0.538217 -0.00109631 -0.0565576 0.01 43 43 0 0 0
3525 0.481865 -0.00126708 -0.0669804 0.01 44 44 0 0 0
3533 0.521558 -0.00114679 -0.0669804 0.01 43 44 0 0 0
3538 0.527797 -0.00112789 -0.0465328 0.01 43 43 0 0 0
3551 0.521558 -0.00114679 -0.0565576 0.01 43 43 0 0 0
3563 0.563488 -0.00101973 -0.0445603 0.01 87 87 0 0 0
3578 0.540837 -0.00108837 -0.0674836 0.01 88 88 0 0 0
3584 0.542179 -0.0010843 -0.0758387 0.01 60 60 0 0 0
3595 0.521558 -0.00114679 -0.0565576 0.01 43 43 0 0 0
3602 0.561969 -0.00102434 -0.0893813 0.01 60 60 -0.00157669 0 -0.0105534
3603 0.521558 -0.00114679 -0.0565576 0.01 43 43 0 0 0
3615 0.527797 -0.00112789 -0.0465328 0.01 43 43 0 0 0
3629 0.484109 -0.00126028 -0.0669804 0.01 43 43 0 0 0
3637 0.521558 -0.00114679 -0.0669804 0.01 44 44 0 0 0
3640 0.540837 -0.00108837 -0.086 0.01 87 87 0 0 0
3651 0.540837 -0.00108837 -0.0674836 0.01 87 87 0 0 0
3654 0.524524 -0.00113781 -0.0764162 0.01 60 60 0 0 0
3661 0.530991 -0.00111821 -0.0408467 0.01 60 60 0 0 0
3666 0.521558 -0.00114679 -0.0669804 0.01 44 44 0 0 0
3674 0.522109 -0.00114512 -0.0764162 0.01 60 60 0 0 0
3683 0.540837 -0.00108837 -0.0674836 0.01 88 87 0 0 0
3684 0.521558 -0.00114679 -0.0465328 0.01 42 42 0 0 0
3701 0.521558 -0.00114679 -0.0496369 0.01 44 44 0 0 0
3711 0.540837 -0.00108837 -0.0674836 0.01 89 89 0 0 0
3714 0.541884 -0.0010852 -0.0565576 0.01 44 44 0 0 0
3719 0.540837 -0.00108837 -0.0692978 0.01 88 88 0 0 0
3723 0.535153 -0.0011056 -0.0788278 0.01 60 59 0 0 0
3732 0.540837 -0.00108837 -0.0674836 0.01 87 87 0 0 0
3746 0.521558 -0.00114679 -0.0550719 0.01 42 42 0 0 0
3753 0.521558 -0.00114679 -0.0669804 0.01 44 44 0 0 0
3772 0.521558 -0.00114679 -0.0669804 0.01 44 44 0 0 0
3780 0.540837 -0.00108837 -0.0674836 0.01 88 88 0 0 0
3786 0.540837 -0.00108837 -0.086 0.01 88 88 0 0 0
3808 0.521558 -0.00114679 -0.0550719 0.01 42 42 0 0 0
3809 0.521558 -0.00114679 -0.074242 0.01 44 45 0 0 0
3812 0.485417 -0.00125631 -0.0960052 0.01 60 59 0 0 0
3815 0.563488 -0.00101973 -0.0445603 0.01 87 87 0 0 0
3816 0.53004 -0.00112109 -0.0550719 0.01 43 43 0 0 0
3817 0.484109 -0.00126028 -0.0669804 0.01 44 44 0 0 0
3846 0.540837 -0.00108837 -0.0674836 0.01 87 87 0 0 0
3854 0.521558 -0.00114679 -0.0565576 0.01 43 43 0 0 0
3872 0.540837 -0.00108837 -0.086 0.01 88 88 0 0 0
3874 0.515179 -0.00116612 -0.104686 0.01 60 60 0 0 0
3924 0.521947 -0.00114562 -0.0889294 0.01 60 60 0 0 0
3933 0.510126 -0.00118144 -0.117156 0.01 60 60 0 0 0
3941 0.521558 -0.00114679 -0.0577781 0.01 43 43 0 0 0
3943 0.467272 -0.0013113 -0.0669804 0.01 43 43 0 0 0
3973 0.540837 -0.00108837 -0.0674836 0.01 87 87 0 0 0
3995 0.521558 -0.00114679 -0.0585298 0.01 44 44 0 0 0
3996 0.494269 -0.00122949 -0.0683807 0.01 60 60 0 0 0
4002 0.521558 -0.00114679 -0.0496369 0.01 43 43 0 0 0
4004 0.563488 -0.00101973 -0.0445603 0.01 87 87 0 0 0
4038 0.521558 -0.00114679 -0.0565576 0.01 42 42 0 0 0
4046 0.521558 -0.00114679 -0.0669804 0.01 44 44 0 0 0
4055 0.538217 -0.00109631 -0.0565576 0.01 43 43 0 0 0
4061 0.517137 -0.00116019 -0.0907942 0.01 60 60 0 0 0
4064 0.521558 -0.00114679 -0.0675476 0.01 44 44 0 0 0
4070 0.522717 -0.00114328 -0.0788278 0.01 60 60 0 0 0
4073 0.521558 -0.00114679 -0.0565576 0.01 42 42 0 0 0
4076 0.540837 -0.00108837 -0.0674836 0.01 88 88 0 0 0
4079 0.521558 -0.00114679 -0.0577781 0.01 43 43 0 0 0
4097 0.540837 -0.00108837 -0.0674836 0.01 87 87 0 0 0
4101 0.540837 -0.00108837 -0.0674836 0.01 88 87 0 0 0
4104 0.510454 -0.00118044 -0.063646 0.01 60 60 0 0 0
4135 0.470366 -0.00130192 -0.0679369 0.01 60 60 0 0 0
4141 0.540837 -0.00108837 -0.0674836 0.01 88 88 0 0 0
4145 0.521558 -0.00114679 -0.0565576 0.01 43 43 0 0 0
4150 0.521558 -0.00114679 -0.0669804 0.01 44 44 0 0 0
4170 0.543491 -0.00108033 -0.0496369 0.01 44 45 0 0 0
4174 0.521558 -0.00114679 -0.0465328 0.01 43 43 0 0 0
4208 0.540837 -0.00108837 -0.086 0.01 88 88 0 0 0
4218 0.540837 -0.00108837 -0.0674836 0.01 87 86 0 0 0
4235 0.484109 -0.00126028 -0.0669804 0.01 44 44 0 0 0
4262 0.519321 -0.00115357 -0.0669804 0.01 44 44 0 0 0
4267 0.527706 -0.00112816 -0.0465328 0.01 42 42 -0.00382301 0.00614834 0
4281 0.540837 -0.00108837 -0.086 0.01 87 87 0 0 0
4287 0.521558 -0.00114679 -0.0465328 0.01 43 43 0 0 0
4297 0.521558 -0.00114679 -0.0669804 0.01 44 44 0 0 0
4300 0.494942 -0.00122745 -0.0729369 0.01 60 60 0 0 0
4319 0.517137 -0.00116019 -0.0792356 0.01 60 60 0 0 0
4331 0.521558 -0.00114679 -0.0669804 0.01 44 44 0 0 0
4334 0.521558 -0.00114679 -0.0565576 0.01 43 43 0 0 0
4343 0.494942 -0.00122745 -0.0568386 0.01 60 60 0 0 0
4344 0.521558 -0.00114679 -0.0669804 0.01 44 44 0 0 0
4347 0.540837 -0.00108837 -0.0674836 0.01 87 88 0 0 0
4368 0.519183 -0.00115399 -0.0764162 0.01 60 60 0.00391287 -0.00419158 0
4377 0.522109 -0.00114512 -0.0764162 0.01 60 60 0 0 0
4378 0.521558 -0.00114679 -0.0565576 0.01 42 42 0 0 0
4386 0.484109 -0.00126028 -0.0669804 0.01 43 43 0 0 0
4408 0.521558 -0.00114679 -0.0496369 0.01 43 43 0 0 0
4418 0.494942 -0.00122745 -0.0729369 0.01 60 59 0 0 0
4424 0.540837 -0.00108837 -0.086 0.01 88 88 0 0 0
4435 0.521558 -0.00114679 -0.0585298 0.01 42 43 0 0 0
4438 0.521558 -0.00114679 -0.0577781 0.01 44 44 0 0 0
4446 0.527791 -0.00112791 -0.0729369 0.01 60 60 0 0 0
4453 0.521558 -0.00114679 -0.0669804 0.01 44 44 0 0 0
4461 0.521558 -0.00114679 -0.0465328 0.01 42 42 0 0 0
4481 0.535783 -0.00110369 -0.0820192 0.01 44 46 0 0 0
4497 0.484109 -0.00126028 -0.0669804 0.01 43 43 0 0 0
4500 0.563488 -0.00101973 -0.0445603 0.01 87 87 0 0 0
4502 0.531969 -0.00111525 -0.0674836 0.01 87 87 0 0 0
4518 0.484109 -0.00126028 -0.0669804 0.01 44 44 0 0 0
4522 0.513767 -0.0011704 -0.0669804 0.01 44 44 0.00520405 -0.00779027 0
4528 0.540837 -0.00108837 -0.0674836 0.01 87 87 0 0 0
4530 0.494942 -0.00122745 -0.0729369 0.01 60 60 0 0 0
4538 0.475636 -0.00128595 -0.0729369 0.01 60 60 0 0 0
4566 0.540837 -0.00108837 -0.0674836 0.01 89 89 0 0 0
4567 0.521558 -0.00114679 -0.0669804 0.01 44 44 0 0 0
4570 0.521558 -0.00114679 -0.0565576 0.01 43 43 0 0 0
4591 0.521558 -0.00114679 -0.0565576 0.01 43 43 0 0 0
4594 0.521558 -0.00114679 -0.0669804 0.01 44 44 0 0 0
4617 0.521558 -0.00114679 -0.0465328 0.01 43 43 0 0 0
4625 0.508812 -0.00118542 -0.0565576 0.01 42 42 0.0080597 -0.0127457 0
4650 0.563488 -0.00101973 -0.0445603 0.01 87 87 0 0 0
4651 0.510126 -0.00118144 -0.117156 0.01 60 60 0 0 0
4653 0.484109 -0.00126028 -0.0669804 0.01 43 43 0 0 0
4665 0.501154 -0.00120862 -0.0790911 0.01 44 45 0 0 0
4675 0.484109 -0.00126028 -0.0669804 0.01 43 43 0 0 0
4685 0.521558 -0.00114679 -0.0577781 0.01 44 44 0 0 0
4688 0.540837 -0.00108837 -0.086 0.01 87 87 0 0 0
4704 0.521558 -0.00114679 -0.0669804 0.01 44 44 0 0 0
4708 0.521558 -0.00114679 -0.0465328 0.01 42 42 0 0 0
4712 0.53004 -0.00112109 -0.0550719 0.01 43 43 0 0 0
4736 0.521558 -0.00114679 -0.0568122 0.01 44 44 0 0 0
4741 0.540837 -0.00108837 -0.0674836 0.01 88 88 0 0 0
4745 0.540837 -0.00108837 -0.0665497 0.01 87 87 0 0 0
4767 0.540837 -0.00108837 -0.0732432 0.01 87 87 0 0 0
4774 0.521558 -0.00114679 -0.0585298 0.01 43 43 0 0 0
4777 0.517137 -0.00116019 -0.0907942 0.01 60 60 0 0 0
4783 0.511071 -0.00117857 -0.0729369 0.01 60 60 0 0 0
4788 0.540837 -0.00108837 -0.086 0.01 88 88 0 0 0
4820 0.521558 -0.00114679 -0.0669804 0.01 44 44 0 0 0
4824 0.521947 -0.00114562 -0.0820192 0.01 60 60 0 0 0
4827 0.521558 -0.00114679 -0.0496369 0.01 43 43 0 0 0
4849 0.484109 -0.00126028 -0.0669804 0.01 43 43 0 0 0
4873 0.540837 -0.00108837 -0.0674836 0.01 87 87 0 0 0
4874 0.521558 -0.00114679 -0.0577781 0.01 43 43 0 0 0
4892 0.521558 -0.00114679 -0.0565576 0.01 43 43 0 0 0
4895 0.521558 -0.00114679 -0.0565576 0.01 44 43 0 0 0
4912 0.540837 -0.00108837 -0.0674836 0.01 88 88 0 0 0
4917 0.521558 -0.00114679 -0.0496369 0.01 43 43 0 0 0
4921 0.540837 -0.00108837 -0.0631226 0.01 89 89 0 0 0
4931 0.523023 -0.00114236 -0.0654022 0.01 60 60 0 0 0
4955 0.521558 -0.00114679 -0.0422998 0.01 43 43 0 0 0
4963 0.521558 -0.00114679 -0.0465328 0.01 43 43 0 0 0
4965 0.521558 -0.00114679 -0.0669804 0.01 44 44 0 0 0
4982 0.521558 -0.00114679 -0.0669804 0.01 44 44 0 0 0
4998 0.542179 -0.0010843 -0.0758387 0.01 60 60 0 0 0
5035 0.561969 -0.00102434 -0.0788278 0.01 60 60 0 0 0
5041 0.521558 -0.00114679 -0.0669804 0.01 44 44 0 0 0
5070 0.540837 -0.00108837 -0.086 0.01 88 88 0 0 0
5091 0.508878 -0.00118522 -0.10711 0.01 60 59 0 0 0
5092 0.510126 -0.00118144 -0.148106 0.01 60 60 0 0 0
5117 0.470366 -0.00130192 -0.0729369 0.01 60 61 0 0 0
5120 0.540837 -0.00108837 -0.086 0.01 88 87 0 0 0
5159 0.521558 -0.00114679 -0.0565576 0.01 42 43 0 0 0
5160 0.483556 -0.00126195 -0.112094 0.01 60 60 0 0 0
5169 0.521558 -0.00114679 -0.0465328 0.01 42 42 0 0 0
5170 0.561969 -0.00102434 -0.0788278 0.01 60 60 0 0 0
5174 0.538217 -0.00109631 -0.0565576 0.01 43 43 0 0 0
5176 0.521558 -0.00114679 -0.0550719 0.01 43 43 0 0 0
5185 0.521558 -0.00114679 -0.0669804 0.01 44 44 0 0 0
5189 0.540837 -0.00108837 -0.0674836 0.01 87 87 0 0 0
5207 0.521558 -0.00114679 -0.0565576 0.01 43 43 0 0 0
5211 0.521558 -0.00114679 -0.0550719 0.01 44 43 0 0 0
5232 0.540837 -0.00108837 -0.0674836 0.01 87 87 0 0 0
5243 0.521558 -0.00114679 -0.0550719 0.01 43 43 0 0 0
5261 0.523417 -0.00114116 -0.065538 0.01 44 44 0 0 0
5273 0.50099 -0.00120912 -0.0542334 0.01 60 60 0 0 0
5274 0.47575 -0.00128561 -0.0813473 0.01 60 60 0 0 0
5286 0.470366 -0.00130192 -0.0729369 0.01 60 60 0 0 0
5293 0.521558 -0.00114679 -0.0669804 0.01 44 44 0 0 0
5319 0.527899 -0.00112758 -0.0669804 0.01 44 44 0 0 0
5321 0.484109 -0.00126028 -0.0669804 0.01 43 43 0 0 0
5324 0.530991 -0.00111821 -0.0111394 0.01 60 60 0 0 0
5352 0.540837 -0.00108837 -0.0674836 0.01 87 87 0 0 0
5354 0.527797 -0.00112789 -0.0465328 0.01 42 43 0 0 0
5357 0.540837 -0.00108837 -0.0674836 0.01 89 89 0 0 0
5358 0.521558 -0.00114679 -0.0585298 0.01 43 44 0 0 0
5359 0.521558 -0.00114679 -0.0669804 0.01 44 44 0 0 0
5367 0.521558 -0.00114679 -0.0556163 0.01 44 44 0 0 0
5380 0.497633 -0.00121929 -0.0907942 0.01 60 60 0 0 0
5389 0.540837 -0.00108837 -0.086 0.01 87 88 0 0 0
5394 0.521558 -0.00114679 -0.0669804 0.01 43 44 0 0 0
5419 0.521558 -0.00114679 -0.0465328 0.01 43 43 0 0 0
5421 0.508083 -0.00118763 -0.0465328 0.01 42 42 0 0 0
5433 0.494179 -0.00122976 -0.0465328 0.01 43 43 0 0 0
5439 0.521558 -0.00114679 -0.0565576 0.01 43 43 0 0 0
5450 0.563488 -0.00101973 -0.0445603 0.01 87 87 0 0 0
5466 0.52426 -0.0011386 -0.0643254 0.01 44 44 -0.00177413 0.00270265 0
5487 0.512328 -0.00117476 -0.10711 0.01 60 60 0 0 0
5508 0.539949 -0.00109106 -0.086 0.01 88 88 0 0 0
5521 0.521558 -0.00114679 -0.0669804 0.01 44 44 0 0 0
5543 0.547258 -0.00106891 -0.0496369 0.01 43 43 -0.0158513 0.0257006 0
5562 0.538217 -0.00109631 -0.0396192 0.01 43 43 0 0 0
5563 0.540837 -0.00108837 -0.0674836 0.01 88 88 0 0 0
5569 0.483556 -0.00126195 -0.0907942 0.01 60 60 0 0 0
5589 0.529537 -0.00112262 -0.0858376 0.01 60 60 0 0 0
5592 0.510454 -0.00118044 -0.0689434 0.01 60 60 0 0 0
5614 0.521558 -0.00114679 -0.0465328 0.01 42 42 0 0 0
5615 0.508083 -0.00118763 -0.0465328 0.01 42 42 0 0 0
5621 0.540837 -0.00108837 -0.0631226 0.01 89 89 0 0 0
5622 0.521558 -0.00114679 -0.0401274 0.01 42 42 0 0 0
5624 0.521558 -0.00114679 -0.0669804 0.01 44 44 0 0 0
5633 0.468247 -0.00130834 -0.0729369 0.01 60 60 0 0 0
5634 0.521558 -0.00114679 -0.0640128 0.01 44 44 0 0 0
5655 0.510126 -0.00118144 -0.10711 0.01 60 60 0 0 0
5664 0.521558 -0.00114679 -0.0565576 0.01 43 43 0 0 0
5669 0.521558 -0.00114679 -0.074242 0.01 43 45 0 0 0
5695 0.521558 -0.00114679 -0.0550719 0.01 43 43 0 0 0
5698 0.540837 -0.00108837 -0.0674836 0.01 87 86 0 0 0
5700 0.483556 -0.00126195 -0.0907942 0.01 60 60 0 0 0
5703 0.521558 -0.00114679 -0.0577781 0.01 43 43 0 0 0
5712 0.521947 -0.00114562 -0.0889294 0.01 60 60 0 0 0
5713 0.543491 -0.00108033 -0.0496369 0.01 44 44 0 0 0
5717 0.521558 -0.00114679 -0.0565576 0.01 44 44 0 0 0
5722 0.484109 -0.00126028 -0.0669804 0.01 43 43 0 0 0
5731 0.521558 -0.00114679 -0.0565576 0.01 44 44 0 0 0
5759 0.484109 -0.00126028 -0.0636839 0.01 43 43 0.00115046 0 0.00329643
5772 0.540837 -0.00108837 -0.0865828 0.01 87 87 0 0 0
5775 0.521947 -0.00114562 -0.0942459 0.01 60 60 0 0 0
5779 0.540837 -0.00108837 -0.086 0.01 87 87 0 0 0
5787 0.523374 -0.00114129 -0.0764162 0.01 60 60 0 0 0
5808 0.521558 -0.00114679 -0.0669804 0.01 44 44 0 0 0
5809 0.521558 -0.00114679 -0.0669804 0.01 44 44 0 0 0
5816 0.521558 -0.00114679 -0.0463827 0.01 42 42 5.24223e-05 0 0.000150055
5819 0.521558 -0.00114679 -0.0669804 0.01 44 44 0 0 0
5823 0.527791 -0.00112791 -0.0729369 0.01 60 60 0 0 0
5826 0.540837 -0.00108837 -0.086 0.01 87 87 0 0 0
5840 0.491672 -0.00123736 -0.0669804 0.01 44 45 0 0 0
5844 0.522109 -0.00114512 -0.0764162 0.01 60 60 0 0 0
5853 0.512053 -0.0011756 -0.0465328 0.01 42 42 0 0 0
5859 0.521006 -0.00114847 -0.0728202 0.01 60 60 0 0 0
5899 0.540837 -0.00108837 -0.086 0.01 87 87 0 0 0
5908 0.521558 -0.00114679 -0.0669804 0.01 43 44 0 0 0
5917 0.521558 -0.00114679 -0.0669804 0.01 44 44 0 0 0
5934 0.521558 -0.00114679 -0.0669804 0.01 44 44 0 0 0
5943 0.521558 -0.00114679 -0.0565576 0.01 42 43 0 0 0
5945 0.508083 -0.00118763 -0.0465328 0.01 42 42 0 0 0
5951 0.521558 -0.00114679 -0.0669804 0.01 44 45 0 0 0
5962 0.484109 -0.00126028 -0.0669804 0.01 43 43 0 0 0
5970 0.563488 -0.00101973 -0.0445603 0.01 87 87 0 0 0
5974 0.470366 -0.00130192 -0.0729369 0.01 60 60 0 0 0
5975 0.521558 -0.00114679 -0.0565576 0.01 42 42 0 0 0
5984 0.521558 -0.00114679 -0.0565576 0.01 43 43 0 0 0
5993 0.517379 -0.00115946 -0.0870561 0.01 60 60 0 0 0
6003 0.521558 -0.00114679 -0.0669804 0.01 44 44 0 0 0
6006 0.487881 -0.00124885 -0.0632362 0.01 60 60 0 0 0
6013 0.53004 -0.00112109 -0.0550719 0.01 44 44 0 0 0
6025 0.514955 -0.0011668 -0.0606305 0.01 44 44 0 0 0
6037 0.521558 -0.00114679 -0.0422998 0.01 43 43 0 0 0
6045 0.522109 -0.00114512 -0.0764162 0.01 60 60 0 0 0
6048 0.521558 -0.00114679 -0.074242 0.01 44 45 0 0 0
6070 0.521558 -0.00114679 -0.0565576 0.01 43 43 0 0 0
6075 0.484109 -0.00126028 -0.0669804 0.01 44 44 0 0 0
6086 0.484109 -0.00126028 -0.0669804 0.01 44 44 0 0 0
6094 0.540837 -0.00108837 -0.086 0.01 88 88 0 0 0
6097 0.521558 -0.00114679 -0.0669804 0.01 44 44 0 0 0
6129 0.540837 -0.00108837 -0.0674836 0.01 88 88 0 0 0
6162 0.540837 -0.00108837 -0.086 0.01 88 88 0 0 0
6167 0.474686 -0.00128883 -0.0729369 0.01 60 61 0 0 0
6189 0.497633 -0.00121929 -0.0907942 0.01 60 60 0 0 0
6196 0.540837 -0.00108837 -0.0674836 0.01 88 88 0 0 0
6197 0.532558 -0.00111346 -0.0764162 0.01 60 60 0 0 0
6204 0.521558 -0.00114679 -0.0669804 0.01 44 44 0 0 0
6205 0.534691 -0.001107 -0.0727546 0.01 60 60 0 0 0
6215 0.543491 -0.00108033 -0.0496369 0.01 43 43 0 0 0
6221 0.508083 -0.00118763 -0.0465328 0.01 42 42 0 0 0
6236 0.512328 -0.00117476 -0.10711 0.01 60 60 0 0 0
6244 0.510126 -0.00118144 -0.117156 0.01 60 60 0 0 0
6249 0.521558 -0.00114679 -0.0496369 0.01 42 42 0 0 0
6260 0.483556 -0.00126195 -0.0907942 0.01 60 61 0 0 0
6267 0.521558 -0.00114679 -0.0565576 0.01 44 44 0 0 0
6272 0.530508 -0.00111967 -0.0723349 0.01 60 60 0 0 0
6279 0.540837 -0.00108837 -0.086 0.01 87 87 0 0 0
6281 0.543491 -0.00108033 -0.0496369 0.01 44 44 0 0 0
6285 0.521558 -0.00114679 -0.0669804 0.01 44 44 0 0 0
6288 0.521558 -0.00114679 -0.0565576 0.01 42 42 0 0 0
6292 0.47575 -0.00128561 -0.0813473 0.01 60 60 0 0 0
6295 0.521558 -0.00114679 -0.0568122 0.01 44 44 0 0 0
6307 0.521558 -0.00114679 -0.0669804 0.01 44 44 0 0 0
6309 0.521558 -0.00114679 -0.0568122 0.01 44 44 0 0 0
6325 0.522717 -0.00114328 -0.0870561 0.01 60 60 0 0 0
6329 0.521558 -0.00114679 -0.0534178 0.01 43 43 0 0 0
6334 0.521947 -0.00114562 -0.0808427 0.01 60 60 0 0 0
6373 0.484109 -0.00126028 -0.0669804 0.01 43 43 0 0 0
6385 0.521558 -0.00114679 -0.0669804 0.01 44 44 0 0 0
6403 0.521558 -0.00114679 -0.0496369 0.01 44 44 0 0 0
6414 0.50099 -0.00120912 -0.0519966 0.01 60 59 0 0 0
6416 0.50099 -0.00120912 -0.0542334 0.01 60 60 0 0 0
6428 0.521558 -0.00114679 -0.0669804 0.01 44 44 0 0 0
6429 0.521558 -0.00114679 -0.0669804 0.01 44 44 0 0 0
6444 0.521558 -0.00114679 -0.0669804 0.01 44 44 0 0 0
6445 0.523023 -0.00114236 -0.0654022 0.01 60 60 0 0 0
6447 0.521558 -0.00114679 -0.0669804 0.01 44 44 0 0 0
6456 0.524524 -0.00113781 -0.0764162 0.01 60 60 0 0 0
6483 0.540837 -0.00108837 -0.0674836 0.01 87 86 0 0 0
6493 0.540837 -0.00108837 -0.0674836 0.01 88 88 0 0 0
6496 0.521558 -0.00114679 -0.0565576 0.01 42 42 0 0 0
6506 0.521558 -0.00114679 -0.0669804 0.01 44 44 0 0 0
6513 0.483556 -0.00126195 -0.112094 0.01 60 60 0 0 0
6515 0.521558 -0.00114679 -0.074242 0.01 44 45 0 0 0
6528 0.540837 -0.00108837 -0.086 0.01 87 87 0 0 0
6540 0.521558 -0.00114679 -0.0669804 0.01 44 44 0 0 0
6548 0.522153 -0.00114499 -0.0697436 0.01 60 60 0 0 0
6554 0.539949 -0.00109106 -0.086 0.01 88 88 0 0 0
6562 0.540837 -0.00108837 -0.0631226 0.01 89 89 0 0 0
6567 0.540837 -0.00108837 -0.0631226 0.01 89 89 0 0 0
6568 0.521558 -0.00114679 -0.0565576 0.01 42 42 0 0 0
6575 0.514021 -0.00116963 -0.0565576 0.01 42 42 0 0 0
6576 0.521558 -0.00114679 -0.0496124 0.01 44 44 0.00457577 0 0.0173679
6577 0.521558 -0.00114679 -0.0565576 0.01 42 42 0 0 0
6584 0.522087 -0.00114519 -0.074242 0.01 44 45 0 0 0
6603 0.521558 -0.00114679 -0.0669804 0.01 44 44 0 0 0
6609 0.521558 -0.00114679 -0.0669804 0.01 44 44 0 0 0
6612 0.521558 -0.00114679 -0.0577781 0.01 43 43 0 0 0
6632 0.483556 -0.00126195 -0.112094 0.01 60 60 0 0 0
6634 0.521558 -0.00114679 -0.0669804 0.01 44 44 0 0 0
6644 0.510454 -0.00118044 -0.0689434 0.01 60 60 0 0 0
6663 0.521558 -0.00114679 -0.074242 0.01 44 45 0 0 0
6669 0.527723 -0.00112811 -0.0669804 0.01 44 44 0 0 0
6682 0.521558 -0.00114679 -0.0669804 0.01 44 44 0 0 0
6694 0.521558 -0.00114679 -0.0565576 0.01 43 43 0 0 0
6700 0.484109 -0.00126028 -0.0669804 0.01 43 43 0 0 0
6701 0.467272 -0.0013113 -0.0669804 0.01 43 43 0 0 0
6702 0.593519 -0.00092873 -0.0832697 0.01 60 60 0 0 0
6708 0.484109 -0.00126028 -0.0669804 0.01 44 43 0 0 0
6712 0.484109 -0.00126028 -0.0669804 0.01 43 43 0 0 0
6725 0.50099 -0.00120912 -0.0542334 0.01 60 60 0 0 0
6726 0.521558 -0.00114679 -0.0577781 0.01 43 43 0 0 0
6729 0.521558 -0.00114679 -0.0565576 0.01 42 42 0 0 0
6742 0.521558 -0.00114679 -0.0465328 0.01 42 42 0 0 0
6745 0.540837 -0.00108837 -0.0674836 0.01 88 87 0 0 0
6775 0.497633 -0.00121929 -0.0861216 0.01 60 60 0.000852615 0 0.00467256
6780 0.540837 -0.00108837 -0.0674836 0.01 87 87 0 0 0
6785 0.508083 -0.00118763 -0.0465328 0.01 42 42 0 0 0
6796 0.521558 -0.00114679 -0.0550719 0.01 43 43 0 0 0
6811 0.497633 -0.00121929 -0.0907942 0.01 60 60 0 0 0
6827 0.484109 -0.00126028 -0.0669804 0.01 43 43 0 0 0
6831 0.514526 -0.0011681 -0.074242 0.01 44 45 0 0 0
6845 0.513821 -0.00117024 -0.0788278 0.01 60 60 0 0 0
6856 0.521558 -0.00114679 -0.0565576 0.01 42 42 0 0 0
6861 0.540837 -0.00108837 -0.0921548 0.01 87 87 0 0 0
6877 0.521558 -0.00114679 -0.0675476 0.01 44 44 0 0 0
6887 0.53004 -0.00112109 -0.0550719 0.01 42 43 0 0 0
6888 0.542889 -0.00108215 -0.086 0.01 87 87 0 0 0
6889 0.484109 -0.00126028 -0.0669804 0.01 43 43 0 0 0
6904 0.514543 -0.00116805 -0.0764162 0.01 60 60 0 0 0
6911 0.485417 -0.00125631 -0.0960052 0.01 60 60 0 0 0
6924 0.521558 -0.00114679 -0.074242 0.01 44 45 0 0 0
6935 0.540837 -0.00108837 -0.0674836 0.01 87 87 0 0 0
6951 0.521558 -0.00114679 -0.0565576 0.01 42 42 0 0 0
6955 0.497633 -0.00121929 -0.0857965 0.01 60 60 0.000912428 0 0.00499769
6957 0.483556 -0.00126195 -0.0907942 0.01 60 60 0 0 0
6958 0.521558 -0.00114679 -0.0565576 0.01 42 42 0 0 0
6961 0.549933 -0.00106081 -0.0714758 0.01 60 60 0 0 0
6971 0.521558 -0.00114679 -0.0577781 0.01 43 43 0 0 0
6990 0.521558 -0.00114679 -0.0669804 0.01 43 44 0 0 0
6993 0.525261 -0.00113557 -0.0674836 0.01 88 88 0 0 0
7007 0.521558 -0.00114679 -0.074242 0.01 44 46 0 0 0
7012 0.510126 -0.00118144 -0.114712 0.01 60 60 0 0 0
7031 0.517137 -0.00116019 -0.0907942 0.01 60 62 0 0 0
7045 0.521558 -0.00114679 -0.0577781 0.01 43 43 0 0 0
7047 0.521558 -0.00114679 -0.0565576 0.01 43 43 0 0 0
7068 0.517137 -0.00116019 -0.0907942 0.01 60 60 0 0 0
7076 0.468247 -0.00130834 -0.0729369 0.01 60 60 0 0 0
7092 0.521558 -0.00114679 -0.0565576 0.01 43 43 0 0 0
7095 0.522087 -0.00114519 -0.074242 0.01 44 45 0 0 0
7107 0.521558 -0.00114679 -0.0550719 0.01 44 44 0 0 0
7110 0.497633 -0.00121929 -0.0907942 0.01 60 60 0 0 0
7114 0.527797 -0.00112789 -0.0465328 0.01 42 42 0 0 0
7129 0.540837 -0.00108837 -0.0692978 0.01 88 88 0 0 0
7132 0.540837 -0.00108837 -0.0674836 0.01 88 88 0 0 0
7141 0.540837 -0.00108837 -0.0674836 0.01 88 88 0 0 0
7179 0.521558 -0.00114679 -0.0616711 0.01 44 44 0 0 0
7190 0.521558 -0.00114679 -0.0550719 0.01 44 44 0 0 0
7205 0.467272 -0.0013113 -0.0669804 0.01 43 43 0 0 0
7230 0.527791 -0.00112791 -0.0729369 0.01 60 60 0 0 0
7236 0.521558 -0.00114679 -0.0465328 0.01 44 44 0 0 0
7247 0.514005 -0.00116968 -0.0614136 0.01 60 61 0 0 0
7252 0.527723 -0.00112811 -0.0669804 0.01 44 44 0 0 0
7253 0.513821 -0.00117024 -0.0788278 0.01 60 60 0 0 0
7257 0.521558 -0.00114679 -0.0565576 0.01 43 43 0 0 0
7259 0.521558 -0.00114679 -0.0568122 0.01 44 44 0 0 0
7267 0.513821 -0.00117024 -0.0788278 0.01 60 60 0 0 0
7273 0.521947 -0.00114562 -0.0820192 0.01 60 60 0 0 0
7284 0.521558 -0.00114679 -0.0577781 0.01 43 43 0 0 0
7291 0.540837 -0.00108837 -0.086 0.01 88 88 0 0 0
7294 0.563488 -0.00101973 -0.0445603 0.01 87 87 0 0 0
7298 0.521558 -0.00114679 -0.0565576 0.01 43 43 0 0 0
7313 0.521558 -0.00114679 -0.0577781 0.01 43 43 0 0 0
7319 0.540837 -0.00108837 -0.0674836 0.01 88 88 0 0 0
7358 0.521558 -0.00114679 -0.0550719 0.01 43 43 0 0 0
7361 0.561969 -0.00102434 -0.0788278 0.01 60 60 0 0 0
7365 0.538217 -0.00109631 -0.0565576 0.01 42 43 0 0 0
7371 0.540837 -0.00108837 -0.0674836 0.01 87 87 0 0 0
7405 0.540837 -0.00108837 -0.086 0.01 88 88 0 0 0
7406 0.494942 -0.00122745 -0.0703772 0.01 60 59 0 0 0
7410 0.488683 -0.00124641 -0.0813473 0.01 60 60 -0.0136122 0.0129332 0
7423 0.521558 -0.00114679 -0.0565576 0.01 42 42 0 0 0
7425 0.521558 -0.00114679 -0.0496369 0.01 42 43 0 0 0
7426 0.483556 -0.00126195 -0.0907942 0.01 60 60 0 0 0
7456 0.497633 -0.00121929 -0.107378 0.01 60 60 0 0 0
7457 0.539949 -0.00109106 -0.086 0.01 88 88 0 0 0
7463 0.540837 -0.00108837 -0.0674836 0.01 88 88 0 0 0
7490 0.521558 -0.00114679 -0.0669804 0.01 44 44 0 0 0
7499 0.521558 -0.00114679 -0.0550719 0.01 43 43 0 0 0
7513 0.521558 -0.00114679 -0.0669804 0.01 44 44 0 0 0
7529 0.521558 -0.00114679 -0.0565576 0.01 43 43 0 0 0
7534 0.494179 -0.00122976 -0.0465328 0.01 43 44 0 0 0
7541 0.540837 -0.00108837 -0.0674836 0.01 87 87 0 0 0
7542 0.521558 -0.00114679 -0.0550719 0.01 43 43 0 0 0
7550 0.500694 -0.00121002 -0.0683807 0.01 60 60 0 0 0
7565 0.521558 -0.00114679 -0.0465328 0.01 42 42 0 0 0
7580 0.530508 -0.00111967 -0.0723349 0.01 60 60 0 0 0
7594 0.539949 -0.00109106 -0.086 0.01 89 89 0 0 0
7597 0.467272 -0.0013113 -0.0669804 0.01 43 43 0 0 0
7598 0.521558 -0.00114679 -0.0643254 0.01 44 44 0 0 0
7617 0.540837 -0.00108837 -0.0674836 0.01 88 88 0 0 0
7622 0.491427 -0.0012381 -0.0689434 0.01 60 60 0 0 0
7630 0.540837 -0.00108837 -0.0665497 0.01 87 87 0 0 0
7635 0.521558 -0.00114679 -0.0669804 0.01 44 44 0 0 0
7640 0.540837 -0.00108837 -0.0674836 0.01 87 87 0 0 0
7648 0.484109 -0.00126028 -0.0669804 0.01 44 44 0 0 0
7658 0.540837 -0.00108837 -0.0674836 0.01 87 87 0 0 0
7670 0.521558 -0.00114679 -0.0565576 0.01 44 44 0 0 0
7674 0.521558 -0.00114679 -0.0669804 0.01 44 44 0 0 0
7683 0.53045 -0.00111985 -0.0788278 0.01 60 61 0 0 0
7686 0.521558 -0.00114679 -0.0465328 0.01 43 43 0 0 0
7703 0.47575 -0.00128561 -0.0813473 0.01 60 60 0 0 0
7733 0.487881 -0.00124885 -0.0729369 0.01 60 60 0 0 0
7751 0.494942 -0.00122745 -0.0729369 0.01 60 60 0 0 0
7755 0.540837 -0.00108837 -0.0631226 0.01 89 89 0 0 0
7757 0.540837 -0.00108837 -0.0674836 0.01 87 87 0 0 0
7758 0.540837 -0.00108837 -0.0674836 0.01 87 87 0 0 0
7806 0.521558 -0.00114679 -0.0577781 0.01 43 43 0 0 0
7808 0.521558 -0.00114679 -0.0669804 0.01 44 44 0 0 0
7827 0.515303 -0.00116575 -0.0565576 0.01 43 43 0 0 0
7840 0.521558 -0.00114679 -0.0669804 0.01 44 44 0 0 0
7845 0.510126 -0.00118144 -0.0882453 0.01 60 59 0 0 0
7859 0.521558 -0.00114679 -0.0565576 0.01 42 42 0 0 0
7865 0.521558 -0.00114679 -0.0669804 0.01 44 44 0 0 0
7872 0.521558 -0.00114679 -0.0565576 0.01 44 44 0 0 0
7874 0.484109 -0.00126028 -0.0669804 0.01 43 43 0 0 0
7882 0.514543 -0.00116805 -0.0764162 0.01 60 60 0 0 0
7930 0.497633 -0.00121929 -0.107378 0.01 60 60 0 0 0
7933 0.505247 -0.00119622 -0.074242 0.01 44 46 0 0 0
7936 0.521558 -0.00114679 -0.0565576 0.01 42 43 0 0 0
7937 0.521558 -0.00114679 -0.0669804 0.01 44 44 0 0 0
7951 0.523374 -0.00114129 -0.0764162 0.01 60 60 0 0 0
7955 0.540837 -0.00108837 -0.0484795 0.01 87 87 0 0 0
7963 0.508812 -0.00118542 -0.0565576 0.01 42 42 0 0 0
7970 0.526049 -0.00113319 -0.0844632 0.01 60 60 0 0 0
7976 0.521558 -0.00114679 -0.0669804 0.01 44 44 0 0 0
7989 0.521558 -0.00114679 -0.0643254 0.01 43 44 0 0 0
7996 0.540837 -0.00108837 -0.0674836 0.01 87 87 0 0 0
7998 0.521558 -0.00114679 -0.074242 0.01 44 45 0 0 0
8018 0.524524 -0.00113781 -0.0764162 0.01 60 59 0 0 0
8034 0.467272 -0.0013113 -0.0669804 0.01 43 43 0 0 0
8037 0.540837 -0.00108837 -0.0674836 0.01 88 88 0 0 0
8047 0.521558 -0.00114679 -0.0565576 0.01 43 43 0 0 0
8049 0.521558 -0.00114679 -0.0465328 0.01 42 42 0 0 0
8064 0.540837 -0.00108837 -0.0674836 0.01 87 87 0 0 0
8065 0.538217 -0.00109631 -0.0565576 0.01 43 43 0 0 0
8075 0.484109 -0.00126028 -0.0669804 0.01 42 43 0 0 0
8080 0.540837 -0.00108837 -0.086 0.01 87 87 0 0 0
8087 0.521558 -0.00114679 -0.0669804 0.01 44 44 0 0 0
8090 0.521558 -0.00114679 -0.0565576 0.01 42 42 0 0 0
8110 0.521558 -0.00114679 -0.0565576 0.01 42 42 0 0 0
8118 0.487004 -0.0012515 -0.066 0.01 60 60 0 0 0
8126 0.523417 -0.00114116 -0.065538 0.01 44 44 0 0 0
8133 0.521558 -0.00114679 -0.0669804 0.01 44 44 0 0 0
8135 0.540837 -0.00108837 -0.0674836 0.01 88 88 0 0 0
8163 0.521558 -0.00114679 -0.0669804 0.01 44 44 0 0 0
8168 0.541852 -0.0010853 -0.086 0.01 88 88 -0.000252455 0.00101513 0
8172 0.527723 -0.00112811 -0.0669804 0.01 44 44 0 0 0
8190 0.522153 -0.00114499 -0.0697436 0.01 60 60 0 0 0
8196 0.470366 -0.00130192 -0.0729369 0.01 60 60 0 0 0
8216 0.549019 -0.00106358 -0.0850811 0.01 60 59 0 0 0
8230 0.540837 -0.00108837 -0.0674836 0.01 87 87 0 0 0
8232 0.540837 -0.00108837 -0.0674836 0.01 88 88 0 0 0
8235 0.521558 -0.00114679 -0.074242 0.01 44 45 0 0 0
8250 0.470366 -0.00130192 -0.0729369 0.01 60 60 0 0 0
8254 0.484109 -0.00126028 -0.0669804 0.01 43 43 0 0 0
8255 0.510454 -0.00118044 -0.063646 0.01 60 60 0 0 0
8266 0.511071 -0.00117857 -0.0729369 0.01 60 60 0 0 0
8267 0.556247 -0.00104168 -0.0402295 0.01 60 60 0 0 0
8287 0.521558 -0.00114679 -0.0565576 0.01 44 43 0 0 0
8294 0.521558 -0.00114679 -0.0565576 0.01 42 42 0 0 0
8296 0.521558 -0.00114679 -0.0565576 0.01 43 42 0 0 0
8297 0.563488 -0.00101973 -0.0445603 0.01 87 87 0 0 0
8307 0.530508 -0.00111967 -0.0723349 0.01 60 60 0 0 0
8332 0.494179 -0.00122976 -0.0465328 0.01 44 44 0 0 0
8344 0.540837 -0.00108837 -0.0674836 0.01 88 88 0 0 0
8351 0.521558 -0.00114679 -0.0556163 0.01 43 44 0 0 0
8353 0.563488 -0.00101973 -0.0445603 0.01 87 87 0 0 0
8372 0.514021 -0.00116963 -0.0565576 0.01 42 42 0.00471227 -0.00753665 0
8381 0.521558 -0.00114679 -0.0550719 0.01 43 43 0 0 0
8402 0.521558 -0.00114679 -0.0565576 0.01 42 42 0 0 0
8409 0.521558 -0.00114679 -0.0565576 0.01 43 43 0 0 0
8434 0.540837 -0.00108837 -0.0660854 0.01 87 87 0 0 0
8442 0.521558 -0.00114679 -0.0496369 0.01 44 43 0 0 0
8451 0.563488 -0.00101973 -0.0445603 0.01 87 87 0 0 0
8461 0.495876 -0.00122462 -0.0965884 0.01 60 60 0 0 0
8479 0.521558 -0.00114679 -0.0669804 0.01 44 44 0 0 0
8484 0.540837 -0.00108837 -0.0665497 0.01 87 87 0 0 0
8497 0.484109 -0.00126028 -0.0669804 0.01 44 44 0 0 0
8500 0.521558 -0.00114679 -0.0669804 0.01 43 44 0 0 0
8503 0.540837 -0.00108837 -0.0674836 0.01 88 88 0 0 0
8508 0.521558 -0.00114679 -0.0568122 0.01 43 43 0 0 0
8522 0.468247 -0.00130834 -0.0729369 0.01 60 60 0 0 0
8527 0.540837 -0.00108837 -0.0674836 0.01 87 87 0 0 0
8530 0.540837 -0.00108837 -0.0674836 0.01 88 88 0 0 0
8531 0.521558 -0.00114679 -0.0669804 0.01 44 44 0 0 0
8562 0.540837 -0.00108837 -0.0674836 0.01 87 87 0 0 0
8563 0.521558 -0.00114679 -0.0401274 0.01 43 43 0 0 0
8573 0.521558 -0.00114679 -0.0565576 0.01 42 42 0 0 0
8574 0.521558 -0.00114679 -0.0465328 0.01 42 42 0 0 0
8575 0.538217 -0.00109631 -0.0565576 0.01 43 43 0 0 0
8585 0.521558 -0.00114679 -0.0461397 0.01 43 43 0 0 0
8590 0.521558 -0.00114679 -0.074242 0.01 44 45 0 0 0
8604 0.521558 -0.00114679 -0.0496369 0.01 43 43 0 0 0
8607 0.514543 -0.00116805 -0.0764162 0.01 60 60 0 0 0
8615 0.521558 -0.00114679 -0.074242 0.01 44 45 0 0 0
8621 0.521558 -0.00114679 -0.074242 0.01 44 45 0 0 0
8623 0.513821 -0.00117024 -0.0788278 0.01 60 60 0 0 0
8626 0.521558 -0.00114679 -0.0465328 0.01 43 43 0 0 0
8631 0.521558 -0.00114679 -0.0585298 0.01 43 43 0 0 0
8634 0.521558 -0.00114679 -0.0550719 0.01 44 44 0 0 0
8640 0.540837 -0.00108837 -0.086 0.01 88 88 0 0 0
8641 0.521558 -0.00114679 -0.0556163 0.01 44 45 0 0 0
8644 0.527791 -0.00112791 -0.0729369 0.01 60 60 0 0 0
8655 0.521558 -0.00114679 -0.0669804 0.01 44 44 0 0 0
8657 0.540837 -0.00108837 -0.086 0.01 88 88 0 0 0
8678 0.540837 -0.00108837 -0.0674836 0.01 88 88 0 0 0
8681 0.521558 -0.00114679 -0.0550719 0.01 43 43 0 0 0
8683 0.521558 -0.00114679 -0.0465328 0.01 42 42 0 0 0
8684 0.516102 -0.00116333 -0.0565576 0.01 43 43 0 0 0
8707 0.505721 -0.00119478 -0.0517571 0.01 60 60 0 0 0
8720 0.530991 -0.00111821 -0.0408467 0.01 60 61 0 0 0
8728 0.510797 -0.0011794 -0.0643254 0.01 44 44 0 0 0
8729 0.540837 -0.00108837 -0.086 0.01 89 88 0 0 0
8733 0.521558 -0.00114679 -0.0465328 0.01 44 44 0 0 0
8746 0.521558 -0.00114679 -0.0568122 0.01 43 43 0 0 0
8757 0.540837 -0.00108837 -0.086 0.01 88 88 0 0 0
8777 0.521558 -0.00114679 -0.0585298 0.01 44 44 0 0 0
8780 0.521006 -0.00114847 -0.0728202 0.01 60 60 0 0 0
8812 0.521558 -0.00114679 -0.0669804 0.01 44 44 0 0 0
8825 0.468247 -0.00130834 -0.0729369 0.01 60 60 0 0 0
8845 0.521558 -0.00114679 -0.0669804 0.01 44 44 0 0 0
8848 0.521558 -0.00114679 -0.0565576 0.01 42 42 0 0 0
8863 0.521558 -0.00114679 -0.0669804 0.01 44 44 0 0 0
8867 0.514294 -0.00116881 -0.0820192 0.01 60 60 0 0 0
8869 0.484109 -0.00126028 -0.0669804 0.01 43 43 0 0 0
8875 0.540837 -0.00108837 -0.0674836 0.01 89 88 0 0 0
8900 0.538217 -0.00109631 -0.0396192 0.01 42 43 0.00486021 0 0.0169384
8904 0.521558 -0.00114679 -0.0465328 0.01 42 42 0 0 0
8936 0.521558 -0.00114679 -0.0565576 0.01 42 43 0 0 0
8968 0.540837 -0.00108837 -0.0674836 0.01 88 88 0 0 0
8969 0.563488 -0.00101973 -0.0445603 0.01 87 87 0 0 0
8975 0.521558 -0.00114679 -0.0669804 0.01 44 44 0 0 0
8977 0.521558 -0.00114679 -0.074242 0.01 44 45 0 0 0
8989 0.540837 -0.00108837 -0.0674836 0.01 88 88 0 0 0
9013 0.540837 -0.00108837 -0.0674836 0.01 88 88 0 0 0
9025 0.521558 -0.00114679 -0.0669804 0.01 44 44 0 0 0
9036 0.540837 -0.00108837 -0.0674836 0.01 87 88 0 0 0
9048 0.521558 -0.00114679 -0.0669804 0.01 44 44 0 0 0
9053 0.521558 -0.00114679 -0.0669804 0.01 44 44 0 0 0
9077 0.521558 -0.00114679 -0.074242 0.01 44 45 0 0 0
9101 0.501154 -0.00120862 -0.0790911 0.01 44 45 0 0 0
9120 0.521558 -0.00114679 -0.0565576 0.01 44 44 0 0 0
9121 0.521558 -0.00114679 -0.0669804 0.01 44 44 0 0 0
9144 0.535676 -0.00110401 -0.0764162 0.01 60 61 0 0 0
9159 0.521558 -0.00114679 -0.0497004 0.01 42 42 -0.00110096 0 -0.00316761
9163 0.484729 -0.0012584 -0.0729369 0.01 60 60 0.0105449 -0.0102125 0
9177 0.540837 -0.00108837 -0.0674836 0.01 87 87 0 0 0
9186 0.53072 -0.00111903 -0.0764162 0.01 60 60 0 0 0
9217 0.561969 -0.00102434 -0.0788278 0.01 60 60 0 0 0
9218 0.521558 -0.00114679 -0.0669804 0.01 44 44 0 0 0
9224 0.540837 -0.00108837 -0.086 0.01 87 87 0 0 0
9232 0.521558 -0.00114679 -0.0465328 0.01 42 43 0 0 0
9244 0.484109 -0.00126028 -0.0669804 0.01 43 43 0 0 0
9256 0.563488 -0.00101973 -0.0445603 0.01 87 87 0 0 0
9264 0.484109 -0.00126028 -0.0669804 0.01 43 44 0 0 0
9275 0.521558 -0.00114679 -0.0577781 0.01 43 43 0 0 0
9281 0.485417 -0.00125631 -0.0960052 0.01 60 60 0 0 0
9309 0.540837 -0.00108837 -0.0631226 0.01 89 89 0 0 0
9315 0.521558 -0.00114679 -0.0643254 0.01 44 44 0 0 0
9321 0.540837 -0.00108837 -0.0674836 0.01 88 88 0 0 0
9324 0.521558 -0.00114679 -0.074242 0.01 44 45 0 0 0
9333 0.521558 -0.00114679 -0.0669804 0.01 44 44 0 0 0
9351 0.483556 -0.00126195 -0.0907942 0.01 60 60 0 0 0
9353 0.521558 -0.00114679 -0.0496369 0.01 44 45 0 0 0
9361 0.521558 -0.00114679 -0.0669804 0.01 44 44 0 0 0
9367 0.498822 -0.00121569 -0.0691663 0.01 60 60 0 0 0
9381 0.494179 -0.00122976 -0.0465328 0.01 44 44 0.0197198 -0.0273789 0
9393 0.521558 -0.00114679 -0.0577781 0.01 44 43 0 0 0
9407 0.521558 -0.00114679 -0.0669804 0.01 44 44 0 0 0
9427 0.468247 -0.00130834 -0.0729369 0.01 60 60 0 0 0
9433 0.521558 -0.00114679 -0.0585298 0.01 44 44 0 0 0
9440 0.521558 -0.00114679 -0.0565576 0.01 42 42 0 0 0
9455 0.521558 -0.00114679 -0.0669804 0.01 44 44 0 0 0
9483 0.521558 -0.00114679 -0.0465328 0.01 44 44 0 0 0
9494 0.521558 -0.00114679 -0.0496369 0.01 43 43 0 0 0
9495 0.521558 -0.00114679 -0.0568122 0.01 43 44 0 0 0
9528 0.540837 -0.00108837 -0.0674836 0.01 88 88 0 0 0
9529 0.539949 -0.00109106 -0.086 0.01 89 89 0 0 0
9535 0.524524 -0.00113781 -0.0764162 0.01 60 60 0 0 0
9537 0.521558 -0.00114679 -0.0577781 0.01 43 43 0 0 0
9543 0.563488 -0.00101973 -0.0445603 0.01 87 87 0 0 0
9562 0.521558 -0.00114679 -0.0496369 0.01 44 44 0 0 0
9566 0.521558 -0.00114679 -0.0577781 0.01 42 43 0 0 0
9570 0.484109 -0.00126028 -0.0669804 0.01 43 43 0 0 0
9572 0.540837 -0.00108837 -0.0674836 0.01 87 87 0 0 0
9578 0.521558 -0.00114679 -0.0401274 0.01 42 42 0 0 0
9599 0.521558 -0.00114679 -0.0565576 0.01 43 43 0 0 0
9600 0.467272 -0.0013113 -0.0669804 0.01 43 43 0 0 0
9603 0.521558 -0.00114679 -0.0465328 0.01 42 42 0 0 0
9610 0.521947 -0.00114562 -0.0889294 0.01 60 60 0 0 0
9618 0.521006 -0.00114847 -0.0850536 0.01 60 60 0 0 0
9620 0.540837 -0.00108837 -0.0674836 0.01 88 88 0 0 0
9636 0.521558 -0.00114679 -0.0465328 0.01 44 44 0 0 0
9639 0.521947 -0.00114562 -0.0820192 0.01 60 60 0 0 0
9640 0.521558 -0.00114679 -0.0565576 0.01 43 43 0 0 0
9645 0.516217 -0.00116298 -0.0568122 0.01 43 43 0.00346704 -0.00534099 0
9652 0.521558 -0.00114679 -0.0550719 0.01 44 44 0 0 0
9656 0.521558 -0.00114679 -0.0585298 0.01 43 43 0 0 0
9657 0.491672 -0.00123736 -0.0669804 0.01 43 45 0 0 0
9664 0.540837 -0.00108837 -0.0674836 0.01 87 87 0 0 0
9673 0.521558 -0.00114679 -0.0669804 0.01 44 44 0 0 0
9674 0.540837 -0.00108837 -0.0674836 0.01 87 87 0 0 0
9690 0.561969 -0.00102434 -0.0788278 0.01 60 59 0 0 0
9704 0.521558 -0.00114679 -0.0669804 0.01 44 44 0 0 0
9713 0.497633 -0.00121929 -0.0850782 0.01 60 60 0 0 0
9718 0.521558 -0.00114679 -0.0565576 0.01 42 43 0 0 0
9733 0.538217 -0.00109631 -0.0396192 0.01 42 42 0 0 0
9739 0.485417 -0.00125631 -0.0960052 0.01 60 60 0 0 0
9747 0.521558 -0.00114679 -0.0643254 0.01 44 44 0 0 0
9755 0.540837 -0.00108837 -0.0674836 0.01 87 87 0 0 0
9758 0.521558 -0.00114679 -0.0643254 0.01 43 44 0 0 0
9775 0.524524 -0.00113781 -0.0764162 0.01 60 60 0 0 0
9779 0.511752 -0.00117651 -0.0465328 0.01 42 42 0 0 0
9788 0.521558 -0.00114679 -0.0565576 0.01 43 44 0 0 0
9793 0.484109 -0.00126028 -0.0669804 0.01 43 43 0 0 0
9796 0.510221 -0.00118115 -0.0669804 0.01 44 44 0 0 0
9823 0.521558 -0.00114679 -0.0496369 0.01 43 43 0 0 0
9825 0.506078 -0.0011937 -0.0514 0.01 60 59 0 0 0
9827 0.521558 -0.00114679 -0.0550719 0.01 42 42 0 0 0
9849 0.521558 -0.00114679 -0.0565576 0.01 43 43 0 0 0
9855 0.521558 -0.00114679 -0.0565576 0.01 42 42 0 0 0
9861 0.50099 -0.00120912 -0.0542334 0.01 60 60 0 0 0
9863 0.521558 -0.00114679 -0.0669804 0.01 44 44 0 0 0
9876 0.494942 -0.00122745 -0.0729369 0.01 60 60 0 0 0
9886 0.521558 -0.00114679 -0.0565576 0.01 43 43 0 0 0
9891 0.521558 -0.00114679 -0.0565576 0.01 42 42 0 0 0
9901 0.470366 -0.00130192 -0.0729369 0.01 60 59 0 0 0
9912 0.513556 -0.00117104 -0.0638471 0.01 60 60 0 0 0
9930 0.540837 -0.00108837 -0.0674836 0.01 87 87 0 0 0
9955 0.484109 -0.00126028 -0.0669804 0.01 42 43 0 0 0
9971 0.521558 -0.00114679 -0.0577781 0.01 43 43 0 0 0
9976 0.521558 -0.00114679 -0.0585298 0.01 44 44 0 0 0
9990 0.521558 -0.00114679 -0.0669804 0.01 44 44 0 0 0
9996 0.540837 -0.00108837 -0.0674836 0.01 88 87 0 0 0
10000 0.534691 -0.001107 -0.0867018 0.01 60 60 0 0 0
10003 0.47575 -0.00128561 -0.0813473 0.01 60 60 0 0 0
10007 0.521558 -0.00114679 -0.0669804 0.01 43 44 0 0 0
10013 0.521558 -0.00114679 -0.0565576 0.01 42 42 0 0 0
10016 0.521558 -0.00114679 -0.0669804 0.01 44 44 0 0 0
10038 0.510126 -0.00118144 -0.0980594 0.01 60 60 0 0 0
10040 0.521558 -0.00114679 -0.0565576 0.01 42 42 0 0 0
10041 0.521558 -0.00114679 -0.0568122 0.01 44 44 0.00197177 0 0.00751322
10074 0.540837 -0.00108837 -0.0631226 0.01 89 89 0 0 0
10082 0.522087 -0.00114519 -0.074242 0.01 44 45 0 0 0
10084 0.521558 -0.00114679 -0.0820192 0.01 44 46 0 0 0
10091 0.522109 -0.00114512 -0.0812099 0.01 60 60 0 0 0
10100 0.521558 -0.00114679 -0.0669804 0.01 44 44 0 0 0
10106 0.540837 -0.00108837 -0.086 0.01 87 86 0 0 0
10145 0.521947 -0.00114562 -0.0820192 0.01 60 61 0 0 0
10149 0.521558 -0.00114679 -0.0568122 0.01 44 44 0 0 0
10162 0.521558 -0.00114679 -0.0568122 0.01 44 44 0 0 0
10168 0.455593 -0.00134669 -0.0669804 0.01 43 43 0.00948083 -0.0116787 0
10198 0.521558 -0.00114679 -0.0565576 0.01 43 43 0 0 0
10213 0.521558 -0.00114679 -0.0669804 0.01 44 44 0 0 0
10221 0.521558 -0.00114679 -0.0565576 0.01 42 42 0 0 0
10246 0.521558 -0.00114679 -0.0585298 0.01 43 43 0 0 0
10254 0.521558 -0.00114679 -0.0577781 0.01 42 43 0 0 0
10268 0.521558 -0.00114679 -0.0669804 0.01 42 44 0 0 0
10270 0.521558 -0.00114679 -0.0565576 0.01 42 42 0 0 0
10272 0.521558 -0.00114679 -0.0585298 0.01 43 43 0 0 0
10296 0.484109 -0.00126028 -0.0669804 0.01 43 43 0 0 0
10304 0.521558 -0.00114679 -0.0565576 0.01 43 43 0 0 0
10305 0.521558 -0.00114679 -0.0565576 0.01 43 43 0 0 0
10322 0.540837 -0.00108837 -0.0674836 0.01 88 87 0 0 0
10326 0.521558 -0.00114679 -0.0585298 0.01 42 44 0 0 0
10327 0.521558 -0.00114679 -0.0669804 0.01 44 44 0 0 0
10340 0.521558 -0.00114679 -0.074242 0.01 44 45 0 0 0
10345 0.467272 -0.0013113 -0.0669804 0.01 43 43 0 0 0
10372 0.521558 -0.00114679 -0.0565576 0.01 43 43 0 0 0
10374 0.484109 -0.00126028 -0.0669804 0.01 43 43 0 0 0
10378 0.514543 -0.00116805 -0.0764162 0.01 60 60 0 0 0
10399 0.540837 -0.00108837 -0.0674836 0.01 87 87 0 0 0
10401 0.540837 -0.00108837 -0.086 0.01 88 88 0 0 0
10404 0.521558 -0.00114679 -0.0577781 0.01 43 43 0 0 0
10408 0.521558 -0.00114679 -0.0669804 0.01 44 44 0 0 0
10416 0.497633 -0.00121929 -0.0907942 0.01 60 60 0 0 0
10438 0.514624 -0.00116781 -0.0811682 0.01 60 60 0 0 0
10446 0.540837 -0.00108837 -0.086 0.01 88 88 0 0 0
10495 0.521558 -0.00114679 -0.0496369 0.01 44 44 0 0 0
10530 0.521558 -0.00114679 -0.0565576 0.01 42 42 0 0 0
10540 0.543491 -0.00108033 -0.0496369 0.01 44 44 0 0 0
10553 0.540837 -0.00108837 -0.086 0.01 87 87 0 0 0
10557 0.527791 -0.00112791 -0.0729369 0.01 60 60 0 0 0
10572 0.484109 -0.00126028 -0.0669804 0.01 43 43 0 0 0
10616 0.521558 -0.00114679 -0.0550719 0.01 44 44 0 0 0
10632 0.533123 -0.00111175 -0.0496369 0.01 44 44 0.0065393 -0.0103686 0
10636 0.562327 -0.00102325 -0.0671643 0.01 60 60 0 0 0
10641 0.540837 -0.00108837 -0.0674836 0.01 87 87 0 0 0
10649 0.540837 -0.00108837 -0.0784706 0.01 88 88 0 0 0
10656 0.494942 -0.00122745 -0.0568386 0.01 60 60 0 0 0
10660 0.559833 -0.00103081 -0.0509352 0.01 60 60 0 0 0
10682 0.521558 -0.00114679 -0.0669804 0.01 44 44 0 0 0
10694 0.521558 -0.00114679 -0.0565576 0.01 43 43 0 0 0
10709 0.484779 -0.00125824 -0.0784125 0.01 60 59 0 0 0
10713 0.521558 -0.00114679 -0.0565576 0.01 42 42 0 0 0
10719 0.540837 -0.00108837 -0.0674836 0.01 87 87 0 0 0
10722 0.519321 -0.00115357 -0.0669804 0.01 44 44 0 0 0
10725 0.521558 -0.00114679 -0.0401274 0.01 42 42 0 0 0
10764 0.484109 -0.00126028 -0.0669804 0.01 43 43 0 0 0
10767 0.540837 -0.00108837 -0.0674836 0.01 88 88 0 0 0
10780 0.521558 -0.00114679 -0.0550719 0.01 43 43 0 0 0
10782 0.510961 -0.00117891 -0.0669804 0.01 44 44 0.00712103 -0.0105966 0
10787 0.562327 -0.00102325 -0.0671643 0.01 60 60 0 0 0
10809 0.540837 -0.00108837 -0.0674836 0.01 88 88 0 0 0
10815 0.513821 -0.00117024 -0.0788278 0.01 60 60 0 0 0
10817 0.540837 -0.00108837 -0.086 0.01 88 88 0 0 0
10824 0.540837 -0.00108837 -0.086 0.01 87 87 0 0 0
10833 0.493256 -0.00123256 -0.0966732 0.01 60 59 0 0 0
10844 0.540837 -0.00108837 -0.0674836 0.01 88 88 0 0 0
10847 0.527797 -0.00112789 -0.0465328 0.01 43 43 0 0 0
10848 0.538217 -0.00109631 -0.0396192 0.01 42 42 0 0 0
10852 0.521558 -0.00114679 -0.074242 0.01 44 45 0 0 0
10861 0.514173 -0.00116917 -0.0669804 0.01 44 44 0 0 0
10868 0.540837 -0.00108837 -0.0674836 0.01 87 87 0 0 0
10870 0.515303 -0.00116575 -0.0565576 0.01 43 43 0.00406988 -0.00625503 0
10871 0.521558 -0.00114679 -0.0669804 0.01 43 44 0 0 0
10878 0.521558 -0.00114679 -0.0669804 0.01 44 44 0 0 0
10883 0.540837 -0.00108837 -0.0774805 0.01 88 88 0.0273891 0 0.00851952
10921 0.521558 -0.00114679 -0.0550719 0.01 43 43 0 0 0
10926 0.521558 -0.00114679 -0.0669804 0.01 44 44 0 0 0
10928 0.484109 -0.00126028 -0.0669804 0.01 44 44 0 0 0
10933 0.540837 -0.00108837 -0.0631226 0.01 89 89 0 0 0
10952 0.521558 -0.00114679 -0.0585298 0.01 43 43 0 0 0
10953 0.540837 -0.00108837 -0.0674836 0.01 88 88 0 0 0
10962 0.526885 -0.00113065 -0.074242 0.01 44 45 0 0 0
10963 0.521558 -0.00114679 -0.0465328 0.01 43 43 0 0 0
10964 0.540837 -0.00108837 -0.0674836 0.01 88 88 0 0 0
10966 0.521558 -0.00114679 -0.0465328 0.01 43 43 0 0 0
10983 0.540837 -0.00108837 -0.0674836 0.01 87 87 0 0 0
10988 0.521558 -0.00114679 -0.0565576 0.01 43 43 0 0 0
10997 0.521558 -0.00114679 -0.074242 0.01 43 45 0 0 0
11007 0.540837 -0.00108837 -0.0674836 0.01 88 88 0 0 0
11008 0.521558 -0.00114679 -0.0565576 0.01 42 43 0 0 0
11023 0.517137 -0.00116019 -0.0907942 0.01 60 60 0 0 0
11053 0.521558 -0.00114679 -0.0565576 0.01 43 43 0 0 0
11065 0.521558 -0.00114679 -0.0565576 0.01 43 43 0 0 0
11068 0.540837 -0.00108837 -0.0674836 0.01 88 88 0 0 0
11076 0.521558 -0.00114679 -0.0565576 0.01 43 43 0 0 0
11095 0.521558 -0.00114679 -0.0585298 0.01 44 44 0 0 0
11098 0.491672 -0.00123736 -0.0669804 0.01 44 44 0 0 0
11101 0.521558 -0.00114679 -0.0465328 0.01 43 43 0 0 0
11106 0.521558 -0.00114679 -0.0669804 0.01 44 44 0 0 0
11113 0.521558 -0.00114679 -0.0422998 0.01 43 43 0 0 0
11117 0.521558 -0.00114679 -0.0669804 0.01 44 44 0 0 0
11128 0.521558 -0.00114679 -0.0496369 0.01 43 43 0 0 0
11131 0.521558 -0.00114679 -0.0565576 0.01 42 42 0 0 0
11143 0.47575 -0.00128561 -0.0813473 0.01 60 60 0 0 0
11146 0.540837 -0.00108837 -0.0732432 0.01 87 87 0 0 0
11147 0.540837 -0.00108837 -0.0784706 0.01 88 88 0 0 0
11170 0.497633 -0.00121929 -0.0907942 0.01 60 60 0 0 0
11189 0.521558 -0.00114679 -0.0669804 0.01 44 44 0 0 0
11196 0.497633 -0.00121929 -0.0907942 0.01 60 60 0 0 0
11201 0.52477 -0.00113706 -0.0764162 0.01 60 60 0 0 0
11224 0.521558 -0.00114679 -0.0669804 0.01 44 44 0 0 0
11238 0.521558 -0.00114679 -0.0565576 0.01 43 43 0 0 0
11251 0.510454 -0.00118044 -0.0689434 0.01 60 60 0 0 0
11283 0.521558 -0.00114679 -0.0669804 0.01 44 44 0 0 0
11286 0.467272 -0.0013113 -0.0669804 0.01 43 43 0 0 0
11304 0.517531 -0.001159 -0.0669804 0.01 44 44 0 0 0
11305 0.521558 -0.00114679 -0.0669804 0.01 44 44 0 0 0
11327 0.540837 -0.00108837 -0.0674836 0.01 88 88 0 0 0
11329 0.521558 -0.00114679 -0.0565576 0.01 44 44 0 0 0
11330 0.514005 -0.00116968 -0.0614136 0.01 60 60 0 0 0
11350 0.540837 -0.00108837 -0.0674836 0.01 87 87 0 0 0
11353 0.521558 -0.00114679 -0.0568122 0.01 44 44 0 0 0
11369 0.539949 -0.00109106 -0.086 0.01 89 89 0 0 0
11372 0.521558 -0.00114679 -0.0669804 0.01 44 44 0 0 0
11379 0.540837 -0.00108837 -0.0732432 0.01 87 87 0 0 0
11394 0.521558 -0.00114679 -0.0565576 0.01 43 43 0 0 0
11428 0.521558 -0.00114679 -0.0568122 0.01 43 43 0 0 0
11437 0.527899 -0.00112758 -0.0669804 0.01 44 44 0 0 0
11442 0.527723 -0.00112811 -0.0669804 0.01 44 44 0 0 0
11444 0.521558 -0.00114679 -0.0568122 0.01 44 44 0 0 0
11449 0.494942 -0.00122745 -0.0729369 0.01 60 60 0 0 0
11462 0.521558 -0.00114679 -0.0465328 0.01 42 42 0 0 0
11465 0.521558 -0.00114679 -0.0585298 0.01 43 43 0 0 0
11467 0.513821 -0.00117024 -0.0788278 0.01 60 60 0 0 0
11475 0.593519 -0.00092873 -0.0832697 0.01 60 60 0 0 0
11476 0.540837 -0.00108837 -0.0665497 0.01 87 87 0 0 0
11498 0.510232 -0.00118111 -0.074242 0.01 44 45 0 0 0
11502 0.540837 -0.00108837 -0.0674836 0.01 88 88 0 0 0
11507 0.521558 -0.00114679 -0.0565576 0.01 44 44 0 0 0
11521 0.521558 -0.00114679 -0.0669804 0.01 44 44 0 0 0
11522 0.495876 -0.00122462 -0.0965884 0.01 60 60 0 0 0
11525 0.521558 -0.00114679 -0.0565576 0.01 43 43 0 0 0
11538 0.500744 -0.00120987 -0.0764162 0.01 60 60 0 0 0
11553 0.521558 -0.00114679 -0.0820192 0.01 44 46 0 0 0
11558 0.521558 -0.00114679 -0.074242 0.01 44 45 0 0 0
11561 0.521558 -0.00114679 -0.0669804 0.01 44 44 0 0 0
11569 0.501154 -0.00120862 -0.0790911 0.01 44 45 0 0 0
11579 0.524524 -0.00113781 -0.0764162 0.01 60 60 0 0 0
11585 0.521558 -0.00114679 -0.0669804 0.01 44 44 0 0 0
11595 0.540837 -0.00108837 -0.0674836 0.01 89 89 0 0 0
11598 0.484109 -0.00126028 -0.0669804 0.01 42 43 0 0 0
11608 0.521558 -0.00114679 -0.0565576 0.01 42 42 0 0 0
11614 0.538217 -0.00109631 -0.0565576 0.01 43 43 0 0 0
11637 0.537566 -0.00109828 -0.086 0.01 88 88 0 0 0
11666 0.52173 -0.00114627 -0.0669804 0.01 44 44 0 0 0
11667 0.538217 -0.00109631 -0.0565576 0.01 43 43 0 0 0
11681 0.521558 -0.00114679 -0.0400316 0.01 43 43 0.00463715 0 0.0150403
11713 0.540837 -0.00108837 -0.0933712 0.01 88 88 -0.0206427 0 -0.00737119
11715 0.521558 -0.00114679 -0.0643254 0.01 44 44 0 0 0
11720 0.521558 -0.00114679 -0.0565576 0.01 42 42 0 0 0
11721 0.521558 -0.00114679 -0.0496369 0.01 43 43 0 0 0
11741 0.484109 -0.00126028 -0.0669804 0.01 44 44 0 0 0
11759 0.540837 -0.00108837 -0.068412 0.01 87 87 0 0 0
11762 0.53072 -0.00111903 -0.0764162 0.01 60 60 0 0 0
11767 0.510126 -0.00118144 -0.114712 0.01 60 60 0 0 0
11775 0.540837 -0.00108837 -0.0631226 0.01 89 89 0 0 0
11789 0.540837 -0.00108837 -0.0674836 0.01 88 88 0 0 0
11795 0.521558 -0.00114679 -0.0465328 0.01 42 42 0 0 0
11806 0.540837 -0.00108837 -0.0674836 0.01 87 87 0 0 0
11814 0.524422 -0.00113812 -0.0945598 0.01 60 60 0 0 0
11826 0.521558 -0.00114679 -0.0565576 0.01 43 43 0 0 0
11832 0.521558 -0.00114679 -0.0669804 0.01 44 44 0 0 0
11838 0.487004 -0.0012515 -0.066 0.01 60 60 0 0 0
11867 0.494942 -0.00122745 -0.0729369 0.01 60 60 0 0 0
11881 0.540837 -0.00108837 -0.086 0.01 87 87 0 0 0
11894 0.521558 -0.00114679 -0.0669804 0.01 44 44 0 0 0
11899 0.521558 -0.00114679 -0.0669804 0.01 44 44 0 0 0
11906 0.47575 -0.00128561 -0.0813473 0.01 60 60 0 0 0
11914 0.484109 -0.00126028 -0.0669804 0.01 44 44 0 0 0
11930 0.521558 -0.00114679 -0.0669804 0.01 44 44 0 0 0
11931 0.514294 -0.00116881 -0.0698566 0.01 60 60 0 0 0
11951 0.521558 -0.00114679 -0.074242 0.01 44 45 0 0 0
11959 0.540837 -0.00108837 -0.0865828 0.01 87 87 0 0 0
11969 0.540837 -0.00108837 -0.0674836 0.01 88 88 0 0 0
11986 0.540837 -0.00108837 -0.086 0.01 88 88 0 0 0
11987 0.530991 -0.00111821 -0.0408467 0.01 60 61 0 0 0
11988 0.521558 -0.00114679 -0.0568122 0.01 44 44 0 0 0
11989 0.483556 -0.00126195 -0.0907942 0.01 60 60 0 0 0
12001 0.521558 -0.00114679 -0.0550719 0.01 43 43 0 0 0
12003 0.484109 -0.00126028 -0.0669804 0.01 43 43 0 0 0
12008 0.508083 -0.00118763 -0.0465328 0.01 43 43 0 0 0
12032 0.521558 -0.00114679 -0.0556163 0.01 44 44 0 0 0
12035 0.540837 -0.00108837 -0.0674836 0.01 88 88 0 0 0
12057 0.540837 -0.00108837 -0.086 0.01 87 87 0 0 0
12059 0.521558 -0.00114679 -0.0550719 0.01 44 44 0 0 0
12063 0.470366 -0.00130192 -0.0679369 0.01 60 60 0 0 0
12066 0.540837 -0.00108837 -0.0674836 0.01 88 88 0 0 0
12068 0.484109 -0.00126028 -0.0644426 0.01 43 43 0.000884369 0 0.00253771
12074 0.521558 -0.00114679 -0.0568122 0.01 43 43 0 0 0
12079 0.520448 -0.00115016 -0.10711 0.01 60 60 0 0 0
12085 0.521558 -0.00114679 -0.0669804 0.01 44 44 0 0 0
12097 0.521558 -0.00114679 -0.0465328 0.01 42 42 0 0 0
12107 0.540837 -0.00108837 -0.0665497 0.01 87 87 0 0 0
12116 0.521558 -0.00114679 -0.0565576 0.01 44 43 0 0 0
12123 0.521558 -0.00114679 -0.0463827 0.01 42 42 0 0 0
12155 0.521558 -0.00114679 -0.0422998 0.01 43 43 0 0 0
12157 0.510126 -0.00118144 -0.111533 0.01 60 61 0 0 0
12161 0.527196 -0.00112971 -0.074242 0.01 44 45 0 0 0
12166 0.521558 -0.00114679 -0.0669804 0.01 44 44 0 0 0
12168 0.521948 -0.00114561 -0.074242 0.01 44 45 0 0 0
12180 0.491135 -0.00123898 -0.066 0.01 60 60 0 0 0
12186 0.521558 -0.00114679 -0.0490579 0.01 44 44 0 0 0
12199 0.521558 -0.00114679 -0.0562784 0.01 44 44 0.00280409 0 0.0107019
12203 0.521558 -0.00114679 -0.0565576 0.01 42 42 0 0 0
12218 0.498822 -0.00121569 -0.0691663 0.01 60 60 0 0 0
12227 0.521558 -0.00114679 -0.0565576 0.01 43 43 0 0 0
12232 0.521558 -0.00114679 -0.0565576 0.01 42 42 0 0 0
12243 0.521558 -0.00114679 -0.0565576 0.01 43 43 0 0 0
12270 0.538217 -0.00109631 -0.0565576 0.01 43 43 0 0 0
12274 0.527723 -0.00112811 -0.0669804 0.01 44 44 0 0 0
12278 0.508083 -0.00118763 -0.0465328 0.01 42 42 0 0 0
12280 0.540837 -0.00108837 -0.086 0.01 87 87 0 0 0
12281 0.521558 -0.00114679 -0.0422998 0.01 42 43 0 0 0
12314 0.484109 -0.00126028 -0.0669804 0.01 43 43 0 0 0
12328 0.540837 -0.00108837 -0.0631226 0.01 89 89 0 0 0
12329 0.494942 -0.00122745 -0.0729369 0.01 60 60 0 0 0
12338 0.521558 -0.00114679 -0.0669804 0.01 43 44 0 0 0
12341 0.513556 -0.00117104 -0.0638471 0.01 60 59 0 0 0
12361 0.540837 -0.00108837 -0.0674836 0.01 87 87 0 0 0
12362 0.521558 -0.00114679 -0.074242 0.01 44 45 0 0 0
12384 0.521558 -0.00114679 -0.0496369 0.01 43 43 0 0 0
12414 0.540837 -0.00108837 -0.0631226 0.01 89 89 0 0 0
12416 0.494942 -0.00122745 -0.0729369 0.01 60 60 0 0 0
12417 0.521558 -0.00114679 -0.0577781 0.01 43 43 0 0 0
12424 0.521558 -0.00114679 -0.0669804 0.01 44 44 0 0 0
12440 0.521558 -0.00114679 -0.0565576 0.01 42 42 0 0 0
12443 0.521558 -0.00114679 -0.0669804 0.01 44 44 0 0 0
12445 0.513556 -0.00117104 -0.0638471 0.01 60 60 0 0 0
12447 0.510454 -0.00118044 -0.0689434 0.01 60 60 0 0 0
12460 0.521558 -0.00114679 -0.0577781 0.01 43 43 0 0 0
12464 0.521558 -0.00114679 -0.0669804 0.01 44 44 0 0 0
12485 0.540837 -0.00108837 -0.0674836 0.01 88 88 0 0 0
12516 0.521558 -0.00114679 -0.074242 0.01 44 45 0 0 0
12555 0.521558 -0.00114679 -0.0465328 0.01 43 43 0 0 0
12558 0.540837 -0.00108837 -0.0674836 0.01 88 88 0 0 0
12577 0.521558 -0.00114679 -0.0490579 0.01 44 44 0 0 0
12582 0.526049 -0.00113319 -0.0446702 0.01 60 60 0 0 0
12584 0.524422 -0.00113812 -0.0945598 0.01 60 60 0 0 0
12590 0.505721 -0.00119478 -0.0517571 0.01 60 60 0 0 0
12592 0.521558 -0.00114679 -0.0565576 0.01 43 43 0 0 0
12598 0.538217 -0.00109631 -0.0565576 0.01 43 43 0 0 0
12617 0.47575 -0.00128561 -0.0813473 0.01 60 61 0 0 0
12629 0.521558 -0.00114679 -0.0669804 0.01 44 44 0 0 0
12638 0.521947 -0.00114562 -0.0820192 0.01 60 60 0 0 0
12656 0.521558 -0.00114679 -0.0565576 0.01 42 42 0 0 0
12665 0.527791 -0.00112791 -0.0823302 0.01 60 60 0 0 0
12671 0.539949 -0.00109106 -0.0803297 0.01 89 89 0.0179018 0 0.00567027
12675 0.540837 -0.00108837 -0.0660854 0.01 87 87 0 0 0
12678 0.521558 -0.00114679 -0.0669804 0.01 43 44 0 0 0
12681 0.521006 -0.00114847 -0.0728202 0.01 60 60 0 0 0
12692 0.521558 -0.00114679 -0.0669804 0.01 44 44 0 0 0
12696 0.521558 -0.00114679 -0.0465328 0.01 43 43 0 0 0
12710 0.511071 -0.00117857 -0.0729369 0.01 60 60 0 0 0
12720 0.540837 -0.00108837 -0.0674836 0.01 87 87 0 0 0
12721 0.498822 -0.00121569 -0.0691663 0.01 60 60 0 0 0
12737 0.521558 -0.00114679 -0.0565576 0.01 42 42 0 0 0
12758 0.521558 -0.00114679 -0.0465328 0.01 42 42 0 0 0
12759 0.521558 -0.00114679 -0.0565576 0.01 43 42 0 0 0
12765 0.537508 -0.00109846 -0.0764162 0.01 60 60 0 0 0
12773 0.521558 -0.00114679 -0.0568122 0.01 43 43 0 0 0
12788 0.540837 -0.00108837 -0.0674836 0.01 87 87 0 0 0
12789 0.521558 -0.00114679 -0.0669804 0.01 44 44 0 0 0
12796 0.540837 -0.00108837 -0.0674836 0.01 87 87 0 0 0
12797 0.514543 -0.00116805 -0.0764162 0.01 60 60 0 0 0
12799 0.521558 -0.00114679 -0.0465328 0.01 42 42 0 0 0
12800 0.470366 -0.00130192 -0.0729369 0.01 60 60 0 0 0
12804 0.521558 -0.00114679 -0.0577781 0.01 43 43 0 0 0
12806 0.540837 -0.00108837 -0.0674836 0.01 87 87 0 0 0
12824 0.540837 -0.00108837 -0.0474949 0.01 87 87 0.0985557 0 0.0209171
12825 0.521558 -0.00114679 -0.0577781 0.01 43 43 0 0 0
12830 0.540837 -0.00108837 -0.0674836 0.01 88 88 0 0 0
12843 0.513556 -0.00117104 -0.0638471 0.01 60 60 0 0 0
12849 0.498822 -0.00121569 -0.0691663 0.01 60 60 0 0 0
12851 0.540837 -0.00108837 -0.0674836 0.01 87 87 0 0 0
12862 0.540837 -0.00108837 -0.0674836 0.01 89 89 0 0 0
12868 0.490996 -0.00123941 -0.0669804 0.01 43 43 -0.00500326 0.00688717 0
12869 0.484109 -0.00126028 -0.0669804 0.01 43 43 0 0 0
12877 0.521558 -0.00114679 -0.0465328 0.01 44 44 0 0 0
12881 0.540837 -0.00108837 -0.0842539 0.01 89 89 0 0 0
12893 0.47575 -0.00128561 -0.0813473 0.01 60 60 0 0 0
12894 0.521558 -0.00114679 -0.0565576 0.01 43 43 0 0 0
12898 0.521558 -0.00114679 -0.0669804 0.01 44 44 0 0 0
12902 0.495876 -0.00122462 -0.106782 0.01 60 60 0 0 0
12903 0.521006 -0.00114847 -0.0815334 0.01 60 60 0 0 0
12911 0.521558 -0.00114679 -0.0577781 0.01 43 43 0 0 0
12919 0.521558 -0.00114679 -0.0640128 0.01 44 44 0 0 0
12929 0.521558 -0.00114679 -0.0669804 0.01 44 45 0 0 0
12953 0.540837 -0.00108837 -0.0674836 0.01 87 87 0 0 0
12965 0.559833 -0.00103081 -0.0509352 0.01 60 60 0 0 0
12979 0.540837 -0.00108837 -0.0674836 0.01 88 88 0 0 0
12987 0.521558 -0.00114679 -0.0565576 0.01 43 43 0 0 0
12998 0.526049 -0.00113319 -0.0844632 0.01 60 60 0 0 0
13006 0.521558 -0.00114679 -0.0565576 0.01 42 42 0 0 0
13023 0.521558 -0.00114679 -0.0530301 0.01 44 44 0 0 0
13026 0.515294 -0.00116578 -0.0446702 0.01 60 60 0.0102454 -0.0107546 0
13033 0.521558 -0.00114679 -0.0422998 0.01 43 43 0 0 0
13045 0.521558 -0.00114679 -0.0465328 0.01 42 42 0 0 0
13052 0.521558 -0.00114679 -0.0497004 0.01 42 42 0 0 0
13053 0.521558 -0.00114679 -0.0669804 0.01 44 44 0 0 0
13064 0.521558 -0.00114679 -0.0565576 0.01 42 42 0 0 0
13065 0.521947 -0.00114562 -0.0820192 0.01 60 60 0 0 0
13079 0.521558 -0.00114679 -0.0669804 0.01 44 44 0 0 0
13123 0.470366 -0.00130192 -0.0729369 0.01 60 60 0 0 0
13128 0.517137 -0.00116019 -0.0907942 0.01 60 60 0 0 0
13140 0.521558 -0.00114679 -0.0669804 0.01 44 44 0 0 0
13147 0.521558 -0.00114679 -0.0565576 0.01 43 43 0 0 0
13160 0.521558 -0.00114679 -0.074242 0.01 43 46 0 0 0
13178 0.521558 -0.00114679 -0.0550719 0.01 43 43 0 0 0
13184 0.540837 -0.00108837 -0.086 0.01 88 88 0 0 0
13192 0.542179 -0.0010843 -0.0758387 0.01 60 60 0 0 0
13194 0.521558 -0.00114679 -0.0465328 0.01 43 43 0 0 0
13201 0.486115 -0.0012542 -0.0669804 0.01 44 44 -0.00153565 0.00200632 0
13206 0.521558 -0.00114679 -0.0577781 0.01 43 43 0 0 0
13210 0.521558 -0.00114679 -0.0401274 0.01 42 42 0 0 0
13224 0.540837 -0.00108837 -0.0674836 0.01 87 87 0 0 0
13225 0.540837 -0.00108837 -0.0674836 0.01 88 88 0 0 0
13228 0.521558 -0.00114679 -0.0465328 0.01 43 43 0 0 0
13241 0.521558 -0.00114679 -0.0669804 0.01 44 44 0 0 0
13245 0.524422 -0.00113812 -0.0945598 0.01 60 60 0 0 0
13254 0.521558 -0.00114679 -0.0568122 0.01 43 44 0 0 0
13259 0.523374 -0.00114129 -0.0764162 0.01 60 60 0 0 0
13265 0.521558 -0.00114679 -0.0565576 0.01 42 42 0 0 0
13271 0.538217 -0.00109631 -0.0565576 0.01 43 43 0 0 0
13284 0.521558 -0.00114679 -0.0565576 0.01 42 42 0 0 0
13286 0.540837 -0.00108837 -0.0674836 0.01 88 88 0 0 0
13318 0.521558 -0.00114679 -0.0577781 0.01 43 43 0 0 0
13326 0.484109 -0.00126028 -0.0669804 0.01 43 43 0 0 0
13337 0.521558 -0.00114679 -0.0465328 0.01 42 42 0 0 0
13341 0.526076 -0.0011331 -0.0669804 0.01 44 44 -0.00294182 0.00451791 0
13360 0.521558 -0.00114679 -0.0669804 0.01 43 44 0 0 0
13370 0.487881 -0.00124885 -0.0729369 0.01 60 60 0 0 0
13386 0.523374 -0.00114129 -0.0764162 0.01 60 60 0 0 0
13390 0.521558 -0.00114679 -0.0550719 0.01 42 42 0 0 0
13407 0.540837 -0.00108837 -0.086 0.01 87 87 0 0 0
13408 0.521558 -0.00114679 -0.0565576 0.01 43 43 0 0 0
13425 0.499448 -0.00121379 -0.086 0.01 88 88 0.0106016 -0.0413888 0
13430 0.540837 -0.00108837 -0.086 0.01 88 88 0 0 0
13436 0.521558 -0.00114679 -0.0496369 0.01 43 43 0 0 0
13456 0.510126 -0.00118144 -0.0907942 0.01 60 59 0 0 0
13460 0.521558 -0.00114679 -0.0496369 0.01 43 43 0 0 0
13472 0.47575 -0.00128561 -0.0813473 0.01 60 60 0 0 0
13474 0.521558 -0.00114679 -0.0669804 0.01 44 44 0 0 0
13484 0.521558 -0.00114679 -0.0568122 0.01 43 43 0 0 0
13511 0.526049 -0.00113319 -0.0844632 0.01 60 61 0 0 0
13531 0.467272 -0.0013113 -0.0301739 0.01 43 43 0.0142647 0 0.0368065
13533 0.521558 -0.00114679 -0.0669804 0.01 44 44 0 0 0
13539 0.521558 -0.00114679 -0.0565576 0.01 42 42 0 0 0
13556 0.521558 -0.00114679 -0.0640128 0.01 44 44 0 0 0
13562 0.563488 -0.00101973 -0.0445603 0.01 87 87 0 0 0
13576 0.540837 -0.00108837 -0.086 0.01 88 88 0 0 0
13581 0.521558 -0.00114679 -0.0496369 0.01 43 43 0 0 0
13606 0.521558 -0.00114679 -0.0422998 0.01 43 43 0 0 0
13615 0.540837 -0.00108837 -0.086 0.01 87 87 0 0 0
13618 0.540837 -0.00108837 -0.0674836 0.01 88 88 0 0 0
13625 0.540837 -0.00108837 -0.068412 0.01 87 87 0 0 0
13626 0.521558 -0.00114679 -0.0669804 0.01 44 44 0 0 0
13630 0.523374 -0.00114129 -0.0670744 0.01 60 60 0.00158739 0 0.0093418
13632 0.512811 -0.0011733 -0.0568122 0.01 44 44 0.00595377 -0.00874639 0
13649 0.514294 -0.00116881 -0.0820192 0.01 60 61 0 0 0
13655 0.521558 -0.00114679 -0.0565576 0.01 43 43 0 0 0
13656 0.540837 -0.00108837 -0.0674836 0.01 88 88 0 0 0
13661 0.521558 -0.00114679 -0.0669804 0.01 44 44 0 0 0
13693 0.521558 -0.00114679 -0.0565576 0.01 43 43 0 0 0
13701 0.470366 -0.00130192 -0.0729369 0.01 60 60 0 0 0
13720 0.521558 -0.00114679 -0.0496369 0.01 43 43 0 0 0
13737 0.50353 -0.00120142 -0.0907942 0.01 60 60 0 0 0
13747 0.521558 -0.00114679 -0.0565576 0.01 43 43 0 0 0
13749 0.526049 -0.00113319 -0.0764162 0.01 60 59 0 0 0
13755 0.517137 -0.00116019 -0.0792356 0.01 60 60 0 0 0
13762 0.521558 -0.00114679 -0.0465328 0.01 43 42 0 0 0
13767 0.526049 -0.00113319 -0.0764162 0.01 60 60 0 0 0
13769 0.497633 -0.00121929 -0.0850782 0.01 60 60 0 0 0
13777 0.522717 -0.00114328 -0.0788278 0.01 60 60 0 0 0
13793 0.534691 -0.001107 -0.0727546 0.01 60 60 0 0 0
13796 0.521558 -0.00114679 -0.0669804 0.01 42 44 0 0 0
13801 0.540837 -0.00108837 -0.0674836 0.01 87 86 0 0 0
13832 0.540837 -0.00108837 -0.0674836 0.01 88 87 0 0 0
13849 0.563488 -0.00101973 -0.0445603 0.01 87 87 0 0 0
13864 0.487004 -0.0012515 -0.066 0.01 60 60 0 0 0
13871 0.539949 -0.00109106 -0.086 0.01 89 89 0 0 0
13874 0.47575 -0.00128561 -0.0813473 0.01 60 60 0 0 0
13878 0.540837 -0.00108837 -0.086 0.01 87 87 0 0 0
13891 0.522109 -0.00114512 -0.0764162 0.01 60 60 0 0 0
13896 0.540837 -0.00108837 -0.0631226 0.01 89 89 0 0 0
13915 0.521947 -0.00114562 -0.0796004 0.01 60 61 0 0 0
13920 0.521558 -0.00114679 -0.0669804 0.01 44 44 0 0 0
13926 0.521558 -0.00114679 -0.0565576 0.01 42 43 0 0 0
13930 0.542889 -0.00108215 -0.086 0.01 87 87 -0.000556827 0.00205243 0
13983 0.522109 -0.00114512 -0.0764162 0.01 60 61 0 0 0
14013 0.521558 -0.00114679 -0.0669804 0.01 44 44 0 0 0
14024 0.523374 -0.00114129 -0.0764162 0.01 60 60 0 0 0
14025 0.521558 -0.00114679 -0.0465328 0.01 43 43 0 0 0
14028 0.521558 -0.00114679 -0.0568122 0.01 43 43 0 0 0
14053 0.468247 -0.00130834 -0.0729369 0.01 60 60 0 0 0
14056 0.521558 -0.00114679 -0.0577781 0.01 44 44 0 0 0
14062 0.521558 -0.00114679 -0.0585298 0.01 44 44 0 0 0
14071 0.521558 -0.00114679 -0.0565576 0.01 42 42 0 0 0
14083 0.521558 -0.00114679 -0.0565576 0.01 44 43 0 0 0
14108 0.524524 -0.00113781 -0.0764162 0.01 60 60 0 0 0
14113 0.521558 -0.00114679 -0.0669804 0.01 44 44 0 0 0
14116 0.540837 -0.00108837 -0.0674836 0.01 87 87 0 0 0
14121 0.540837 -0.00108837 -0.0484795 0.01 87 87 0 0 0
14126 0.540837 -0.00108837 -0.086 0.01 87 87 0 0 0
14138 0.540837 -0.00108837 -0.086 0.01 88 88 0 0 0
14140 0.521947 -0.00114562 -0.0820192 0.01 60 60 0 0 0
14159 0.510126 -0.00118144 -0.0907942 0.01 60 60 0 0 0
14161 0.540837 -0.00108837 -0.0674836 0.01 88 88 0 0 0
14177 0.47575 -0.00128561 -0.0813473 0.01 60 60 0 0 0
14181 0.540837 -0.00108837 -0.0674836 0.01 88 88 0 0 0
14188 0.521558 -0.00114679 -0.0565576 0.01 43 43 0 0 0
14192 0.510126 -0.00118144 -0.0728177 0.01 60 60 0 0 0
14210 0.540837 -0.00108837 -0.0674836 0.01 89 89 0 0 0
14215 0.540837 -0.00108837 -0.0674836 0.01 87 86 0 0 0
14217 0.557386 -0.00103822 -0.0674836 0.01 88 88 -0.0056037 0.0165497 0
14224 0.521558 -0.00114679 -0.0669804 0.01 43 44 0 0 0
14234 0.521558 -0.00114679 -0.0640128 0.01 44 44 0 0 0
14251 0.550354 -0.00105953 -0.086 0.01 87 87 0 0 0
14289 0.530508 -0.00111967 -0.0729369 0.01 60 60 0 0 0
14316 0.540837 -0.00108837 -0.0674836 0.01 88 88 0 0 0
14328 0.540837 -0.00108837 -0.0660854 0.01 87 86 0 0 0
14333 0.525053 -0.0011362 -0.074242 0.01 43 45 0 0 0
14341 0.497633 -0.00121929 -0.0947896 0.01 60 60 0 0 0
14353 0.521558 -0.00114679 -0.0565576 0.01 43 43 0 0 0
14361 0.521558 -0.00114679 -0.0643254 0.01 44 44 0 0 0
14403 0.526049 -0.00113319 -0.0844632 0.01 60 60 0 0 0
14404 0.484109 -0.00126028 -0.0669804 0.01 43 43 0 0 0
14410 0.495894 -0.00122456 -0.0689434 0.01 60 60 0 0 0
14423 0.561969 -0.00102434 -0.0788278 0.01 60 60 0 0 0
14430 0.521006 -0.00114847 -0.0728202 0.01 60 60 0 0 0
14431 0.521558 -0.00114679 -0.0565576 0.01 43 43 0 0 0
14436 0.580515 -0.000968138 -0.00689917 0.01 60 60 0 0 0
14441 0.521558 -0.00114679 -0.0565576 0.01 42 42 0 0 0
14449 0.523374 -0.00114129 -0.0764162 0.01 60 60 0 0 0
14460 0.483556 -0.00126195 -0.0907942 0.01 60 60 0 0 0
14469 0.521558 -0.00114679 -0.0577781 0.01 44 44 0 0 0
14475 0.521558 -0.00114679 -0.0669804 0.01 44 44 0 0 0
14477 0.540837 -0.00108837 -0.086 0.01 87 87 0 0 0
14491 0.521558 -0.00114679 -0.0565576 0.01 43 43 0 0 0
14496 0.519321 -0.00115357 -0.0669804 0.01 43 44 0 0 0
14498 0.514543 -0.00116805 -0.0764162 0.01 60 60 0 0 0
14528 0.540837 -0.00108837 -0.0674836 0.01 87 87 0 0 0
14556 0.510126 -0.00118144 -0.0728177 0.01 60 60 0 0 0
14604 0.521558 -0.00114679 -0.0465328 0.01 42 43 0 0 0
14606 0.484109 -0.00126028 -0.0669804 0.01 44 43 0 0 0
14612 0.498822 -0.00121569 -0.0691663 0.01 60 60 0 0 0
14616 0.497509 -0.00121967 -0.074242 0.01 44 45 0 0 0
14617 0.540837 -0.00108837 -0.0674836 0.01 87 87 0 0 0
14619 0.521558 -0.00114679 -0.0565576 0.01 43 43 0 0 0
14633 0.514624 -0.00116781 -0.0811682 0.01 60 59 0 0 0
14643 0.540837 -0.00108837 -0.0674836 0.01 88 88 0 0 0
14648 0.521558 -0.00114679 -0.0669804 0.01 44 44 0 0 0
14661 0.521558 -0.00114679 -0.0465328 0.01 42 42 0 0 0
14667 0.497633 -0.00121929 -0.0907942 0.01 60 60 0 0 0
14670 0.521558 -0.00114679 -0.0669804 0.01 44 44 0 0 0
14671 0.540837 -0.00108837 -0.0674836 0.01 88 88 0 0 0
14687 0.521558 -0.00114679 -0.074242 0.01 43 45 0 0 0
14701 0.540837 -0.00108837 -0.086 0.01 88 88 0 0 0
14705 0.512811 -0.0011733 -0.0568122 0.01 44 44 0 0 0
14707 0.521558 -0.00114679 -0.0565576 0.01 42 42 0 0 0
14714 0.521558 -0.00114679 -0.0465328 0.01 42 42 0 0 0
14725 0.521558 -0.00114679 -0.0640128 0.01 44 44 0 0 0
14756 0.523184 -0.00114187 -0.0669804 0.01 44 44 -0.00106505 0.00162578 0
14760 0.527899 -0.00112758 -0.0669804 0.01 44 44 0 0 0
14765 0.540837 -0.00108837 -0.086 0.01 88 88 0 0 0
14768 0.521558 -0.00114679 -0.0616711 0.01 44 44 0 0 0
14784 0.521558 -0.00114679 -0.0616711 0.01 44 44 0 0 0
14810 0.497633 -0.00121929 -0.0850782 0.01 60 60 0 0 0
14815 0.517379 -0.00115946 -0.0870561 0.01 60 60 0 0 0
14818 0.521558 -0.00114679 -0.0550719 0.01 44 43 0 0 0
14854 0.514955 -0.0011668 -0.0606305 0.01 44 44 0 0 0
14855 0.540837 -0.00108837 -0.0674836 0.01 87 87 0 0 0
14863 0.463335 -0.00132323 -0.0669804 0.01 44 44 0.00327282 -0.00393632 0
14878 0.521558 -0.00114679 -0.0565576 0.01 43 43 0 0 0
14883 0.540837 -0.00108837 -0.0598772 0.01 87 87 0 0 0
14897 0.521558 -0.00114679 -0.0669804 0.01 44 44 0 0 0
14907 0.528207 -0.00112665 -0.0496369 0.01 42 42 0 0 0
14911 0.540837 -0.00108837 -0.086 0.01 88 88 0 0 0
14918 0.497633 -0.00121929 -0.107378 0.01 60 60 0 0 0
14926 0.521558 -0.00114679 -0.0577781 0.01 43 43 0 0 0
14927 0.521558 -0.00114679 -0.0577781 0.01 44 43 0 0 0
14928 0.521558 -0.00114679 -0.0565576 0.01 43 43 0 0 0
14937 0.540837 -0.00108837 -0.0674836 0.01 87 87 0 0 0
14949 0.484109 -0.00126028 -0.0669804 0.01 44 44 0 0 0
14952 0.521558 -0.00114679 -0.0565576 0.01 44 43 0 0 0
14955 0.521558 -0.00114679 -0.0669804 0.01 44 44 0 0 0
14958 0.470366 -0.00130192 -0.0679369 0.01 60 60 0 0 0
14963 0.540837 -0.00108837 -0.086 0.01 88 88 0 0 0
14968 0.540837 -0.00108837 -0.0732432 0.01 87 87 0 0 0
14973 0.521558 -0.00114679 -0.0669804 0.01 44 44 0 0 0
14979 0.503062 -0.00120284 -0.0669804 0.01 44 44 0 0 0
15018 0.521558 -0.00114679 -0.0565576 0.01 43 43 0 0 0
15033 0.521558 -0.00114679 -0.0669804 0.01 44 44 0 0 0
15049 0.540837 -0.00108837 -0.0674836 0.01 87 87 0 0 0
15052 0.561969 -0.00102434 -0.0893813 0.01 60 60 0 0 0
15057 0.484109 -0.00126028 -0.0669804 0.01 43 43 0 0 0
15097 0.497633 -0.00121929 -0.107378 0.01 60 60 0 0 0
15100 0.540837 -0.00108837 -0.0674836 0.01 87 87 0 0 0
15123 0.521558 -0.00114679 -0.0669804 0.01 44 44 0 0 0
15132 0.521558 -0.00114679 -0.0565576 0.01 44 44 0 0 0
15143 0.521558 -0.00114679 -0.0669804 0.01 43 44 0 0 0
15157 0.521558 -0.00114679 -0.0669804 0.01 44 44 0 0 0
15165 0.517137 -0.00116019 -0.0792356 0.01 60 60 0 0 0
15177 0.521558 -0.00114679 -0.0565576 0.01 44 44 0 0 0
15178 0.52426 -0.0011386 -0.0643254 0.01 44 44 0 0 0
15183 0.522109 -0.00114512 -0.0812099 0.01 60 60 0 0 0
15198 0.540837 -0.00108837 -0.0674836 0.01 88 88 0 0 0
15208 0.521558 -0.00114679 -0.0565576 0.01 43 43 0 0 0
15210 0.521912 -0.00114572 -0.0729369 0.01 60 60 0 0 0
15213 0.521558 -0.00114679 -0.0518341 0.01 43 43 0.000483513 0 0.00158371
15225 0.487004 -0.0012515 -0.066 0.01 60 60 0 0 0
15247 0.525261 -0.00113557 -0.0674836 0.01 88 88 0 0 0
15257 0.540837 -0.00108837 -0.086 0.01 89 89 0 0 0
15263 0.521558 -0.00114679 -0.0669804 0.01 44 44 0 0 0
15264 0.540837 -0.00108837 -0.0674836 0.01 87 86 0 0 0
15315 0.510454 -0.00118044 -0.0689434 0.01 60 60 0 0 0
15317 0.484109 -0.00126028 -0.0669804 0.01 43 43 0 0 0
15320 0.521558 -0.00114679 -0.0568122 0.01 44 44 0 0 0
15338 0.521558 -0.00114679 -0.0669804 0.01 44 44 0 0 0
15351 0.468247 -0.00130834 -0.0729369 0.01 60 60 0 0 0
15366 0.521558 -0.00114679 -0.0669804 0.01 44 44 0 0 0
15369 0.521558 -0.00114679 -0.0669804 0.01 44 44 0 0 0
15381 0.521558 -0.00114679 -0.0565576 0.01 43 43 0 0 0
15389 0.521558 -0.00114679 -0.0565576 0.01 42 42 0 0 0
15390 0.521558 -0.00114679 -0.0550719 0.01 44 43 0 0 0
15393 0.470366 -0.00130192 -0.0729369 0.01 60 60 0 0 0
15394 0.511289 -0.00117791 -0.0913038 0.01 60 60 0 0 0
15432 0.521558 -0.00114679 -0.0635264 0.01 44 44 0.000899643 0 0.00345398
15439 0.521558 -0.00114679 -0.074242 0.01 44 45 0 0 0
15441 0.538217 -0.00109631 -0.0565576 0.01 42 43 0 0 0
15485 0.540837 -0.00108837 -0.0674836 0.01 88 88 0 0 0
15526 0.487004 -0.0012515 -0.066 0.01 60 60 0 0 0
15536 0.521558 -0.00114679 -0.0669804 0.01 44 44 0 0 0
15548 0.515685 -0.00116459 -0.0805074 0.01 60 60 0 0 0
15552 0.554372 -0.00104736 -0.086 0.01 88 88 -0.00333227 0.0135355 0
15566 0.510454 -0.00118044 -0.0689434 0.01 60 60 0 0 0
15575 0.512053 -0.0011756 -0.0465328 0.01 42 42 0.00611295 -0.00950497 0
15579 0.521558 -0.00114679 -0.0565576 0.01 42 42 0 0 0
15614 0.540837 -0.00108837 -0.0631226 0.01 89 89 0 0 0
15618 0.561969 -0.00102434 -0.0788278 0.01 60 60 0 0 0
15620 0.52173 -0.00114627 -0.0669804 0.01 44 44 0 0 0
15637 0.506078 -0.0011937 -0.0788278 0.01 60 60 0 0 0
15654 0.521558 -0.00114679 -0.0577781 0.01 43 43 0 0 0
15662 0.521558 -0.00114679 -0.0669804 0.01 44 44 0 0 0
15675 0.521558 -0.00114679 -0.0669804 0.01 44 44 0 0 0
15678 0.540837 -0.00108837 -0.0674836 0.01 87 87 0 0 0
15681 0.540837 -0.00108837 -0.0784706 0.01 88 88 0 0 0
15689 0.521558 -0.00114679 -0.0565576 0.01 42 42 0 0 0
15699 0.521558 -0.00114679 -0.0669804 0.01 44 44 0 0 0
15703 0.540837 -0.00108837 -0.0674836 0.01 87 87 0 0 0
15715 0.510454 -0.00118044 -0.0689434 0.01 60 60 0 0 0
15742 0.467272 -0.0013113 -0.0669804 0.01 43 43 0 0 0
15753 0.540837 -0.00108837 -0.0674836 0.01 88 87 0 0 0
15777 0.527791 -0.00112791 -0.0729369 0.01 60 60 0 0 0
15788 0.540837 -0.00108837 -0.0674836 0.01 87 87 0 0 0
15792 0.521558 -0.00114679 -0.0565576 0.01 44 44 0 0 0
15797 0.521558 -0.00114679 -0.0496369 0.01 43 43 0 0 0
15799 0.514294 -0.00116881 -0.0698566 0.01 60 60 0 0 0
15835 0.521558 -0.00114679 -0.0669804 0.01 44 44 0 0 0
15847 0.521558 -0.00114679 -0.0669804 0.01 44 44 0 0 0
15851 0.521558 -0.00114679 -0.0577781 0.01 44 44 0 0 0
15863 0.484109 -0.00126028 -0.0669804 0.01 43 43 0 0 0
15887 0.521558 -0.00114679 -0.0565576 0.01 43 43 0 0 0
15912 0.53004 -0.00112109 -0.0550719 0.01 43 43 0 0 0
15915 0.497633 -0.00121929 -0.0907942 0.01 60 59 0 0 0
15918 0.540837 -0.00108837 -0.0674836 0.01 87 87 0 0 0
15921 0.521558 -0.00114679 -0.0577781 0.01 43 43 0 0 0
15930 0.521558 -0.00114679 -0.0550719 0.01 42 42 0 0 0
15934 0.508858 -0.00118528 -0.0565576 0.01 43 43 0 0 0
15936 0.521558 -0.00114679 -0.0565576 0.01 43 43 0 0 0
15967 0.540837 -0.00108837 -0.0631226 0.01 89 89 0 0 0
15971 0.574585 -0.000986105 -0.0578228 0.01 60 61 0 0 0
15993 0.521558 -0.00114679 -0.0565576 0.01 43 43 0 0 0
16011 0.521558 -0.00114679 -0.0669804 0.01 44 44 0 0 0
16016 0.521558 -0.00114679 -0.0565576 0.01 42 43 0 0 0
16042 0.494942 -0.00122745 -0.0729369 0.01 60 60 0 0 0
16053 0.553106 -0.00105119 -0.0823066 0.01 60 60 0 0 0
16058 0.494942 -0.00122745 -0.0729369 0.01 60 60 0 0 0
16063 0.468247 -0.00130834 -0.0729369 0.01 60 60 0 0 0
16065 0.514294 -0.00116881 -0.0820192 0.01 60 60 0 0 0
16089 0.521558 -0.00114679 -0.0565576 0.01 44 44 0 0 0
16092 0.527899 -0.00112758 -0.0669804 0.01 42 44 0 0 0
16120 0.521558 -0.00114679 -0.0565576 0.01 42 42 0 0 0
16121 0.521558 -0.00114679 -0.0565576 0.01 43 43 0 0 0
16124 0.47575 -0.00128561 -0.0813473 0.01 60 60 0 0 0
16146 0.540837 -0.00108837 -0.0674836 0.01 88 88 0 0 0
16147 0.540837 -0.00108837 -0.0674836 0.01 87 87 0 0 0
16150 0.527791 -0.00112791 -0.0729369 0.01 60 60 0 0 0
16151 0.521558 -0.00114679 -0.0530301 0.01 44 44 0 0 0
16177 0.523023 -0.00114236 -0.0654022 0.01 60 60 0 0 0
16197 0.521006 -0.00114847 -0.0728202 0.01 60 60 0 0 0
16198 0.521558 -0.00114679 -0.0669804 0.01 44 44 0 0 0
16225 0.538217 -0.00109631 -0.0396192 0.01 42 42 0 0 0
16265 0.521558 -0.00114679 -0.0465328 0.01 42 42 0 0 0
16277 0.521558 -0.00114679 -0.0565576 0.01 43 42 0 0 0
16286 0.521558 -0.00114679 -0.0565576 0.01 43 43 0 0 0
16298 0.521558 -0.00114679 -0.0465328 0.01 43 43 0 0 0
16302 0.540837 -0.00108837 -0.0674836 0.01 87 87 0 0 0
16303 0.526049 -0.00113319 -0.0844632 0.01 60 60 0 0 0
16332 0.549019 -0.00106358 -0.0850811 0.01 60 60 0 0 0
16340 0.521558 -0.00114679 -0.0640128 0.01 44 44 0 0 0
16354 0.521558 -0.00114679 -0.0465328 0.01 43 43 0 0 0
16365 0.527797 -0.00112789 -0.0465328 0.01 43 43 0 0 0
16367 0.475636 -0.00128595 -0.0620019 0.01 60 60 0 0 0
16372 0.521558 -0.00114679 -0.0568122 0.01 43 43 0 0 0
16382 0.540837 -0.00108837 -0.0631226 0.01 89 89 0 0 0
16388 0.540837 -0.00108837 -0.0784706 0.01 87 87 -0.0403346 0 -0.010987
16406 0.484109 -0.00126028 -0.0669804 0.01 43 43 0 0 0
16410 0.540837 -0.00108837 -0.0674836 0.01 87 87 0 0 0
16418 0.521558 -0.00114679 -0.0565576 0.01 43 43 0 0 0
16439 0.527306 -0.00112937 -0.0643254 0.01 44 44 -0.00374998 0.00574875 0
16456 0.467272 -0.0013113 -0.0669804 0.01 43 43 0 0 0
16461 0.510126 -0.00118144 -0.112441 0.01 60 60 0 0 0
16478 0.538217 -0.00109631 -0.0396192 0.01 43 43 0 0 0
16483 0.540837 -0.00108837 -0.086 0.01 88 88 0 0 0
16484 0.511289 -0.00117791 -0.0913038 0.01 60 60 0 0 0
16488 0.574585 -0.000986105 -0.0578228 0.01 60 61 0 0 0
16490 0.515685 -0.00116459 -0.0797448 0.01 60 59 0 0 0
16493 0.521558 -0.00114679 -0.0669804 0.01 44 44 0 0 0
16497 0.521558 -0.00114679 -0.0422998 0.01 44 43 0 0 0
16505 0.506876 -0.00119128 -0.12513 0.01 60 60 0 0 0
16506 0.507289 -0.00119003 -0.0565576 0.01 43 43 0 0 0
16515 0.540837 -0.00108837 -0.0665497 0.01 87 87 0 0 0
16516 0.521558 -0.00114679 -0.0585298 0.01 43 43 0 0 0
16532 0.521558 -0.00114679 -0.0565576 0.01 43 43 0 0 0
16540 0.563488 -0.00101973 -0.0445603 0.01 87 87 0 0 0
16547 0.521558 -0.00114679 -0.074242 0.01 44 45 0 0 0
16559 0.470366 -0.00130192 -0.0729369 0.01 60 60 0 0 0
16560 0.521558 -0.00114679 -0.0465328 0.01 42 42 0 0 0
16565 0.521947 -0.00114562 -0.0820192 0.01 60 60 0 0 0
16567 0.521558 -0.00114679 -0.0565576 0.01 43 43 0 0 0
16581 0.540837 -0.00108837 -0.0674836 0.01 88 88 0 0 0
16613 0.540837 -0.00108837 -0.0674836 0.01 88 88 0 0 0
16618 0.506078 -0.0011937 -0.0788278 0.01 60 60 0 0 0
16625 0.521947 -0.00114562 -0.0820192 0.01 60 60 0 0 0
16631 0.521558 -0.00114679 -0.0669804 0.01 43 44 0 0 0
16634 0.540837 -0.00108837 -0.0674836 0.01 87 87 0 0 0
16650 0.521558 -0.00114679 -0.0565576 0.01 42 43 0 0 0
16669 0.521558 -0.00114679 -0.0565576 0.01 43 43 0 0 0
16674 0.521558 -0.00114679 -0.0565576 0.01 43 43 0 0 0
16683 0.50099 -0.00120912 -0.047863 0.01 60 60 0 0 0
16693 0.540837 -0.00108837 -0.086 0.01 88 88 0 0 0
16703 0.521558 -0.00114679 -0.0669804 0.01 44 44 0 0 0
16711 0.521558 -0.00114679 -0.0669804 0.01 44 44 0 0 0
16715 0.521558 -0.00114679 -0.0669804 0.01 44 44 0 0 0
16729 0.521558 -0.00114679 -0.0669804 0.01 44 44 0 0 0
16742 0.540837 -0.00108837 -0.0674836 0.01 88 88 0 0 0
16746 0.521558 -0.00114679 -0.0669804 0.01 44 44 0 0 0
16755 0.561969 -0.00102434 -0.0788278 0.01 60 60 0 0 0
16757 0.521558 -0.00114679 -0.0669804 0.01 44 44 0 0 0
16762 0.540837 -0.00108837 -0.086 0.01 88 88 0 0 0
16766 0.521558 -0.00114679 -0.0744388 0.01 44 45 0 0 0
16770 0.521558 -0.00114679 -0.0565576 0.01 42 42 0 0 0
16777 0.521558 -0.00114679 -0.0669804 0.01 43 44 0 0 0
16803 0.483556 -0.00126195 -0.0907942 0.01 60 60 0 0 0
16823 0.521558 -0.00114679 -0.0565576 0.01 43 42 0 0 0
16825 0.484109 -0.00126028 -0.0669804 0.01 43 43 0 0 0
16831 0.483556 -0.00126195 -0.0907942 0.01 60 60 0 0 0
16833 0.553323 -0.00105054 -0.0674836 0.01 87 86 -0.00487682 0.0124866 0
16837 0.530991 -0.00111821 -0.0111394 0.01 60 60 0 0 0
16844 0.540837 -0.00108837 -0.0674836 0.01 88 88 0 0 0
16845 0.521558 -0.00114679 -0.074242 0.01 44 45 0 0 0
16869 0.47575 -0.00128561 -0.0813473 0.01 60 60 0 0 0
16887 0.521947 -0.00114562 -0.0820192 0.01 60 61 0 0 0
16910 0.521558 -0.00114679 -0.0465328 0.01 43 43 0 0 0
16920 0.540837 -0.00108837 -0.0631226 0.01 89 89 0 0 0
16934 0.494942 -0.00122745 -0.0729369 0.01 60 61 0 0 0
16939 0.521558 -0.00114679 -0.0496369 0.01 44 44 0 0 0
16948 0.521558 -0.00114679 -0.0669804 0.01 44 44 0 0 0
16956 0.521558 -0.00114679 -0.0550719 0.01 43 43 0 0 0
16971 0.485417 -0.00125631 -0.0960052 0.01 60 60 0 0 0
16974 0.539949 -0.00109106 -0.086 0.01 88 88 0 0 0
16975 0.521558 -0.00114679 -0.074242 0.01 43 45 0 0 0
16979 0.521558 -0.00114679 -0.0640128 0.01 43 44 0 0 0
16991 0.521558 -0.00114679 -0.0565576 0.01 42 42 0 0 0
17008 0.521006 -0.00114847 -0.0815334 0.01 60 60 0.000598431 0 0.00352021
17020 0.540837 -0.00108837 -0.0674836 0.01 88 87 0 0 0
17025 0.540837 -0.00108837 -0.0674836 0.01 87 87 0 0 0
17050 0.521558 -0.00114679 -0.0565576 0.01 43 43 0 0 0
17051 0.508083 -0.00118763 -0.0465328 0.01 42 42 0 0 0
17066 0.540837 -0.00108837 -0.0674836 0.01 88 88 0 0 0
17068 0.514294 -0.00116881 -0.0827017 0.01 60 60 0 0 0
17093 0.517137 -0.00116019 -0.0907942 0.01 60 60 0 0 0
17095 0.484109 -0.00126028 -0.0669804 0.01 43 44 0 0 0
17103 0.540837 -0.00108837 -0.0674836 0.01 87 87 0 0 0
17112 0.521558 -0.00114679 -0.0565576 0.01 42 42 0 0 0
17130 0.521558 -0.00114679 -0.0401274 0.01 42 42 0 0 0
17143 0.487004 -0.0012515 -0.066 0.01 60 60 0 0 0
17163 0.521558 -0.00114679 -0.0669804 0.01 44 44 0 0 0
17168 0.563488 -0.00101973 -0.0445603 0.01 87 87 0 0 0
17175 0.513821 -0.00117024 -0.0788278 0.01 60 60 0 0 0
17183 0.521558 -0.00114679 -0.0669804 0.01 44 44 0 0 0
17184 0.521558 -0.00114679 -0.0669804 0.01 44 44 0 0 0
17188 0.521558 -0.00114679 -0.0669804 0.01 44 45 0 0 0
17196 0.540837 -0.00108837 -0.0674836 0.01 88 88 0 0 0
17211 0.508878 -0.00118522 -0.10711 0.01 60 60 0 0 0
17219 0.540837 -0.00108837 -0.0674836 0.01 88 88 0 0 0
17221 0.521558 -0.00114679 -0.0465328 0.01 44 44 0 0 0
17226 0.521558 -0.00114679 -0.0565576 0.01 43 43 0 0 0
17229 0.519321 -0.00115357 -0.0669804 0.01 44 44 0 0 0
17255 0.527899 -0.00112758 -0.0669804 0.01 44 44 0 0 0
17262 0.484109 -0.00126028 -0.0669804 0.01 43 43 0 0 0
17280 0.522109 -0.00114512 -0.0764162 0.01 60 60 0 0 0
17327 0.521558 -0.00114679 -0.0465328 0.01 44 44 0 0 0
17330 0.563488 -0.00101973 -0.0445603 0.01 87 87 0 0 0
17341 0.47575 -0.00128561 -0.0813473 0.01 60 60 0 0 0
17345 0.521558 -0.00114679 -0.0565576 0.01 43 44 0 0 0
17347 0.521558 -0.00114679 -0.0669804 0.01 44 44 0 0 0
17371 0.539949 -0.00109106 -0.086 0.01 88 88 0 0 0
17384 0.521558 -0.00114679 -0.0640128 0.01 42 44 0 0 0
17392 0.484109 -0.00126028 -0.0669804 0.01 43 43 0 0 0
17402 0.521558 -0.00114679 -0.0565576 0.01 43 43 0 0 0
17403 0.527899 -0.00112758 -0.0669804 0.01 43 44 0 0 0
17406 0.540837 -0.00108837 -0.0674836 0.01 88 88 0 0 0
17418 0.508083 -0.00118763 -0.0465328 0.01 43 42 0 0 0
17443 0.521558 -0.00114679 -0.0568122 0.01 43 43 0 0 0
17452 0.508083 -0.00118763 -0.0465328 0.01 42 42 0 0 0
17468 0.508083 -0.00118763 -0.0465328 0.01 42 42 0 0 0
17471 0.475636 -0.00128595 -0.0620019 0.01 60 60 0 0 0
17488 0.540837 -0.00108837 -0.0842539 0.01 89 89 0 0 0
17496 0.521558 -0.00114679 -0.0565576 0.01 43 43 0 0 0
17505 0.475636 -0.00128595 -0.0620019 0.01 60 60 0 0 0
17522 0.521558 -0.00114679 -0.0577781 0.01 43 43 0 0 0
17536 0.521558 -0.00114679 -0.0669804 0.01 44 44 0 0 0
17541 0.521558 -0.00114679 -0.0565576 0.01 42 42 0 0 0
17543 0.484109 -0.00126028 -0.0669804 0.01 43 43 0 0 0
17569 0.514624 -0.00116781 -0.0811682 0.01 60 60 0 0 0
17576 0.521558 -0.00114679 -0.0669804 0.01 44 44 0 0 0
17580 0.521558 -0.00114679 -0.0550719 0.01 43 43 0 0 0
17618 0.470366 -0.00130192 -0.0679369 0.01 60 60 0 0 0
17621 0.484109 -0.00126028 -0.0669804 0.01 43 43 0 0 0
17636 0.521947 -0.00114562 -0.0820192 0.01 60 60 0 0 0
17637 0.508858 -0.00118528 -0.0565576 0.01 43 43 0.00837827 -0.0127 0
17645 0.527723 -0.00112811 -0.0669804 0.01 44 44 0 0 0
17654 0.50099 -0.00120912 -0.0542334 0.01 60 60 0 0 0
17663 0.487004 -0.0012515 -0.066 0.01 60 60 0 0 0
17666 0.540837 -0.00108837 -0.086 0.01 87 88 0 0 0
17667 0.521558 -0.00114679 -0.0669804 0.01 44 44 0 0 0
17682 0.540837 -0.00108837 -0.0674836 0.01 87 87 0 0 0
17693 0.521558 -0.00114679 -0.0669804 0.01 44 44 0 0 0
17709 0.521558 -0.00114679 -0.0669804 0.01 44 44 0 0 0
17715 0.521558 -0.00114679 -0.0669804 0.01 44 44 0 0 0
17720 0.523023 -0.00114236 -0.0654022 0.01 60 60 0 0 0
17730 0.521558 -0.00114679 -0.0465328 0.01 42 42 0 0 0
17744 0.50099 -0.00120912 -0.0542334 0.01 60 60 0 0 0
17755 0.494942 -0.00122745 -0.0729369 0.01 60 60 0 0 0
17770 0.521558 -0.00114679 -0.0496369 0.01 43 43 0 0 0
17773 0.521558 -0.00114679 -0.0669804 0.01 44 44 0 0 0
17798 0.521558 -0.00114679 -0.0669804 0.01 44 44 0 0 0
17803 0.521558 -0.00114679 -0.0465328 0.01 42 42 0 0 0
17806 0.540837 -0.00108837 -0.0674836 0.01 87 87 0 0 0
17824 0.521558 -0.00114679 -0.0669804 0.01 44 44 0 0 0
17827 0.521558 -0.00114679 -0.074242 0.01 44 45 0 0 0
17831 0.540837 -0.00108837 -0.086 0.01 88 88 0 0 0
17836 0.524422 -0.00113812 -0.0945598 0.01 60 60 0 0 0
17838 0.521558 -0.00114679 -0.0565576 0.01 43 43 0 0 0
17848 0.540837 -0.00108837 -0.0674836 0.01 88 88 0 0 0
17869 0.540837 -0.00108837 -0.0674836 0.01 87 87 0 0 0
17888 0.519321 -0.00115357 -0.0669804 0.01 44 44 0 0 0
17900 0.523417 -0.00114116 -0.065538 0.01 44 44 0 0 0
17902 0.524422 -0.00113812 -0.0945598 0.01 60 61 0 0 0
17909 0.521558 -0.00114679 -0.0669804 0.01 44 44 0 0 0
17927 0.521558 -0.00114679 -0.0669804 0.01 43 44 0 0 0
17932 0.510126 -0.00118144 -0.10711 0.01 60 61 0 0 0
17940 0.540837 -0.00108837 -0.0674836 0.01 87 87 0 0 0
17963 0.540837 -0.00108837 -0.0674836 0.01 88 88 0 0 0
17974 0.510126 -0.00118144 -0.112441 0.01 60 60 0 0 0
17976 0.484109 -0.00126028 -0.0669804 0.01 43 43 0 0 0
17981 0.522109 -0.00114512 -0.0764162 0.01 60 60 0 0 0
18011 0.521558 -0.00114679 -0.0669804 0.01 43 44 0 0 0
18020 0.521558 -0.00114679 -0.0565576 0.01 42 42 0 0 0
18047 0.484109 -0.00126028 -0.0669804 0.01 43 43 0 0 0
18053 0.540837 -0.00108837 -0.0674836 0.01 88 88 0 0 0
18079 0.50099 -0.00120912 -0.0542334 0.01 60 60 0 0 0
18084 0.540837 -0.00108837 -0.0674836 0.01 88 88 0 0 0
18097 0.514955 -0.0011668 -0.0606305 0.01 44 44 0 0 0
18102 0.514301 -0.00116879 -0.0828828 0.01 60 62 0 0 0
18140 0.500694 -0.00121002 -0.0683807 0.01 60 60 0 0 0
18142 0.521558 -0.00114679 -0.0565576 0.01 43 43 0 0 0
18144 0.521558 -0.00114679 -0.0565576 0.01 43 43 0 0 0
18148 0.521558 -0.00114679 -0.0669804 0.01 44 44 0 0 0
18179 0.540837 -0.00108837 -0.0631226 0.01 89 89 0 0 0
18195 0.521558 -0.00114679 -0.0669804 0.01 44 44 0 0 0
18201 0.511071 -0.00117857 -0.0729369 0.01 60 60 0 0 0
18208 0.521558 -0.00114679 -0.0669804 0.01 44 44 0 0 0
18211 0.521558 -0.00114679 -0.0669804 0.01 44 44 0 0 0
18221 0.539949 -0.00109106 -0.086 0.01 88 88 0 0 0
18223 0.470366 -0.00130192 -0.0679369 0.01 60 60 0 0 0
18238 0.540829 -0.0010884 -0.0764162 0.01 60 61 -0.0169158 0.0187203 0
18246 0.521558 -0.00114679 -0.0550719 0.01 43 43 0 0 0
18251 0.540837 -0.00108837 -0.0674836 0.01 88 88 0 0 0
18255 0.563488 -0.00101973 -0.0445603 0.01 87 87 0 0 0
18262 0.540837 -0.00108837 -0.103991 0.01 88 88 -0.0461056 0 -0.0179913
18265 0.47575 -0.00128561 -0.0813473 0.01 60 60 0 0 0
18273 0.521558 -0.00114679 -0.074242 0.01 44 45 0 0 0
18275 0.561969 -0.00102434 -0.0788278 0.01 60 60 0 0 0
18277 0.475636 -0.00128595 -0.0620019 0.01 60 60 0 0 0
18284 0.53004 -0.00112109 -0.0550719 0.01 43 43 0 0 0
18286 0.593519 -0.00092873 -0.0832697 0.01 60 60 0 0 0
18299 0.540837 -0.00108837 -0.0674836 0.01 88 88 0 0 0
18301 0.485417 -0.00125631 -0.0960052 0.01 60 60 0 0 0
18305 0.524501 -0.00113788 -0.0816646 0.01 60 60 0 0 0
18308 0.521558 -0.00114679 -0.0669804 0.01 43 44 0 0 0
18315 0.521558 -0.00114679 -0.0669804 0.01 43 44 0 0 0
18324 0.521558 -0.00114679 -0.0496369 0.01 43 43 0 0 0
18330 0.521558 -0.00114679 -0.0465328 0.01 42 43 0 0 0
18349 0.497633 -0.00121929 -0.0907942 0.01 60 60 0 0 0
18389 0.521558 -0.00114679 -0.0669804 0.01 44 44 0 0 0
18397 0.491672 -0.00123736 -0.0669804 0.01 44 44 0 0 0
18408 0.535245 -0.00110532 -6.71084e-05 0.01 60 60 0 0 0
18418 0.494942 -0.00122745 -0.0729369 0.01 60 60 0 0 0
18420 0.521558 -0.00114679 -0.0662347 0.01 44 44 -0.00253645 0 -0.00967708
18421 0.521558 -0.00114679 -0.0465328 0.01 42 42 0 0 0
18422 0.521558 -0.00114679 -0.0669804 0.01 44 44 0 0 0
18430 0.521558 -0.00114679 -0.0565576 0.01 43 43 0 0 0
18433 0.486115 -0.0012542 -0.0669804 0.01 44 44 0 0 0
18441 0.510126 -0.00118144 -0.11589 0.01 60 60 0 0 0
18446 0.485417 -0.00125631 -0.0960052 0.01 60 60 0 0 0
18448 0.540837 -0.00108837 -0.086 0.01 87 87 0 0 0
18450 0.521558 -0.00114679 -0.0669804 0.01 44 44 0 0 0
18467 0.540837 -0.00108837 -0.0674836 0.01 87 87 0 0 0
18478 0.467272 -0.0013113 -0.0669804 0.01 43 43 0 0 0
18479 0.521558 -0.00114679 -0.0669804 0.01 44 44 0 0 0
18490 0.487881 -0.00124885 -0.0632362 0.01 60 60 0 0 0
18510 0.535245 -0.00110532 -6.71084e-05 0.01 60 60 0 0 0
18516 0.513556 -0.00117104 -0.0638471 0.01 60 60 0 0 0
18518 0.521558 -0.00114679 -0.0585298 0.01 43 43 0 0 0
18552 0.521127 -0.0011481 -0.0689434 0.01 60 61 0 0 0
18558 0.510221 -0.00118115 -0.0669804 0.01 44 44 0 0 0
18559 0.521558 -0.00114679 -0.0669804 0.01 44 44 0 0 0
18563 0.510126 -0.00118144 -0.114712 0.01 60 60 0 0 0
18584 0.540837 -0.00108837 -0.086 0.01 88 88 0 0 0
18600 0.521558 -0.00114679 -0.0669804 0.01 44 44 0 0 0
18605 0.521558 -0.00114679 -0.0565576 0.01 43 43 0 0 0
18628 0.521558 -0.00114679 -0.0669804 0.01 44 44 0 0 0
18637 0.540837 -0.00108837 -0.0674836 0.01 88 88 0 0 0
18655 0.540837 -0.00108837 -0.0674836 0.01 88 88 0 0 0
18660 0.521558 -0.00114679 -0.0565576 0.01 44 44 0 0 0
18663 0.521558 -0.00114679 -0.0565576 0.01 43 43 0 0 0
18691 0.563488 -0.00101973 -0.0445603 0.01 87 87 0 0 0
18696 0.521558 -0.00114679 -0.0669804 0.01 44 44 0 0 0
18701 0.540837 -0.00108837 -0.0865828 0.01 87 87 0 0 0
18704 0.483556 -0.00126195 -0.0907942 0.01 60 60 0 0 0
18707 0.521558 -0.00114679 -0.0585298 0.01 44 44 0 0 0
18712 0.521912 -0.00114572 -0.0729369 0.01 60 60 0 0 0
18736 0.525825 -0.00113386 -0.074242 0.01 44 45 -0.00287046 0.00426733 0
18739 0.521558 -0.00114679 -0.0669804 0.01 44 44 0 0 0
18743 0.495081 -0.00122703 -0.074242 0.01 44 45 0 0 0
18756 0.540837 -0.00108837 -0.0674836 0.01 87 87 0 0 0
18757 0.497633 -0.00121929 -0.0947896 0.01 60 60 0 0 0
18760 0.521558 -0.00114679 -0.0401274 0.01 42 43 0.00199194 0 0.00640538
18778 0.521558 -0.00114679 -0.0669804 0.01 44 44 0 0 0
18781 0.521558 -0.00114679 -0.0669804 0.01 44 44 0 0 0
18783 0.484109 -0.00126028 -0.0669804 0.01 42 43 0 0 0
18787 0.467272 -0.0013113 -0.0669804 0.01 43 43 0 0 0
18789 0.521558 -0.00114679 -0.0550719 0.01 42 42 0 0 0
18796 0.508083 -0.00118763 -0.0465328 0.01 42 42 0 0 0
18798 0.521558 -0.00114679 -0.0565576 0.01 42 42 0 0 0
18808 0.521558 -0.00114679 -0.0465328 0.01 42 42 0 0 0
18827 0.521558 -0.00114679 -0.0565576 0.01 44 44 0 0 0
18857 0.521558 -0.00114679 -0.0565576 0.01 43 43 0 0 0
18862 0.521558 -0.00114679 -0.0642652 0.01 43 44 0.000706509 0 0.00271518
18871 0.521558 -0.00114679 -0.074242 0.01 44 45 0 0 0
18877 0.521558 -0.00114679 -0.0577781 0.01 43 43 0 0 0
18886 0.540837 -0.00108837 -0.0598772 0.01 87 87 0 0 0
18899 0.506876 -0.00119128 -0.12513 0.01 60 60 0 0 0
18904 0.521558 -0.00114679 -0.0568122 0.01 43 43 0 0 0
18912 0.521558 -0.00114679 -0.0669804 0.01 44 44 0 0 0
18921 0.540837 -0.00108837 -0.0674836 0.01 88 88 0 0 0
18923 0.508083 -0.00118763 -0.0465328 0.01 42 42 0 0 0
18928 0.521558 -0.00114679 -0.0669804 0.01 44 44 0 0 0
18931 0.540837 -0.00108837 -0.0631226 0.01 89 89 0 0 0
18941 0.521558 -0.00114679 -0.0616711 0.01 44 44 0 0 0
18942 0.487881 -0.00124885 -0.0729369 0.01 60 60 0 0 0
18943 0.521558 -0.00114679 -0.0669804 0.01 44 44 0 0 0
18971 0.540837 -0.00108837 -0.0674836 0.01 88 88 0 0 0
18977 0.510126 -0.00118144 -0.117156 0.01 60 61 0 0 0
18985 0.513556 -0.00117104 -0.0638471 0.01 60 60 0 0 0
18996 0.521558 -0.00114679 -0.0669804 0.01 44 44 0 0 0
19041 0.521558 -0.00114679 -0.0565576 0.01 43 44 0 0 0
19101 0.498822 -0.00121569 -0.0691663 0.01 60 60 0 0 0
19113 0.514624 -0.00116781 -0.0811682 0.01 60 60 0 0 0
19114 0.540837 -0.00108837 -0.0674836 0.01 87 87 0 0 0
19119 0.508083 -0.00118763 -0.0465328 0.01 42 42 0 0 0
19130 0.521558 -0.00114679 -0.0565576 0.01 42 42 0 0 0
19144 0.521558 -0.00114679 -0.0669804 0.01 44 44 0 0 0
19149 0.521558 -0.00114679 -0.074242 0.01 44 45 0 0 0
19159 0.521558 -0.00114679 -0.0669804 0.01 44 44 0 0 0
19165 0.516217 -0.00116298 -0.0568122 0.01 43 43 0 0 0
19170 0.491672 -0.00123736 -0.0669804 0.01 44 44 0 0 0
19190 0.540837 -0.00108837 -0.0631226 0.01 89 89 0 0 0
19194 0.540837 -0.00108837 -0.086 0.01 87 87 0 0 0
19212 0.540837 -0.00108837 -0.0842539 0.01 89 89 0 0 0
19218 0.468247 -0.00130834 -0.0729369 0.01 60 60 0 0 0
19221 0.524422 -0.00113812 -0.0945598 0.01 60 61 0 0 0
19224 0.521558 -0.00114679 -0.0669804 0.01 44 44 0 0 0
19231 0.540837 -0.00108837 -0.0674836 0.01 88 88 0 0 0
19237 0.521558 -0.00114679 -0.0465328 0.01 43 43 0 0 0
19265 0.521558 -0.00114679 -0.0669804 0.01 44 44 0 0 0
19280 0.522109 -0.00114512 -0.0812099 0.01 60 61 0 0 0
19306 0.515179 -0.00116612 -0.104686 0.01 60 60 0 0 0
19311 0.540837 -0.00108837 -0.086 0.01 87 87 0 0 0
19317 0.521558 -0.00114679 -0.0565576 0.01 43 43 0 0 0
19340 0.521558 -0.00114679 -0.074242 0.01 44 45 0 0 0
19351 0.521558 -0.00114679 -0.0565576 0.01 42 42 0 0 0
19355 0.521558 -0.00114679 -0.0669804 0.01 44 44 0 0 0
19364 0.540837 -0.00108837 -0.0674836 0.01 88 88 0 0 0
19375 0.494942 -0.00122745 -0.0703772 0.01 60 60 0 0 0
19402 0.513556 -0.00117104 -0.0638471 0.01 60 60 0 0 0
19412 0.521558 -0.00114679 -0.0568122 0.01 43 43 0 0 0
19413 0.521558 -0.00114679 -0.0669804 0.01 44 44 0 0 0
19418 0.528207 -0.00112665 -0.0496369 0.01 44 43 0 0 0
19424 0.540837 -0.00108837 -0.0674836 0.01 87 87 0 0 0
19441 0.484109 -0.00126028 -0.0669804 0.01 43 43 0 0 0
19447 0.484109 -0.00126028 -0.0669804 0.01 44 44 0 0 0
19450 0.487004 -0.0012515 -0.066 0.01 60 60 0 0 0
19457 0.484109 -0.00126028 -0.0669804 0.01 43 43 0 0 0
19473 0.474686 -0.00128883 -0.0729369 0.01 60 61 0 0 0
19481 0.540837 -0.00108837 -0.0674836 0.01 87 87 0 0 0
19488 0.512328 -0.00117476 -0.10711 0.01 60 58 -0.000960052 0.00101006 0
19491 0.521558 -0.00114679 -0.0577781 0.01 43 43 0 0 0
19493 0.540837 -0.00108837 -0.0674836 0.01 87 87 0 0 0
19505 0.521558 -0.00114679 -0.0465328 0.01 42 42 0 0 0
19525 0.521558 -0.00114679 -0.0461397 0.01 43 43 0 0 0
19528 0.484109 -0.00126028 -0.0669804 0.01 43 43 0 0 0
19540 0.521558 -0.00114679 -0.0669804 0.01 44 44 0 0 0
19544 0.50099 -0.00120912 -0.0542334 0.01 60 60 0 0 0
19561 0.513925 -0.00116992 -0.0669804 0.01 44 44 0.00509721 -0.00763226 0
19580 0.491135 -0.00123898 -0.066 0.01 60 60 0 0 0
19614 0.543491 -0.00108033 -0.0496369 0.01 43 44 0 0 0
19641 0.521558 -0.00114679 -0.0669804 0.01 44 44 0 0 0
19644 0.521558 -0.00114679 -0.0565576 0.01 43 43 0 0 0
19645 0.501365 -0.00120799 -0.0465328 0.01 42 42 0 0 0
19648 0.523374 -0.00114129 -0.0764162 0.01 60 60 0 0 0
19686 0.518392 -0.00115639 -0.0812099 0.01 60 60 0 0 0
19699 0.521558 -0.00114679 -0.0669804 0.01 44 44 0 0 0
19713 0.521558 -0.00114679 -0.0577781 0.01 44 43 0 0 0
19714 0.517137 -0.00116019 -0.0907942 0.01 60 60 0 0 0
19715 0.521558 -0.00114679 -0.0465328 0.01 44 44 0 0 0
19723 0.528207 -0.00112665 -0.0496369 0.01 42 42 0 0 0
19728 0.499926 -0.00121235 -0.0839654 0.01 60 60 0 0 0
19733 0.521558 -0.00114679 -0.074242 0.01 44 45 0 0 0
19781 0.540837 -0.00108837 -0.0665497 0.01 87 87 0 0 0
19787 0.521558 -0.00114679 -0.0669804 0.01 44 44 0 0 0
19801 0.505721 -0.00119478 -0.0517571 0.01 60 60 0 0 0
19803 0.497633 -0.00121929 -0.0907942 0.01 60 60 0 0 0
19812 0.521558 -0.00114679 -0.0565576 0.01 44 44 0 0 0
19813 0.521558 -0.00114679 -0.0577781 0.01 43 43 0 0 0
19816 0.524422 -0.00113812 -0.0945598 0.01 60 60 0 0 0
19826 0.521558 -0.00114679 -0.0669804 0.01 44 44 0 0 0
19834 0.517531 -0.001159 -0.0669804 0.01 44 44 0 0 0
19839 0.521558 -0.00114679 -0.0565576 0.01 43 43 0 0 0
19842 0.521558 -0.00114679 -0.0565576 0.01 43 43 0 0 0
19879 0.521558 -0.00114679 -0.0585298 0.01 43 43 0 0 0
19887 0.521558 -0.00114679 -0.0669804 0.01 44 44 0 0 0
19890 0.484109 -0.00126028 -0.0669804 0.01 43 43 0 0 0
19910 0.484109 -0.00126028 -0.0669804 0.01 43 43 0 0 0
19929 0.540837 -0.00108837 -0.0674836 0.01 87 87 0 0 0
19930 0.530991 -0.00111821 -0.0111394 0.01 60 60 0 0 0
19965 0.521558 -0.00114679 -0.0669804 0.01 44 44 0 0 0
19975 0.540837 -0.00108837 -0.0674836 0.01 87 87 0 0 0
20029 0.50099 -0.00120912 -0.047863 0.01 60 60 0 0 0
20036 0.540837 -0.00108837 -0.0674836 0.01 87 87 0 0 0
20046 0.521558 -0.00114679 -0.0550719 0.01 44 44 0 0 0
20052 0.497633 -0.00121929 -0.107378 0.01 60 60 0 0 0
20059 0.521558 -0.00114679 -0.0400316 0.01 43 43 0 0 0
20072 0.540837 -0.00108837 -0.086 0.01 88 88 0 0 0
20080 0.521558 -0.00114679 -0.0465328 0.01 43 43 0 0 0
20089 0.540837 -0.00108837 -0.0674836 0.01 87 87 0 0 0
20097 0.521558 -0.00114679 -0.0669804 0.01 44 44 0 0 0
20102 0.521558 -0.00114679 -0.0669804 0.01 44 44 0 0 0
20121 0.521558 -0.00114679 -0.0669804 0.01 44 44 0 0 0
20131 0.504289 -0.00119912 -0.0565576 0.01 43 43 0 0 0
20148 0.521558 -0.00114679 -0.0422998 0.01 43 43 0 0 0
20184 0.521558 -0.00114679 -0.0565576 0.01 43 42 0 0 0
20186 0.527791 -0.00112791 -0.0729369 0.01 60 60 0 0 0
20187 0.521558 -0.00114679 -0.0465328 0.01 42 42 0 0 0
20194 0.521558 -0.00114679 -0.074242 0.01 44 45 0 0 0
20196 0.521558 -0.00114679 -0.0550719 0.01 43 43 0 0 0
20212 0.540837 -0.00108837 -0.0674836 0.01 88 88 0 0 0
20214 0.521558 -0.00114679 -0.0496369 0.01 42 43 0 0 0
20217 0.540837 -0.00108837 -0.0674836 0.01 89 89 0 0 0
20222 0.540837 -0.00108837 -0.0598772 0.01 87 87 0 0 0
20223 0.470366 -0.00130192 -0.0729369 0.01 60 60 0 0 0
20225 0.521558 -0.00114679 -0.0669804 0.01 44 44 0 0 0
20245 0.484109 -0.00126028 -0.0669804 0.01 44 44 0 0 0
20250 0.521558 -0.00114679 -0.0565576 0.01 43 43 0 0 0
20252 0.563488 -0.00101973 -0.0445603 0.01 88 88 0 0 0
20258 0.521558 -0.00114679 -0.0565576 0.01 43 43 0 0 0
20264 0.521558 -0.00114679 -0.0497004 0.01 42 42 0 0 0
20267 0.540837 -0.00108837 -0.0674836 0.01 87 87 0 0 0
20282 0.484109 -0.00126028 -0.0669804 0.01 44 44 0 0 0
20299 0.499588 -0.00121337 -0.062849 0.01 60 59 0 0 0
20310 0.540837 -0.00108837 -0.0674836 0.01 87 87 0 0 0
20320 0.540837 -0.00108837 -0.0674836 0.01 87 87 0 0 0
20325 0.521558 -0.00114679 -0.074242 0.01 44 45 0 0 0
20329 0.487004 -0.0012515 -0.066 0.01 60 60 0 0 0
20346 0.550894 -0.0010579 -0.0674836 0.01 88 88 -0.00342146 0.0100574 0
20350 0.522717 -0.00114328 -0.0864976 0.01 60 59 -0.000884384 0 -0.00766978
20352 0.540837 -0.00108837 -0.0674836 0.01 87 87 0 0 0
20368 0.540837 -0.00108837 -0.0674836 0.01 87 87 0 0 0
20372 0.510126 -0.00118144 -0.0907942 0.01 60 60 0 0 0
20380 0.527899 -0.00112758 -0.0669804 0.01 44 44 0 0 0
20395 0.50099 -0.00120912 -0.0542334 0.01 60 59 0 0 0
20397 0.521558 -0.00114679 -0.0550719 0.01 43 43 0 0 0
20412 0.521558 -0.00114679 -0.0669804 0.01 43 44 0 0 0
20422 0.468247 -0.00130834 -0.0729369 0.01 60 60 0 0 0
20427 0.484109 -0.00126028 -0.0669804 0.01 42 43 0 0 0
20434 0.543491 -0.00108033 -0.0496369 0.01 44 44 0 0 0
20440 0.530508 -0.00111967 -0.0729369 0.01 60 60 0 0 0
20449 0.540837 -0.00108837 -0.0674836 0.01 87 87 0 0 0
20461 0.540837 -0.00108837 -0.0732432 0.01 87 87 0 0 0
20464 0.517137 -0.00116019 -0.0907942 0.01 60 60 0 0 0
20485 0.521558 -0.00114679 -0.0465328 0.01 42 42 0 0 0
20498 0.514294 -0.00116881 -0.0820192 0.01 60 60 0 0 0
20518 0.540837 -0.00108837 -0.0674836 0.01 89 89 0 0 0
20552 0.484109 -0.00126028 -0.0669804 0.01 43 43 0 0 0
20562 0.483556 -0.00126195 -0.0907942 0.01 60 60 0 0 0
20563 0.521558 -0.00114679 -0.0669804 0.01 44 44 0 0 0
20568 0.521558 -0.00114679 -0.0550719 0.01 43 43 0 0 0
20569 0.593519 -0.00092873 -0.0832697 0.01 60 60 0 0 0
20574 0.521558 -0.00114679 -0.0465328 0.01 43 43 0 0 0
20581 0.521558 -0.00114679 -0.0565576 0.01 43 43 0 0 0
20595 0.563488 -0.00101973 -0.0445603 0.01 87 87 0 0 0
20598 0.521558 -0.00114679 -0.0669804 0.01 44 44 0 0 0
20622 0.563488 -0.00101973 -0.0445603 0.01 87 87 0 0 0
20627 0.501154 -0.00120862 -0.0790911 0.01 44 45 0 0 0
20641 0.470366 -0.00130192 -0.0679369 0.01 60 59 0 0 0
20647 0.540837 -0.00108837 -0.086 0.01 87 87 0 0 0
20648 0.540837 -0.00108837 -0.0674836 0.01 89 89 0 0 0
20660 0.527723 -0.00112811 -0.0669804 0.01 44 44 0 0 0
20666 0.47575 -0.00128561 -0.0813473 0.01 60 60 0 0 0
20684 0.521558 -0.00114679 -0.0465328 0.01 43 43 0 0 0
20686 0.484109 -0.00126028 -0.0635919 0.01 43 43 0.00118268 0 0.00338843
20722 0.540837 -0.00108837 -0.086 0.01 87 87 0 0 0
20740 0.540837 -0.00108837 -0.0674836 0.01 87 87 0 0 0
20754 0.521558 -0.00114679 -0.0669804 0.01 44 44 0 0 0
20755 0.521558 -0.00114679 -0.074242 0.01 44 45 0 0 0
20809 0.521558 -0.00114679 -0.0465328 0.01 42 42 0 0 0
20823 0.521558 -0.00114679 -0.0669804 0.01 43 44 0 0 0
20826 0.521558 -0.00114679 -0.0585298 0.01 43 43 0 0 0
20833 0.526049 -0.00113319 -0.0764162 0.01 60 61 0 0 0
20834 0.521558 -0.00114679 -0.0516424 0.01 42 43 0 0 0
20838 0.540837 -0.00108837 -0.0631226 0.01 89 89 0 0 0
20866 0.484109 -0.00126028 -0.0669804 0.01 43 43 0 0 0
20884 0.513821 -0.00117024 -0.0788278 0.01 60 60 0 0 0
20895 0.540837 -0.00108837 -0.0674836 0.01 88 88 0 0 0
20906 0.521558 -0.00114679 -0.0669804 0.01 44 44 0 0 0
20922 0.521558 -0.00114679 -0.0565576 0.01 43 43 0 0 0
20930 0.521558 -0.00114679 -0.0565576 0.01 43 43 0 0 0
20935 0.487881 -0.00124885 -0.0678803 0.01 60 60 0 0 0
20936 0.522109 -0.00114512 -0.0812099 0.01 60 60 0 0 0
20937 0.52477 -0.00113706 -0.0764162 0.01 60 60 0 0 0
20967 0.521558 -0.00114679 -0.0565576 0.01 43 43 0 0 0
20982 0.52477 -0.00113706 -0.0764162 0.01 60 60 0 0 0
20983 0.521558 -0.00114679 -0.0465328 0.01 42 42 0 0 0
20996 0.521558 -0.00114679 -0.0465328 0.01 44 44 0 0 0
20997 0.521558 -0.00114679 -0.074242 0.01 44 45 0 0 0
21000 0.521558 -0.00114679 -0.0669804 0.01 44 44 0 0 0
21012 0.521947 -0.00114562 -0.0820192 0.01 60 60 0 0 0
21042 0.484109 -0.00126028 -0.0669804 0.01 44 44 0 0 0
21052 0.540837 -0.00108837 -0.0674836 0.01 88 88 0 0 0
21065 0.521558 -0.00114679 -0.0490579 0.01 44 44 0 0 0
21074 0.521558 -0.00114679 -0.0577781 0.01 44 44 0 0 0
21078 0.521558 -0.00114679 -0.0577781 0.01 43 43 0 0 0
21093 0.521558 -0.00114679 -0.0669804 0.01 44 44 0 0 0
21106 0.521558 -0.00114679 -0.0465328 0.01 44 43 0 0 0
21122 0.540837 -0.00108837 -0.0674836 0.01 88 88 0 0 0
21127 0.540837 -0.00108837 -0.0674836 0.01 89 89 0 0 0
21132 0.521558 -0.00114679 -0.0565576 0.01 44 44 0 0 0
21136 0.521558 -0.00114679 -0.0577781 0.01 43 43 0 0 0
21140 0.524952 -0.00113651 -0.0788278 0.01 60 59 0 0 0
21149 0.521558 -0.00114679 -0.0565576 0.01 42 42 0 0 0
21152 0.540837 -0.00108837 -0.0674836 0.01 87 87 0 0 0
21188 0.510126 -0.00118144 -0.114712 0.01 60 60 0 0 0
21189 0.484109 -0.00126028 -0.0669804 0.01 43 44 0 0 0
21200 0.537566 -0.00109828 -0.086 0.01 87 88 0.00081493 -0.00327039 0
21205 0.540837 -0.00108837 -0.0674836 0.01 89 88 0 0 0
21226 0.521558 -0.00114679 -0.0550719 0.01 42 42 0 0 0
21228 0.510454 -0.00118044 -0.0689434 0.01 60 60 0 0 0
21242 0.504178 -0.00119946 -0.074242 0.01 44 45 0 0 0
21253 0.521558 -0.00114679 -0.0669804 0.01 44 44 0 0 0
21281 0.468247 -0.00130834 -0.0729369 0.01 60 60 0 0 0
21282 0.539949 -0.00109106 -0.086 0.01 89 89 0 0 0
21288 0.521558 -0.00114679 -0.0422998 0.01 43 43 0.00474839 0 0.0154782
21302 0.521558 -0.00114679 -0.0669804 0.01 44 44 0 0 0
21315 0.49143 -0.00123809 -0.0568122 0.01 43 43 0 0 0
21322 0.540837 -0.00108837 -0.0674836 0.01 87 87 0 0 0
21332 0.521558 -0.00114679 -0.0669804 0.01 44 44 0 0 0
21338 0.513247 -0.00117198 -0.0669804 0.01 44 44 0 0 0
21339 0.470366 -0.00130192 -0.0679369 0.01 60 60 0 0 0
21349 0.540837 -0.00108837 -0.0674836 0.01 87 87 0 0 0
21354 0.521558 -0.00114679 -0.0565576 0.01 44 44 0 0 0
21378 0.521558 -0.00114679 -0.0669804 0.01 44 44 0 0 0
21384 0.521558 -0.00114679 -0.0669804 0.01 44 44 0 0 0
21393 0.521558 -0.00114679 -0.0640128 0.01 42 44 0 0 0
21395 0.521558 -0.00114679 -0.0669804 0.01 44 44 0 0 0
21396 0.540837 -0.00108837 -0.068412 0.01 87 86 0 0 0
21405 0.543491 -0.00108033 -0.0496369 0.01 44 44 0 0 0
21418 0.521558 -0.00114679 -0.0577781 0.01 44 44 0 0 0
21440 0.483556 -0.00126195 -0.0907942 0.01 60 60 0 0 0
21449 0.510126 -0.00118144 -0.117156 0.01 60 61 0 0 0
21452 0.521558 -0.00114679 -0.074242 0.01 44 45 0 0 0
21466 0.514543 -0.00116805 -0.0764162 0.01 60 60 0 0 0
21472 0.521558 -0.00114679 -0.0530301 0.01 44 46 0 0 0
21474 0.521558 -0.00114679 -0.0669804 0.01 43 44 0 0 0
21482 0.514005 -0.00116968 -0.0614136 0.01 60 60 0 0 0
21504 0.521558 -0.00114679 -0.0675476 0.01 44 44 0 0 0
21534 0.521558 -0.00114679 -0.0669804 0.01 44 44 0 0 0
21550 0.521558 -0.00114679 -0.0597642 0.01 44 44 -0.000522763 0 -0.00198607
21593 0.521558 -0.00114679 -0.0577781 0.01 43 43 0 0 0
21595 0.540837 -0.00108837 -0.0631226 0.01 89 89 0 0 0
21601 0.521558 -0.00114679 -0.0565576 0.01 43 43 0 0 0
21607 0.521558 -0.00114679 -0.0465328 0.01 43 43 0 0 0
21642 0.521558 -0.00114679 -0.0565576 0.01 42 42 0 0 0
21645 0.521558 -0.00114679 -0.0565576 0.01 43 43 0 0 0
21666 0.521558 -0.00114679 -0.0585298 0.01 43 43 0 0 0
21676 0.538217 -0.00109631 -0.0396192 0.01 42 42 0 0 0
21692 0.527791 -0.00112791 -0.0729369 0.01 60 60 0 0 0
21693 0.521558 -0.00114679 -0.0585298 0.01 44 44 0 0 0
21694 0.512328 -0.00117476 -0.10711 0.01 60 60 0 0 0
21698 0.540837 -0.00108837 -0.0674836 0.01 89 89 0 0 0
21706 0.521558 -0.00114679 -0.0463827 0.01 42 42 0 0 0
21725 0.513821 -0.00117024 -0.0788278 0.01 60 60 0 0 0
21729 0.540837 -0.00108837 -0.0542893 0.01 87 87 0 0 0
21752 0.521558 -0.00114679 -0.074242 0.01 44 45 0 0 0
21786 0.521558 -0.00114679 -0.0497004 0.01 42 42 0 0 0
21787 0.528207 -0.00112665 -0.0496369 0.01 43 43 0 0 0
21795 0.521558 -0.00114679 -0.0565576 0.01 43 43 0 0 0
21796 0.510126 -0.00118144 -0.10711 0.01 60 60 0 0 0
21812 0.521558 -0.00114679 -0.0669804 0.01 44 44 0 0 0
21819 0.521558 -0.00114679 -0.0441511 0.01 44 45 0 0 0
21824 0.540837 -0.00108837 -0.0674836 0.01 88 87 0 0 0
21830 0.540837 -0.00108837 -0.0674836 0.01 87 87 0 0 0
21832 0.540837 -0.00108837 -0.086 0.01 87 87 0 0 0
21861 0.514294 -0.00116881 -0.0820192 0.01 60 60 0 0 0
21862 0.475636 -0.00128595 -0.0729369 0.01 60 61 0 0 0
21875 0.521558 -0.00114679 -0.0496369 0.01 42 42 0 0 0
21915 0.521558 -0.00114679 -0.0669804 0.01 44 44 0 0 0
21921 0.535153 -0.0011056 -0.0788278 0.01 60 59 0 0 0
21923 0.53045 -0.00111985 -0.0788278 0.01 60 61 0 0 0
21944 0.484109 -0.00126028 -0.0669804 0.01 44 44 0 0 0
21968 0.487004 -0.0012515 -0.066 0.01 60 60 0 0 0
21972 0.540837 -0.00108837 -0.0674836 0.01 88 88 0 0 0
21974 0.521558 -0.00114679 -0.0585298 0.01 43 43 0 0 0
21983 0.508812 -0.00118542 -0.0565576 0.01 42 42 0 0 0
21990 0.540837 -0.00108837 -0.086 0.01 88 88 0 0 0
22001 0.540837 -0.00108837 -0.0674836 0.01 89 88 0 0 0
22003 0.521558 -0.00114679 -0.0669804 0.01 44 44 0 0 0
22012 0.539074 -0.00109371 -0.0764162 0.01 60 60 0 0 0
22014 0.540837 -0.00108837 -0.0674836 0.01 88 88 0 0 0
22021 0.537566 -0.00109828 -0.086 0.01 88 88 0 0 0
22030 0.521558 -0.00114679 -0.0585298 0.01 43 43 0 0 0
22045 0.521558 -0.00114679 -0.0669804 0.01 44 44 0 0 0
22046 0.521558 -0.00114679 -0.0669804 0.01 44 44 0 0 0
22050 0.521558 -0.00114679 -0.0565576 0.01 44 44 0 0 0
22053 0.517137 -0.00116019 -0.0907942 0.01 60 60 0 0 0
22069 0.540837 -0.00108837 -0.0674836 0.01 87 87 0 0 0
22091 0.521558 -0.00114679 -0.0565576 0.01 42 42 0 0 0
22092 0.521558 -0.00114679 -0.0565576 0.01 42 42 0 0 0
22099 0.516597 -0.00116183 -0.074242 0.01 44 45 0 0 0
22129 0.521558 -0.00114679 -0.0565576 0.01 43 43 0 0 0
22156 0.540837 -0.00108837 -0.0674836 0.01 87 87 0 0 0
22172 0.484109 -0.00126028 -0.0669804 0.01 43 43 0 0 0
22179 0.540837 -0.00108837 -0.0674836 0.01 88 88 0 0 0
22183 0.495876 -0.00122462 -0.0983643 0.01 60 59 0 0 0
22187 0.521558 -0.00114679 -0.0565576 0.01 42 42 0 0 0
22194 0.521558 -0.00114679 -0.0550719 0.01 42 43 0 0 0
22200 0.521558 -0.00114679 -0.0550719 0.01 43 43 0 0 0
22208 0.521558 -0.00114679 -0.0669804 0.01 44 44 0 0 0
22209 0.484109 -0.00126028 -0.0669804 0.01 44 43 0 0 0
22241 0.540837 -0.00108837 -0.0576668 0.01 87 87 0.0427205 0 0.00981677
22249 0.515685 -0.00116459 -0.0797448 0.01 60 59 0 0 0
22257 0.468247 -0.00130834 -0.0729369 0.01 60 60 0 0 0
22272 0.522109 -0.00114512 -0.0812099 0.01 60 60 0 0 0
22273 0.521558 -0.00114679 -0.0565576 0.01 44 43 0 0 0
22275 0.521558 -0.00114679 -0.0669804 0.01 43 44 0 0 0
22280 0.521947 -0.00114562 -0.0796004 0.01 60 60 0 0 0
22300 0.521558 -0.00114679 -0.0669804 0.01 44 44 0 0 0
22303 0.47575 -0.00128561 -0.0813473 0.01 60 60 0 0 0
22311 0.540837 -0.00108837 -0.0674836 0.01 88 88 0 0 0
22318 0.475437 -0.00128655 -0.0669804 0.01 43 43 -0.00635503 0.00816518 0
22327 0.510454 -0.00118044 -0.063646 0.01 60 61 0.00228167 0 0.00929084
22341 0.521558 -0.00114679 -0.0465328 0.01 43 43 0 0 0
22342 0.540837 -0.00108837 -0.086 0.01 87 87 0 0 0
22343 0.538217 -0.00109631 -0.0565576 0.01 43 43 0 0 0
22347 0.521558 -0.00114679 -0.0465328 0.01 43 43 0 0 0
22351 0.540837 -0.00108837 -0.086 0.01 87 87 0 0 0
22352 0.521558 -0.00114679 -0.0496369 0.01 43 43 0 0 0
22353 0.511149 -0.00117834 -0.0577781 0.01 42 42 0 0 0
22361 0.540837 -0.00108837 -0.086 0.01 88 88 0 0 0
22380 0.484109 -0.00126028 -0.0669804 0.01 44 44 0 0 0
22381 0.532012 -0.00111512 -0.0674836 0.01 87 87 0.00327234 -0.00882488 0
22383 0.468247 -0.00130834 -0.0729369 0.01 60 60 0 0 0
22387 0.521558 -0.00114679 -0.0669804 0.01 42 44 0 0 0
22395 0.521558 -0.00114679 -0.0669804 0.01 44 44 0 0 0
22417 0.521558 -0.00114679 -0.0669804 0.01 44 44 0 0 0
22422 0.521558 -0.00114679 -0.0565576 0.01 43 43 0 0 0
22446 0.521558 -0.00114679 -0.0565576 0.01 43 43 0 0 0
22461 0.539074 -0.00109371 -0.0764162 0.01 60 60 0 0 0
22462 0.521558 -0.00114679 -0.0669804 0.01 44 44 0 0 0
22463 0.521558 -0.00114679 -0.0580957 0.01 43 43 0 0 0
22467 0.521558 -0.00114679 -0.0465328 0.01 42 42 0 0 0
22469 0.521558 -0.00114679 -0.0669804 0.01 44 44 0 0 0
22515 0.530508 -0.00111967 -0.0723349 0.01 60 59 0 0 0
22516 0.521558 -0.00114679 -0.0669804 0.01 44 44 0 0 0
22523 0.521558 -0.00114679 -0.0465328 0.01 43 43 0 0 0
22529 0.513821 -0.00117024 -0.0788278 0.01 60 60 0 0 0
22546 0.540837 -0.00108837 -0.0674836 0.01 87 86 0 0 0
22563 0.521006 -0.00114847 -0.0728202 0.01 60 61 0 0 0
22593 0.521558 -0.00114679 -0.0465328 0.01 42 42 0 0 0
22611 0.539949 -0.00109106 -0.086 0.01 88 88 0 0 0
22616 0.521558 -0.00114679 -0.074242 0.01 44 45 0 0 0
22621 0.530508 -0.00111967 -0.0723349 0.01 60 60 0 0 0
22625 0.593519 -0.00092873 -0.0832697 0.01 60 60 0 0 0
22627 0.47575 -0.00128561 -0.0813473 0.01 60 60 0 0 0
22707 0.521558 -0.00114679 -0.0565576 0.01 44 44 0 0 0
22708 0.521558 -0.00114679 -0.0585298 0.01 43 43 0 0 0
22718 0.521558 -0.00114679 -0.0568122 0.01 44 44 0 0 0
22719 0.523374 -0.00114129 -0.0764162 0.01 60 58 0 0 0
22722 0.514294 -0.00116881 -0.0698566 0.01 60 60 0 0 0
22728 0.521558 -0.00114679 -0.0643254 0.01 44 44 0 0 0
22750 0.540837 -0.00108837 -0.0674836 0.01 88 88 0 0 0
22757 0.540837 -0.00108837 -0.0674836 0.01 88 88 0 0 0
22763 0.514294 -0.00116881 -0.0827017 0.01 60 60 0 0 0
22766 0.540837 -0.00108837 -0.0674836 0.01 87 87 0 0 0
22798 0.521558 -0.00114679 -0.0669804 0.01 44 44 0 0 0
22805 0.521558 -0.00114679 -0.0669804 0.01 44 44 0 0 0
22813 0.540837 -0.00108837 -0.086 0.01 87 87 0 0 0
22816 0.538217 -0.00109631 -0.0565576 0.01 43 43 0 0 0
22838 0.521558 -0.00114679 -0.0669804 0.01 44 44 0 0 0
22839 0.540837 -0.00108837 -0.0660854 0.01 87 86 0 0 0
22841 0.521947 -0.00114562 -0.0820192 0.01 60 60 0 0 0
22858 0.549019 -0.00106358 -0.0850811 0.01 60 60 0 0 0
22879 0.539949 -0.00109106 -0.086 0.01 88 88 0 0 0
22880 0.540837 -0.00108837 -0.0674836 0.01 87 87 0 0 0
22884 0.511149 -0.00117834 -0.0577781 0.01 42 42 0 0 0
22891 0.521558 -0.00114679 -0.0643254 0.01 44 44 0 0 0
22893 0.540837 -0.00108837 -0.0674836 0.01 87 86 0 0 0
22900 0.540837 -0.00108837 -0.0674836 0.01 88 88 0 0 0
22910 0.540837 -0.00108837 -0.086 0.01 87 87 0 0 0
22914 0.540837 -0.00108837 -0.086 0.01 88 88 0 0 0
22947 0.510454 -0.00118044 -0.0689434 0.01 60 60 0 0 0
22950 0.540837 -0.00108837 -0.0674836 0.01 89 89 0 0 0
22981 0.521558 -0.00114679 -0.0589437 0.01 44 44 0.00210105 0 0.00803667
22986 0.521558 -0.00114679 -0.0565576 0.01 44 44 0 0 0
23000 0.522717 -0.00114328 -0.0864976 0.01 60 60 0 0 0
23001 0.484109 -0.00126028 -0.0669804 0.01 44 44 0 0 0
23018 0.521558 -0.00114679 -0.0496369 0.01 42 42 0 0 0
23028 0.510797 -0.0011794 -0.0643254 0.01 44 44 0 0 0
23029 0.521558 -0.00114679 -0.0585298 0.01 43 43 0 0 0
23033 0.521558 -0.00114679 -0.0565576 0.01 43 43 0 0 0
23048 0.521558 -0.00114679 -0.0568122 0.01 44 44 0 0 0
23058 0.521558 -0.00114679 -0.0669804 0.01 44 44 0 0 0
23063 0.521558 -0.00114679 -0.0640128 0.01 44 44 0 0 0
23068 0.511071 -0.00117857 -0.0729369 0.01 60 60 0 0 0
23088 0.521558 -0.00114679 -0.0565576 0.01 44 44 0 0 0
23090 0.494942 -0.00122745 -0.0729369 0.01 60 60 0 0 0
23133 0.508083 -0.00118763 -0.0465328 0.01 42 42 0 0 0
23141 0.521558 -0.00114679 -0.0669804 0.01 44 44 0 0 0
23149 0.540837 -0.00108837 -0.0674836 0.01 88 88 0 0 0
23156 0.540837 -0.00108837 -0.0674836 0.01 87 87 0 0 0
23165 0.540837 -0.00108837 -0.0674836 0.01 88 88 0 0 0
23185 0.521558 -0.00114679 -0.0496369 0.01 44 43 0 0 0
23206 0.470366 -0.00130192 -0.0729369 0.01 60 59 0 0 0
23220 0.510454 -0.00118044 -0.0689434 0.01 60 60 0 0 0
23232 0.540837 -0.00108837 -0.0674836 0.01 87 87 0 0 0
23238 0.521558 -0.00114679 -0.0565576 0.01 42 42 0 0 0
23241 0.484109 -0.00126028 -0.0669804 0.01 43 43 0 0 0
23245 0.521558 -0.00114679 -0.0585298 0.01 43 43 0 0 0
23251 0.521558 -0.00114679 -0.0577781 0.01 44 43 0 0 0
23256 0.484109 -0.00126028 -0.0669804 0.01 43 43 0 0 0
23278 0.540837 -0.00108837 -0.0674836 0.01 88 88 0 0 0
23306 0.521558 -0.00114679 -0.0565576 0.01 43 43 0 0 0
23320 0.514294 -0.00116881 -0.0698566 0.01 60 60 0 0 0
23323 0.540837 -0.00108837 -0.0674836 0.01 88 88 0 0 0
23332 0.527791 -0.00112791 -0.0593036 0.01 60 61 0 0 0
23341 0.521558 -0.00114679 -0.0550719 0.01 44 43 0 0 0
23343 0.521558 -0.00114679 -0.0401274 0.01 42 42 0 0 0
23347 0.521558 -0.00114679 -0.0565576 0.01 43 43 0 0 0
23349 0.510454 -0.00118044 -0.0689434 0.01 60 60 0 0 0
23357 0.510126 -0.00118144 -0.112441 0.01 60 60 0 0 0
23368 0.521558 -0.00114679 -0.0565576 0.01 43 43 0 0 0
23369 0.521558 -0.00114679 -0.0550719 0.01 44 44 0 0 0
23373 0.483556 -0.00126195 -0.103363 0.01 60 60 -0.00238466 0 -0.0125688
23374 0.538217 -0.00109631 -0.0565576 0.01 43 43 0 0 0
23380 0.524726 -0.00113719 -0.0853557 0.01 60 59 0 0 0
23387 0.540837 -0.00108837 -0.0674836 0.01 89 89 0 0 0
23390 0.543491 -0.00108033 -0.0496369 0.01 44 44 0 0 0
23400 0.539949 -0.00109106 -0.086 0.01 89 89 0 0 0
23406 0.537508 -0.00109846 -0.0764162 0.01 60 60 0 0 0
23408 0.521558 -0.00114679 -0.0550719 0.01 44 43 0 0 0
23412 0.510454 -0.00118044 -0.0689434 0.01 60 60 0 0 0
23423 0.484109 -0.00126028 -0.0669804 0.01 43 44 0 0 0
23428 0.47575 -0.00128561 -0.0813473 0.01 60 60 0 0 0
23432 0.505721 -0.00119478 -0.0517571 0.01 60 60 0 0 0
23435 0.521558 -0.00114679 -0.0550719 0.01 43 43 0 0 0
23437 0.510126 -0.00118144 -0.10711 0.01 60 60 0 0 0
23441 0.540837 -0.00108837 -0.0674836 0.01 87 87 0 0 0
23455 0.521558 -0.00114679 -0.0565576 0.01 42 42 0 0 0
23458 0.540837 -0.00108837 -0.0674836 0.01 87 87 0 0 0
23479 0.485417 -0.00125631 -0.0960052 0.01 60 60 0 0 0
23496 0.521558 -0.00114679 -0.0669804 0.01 44 44 0 0 0
23509 0.521558 -0.00114679 -0.0577781 0.01 44 44 0 0 0
23523 0.475636 -0.00128595 -0.0620019 0.01 60 60 0 0 0
23532 0.521558 -0.00114679 -0.0550719 0.01 43 44 0 0 0
23533 0.540837 -0.00108837 -0.0692978 0.01 88 88 0 0 0
23541 0.497633 -0.00121929 -0.107378 0.01 60 60 0 0 0
23542 0.527899 -0.00112758 -0.0446746 0.01 44 44 0.00574617 0 0.0223057
23563 0.521558 -0.00114679 -0.0465328 0.01 42 42 0 0 0
23569 0.521947 -0.00114562 -0.0889294 0.01 60 60 0 0 0
23575 0.522717 -0.00114328 -0.0870561 0.01 60 60 0 0 0
23597 0.540837 -0.00108837 -0.0674836 0.01 87 87 0 0 0
23621 0.523023 -0.00114236 -0.0764162 0.01 60 59 0 0 0
23628 0.484109 -0.00126028 -0.0669804 0.01 44 44 0 0 0
23638 0.521947 -0.00114562 -0.0820192 0.01 60 60 0 0 0
23654 0.540837 -0.00108837 -0.0674836 0.01 87 87 0 0 0
23671 0.540837 -0.00108837 -0.0674836 0.01 89 88 0 0 0
23684 0.528207 -0.00112665 -0.0496369 0.01 42 43 0 0 0
23701 0.542179 -0.0010843 -0.0758387 0.01 60 60 0 0 0
23708 0.484109 -0.00126028 -0.0669804 0.01 43 43 0 0 0
23717 0.540837 -0.00108837 -0.0674836 0.01 87 87 0 0 0
23721 0.540837 -0.00108837 -0.0631226 0.01 89 89 0 0 0
23726 0.521558 -0.00114679 -0.0599404 0.01 43 43 -0.00147173 0 -0.00486852
23731 0.521558 -0.00114679 -0.0669804 0.01 43 44 0 0 0
23732 0.521558 -0.00114679 -0.0565576 0.01 43 43 0 0 0
23736 0.468247 -0.00130834 -0.0729369 0.01 60 60 0 0 0
23742 0.538217 -0.00109631 -0.0565576 0.01 43 43 0 0 0
23747 0.487881 -0.00124885 -0.0632362 0.01 60 60 0 0 0
23763 0.521558 -0.00114679 -0.0669804 0.01 44 44 0 0 0
23769 0.540837 -0.00108837 -0.0692978 0.01 87 88 -0.00734562 0 -0.00181423
23776 0.514021 -0.00116963 -0.0565576 0.01 42 42 0 0 0
23781 0.521558 -0.00114679 -0.0669804 0.01 44 44 0 0 0
23786 0.556247 -0.00104168 -0.0402295 0.01 60 60 0 0 0
23793 0.540837 -0.00108837 -0.0674836 0.01 88 88 0 0 0
23805 0.522109 -0.00114512 -0.0764162 0.01 60 60 0 0 0
23808 0.540837 -0.00108837 -0.0674836 0.01 88 88 0 0 0
23810 0.521006 -0.00114847 -0.0728202 0.01 60 60 0 0 0
23812 0.540837 -0.00108837 -0.0674836 0.01 88 88 0 0 0
23813 0.521558 -0.00114679 -0.0496369 0.01 43 43 0 0 0
23820 0.508083 -0.00118763 -0.0465328 0.01 42 42 0 0 0
23827 0.521006 -0.00114847 -0.0728202 0.01 60 60 0 0 0
23836 0.484109 -0.00126028 -0.0669804 0.01 43 43 0 0 0
23841 0.521558 -0.00114679 -0.0465328 0.01 43 43 0 0 0
23844 0.521558 -0.00114679 -0.0585298 0.01 43 43 0 0 0
23854 0.521558 -0.00114679 -0.0465328 0.01 42 42 0 0 0
23872 0.521558 -0.00114679 -0.0669804 0.01 44 44 0 0 0
23884 0.527791 -0.00112791 -0.0593036 0.01 60 60 0 0 0
23885 0.497633 -0.00121929 -0.0947896 0.01 60 60 0 0 0
23891 0.503082 -0.00120278 -0.0638471 0.01 60 59 0 0 0
23917 0.521558 -0.00114679 -0.0465328 0.01 43 43 0 0 0
23926 0.521558 -0.00114679 -0.0669804 0.01 44 44 0 0 0
23947 0.510126 -0.00118144 -0.10711 0.01 60 60 0 0 0
23960 0.527899 -0.00112758 -0.0669804 0.01 44 44 0 0 0
23969 0.521558 -0.00114679 -0.0565576 0.01 44 44 0 0 0
23980 0.521558 -0.00114679 -0.0550719 0.01 43 43 0 0 0
23986 0.521558 -0.00114679 -0.0565576 0.01 42 42 0 0 0
24032 0.521558 -0.00114679 -0.0565576 0.01 43 43 0 0 0
24050 0.522109 -0.00114512 -0.0764162 0.01 60 61 0 0 0
24076 0.540837 -0.00108837 -0.0631226 0.01 89 89 0 0 0
24078 0.502185 -0.0012055 -0.0837251 0.01 60 60 0 0 0
24090 0.524524 -0.00113781 -0.0764162 0.01 60 60 0 0 0
24091 0.521558 -0.00114679 -0.0585298 0.01 44 44 0 0 0
24122 0.540837 -0.00108837 -0.0674836 0.01 87 86 0 0 0
24127 0.540837 -0.00108837 -0.086 0.01 88 88 0 0 0
24129 0.512811 -0.0011733 -0.0568122 0.01 44 44 0 0 0
24133 0.521558 -0.00114679 -0.0565576 0.01 43 43 0 0 0
24137 0.484109 -0.00126028 -0.0669804 0.01 42 43 0 0 0
24142 0.521558 -0.00114679 -0.0465328 0.01 44 44 0 0 0
24144 0.543491 -0.00108033 -0.0496369 0.01 43 44 0 0 0
24179 0.521558 -0.00114679 -0.0465328 0.01 42 42 0 0 0
24186 0.540837 -0.00108837 -0.0674836 0.01 87 87 0 0 0
24212 0.50099 -0.00120912 -0.0542334 0.01 60 60 0 0 0
24257 0.540837 -0.00108837 -0.0660854 0.01 87 87 0 0 0
24259 0.521558 -0.00114679 -0.0465328 0.01 42 43 0 0 0
24262 0.521558 -0.00114679 -0.0465328 0.01 42 42 0 0 0
24280 0.521558 -0.00114679 -0.0565576 0.01 42 42 0 0 0
24294 0.521558 -0.00114679 -0.0568122 0.01 43 43 0 0 0
24295 0.521558 -0.00114679 -0.0465328 0.01 42 42 0 0 0
24301 0.521558 -0.00114679 -0.0496369 0.01 43 43 0 0 0
24309 0.540837 -0.00108837 -0.0674836 0.01 88 88 0 0 0
24334 0.540837 -0.00108837 -0.0674836 0.01 87 87 0 0 0
24339 0.521558 -0.00114679 -0.0534178 0.01 43 43 0 0 0
24351 0.521558 -0.00114679 -0.0669804 0.01 44 44 0 0 0
24352 0.521558 -0.00114679 -0.0669804 0.01 44 44 0 0 0
24357 0.521558 -0.00114679 -0.0585298 0.01 44 44 0 0 0
24390 0.522109 -0.00114512 -0.0764162 0.01 60 60 0 0 0
24394 0.521558 -0.00114679 -0.0422998 0.01 44 43 0 0 0
24396 0.531969 -0.00111525 -0.077647 0.01 87 87 -0.0380607 0 -0.0101634
24400 0.521558 -0.00114679 -0.0616711 0.01 44 44 0 0 0
24404 0.510126 -0.00118144 -0.11589 0.01 60 60 0 0 0
24407 0.521558 -0.00114679 -0.0432818 0.01 43 43 0.0019637 0 0.00635512
24408 0.521558 -0.00114679 -0.0550719 0.01 43 43 0 0 0
24415 0.521558 -0.00114679 -0.0465328 0.01 43 43 0 0 0
24423 0.540837 -0.00108837 -0.0674836 0.01 87 87 0 0 0
24428 0.523374 -0.00114129 -0.0764162 0.01 60 60 0 0 0
24439 0.484109 -0.00126028 -0.0669804 0.01 44 43 0 0 0
24449 0.540837 -0.00108837 -0.0674836 0.01 88 88 0 0 0
24461 0.540837 -0.00108837 -0.0674836 0.01 88 88 0 0 0
24462 0.521558 -0.00114679 -0.0669804 0.01 44 44 0 0 0
24467 0.540837 -0.00108837 -0.0674836 0.01 88 88 0 0 0
24472 0.521558 -0.00114679 -0.0565576 0.01 43 43 0 0 0
24473 0.540837 -0.00108837 -0.0674836 0.01 88 88 0 0 0
24499 0.514955 -0.0011668 -0.0606305 0.01 44 44 0 0 0
24502 0.521558 -0.00114679 -0.0565576 0.01 42 42 0 0 0
24528 0.486692 -0.00125245 -0.0638471 0.01 60 59 0 0 0
24531 0.499233 -0.00121445 -0.0669804 0.01 44 44 0.0153797 -0.0223252 0
24533 0.474686 -0.00128883 -0.0729369 0.01 60 60 0 0 0
24549 0.514005 -0.00116968 -0.0587543 0.01 60 59 0 0 0
24553 0.521558 -0.00114679 -0.0577781 0.01 43 43 0 0 0
24565 0.521558 -0.00114679 -0.0565576 0.01 43 43 0 0 0
24566 0.50099 -0.00120912 -0.0542334 0.01 60 60 0 0 0
24567 0.514021 -0.00116963 -0.0565576 0.01 42 42 0 0 0
24570 0.556247 -0.00104168 -0.0402295 0.01 60 60 0 0 0
24601 0.540837 -0.00108837 -0.0674836 0.01 88 88 0 0 0
24603 0.540837 -0.00108837 -0.0674836 0.01 87 87 0 0 0
24605 0.508083 -0.00118763 -0.0465328 0.01 42 42 0 0 0
24621 0.484109 -0.00126028 -0.0669804 0.01 44 44 0 0 0
24634 0.521558 -0.00114679 -0.0465328 0.01 42 42 0 0 0
24641 0.540837 -0.00108837 -0.086 0.01 87 87 0 0 0
24642 0.521558 -0.00114679 -0.0565576 0.01 42 42 0 0 0
24646 0.511071 -0.00117857 -0.0729369 0.01 60 60 0 0 0
24652 0.521558 -0.00114679 -0.0530301 0.01 44 44 0 0 0
24655 0.494942 -0.00122745 -0.0729369 0.01 60 60 0 0 0
24657 0.527791 -0.00112791 -0.0823302 0.01 60 60 0 0 0
24661 0.540837 -0.00108837 -0.0674836 0.01 88 88 0 0 0
24671 0.491483 -0.00123793 -0.0691663 0.01 60 60 0 0 0
24674 0.521558 -0.00114679 -0.0518341 0.01 43 43 0 0 0
24675 0.515685 -0.00116459 -0.0805074 0.01 60 60 0 0 0
24678 0.540837 -0.00108837 -0.086 0.01 87 87 0 0 0
24681 0.517137 -0.00116019 -0.0907942 0.01 60 60 0 0 0
24690 0.517137 -0.00116019 -0.0792356 0.01 60 60 0 0 0
24706 0.522109 -0.00114512 -0.0764162 0.01 60 60 0 0 0
24718 0.563488 -0.00101973 -0.0445603 0.01 87 87 0 0 0
24759 0.521558 -0.00114679 -0.0465328 0.01 43 43 0 0 0
24797 0.521558 -0.00114679 -0.0550719 0.01 43 43 0 0 0
24801 0.539949 -0.00109106 -0.086 0.01 88 88 0 0 0
24805 0.475636 -0.00128595 -0.0620019 0.01 60 60 0 0 0
24816 0.521558 -0.00114679 -0.0550719 0.01 42 42 0 0 0
24867 0.484109 -0.00126028 -0.0669804 0.01 43 43 0 0 0
24870 0.540837 -0.00108837 -0.0674836 0.01 88 88 0 0 0
24880 0.521558 -0.00114679 -0.0669804 0.01 44 44 0 0 0
24881 0.540837 -0.00108837 -0.0674836 0.01 88 87 0 0 0
24887 0.504208 -0.00119937 -0.0565576 0.01 43 43 0.0115601 -0.0173497 0
24889 0.521558 -0.00114679 -0.0669804 0.01 44 44 0 0 0
24898 0.510454 -0.00118044 -0.0689434 0.01 60 60 0 0 0
24906 0.521558 -0.00114679 -0.0565576 0.01 43 43 0 0 0
24914 0.538217 -0.00109631 -0.0565576 0.01 43 43 0 0 0
24924 0.514294 -0.00116881 -0.0698566 0.01 60 59 0 0 0
24928 0.521558 -0.00114679 -0.0496369 0.01 43 43 0 0 0
24941 0.521558 -0.00114679 -0.0585298 0.01 44 44 0 0 0
24945 0.468247 -0.00130834 -0.0729369 0.01 60 60 0 0 0
24953 0.521947 -0.00114562 -0.0820192 0.01 60 60 0 0 0
24969 0.540837 -0.00108837 -0.0674836 0.01 87 87 0 0 0
24972 0.521558 -0.00114679 -0.0550719 0.01 43 43 0 0 0
24977 0.515685 -0.00116459 -0.0805074 0.01 60 60 0 0 0
24989 0.540837 -0.00108837 -0.0674836 0.01 87 87 0 0 0
24991 0.484109 -0.00126028 -0.0669804 0.01 44 44 0 0 0
24996 0.593519 -0.00092873 -0.100526 0.01 60 59 0 0 0
25021 0.484109 -0.00126028 -0.0669804 0.01 44 44 0 0 0
25024 0.514624 -0.00116781 -0.0811682 0.01 60 60 0 0 0
25025 0.524524 -0.00113781 -0.0764162 0.01 60 60 0 0 0
25052 0.521558 -0.00114679 -0.0465328 0.01 42 42 0 0 0
25065 0.497633 -0.00121929 -0.0907942 0.01 60 60 0 0 0
25067 0.540837 -0.00108837 -0.0674836 0.01 89 89 0 0 0
25082 0.484109 -0.00126028 -0.0669804 0.01 43 43 0 0 0
25084 0.521558 -0.00114679 -0.0577781 0.01 43 43 0 0 0
25089 0.521558 -0.00114679 -0.0465328 0.01 43 43 0 0 0
25090 0.510126 -0.00118144 -0.10711 0.01 60 60 0 0 0
25094 0.521558 -0.00114679 -0.0669804 0.01 44 44 0 0 0
25105 0.540837 -0.00108837 -0.0631226 0.01 89 89 0 0 0
25112 0.563488 -0.00101973 -0.0445603 0.01 87 87 0 0 0
25113 0.521558 -0.00114679 -0.0565576 0.01 43 43 0 0 0
25122 0.474686 -0.00128883 -0.0729369 0.01 60 60 0 0 0
25126 0.483556 -0.00126195 -0.0907942 0.01 60 60 0 0 0
25127 0.510126 -0.00118144 -0.0907942 0.01 60 60 0 0 0
25133 0.540837 -0.00108837 -0.0692978 0.01 88 88 0 0 0
25140 0.540837 -0.00108837 -0.0674836 0.01 87 87 0 0 0
25153 0.521558 -0.00114679 -0.0556163 0.01 43 43 0 0 0
25155 0.513556 -0.00117104 -0.0638471 0.01 60 60 0 0 0
25163 0.521558 -0.00114679 -0.0565576 0.01 43 43 0 0 0
25168 0.539949 -0.00109106 -0.086 0.01 89 89 0 0 0
25175 0.540837 -0.00108837 -0.0674836 0.01 87 87 0 0 0
25178 0.484109 -0.00126028 -0.0669804 0.01 43 43 0 0 0
