max_pf 104 min_pf 38
individual DHm DSm DCp disp_rate patch_no b_patch_no mut_eff DDHm DDCp
14 0.581469 -0.000965246 -0.0909478 0.01 60 59 0 0 0
43 0.506434 -0.00119262 -0.0374076 0.01 40 40 0 0 0
51 0.57979 -0.000970333 -0.020564 0.01 104 104 0.0277009 0 0.00131878
107 0.490147 -0.00124198 -0.0444114 0.01 60 60 0 0 0
123 0.549141 -0.00106321 -0.0337876 0.01 60 61 0 0 0
192 0.538653 -0.00109499 -0.0393123 0.01 40 40 0 0 0
207 0.538653 -0.00109499 -0.0393123 0.01 40 40 0 0 0
216 0.490147 -0.00124198 -0.0444114 0.01 60 60 0 0 0
233 0.490147 -0.00124198 -0.0444114 0.01 60 60 0 0 0
250 0.516888 -0.00116094 -0.0425524 0.01 40 40 0 0 0
262 0.522063 -0.00114526 -0.0374076 0.01 40 40 0 0 0
293 0.57979 -0.000970333 -0.0218828 0.01 102 102 0 0 0
336 0.615073 -0.000863414 -0.0631991 0.01 60 60 0 0 0
351 0.490147 -0.00124198 -0.0229704 0.01 60 60 0 0 0
352 0.522063 -0.00114526 -0.0374076 0.01 40 40 0 0 0
365 0.499897 -0.00121243 -0.0529237 0.01 60 60 0 0 0
372 0.57979 -0.000970333 -0.0425557 0.01 103 103 0 0 0
393 0.490147 -0.00124198 -0.0444114 0.01 60 60 0 0 0
431 0.57979 -0.000970333 -0.0218828 0.01 104 104 0 0 0
443 0.490147 -0.00124198 -0.0444114 0.01 60 60 0 0 0
449 0.525987 -0.00113337 -0.0513391 0.01 40 42 0 0 0
580 0.579151 -0.000972269 -0.0437383 0.01 60 59 0 0 0
584 0.522063 -0.00114526 -0.0374076 0.01 40 40 0 0 0
595 0.57979 -0.000970333 -0.013549 0.01 102 102 0 0 0
638 0.524228 -0.0011387 -0.0395439 0.01 60 60 0 0 0
644 0.57979 -0.000970333 -0.0218828 0.01 103 101 0 0 0
666 0.501568 -0.00120737 -0.0484905 0.01 60 60 0 0 0
670 0.506182 -0.00119339 -0.0605936 0.01 60 60 0 0 0
685 0.57979 -0.000970333 -0.013549 0.01 102 102 0 0 0
745 0.562132 -0.00102384 -0.0288572 0.01 60 61 0 0 0
758 0.522063 -0.00114526 -0.0374076 0.01 39 39 0 0 0
768 0.490147 -0.00124198 -0.0444114 0.01 60 61 0 0 0
776 0.490147 -0.00124198 -0.0229704 0.01 60 60 0 0 0
789 0.522063 -0.00114526 -0.0374076 0.01 39 39 0 0 0
807 0.522063 -0.00114526 -0.0374076 0.01 39 39 0 0 0
838 0.553442 -0.00105018 -0.0181168 0.01 60 60 0 0 0
847 0.538653 -0.00109499 -0.0372974 0.01 40 40 0.000815779 0 0.00201484
937 0.538653 -0.00109499 -0.0393123 0.01 40 40 0 0 0
943 0.523019 -0.00114237 -0.0414534 0.01 60 60 0 0 0
985 0.538653 -0.00109499 -0.0393123 0.01 39 40 0 0 0
1029 0.518098 -0.00115728 -0.0696867 0.01 60 60 0 0 0
1057 0.581389 -0.000965488 -0.0469144 0.01 60 60 0 0 0
1099 0.538653 -0.00109499 -0.0393123 0.01 39 39 0 0 0
1116 0.499712 -0.001213 -0.0471021 0.01 60 60 0 0 0
1143 0.522063 -0.00114526 -0.0374076 0.01 40 40 0 0 0
1174 0.518682 -0.00115551 -0.0374076 0.01 40 40 0 0 0
1189 0.512424 -0.00117447 -0.0181168 0.01 60 60 0 0 0
1209 0.558081 -0.00103612 -0.0393123 0.01 40 40 0 0 0
1224 0.57979 -0.000970333 -0.013549 0.01 102 102 0 0 0
1228 0.490147 -0.00124198 -0.0444114 0.01 60 60 0 0 0
1235 0.527843 -0.00112775 -0.0444114 0.01 60 60 0 0 0
1259 0.553442 -0.00105018 -0.0181168 0.01 60 60 0 0 0
1271 0.514984 -0.00116672 -0.0330651 0.01 60 60 0 0 0
1272 0.57979 -0.000970333 -0.0218828 0.01 104 104 0 0 0
1347 0.57979 -0.000970333 -0.013549 0.01 102 102 0 0 0
1360 0.473756 -0.00129165 -0.0484905 0.01 60 60 0 0 0
1481 0.57979 -0.000970333 -0.0218828 0.01 102 102 0 0 0
1542 0.522063 -0.00114526 -0.0374076 0.01 40 40 0 0 0
1576 0.538653 -0.00109499 -0.0408459 0.01 40 40 0 0 0
1617 0.522063 -0.00114526 -0.0374076 0.01 39 40 0 0 0
1646 0.522063 -0.00114526 -0.0374076 0.01 40 40 0 0 0
1657 0.481809 -0.00126725 -0.0444114 0.01 60 60 -0.0033142 0.00306359 0
1663 0.533074 -0.0011119 -0.0393123 0.01 40 40 0 0 0
1669 0.57979 -0.000970333 -0.0218828 0.01 102 102 0 0 0
1716 0.525987 -0.00113337 -0.0338732 0.01 39 41 0 0 0
1719 0.490147 -0.00124198 -0.0444114 0.01 60 59 0 0 0
1731 0.490147 -0.00124198 -0.0444114 0.01 60 60 0 0 0
1738 0.542573 -0.00108311 -0.047428 0.01 60 59 0 0 0
1740 0.57979 -0.000970333 -0.0218828 0.01 102 102 0 0 0
1745 0.491532 -0.00123778 -0.0444114 0.01 60 60 0 0 0
1755 0.57979 -0.000970333 -0.0158989 0.01 103 103 0 0 0
1768 0.538653 -0.00109499 -0.0393123 0.01 40 40 0 0 0
1789 0.522063 -0.00114526 -0.0374076 0.01 39 39 0 0 0
1796 0.547481 -0.00106824 -0.0870548 0.01 60 60 0.015575 -0.0187673 0
1809 0.57979 -0.000970333 -0.0158989 0.01 103 103 0 0 0
1813 0.490147 -0.00124198 -0.0444114 0.01 60 60 0 0 0
1828 0.522063 -0.00114526 -0.0374076 0.01 39 39 0 0 0
1831 0.522063 -0.00114526 -0.0374076 0.01 40 40 0 0 0
1847 0.553442 -0.00105018 -0.0181168 0.01 60 60 0 0 0
1849 0.588511 -0.000943906 -0.0158989 0.01 103 103 0 0 0
1873 0.526813 -0.00113087 -0.0571598 0.01 60 60 0 0 0
1874 0.548011 -0.00106663 -0.063849 0.01 60 60 0 0 0
1912 0.533494 -0.00111062 -0.0135052 0.01 60 60 0 0 0
1924 0.532124 -0.00111478 -0.0411379 0.01 60 60 0 0 0
1927 0.538653 -0.00109499 -0.0393123 0.01 39 39 0 0 0
1940 0.57979 -0.000970333 -0.013549 0.01 102 102 0 0 0
1950 0.537191 -0.00109942 -0.0444114 0.01 60 60 0 0 0
1963 0.548799 -0.00106424 -0.0393123 0.01 40 40 0 0 0
1966 0.481652 -0.00126772 -0.0336138 0.01 60 60 0 0 0
1970 0.538653 -0.00109499 -0.0408459 0.01 40 40 0 0 0
2034 0.537191 -0.00109942 -0.0444114 0.01 60 60 0 0 0
2096 0.522063 -0.00114526 -0.0425524 0.01 39 40 0 0 0
2100 0.498226 -0.0012175 -0.0336418 0.01 60 60 0 0 0
2108 0.490147 -0.00124198 -0.0444114 0.01 60 60 0 0 0
2110 0.57662 -0.000979941 -0.0437383 0.01 60 60 0 0 0
2111 0.522063 -0.00114526 -0.0374076 0.01 40 40 0 0 0
2119 0.533494 -0.00111062 -0.0135052 0.01 60 60 0 0 0
2125 0.57979 -0.000970333 -0.0397106 0.01 102 102 -0.433655 0 -0.0261617
2127 0.5337 -0.00111 -0.0178977 0.01 60 60 0 0 0
2175 0.517363 -0.00115951 -0.0395439 0.01 60 60 0 0 0
2185 0.525919 -0.00113358 -0.0374076 0.01 39 39 0 0 0
2191 0.522063 -0.00114526 -0.0508066 0.01 40 41 0 0 0
2254 0.575129 -0.000984457 -0.0658685 0.01 60 59 0 0 0
2289 0.490147 -0.00124198 -0.0444114 0.01 60 60 0 0 0
2312 0.57979 -0.000970333 -0.0218828 0.01 104 104 0 0 0
2315 0.523019 -0.00114237 -0.0414534 0.01 60 60 0 0 0
2330 0.57979 -0.000970333 -0.013549 0.01 103 102 0 0 0
2367 0.555154 -0.00104499 -0.0631991 0.01 60 59 0 0 0
2389 0.57979 -0.000970333 -0.0218828 0.01 104 104 0 0 0
2396 0.57979 -0.000970333 -0.0218828 0.01 102 102 0 0 0
2438 0.490147 -0.00124198 -0.0444114 0.01 60 60 0 0 0
2439 0.57979 -0.000970333 -0.0158989 0.01 103 103 0 0 0
2454 0.522063 -0.00114526 -0.0425524 0.01 39 39 0 0 0
2458 0.55475 -0.00104621 -0.0225127 0.01 60 59 0 0 0
2518 0.55417 -0.00104797 -0.0444114 0.01 60 60 0 0 0
2533 0.523038 -0.00114231 -0.0393123 0.01 40 40 0 0 0
2571 0.553442 -0.00105018 -0.0181168 0.01 60 60 0 0 0
2574 0.522063 -0.00114526 -0.0374076 0.01 40 41 0 0 0
2578 0.522063 -0.00114526 -0.0374076 0.01 40 40 0 0 0
2591 0.538653 -0.00109499 -0.0343204 0.01 40 40 0 0 0
2616 0.533818 -0.00110964 -0.0701821 0.01 60 59 0 0 0
2631 0.522063 -0.00114526 -0.0374076 0.01 40 40 0 0 0
2647 0.515435 -0.00116535 -0.0493894 0.01 40 41 0 0 0
2650 0.553442 -0.00105018 -0.0181168 0.01 60 60 0 0 0
2686 0.522063 -0.00114526 -0.0374076 0.01 40 41 0 0 0
2701 0.553442 -0.00105018 -0.0181168 0.01 60 60 0 0 0
2719 0.57979 -0.000970333 -0.0218828 0.01 102 102 0 0 0
2728 0.587758 -0.000946187 -0.0593943 0.01 60 60 0 0 0
2757 0.538653 -0.00109499 -0.0393123 0.01 40 40 0 0 0
2776 0.57979 -0.000970333 -0.0218828 0.01 102 102 0 0 0
2806 0.538653 -0.00109499 -0.0393123 0.01 40 40 0 0 0
2811 0.524614 -0.00113753 -0.0374076 0.01 39 39 0 0 0
2935 0.537191 -0.00109942 -0.0254828 0.01 60 60 0 0 0
2950 0.499712 -0.001213 -0.0471021 0.01 60 60 0 0 0
2982 0.522063 -0.00114526 -0.0374076 0.01 39 39 0 0 0
3043 0.537823 -0.00109751 -0.113913 0.01 60 60 0 0 0
3048 0.490147 -0.00124198 -0.0444114 0.01 60 60 0 0 0
3050 0.522063 -0.00114526 -0.0374076 0.01 39 39 0 0 0
3069 0.538653 -0.00109499 -0.0393123 0.01 39 39 0 0 0
3078 0.57979 -0.000970333 -0.013549 0.01 102 102 0 0 0
3081 0.525987 -0.00113337 -0.0513391 0.01 40 41 0 0 0
3087 0.538653 -0.00109499 -0.044755 0.01 40 40 -0.00217735 0 -0.0054427
3142 0.55417 -0.00104797 -0.0444114 0.01 60 60 0 0 0
3177 0.537191 -0.00109942 -0.0471143 0.01 60 60 0 0 0
3206 0.537191 -0.00109942 -0.0444114 0.01 60 60 0 0 0
3263 0.538653 -0.00109499 -0.0393123 0.01 40 40 0 0 0
3268 0.538653 -0.00109499 -0.0393123 0.01 39 39 0 0 0
3281 0.522063 -0.00114526 -0.0425524 0.01 40 40 0 0 0
3286 0.473756 -0.00129165 -0.0484905 0.01 60 60 0 0 0
3476 0.490147 -0.00124198 -0.0444114 0.01 60 60 0 0 0
3501 0.57979 -0.000970333 -0.0218828 0.01 102 102 0 0 0
3511 0.55729 -0.00103852 -0.0393123 0.01 40 40 0.000399508 -0.000790894 0
3530 0.490147 -0.00124198 -0.0229704 0.01 60 60 0 0 0
3538 0.539228 -0.00109325 -0.0444114 0.01 60 59 0 0 0
3549 0.538653 -0.00109499 -0.0393123 0.01 40 40 0 0 0
3553 0.522063 -0.00114526 -0.0374076 0.01 39 39 0 0 0
3616 0.522063 -0.00114526 -0.0425524 0.01 40 40 0 0 0
3619 0.558081 -0.00103612 -0.0393123 0.01 40 40 0 0 0
3626 0.538653 -0.00109499 -0.0393123 0.01 40 40 0 0 0
3640 0.537191 -0.00109942 -0.0444114 0.01 60 60 0 0 0
3700 0.538653 -0.00109499 -0.0393123 0.01 40 40 0 0 0
3748 0.532013 -0.00111511 -0.0425524 0.01 40 40 0 0 0
3771 0.57979 -0.000970333 -0.0158989 0.01 103 103 0 0 0
3810 0.520096 -0.00115123 -0.0407336 0.01 60 60 0 0 0
3811 0.57979 -0.000970333 -0.0158989 0.01 103 103 0 0 0
3813 0.490147 -0.00124198 -0.0444114 0.01 60 60 0 0 0
3849 0.543981 -0.00107885 -0.0428993 0.01 60 60 0 0 0
3879 0.538653 -0.00109499 -0.0393123 0.01 40 40 0 0 0
3911 0.57979 -0.000970333 -0.013549 0.01 102 102 0 0 0
3933 0.538653 -0.00109499 -0.0393123 0.01 40 40 0 0 0
3934 0.498226 -0.0012175 -0.0336418 0.01 60 60 0 0 0
3967 0.538653 -0.00109499 -0.0393123 0.01 40 40 0 0 0
3976 0.525919 -0.00113358 -0.0374076 0.01 39 39 0 0 0
4010 0.57979 -0.000970333 -0.0158989 0.01 103 103 0 0 0
4040 0.490147 -0.00124198 -0.0444114 0.01 60 60 0 0 0
4047 0.533074 -0.0011119 -0.0393123 0.01 40 40 0 0 0
4054 0.538653 -0.00109499 -0.0393123 0.01 40 40 0 0 0
4067 0.490147 -0.00124198 -0.0444114 0.01 60 60 0 0 0
4096 0.52533 -0.00113536 -0.0444114 0.01 60 60 0 0 0
4106 0.481652 -0.00126772 -0.0336138 0.01 60 60 0 0 0
4122 0.533074 -0.0011119 -0.0393123 0.01 39 39 0 0 0
4146 0.524614 -0.00113753 -0.0374076 0.01 39 39 0 0 0
4171 0.522063 -0.00114526 -0.0374076 0.01 39 41 0 0 0
4186 0.532124 -0.00111478 -0.0411379 0.01 60 60 0 0 0
4206 0.52161 -0.00114664 -0.0380416 0.01 60 59 0 0 0
4208 0.57979 -0.000970333 -0.0218828 0.01 102 102 0 0 0
4223 0.57979 -0.000970333 -0.0218828 0.01 103 102 0 0 0
4231 0.473756 -0.00129165 -0.0484905 0.01 60 60 0 0 0
4237 0.57979 -0.000970333 -0.013549 0.01 102 102 0 0 0
4250 0.57979 -0.000970333 -0.013549 0.01 102 102 0 0 0
4322 0.522063 -0.00114526 -0.0374076 0.01 38 38 0 0 0
4323 0.581469 -0.000965246 -0.0909478 0.01 60 59 0 0 0
4370 0.522063 -0.00114526 -0.0374076 0.01 38 38 0 0 0
4377 0.522063 -0.00114526 -0.0374076 0.01 40 40 0 0 0
4395 0.522063 -0.00114526 -0.0374076 0.01 39 39 0 0 0
4423 0.522063 -0.00114526 -0.0374076 0.01 39 39 0 0 0
4439 0.523464 -0.00114102 -0.0374076 0.01 40 40 0 0 0
4474 0.522063 -0.00114526 -0.0374076 0.01 40 40 0 0 0
4475 0.525987 -0.00113337 -0.0338732 0.01 39 39 0 0 0
4526 0.55417 -0.00104797 -0.0444114 0.01 60 60 0 0 0
4527 0.615073 -0.000863414 -0.0631991 0.01 60 60 0 0 0
4558 0.537191 -0.00109942 -0.0209197 0.01 60 60 0 0 0
4570 0.57979 -0.000970333 -0.0218828 0.01 102 102 0 0 0
4627 0.490147 -0.00124198 -0.0444114 0.01 60 60 0 0 0
4646 0.522063 -0.00114526 -0.0425524 0.01 40 40 0 0 0
4671 0.490147 -0.00124198 -0.0444114 0.01 60 60 0 0 0
4676 0.514984 -0.00116672 -0.0330651 0.01 60 60 0 0 0
4688 0.525987 -0.00113337 -0.0513391 0.01 40 41 0 0 0
4701 0.57979 -0.000970333 -0.0158989 0.01 103 103 0 0 0
4720 0.548011 -0.00106663 -0.0631991 0.01 60 60 0 0 0
4725 0.57979 -0.000970333 -0.0158989 0.01 103 103 0 0 0
4750 0.522063 -0.00114526 -0.0389756 0.01 40 40 -0.000684008 0 -0.001568
4754 0.533494 -0.00111062 -0.0135052 0.01 60 60 0 0 0
4767 0.538653 -0.00109499 -0.0343204 0.01 40 40 0 0 0
4800 0.532667 -0.00111313 -0.0696867 0.01 60 60 0 0 0
4825 0.57979 -0.000970333 -0.013549 0.01 102 102 0 0 0
4850 0.477981 -0.00127885 -0.0444114 0.01 60 61 0 0 0
4882 0.490147 -0.00124198 -0.0444114 0.01 60 60 0 0 0
4929 0.526813 -0.00113087 -0.0571598 0.01 60 61 0.00950271 -0.0103778 0
4938 0.451905 -0.00135786 -0.0484905 0.01 60 60 0 0 0
4991 0.517363 -0.00115951 -0.0530995 0.01 60 60 0 0 0
4998 0.566248 -0.00101137 -0.109492 0.01 60 60 0 0 0
5045 0.538653 -0.00109499 -0.0408459 0.01 40 40 0 0 0
5049 0.522063 -0.00114526 -0.0425524 0.01 39 40 0 0 0
5065 0.610741 -0.000876543 -0.0631991 0.01 60 60 0 0 0
5078 0.538653 -0.00109499 -0.0408459 0.01 40 40 0 0 0
5103 0.538653 -0.00109499 -0.0393123 0.01 40 40 0 0 0
5140 0.522063 -0.00114526 -0.0374076 0.01 39 40 0 0 0
5150 0.57323 -0.000990213 -0.0437383 0.01 60 60 0.00272509 -0.00338989 0
5163 0.577894 -0.00097608 -0.013549 0.01 102 102 0.00092113 -0.00189656 0
5164 0.499712 -0.001213 -0.0471021 0.01 60 60 0 0 0
5174 0.512424 -0.00117447 -0.0181168 0.01 60 62 0 0 0
5186 0.543981 -0.00107885 -0.0358049 0.01 60 60 0 0 0
5190 0.57979 -0.000970333 -0.0218828 0.01 104 104 0 0 0
5193 0.543981 -0.00107885 -0.0428993 0.01 60 60 0 0 0
5209 0.553442 -0.00105018 -0.0181168 0.01 60 60 0 0 0
5229 0.57979 -0.000970333 -0.013549 0.01 102 102 0 0 0
5232 0.490147 -0.00124198 -0.0444114 0.01 60 60 0 0 0
5293 0.517363 -0.00115951 -0.0631991 0.01 60 61 0 0 0
5305 0.520096 -0.00115123 -0.0407336 0.01 60 60 0 0 0
5309 0.553442 -0.00105018 -0.0181168 0.01 60 59 0 0 0
5315 0.522063 -0.00114526 -0.0374076 0.01 38 39 0 0 0
5341 0.52161 -0.00114664 -0.0383714 0.01 60 59 0 0 0
5354 0.562132 -0.00102384 -0.0288572 0.01 60 60 0 0 0
5381 0.537191 -0.00109942 -0.0209197 0.01 60 60 0 0 0
5419 0.522911 -0.0011427 -0.0631991 0.01 60 61 0 0 0
5483 0.57979 -0.000970333 -0.0158989 0.01 103 103 0 0 0
5484 0.498226 -0.0012175 -0.0347571 0.01 60 60 0 0 0
5535 0.510805 -0.00117938 -0.0444114 0.01 60 60 0 0 0
5542 0.553442 -0.00105018 -0.0181168 0.01 60 60 0 0 0
5558 0.490147 -0.00124198 -0.0444114 0.01 60 60 0 0 0
5564 0.57979 -0.000970333 -0.0158989 0.01 103 103 0 0 0
5602 0.538653 -0.00109499 -0.0393123 0.01 40 40 0 0 0
5625 0.538653 -0.00109499 -0.0393123 0.01 40 40 0 0 0
5641 0.522063 -0.00114526 -0.0374076 0.01 39 39 0 0 0
5673 0.511429 -0.00117749 -0.0674157 0.01 60 60 0 0 0
5691 0.526137 -0.00113292 -0.0168989 0.01 60 60 0 0 0
5712 0.537191 -0.00109942 -0.0500623 0.01 60 60 0 0 0
5718 0.57979 -0.000970333 -0.0218828 0.01 102 102 0 0 0
5765 0.490147 -0.00124198 -0.0444114 0.01 60 60 0 0 0
5773 0.57979 -0.000970333 -0.0218828 0.01 104 104 0 0 0
5775 0.5337 -0.00111 -0.0178977 0.01 60 60 0 0 0
5779 0.522063 -0.00114526 -0.0374076 0.01 40 39 0 0 0
5830 0.522063 -0.00114526 -0.0374076 0.01 40 40 0 0 0
5862 0.522063 -0.00114526 -0.0374076 0.01 38 38 0 0 0
5875 0.498226 -0.0012175 -0.0347571 0.01 60 60 0 0 0
5881 0.538653 -0.00109499 -0.0393123 0.01 39 39 0 0 0
5940 0.520096 -0.00115123 -0.0407336 0.01 60 60 0 0 0
5965 0.506182 -0.00119339 -0.0575201 0.01 60 60 0 0 0
5996 0.522063 -0.00114526 -0.0374076 0.01 39 39 0 0 0
6010 0.522063 -0.00114526 -0.0374076 0.01 40 40 0 0 0
6017 0.57979 -0.000970333 -0.0158989 0.01 103 103 0 0 0
6042 0.522063 -0.00114526 -0.0561054 0.01 40 42 0 0 0
6048 0.490147 -0.00124198 -0.0444114 0.01 60 60 0 0 0
6097 0.537191 -0.00109942 -0.0444114 0.01 60 60 0 0 0
6125 0.522063 -0.00114526 -0.0374076 0.01 40 40 0 0 0
6145 0.522063 -0.00114526 -0.0374076 0.01 40 40 0 0 0
6170 0.588511 -0.000943906 -0.0158989 0.01 103 103 0 0 0
6188 0.490147 -0.00124198 -0.0444114 0.01 60 60 0 0 0
6227 0.57979 -0.000970333 -0.0158989 0.01 103 103 0 0 0
6243 0.515435 -0.00116535 -0.0493894 0.01 40 41 0 0 0
6279 0.538653 -0.00109499 -0.0408459 0.01 40 40 0 0 0
6304 0.525987 -0.00113337 -0.0513391 0.01 40 41 0 0 0
6324 0.523019 -0.00114237 -0.0414534 0.01 60 60 0 0 0
6346 0.522063 -0.00114526 -0.0374076 0.01 40 40 0 0 0
6355 0.542573 -0.00108311 -0.0281764 0.01 60 60 0 0 0
6392 0.538653 -0.00109499 -0.0393123 0.01 40 40 0 0 0
6397 0.57979 -0.000970333 -0.00209652 0.01 102 102 0 0 0
6400 0.57979 -0.000970333 -0.0158989 0.01 103 103 0 0 0
6405 0.579048 -0.00097258 -0.0469144 0.01 60 60 0 0 0
6418 0.57979 -0.000970333 -0.0218828 0.01 102 102 0 0 0
6442 0.521743 -0.00114623 -0.0316979 0.01 60 60 -0.000837773 0 -0.00478883
6468 0.565405 -0.00101392 -0.0288295 0.01 60 60 0 0 0
6502 0.52161 -0.00114664 -0.0380416 0.01 60 60 0 0 0
6531 0.517363 -0.00115951 -0.0380416 0.01 60 60 0 0 0
6540 0.538653 -0.00109499 -0.0393123 0.01 40 40 0 0 0
6556 0.538653 -0.00109499 -0.0393123 0.01 40 40 0 0 0
6573 0.522063 -0.00114526 -0.0374076 0.01 39 39 0 0 0
6581 0.490147 -0.00124198 -0.0444114 0.01 60 60 0 0 0
6617 0.533926 -0.00110931 -0.0381503 0.01 60 60 0 0 0
6661 0.57979 -0.000970333 -0.013549 0.01 102 102 0 0 0
6670 0.538653 -0.00109499 -0.0343204 0.01 40 40 0 0 0
6696 0.538653 -0.00109499 -0.0393123 0.01 39 39 0 0 0
6713 0.490147 -0.00124198 -0.0444114 0.01 60 60 0 0 0
6742 0.558081 -0.00103612 -0.0393123 0.01 40 40 0 0 0
6774 0.490147 -0.00124198 -0.0444114 0.01 60 60 0 0 0
6785 0.538653 -0.00109499 -0.0393123 0.01 40 40 0 0 0
6827 0.499712 -0.001213 -0.0471021 0.01 60 60 0 0 0
6851 0.536206 -0.00110241 -0.0575201 0.01 60 61 0 0 0
6937 0.57979 -0.000970333 -0.013549 0.01 102 102 0 0 0
6970 0.538653 -0.00109499 -0.0393123 0.01 38 38 0 0 0
7016 0.57979 -0.000970333 -0.013549 0.01 102 102 0 0 0
7022 0.57979 -0.000970333 -0.0218828 0.01 102 102 0 0 0
7046 0.57979 -0.000970333 -0.0158989 0.01 103 103 0 0 0
7047 0.497658 -0.00121922 -0.0444114 0.01 60 61 0 0 0
7107 0.490147 -0.00124198 -0.0444114 0.01 60 60 0 0 0
7113 0.539228 -0.00109325 -0.0444114 0.01 60 60 0 0 0
7193 0.57979 -0.000970333 -0.0218828 0.01 104 104 0 0 0
7201 0.57979 -0.000970333 -0.0218828 0.01 102 102 0 0 0
7251 0.517549 -0.00115894 -0.0561054 0.01 40 42 0 0 0
7285 0.526137 -0.00113292 -0.0168989 0.01 60 61 0.00205788 0 0.00847539
7286 0.490147 -0.00124198 -0.0444114 0.01 60 60 0 0 0
7303 0.538653 -0.00109499 -0.0393123 0.01 39 39 0 0 0
7309 0.581493 -0.000965172 -0.121388 0.01 60 60 0 0 0
7313 0.537191 -0.00109942 -0.0444114 0.01 60 60 0 0 0
7337 0.578977 -0.000972796 -0.0288295 0.01 60 60 0 0 0
7353 0.538653 -0.00109499 -0.0393123 0.01 39 39 0 0 0
7354 0.501568 -0.00120737 -0.0484905 0.01 60 60 0 0 0
7377 0.472987 -0.00129398 -0.0620559 0.01 60 60 0 0 0
7396 0.538653 -0.00109499 -0.0393123 0.01 40 40 0 0 0
7397 0.538653 -0.00109499 -0.0393123 0.01 40 40 0 0 0
7400 0.473756 -0.00129165 -0.0484905 0.01 60 60 0 0 0
7403 0.538653 -0.00109499 -0.0408459 0.01 40 40 0 0 0
7413 0.511429 -0.00117749 -0.0674157 0.01 60 60 0 0 0
7449 0.490147 -0.00124198 -0.0444114 0.01 60 60 0 0 0
7455 0.57979 -0.000970333 -0.0218828 0.01 102 102 0 0 0
7493 0.538653 -0.00109499 -0.0393123 0.01 40 40 0 0 0
7509 0.533074 -0.0011119 -0.0393123 0.01 39 39 0 0 0
7524 0.522063 -0.00114526 -0.0374076 0.01 40 40 0 0 0
7527 0.473756 -0.00129165 -0.0484905 0.01 60 60 0 0 0
7529 0.522063 -0.00114526 -0.0374076 0.01 39 40 0 0 0
7535 0.537191 -0.00109942 -0.0444114 0.01 60 60 0 0 0
7537 0.537191 -0.00109942 -0.0444114 0.01 60 60 0 0 0
7603 0.537191 -0.00109942 -0.0209197 0.01 60 60 0 0 0
7683 0.522063 -0.00114526 -0.0374076 0.01 40 40 0 0 0
7695 0.5217 -0.00114636 -0.0696867 0.01 60 60 0 0 0
7696 0.490147 -0.00124198 -0.0444114 0.01 60 60 0 0 0
7702 0.587916 -0.00094571 -0.0631991 0.01 60 59 0 0 0
7719 0.522063 -0.00114526 -0.0561054 0.01 39 42 0 0 0
7767 0.522063 -0.00114526 -0.0374076 0.01 39 39 0 0 0
7776 0.57979 -0.000970333 -0.0218828 0.01 102 102 0 0 0
7787 0.567823 -0.0010066 -0.100581 0.01 60 60 0 0 0
7800 0.534276 -0.00110826 -0.0363955 0.01 60 60 0 0 0
7820 0.490147 -0.00124198 -0.0444114 0.01 60 60 0 0 0
7830 0.490147 -0.00124198 -0.0444114 0.01 60 60 0 0 0
7842 0.473756 -0.00129165 -0.0484905 0.01 60 59 0 0 0
7843 0.506434 -0.00119262 -0.0374076 0.01 40 40 0 0 0
7844 0.523019 -0.00114237 -0.00206558 0.01 60 60 0 0 0
7848 0.506182 -0.00119339 -0.0605936 0.01 60 60 0 0 0
7868 0.473756 -0.00129165 -0.0484905 0.01 60 60 0 0 0
7877 0.538653 -0.00109499 -0.0393123 0.01 40 40 0 0 0
7878 0.490147 -0.00124198 -0.0444114 0.01 60 60 0 0 0
7890 0.57979 -0.000970333 -0.0218828 0.01 102 102 0 0 0
7895 0.490147 -0.00124198 -0.0444114 0.01 60 60 0 0 0
7937 0.52533 -0.00113536 -0.0444114 0.01 60 60 0 0 0
7938 0.57979 -0.000970333 -0.0218828 0.01 102 102 0 0 0
7942 0.538653 -0.00109499 -0.0393123 0.01 40 40 0 0 0
7956 0.526813 -0.00113087 -0.0571598 0.01 60 60 0 0 0
7968 0.538653 -0.00109499 -0.0393123 0.01 40 40 0 0 0
7990 0.498226 -0.0012175 -0.0347571 0.01 60 60 0 0 0
8004 0.57979 -0.000970333 -0.0218828 0.01 102 101 0 0 0
8005 0.525987 -0.00113337 -0.0338732 0.01 40 40 0 0 0
8012 0.523019 -0.00114237 -0.0414534 0.01 60 59 0 0 0
8054 0.57979 -0.000970333 -0.0158989 0.01 103 103 0 0 0
8103 0.538653 -0.00109499 -0.0393123 0.01 40 40 0 0 0
8118 0.522063 -0.00114526 -0.0425524 0.01 40 40 0 0 0
8143 0.473756 -0.00129165 -0.0484905 0.01 60 60 0 0 0
8153 0.522063 -0.00114526 -0.0425524 0.01 40 40 0 0 0
8169 0.537191 -0.00109942 -0.0444114 0.01 60 59 0 0 0
8179 0.538653 -0.00109499 -0.0393123 0.01 40 40 0 0 0
8180 0.525987 -0.00113337 -0.0513391 0.01 40 41 0 0 0
8183 0.52533 -0.00113536 -0.0124591 0.01 60 60 0 0 0
8189 0.57979 -0.000970333 -0.0218828 0.01 104 104 0 0 0
8205 0.490147 -0.00124198 -0.0444114 0.01 60 60 0 0 0
8213 0.55417 -0.00104797 -0.0444114 0.01 60 60 0 0 0
8224 0.525987 -0.00113337 -0.0513391 0.01 39 41 0 0 0
8259 0.522063 -0.00114526 -0.0374076 0.01 39 39 0 0 0
8289 0.490147 -0.00124198 -0.0444114 0.01 60 60 0 0 0
8295 0.490147 -0.00124198 -0.0444114 0.01 60 60 0 0 0
8331 0.538653 -0.00109499 -0.0393123 0.01 40 40 0 0 0
8338 0.57979 -0.000970333 -0.0218828 0.01 102 102 0 0 0
8340 0.522063 -0.00114526 -0.0374076 0.01 40 40 0 0 0
8367 0.538653 -0.00109499 -0.0393123 0.01 40 40 0 0 0
8425 0.522063 -0.00114526 -0.0374076 0.01 39 39 0 0 0
8449 0.538653 -0.00109499 -0.0393123 0.01 40 40 0 0 0
8465 0.588511 -0.000943906 -0.0158989 0.01 103 103 0 0 0
8502 0.522063 -0.00114526 -0.0374076 0.01 40 40 0 0 0
8512 0.538653 -0.00109499 -0.0393123 0.01 40 40 0 0 0
8517 0.514984 -0.00116672 -0.0330651 0.01 60 60 0 0 0
8523 0.538653 -0.00109499 -0.0393123 0.01 40 40 0 0 0
8532 0.522063 -0.00114526 -0.0374076 0.01 39 39 0 0 0
8582 0.522063 -0.00114526 -0.0374076 0.01 39 39 0 0 0
8674 0.517363 -0.00115951 -0.0530995 0.01 60 60 0 0 0
8724 0.538653 -0.00109499 -0.0393123 0.01 40 40 0 0 0
8759 0.522063 -0.00114526 -0.0425524 0.01 40 40 0 0 0
8820 0.57979 -0.000970333 -0.0218828 0.01 102 102 0 0 0
8842 0.523464 -0.00114102 -0.0374076 0.01 40 40 0 0 0
8846 0.538653 -0.00109499 -0.0393123 0.01 40 40 0 0 0
8851 0.567823 -0.0010066 -0.100581 0.01 60 60 0 0 0
8898 0.522063 -0.00114526 -0.0374076 0.01 40 40 0 0 0
8919 0.532667 -0.00111313 -0.0696867 0.01 60 59 0 0 0
8937 0.57979 -0.000970333 -0.0218828 0.01 104 104 0 0 0
8996 0.531533 -0.00111657 -0.0605936 0.01 60 60 0 0 0
8997 0.506182 -0.00119339 -0.0692655 0.01 60 60 0 0 0
9011 0.539539 -0.00109231 -0.0380416 0.01 60 60 0 0 0
9021 0.538653 -0.00109499 -0.0393123 0.01 40 40 0 0 0
9065 0.538653 -0.00109499 -0.0393123 0.01 40 40 0 0 0
9071 0.57979 -0.000970333 -0.013549 0.01 102 102 0 0 0
9092 0.553442 -0.00105018 -0.0181168 0.01 60 60 0 0 0
9094 0.538653 -0.00109499 -0.0393123 0.01 39 39 0 0 0
9104 0.57323 -0.000990213 -0.0437383 0.01 60 60 0 0 0
9112 0.57979 -0.000970333 -0.0218828 0.01 102 102 0 0 0
9118 0.514984 -0.00116672 -0.0330651 0.01 60 60 0 0 0
9129 0.514984 -0.00116672 -0.0330651 0.01 60 60 0 0 0
9130 0.538653 -0.00109499 -0.0393123 0.01 40 40 0 0 0
9136 0.537191 -0.00109942 -0.0209197 0.01 60 60 0 0 0
9170 0.572556 -0.000992254 -0.0769253 0.01 60 59 0 0 0
9178 0.526137 -0.00113292 -0.0168989 0.01 60 60 0 0 0
9188 0.499712 -0.001213 -0.0471021 0.01 60 60 0 0 0
9205 0.522063 -0.00114526 -0.0374076 0.01 39 39 0 0 0
9276 0.57979 -0.000970333 -0.0218828 0.01 104 104 0 0 0
9278 0.498226 -0.0012175 -0.0512803 0.01 60 60 0 0 0
9282 0.55417 -0.00104797 -0.0444114 0.01 60 60 0 0 0
9410 0.490147 -0.00124198 -0.0444114 0.01 60 58 0 0 0
9424 0.523038 -0.00114231 -0.0393123 0.01 40 40 0 0 0
9470 0.532667 -0.00111313 -0.0696867 0.01 60 59 0 0 0
9485 0.473756 -0.00129165 -0.0484905 0.01 60 60 0 0 0
9496 0.517363 -0.00115951 -0.0380416 0.01 60 60 0 0 0
9592 0.473756 -0.00129165 -0.0484905 0.01 60 60 0 0 0
9664 0.57979 -0.000970333 -0.0218828 0.01 102 102 0 0 0
9667 0.498226 -0.0012175 -0.0489193 0.01 60 60 0 0 0
9700 0.518682 -0.00115551 -0.0374076 0.01 40 40 0 0 0
9736 0.490147 -0.00124198 -0.0444114 0.01 60 60 0 0 0
9737 0.490147 -0.00124198 -0.0444114 0.01 60 60 0 0 0
9739 0.522063 -0.00114526 -0.0425524 0.01 40 40 0 0 0
9826 0.57979 -0.000970333 -0.0218828 0.01 102 101 0 0 0
9870 0.57979 -0.000970333 -0.013549 0.01 102 102 0 0 0
9893 0.522063 -0.00114526 -0.0374076 0.01 39 39 0 0 0
9912 0.523464 -0.00114102 -0.0374076 0.01 40 40 0 0 0
9926 0.532667 -0.00111313 -0.0696867 0.01 60 60 0 0 0
9958 0.507388 -0.00118973 -0.0471143 0.01 60 60 0 0 0
9965 0.490147 -0.00124198 -0.0444114 0.01 60 60 0 0 0
9997 0.576161 -0.000981331 -0.0909963 0.01 60 60 0 0 0
10011 0.587916 -0.00094571 -0.0631991 0.01 60 59 0 0 0
10016 0.523464 -0.00114102 -0.0344544 0.01 39 39 0 0 0
10034 0.514984 -0.00116672 -0.0330651 0.01 60 60 0 0 0
10056 0.481544 -0.00126805 -0.0287801 0.01 60 59 0 0 0
10085 0.57979 -0.000970333 -0.013549 0.01 102 102 0 0 0
10089 0.538503 -0.00109544 -0.0444114 0.01 60 60 0 0 0
10095 0.490147 -0.00124198 -0.0444114 0.01 60 61 0 0 0
10140 0.522063 -0.00114526 -0.0561054 0.01 40 42 0 0 0
10147 0.57979 -0.000970333 -0.0158989 0.01 103 103 0 0 0
10149 0.522063 -0.00114526 -0.0374076 0.01 40 40 0 0 0
10170 0.538653 -0.00109499 -0.0393123 0.01 40 40 0 0 0
10217 0.57979 -0.000970333 -0.0275424 0.01 103 103 -0.231852 0 -0.0116435
10225 0.538653 -0.00109499 -0.0393123 0.01 39 39 0 0 0
10295 0.55417 -0.00104797 -0.0444114 0.01 60 60 0 0 0
10316 0.57979 -0.000970333 -0.013549 0.01 102 102 0 0 0
10327 0.511429 -0.00117749 -0.0674157 0.01 60 60 0 0 0
10360 0.538653 -0.00109499 -0.0294959 0.01 40 40 0.00402615 0 0.0098164
10361 0.514984 -0.00116672 -0.0330651 0.01 60 60 0 0 0
10426 0.481544 -0.00126805 -0.0287801 0.01 60 60 0 0 0
10428 0.57979 -0.000970333 -0.0218828 0.01 102 102 0 0 0
10436 0.581493 -0.000965172 -0.121388 0.01 60 60 0 0 0
10467 0.538653 -0.00109499 -0.0393123 0.01 39 39 0 0 0
10547 0.538653 -0.00109499 -0.0393123 0.01 40 40 0 0 0
10619 0.490147 -0.00124198 -0.0444114 0.01 60 60 0 0 0
10634 0.525987 -0.00113337 -0.0513391 0.01 40 41 0 0 0
10662 0.532667 -0.00111313 -0.0696867 0.01 60 60 0 0 0
10672 0.57979 -0.000970333 -0.0218828 0.01 102 102 0 0 0
10700 0.57979 -0.000970333 -0.0158989 0.01 103 103 0 0 0
10702 0.522063 -0.00114526 -0.0374076 0.01 39 39 0 0 0
10735 0.57979 -0.000970333 -0.0158989 0.01 103 103 0 0 0
10776 0.532667 -0.00111313 -0.0696867 0.01 60 60 0 0 0
10782 0.52533 -0.00113536 -0.0444114 0.01 60 60 0 0 0
10790 0.517363 -0.00115951 -0.0530995 0.01 60 60 0 0 0
10810 0.57979 -0.000970333 -0.013549 0.01 102 102 0 0 0
10818 0.533074 -0.0011119 -0.0393123 0.01 40 40 0 0 0
10852 0.558081 -0.00103612 -0.0393123 0.01 40 40 -0.0102321 0.0194279 0
10859 0.522063 -0.00114526 -0.0374076 0.01 40 40 0 0 0
10880 0.538653 -0.00109499 -0.0393123 0.01 40 40 0 0 0
10900 0.498226 -0.0012175 -0.0347571 0.01 60 60 0 0 0
10914 0.538653 -0.00109499 -0.0393123 0.01 40 40 0 0 0
10996 0.57979 -0.000970333 -0.0218828 0.01 104 104 0 0 0
10999 0.52362 -0.00114054 -0.0459239 0.01 60 61 0 0 0
11012 0.57979 -0.000970333 -0.0158989 0.01 103 103 0 0 0
11040 0.515887 -0.00116398 -0.0454338 0.01 40 41 0 0 0
11068 0.538653 -0.00109499 -0.025371 0.01 40 40 0.00637434 0 0.0154749
11069 0.491532 -0.00123778 -0.0444114 0.01 60 60 0 0 0
11091 0.538653 -0.00109499 -0.0393123 0.01 40 40 0 0 0
11142 0.542294 -0.00108396 -0.0393123 0.01 40 40 -0.00198554 0.00364125 0
11154 0.522063 -0.00114526 -0.0374076 0.01 39 39 0 0 0
11173 0.57979 -0.000970333 -0.0218828 0.01 104 104 0 0 0
11202 0.57979 -0.000970333 -0.013549 0.01 102 102 0 0 0
11203 0.555955 -0.00104256 -0.0881907 0.01 60 59 0 0 0
11213 0.522063 -0.00114526 -0.0374076 0.01 40 40 0 0 0
11228 0.57979 -0.000970333 -0.0218828 0.01 102 102 0 0 0
11236 0.506182 -0.00119339 -0.0517657 0.01 60 60 0.00104198 0 0.00575433
11248 0.553442 -0.00105018 -0.0181168 0.01 60 60 0 0 0
11256 0.57979 -0.000970333 -0.0158989 0.01 103 103 0 0 0
11265 0.522063 -0.00114526 -0.0561054 0.01 40 42 0 0 0
11274 0.533245 -0.00111138 -0.0530995 0.01 60 60 0 0 0
11278 0.538653 -0.00109499 -0.0393123 0.01 40 40 0 0 0
11337 0.587758 -0.000946187 -0.0593943 0.01 60 60 -0.0119138 0.0152019 0
11372 0.57979 -0.000970333 -0.0218828 0.01 104 104 0 0 0
11396 0.57979 -0.000970333 -0.0158989 0.01 103 103 0 0 0
11402 0.539539 -0.00109231 -0.0380416 0.01 60 60 0 0 0
11548 0.539228 -0.00109325 -0.0361206 0.01 60 60 0 0 0
11555 0.517363 -0.00115951 -0.0530995 0.01 60 60 0 0 0
11561 0.473756 -0.00129165 -0.0484905 0.01 60 60 0 0 0
11573 0.52533 -0.00113536 -0.0444114 0.01 60 59 0 0 0
11595 0.539228 -0.00109325 -0.0524576 0.01 60 59 0 0 0
11636 0.538653 -0.00109499 -0.0393123 0.01 40 40 0 0 0
11658 0.522063 -0.00114526 -0.0374076 0.01 39 39 0 0 0
11709 0.523019 -0.00114237 -0.0414534 0.01 60 61 0 0 0
11728 0.507388 -0.00118973 -0.0471143 0.01 60 60 0 0 0
11793 0.558081 -0.00103612 -0.0393123 0.01 40 40 0 0 0
11800 0.521743 -0.00114623 -0.0269091 0.01 60 60 0 0 0
11829 0.498226 -0.0012175 -0.0336418 0.01 60 60 0 0 0
11835 0.578977 -0.000972796 -0.0288295 0.01 60 60 0 0 0
11854 0.522063 -0.00114526 -0.0425524 0.01 40 40 0 0 0
11860 0.538653 -0.00109499 -0.0408459 0.01 39 39 0 0 0
11862 0.57979 -0.000970333 -0.0218828 0.01 102 102 0 0 0
11885 0.522063 -0.00114526 -0.0374076 0.01 39 39 0 0 0
11923 0.57979 -0.000970333 -0.00209652 0.01 102 102 0 0 0
11929 0.538653 -0.00109499 -0.0393123 0.01 39 39 0 0 0
11930 0.532667 -0.00111313 -0.0696867 0.01 60 59 0 0 0
11936 0.538653 -0.00109499 -0.0393123 0.01 40 40 0 0 0
11943 0.538653 -0.00109499 -0.0393123 0.01 40 40 0 0 0
11955 0.517363 -0.00115951 -0.0380416 0.01 60 60 0 0 0
12040 0.57979 -0.000970333 -0.0158989 0.01 103 103 0 0 0
12050 0.533074 -0.0011119 -0.0393123 0.01 40 40 0 0 0
12052 0.533245 -0.00111138 -0.0530995 0.01 60 60 0 0 0
12069 0.531338 -0.00111716 -0.0631991 0.01 60 60 0 0 0
12117 0.522063 -0.00114526 -0.0374076 0.01 38 39 0 0 0
12127 0.490147 -0.00124198 -0.0444114 0.01 60 60 0 0 0
12138 0.57979 -0.000970333 -0.0158989 0.01 103 103 0 0 0
12174 0.522063 -0.00114526 -0.0374076 0.01 39 39 0 0 0
12187 0.499712 -0.001213 -0.0471021 0.01 60 60 0 0 0
12192 0.538653 -0.00109499 -0.0393123 0.01 39 40 0 0 0
12195 0.522911 -0.0011427 -0.0631991 0.01 60 61 0 0 0
12197 0.536176 -0.0011025 -0.105002 0.01 60 60 0 0 0
12215 0.539228 -0.00109325 -0.0524576 0.01 60 60 0 0 0
12221 0.57979 -0.000970333 -0.0158989 0.01 103 103 0 0 0
12224 0.57979 -0.000970333 -0.013549 0.01 102 102 0 0 0
12228 0.522063 -0.00114526 -0.0374076 0.01 39 39 0 0 0
12258 0.537191 -0.00109942 -0.0444114 0.01 60 60 0 0 0
12263 0.522063 -0.00114526 -0.0374076 0.01 39 39 0 0 0
12297 0.52161 -0.00114664 -0.0380416 0.01 60 60 0 0 0
12385 0.473756 -0.00129165 -0.0484905 0.01 60 60 0 0 0
12386 0.537191 -0.00109942 -0.0444114 0.01 60 60 0 0 0
12388 0.522063 -0.00114526 -0.0374076 0.01 40 40 0 0 0
12395 0.527736 -0.00112807 -0.0513391 0.01 40 41 0 0 0
12398 0.522063 -0.00114526 -0.0374076 0.01 40 41 0 0 0
12401 0.490147 -0.00124198 -0.0444114 0.01 60 60 0 0 0
12404 0.536176 -0.0011025 -0.105002 0.01 60 60 0 0 0
12439 0.57979 -0.000970333 -0.0218828 0.01 102 102 0 0 0
12446 0.538653 -0.00109499 -0.0393123 0.01 40 40 0 0 0
12469 0.527801 -0.00112788 -0.0489191 0.01 60 60 0 0 0
12493 0.491532 -0.00123778 -0.0444114 0.01 60 60 0 0 0
12501 0.538653 -0.00109499 -0.0393123 0.01 40 40 0 0 0
12509 0.490147 -0.00124198 -0.0444114 0.01 60 60 0 0 0
12511 0.538653 -0.00109499 -0.0393123 0.01 40 40 0 0 0
12520 0.515167 -0.00116616 -0.0444114 0.01 60 60 0.00969481 -0.0101629 0
12521 0.522063 -0.00114526 -0.0374076 0.01 39 39 0 0 0
12526 0.490147 -0.00124198 -0.0444114 0.01 60 60 0 0 0
12576 0.522063 -0.00114526 -0.0374076 0.01 39 39 0 0 0
12584 0.538653 -0.00109499 -0.0393123 0.01 40 40 0 0 0
12586 0.522063 -0.00114526 -0.0374076 0.01 40 40 0 0 0
12612 0.538653 -0.00109499 -0.0393123 0.01 40 40 0 0 0
12644 0.490147 -0.00124198 -0.0444114 0.01 60 60 0 0 0
12661 0.522063 -0.00114526 -0.0374076 0.01 40 40 0 0 0
12701 0.57979 -0.000970333 -0.0158989 0.01 103 103 0 0 0
12711 0.522063 -0.00114526 -0.0374076 0.01 40 40 0 0 0
12724 0.522063 -0.00114526 -0.0374076 0.01 39 39 0 0 0
12739 0.572556 -0.000992254 -0.0769253 0.01 60 60 0 0 0
12757 0.57979 -0.000970333 -0.013549 0.01 102 102 0 0 0
12765 0.515435 -0.00116535 -0.0493894 0.01 40 41 0 0 0
12821 0.532013 -0.00111511 -0.0425524 0.01 40 40 -0.00570014 0.00995004 0
12838 0.57979 -0.000970333 -0.0218828 0.01 102 102 0 0 0
12874 0.522063 -0.00114526 -0.0374076 0.01 40 40 0 0 0
12890 0.525987 -0.00113337 -0.0513391 0.01 40 41 0 0 0
12906 0.52925 -0.00112348 -0.0380416 0.01 60 60 0 0 0
12907 0.517363 -0.00115951 -0.0380416 0.01 60 61 0 0 0
12915 0.538653 -0.00109499 -0.0393123 0.01 40 40 0 0 0
12940 0.525987 -0.00113337 -0.0513391 0.01 40 41 0 0 0
12949 0.57979 -0.000970333 -0.013549 0.01 102 102 0 0 0
12957 0.517363 -0.00115951 -0.0300622 0.01 60 60 0 0 0
12963 0.577894 -0.00097608 -0.0218622 0.01 102 102 -0.180901 0 -0.00831319
12967 0.522063 -0.00114526 -0.0374076 0.01 40 40 0 0 0
12969 0.490147 -0.00124198 -0.0444114 0.01 60 59 0 0 0
12995 0.522063 -0.00114526 -0.0374076 0.01 39 39 0 0 0
13010 0.525987 -0.00113337 -0.0513391 0.01 40 41 0 0 0
13011 0.566248 -0.00101137 -0.0870548 0.01 60 60 0 0 0
13028 0.517352 -0.00115954 -0.0471143 0.01 60 60 0.0184874 -0.0198389 0
13045 0.538653 -0.00109499 -0.0393123 0.01 39 39 0 0 0
13080 0.538653 -0.00109499 -0.0393123 0.01 40 40 0 0 0
13113 0.506309 -0.001193 -0.0471143 0.01 60 60 0 0 0
13118 0.57979 -0.000970333 -0.0158989 0.01 103 103 0 0 0
13160 0.578533 -0.000974141 -0.013549 0.01 102 102 0 0 0
13175 0.553442 -0.00105018 -0.0181168 0.01 60 60 0 0 0
13217 0.538653 -0.00109499 -0.0393123 0.01 40 40 0 0 0
13220 0.503466 -0.00120162 -0.0425524 0.01 40 40 0.0113539 -0.0185964 0
13237 0.490147 -0.00124198 -0.0444114 0.01 60 60 0 0 0
13290 0.525987 -0.00113337 -0.0513391 0.01 40 41 0 0 0
13307 0.57979 -0.000970333 -0.0158989 0.01 103 103 0 0 0
13341 0.473756 -0.00129165 -0.0484905 0.01 60 60 0 0 0
13375 0.539228 -0.00109325 -0.0329771 0.01 60 60 0 0 0
13383 0.567823 -0.0010066 -0.100581 0.01 60 60 0 0 0
13410 0.538653 -0.00109499 -0.0408459 0.01 40 40 0 0 0
13418 0.522063 -0.00114526 -0.0374076 0.01 40 40 0 0 0
13423 0.531933 -0.00111536 -0.0408459 0.01 40 40 0 0 0
13434 0.522063 -0.00114526 -0.0374076 0.01 38 38 0 0 0
13502 0.57979 -0.000970333 -0.0218828 0.01 102 102 0 0 0
13549 0.538653 -0.00109499 -0.0393123 0.01 40 40 0 0 0
13555 0.522063 -0.00114526 -0.0374076 0.01 40 40 0 0 0
13602 0.538653 -0.00109499 -0.0393123 0.01 40 40 0 0 0
13654 0.57979 -0.000970333 -0.0158989 0.01 103 103 0 0 0
13689 0.581469 -0.000965246 -0.0909478 0.01 60 60 0 0 0
13693 0.538653 -0.00109499 -0.0393123 0.01 39 39 0 0 0
13716 0.506182 -0.00119339 -0.0575201 0.01 60 60 0 0 0
13777 0.537191 -0.00109942 -0.0471143 0.01 60 60 0 0 0
13794 0.57979 -0.000970333 -0.013549 0.01 102 102 0 0 0
13796 0.522063 -0.00114526 -0.0374076 0.01 38 39 0 0 0
13816 0.55417 -0.00104797 -0.0444114 0.01 60 60 0 0 0
13817 0.522063 -0.00114526 -0.0425524 0.01 39 39 0 0 0
13834 0.522063 -0.00114526 -0.0425524 0.01 38 40 0 0 0
13847 0.515887 -0.00116398 -0.0489718 0.01 40 40 0 0 0
13850 0.538653 -0.00109499 -0.0393123 0.01 40 40 0 0 0
13862 0.473756 -0.00129165 -0.0484905 0.01 60 60 0 0 0
13870 0.57979 -0.000970333 -0.0158989 0.01 103 103 0 0 0
13887 0.538653 -0.00109499 -0.0393123 0.01 40 40 0 0 0
13889 0.481544 -0.00126805 -0.0287801 0.01 60 60 0 0 0
13970 0.490147 -0.00124198 -0.0444114 0.01 60 60 0 0 0
13991 0.538653 -0.00109499 -0.0393123 0.01 40 40 0 0 0
13996 0.57979 -0.000970333 -0.0218828 0.01 104 104 0 0 0
14068 0.615073 -0.000863414 -0.0631991 0.01 60 60 0 0 0
14079 0.57979 -0.000970333 -0.0158989 0.01 103 103 0 0 0
14106 0.5217 -0.00114636 -0.0696867 0.01 60 60 0 0 0
14152 0.57979 -0.000970333 -0.0158989 0.01 103 103 0 0 0
14174 0.527504 -0.00112878 -0.0393123 0.01 40 40 0 0 0
14178 0.523019 -0.00114237 -0.00206558 0.01 60 61 0 0 0
14182 0.517363 -0.00115951 -0.0381133 0.01 60 60 -1.26362e-05 0 -7.17007e-05
14212 0.499897 -0.00121243 -0.0529237 0.01 60 61 0 0 0
14219 0.610741 -0.000876543 -0.0631991 0.01 60 60 0 0 0
14230 0.525987 -0.00113337 -0.0513391 0.01 40 41 0 0 0
14235 0.523464 -0.00114102 -0.0344544 0.01 39 39 0 0 0
14237 0.533074 -0.0011119 -0.0393123 0.01 39 39 0 0 0
14246 0.533494 -0.00111062 -0.0135052 0.01 60 60 0 0 0
14297 0.57979 -0.000970333 -0.0158989 0.01 103 103 0 0 0
14377 0.538653 -0.00109499 -0.0393123 0.01 39 39 0 0 0
14405 0.538653 -0.00109499 -0.0393123 0.01 40 40 0 0 0
14408 0.55185 -0.001055 -0.0254828 0.01 60 60 0 0 0
14416 0.473756 -0.00129165 -0.0484905 0.01 60 60 0 0 0
14455 0.5217 -0.00114636 -0.0696867 0.01 60 60 0 0 0
14509 0.538653 -0.00109499 -0.0408459 0.01 40 40 0 0 0
14524 0.477981 -0.00127885 -0.0444114 0.01 60 61 0 0 0
14539 0.57979 -0.000970333 -0.0158989 0.01 103 103 0 0 0
14549 0.533369 -0.001111 -0.0374076 0.01 39 39 -0.00630446 0.0113063 0
14555 0.538653 -0.00109499 -0.0393123 0.01 40 40 0 0 0
14570 0.538653 -0.00109499 -0.0393123 0.01 40 41 0.0005624 0 0.00153359
14597 0.57979 -0.000970333 -0.0158989 0.01 103 103 0 0 0
14606 0.581493 -0.000965172 -0.103012 0.01 60 59 0 0 0
14614 0.542573 -0.00108311 -0.0281764 0.01 60 60 0 0 0
14623 0.585041 -0.000954422 -0.0218828 0.01 104 104 0 0 0
14648 0.537191 -0.00109942 -0.0304943 0.01 60 61 0 0 0
14655 0.490147 -0.00124198 -0.0444114 0.01 60 60 0 0 0
14660 0.522063 -0.00114526 -0.0374076 0.01 39 39 0 0 0
14662 0.517363 -0.00115951 -0.0380416 0.01 60 60 0 0 0
14702 0.522063 -0.00114526 -0.0374076 0.01 38 38 0 0 0
14730 0.522063 -0.00114526 -0.0425524 0.01 40 40 0 0 0
14742 0.57979 -0.000970333 -0.0218828 0.01 104 104 0 0 0
14744 0.538653 -0.00109499 -0.0408459 0.01 40 40 0 0 0
14756 0.536901 -0.0011003 -0.0364494 0.01 60 59 0 0 0
14761 0.473756 -0.00129165 -0.0484905 0.01 60 60 0 0 0
14767 0.527748 -0.00112804 -0.0739468 0.01 60 61 0 0 0
14768 0.507388 -0.00118973 -0.0471143 0.01 60 60 0 0 0
14772 0.565416 -0.00101389 -0.0158989 0.01 103 103 0.00598449 -0.0143742 0
14795 0.490147 -0.00124198 -0.0444114 0.01 60 60 0 0 0
14798 0.536176 -0.0011025 -0.105002 0.01 60 60 0 0 0
14806 0.57979 -0.000970333 -0.0158989 0.01 103 103 0 0 0
14824 0.553442 -0.00105018 -0.0181168 0.01 60 60 0 0 0
14870 0.57979 -0.000970333 -0.013549 0.01 102 102 0 0 0
14888 0.522063 -0.00114526 -0.0374076 0.01 39 39 0 0 0
14925 0.473756 -0.00129165 -0.0423086 0.01 60 60 0 0 0
14928 0.57979 -0.000970333 -0.013549 0.01 102 102 0 0 0
14986 0.525919 -0.00113358 -0.0374076 0.01 40 39 0 0 0
15008 0.538653 -0.00109499 -0.0408459 0.01 40 40 0 0 0
15106 0.517363 -0.00115951 -0.0224033 0.01 60 61 0 0 0
15122 0.522063 -0.00114526 -0.0374076 0.01 39 39 0 0 0
15130 0.57979 -0.000970333 -0.0218828 0.01 102 102 0 0 0
15169 0.57979 -0.000970333 -0.0218828 0.01 102 102 0 0 0
15195 0.522063 -0.00114526 -0.0374076 0.01 40 40 0 0 0
15198 0.522063 -0.00114526 -0.0374076 0.01 39 39 0 0 0
15210 0.57979 -0.000970333 -0.0218828 0.01 102 102 0 0 0
15216 0.490147 -0.00124198 -0.0444114 0.01 60 60 0 0 0
15234 0.490147 -0.00124198 -0.0444114 0.01 60 60 0 0 0
15237 0.532124 -0.00111478 -0.0411379 0.01 60 60 0 0 0
15260 0.553442 -0.00105018 -0.0181168 0.01 60 61 0 0 0
15276 0.537823 -0.00109751 -0.113913 0.01 60 61 0 0 0
15294 0.538653 -0.00109499 -0.0393123 0.01 40 40 0 0 0
15349 0.522063 -0.00114526 -0.0374076 0.01 40 40 0 0 0
15364 0.565416 -0.00101389 -0.0158989 0.01 103 103 0 0 0
15373 0.538653 -0.00109499 -0.0393123 0.01 39 39 0 0 0
15374 0.527801 -0.00112788 -0.0489191 0.01 60 60 0 0 0
15461 0.52533 -0.00113536 -0.0444114 0.01 60 59 0 0 0
15492 0.523019 -0.00114237 -0.0483848 0.01 60 60 0 0 0
15518 0.499712 -0.001213 -0.0288295 0.01 60 62 0 0 0
15581 0.538653 -0.00109499 -0.0393123 0.01 40 40 0 0 0
15610 0.523019 -0.00114237 -0.0414534 0.01 60 60 0 0 0
15708 0.57979 -0.000970333 -0.0423639 0.01 104 104 -0.296402 0 -0.0204811
15727 0.501568 -0.00120737 -0.0484905 0.01 60 59 0 0 0
15734 0.57979 -0.000970333 -0.0197004 0.01 103 103 -0.0862694 0 -0.00380153
15746 0.522063 -0.00114526 -0.0374076 0.01 39 39 0 0 0
15759 0.615073 -0.000863414 -0.0631991 0.01 60 60 0 0 0
15798 0.522063 -0.00114526 -0.0374076 0.01 39 39 0 0 0
15820 0.539228 -0.00109325 -0.0444114 0.01 60 60 0 0 0
15837 0.522063 -0.00114526 -0.0374076 0.01 40 40 0 0 0
15838 0.522063 -0.00114526 -0.0374076 0.01 40 40 0 0 0
15851 0.57979 -0.000970333 -0.0218828 0.01 102 102 0 0 0
15868 0.574722 -0.00098569 -0.013549 0.01 102 102 0 0 0
15870 0.522063 -0.00114526 -0.0425524 0.01 40 40 0 0 0
15907 0.522063 -0.00114526 -0.0374076 0.01 40 39 0 0 0
15926 0.566248 -0.00101137 -0.0870548 0.01 60 60 0 0 0
15941 0.57979 -0.000970333 -0.0158989 0.01 103 103 0 0 0
15945 0.522063 -0.00114526 -0.0374076 0.01 39 39 0 0 0
15999 0.498226 -0.0012175 -0.0336418 0.01 60 60 0 0 0
16091 0.539539 -0.00109231 -0.0380416 0.01 60 60 0 0 0
16096 0.610741 -0.000876543 -0.0631991 0.01 60 60 0 0 0
16109 0.52925 -0.00112348 -0.0380416 0.01 60 60 0 0 0
16115 0.490147 -0.00124198 -0.0444114 0.01 60 60 0 0 0
16119 0.52161 -0.00114664 -0.0383714 0.01 60 60 0 0 0
16129 0.615073 -0.000863414 -0.0631991 0.01 60 60 0 0 0
16161 0.505119 -0.00119661 -0.0145354 0.01 60 60 -0.0108144 0.0149723 0.0247367
16166 0.522063 -0.00114526 -0.0425524 0.01 40 40 0 0 0
16209 0.524228 -0.0011387 -0.0395439 0.01 60 60 0 0 0
16274 0.532667 -0.00111313 -0.0696867 0.01 60 59 0 0 0
16277 0.52161 -0.00114664 -0.0383714 0.01 60 59 0 0 0
16288 0.522063 -0.00114526 -0.0425524 0.01 40 40 0 0 0
16339 0.490147 -0.00124198 -0.0444114 0.01 60 60 0 0 0
16354 0.533245 -0.00111138 -0.0530995 0.01 60 60 0 0 0
16365 0.57979 -0.000970333 -0.0158989 0.01 103 103 0 0 0
16413 0.490147 -0.00124198 -0.0444114 0.01 60 60 0 0 0
16423 0.522063 -0.00114526 -0.0374076 0.01 39 39 0 0 0
16452 0.57979 -0.000970333 -0.0218828 0.01 102 102 0 0 0
16500 0.526876 -0.00113068 -0.0391925 0.01 60 60 0 0 0
16556 0.538653 -0.00109499 -0.0393123 0.01 39 39 0 0 0
16583 0.521743 -0.00114623 -0.0269091 0.01 60 60 0 0 0
16598 0.522063 -0.00114526 -0.0374076 0.01 39 39 0 0 0
16629 0.566248 -0.00101137 -0.109492 0.01 60 60 0 0 0
16630 0.57979 -0.000970333 -0.013549 0.01 102 102 0 0 0
16634 0.490147 -0.00124198 -0.0444114 0.01 60 60 0 0 0
16654 0.52533 -0.00113536 -0.0444114 0.01 60 60 0 0 0
16655 0.538653 -0.00109499 -0.0393123 0.01 40 40 0 0 0
16668 0.538653 -0.00109499 -0.0393123 0.01 40 40 0 0 0
16681 0.57979 -0.000970333 -0.013549 0.01 102 102 0 0 0
16706 0.522063 -0.00114526 -0.0374076 0.01 39 39 0 0 0
16716 0.57979 -0.000970333 -0.0218828 0.01 102 102 0 0 0
16760 0.490147 -0.00124198 -0.0229704 0.01 60 61 0 0 0
16766 0.52533 -0.00113536 -0.0444114 0.01 60 60 0 0 0
16807 0.566248 -0.00101137 -0.0870548 0.01 60 60 0 0 0
16813 0.522063 -0.00114526 -0.0374076 0.01 39 39 0 0 0
16826 0.491532 -0.00123778 -0.0444114 0.01 60 60 0 0 0
16858 0.57979 -0.000970333 -0.013549 0.01 102 102 0 0 0
16872 0.57979 -0.000970333 -0.0158989 0.01 103 103 0 0 0
16970 0.522063 -0.00114526 -0.0374076 0.01 39 39 0 0 0
17001 0.538653 -0.00109499 -0.0408459 0.01 40 41 0 0 0
17023 0.522063 -0.00114526 -0.0374076 0.01 39 39 0 0 0
17045 0.497786 -0.00121883 -0.0471021 0.01 60 60 0 0 0
17055 0.57979 -0.000970333 -0.0158989 0.01 103 103 0 0 0
17070 0.538653 -0.00109499 -0.0343204 0.01 40 40 0 0 0
17082 0.57979 -0.000970333 -0.0158989 0.01 103 103 0 0 0
17098 0.533021 -0.00111206 -0.0365946 0.01 60 59 0 0 0
17119 0.534052 -0.00110893 -0.0373895 0.01 60 60 0 0 0
17147 0.538653 -0.00109499 -0.0393123 0.01 40 40 0 0 0
17171 0.538653 -0.00109499 -0.0393123 0.01 40 40 0 0 0
17174 0.527801 -0.00112788 -0.0489191 0.01 60 60 0 0 0
17177 0.539539 -0.00109231 -0.0380416 0.01 60 60 0 0 0
17187 0.506182 -0.00119339 -0.0575201 0.01 60 60 0 0 0
17189 0.522063 -0.00114526 -0.0374076 0.01 40 39 0 0 0
17265 0.533074 -0.0011119 -0.0393123 0.01 40 40 0 0 0
17331 0.548011 -0.00106663 -0.0701821 0.01 60 59 0 0 0
17340 0.522063 -0.00114526 -0.0374076 0.01 40 40 0 0 0
17412 0.522063 -0.00114526 -0.0374076 0.01 40 41 0 0 0
17424 0.490147 -0.00124198 -0.0444114 0.01 60 60 0 0 0
17428 0.522063 -0.00114526 -0.0561054 0.01 40 42 0 0 0
17439 0.525987 -0.00113337 -0.0338732 0.01 39 39 0 0 0
17475 0.537191 -0.00109942 -0.0444114 0.01 60 60 0 0 0
17500 0.490147 -0.00124198 -0.0444114 0.01 60 60 0 0 0
17518 0.538653 -0.00109499 -0.0393123 0.01 40 40 0 0 0
17540 0.472987 -0.00129398 -0.0620559 0.01 60 59 0 0 0
17548 0.522063 -0.00114526 -0.0374076 0.01 40 41 0 0 0
17572 0.520096 -0.00115123 -0.0407336 0.01 60 60 0 0 0
17584 0.525987 -0.00113337 -0.0513391 0.01 40 41 0 0 0
17591 0.538653 -0.00109499 -0.0393123 0.01 40 40 0 0 0
17596 0.538653 -0.00109499 -0.0393123 0.01 40 40 0 0 0
17716 0.490147 -0.00124198 -0.0444114 0.01 60 59 0 0 0
17743 0.522063 -0.00114526 -0.0374076 0.01 40 40 0 0 0
17794 0.57979 -0.000970333 -0.0218828 0.01 102 102 0 0 0
17802 0.538653 -0.00109499 -0.0393123 0.01 40 40 0 0 0
17804 0.511429 -0.00117749 -0.0674157 0.01 60 60 0 0 0
17829 0.539539 -0.00109231 -0.0380416 0.01 60 60 0 0 0
17901 0.52533 -0.00113536 -0.0444114 0.01 60 60 0 0 0
17914 0.539511 -0.00109239 -0.034369 0.01 60 62 0 0 0
17954 0.522063 -0.00114526 -0.0374076 0.01 40 40 0 0 0
17959 0.539228 -0.00109325 -0.0444114 0.01 60 60 0 0 0
17980 0.542573 -0.00108311 -0.0281764 0.01 60 60 0.00313976 0 0.0192517
17999 0.57979 -0.000970333 -0.0158989 0.01 103 103 0 0 0
18011 0.490147 -0.00124198 -0.0444114 0.01 60 60 0 0 0
18020 0.538653 -0.00109499 -0.0393123 0.01 40 40 0 0 0
18031 0.490147 -0.00124198 -0.0444114 0.01 60 60 0 0 0
18039 0.538653 -0.00109499 -0.0393123 0.01 40 40 0 0 0
18062 0.538503 -0.00109544 -0.0444114 0.01 60 59 0 0 0
18077 0.522063 -0.00114526 -0.0374076 0.01 39 39 0 0 0
18079 0.538653 -0.00109499 -0.0408459 0.01 40 40 0 0 0
18106 0.522063 -0.00114526 -0.0374076 0.01 40 40 0 0 0
18122 0.57979 -0.000970333 -0.013549 0.01 102 102 0 0 0
18146 0.522063 -0.00114526 -0.0374076 0.01 39 40 0 0 0
18210 0.522063 -0.00114526 -0.0425524 0.01 40 40 0 0 0
18215 0.523464 -0.00114102 -0.0374076 0.01 40 40 0 0 0
18246 0.523019 -0.00114237 -0.0414534 0.01 60 59 0 0 0
18271 0.518098 -0.00115728 -0.0724794 0.01 60 60 0 0 0
18303 0.57979 -0.000970333 -0.0218828 0.01 102 102 0 0 0
18332 0.538653 -0.00109499 -0.0393123 0.01 40 40 0 0 0
18382 0.57979 -0.000970333 -0.013549 0.01 102 102 0 0 0
18414 0.499712 -0.001213 -0.0471021 0.01 60 60 0 0 0
18415 0.538653 -0.00109499 -0.0393123 0.01 40 40 0 0 0
18429 0.543981 -0.00107885 -0.0428993 0.01 60 60 0 0 0
18444 0.57979 -0.000970333 -0.0218828 0.01 104 104 0 0 0
18445 0.499712 -0.001213 -0.0200408 0.01 60 60 0.00506181 0 0.0270613
18487 0.538653 -0.00109499 -0.0393123 0.01 40 40 0 0 0
18492 0.538653 -0.00109499 -0.0393123 0.01 40 40 0 0 0
18515 0.538653 -0.00109499 -0.0393123 0.01 39 39 0 0 0
18518 0.555568 -0.00104373 -0.110304 0.01 60 60 0 0 0
18569 0.548011 -0.00106663 -0.0631991 0.01 60 60 0 0 0
18586 0.525482 -0.0011349 -0.0579571 0.01 60 60 0 0 0
18593 0.522063 -0.00114526 -0.0374076 0.01 40 40 0 0 0
18603 0.522063 -0.00114526 -0.0425524 0.01 40 40 0 0 0
18636 0.522063 -0.00114526 -0.0374076 0.01 40 40 0 0 0
18640 0.57979 -0.000970333 -0.0218828 0.01 104 104 0 0 0
18645 0.521743 -0.00114623 -0.0269091 0.01 60 60 0 0 0
18657 0.522063 -0.00114526 -0.0374076 0.01 39 39 0 0 0
18694 0.498226 -0.0012175 -0.0347571 0.01 60 60 0 0 0
18701 0.527504 -0.00112878 -0.0393123 0.01 40 40 0 0 0
18705 0.490147 -0.00124198 -0.0444114 0.01 60 60 0 0 0
18736 0.520096 -0.00115123 -0.0407336 0.01 60 60 0 0 0
18746 0.526813 -0.00113087 -0.0571598 0.01 60 60 0 0 0
18756 0.57979 -0.000970333 -0.0158989 0.01 103 103 0 0 0
18763 0.57979 -0.000970333 -0.0218828 0.01 104 104 0 0 0
18787 0.498226 -0.0012175 -0.0512803 0.01 60 60 -0.00329775 0 -0.0176386
18791 0.522063 -0.00114526 -0.0374076 0.01 39 39 0 0 0
18830 0.533074 -0.0011119 -0.0393123 0.01 40 40 0 0 0
18870 0.522063 -0.00114526 -0.0374076 0.01 39 39 0 0 0
18899 0.52533 -0.00113536 -0.0444114 0.01 60 60 0 0 0
18940 0.489525 -0.00124386 -0.0336138 0.01 60 60 0 0 0
18965 0.548011 -0.00106663 -0.0631991 0.01 60 60 0 0 0
18967 0.57662 -0.000979941 -0.0437383 0.01 60 59 0 0 0
18969 0.537191 -0.00109942 -0.0444114 0.01 60 60 0 0 0
19004 0.508928 -0.00118507 -0.0444114 0.01 60 59 0 0 0
19005 0.517363 -0.00115951 -0.0530995 0.01 60 60 0 0 0
19019 0.522063 -0.00114526 -0.0425524 0.01 39 39 0 0 0
19043 0.520096 -0.00115123 -0.0407336 0.01 60 60 0 0 0
19064 0.536206 -0.00110241 -0.0575201 0.01 60 59 0 0 0
19097 0.538653 -0.00109499 -0.0393123 0.01 40 40 0 0 0
19145 0.499712 -0.001213 -0.0471021 0.01 60 60 0 0 0
19159 0.525482 -0.0011349 -0.0579571 0.01 60 60 0 0 0
19180 0.523464 -0.00114102 -0.0374076 0.01 40 41 -0.000865206 0.0014016 0
19188 0.533245 -0.00111138 -0.0530995 0.01 60 60 0 0 0
19231 0.522063 -0.00114526 -0.0374076 0.01 39 39 0 0 0
19236 0.538653 -0.00109499 -0.0393123 0.01 40 40 0 0 0
19257 0.473756 -0.00129165 -0.0484905 0.01 60 60 0 0 0
19264 0.538653 -0.00109499 -0.0393123 0.01 40 40 0 0 0
19337 0.57979 -0.000970333 -0.0158989 0.01 103 103 0 0 0
19338 0.522063 -0.00114526 -0.0374076 0.01 38 39 0 0 0
19359 0.517363 -0.00115951 -0.0631991 0.01 60 60 0 0 0
19382 0.522063 -0.00114526 -0.0374076 0.01 39 39 0 0 0
19419 0.538653 -0.00109499 -0.0343204 0.01 40 40 0 0 0
19431 0.525987 -0.00113337 -0.0513391 0.01 40 41 0 0 0
19442 0.490147 -0.00124198 -0.0444114 0.01 60 60 0 0 0
19450 0.490147 -0.00124198 -0.0444114 0.01 60 60 0 0 0
19456 0.538653 -0.00109499 -0.0408459 0.01 40 40 0 0 0
19530 0.499712 -0.001213 -0.0471021 0.01 60 60 0 0 0
19536 0.491532 -0.00123778 -0.0444114 0.01 60 60 0 0 0
19544 0.522063 -0.00114526 -0.0374076 0.01 40 40 0 0 0
19553 0.498226 -0.0012175 -0.0336418 0.01 60 60 0 0 0
19556 0.57979 -0.000970333 -0.0218828 0.01 102 101 0 0 0
19569 0.538653 -0.00109499 -0.0408459 0.01 40 40 0 0 0
19593 0.539539 -0.00109231 -0.0380416 0.01 60 60 0 0 0
19611 0.57979 -0.000970333 -0.0158989 0.01 103 103 0 0 0
19622 0.532667 -0.00111313 -0.0696867 0.01 60 60 0 0 0
19681 0.490147 -0.00124198 -0.0229704 0.01 60 60 0 0 0
19695 0.498226 -0.0012175 -0.0347571 0.01 60 60 0 0 0
19751 0.555568 -0.00104373 -0.110304 0.01 60 60 0 0 0
19752 0.521743 -0.00114623 -0.0316979 0.01 60 60 0 0 0
19778 0.538653 -0.00109499 -0.0393123 0.01 38 39 0 0 0
19784 0.522063 -0.00114526 -0.0425524 0.01 40 40 0 0 0
19787 0.490147 -0.00124198 -0.0444114 0.01 60 60 0 0 0
19792 0.55417 -0.00104797 -0.0444114 0.01 60 60 0 0 0
19800 0.538653 -0.00109499 -0.0393123 0.01 40 40 0 0 0
19898 0.490147 -0.00124198 -0.0444114 0.01 60 60 0 0 0
19933 0.610741 -0.000876543 -0.0631991 0.01 60 60 0 0 0
19935 0.538653 -0.00109499 -0.0343204 0.01 40 40 0 0 0
19948 0.490147 -0.00124198 -0.0444114 0.01 60 60 0 0 0
19953 0.57979 -0.000970333 -0.0218828 0.01 104 104 0 0 0
19999 0.522063 -0.00114526 -0.0374076 0.01 38 38 0 0 0
20007 0.522063 -0.00114526 -0.0425524 0.01 40 40 0 0 0
20040 0.498226 -0.0012175 -0.0206272 0.01 60 60 0.00266433 0 0.0141299
20044 0.57979 -0.000970333 -0.0158989 0.01 103 103 0 0 0
20107 0.57979 -0.000970333 -0.013549 0.01 102 102 0 0 0
20154 0.57979 -0.000970333 -0.0218828 0.01 102 102 0 0 0
20165 0.533245 -0.00111138 -0.0530995 0.01 60 60 0 0 0
20187 0.538653 -0.00109499 -0.0418975 0.01 40 40 -0.00042171 0 -0.00105166
20217 0.532667 -0.00111313 -0.0696867 0.01 60 60 0 0 0
20255 0.522063 -0.00114526 -0.0374076 0.01 38 38 0 0 0
20285 0.57979 -0.000970333 -0.0218828 0.01 102 102 0 0 0
20302 0.57979 -0.000970333 -0.0218828 0.01 102 102 0 0 0
20411 0.523038 -0.00114231 -0.0393123 0.01 40 40 0.00888956 -0.0156152 0
20422 0.537282 -0.00109915 -0.0631991 0.01 60 60 0 0 0
20451 0.522063 -0.00114526 -0.0374076 0.01 39 40 0 0 0
20490 0.525987 -0.00113337 -0.0513391 0.01 40 41 0 0 0
20561 0.522063 -0.00114526 -0.0374076 0.01 38 39 0 0 0
20592 0.57979 -0.000970333 -0.0218828 0.01 102 102 0 0 0
20612 0.522063 -0.00114526 -0.0374076 0.01 40 40 0 0 0
20622 0.522063 -0.00114526 -0.0425524 0.01 40 40 0 0 0
20654 0.538653 -0.00109499 -0.0393123 0.01 40 40 0 0 0
20660 0.490147 -0.00124198 -0.0444114 0.01 60 60 0 0 0
20674 0.538653 -0.00109499 -0.0393123 0.01 40 40 0 0 0
20713 0.57979 -0.000970333 -0.0158989 0.01 103 103 0 0 0
20717 0.538653 -0.00109499 -0.0408459 0.01 40 40 0 0 0
20739 0.538653 -0.00109499 -0.0393123 0.01 40 40 0 0 0
20801 0.532667 -0.00111313 -0.0696867 0.01 60 60 0 0 0
20806 0.538653 -0.00109499 -0.0393123 0.01 39 39 0 0 0
20810 0.539539 -0.00109231 -0.0380416 0.01 60 60 0 0 0
20873 0.532667 -0.00111313 -0.0696867 0.01 60 60 0 0 0
20883 0.536206 -0.00110241 -0.0523625 0.01 60 59 0 0 0
20944 0.538653 -0.00109499 -0.0408459 0.01 39 40 0 0 0
20945 0.522063 -0.00114526 -0.0374076 0.01 39 39 0 0 0
20949 0.537191 -0.00109942 -0.0444114 0.01 60 60 0 0 0
20962 0.538653 -0.00109499 -0.0341418 0.01 39 39 0 0 0
20965 0.538653 -0.00109499 -0.0393123 0.01 40 40 0 0 0
20979 0.499897 -0.00121243 -0.0529237 0.01 60 60 0 0 0
20992 0.538653 -0.00109499 -0.0393123 0.01 40 40 0 0 0
21123 0.522063 -0.00114526 -0.0374076 0.01 39 39 0 0 0
21144 0.538653 -0.00109499 -0.0393123 0.01 40 40 0 0 0
21155 0.57979 -0.000970333 -0.0218828 0.01 102 102 0 0 0
21189 0.538653 -0.00109499 -0.0393123 0.01 40 40 0 0 0
21256 0.538653 -0.00109499 -0.0393123 0.01 40 40 0 0 0
21282 0.57979 -0.000970333 -0.0144392 0.01 104 104 0.0381951 0 0.00145968
21318 0.57979 -0.000970333 -0.013549 0.01 102 102 0 0 0
21375 0.473756 -0.00129165 -0.0484905 0.01 60 60 0 0 0
21384 0.503245 -0.00120229 -0.0374076 0.01 40 40 0.00966094 -0.0154373 0
21389 0.525987 -0.00113337 -0.0513391 0.01 40 41 0 0 0
21436 0.490147 -0.00124198 -0.0546073 0.01 60 60 0 0 0
21496 0.527504 -0.00112878 -0.0393123 0.01 40 40 0.00628351 -0.0111488 0
21512 0.538653 -0.00109499 -0.0393123 0.01 40 40 0 0 0
21513 0.525919 -0.00113358 -0.0374076 0.01 39 39 0 0 0
21526 0.538653 -0.00109499 -0.0408459 0.01 40 40 0 0 0
21544 0.524228 -0.0011387 -0.0395439 0.01 60 60 0 0 0
21618 0.57979 -0.000970333 -0.0158989 0.01 103 103 0 0 0
21625 0.538653 -0.00109499 -0.0408459 0.01 40 40 0 0 0
21650 0.537191 -0.00109942 -0.0500623 0.01 60 60 0 0 0
21680 0.538653 -0.00109499 -0.0393123 0.01 40 40 0 0 0
21747 0.517363 -0.00115951 -0.0224033 0.01 60 60 0 0 0
21812 0.518098 -0.00115728 -0.0800271 0.01 60 59 0 0 0
21820 0.538653 -0.00109499 -0.0393123 0.01 40 40 0 0 0
21829 0.533926 -0.00110931 -0.0381503 0.01 60 60 0 0 0
21862 0.523464 -0.00114102 -0.0340591 0.01 39 40 0.00146319 0 0.00334847
21878 0.543981 -0.00107885 -0.0428993 0.01 60 60 0 0 0
21880 0.515435 -0.00116535 -0.0493894 0.01 40 41 0 0 0
21887 0.57979 -0.000970333 -0.0158989 0.01 103 103 0 0 0
21893 0.57979 -0.000970333 -0.0158989 0.01 103 103 0 0 0
21930 0.538653 -0.00109499 -0.0393123 0.01 40 40 0 0 0
21943 0.55417 -0.00104797 -0.0444114 0.01 60 60 0 0 0
21961 0.523464 -0.00114102 -0.0344544 0.01 39 39 0 0 0
21969 0.538653 -0.00109499 -0.0393123 0.01 40 40 0 0 0
21987 0.567405 -0.00100786 -0.0810915 0.01 60 60 0 0 0
22003 0.538653 -0.00109499 -0.0393123 0.01 39 39 0 0 0
22018 0.522063 -0.00114526 -0.0374076 0.01 39 41 0 0 0
22040 0.538653 -0.00109499 -0.0393123 0.01 39 40 0 0 0
22050 0.524344 -0.00113835 -0.0414534 0.01 60 59 -0.00124237 0.00132412 0
22057 0.523464 -0.00114102 -0.0344544 0.01 39 41 0 0 0
22076 0.490147 -0.00124198 -0.0444114 0.01 60 60 0 0 0
22113 0.515435 -0.00116535 -0.0493894 0.01 40 41 0 0 0
22117 0.538653 -0.00109499 -0.0408459 0.01 40 40 0 0 0
22125 0.539228 -0.00109325 -0.0444114 0.01 60 60 0 0 0
22136 0.490147 -0.00124198 -0.0392721 0.01 60 60 0 0 0
22157 0.57979 -0.000970333 -0.0158989 0.01 103 103 0 0 0
22199 0.522063 -0.00114526 -0.0374076 0.01 40 40 0 0 0
22213 0.5217 -0.00114636 -0.0696867 0.01 60 60 0 0 0
22335 0.537191 -0.00109942 -0.0209197 0.01 60 60 0 0 0
22347 0.517363 -0.00115951 -0.0380416 0.01 60 60 0 0 0
22348 0.522063 -0.00114526 -0.0374076 0.01 40 40 0 0 0
22361 0.538653 -0.00109499 -0.0393123 0.01 40 40 0 0 0
22367 0.490147 -0.00124198 -0.0444114 0.01 60 60 0 0 0
22379 0.514984 -0.00116672 -0.0330651 0.01 60 60 0 0 0
22380 0.522063 -0.00114526 -0.0374076 0.01 39 39 0 0 0
22450 0.537191 -0.00109942 -0.0444114 0.01 60 60 0 0 0
22475 0.538653 -0.00109499 -0.0393123 0.01 40 40 0 0 0
22481 0.522063 -0.00114526 -0.0374076 0.01 39 39 0 0 0
22490 0.57979 -0.000970333 -0.0218828 0.01 102 102 0 0 0
22541 0.498226 -0.0012175 -0.0347571 0.01 60 60 0 0 0
22555 0.490147 -0.00124198 -0.0444114 0.01 60 61 0 0 0
22573 0.514984 -0.00116672 -0.0330651 0.01 60 60 0 0 0
22588 0.538653 -0.00109499 -0.0393123 0.01 40 40 0 0 0
22611 0.490147 -0.00124198 -0.0444114 0.01 60 60 0 0 0
22617 0.490147 -0.00124198 -0.0546073 0.01 60 60 -0.00194746 0 -0.0101959
22669 0.520413 -0.00115026 -0.0395439 0.01 60 60 0 0 0
22687 0.57979 -0.000970333 -0.013549 0.01 102 102 0 0 0
22742 0.52161 -0.00114664 -0.0380416 0.01 60 60 0 0 0
22767 0.578533 -0.000974141 -0.013549 0.01 102 102 0.000610888 -0.00125682 0
22778 0.536176 -0.0011025 -0.105002 0.01 60 60 0 0 0
22779 0.536176 -0.0011025 -0.105002 0.01 60 61 0 0 0
22797 0.522063 -0.00114526 -0.0374076 0.01 39 40 0 0 0
22817 0.538653 -0.00109499 -0.0393123 0.01 40 40 0 0 0
22827 0.473756 -0.00129165 -0.0484905 0.01 60 60 0 0 0
22830 0.522063 -0.00114526 -0.0374076 0.01 40 40 0 0 0
22848 0.521743 -0.00114623 -0.0269091 0.01 60 60 0 0 0
22888 0.490147 -0.00124198 -0.0444114 0.01 60 60 0 0 0
22943 0.490147 -0.00124198 -0.0444114 0.01 60 60 0 0 0
22950 0.522063 -0.00114526 -0.0374076 0.01 39 40 0 0 0
22953 0.522063 -0.00114526 -0.0425524 0.01 40 40 0 0 0
22972 0.522063 -0.00114526 -0.0374076 0.01 39 39 0 0 0
23024 0.57979 -0.000970333 -0.013549 0.01 102 102 0 0 0
23055 0.548011 -0.00106663 -0.0522263 0.01 60 60 0 0 0
23065 0.522063 -0.00114526 -0.0374076 0.01 40 40 0 0 0
23067 0.511429 -0.00117749 -0.0674157 0.01 60 60 0 0 0
23104 0.57662 -0.000979941 -0.0527725 0.01 60 62 0 0 0
23118 0.538653 -0.00109499 -0.0408459 0.01 40 40 0 0 0
23128 0.490147 -0.00124198 -0.0444114 0.01 60 60 0 0 0
23147 0.57979 -0.000970333 -0.0218828 0.01 102 102 0 0 0
23172 0.57979 -0.000970333 -0.00209652 0.01 102 102 0 0 0
23175 0.507388 -0.00118973 -0.0471143 0.01 60 60 0 0 0
23183 0.522063 -0.00114526 -0.0374076 0.01 39 41 0 0 0
23188 0.538653 -0.00109499 -0.0393123 0.01 40 40 0 0 0
23264 0.538653 -0.00109499 -0.0393123 0.01 40 40 0 0 0
23266 0.57979 -0.000970333 -0.013549 0.01 102 102 0 0 0
23267 0.523019 -0.00114237 -0.0414534 0.01 60 59 0 0 0
23275 0.57979 -0.000970333 -0.0158989 0.01 103 103 0 0 0
23280 0.522063 -0.00114526 -0.0374076 0.01 40 40 0 0 0
23291 0.523464 -0.00114102 -0.0344544 0.01 39 39 0 0 0
23305 0.57979 -0.000970333 -0.013549 0.01 102 102 0 0 0
23361 0.57979 -0.000970333 -0.0158989 0.01 103 103 0 0 0
23376 0.57979 -0.000970333 -0.0218828 0.01 102 102 0 0 0
23411 0.538653 -0.00109499 -0.0393123 0.01 40 40 0 0 0
23447 0.526137 -0.00113292 -0.0168989 0.01 60 60 0 0 0
23473 0.538653 -0.00109499 -0.0393123 0.01 39 39 0 0 0
23480 0.57979 -0.000970333 -0.0218828 0.01 102 102 0 0 0
23496 0.473756 -0.00129165 -0.0484905 0.01 60 60 0 0 0
23499 0.522063 -0.00114526 -0.0374076 0.01 39 38 0 0 0
23538 0.522063 -0.00114526 -0.0374076 0.01 39 39 0 0 0
23541 0.522063 -0.00114526 -0.0374076 0.01 39 39 0 0 0
23571 0.57979 -0.000970333 -0.0218828 0.01 102 102 0 0 0
23586 0.538653 -0.00109499 -0.0393123 0.01 40 40 0 0 0
23587 0.57979 -0.000970333 -0.013549 0.01 102 102 0 0 0
23596 0.567823 -0.0010066 -0.100581 0.01 60 60 0 0 0
23605 0.538653 -0.00109499 -0.0393123 0.01 40 40 0 0 0
23622 0.537191 -0.00109942 -0.0444114 0.01 60 60 0 0 0
23625 0.567823 -0.0010066 -0.100581 0.01 60 60 0 0 0
23646 0.522063 -0.00114526 -0.0374076 0.01 38 38 0 0 0
23649 0.548011 -0.00106663 -0.0522263 0.01 60 59 0 0 0
23655 0.527736 -0.00112807 -0.0307802 0.01 40 41 0.00788233 0 0.020559
23662 0.536176 -0.0011025 -0.105002 0.01 60 60 0 0 0
23673 0.503245 -0.00120229 -0.0374076 0.01 40 40 0 0 0
23689 0.525987 -0.00113337 -0.0513391 0.01 40 41 0 0 0
23691 0.478745 -0.00127653 -0.0444114 0.01 60 60 0.0121717 -0.0114016 0
23697 0.57323 -0.000990213 -0.0437383 0.01 60 60 0 0 0
23710 0.574722 -0.00098569 -0.013549 0.01 102 102 0.00245649 -0.00506788 0
23746 0.517363 -0.00115951 -0.0380416 0.01 60 60 0 0 0
23783 0.522063 -0.00114526 -0.0374076 0.01 39 39 0 0 0
23790 0.481652 -0.00126772 -0.0336138 0.01 60 60 0 0 0
23832 0.532124 -0.00111478 -0.0411379 0.01 60 60 0 0 0
23840 0.522063 -0.00114526 -0.0374076 0.01 39 39 0 0 0
23854 0.522063 -0.00114526 -0.0374076 0.01 40 40 0 0 0
23856 0.473756 -0.00129165 -0.0484905 0.01 60 60 0 0 0
23887 0.538653 -0.00109499 -0.04003 0.01 40 40 -0.000289321 0 -0.000717681
23891 0.522063 -0.00114526 -0.0374076 0.01 40 40 0 0 0
23896 0.539539 -0.00109231 -0.0380416 0.01 60 60 0 0 0
23905 0.522063 -0.00114526 -0.0374076 0.01 38 39 0 0 0
23934 0.527801 -0.00112788 -0.0489191 0.01 60 60 -0.00076583 0 -0.00450771
23942 0.538653 -0.00109499 -0.0393123 0.01 40 40 0 0 0
23949 0.57979 -0.000970333 -0.013549 0.01 102 102 0 0 0
23986 0.490147 -0.00124198 -0.0444114 0.01 60 60 0 0 0
24010 0.498226 -0.0012175 -0.0512803 0.01 60 60 0 0 0
24046 0.555568 -0.00104373 -0.110304 0.01 60 60 0 0 0
24138 0.587758 -0.000946187 -0.0593943 0.01 60 60 0 0 0
24145 0.516888 -0.00116094 -0.0425524 0.01 40 40 0.00306521 -0.0051744 0
24171 0.522063 -0.00114526 -0.0374076 0.01 40 40 0 0 0
24173 0.57979 -0.000970333 -0.0158989 0.01 103 103 0 0 0
24190 0.547994 -0.00106668 -0.0374076 0.01 40 41 0 0 0
24235 0.560806 -0.00102786 -0.0705349 0.01 60 61 0 0 0
24254 0.522063 -0.00114526 -0.0374076 0.01 40 40 0 0 0
24264 0.537191 -0.00109942 -0.0535315 0.01 60 60 0 0 0
24270 0.538653 -0.00109499 -0.0408459 0.01 40 40 0 0 0
24289 0.490147 -0.00124198 -0.0444114 0.01 60 60 0 0 0
24307 0.5217 -0.00114636 -0.0696867 0.01 60 60 0 0 0
24325 0.538653 -0.00109499 -0.0408459 0.01 40 40 0 0 0
24370 0.522063 -0.00114526 -0.0374076 0.01 40 40 0 0 0
24407 0.522063 -0.00114526 -0.0374076 0.01 39 39 0 0 0
24426 0.522063 -0.00114526 -0.0374076 0.01 39 39 0 0 0
24440 0.553442 -0.00105018 -0.0181168 0.01 60 60 0 0 0
24444 0.522063 -0.00114526 -0.0374076 0.01 40 40 0 0 0
24483 0.52533 -0.00113536 -0.0444114 0.01 60 60 0 0 0
24517 0.501568 -0.00120737 -0.0484905 0.01 60 60 0 0 0
24570 0.518682 -0.00115551 -0.0374076 0.01 40 40 0.0020283 -0.0033803 0
24592 0.490147 -0.00124198 -0.050929 0.01 60 60 0 0 0
24615 0.538653 -0.00109499 -0.0393123 0.01 40 40 0 0 0
24617 0.490147 -0.00124198 -0.0444114 0.01 60 60 0 0 0
24620 0.558081 -0.00103612 -0.0393123 0.01 40 40 0 0 0
24648 0.490147 -0.00124198 -0.0229704 0.01 60 60 0 0 0
24686 0.522063 -0.00114526 -0.0374076 0.01 40 40 0 0 0
24688 0.490147 -0.00124198 -0.0444114 0.01 60 60 0 0 0
24690 0.52533 -0.00113536 -0.0444114 0.01 60 60 0 0 0
24697 0.538653 -0.00109499 -0.0393123 0.01 39 40 0 0 0
24712 0.490147 -0.00124198 -0.0444114 0.01 60 60 0 0 0
24820 0.522063 -0.00114526 -0.0374076 0.01 40 40 0 0 0
24838 0.555154 -0.00104499 -0.0631991 0.01 60 60 0 0 0
24849 0.537191 -0.00109942 -0.0444114 0.01 60 60 0 0 0
24858 0.57979 -0.000970333 -0.0158989 0.01 103 103 0 0 0
24863 0.537191 -0.00109942 -0.0471143 0.01 60 60 0 0 0
24868 0.57979 -0.000970333 -0.0218828 0.01 102 102 0 0 0
24869 0.538653 -0.00109499 -0.0393123 0.01 39 40 0 0 0
24875 0.473756 -0.00129165 -0.0484905 0.01 60 60 0 0 0
24893 0.498226 -0.0012175 -0.0347571 0.01 60 59 0 0 0
24900 0.473756 -0.00129165 -0.0484905 0.01 60 60 0 0 0
24903 0.539228 -0.00109325 -0.0444114 0.01 60 60 0 0 0
24946 0.538653 -0.00109499 -0.0393123 0.01 40 40 0 0 0
24957 0.526876 -0.00113068 -0.0391925 0.01 60 59 0 0 0
24973 0.57979 -0.000970333 -0.0158989 0.01 103 103 0 0 0
24978 0.510805 -0.00117938 -0.0444114 0.01 60 59 0 0 0
25021 0.538653 -0.00109499 -0.0393123 0.01 40 40 0 0 0
25032 0.538653 -0.00109499 -0.0393123 0.01 40 40 0 0 0
25034 0.514984 -0.00116672 -0.0330651 0.01 60 60 0 0 0
25043 0.538653 -0.00109499 -0.0393123 0.01 40 40 0 0 0
25046 0.498226 -0.0012175 -0.0512803 0.01 60 60 0 0 0
25049 0.522063 -0.00114526 -0.0374076 0.01 39 39 0 0 0
25061 0.523464 -0.00114102 -0.0374076 0.01 39 40 0 0 0
25083 0.499712 -0.001213 -0.0471021 0.01 60 60 0 0 0
25090 0.490147 -0.00124198 -0.0444114 0.01 60 61 0 0 0
25093 0.533074 -0.0011119 -0.0393123 0.01 40 40 0 0 0
25142 0.57979 -0.000970333 -0.0158989 0.01 103 103 0 0 0
25229 0.512424 -0.00117447 -0.0181168 0.01 60 60 0 0 0
25238 0.522063 -0.00114526 -0.0374076 0.01 40 40 0 0 0
25241 0.537191 -0.00109942 -0.0471143 0.01 60 60 0 0 0
25292 0.507388 -0.00118973 -0.0471143 0.01 60 60 0 0 0
25313 0.522063 -0.00114526 -0.0374076 0.01 40 40 0 0 0
25328 0.490147 -0.00124198 -0.0444114 0.01 60 60 0 0 0
25357 0.538653 -0.00109499 -0.0393123 0.01 40 40 0 0 0
25373 0.527736 -0.00112807 -0.0513391 0.01 40 41 0 0 0
25383 0.560011 -0.00103027 -0.0393123 0.01 40 40 -0.0112009 0.0213582 0
25408 0.539228 -0.00109325 -0.0444114 0.01 60 60 0 0 0
25409 0.506182 -0.00119339 -0.0605936 0.01 60 60 0 0 0
25454 0.490147 -0.00124198 -0.0444114 0.01 60 60 0 0 0
25498 0.522063 -0.00114526 -0.0374076 0.01 40 40 0 0 0
25534 0.473756 -0.00129165 -0.0484905 0.01 60 60 0 0 0
25581 0.57979 -0.000970333 -0.0158989 0.01 103 103 0 0 0
25582 0.515887 -0.00116398 -0.0489718 0.01 40 41 0 0 0
25671 0.525987 -0.00113337 -0.0338732 0.01 39 41 0 0 0
25702 0.523038 -0.00114231 -0.0393123 0.01 40 40 0 0 0
25707 0.538653 -0.00109499 -0.0393123 0.01 40 40 0 0 0
25712 0.538653 -0.00109499 -0.0393123 0.01 40 40 0 0 0
25718 0.522063 -0.00114526 -0.0374076 0.01 39 39 0 0 0
25774 0.522063 -0.00114526 -0.0374076 0.01 40 40 0 0 0
25784 0.57979 -0.000970333 -0.013549 0.01 102 102 0 0 0
25787 0.57979 -0.000970333 -0.0158989 0.01 103 103 0 0 0
25802 0.57979 -0.000970333 -0.0158989 0.01 103 103 0 0 0
25808 0.490147 -0.00124198 -0.0444114 0.01 60 60 0 0 0
25809 0.55417 -0.00104797 -0.0314974 0.01 60 60 0.00203037 0 0.012914
25823 0.522063 -0.00114526 -0.0374076 0.01 40 40 0 0 0
25835 0.538653 -0.00109499 -0.0393123 0.01 40 40 0 0 0
25841 0.522063 -0.00114526 -0.0425524 0.01 40 40 0 0 0
25858 0.522063 -0.00114526 -0.0374076 0.01 40 40 0 0 0
25877 0.57979 -0.000970333 -0.013549 0.01 102 102 0 0 0
25883 0.57979 -0.000970333 -0.013549 0.01 102 102 0 0 0
25884 0.538653 -0.00109499 -0.0341418 0.01 39 39 0.00228886 0 0.00517052
25899 0.490147 -0.00124198 -0.0444114 0.01 60 60 0 0 0
25961 0.523019 -0.00114237 -0.0414534 0.01 60 60 0 0 0
25993 0.538653 -0.00109499 -0.0393123 0.01 39 39 0 0 0
26043 0.539228 -0.00109325 -0.0444114 0.01 60 59 0 0 0
26046 0.533494 -0.00111062 -0.0135052 0.01 60 61 0 0 0
26057 0.575405 -0.000983622 -0.113913 0.01 60 61 0 0 0
26070 0.57979 -0.000970333 -0.0158989 0.01 103 103 0 0 0
26085 0.521203 -0.00114787 -0.0374076 0.01 39 39 0.000492677 -0.000859678 0
26160 0.57979 -0.000970333 -0.0218828 0.01 102 102 0 0 0
26244 0.616794 -0.000858201 -0.013549 0.01 102 102 -0.0176991 0.0370033 0
26258 0.499712 -0.001213 -0.0471021 0.01 60 60 0 0 0
26268 0.533245 -0.00111138 -0.0530995 0.01 60 60 0 0 0
26271 0.501568 -0.00120737 -0.0484905 0.01 60 60 0 0 0
26296 0.514984 -0.00116672 -0.0330651 0.01 60 60 0 0 0
26298 0.537191 -0.00109942 -0.0335888 0.01 60 60 0.0017941 0 0.0108226
26300 0.57662 -0.000979941 -0.0437383 0.01 60 60 0 0 0
26389 0.523019 -0.00114237 -0.00206558 0.01 60 60 0 0 0
26413 0.522063 -0.00114526 -0.0374076 0.01 39 40 0 0 0
26444 0.57979 -0.000970333 -0.0158989 0.01 103 103 0 0 0
26451 0.57979 -0.000970333 -0.0218828 0.01 104 104 0 0 0
26492 0.538653 -0.00109499 -0.0393123 0.01 40 40 0 0 0
26532 0.57979 -0.000970333 -0.0158989 0.01 103 103 0 0 0
26551 0.531533 -0.00111657 -0.0605936 0.01 60 60 -0.0240723 0.0253515 0
26623 0.57979 -0.000970333 -0.0218828 0.01 102 102 0 0 0
26630 0.532124 -0.00111478 -0.0411379 0.01 60 60 0 0 0
26653 0.538653 -0.00109499 -0.0393123 0.01 39 40 0 0 0
26696 0.499712 -0.001213 -0.0471021 0.01 60 60 0 0 0
26707 0.518836 -0.00115504 -0.0380416 0.01 60 60 0 0 0
26711 0.522063 -0.00114526 -0.0374076 0.01 38 39 0 0 0
26745 0.533074 -0.0011119 -0.0393123 0.01 40 40 0 0 0
26746 0.501568 -0.00120737 -0.0484905 0.01 60 61 0 0 0
26756 0.57979 -0.000970333 -0.0218828 0.01 102 102 0 0 0
26782 0.522063 -0.00114526 -0.0374076 0.01 38 38 0 0 0
26799 0.522063 -0.00114526 -0.0374076 0.01 39 41 0 0 0
26810 0.57979 -0.000970333 -0.0218828 0.01 102 102 0 0 0
26816 0.581389 -0.000965488 -0.0469144 0.01 60 60 0 0 0
26819 0.5337 -0.00111 -0.0178977 0.01 60 60 0 0 0
26834 0.533074 -0.0011119 -0.0393123 0.01 40 40 0 0 0
26854 0.548011 -0.00106663 -0.0631991 0.01 60 60 0 0 0
26855 0.538653 -0.00109499 -0.0393123 0.01 40 40 0 0 0
26946 0.581001 -0.000966664 -0.0631991 0.01 60 60 0.0251992 -0.0340726 0
26952 0.522063 -0.00114526 -0.0374076 0.01 39 39 0 0 0
26972 0.522063 -0.00114526 -0.0374076 0.01 39 39 0 0 0
26989 0.490147 -0.00124198 -0.0444114 0.01 60 60 0 0 0
26994 0.522063 -0.00114526 -0.0374076 0.01 39 39 0 0 0
27024 0.538653 -0.00109499 -0.0408459 0.01 40 40 0 0 0
27113 0.538653 -0.00109499 -0.0408459 0.01 40 40 0 0 0
27114 0.565119 -0.00101479 -0.113913 0.01 60 61 0 0 0
27134 0.537191 -0.00109942 -0.0471143 0.01 60 60 0 0 0
27140 0.538653 -0.00109499 -0.0393123 0.01 40 40 0 0 0
27144 0.538653 -0.00109499 -0.0393123 0.01 40 40 0 0 0
27160 0.52533 -0.00113536 -0.0444114 0.01 60 59 0 0 0
27193 0.522063 -0.00114526 -0.0374076 0.01 39 39 0 0 0
27216 0.558081 -0.00103612 -0.0393123 0.01 40 40 0 0 0
27223 0.490147 -0.00124198 -0.0229704 0.01 60 60 0 0 0
27248 0.531533 -0.00111657 -0.0605936 0.01 60 60 0 0 0
27251 0.498226 -0.0012175 -0.0206272 0.01 60 60 0 0 0
27262 0.520096 -0.00115123 -0.0407336 0.01 60 60 0 0 0
27268 0.57979 -0.000970333 -0.0158989 0.01 103 103 0 0 0
27312 0.498226 -0.0012175 -0.0336418 0.01 60 60 0 0 0
27358 0.522063 -0.00114526 -0.0374076 0.01 39 39 0 0 0
27437 0.57979 -0.000970333 -0.0158989 0.01 103 103 0 0 0
27446 0.57979 -0.000970333 -0.013549 0.01 102 102 0 0 0
27482 0.57979 -0.000970333 -0.013549 0.01 102 102 0 0 0
27486 0.490147 -0.00124198 -0.0444114 0.01 60 60 0 0 0
27509 0.501568 -0.00120737 -0.0484905 0.01 60 60 0 0 0
27524 0.525987 -0.00113337 -0.0513391 0.01 40 41 0 0 0
27562 0.57979 -0.000970333 -0.0218828 0.01 102 102 0 0 0
27567 0.538653 -0.00109499 -0.0393123 0.01 40 40 0 0 0
27568 0.498226 -0.0012175 -0.0336418 0.01 60 60 0 0 0
27596 0.525987 -0.00113337 -0.0513391 0.01 40 41 0 0 0
27615 0.473756 -0.00129165 -0.0423086 0.01 60 60 0.00124589 0 0.00618186
27625 0.57979 -0.000970333 -0.0218828 0.01 102 102 0 0 0
27627 0.549141 -0.00106321 -0.0584913 0.01 60 60 -0.00392812 0 -0.0247036
27671 0.57979 -0.000970333 -0.0218828 0.01 104 104 0 0 0
27675 0.506182 -0.00119339 -0.0544169 0.01 60 60 0 0 0
27680 0.522063 -0.00114526 -0.0374076 0.01 39 39 0 0 0
27718 0.538653 -0.00109499 -0.0393123 0.01 40 40 0 0 0
27793 0.555955 -0.00104256 -0.0881907 0.01 60 59 0 0 0
27803 0.538653 -0.00109499 -0.0393123 0.01 40 40 0 0 0
27812 0.499897 -0.00121243 -0.0326678 0.01 60 60 0 0 0
27841 0.522063 -0.00114526 -0.0374076 0.01 40 40 0 0 0
27844 0.523464 -0.00114102 -0.0374076 0.01 40 40 0 0 0
27853 0.538653 -0.00109499 -0.0393123 0.01 39 39 0 0 0
27859 0.499712 -0.001213 -0.0471021 0.01 60 61 0 0 0
27906 0.57979 -0.000970333 -0.013549 0.01 102 102 0 0 0
27926 0.537191 -0.00109942 -0.0444114 0.01 60 60 0 0 0
27932 0.497786 -0.00121883 -0.0471021 0.01 60 60 0 0 0
27979 0.520096 -0.00115123 -0.0407336 0.01 60 60 0 0 0
28018 0.499712 -0.001213 -0.0471021 0.01 60 60 0 0 0
28019 0.490147 -0.00124198 -0.0444114 0.01 60 60 0 0 0
28047 0.490147 -0.00124198 -0.0444114 0.01 60 60 0 0 0
28090 0.538653 -0.00109499 -0.0393123 0.01 40 40 0 0 0
28111 0.525987 -0.00113337 -0.0513391 0.01 40 41 0 0 0
28129 0.57979 -0.000970333 -0.0218828 0.01 104 104 0 0 0
28185 0.538653 -0.00109499 -0.0393123 0.01 40 40 0 0 0
28192 0.537191 -0.00109942 -0.0471143 0.01 60 60 0 0 0
28202 0.522063 -0.00114526 -0.0374076 0.01 40 40 0 0 0
28209 0.481652 -0.00126772 -0.0336138 0.01 60 60 0 0 0
28240 0.522063 -0.00114526 -0.0425524 0.01 40 40 0 0 0
28254 0.553442 -0.00105018 -0.0181168 0.01 60 60 0 0 0
28264 0.522063 -0.00114526 -0.0374076 0.01 40 40 0 0 0
28300 0.481544 -0.00126805 -0.0287801 0.01 60 59 0 0 0
28305 0.522063 -0.00114526 -0.0374076 0.01 38 40 0 0 0
28310 0.515887 -0.00116398 -0.0454338 0.01 40 40 0 0 0
28320 0.473756 -0.00129165 -0.0484905 0.01 60 60 0 0 0
28371 0.534052 -0.00110893 -0.0373895 0.01 60 60 0 0 0
28385 0.521743 -0.00114623 -0.0269091 0.01 60 60 0 0 0
28404 0.522063 -0.00114526 -0.0374076 0.01 39 39 0 0 0
28426 0.472987 -0.00129398 -0.0620559 0.01 60 60 0 0 0
28444 0.538653 -0.00109499 -0.0393123 0.01 39 39 0 0 0
28501 0.490147 -0.00124198 -0.0444114 0.01 60 60 0 0 0
28516 0.556705 -0.00104029 -0.0631991 0.01 60 60 -0.00741848 0.00869405 0
28522 0.522063 -0.00114526 -0.0374076 0.01 40 40 0 0 0
28541 0.57979 -0.000970333 -0.0218828 0.01 102 102 0 0 0
28571 0.523464 -0.00114102 -0.0340591 0.01 40 40 0 0 0
28585 0.57979 -0.000970333 -0.0218828 0.01 102 102 0 0 0
28599 0.555568 -0.00104373 -0.110304 0.01 60 60 0 0 0
28615 0.522063 -0.00114526 -0.0374076 0.01 39 39 0 0 0
28616 0.522063 -0.00114526 -0.0374076 0.01 39 39 0 0 0
28697 0.57979 -0.000970333 -0.0218828 0.01 102 102 0 0 0
28745 0.538653 -0.00109499 -0.0393123 0.01 40 40 0 0 0
28807 0.57979 -0.000970333 -0.0218828 0.01 102 102 0 0 0
28813 0.537191 -0.00109942 -0.0444114 0.01 60 60 0 0 0
28818 0.57979 -0.000970333 -0.0158989 0.01 103 103 0 0 0
28820 0.538653 -0.00109499 -0.0393123 0.01 40 40 0 0 0
28838 0.553442 -0.00105018 -0.0181168 0.01 60 60 0 0 0
28878 0.555568 -0.00104373 -0.110304 0.01 60 60 0 0 0
28901 0.522063 -0.00114526 -0.0374076 0.01 38 39 0 0 0
28925 0.57979 -0.000970333 -0.013549 0.01 102 102 0 0 0
28953 0.524614 -0.00113753 -0.0374076 0.01 39 39 -0.00145133 0.00255144 0
28972 0.472987 -0.00129398 -0.0620559 0.01 60 60 0 0 0
29025 0.565405 -0.00101392 -0.0288295 0.01 60 60 0 0 0
29031 0.538653 -0.00109499 -0.0393123 0.01 40 40 0 0 0
29066 0.522063 -0.00114526 -0.0374076 0.01 39 39 0 0 0
29079 0.57979 -0.000970333 -0.0158989 0.01 103 103 0 0 0
29101 0.57979 -0.000970333 -0.013549 0.01 102 102 0 0 0
29104 0.490147 -0.00124198 -0.0444114 0.01 60 60 0 0 0
29134 0.522063 -0.00114526 -0.0374076 0.01 40 40 0 0 0
29140 0.537191 -0.00109942 -0.0444114 0.01 60 60 0 0 0
29159 0.490147 -0.00124198 -0.0444114 0.01 60 60 0 0 0
29179 0.522063 -0.00114526 -0.0374076 0.01 39 39 0 0 0
29193 0.522063 -0.00114526 -0.0374076 0.01 39 39 0 0 0
29202 0.538653 -0.00109499 -0.0393123 0.01 40 40 0 0 0
29225 0.522063 -0.00114526 -0.0374076 0.01 39 39 0 0 0
29240 0.491532 -0.00123778 -0.0444114 0.01 60 60 0 0 0
29309 0.52533 -0.00113536 -0.0444114 0.01 60 60 0 0 0
29367 0.57979 -0.000970333 -0.0218828 0.01 102 102 0 0 0
29371 0.538653 -0.00109499 -0.0393123 0.01 39 40 0 0 0
29372 0.522063 -0.00114526 -0.0374076 0.01 40 40 0 0 0
29377 0.472987 -0.00129398 -0.0620559 0.01 60 60 0 0 0
29500 0.522063 -0.00114526 -0.0374076 0.01 40 40 0 0 0
29503 0.538653 -0.00109499 -0.0393123 0.01 40 40 0 0 0
29568 0.490147 -0.00124198 -0.0546073 0.01 60 60 0 0 0
29570 0.538653 -0.00109499 -0.0393123 0.01 40 40 0 0 0
29599 0.522063 -0.00114526 -0.0374076 0.01 39 39 0 0 0
29629 0.549141 -0.00106321 -0.0337876 0.01 60 61 0 0 0
29635 0.57979 -0.000970333 -0.0158989 0.01 103 103 0 0 0
29639 0.55417 -0.00104797 -0.0444114 0.01 60 60 0 0 0
29670 0.538653 -0.00109499 -0.0408459 0.01 39 39 0 0 0
29671 0.57979 -0.000970333 -0.0218828 0.01 102 102 0 0 0
29697 0.553442 -0.00105018 -0.0181168 0.01 60 60 0 0 0
29698 0.538653 -0.00109499 -0.0343204 0.01 40 40 0 0 0
29780 0.522063 -0.00114526 -0.0374076 0.01 40 39 0 0 0
29785 0.481544 -0.00126805 -0.0287801 0.01 60 60 0 0 0
29828 0.523038 -0.00114231 -0.0393123 0.01 40 40 0 0 0
29872 0.522063 -0.00114526 -0.0374076 0.01 39 39 0 0 0
29883 0.522063 -0.00114526 -0.0374076 0.01 39 39 0 0 0
29954 0.490147 -0.00124198 -0.0392721 0.01 60 59 0 0 0
29996 0.490147 -0.00124198 -0.0444114 0.01 60 60 0 0 0
30037 0.490147 -0.00124198 -0.0444114 0.01 60 60 0 0 0
30056 0.537191 -0.00109942 -0.0471143 0.01 60 60 0 0 0
30072 0.522063 -0.00114526 -0.0374076 0.01 40 41 0 0 0
30080 0.57979 -0.000970333 -0.0218828 0.01 104 104 0 0 0
30116 0.518098 -0.00115728 -0.0696867 0.01 60 60 0 0 0
30141 0.538653 -0.00109499 -0.0393123 0.01 40 40 0 0 0
30193 0.57979 -0.000970333 -0.020564 0.01 104 104 0 0 0
30214 0.538653 -0.00109499 -0.0393123 0.01 40 40 0 0 0
30221 0.57979 -0.000970333 -0.013549 0.01 102 102 0 0 0
30258 0.57979 -0.000970333 -0.0218828 0.01 102 101 0 0 0
30319 0.490147 -0.00124198 -0.0444114 0.01 60 60 0 0 0
30383 0.523464 -0.00114102 -0.0374076 0.01 40 40 0 0 0
30403 0.538653 -0.00109499 -0.0393123 0.01 40 40 0 0 0
30409 0.533074 -0.0011119 -0.0393123 0.01 39 40 0 0 0
30410 0.548011 -0.00106663 -0.063849 0.01 60 59 0 0 0
30418 0.522063 -0.00114526 -0.0374076 0.01 40 40 0 0 0
30422 0.52533 -0.00113536 -0.0444114 0.01 60 60 0 0 0
30479 0.490147 -0.00124198 -0.0444114 0.01 60 60 0 0 0
30482 0.537191 -0.00109942 -0.0535315 0.01 60 60 0 0 0
30483 0.477981 -0.00127885 -0.0444114 0.01 60 60 0 0 0
30493 0.522063 -0.00114526 -0.0425524 0.01 40 40 0 0 0
30496 0.57662 -0.000979941 -0.0437383 0.01 60 60 0 0 0
30524 0.567405 -0.00100786 -0.0810915 0.01 60 60 0 0 0
30526 0.538653 -0.00109499 -0.0408459 0.01 40 40 0 0 0
30550 0.527748 -0.00112804 -0.0739468 0.01 60 60 0 0 0
30591 0.57979 -0.000970333 -0.0158989 0.01 103 103 0 0 0
30629 0.522063 -0.00114526 -0.0425524 0.01 40 40 0 0 0
30637 0.57979 -0.000970333 -0.013549 0.01 102 102 0 0 0
30642 0.538653 -0.00109499 -0.0393123 0.01 39 40 0 0 0
30653 0.522063 -0.00114526 -0.0374076 0.01 40 40 0 0 0
30661 0.57979 -0.000970333 -0.0218828 0.01 104 104 0 0 0
30680 0.522063 -0.00114526 -0.0374076 0.01 40 40 0 0 0
30702 0.521743 -0.00114623 -0.0269091 0.01 60 60 0 0 0
30709 0.55417 -0.00104797 -0.0314974 0.01 60 60 0 0 0
30730 0.57979 -0.000970333 -0.0218828 0.01 102 102 0 0 0
30783 0.538653 -0.00109499 -0.0408459 0.01 40 40 0 0 0
30814 0.522063 -0.00114526 -0.0374076 0.01 39 39 0 0 0
30815 0.515887 -0.00116398 -0.0489718 0.01 40 40 0 0 0
30839 0.538653 -0.00109499 -0.0393123 0.01 40 40 0 0 0
30847 0.57979 -0.000970333 -0.0218828 0.01 102 102 0 0 0
30852 0.522063 -0.00114526 -0.0425524 0.01 40 40 0 0 0
30856 0.481544 -0.00126805 -0.0287801 0.01 60 60 0 0 0
30888 0.538653 -0.00109499 -0.0393123 0.01 39 39 0 0 0
30929 0.538653 -0.00109499 -0.0408459 0.01 40 40 0 0 0
30940 0.57979 -0.000970333 -0.0158989 0.01 103 103 0 0 0
31000 0.567823 -0.0010066 -0.100581 0.01 60 60 0 0 0
31022 0.578977 -0.000972796 -0.0288295 0.01 60 60 0 0 0
31073 0.577947 -0.000975917 -0.0218828 0.01 102 102 0.00067544 -0.0018428 0
31084 0.538653 -0.00109499 -0.0393123 0.01 40 40 0 0 0
31095 0.538653 -0.00109499 -0.0393123 0.01 39 39 0 0 0
31107 0.499897 -0.00121243 -0.0529237 0.01 60 60 0 0 0
31175 0.490147 -0.00124198 -0.0444114 0.01 60 60 0 0 0
31200 0.520096 -0.00115123 -0.0407336 0.01 60 60 0 0 0
31227 0.57979 -0.000970333 -0.0218828 0.01 102 102 0 0 0
31305 0.522063 -0.00114526 -0.0374076 0.01 40 40 0 0 0
31365 0.510805 -0.00117938 -0.0444114 0.01 60 59 0 0 0
31384 0.517363 -0.00115951 -0.0300622 0.01 60 60 0 0 0
31398 0.538653 -0.00109499 -0.0393123 0.01 38 39 0 0 0
31404 0.538653 -0.00109499 -0.0393123 0.01 40 40 0 0 0
31429 0.569348 -0.00100197 -0.0658685 0.01 60 59 0 0 0
31449 0.57979 -0.000970333 -0.0158989 0.01 103 103 0 0 0
31454 0.490147 -0.00124198 -0.0444114 0.01 60 60 0 0 0
31529 0.544161 -0.0010783 -0.0444114 0.01 60 60 -0.00439996 0.00493336 0
31574 0.522063 -0.00114526 -0.045147 0.01 39 39 -0.00363047 0 -0.00773941
31613 0.538653 -0.00109499 -0.0408459 0.01 40 40 0 0 0
31645 0.473756 -0.00129165 -0.0484905 0.01 60 60 0 0 0
31684 0.522063 -0.00114526 -0.0374076 0.01 40 40 0 0 0
31685 0.522063 -0.00114526 -0.0374076 0.01 39 39 0 0 0
31755 0.57979 -0.000970333 -0.0218828 0.01 104 104 0 0 0
31792 0.522063 -0.00114526 -0.0374076 0.01 39 39 0 0 0
31837 0.490147 -0.00124198 -0.0444114 0.01 60 60 0 0 0
31839 0.523019 -0.00114237 -0.0414534 0.01 60 60 0 0 0
31859 0.55417 -0.00104797 -0.0444114 0.01 60 60 0 0 0
31868 0.57979 -0.000970333 -0.0158989 0.01 103 103 0 0 0
31931 0.538653 -0.00109499 -0.0408459 0.01 40 40 0 0 0
31973 0.497658 -0.00121922 -0.0444114 0.01 60 60 0 0 0
31974 0.57979 -0.000970333 -0.0218828 0.01 104 104 0 0 0
32033 0.522063 -0.00114526 -0.0374076 0.01 40 40 0 0 0
32054 0.538653 -0.00109499 -0.0393123 0.01 40 40 0 0 0
32073 0.538653 -0.00109499 -0.0393123 0.01 40 40 0 0 0
32076 0.520096 -0.00115123 -0.0407336 0.01 60 60 0 0 0
32090 0.522063 -0.00114526 -0.0374076 0.01 39 39 0 0 0
32141 0.575129 -0.000984457 -0.0658685 0.01 60 60 0 0 0
32152 0.538653 -0.00109499 -0.0393123 0.01 39 40 0 0 0
32159 0.57979 -0.000970333 -0.0216201 0.01 103 103 -0.125672 0 -0.00572115
32171 0.538653 -0.00109499 -0.0393123 0.01 40 40 0 0 0
32179 0.536206 -0.00110241 -0.0575201 0.01 60 60 0 0 0
32213 0.57979 -0.000970333 -0.0218828 0.01 102 102 0 0 0
32214 0.57979 -0.000970333 -0.0158989 0.01 103 103 0 0 0
32218 0.57979 -0.000970333 -0.0425557 0.01 103 103 0 0 0
32256 0.490147 -0.00124198 -0.0229704 0.01 60 60 0 0 0
32268 0.57979 -0.000970333 -0.0158989 0.01 103 103 0 0 0
32272 0.57979 -0.000970333 -0.0218828 0.01 102 102 0 0 0
32288 0.491532 -0.00123778 -0.0444114 0.01 60 60 0 0 0
32289 0.538653 -0.00109499 -0.0393123 0.01 40 40 0 0 0
32304 0.57979 -0.000970333 -0.0158989 0.01 103 103 0 0 0
32347 0.522063 -0.00114526 -0.0374076 0.01 40 40 0 0 0
32351 0.57979 -0.000970333 -0.013549 0.01 102 102 0 0 0
32355 0.57979 -0.000970333 -0.0158989 0.01 103 103 0 0 0
32361 0.538653 -0.00109499 -0.0343204 0.01 40 40 0 0 0
32388 0.497786 -0.00121883 -0.0471021 0.01 60 60 0 0 0
32400 0.553442 -0.00105018 -0.0181168 0.01 60 60 0 0 0
32412 0.490147 -0.00124198 -0.0444114 0.01 60 60 0 0 0
32422 0.522063 -0.00114526 -0.0374076 0.01 40 40 0 0 0
32441 0.57979 -0.000970333 -0.0218828 0.01 102 102 0 0 0
32462 0.57979 -0.000970333 -0.0158989 0.01 103 103 0 0 0
32490 0.57979 -0.000970333 -0.013549 0.01 102 102 0 0 0
32510 0.585041 -0.000954422 -0.0218828 0.01 104 104 -0.00160754 0.00525069 0
32528 0.497658 -0.00121922 -0.0444114 0.01 60 60 0 0 0
32558 0.57979 -0.000970333 -0.0218828 0.01 104 104 0 0 0
