max_pf 68 min_pf 53
individual DHm DSm DCp disp_rate patch_no b_patch_no mut_eff DDHm DDCp
0 0.568101 -0.00100575 -0.00674328 0.01 60 62 0 0 0
21 0.582736 -0.000961407 -0.0219257 0.01 66 66 0 0 0
23 0.553909 -0.00104876 -0.0728326 0.01 55 55 0 0 0
24 0.593534 -0.000928685 -0.0178407 0.01 60 60 0 0 0
28 0.582736 -0.000961407 -0.0219257 0.01 67 67 0 0 0
31 0.559137 -0.00103292 -0.0605077 0.01 55 55 0 0 0
35 0.60317 -0.000899484 -0.0190815 0.01 60 61 0 0 0
38 0.59599 -0.000921241 -0.0330195 0.01 55 55 0 0 0
42 0.553909 -0.00104876 -0.0728326 0.01 55 55 0 0 0
43 0.601158 -0.000905582 -0.0190815 0.01 66 66 0 0 0
47 0.593534 -0.000928685 -0.00969181 0.01 60 60 0 0 0
48 0.595926 -0.000921437 -0.00178482 0.01 66 66 0 0 0
50 0.55813 -0.00103597 -0.0728326 0.01 55 56 0 0 0
52 0.590003 -0.000939384 -0.00674328 0.01 68 68 0 0 0
64 0.618052 -0.000854388 -0.0540238 0.01 66 66 0 0 0
65 0.564599 -0.00101637 -0.0728326 0.01 55 55 0 0 0
73 0.590003 -0.000939384 -0.00674328 0.01 68 66 0 0 0
74 0.535692 -0.00110396 -0.0709448 0.01 55 55 0 0 0
79 0.644338 -0.000774733 -0.0190815 0.01 66 66 0 0 0
85 0.553909 -0.00104876 -0.0779352 0.01 55 55 0 0 0
89 0.618306 -0.000853619 -0.0190815 0.01 60 60 0 0 0
90 0.590003 -0.000939384 -0.00674328 0.01 67 67 0 0 0
91 0.553909 -0.00104876 -0.0728326 0.01 54 54 0 0 0
93 0.593534 -0.000928685 -0.00674328 0.01 66 66 0 0 0
99 0.533316 -0.00111116 -0.0728326 0.01 55 55 0 0 0
100 0.544266 -0.00107798 -0.0647946 0.01 55 56 0 0 0
101 0.553909 -0.00104876 -0.0979192 0.01 53 53 0 0 0
106 0.553909 -0.00104876 -0.0593232 0.01 55 55 0 0 0
107 0.559137 -0.00103292 -0.0728326 0.01 54 54 0 0 0
108 0.553909 -0.00104876 -0.0979192 0.01 54 54 0 0 0
109 0.553909 -0.00104876 -0.0979192 0.01 54 54 0 0 0
110 0.612528 -0.000871127 -0.0190815 0.01 60 60 0 0 0
114 0.523875 -0.00113977 -0.0601257 0.01 60 60 0 0 0
118 0.553909 -0.00104876 -0.0593232 0.01 54 54 0 0 0
119 0.596105 -0.000920893 -0.0190815 0.01 66 66 0 0 0
120 0.518794 -0.00115517 -0.0601257 0.01 54 54 0 0 0
122 0.533316 -0.00111116 -0.0728326 0.01 54 54 0 0 0
125 0.596174 -0.000920685 -0.00310612 0.01 60 60 0 0 0
126 0.618662 -0.000852539 -0.0190815 0.01 66 65 0 0 0
127 0.578948 -0.000972884 -0.0728326 0.01 55 55 0 0 0
133 0.553909 -0.00104876 -0.0555174 0.01 54 54 0 0 0
137 0.610488 -0.00087731 -0.0190815 0.01 66 66 0 0 0
141 0.538662 -0.00109496 -0.0673268 0.01 60 60 0 0 0
146 0.553909 -0.00104876 -0.0979192 0.01 55 55 0 0 0
148 0.59599 -0.000921241 -0.0330195 0.01 60 60 0 0 0
151 0.601799 -0.000903639 -0.0190815 0.01 60 60 0 0 0
157 0.611494 -0.000874261 -0.0257935 0.01 66 65 0 0 0
159 0.596105 -0.000920893 -0.0190815 0.01 66 66 0 0 0
160 0.603579 -0.000898246 -0.0190815 0.01 60 61 0 0 0
162 0.557084 -0.00103914 -0.0728326 0.01 54 54 0 0 0
168 0.577572 -0.000977054 -0.0728326 0.01 55 57 0 0 0
174 0.593534 -0.000928685 -0.00737914 0.01 66 66 -0.000442475 0 -0.000635853
180 0.553909 -0.00104876 -0.0728326 0.01 55 55 0 0 0
185 0.581927 -0.000963859 -0.063866 0.01 55 55 0 0 0
191 0.553909 -0.00104876 -0.0803899 0.01 60 60 0 0 0
193 0.62953 -0.000819605 -0.0110187 0.01 60 61 0 0 0
199 0.553909 -0.00104876 -0.0979192 0.01 54 54 0 0 0
204 0.618649 -0.000852579 -0.0190815 0.01 60 60 0 0 0
212 0.598931 -0.000912331 -0.0190815 0.01 60 60 0 0 0
216 0.518794 -0.00115517 -0.0601257 0.01 54 54 0 0 0
218 0.601662 -0.000904054 -0.00178482 0.01 67 66 -0.0126206 0.0146974 0
221 0.601799 -0.000903639 -0.0190815 0.01 60 60 0 0 0
224 0.596105 -0.000920893 -0.0190815 0.01 66 66 0 0 0
227 0.582736 -0.000961407 -0.0219257 0.01 67 67 0 0 0
228 0.593534 -0.000928685 -0.00999127 0.01 55 55 2.18898e-05 0 0.00656645
229 0.559137 -0.00103292 -0.0825182 0.01 54 54 0 0 0
232 0.59599 -0.000921241 -0.0330195 0.01 55 55 0 0 0
234 0.559137 -0.00103292 -0.0728326 0.01 54 54 0 0 0
239 0.608046 -0.000884708 -0.00674328 0.01 60 60 0 0 0
244 0.585731 -0.000952332 -0.0190815 0.01 60 60 0 0 0
247 0.553909 -0.00104876 -0.0555174 0.01 55 55 0 0 0
249 0.553909 -0.00104876 -0.0728326 0.01 55 55 0 0 0
250 0.524362 -0.0011383 -0.0728326 0.01 55 55 0 0 0
251 0.590003 -0.000939384 -0.00674328 0.01 67 67 0 0 0
253 0.593534 -0.000928685 -0.00674328 0.01 66 66 0 0 0
257 0.610799 -0.000876367 -0.0130819 0.01 66 66 0 0 0
262 0.603226 -0.000899315 -0.0130489 0.01 60 61 0 0 0
264 0.593534 -0.000928685 -0.00674328 0.01 66 66 0 0 0
274 0.557084 -0.00103914 -0.0728326 0.01 55 55 0 0 0
275 0.595993 -0.000921234 -0.00674328 0.01 55 56 0 0 0
278 0.553909 -0.00104876 -0.0728326 0.01 55 55 0 0 0
286 0.533316 -0.00111116 -0.0728326 0.01 55 55 0 0 0
292 0.567366 -0.00100798 -0.0709448 0.01 55 56 0 0 0
295 0.610243 -0.000878053 -0.0185247 0.01 60 60 0.000187278 0 0.00140781
300 0.590003 -0.000939384 -0.00674328 0.01 67 67 0 0 0
301 0.596174 -0.000920685 -0.00310612 0.01 60 60 0 0 0
302 0.596105 -0.000920893 -0.0190815 0.01 66 66 0 0 0
304 0.590003 -0.000939384 -0.00674328 0.01 68 68 0 0 0
308 0.518794 -0.00115517 -0.0601257 0.01 54 54 0 0 0
312 0.564599 -0.00101637 -0.0584621 0.01 55 55 0 0 0
314 0.524362 -0.0011383 -0.0728326 0.01 54 54 0 0 0
320 0.564599 -0.00101637 -0.0680801 0.01 55 55 0 0 0
321 0.582736 -0.000961407 -0.0219257 0.01 67 67 0 0 0
323 0.553909 -0.00104876 -0.0728326 0.01 55 55 0 0 0
325 0.596105 -0.000920893 -0.0190815 0.01 66 66 0 0 0
326 0.579228 -0.000972038 -0.0467432 0.01 60 60 0 0 0
327 0.553909 -0.00104876 -0.0593232 0.01 55 55 0 0 0
331 0.559137 -0.00103292 -0.059895 0.01 54 55 0 0 0
335 0.577882 -0.000976115 -0.0728326 0.01 55 55 0 0 0
337 0.524362 -0.0011383 -0.0728326 0.01 55 55 0 0 0
338 0.56159 -0.00102548 -0.0790045 0.01 55 55 -0.00358298 0.00450563 -0.00617185
343 0.590003 -0.000939384 -0.00674328 0.01 67 67 0 0 0
358 0.590003 -0.000939384 -0.00674328 0.01 68 68 0 0 0
360 0.618052 -0.000854388 -0.0540238 0.01 66 66 0 0 0
362 0.59869 -0.000913059 -0.0190815 0.01 60 60 0 0 0
364 0.594493 -0.000925779 -0.000583107 0.01 66 65 0 0 0
365 0.535958 -0.00110316 -0.0683319 0.01 55 55 0 0 0
369 0.593534 -0.000928685 -0.00674328 0.01 66 66 0 0 0
374 0.553909 -0.00104876 -0.0979192 0.01 55 55 0 0 0
375 0.557084 -0.00103914 -0.0728326 0.01 55 55 0 0 0
377 0.610799 -0.000876367 -0.0130819 0.01 67 67 0 0 0
388 0.522162 -0.00114496 -0.0709448 0.01 54 54 0 0 0
395 0.559137 -0.00103292 -0.0728326 0.01 53 53 0 0 0
396 0.538662 -0.00109496 -0.0601257 0.01 60 60 0 0 0
399 0.610488 -0.00087731 -0.0190815 0.01 66 66 0 0 0
402 0.590003 -0.000939384 -0.00674328 0.01 68 68 0 0 0
407 0.603579 -0.000898246 -0.0190815 0.01 60 61 0 0 0
408 0.598931 -0.000912331 -0.0184728 0.01 60 60 0 0 0
413 0.594493 -0.000925779 -0.0190815 0.01 60 60 0 0 0
414 0.524362 -0.0011383 -0.0728326 0.01 55 55 0 0 0
421 0.598931 -0.000912331 -0.0190815 0.01 60 60 0 0 0
425 0.59599 -0.000921241 -0.0330195 0.01 55 55 0 0 0
426 0.518794 -0.00115517 -0.0601257 0.01 54 54 0 0 0
427 0.603226 -0.000899315 -0.0177351 0.01 60 60 0 0 0
435 0.590003 -0.000939384 -0.00674328 0.01 67 67 0 0 0
437 0.524362 -0.0011383 -0.0837143 0.01 54 54 0 0 0
439 0.593534 -0.000928685 -0.0178407 0.01 60 60 0 0 0
452 0.603226 -0.000899315 -0.0130489 0.01 60 60 0 0 0
455 0.599111 -0.000911784 -0.0106731 0.01 60 61 0 0 0
456 0.553909 -0.00104876 -0.0555174 0.01 53 53 0 0 0
457 0.577882 -0.000976115 -0.0728326 0.01 54 55 0 0 0
458 0.547227 -0.00106901 -0.00674328 0.01 67 66 0 0 0
461 0.560526 -0.00102871 -0.0708831 0.01 55 55 0 0 0
481 0.553909 -0.00104876 -0.0728326 0.01 55 55 0 0 0
487 0.547227 -0.00106901 -0.00674328 0.01 66 66 0 0 0
489 0.557084 -0.00103914 -0.0728326 0.01 55 55 0 0 0
494 0.593534 -0.000928685 -0.00674328 0.01 66 66 0 0 0
497 0.590003 -0.000939384 -0.00674328 0.01 68 68 0 0 0
500 0.602788 -0.000900642 -0.00969181 0.01 60 59 0 0 0
505 0.533316 -0.00111116 -0.0728326 0.01 55 55 0 0 0
507 0.596174 -0.000920685 -0.00310612 0.01 60 60 0 0 0
513 0.563893 -0.00101851 -0.0728326 0.01 55 55 -0.00790085 0.00998396 0
515 0.593534 -0.000928685 -0.00422998 0.01 60 60 0 0 0
519 0.601601 -0.00090424 -0.000227147 0.01 60 60 0 0 0
520 0.598931 -0.000912331 -0.0184728 0.01 60 58 0 0 0
522 0.601662 -0.000904054 -0.00178482 0.01 66 66 0 0 0
523 0.610488 -0.00087731 -0.0190815 0.01 66 66 0 0 0
527 0.593534 -0.000928685 -0.00969181 0.01 60 61 0 0 0
528 0.596105 -0.000920893 -0.0190815 0.01 66 66 0 0 0
532 0.579787 -0.000970341 -0.063866 0.01 55 56 -0.00657558 0.00865197 0
536 0.610243 -0.000878053 -0.0199325 0.01 60 60 0 0 0
541 0.557224 -0.00103871 -0.00892718 0.01 60 60 0 0 0
547 0.553909 -0.00104876 -0.0979192 0.01 53 53 0 0 0
548 0.533316 -0.00111116 -0.0728326 0.01 55 55 0 0 0
553 0.593534 -0.000928685 -0.00674328 0.01 66 66 0 0 0
560 0.533316 -0.00111116 -0.0728326 0.01 55 55 0 0 0
564 0.553909 -0.00104876 -0.0979192 0.01 54 54 0 0 0
570 0.582736 -0.000961407 -0.0219257 0.01 67 67 0 0 0
572 0.538662 -0.00109496 -0.0601257 0.01 60 60 0 0 0
574 0.522162 -0.00114496 -0.0709448 0.01 54 54 0 0 0
579 0.523875 -0.00113977 -0.0601257 0.01 60 60 0 0 0
580 0.59599 -0.000921241 -0.0330195 0.01 60 60 0 0 0
584 0.553909 -0.00104876 -0.0728326 0.01 60 59 0 0 0
593 0.553909 -0.00104876 -0.0601257 0.01 55 55 0 0 0
595 0.571135 -0.000996559 -0.063866 0.01 55 55 0 0 0
596 0.590003 -0.000939384 -0.00674328 0.01 68 68 0 0 0
602 0.553909 -0.00104876 -0.0910423 0.01 54 54 0 0 0
608 0.590003 -0.000939384 -0.0215945 0.01 60 60 0 0 0
614 0.582736 -0.000961407 -0.0219257 0.01 66 66 0 0 0
615 0.553909 -0.00104876 -0.0728326 0.01 60 60 0 0 0
616 0.535692 -0.00110396 -0.0615277 0.01 55 55 3.80427e-05 0 0.00941711
617 0.524362 -0.0011383 -0.0728326 0.01 55 55 0 0 0
624 0.538662 -0.00109496 -0.0601257 0.01 60 60 0 0 0
625 0.535692 -0.00110396 -0.0728326 0.01 54 54 0 0 0
627 0.593534 -0.000928685 -0.00674328 0.01 66 65 0 0 0
641 0.601799 -0.000903639 -0.0190815 0.01 60 60 0 0 0
647 0.535692 -0.00110396 -0.0728326 0.01 54 54 0 0 0
650 0.582736 -0.000961407 -0.0219257 0.01 66 66 0 0 0
652 0.618662 -0.000852539 -0.0190815 0.01 66 66 0 0 0
658 0.553909 -0.00104876 -0.0593232 0.01 55 55 0 0 0
661 0.553909 -0.00104876 -0.0979192 0.01 53 53 0 0 0
662 0.541751 -0.0010856 -0.0728326 0.01 55 56 0 0 0
664 0.610799 -0.000876367 -0.00838476 0.01 60 60 0 0 0
666 0.593534 -0.000928685 -0.00422998 0.01 60 60 0 0 0
675 0.549194 -0.00106305 -0.0979192 0.01 53 53 0 0 0
677 0.524362 -0.0011383 -0.0728326 0.01 54 54 0 0 0
684 0.610799 -0.000876367 -0.0130819 0.01 67 67 0 0 0
687 0.538662 -0.00109496 -0.0673268 0.01 60 60 0 0 0
688 0.553909 -0.00104876 -0.0979192 0.01 53 53 0 0 0
690 0.524362 -0.0011383 -0.0728326 0.01 54 54 0 0 0
691 0.535692 -0.00110396 -0.0728326 0.01 55 55 0 0 0
694 0.553909 -0.00104876 -0.0728326 0.01 54 54 0 0 0
699 0.553909 -0.00104876 -0.0979192 0.01 55 55 0 0 0
702 0.590003 -0.000939384 -0.00674328 0.01 68 67 0 0 0
705 0.593534 -0.000928685 -0.00969181 0.01 55 55 0 0 0
706 0.553909 -0.00104876 -0.0728326 0.01 55 55 0 0 0
708 0.596174 -0.000920685 -0.00310612 0.01 60 60 0 0 0
710 0.559137 -0.00103292 -0.0728326 0.01 53 53 0 0 0
716 0.575907 -0.000982101 -0.063866 0.01 55 55 0 0 0
718 0.524362 -0.0011383 -0.0728326 0.01 55 55 0 0 0
721 0.524362 -0.0011383 -0.0728326 0.01 55 55 0 0 0
724 0.553909 -0.00104876 -0.0601257 0.01 60 60 0 0 0
727 0.553909 -0.00104876 -0.0979192 0.01 54 54 0 0 0
732 0.557084 -0.00103914 -0.0728326 0.01 55 55 0 0 0
737 0.594493 -0.000925779 -0.0190815 0.01 60 60 0 0 0
738 0.557224 -0.00103871 -0.00892718 0.01 60 60 0 0 0
740 0.610799 -0.000876367 -0.0130819 0.01 66 66 0 0 0
741 0.553909 -0.00104876 -0.0979192 0.01 53 53 0 0 0
744 0.582736 -0.000961407 -0.0247327 0.01 67 67 0 0 0
746 0.595926 -0.000921437 -0.00178482 0.01 66 66 0 0 0
747 0.639949 -0.000788033 -0.0190815 0.01 60 60 0 0 0
750 0.582736 -0.000961407 -0.0252351 0.01 67 67 -0.00275764 0 -0.00330944
752 0.535958 -0.00110316 -0.0683319 0.01 55 55 0 0 0
754 0.615779 -0.000861274 -0.0643826 0.01 55 55 0 0 0
757 0.59308 -0.000930062 -0.00414468 0.01 60 60 0 0 0
763 0.611097 -0.000875464 -0.0190815 0.01 60 60 0 0 0
765 0.523875 -0.00113977 -0.0601257 0.01 60 60 0 0 0
768 0.516384 -0.00116247 -0.0683319 0.01 55 55 0.01735 -0.0195733 0
770 0.582736 -0.000961407 -0.0219257 0.01 66 66 0 0 0
771 0.553909 -0.00104876 -0.0979192 0.01 53 53 0 0 0
772 0.620521 -0.000846905 -0.0386586 0.01 60 60 0 0 0
776 0.518794 -0.00115517 -0.0601257 0.01 54 54 0 0 0
778 0.618662 -0.000852539 -0.0190815 0.01 66 66 0 0 0
779 0.53477 -0.00110676 -0.0728326 0.01 55 55 0 0 0
781 0.518794 -0.00115517 -0.0601257 0.01 54 54 0 0 0
787 0.531961 -0.00111527 -0.0979192 0.01 54 54 0 0 0
790 0.596174 -0.000920685 -0.00637073 0.01 60 60 0 0 0
791 0.557084 -0.00103914 -0.0728326 0.01 55 55 0 0 0
793 0.619802 -0.000849084 -0.0330195 0.01 55 55 0 0 0
794 0.567366 -0.00100798 -0.0686666 0.01 55 55 0 0 0
796 0.551093 -0.00105729 -0.089932 0.01 55 56 0 0 0
802 0.601799 -0.000903639 -0.0190815 0.01 60 60 0 0 0
807 0.570519 -0.000998426 -0.0522025 0.01 55 55 0 0 0
808 0.596174 -0.000920685 -0.0285144 0.01 60 60 0 0 0
815 0.593534 -0.000928685 -0.00674328 0.01 66 66 0 0 0
817 0.564599 -0.00101637 -0.0728326 0.01 55 56 0 0 0
818 0.559137 -0.00103292 -0.0825182 0.01 54 54 0 0 0
821 0.601191 -0.000905482 -0.0104247 0.01 66 66 0 0 0
823 0.553909 -0.00104876 -0.0906404 0.01 54 54 0 0 0.00727875
826 0.53477 -0.00110676 -0.0728326 0.01 55 55 0.01593 -0.0191395 0
830 0.553909 -0.00104876 -0.0728326 0.01 54 55 0 0 0
832 0.557224 -0.00103871 -0.00892718 0.01 60 60 0 0 0
836 0.553909 -0.00104876 -0.0593232 0.01 55 55 0 0 0
843 0.615779 -0.000861274 -0.0643826 0.01 54 55 0 0 0
848 0.582736 -0.000961407 -0.0219257 0.01 66 66 0 0 0
857 0.601158 -0.000905582 -0.00505523 0.01 66 66 0 0 0
858 0.553909 -0.00104876 -0.0979192 0.01 54 54 0 0 0
859 0.590003 -0.000939384 -0.00674328 0.01 68 68 0 0 0
864 0.593534 -0.000928685 -0.0356632 0.01 55 55 0 0 0
865 0.551093 -0.00105729 -0.089932 0.01 55 55 0 0 0
867 0.596105 -0.000920893 -0.0190815 0.01 66 66 0 0 0
868 0.548028 -0.00106658 -0.0728326 0.01 55 55 0 0 0
870 0.590003 -0.000939384 -0.00674328 0.01 68 68 0 0 0
873 0.574683 -0.00098581 -0.00794657 0.01 60 60 0 0 0
877 0.602407 -0.000901798 -0.0140605 0.01 60 59 0 0 0
884 0.604997 -0.000893947 -0.00310612 0.01 60 60 0 0 0
892 0.553909 -0.00104876 -0.0781334 0.01 54 54 0 0 0
893 0.586965 -0.000948592 -0.00178482 0.01 66 66 0 0 0
895 0.615207 -0.00086301 -0.0701678 0.01 55 55 0 0 0
896 0.59599 -0.000921241 -0.0330195 0.01 55 55 0 0 0
899 0.572034 -0.000993836 -0.00674328 0.01 67 67 -0.00160706 0.00175518 0
904 0.538662 -0.00109496 -0.0601257 0.01 60 60 0 0 0
905 0.618178 -0.000854005 -0.0171459 0.01 60 60 0 0 0
906 0.571135 -0.000996559 -0.063866 0.01 55 55 0 0 0
910 0.553909 -0.00104876 -0.0728326 0.01 55 55 0 0 0
912 0.593534 -0.000928685 -0.00674328 0.01 67 66 0 0 0
916 0.638552 -0.000792266 -0.0363616 0.01 60 59 0.00090687 -0.00139695 0
919 0.551093 -0.00105729 -0.089932 0.01 55 55 0 0 0
926 0.564599 -0.00101637 -0.0786208 0.01 55 55 0 0 0
927 0.596105 -0.000920893 -0.0190815 0.01 66 66 0 0 0
929 0.595926 -0.000921437 -0.00178482 0.01 66 65 0 0 0
931 0.553909 -0.00104876 -0.0728326 0.01 60 60 0 0 0
936 0.601158 -0.000905582 -0.00505523 0.01 66 65 0.0076957 0 0.0140263
943 0.522162 -0.00114496 -0.0709448 0.01 54 54 0 0 0
950 0.553909 -0.00104876 -0.0979192 0.01 53 53 0 0 0
953 0.524139 -0.00113897 -0.0764268 0.01 55 56 -6.09756e-05 0 -0.00359423
960 0.538662 -0.00109496 -0.0601257 0.01 60 60 0 0 0
964 0.604997 -0.000893947 -0.00310612 0.01 60 60 0 0 0
967 0.626874 -0.000827655 -0.0146655 0.01 60 61 0 0 0
972 0.553909 -0.00104876 -0.0632301 0.01 54 54 0 0 0
973 0.596105 -0.000920893 -0.0190815 0.01 67 67 0 0 0
981 0.522162 -0.00114496 -0.0709448 0.01 55 55 0 0 0
986 0.590003 -0.000939384 -0.00674328 0.01 68 68 0 0 0
992 0.59869 -0.000913059 -0.0190815 0.01 60 59 0 0 0
993 0.568101 -0.00100575 -0.00674328 0.01 60 62 0 0 0
997 0.590003 -0.000939384 -0.00674328 0.01 68 68 0 0 0
998 0.564599 -0.00101637 -0.0728326 0.01 55 55 0 0 0
1000 0.518794 -0.00115517 -0.0601257 0.01 54 54 0 0 0
1004 0.593534 -0.000928685 -0.0178407 0.01 60 60 0 0 0
1005 0.533316 -0.00111116 -0.0816074 0.01 55 55 -3.54946e-05 0 -0.0087748
1007 0.598931 -0.000912331 -0.0190815 0.01 60 60 0 0 0
1010 0.601191 -0.000905482 -0.0104247 0.01 66 66 0 0 0
1011 0.626874 -0.000827655 -0.0190815 0.01 60 60 0 0 0
1012 0.524362 -0.0011383 -0.0728326 0.01 54 54 0 0 0
1013 0.553909 -0.00104876 -0.0728326 0.01 55 55 0 0 0
1015 0.524362 -0.0011383 -0.0728326 0.01 54 54 0 0 0
1019 0.564599 -0.00101637 -0.0728326 0.01 55 55 0 0 0
1021 0.524362 -0.0011383 -0.0728326 0.01 54 54 0 0 0
1025 0.559137 -0.00103292 -0.059895 0.01 55 55 0 0 0
1026 0.535958 -0.00110316 -0.0683319 0.01 55 55 0 0 0
1035 0.631577 -0.000813403 -0.0130819 0.01 66 66 -0.0161475 0.0207782 0
1036 0.602407 -0.000901798 -0.0140605 0.01 60 60 0 0 0
1041 0.596105 -0.000920893 -0.0190815 0.01 66 66 0 0 0
1042 0.553909 -0.00104876 -0.0979192 0.01 55 55 0 0 0
1043 0.618052 -0.000854388 -0.0540238 0.01 66 66 0 0 0
1044 0.593534 -0.000928685 -0.00674328 0.01 67 66 0 0 0
1047 0.595926 -0.000921437 -0.00178482 0.01 66 66 0 0 0
1061 0.596105 -0.000920893 -0.0190815 0.01 66 66 0 0 0
1066 0.571135 -0.000996559 -0.063866 0.01 55 55 0 0 0
1067 0.553909 -0.00104876 -0.0728326 0.01 55 55 0 0 0
1070 0.553909 -0.00104876 -0.0803899 0.01 60 60 0 0 0
1071 0.518794 -0.00115517 -0.0601257 0.01 54 54 0 0 0
1076 0.553909 -0.00104876 -0.0728326 0.01 53 54 0 0 0
1081 0.553909 -0.00104876 -0.0979192 0.01 55 55 0 0 0
1083 0.559137 -0.00103292 -0.0728326 0.01 54 54 0 0 0
1085 0.590003 -0.000939384 -0.00674328 0.01 67 67 0 0 0
1086 0.590003 -0.000939384 -0.00674328 0.01 66 65 0 0 0
1089 0.593534 -0.000928685 -0.00135862 0.01 60 60 0 0 0
1091 0.618306 -0.000853619 -0.0190815 0.01 60 60 0 0 0
1102 0.571965 -0.000994047 -0.0728326 0.01 55 55 0 0 0
1105 0.548028 -0.00106658 -0.0728326 0.01 55 55 0 0 0
1107 0.553909 -0.00104876 -0.0555174 0.01 53 54 0 0 0
1108 0.524362 -0.0011383 -0.0728326 0.01 54 54 0 0 0
1109 0.581927 -0.000963859 -0.063866 0.01 54 54 0 0 0
1111 0.553909 -0.00104876 -0.0728326 0.01 55 55 0 0 0
1116 0.593534 -0.000928685 -0.00674328 0.01 66 66 0 0 0
1117 0.559137 -0.00103292 -0.0728326 0.01 55 55 0 0 0
1118 0.590003 -0.000939384 -0.00674328 0.01 67 67 0 0 0
1119 0.524362 -0.0011383 -0.0916131 0.01 55 55 -7.79033e-05 0 -0.0187805
1121 0.553909 -0.00104876 -0.0979192 0.01 53 53 0 0 0
1123 0.59869 -0.000913059 -0.0190815 0.01 60 60 0 0 0
1126 0.553909 -0.00104876 -0.0728326 0.01 54 54 0 0 0
1131 0.523893 -0.00113972 -0.0673268 0.01 60 60 0.013433 -0.0147691 0
1132 0.611097 -0.000875464 -0.0190815 0.01 60 60 0 0 0
1134 0.59599 -0.000921241 -0.0330195 0.01 60 60 0 0 0
1136 0.518794 -0.00115517 -0.0601257 0.01 54 54 0 0 0
1137 0.59869 -0.000913059 -0.0190815 0.01 60 60 0 0 0
1145 0.553909 -0.00104876 -0.0803899 0.01 60 60 0 0 0
1147 0.586965 -0.000948592 -0.00178482 0.01 66 66 0 0 0
1157 0.518794 -0.00115517 -0.0601257 0.01 54 54 0 0 0
1160 0.590003 -0.000939384 -0.00674328 0.01 68 68 0 0 0
1167 0.593534 -0.000928685 -0.00674328 0.01 66 66 0 0 0
1170 0.581927 -0.000963859 -0.0608718 0.01 55 55 0 0 0
1172 0.639949 -0.000788033 -0.0190815 0.01 60 60 0 0 0
1173 0.553909 -0.00104876 -0.0979192 0.01 55 55 0 0 0
1174 0.590003 -0.000939384 -0.00674328 0.01 67 68 0 0 0
1175 0.596174 -0.000920685 -0.0376009 0.01 60 60 0 0 0
1177 0.596105 -0.000920893 -0.0190815 0.01 66 66 0 0 0
1180 0.605231 -0.000893239 -0.00674328 0.01 60 60 0 0 0
1181 0.594493 -0.000925779 -0.0299149 0.01 60 60 -0.00151235 0 -0.0108334
1184 0.626874 -0.000827655 -0.0190815 0.01 60 60 0 0 0
1186 0.559137 -0.00103292 -0.0646527 0.01 54 54 0 0 0
1187 0.604997 -0.000893947 -0.00310612 0.01 60 60 0 0 0
1194 0.553909 -0.00104876 -0.0979192 0.01 54 54 0 0 0
1195 0.582072 -0.000963418 -0.0477174 0.01 60 59 0 0 0
1197 0.557084 -0.00103914 -0.0728326 0.01 55 55 0 0 0
1198 0.538662 -0.00109496 -0.0601257 0.01 60 60 0 0 0
1204 0.518794 -0.00115517 -0.0601257 0.01 53 54 0 0 0
1207 0.593534 -0.000928685 -0.00674328 0.01 66 66 0 0 0
1209 0.599907 -0.000909372 -0.0113523 0.01 66 66 0 0 0
1212 0.576992 -0.000978812 -0.0728326 0.01 55 55 0 0 0
1221 0.557084 -0.00103914 -0.0728326 0.01 55 55 0 0 0
1222 0.524362 -0.0011383 -0.0728326 0.01 54 54 0 0 0
1223 0.596013 -0.000921172 -0.0399244 0.01 66 66 0 0 0
1227 0.518794 -0.00115517 -0.0601257 0.01 53 53 0 0 0
1228 0.578184 -0.000975201 -0.0728326 0.01 55 55 0 0 0
1229 0.553909 -0.00104876 -0.0728326 0.01 55 55 0 0 0
1230 0.531961 -0.00111527 -0.0979192 0.01 54 54 0 0 0
1232 0.544266 -0.00107798 -0.0454408 0.01 60 60 0 0 0
1235 0.564599 -0.00101637 -0.0728326 0.01 55 55 0 0 0
1239 0.601191 -0.000905482 -0.0113523 0.01 60 60 0 0 0
1242 0.628542 -0.0008226 -0.0483957 0.01 60 59 0 0 0
1245 0.553909 -0.00104876 -0.0728326 0.01 55 55 0 0 0
1251 0.518794 -0.00115517 -0.0601257 0.01 54 54 0 0 0
1254 0.553909 -0.00104876 -0.0555174 0.01 55 55 0 0 0
1257 0.59599 -0.000921241 -0.0330195 0.01 60 60 0 0 0
1258 0.60513 -0.000893546 -0.0158083 0.01 55 56 0 0 0
1263 0.635815 -0.000800562 -0.0272924 0.01 55 55 0 0 0
1265 0.553909 -0.00104876 -0.0314518 0.01 60 60 0 0 0
1266 0.603579 -0.000898246 -0.0190815 0.01 55 57 0 0 0
1267 0.559137 -0.00103292 -0.0646527 0.01 54 55 0 0 0
1274 0.551093 -0.00105729 -0.089932 0.01 55 55 0 0 0
1278 0.601662 -0.000904054 -0.00178482 0.01 66 66 0 0 0
1282 0.596105 -0.000920893 -0.0190815 0.01 66 66 0 0 0
1283 0.569741 -0.00100078 -0.0595296 0.01 55 56 0 0 0
1294 0.59599 -0.000921241 -0.0330195 0.01 60 60 0 0 0
1301 0.559137 -0.00103292 -0.0728326 0.01 54 54 0 0 0
1302 0.564599 -0.00101637 -0.0728326 0.01 55 55 0 0 0
1311 0.553909 -0.00104876 -0.0728326 0.01 54 54 0 0 0
1312 0.564599 -0.00101637 -0.0728326 0.01 55 55 0 0 0
1313 0.610799 -0.000876367 -0.0130819 0.01 67 67 0 0 0
1314 0.553909 -0.00104876 -0.0779352 0.01 55 55 0 0 0
1315 0.553909 -0.00104876 -0.0979192 0.01 54 54 0 0 0
1316 0.610799 -0.000876367 -0.0130819 0.01 67 67 0 0 0
1321 0.582736 -0.000961407 -0.0219257 0.01 67 67 0 0 0
1324 0.604997 -0.000893947 -0.00310612 0.01 60 59 0 0 0
1328 0.596174 -0.000920685 -0.0376009 0.01 60 60 0 0 0
1334 0.538662 -0.00109496 -0.0673268 0.01 60 60 0 0 0
1336 0.601662 -0.000904054 -0.00178482 0.01 66 66 0 0 0
1337 0.553909 -0.00104876 -0.0979192 0.01 55 55 0 0 0
1338 0.564599 -0.00101637 -0.0728326 0.01 55 55 0 0 0
1340 0.593534 -0.000928685 -0.00674328 0.01 66 66 0 0 0
1341 0.533316 -0.00111116 -0.0728326 0.01 54 54 0 0 0
1348 0.593534 -0.000928685 -0.00674328 0.01 66 66 0 0 0
1357 0.518794 -0.00115517 -0.0601257 0.01 54 54 0 0 0
1360 0.553909 -0.00104876 -0.0555174 0.01 55 55 0 0 0
1370 0.551093 -0.00105729 -0.089932 0.01 55 55 0 0 0
1384 0.604997 -0.000893947 -0.00310612 0.01 60 60 0 0 0
1387 0.553909 -0.00104876 -0.0728326 0.01 55 56 0 0 0
1404 0.553909 -0.00104876 -0.0979192 0.01 55 55 0 0 0
1406 0.593534 -0.000928685 -0.00674328 0.01 66 66 0 0 0
1413 0.551093 -0.00105729 -0.089932 0.01 54 54 0 0 0
1421 0.538662 -0.00109496 -0.0673268 0.01 60 60 0 0 0
1422 0.541743 -0.00108563 -0.0808707 0.01 54 54 0 0 0
1424 0.693264 -0.000626473 -0.0584699 0.01 55 55 0 0 0
1425 0.524362 -0.0011383 -0.0728326 0.01 54 54 0 0 0
1426 0.593534 -0.000928685 -0.00674328 0.01 67 67 0 0 0
1438 0.538662 -0.00109496 -0.0601257 0.01 60 60 0 0 0
1440 0.598931 -0.000912331 -0.0190815 0.01 60 58 0 0 0
1443 0.582072 -0.000963418 -0.0190815 0.01 60 60 0 0 0
1444 0.553909 -0.00104876 -0.0728326 0.01 55 55 0 0 0
1449 0.553909 -0.00104876 -0.0979192 0.01 54 54 0 0 0
1452 0.610799 -0.000876367 -0.0130819 0.01 66 66 0 0 0
1453 0.553909 -0.00104876 -0.0979192 0.01 55 54 0 0 0
1454 0.518794 -0.00115517 -0.0601257 0.01 54 54 0 0 0
1461 0.557224 -0.00103871 -0.00892718 0.01 60 60 0 0 0
1464 0.593534 -0.000928685 -0.00969181 0.01 60 60 0 0 0
1465 0.610799 -0.000876367 -0.0130819 0.01 67 65 0 0 0
1466 0.593534 -0.000928685 -0.00674328 0.01 66 66 0 0 0
1469 0.553909 -0.00104876 -0.0781334 0.01 54 55 0 0 0
1471 0.578184 -0.000975201 -0.0728326 0.01 55 55 0 0 0
1474 0.571965 -0.000994047 -0.0728326 0.01 55 55 0 0 0
1479 0.553909 -0.00104876 -0.0979192 0.01 53 53 0 0 0
1480 0.518794 -0.00115517 -0.0601257 0.01 54 54 0 0 0
1486 0.593534 -0.000928685 -0.00969181 0.01 55 55 0 0 0
1488 0.518794 -0.00115517 -0.0601257 0.01 53 53 0 0 0
1496 0.557224 -0.00103871 -0.00892718 0.01 60 60 0 0 0
1497 0.553909 -0.00104876 -0.0632301 0.01 55 55 0 0 0
1499 0.553909 -0.00104876 -0.0728326 0.01 54 54 0 0 0
1503 0.618306 -0.000853619 -0.0190815 0.01 60 60 0 0 0
1505 0.59599 -0.000921241 -0.0330195 0.01 55 55 0 0 0
1506 0.596105 -0.000920893 -0.0190815 0.01 66 66 0 0 0
1510 0.593534 -0.000928685 -0.00674328 0.01 66 66 0 0 0
1512 0.524139 -0.00113897 -0.0764268 0.01 54 54 0 0 0
1516 0.60513 -0.000893546 -0.0158083 0.01 54 54 0 0 0
1530 0.553909 -0.00104876 -0.100353 0.01 55 55 0 0 0
1535 0.533316 -0.00111116 -0.0728326 0.01 54 55 0 0 0
1538 0.551093 -0.00105729 -0.089932 0.01 55 55 0 0 0
1543 0.553909 -0.00104876 -0.0363557 0.01 55 55 0 0 0
1547 0.553909 -0.00104876 -0.0632301 0.01 55 55 0 0 0
1552 0.535692 -0.00110396 -0.0785988 0.01 55 55 0 0 0
1554 0.571135 -0.000996559 -0.063866 0.01 55 55 0 0 0
1555 0.553909 -0.00104876 -0.0728326 0.01 60 60 0 0 0
1561 0.603226 -0.000899315 -0.0134594 0.01 60 60 0 0 0
1572 0.590003 -0.000939384 -0.00674328 0.01 67 67 0 0 0
1579 0.593534 -0.000928685 -0.00201469 0.01 60 60 0 0 0
1584 0.594493 -0.000925779 -0.00260429 0.01 60 60 0 0 0
1586 0.559355 -0.00103226 -0.0606387 0.01 54 55 0 0 0
1587 0.518794 -0.00115517 -0.0601257 0.01 54 54 0 0 0
1595 0.521754 -0.0011462 -0.0728326 0.01 55 55 0 0 0
1596 0.524362 -0.0011383 -0.0728326 0.01 54 54 0 0 0
1606 0.553909 -0.00104876 -0.0555174 0.01 54 54 0 0 0
1610 0.618052 -0.000854388 -0.0540238 0.01 66 66 0 0 0
1614 0.610799 -0.000876367 -0.0130819 0.01 66 66 0 0 0
1616 0.531376 -0.00111704 -0.0647946 0.01 60 59 0 0 0
1621 0.610243 -0.000878053 -0.0199325 0.01 60 60 0 0 0
1623 0.553909 -0.00104876 -0.0728326 0.01 55 55 0 0 0
1626 0.582736 -0.000961407 -0.0219257 0.01 67 67 0 0 0
1635 0.553909 -0.00104876 -0.0728326 0.01 55 56 0 0 0
1636 0.553909 -0.00104876 -0.0728326 0.01 55 55 0 0 0
1641 0.553909 -0.00104876 -0.0979192 0.01 53 53 0 0 0
1643 0.593534 -0.000928685 -0.00674328 0.01 66 66 0 0 0
1644 0.601185 -0.000905501 -0.00310612 0.01 60 60 0 0 0
1646 0.644338 -0.000774733 -0.0190815 0.01 66 66 0 0 0
1651 0.596174 -0.000920685 -0.00310612 0.01 60 60 0 0 0
1657 0.598931 -0.000912331 -0.0190815 0.01 60 60 0 0 0
1659 0.590003 -0.000939384 -0.00674328 0.01 68 68 0 0 0
1662 0.518794 -0.00115517 -0.0601257 0.01 54 54 0 0 0
1664 0.553909 -0.00104876 -0.0728326 0.01 55 55 0 0 0
1665 0.553909 -0.00104876 -0.0728326 0.01 55 55 0 0 0
1670 0.533316 -0.00111116 -0.0728326 0.01 55 55 0 0 0
1671 0.590003 -0.000939384 -0.00674328 0.01 68 68 0 0 0
1673 0.601799 -0.000903639 -0.0190815 0.01 60 61 0 0 0
1674 0.553909 -0.00104876 -0.0979192 0.01 55 55 0 0 0
1681 0.533316 -0.00111116 -0.0728326 0.01 54 54 0 0 0
1682 0.604997 -0.000893947 -0.00310612 0.01 60 60 0 0 0
1686 0.553909 -0.00104876 -0.0728326 0.01 55 55 0 0 0
1690 0.553909 -0.00104876 -0.0979192 0.01 53 53 0 0 0
1691 0.568109 -0.00100573 -0.0131409 0.01 60 60 0.000905871 0 0.00594064
1694 0.626874 -0.000827655 -0.0190815 0.01 60 60 0 0 0
1700 0.537946 -0.00109713 -0.0728326 0.01 54 54 0.0129868 -0.0159626 0
1709 0.571135 -0.000996559 -0.063866 0.01 55 55 0 0 0
1710 0.593534 -0.000928685 -0.00674328 0.01 66 66 0 0 0
1712 0.522712 -0.0011433 -0.0728326 0.01 55 55 0 0 0
1716 0.596174 -0.000920685 -0.00637073 0.01 60 60 0 0 0
1721 0.564599 -0.00101637 -0.0584621 0.01 55 55 0 0 0
1725 0.602407 -0.000901798 -0.0140605 0.01 60 60 0 0 0
1726 0.524362 -0.0011383 -0.0728326 0.01 55 55 0 0 0
1727 0.533316 -0.00111116 -0.0728326 0.01 54 54 0 0 0
1728 0.582736 -0.000961407 -0.0219257 0.01 66 66 0 0 0
1733 0.564599 -0.00101637 -0.0584621 0.01 55 55 0 0 0
1737 0.558437 -0.00103504 -0.0601257 0.01 60 60 0 0 0
1741 0.593534 -0.000928685 -0.00969181 0.01 60 60 0 0 0
1742 0.651846 -0.000751982 -0.0812854 0.01 60 61 0 0 0
1750 0.658893 -0.000730628 -0.0483957 0.01 60 60 0 0 0
1751 0.567366 -0.00100798 -0.0709448 0.01 55 55 0 0 0
1753 0.6323 -0.000811211 -0.0219386 0.01 66 65 0 0 0
1754 0.553909 -0.00104876 -0.0979192 0.01 54 54 0 0 0
1757 0.559137 -0.00103292 -0.0728326 0.01 55 56 0 0 0
1764 0.610799 -0.000876367 -0.0130819 0.01 68 68 0 0 0
1768 0.524362 -0.0011383 -0.0728326 0.01 54 55 0 0 0
1769 0.615779 -0.000861274 -0.0643826 0.01 55 55 0 0 0
1784 0.601799 -0.000903639 -0.0190815 0.01 60 60 0 0 0
1785 0.596105 -0.000920893 -0.0190815 0.01 66 66 0 0 0
1789 0.553909 -0.00104876 -0.0968212 0.01 55 55 0 0 0
1790 0.544266 -0.00107798 -0.0454408 0.01 60 60 0 0 0
1792 0.593534 -0.000928685 -0.0165577 0.01 55 55 0 0 0
1795 0.603579 -0.000898246 -0.0190815 0.01 60 60 0 0 0
1806 0.557084 -0.00103914 -0.0728326 0.01 54 54 0 0 0
1811 0.553909 -0.00104876 -0.0593232 0.01 54 54 0 0 0
1813 0.610799 -0.000876367 -0.0130819 0.01 67 66 0 0 0
1815 0.553909 -0.00104876 -0.0979192 0.01 54 55 0 0 0
1822 0.553909 -0.00104876 -0.0601257 0.01 60 60 0 0 0
1828 0.596105 -0.000920893 -0.0190815 0.01 67 66 0 0 0
1830 0.59308 -0.000930062 -0.00414468 0.01 60 60 0 0 0
1832 0.590332 -0.000938389 -0.00310612 0.01 60 60 0 0 0
1834 0.553909 -0.00104876 -0.0363557 0.01 55 55 0 0 0
1835 0.553909 -0.00104876 -0.0728326 0.01 55 55 0 0 0
1838 0.586965 -0.000948592 -0.00178482 0.01 66 66 0 0 0
1841 0.610799 -0.000876367 -0.041262 0.01 66 65 0 0 0
1851 0.593534 -0.000928685 -0.00674328 0.01 67 66 0 0 0
1856 0.559137 -0.00103292 -0.0728326 0.01 53 53 0 0 0
1857 0.582736 -0.000961407 -0.0219257 0.01 67 67 0 0 0
1860 0.590003 -0.000939384 -0.00674328 0.01 68 68 0 0 0
1866 0.6323 -0.000811211 -0.0219386 0.01 66 66 0 0 0
1868 0.594493 -0.000925779 -0.0190815 0.01 60 60 0 0 0
1875 0.618662 -0.000852539 -0.0190815 0.01 66 66 0 0 0
1878 0.575907 -0.000982101 -0.063866 0.01 55 55 0 0 0
1879 0.524362 -0.0011383 -0.0728326 0.01 55 55 0 0 0
1880 0.553909 -0.00104876 -0.0593232 0.01 54 55 0 0 0
1885 0.549194 -0.00106305 -0.0979192 0.01 53 53 0 0 0
1889 0.553909 -0.00104876 -0.0979192 0.01 55 55 0 0 0
1890 0.553909 -0.00104876 -0.0979192 0.01 55 55 0 0 0
1891 0.596174 -0.000920685 -0.0376009 0.01 60 61 0 0 0
1895 0.571135 -0.000996559 -0.045672 0.01 55 55 0 0 0
1904 0.518794 -0.00115517 -0.0601257 0.01 53 54 0 0 0
1910 0.618649 -0.000852579 -0.0190815 0.01 60 60 0 0 0
1915 0.523875 -0.00113977 -0.0601257 0.01 60 60 0 0 0
1920 0.593534 -0.000928685 -0.00674328 0.01 66 66 0 0 0
1924 0.596174 -0.000920685 -0.00310612 0.01 60 60 0 0 0
1926 0.62953 -0.000819605 -0.0190815 0.01 60 61 0 0 0
1927 0.610799 -0.000876367 -0.0130819 0.01 67 67 0 0 0
1933 0.604997 -0.000893947 -0.00310612 0.01 60 60 0 0 0
1937 0.609265 -0.000881015 -0.00640051 0.01 66 66 0 0 0
1938 0.538662 -0.00109496 -0.0601257 0.01 60 60 0 0 0
1939 0.551093 -0.00105729 -0.089932 0.01 54 55 0 0 0
1941 0.613805 -0.000867258 -0.0293033 0.01 66 66 0 0 0
1946 0.582072 -0.000963418 -0.0190815 0.01 60 60 0 0 0
1948 0.618662 -0.000852539 -0.0190815 0.01 66 66 0 0 0
1949 0.582072 -0.000963418 -0.0190815 0.01 60 59 0 0 0
1950 0.59869 -0.000913059 -0.0190815 0.01 60 60 0 0 0
1951 0.635559 -0.000801338 -0.00554113 0.01 60 60 0.00067082 0 0.00541435
1954 0.590003 -0.000939384 -0.00674328 0.01 68 68 0 0 0
1960 0.618662 -0.000852539 -0.0190815 0.01 66 66 0 0 0
1966 0.603226 -0.000899315 -0.00697465 0.01 60 60 0 0 0
1967 0.626874 -0.000827655 -0.0146655 0.01 60 61 0 0 0
1974 0.594493 -0.000925779 -0.0190815 0.01 60 60 0 0 0
1981 0.553909 -0.00104876 -0.0555174 0.01 54 54 0 0 0
1983 0.590003 -0.000939384 -0.00674328 0.01 67 68 0 0 0
1998 0.622924 -0.000839625 -0.0190815 0.01 60 60 0 0 0
1999 0.521754 -0.0011462 -0.0728326 0.01 55 55 0.0133293 -0.0152067 0
2000 0.596174 -0.000920685 -0.0285144 0.01 60 60 0 0 0
2002 0.594493 -0.000925779 -0.0190815 0.01 60 60 0 0 0
2005 0.593534 -0.000928685 -0.00926217 0.01 66 66 -0.00175115 0 -0.00251888
2006 0.693264 -0.000626473 -0.0584699 0.01 55 55 -0.00675714 0.0132786 0
2007 0.618662 -0.000852539 -0.0190815 0.01 66 66 0 0 0
2010 0.524362 -0.0011383 -0.0728326 0.01 54 54 0 0 0
2014 0.596864 -0.000918593 -0.0190815 0.01 66 64 0 0 0
2015 0.535958 -0.00110316 -0.0683319 0.01 55 55 0 0 0
2016 0.635815 -0.000800562 -0.0272924 0.01 55 55 0 0 0
2017 0.553909 -0.00104876 -0.0728326 0.01 55 55 0 0 0
2020 0.590881 -0.000936725 -0.0199325 0.01 60 60 0.0145593 -0.0193619 0
2021 0.596864 -0.000918593 -0.0190815 0.01 66 66 0 0 0
2025 0.618662 -0.000852539 -0.0190815 0.01 66 66 0 0 0
2026 0.634152 -0.000805599 -0.0855962 0.01 54 55 -0.00481398 0.00778842 0
2027 0.538662 -0.00109496 -0.0601257 0.01 60 60 0 0 0
2033 0.557084 -0.00103914 -0.0728326 0.01 55 55 0 0 0
2036 0.595926 -0.000921437 -0.0190815 0.01 60 61 0 0 0
2037 0.610799 -0.000876367 -0.0130819 0.01 67 67 0 0 0
2039 0.559137 -0.00103292 -0.0728326 0.01 55 54 0 0 0
2041 0.553909 -0.00104876 -0.0979192 0.01 53 53 0 0 0
2042 0.559137 -0.00103292 -0.0728326 0.01 54 54 0 0 0
2045 0.538662 -0.00109496 -0.0601257 0.01 60 60 0 0 0
2053 0.553909 -0.00104876 -0.0728326 0.01 55 55 0 0 0
2054 0.610799 -0.000876367 -0.0130819 0.01 67 67 0 0 0
2056 0.626874 -0.000827655 -0.0190815 0.01 60 60 0 0 0
2057 0.590003 -0.000939384 -0.00674328 0.01 67 67 0 0 0
2059 0.601191 -0.000905482 -0.0113523 0.01 60 60 0 0 0
2060 0.644545 -0.000774106 -0.0191268 0.01 60 60 0 0 0
2061 0.544577 -0.00107704 -0.0683319 0.01 55 55 0 0 0
2070 0.553909 -0.00104876 -0.0728326 0.01 55 55 0 0 0
2073 0.596105 -0.000920893 -0.0190815 0.01 66 66 0 0 0
2075 0.536961 -0.00110012 -0.0728326 0.01 55 55 0 0 0
2077 0.607106 -0.000887558 -0.00637073 0.01 60 60 0 0 0
2080 0.553909 -0.00104876 -0.0728326 0.01 55 56 0 0 0
2083 0.639949 -0.000788033 -0.0190815 0.01 60 60 0 0 0
2084 0.564599 -0.00101637 -0.0731552 0.01 55 55 0 0 0
2086 0.596105 -0.000920893 -0.0190815 0.01 66 66 0 0 0
2087 0.593534 -0.000928685 -0.00674328 0.01 66 66 0 0 0
2090 0.602407 -0.000901798 -0.0235737 0.01 60 60 0 0 0
2092 0.533316 -0.00111116 -0.0728326 0.01 55 55 0 0 0
2093 0.596174 -0.000920685 -0.00637073 0.01 60 60 0 0 0
2098 0.553909 -0.00104876 -0.0584791 0.01 60 60 0 0 0
2106 0.601662 -0.000904054 -0.00178482 0.01 66 66 0 0 0
2108 0.518794 -0.00115517 -0.0601257 0.01 54 54 0 0 0
2109 0.610799 -0.000876367 -0.0130819 0.01 67 67 0 0 0
2122 0.596013 -0.000921172 -0.0399244 0.01 66 65 0 0 0
2123 0.559137 -0.00103292 -0.0728326 0.01 54 54 0 0 0
2124 0.559137 -0.00103292 -0.0646527 0.01 55 55 0 0 0
2125 0.601191 -0.000905482 -0.0113523 0.01 60 60 0 0 0
2131 0.613805 -0.000867258 -0.0311794 0.01 66 66 0 0 0
2133 0.596105 -0.000920893 -0.0190815 0.01 66 66 0 0 0
2146 0.564599 -0.00101637 -0.0786208 0.01 55 55 0 0 0
2150 0.553909 -0.00104876 -0.0728326 0.01 55 55 0 0 0
2151 0.596174 -0.000920685 -0.00637073 0.01 60 60 0 0 0
2152 0.551093 -0.00105729 -0.0808304 0.01 54 54 0 0 0.00910166
2153 0.553909 -0.00104876 -0.0979192 0.01 54 54 0 0 0
2156 0.523893 -0.00113972 -0.0673268 0.01 60 60 0 0 0
2163 0.593534 -0.000928685 -0.00422998 0.01 60 60 0 0 0
2167 0.553909 -0.00104876 -0.0728326 0.01 55 55 0 0 0
2169 0.553909 -0.00104876 -0.0728326 0.01 60 60 0 0 0
2170 0.596174 -0.000920685 -0.0376009 0.01 60 60 0 0 0
2174 0.582736 -0.000961407 -0.0252351 0.01 67 67 0 0 0
2190 0.596105 -0.000920893 -0.0190815 0.01 67 67 0 0 0
2191 0.553909 -0.00104876 -0.0781334 0.01 55 55 0 0 0
2192 0.602407 -0.000901798 -0.0235737 0.01 60 60 0 0 0
2194 0.596174 -0.000920685 -0.00310612 0.01 60 60 0 0 0
2200 0.610799 -0.000876367 -0.0130819 0.01 67 67 0 0 0
2204 0.59599 -0.000921241 -0.0313048 0.01 55 55 0 0 0
2206 0.553909 -0.00104876 -0.0979192 0.01 54 54 0 0 0
2207 0.610799 -0.000876367 -0.0130819 0.01 67 67 0 0 0
2221 0.524095 -0.00113911 -0.0728326 0.01 53 53 0 0 0
2223 0.523875 -0.00113977 -0.0601257 0.01 60 60 0 0 0
2224 0.601191 -0.000905482 -0.0104247 0.01 66 66 0 0 0
2225 0.604997 -0.000893947 -0.00310612 0.01 60 60 0 0 0
2226 0.536961 -0.00110012 -0.0728326 0.01 55 55 0 0 0
2237 0.558454 -0.00103499 -0.0768854 0.01 55 55 0.00478588 -0.00614506 -0.00880523
2240 0.610799 -0.000876367 -0.0130819 0.01 68 67 0 0 0
2245 0.564599 -0.00101637 -0.0584621 0.01 55 55 0 0 0
2246 0.564599 -0.00101637 -0.0680801 0.01 55 55 0 0 0
2248 0.581927 -0.000963859 -0.063866 0.01 54 54 0 0 0
2249 0.59308 -0.000930062 -0.00414468 0.01 60 60 0 0 0
2257 0.596174 -0.000920685 -0.00310612 0.01 60 60 0 0 0
2261 0.608046 -0.000884708 -0.00674328 0.01 60 60 0 0 0
2264 0.590003 -0.000939384 -0.00674328 0.01 68 68 0 0 0
2266 0.601662 -0.000904054 -0.00178482 0.01 66 66 0 0 0
2271 0.518794 -0.00115517 -0.0601257 0.01 54 54 0 0 0
2272 0.590003 -0.000939384 -0.00674328 0.01 68 68 0 0 0
2273 0.59599 -0.000921241 -0.0330195 0.01 55 55 0 0 0
2275 0.553909 -0.00104876 -0.0728326 0.01 55 55 0 0 0
2278 0.593534 -0.000928685 -0.00674328 0.01 67 66 0 0 0
2287 0.553909 -0.00104876 -0.0728326 0.01 55 55 0 0 0
2289 0.596174 -0.000920685 -0.00637073 0.01 60 60 0 0 0
2296 0.567366 -0.00100798 -0.0709448 0.01 55 55 0 0 0
2300 0.553909 -0.00104876 -0.0781334 0.01 55 55 0 0 0
2303 0.535692 -0.00110396 -0.0728326 0.01 55 55 0 0 0
2307 0.604997 -0.000893947 -0.00310612 0.01 60 60 0 0 0
2310 0.564599 -0.00101637 -0.0728326 0.01 55 55 0 0 0
2311 0.560526 -0.00102871 -0.0708831 0.01 55 55 0 0 0
2312 0.593534 -0.000928685 -0.00969181 0.01 60 60 0 0 0
2321 0.596013 -0.000921172 -0.0399244 0.01 66 66 0 0 0
2323 0.536961 -0.00110012 -0.0728326 0.01 55 55 0 0 0
2332 0.524362 -0.0011383 -0.0728326 0.01 54 54 0 0 0
2333 0.59869 -0.000913059 -0.0190815 0.01 60 60 0 0 0
2334 0.578184 -0.000975201 -0.0672205 0.01 55 55 0 0 0
2341 0.59599 -0.000921241 -0.0330195 0.01 55 55 0 0 0
2342 0.553909 -0.00104876 -0.0728326 0.01 55 55 0 0 0
2346 0.582736 -0.000961407 -0.0219257 0.01 66 66 0 0 0
2352 0.544266 -0.00107798 -0.0647946 0.01 60 59 0 0 0
2353 0.551093 -0.00105729 -0.089932 0.01 54 55 0 0 0
2355 0.644545 -0.000774106 -0.0191268 0.01 60 60 0 0 0
2357 0.601799 -0.000903639 -0.0190815 0.01 60 60 0 0 0
2368 0.549194 -0.00106305 -0.0979192 0.01 53 53 0 0 0
2369 0.582736 -0.000961407 -0.0219257 0.01 66 66 0 0 0
2370 0.553909 -0.00104876 -0.0728326 0.01 55 55 0 0 0
2371 0.598931 -0.000912331 -0.0190815 0.01 60 60 0 0 0
2377 0.553909 -0.00104876 -0.0728326 0.01 55 55 0 0 0
2378 0.553909 -0.00104876 -0.0979192 0.01 53 54 0 0 0
2386 0.590003 -0.000939384 -0.00674328 0.01 68 68 0 0 0
2390 0.598931 -0.000912331 -0.0190815 0.01 60 60 0 0 0
2391 0.563421 -0.00101994 -0.0314518 0.01 60 60 0 0 0
2396 0.596105 -0.000920893 -0.0190815 0.01 66 66 0 0 0
2399 0.538662 -0.00109496 -0.0601257 0.01 60 60 0 0 0
2400 0.544266 -0.00107798 -0.0647946 0.01 60 60 0 0 0
2418 0.522162 -0.00114496 -0.0709448 0.01 55 55 0 0 0
2420 0.557224 -0.00103871 -0.00892718 0.01 60 60 0 0 0
2421 0.559137 -0.00103292 -0.0728326 0.01 54 54 0 0 0
2432 0.553909 -0.00104876 -0.0728326 0.01 60 60 0 0 0
2433 0.524362 -0.0011383 -0.0728326 0.01 54 54 0 0 0
2434 0.572034 -0.000993836 -0.00674328 0.01 67 67 0 0 0
2441 0.553909 -0.00104876 -0.0779352 0.01 54 55 0 0 0
2449 0.553909 -0.00104876 -0.0728326 0.01 55 55 0 0 0
2450 0.598931 -0.000912331 -0.0190815 0.01 60 60 0 0 0
2451 0.59599 -0.000921241 -0.0330195 0.01 55 56 0 0 0
2452 0.576445 -0.000980469 -0.00917057 0.01 66 66 0 0 0
2454 0.586965 -0.000948592 -0.00178482 0.01 66 66 0 0 0
2457 0.642979 -0.000778852 -0.0511811 0.01 60 60 0 0 0
2458 0.610243 -0.000878053 -0.0199325 0.01 60 60 0 0 0
2459 0.598931 -0.000912331 -0.0190815 0.01 60 59 0 0 0
2460 0.543479 -0.00108037 -0.0647946 0.01 60 60 0 0 0
2473 0.553909 -0.00104876 -0.0728326 0.01 53 54 0 0 0
2474 0.581927 -0.000963859 -0.0608718 0.01 55 55 0 0 0
2479 0.564599 -0.00101637 -0.0728326 0.01 55 55 0 0 0
2480 0.610488 -0.00087731 -0.0190815 0.01 66 66 0 0 0
2486 0.535692 -0.00110396 -0.0785988 0.01 55 55 0 0 0
2492 0.524362 -0.0011383 -0.0728326 0.01 55 55 0 0 0
2506 0.535692 -0.00110396 -0.0709448 0.01 55 55 0 0 0
2512 0.535692 -0.00110396 -0.0728326 0.01 55 55 0 0 0
2514 0.553909 -0.00104876 -0.0555174 0.01 55 55 0 0 0
2515 0.603226 -0.000899315 -0.0130489 0.01 60 60 0 0 0
2516 0.553909 -0.00104876 -0.0728326 0.01 55 55 0 0 0
2526 0.679985 -0.000666711 -0.0584699 0.01 55 55 0 0 0
2528 0.603226 -0.000899315 -0.00697465 0.01 60 60 0 0 0
2531 0.553909 -0.00104876 -0.0818788 0.01 60 60 0 0 0
2532 0.603226 -0.000899315 -0.0130489 0.01 60 61 0 0 0
2536 0.524362 -0.0011383 -0.0728326 0.01 54 54 0 0 0
2538 0.611097 -0.000875464 -0.0190815 0.01 60 60 0 0 0
2545 0.593534 -0.000928685 -0.00674328 0.01 66 66 0 0 0
2551 0.551093 -0.00105729 -0.089932 0.01 55 55 0 0 0
2554 0.593534 -0.000928685 -0.0169246 0.01 66 66 -0.00701812 0 -0.0101813
2556 0.551093 -0.00105729 -0.089932 0.01 55 55 0 0 0
2573 0.593534 -0.000928685 -0.00674328 0.01 66 66 0 0 0
2576 0.593534 -0.000928685 -0.00969181 0.01 60 60 0 0 0
2579 0.589622 -0.00094054 -0.0190815 0.01 60 60 0 0 0
2583 0.603226 -0.000899315 -0.0130489 0.01 60 60 0 0 0
2584 0.590003 -0.000939384 -0.00674328 0.01 68 68 0 0 0
2587 0.524362 -0.0011383 -0.0728326 0.01 55 55 0 0 0
2592 0.582736 -0.000961407 -0.0240618 0.01 66 66 -0.00147891 0 -0.0021361
2616 0.596105 -0.000920893 -0.00640051 0.01 66 66 0 0 0
2617 0.562507 -0.00102271 -0.00178482 0.01 66 64 0 0 0
2621 0.559137 -0.00103292 -0.0728326 0.01 55 55 0 0 0
2622 0.538662 -0.00109496 -0.0673268 0.01 60 60 0 0 0
2623 0.610799 -0.000876367 -0.0130819 0.01 66 66 0 0 0
2630 0.559137 -0.00103292 -0.080778 0.01 55 55 -7.45207e-05 0 -0.0202703
2631 0.593534 -0.000928685 -0.00674328 0.01 66 66 0 0 0
2632 0.524362 -0.0011383 -0.0728326 0.01 55 55 0 0 0
2634 0.590003 -0.000939384 -0.00674328 0.01 68 68 0 0 0
2635 0.639949 -0.000788033 -0.0190815 0.01 60 60 0 0 0
2638 0.6323 -0.000811211 -0.0219386 0.01 66 66 0 0 0
2639 0.553909 -0.00104876 -0.0728326 0.01 55 55 0 0 0
2641 0.618052 -0.000854388 -0.0540238 0.01 67 66 0 0 0
2643 0.543267 -0.00108101 -0.0333029 0.01 60 60 0 0 0
2650 0.553909 -0.00104876 -0.0803899 0.01 60 60 0 0 0
2658 0.593534 -0.000928685 -0.00969181 0.01 60 60 0 0 0
2661 0.553909 -0.00104876 -0.0728326 0.01 60 58 0 0 0
2666 0.586965 -0.000948592 -0.00178482 0.01 66 66 0 0 0
2667 0.559137 -0.00103292 -0.0728326 0.01 54 54 0 0 0
2668 0.594493 -0.000925779 -0.0190815 0.01 60 60 0 0 0
2673 0.59599 -0.000921241 -0.0330195 0.01 55 55 0 0 0
2674 0.590003 -0.000939384 -0.00674328 0.01 68 68 0 0 0
2675 0.553909 -0.00104876 -0.0979192 0.01 54 54 0 0 0
2678 0.593534 -0.000928685 -0.0257877 0.01 54 54 0 0 0
2683 0.610799 -0.000876367 -0.0130819 0.01 66 66 0 0 0
2686 0.518794 -0.00115517 -0.0601257 0.01 54 54 0 0 0
2687 0.639949 -0.000788033 -0.0190815 0.01 60 60 0 0 0
2689 0.593534 -0.000928685 -0.00674328 0.01 66 65 0 0 0
2693 0.590003 -0.000939384 -0.00674328 0.01 68 68 0 0 0
2695 0.596174 -0.000920685 -0.00637073 0.01 60 61 0 0 0
2696 0.610799 -0.000876367 -0.0130819 0.01 67 66 0 0 0
2699 0.553909 -0.00104876 -0.0979192 0.01 54 54 0 0 0
2700 0.590003 -0.000939384 -0.00674328 0.01 68 68 0 0 0
2705 0.524362 -0.0011383 -0.0728326 0.01 55 55 0 0 0
2708 0.571135 -0.000996559 -0.045672 0.01 55 55 0 0 0
2709 0.594493 -0.000925779 -0.0190815 0.01 60 60 0 0 0
2714 0.538662 -0.00109496 -0.0673268 0.01 60 60 0 0 0
2728 0.617418 -0.00085631 -0.00637073 0.01 60 60 0 0 0
2729 0.598931 -0.000912331 -0.0190815 0.01 60 60 0 0 0
2733 0.524139 -0.00113897 -0.0764268 0.01 54 54 0 0 0
2734 0.524362 -0.0011383 -0.0728326 0.01 54 54 0 0 0
2735 0.544266 -0.00107798 -0.0454408 0.01 60 60 0 0 0
2737 0.601662 -0.000904054 -0.00178482 0.01 66 66 0 0 0
2739 0.582072 -0.000963418 -0.0190815 0.01 60 59 0 0 0
2740 0.610799 -0.000876367 -0.0130819 0.01 67 67 0 0 0
2743 0.522162 -0.00114496 -0.0709448 0.01 54 55 0 0 0
2752 0.561628 -0.00102537 -0.0790045 0.01 55 55 -2.96235e-05 3.75509e-05 0
2757 0.610243 -0.000878053 -0.0199325 0.01 60 60 0 0 0
2758 0.524362 -0.0011383 -0.0728326 0.01 54 54 0 0 0
2762 0.59599 -0.000921241 -0.0313048 0.01 55 55 5.54323e-06 0 0.00171467
2764 0.596105 -0.000920893 -0.0190815 0.01 66 66 0 0 0
2772 0.560225 -0.00102962 -0.0190815 0.01 60 60 0 0 0
2776 0.593534 -0.000928685 -0.00969181 0.01 60 59 0 0 0
2778 0.538662 -0.00109496 -0.0601257 0.01 60 60 0 0 0
2781 0.603579 -0.000898246 -0.0190815 0.01 60 61 0 0 0
2787 0.593534 -0.000928685 -0.00201469 0.01 60 59 0 0 0
2791 0.533316 -0.00111116 -0.0728326 0.01 54 54 0 0 0
2792 0.524095 -0.00113911 -0.0728326 0.01 53 53 0.000230685 -0.000267386 0
2794 0.603579 -0.000898246 -0.0190815 0.01 60 60 0 0 0
2805 0.535692 -0.00110396 -0.0785988 0.01 55 55 0 0 0
2806 0.590003 -0.000939384 -0.00674328 0.01 67 67 0 0 0
2807 0.596174 -0.000920685 -0.0376009 0.01 60 60 0 0 0
2815 0.581927 -0.000963859 -0.063866 0.01 54 54 0 0 0
2820 0.578184 -0.000975201 -0.0728326 0.01 55 55 0 0 0
2822 0.582736 -0.000961407 -0.0219257 0.01 67 67 0 0 0
2827 0.564599 -0.00101637 -0.0728326 0.01 55 55 0 0 0
2828 0.549947 -0.00106077 -0.0728326 0.01 55 56 0 0 0
2834 0.535692 -0.00110396 -0.0709448 0.01 55 55 0 0 0
2837 0.535692 -0.00110396 -0.0615277 0.01 55 55 0 0 0
2839 0.553909 -0.00104876 -0.0968212 0.01 55 55 0 0 0
2853 0.559137 -0.00103292 -0.0728326 0.01 55 56 0 0 0
2854 0.559137 -0.00103292 -0.0646527 0.01 55 55 0 0 0
2860 0.644338 -0.000774733 -0.0190815 0.01 66 66 0 0 0
2863 0.601191 -0.000905482 -0.0113523 0.01 66 66 0 0 0
2869 0.553909 -0.00104876 -0.0728326 0.01 54 54 0 0 0
2872 0.535692 -0.00110396 -0.0728326 0.01 54 54 0 0 0
2875 0.559137 -0.00103292 -0.0605077 0.01 55 55 0 0 0
2877 0.553909 -0.00104876 -0.0979192 0.01 55 55 0 0 0
2883 0.542775 -0.0010825 -0.0601257 0.01 60 60 0 0 0
2884 0.585916 -0.000951771 -0.00201469 0.01 60 60 0 0 0
2893 0.553909 -0.00104876 -0.0779352 0.01 55 55 0 0 0
2897 0.610799 -0.000876367 -0.0130819 0.01 67 67 0 0 0
2900 0.590003 -0.000939384 -0.00674328 0.01 67 67 0 0 0
2908 0.568109 -0.00100573 -0.0190815 0.01 60 60 0 0 0
2909 0.557224 -0.00103871 -0.00892718 0.01 60 60 0 0 0
2913 0.571965 -0.000994047 -0.0728326 0.01 55 55 0 0 0
2915 0.557224 -0.00103871 -0.00892718 0.01 60 60 0 0 0
2918 0.593534 -0.000928685 -0.00674328 0.01 66 66 0 0 0
2920 0.596864 -0.000918593 -0.0190815 0.01 66 66 0 0 0
2921 0.593534 -0.000928685 -0.00674328 0.01 66 66 0 0 0
2922 0.639949 -0.000788033 -0.0190815 0.01 60 60 0 0 0
2925 0.564599 -0.00101637 -0.0680801 0.01 55 55 0 0 0
2926 0.59869 -0.000913059 -0.0190815 0.01 60 60 0 0 0
2927 0.602407 -0.000901798 -0.0140605 0.01 60 60 0 0 0
2929 0.564599 -0.00101637 -0.0728326 0.01 55 55 0 0 0
2930 0.524362 -0.0011383 -0.0728326 0.01 55 55 0 0 0
2931 0.612949 -0.000869852 -0.0190815 0.01 60 61 0 0 0
2932 0.553909 -0.00104876 -0.0363557 0.01 55 55 0 0 0
2934 0.553909 -0.00104876 -0.0728326 0.01 55 55 0 0 0
2937 0.518794 -0.00115517 -0.0601257 0.01 54 54 0 0 0
2945 0.553909 -0.00104876 -0.0979192 0.01 55 55 0 0 0
2948 0.601799 -0.000903639 -0.0190815 0.01 60 60 0 0 0
2956 0.524362 -0.0011383 -0.0728326 0.01 54 54 0 0 0
2960 0.553909 -0.00104876 -0.0910423 0.01 55 55 0 0 0
2963 0.596105 -0.000920893 -0.0190815 0.01 67 67 0 0 0
2965 0.59308 -0.000930062 -0.00414468 0.01 60 60 0 0 0
2974 0.553909 -0.00104876 -0.0979192 0.01 54 54 0 0 0
2975 0.610243 -0.000878053 -0.0199325 0.01 60 60 0 0 0
2989 0.542775 -0.0010825 -0.0601257 0.01 60 59 0 0 0
2995 0.524362 -0.0011383 -0.0728326 0.01 55 55 0 0 0
2998 0.518794 -0.00115517 -0.0601257 0.01 54 54 0 0 0
2999 0.59599 -0.000921241 -0.0330195 0.01 60 60 0 0 0
3003 0.553909 -0.00104876 -0.0728326 0.01 54 56 0 0 0
3005 0.593534 -0.000928685 -0.00674328 0.01 66 66 0 0 0
3017 0.557224 -0.00103871 -0.00892718 0.01 60 60 0 0 0
3022 0.582736 -0.000961407 -0.0219257 0.01 67 65 0 0 0
3026 0.524362 -0.0011383 -0.0728326 0.01 55 55 0 0 0
3030 0.557084 -0.00103914 -0.0728326 0.01 55 55 0 0 0
3031 0.639241 -0.000790178 -0.0253063 0.01 60 60 0 0 0
3033 0.622924 -0.000839625 -0.0190815 0.01 60 60 0 0 0
3041 0.544266 -0.00107798 -0.0454408 0.01 60 60 0 0 0
3047 0.602788 -0.000900642 -0.00969181 0.01 60 59 0 0 0
3050 0.582736 -0.000961407 -0.0219257 0.01 66 66 0 0 0
3051 0.518794 -0.00115517 -0.0601257 0.01 54 54 0 0 0
3053 0.596174 -0.000920685 -0.00310612 0.01 60 59 0 0 0
3055 0.618662 -0.000852539 -0.0190815 0.01 66 66 0 0 0
3058 0.553909 -0.00104876 -0.0728326 0.01 55 55 0 0 0
3063 0.619802 -0.000849084 -0.0330195 0.01 55 55 0 0 0
3066 0.596174 -0.000920685 -0.0376009 0.01 60 60 0 0 0
3068 0.610799 -0.000876367 -0.00838476 0.01 60 60 0 0 0
3073 0.553909 -0.00104876 -0.0728326 0.01 55 55 0 0 0
3075 0.582736 -0.000961407 -0.0219257 0.01 66 66 0 0 0
3080 0.567527 -0.0010075 -0.0979192 0.01 54 54 -0.0105162 0.0136175 0
3084 0.535692 -0.00110396 -0.0709448 0.01 55 55 0 0 0
3087 0.547227 -0.00106901 -0.00674328 0.01 66 66 0 0 0
3094 0.553909 -0.00104876 -0.0979192 0.01 55 55 0 0 0
3095 0.590003 -0.000939384 -0.00674328 0.01 68 68 0 0 0
3097 0.553909 -0.00104876 -0.0728326 0.01 54 54 0 0 0
3103 0.644545 -0.000774106 -0.0190815 0.01 60 61 0 0 0
3106 0.559137 -0.00103292 -0.0728326 0.01 54 54 0 0 0
3108 0.615779 -0.000861274 -0.0643826 0.01 55 55 0 0 0
3110 0.593534 -0.000928685 -0.0165577 0.01 55 55 0 0 0
3111 0.522162 -0.00114496 -0.0709448 0.01 55 55 0 0 0
3116 0.564817 -0.00101571 -0.0807275 0.01 55 55 -2.864e-05 0 -0.00789487
3124 0.593534 -0.000928685 -0.00380978 0.01 66 65 0 0 0
3125 0.613805 -0.000867258 -0.0293033 0.01 66 66 0 0 0
3135 0.580945 -0.000966834 -0.0360425 0.01 60 60 0.0138541 -0.0179861 0
3140 0.564599 -0.00101637 -0.0728326 0.01 60 60 0 0 0
3141 0.593534 -0.000928685 -0.00674328 0.01 66 66 0 0 0
3143 0.601799 -0.000903639 -0.0190815 0.01 60 60 0 0 0
3145 0.59308 -0.000930062 -0.00414468 0.01 60 60 0 0 0
3154 0.601191 -0.000905482 -0.0104247 0.01 66 65 0 0 0
3155 0.635395 -0.000801833 -0.0510266 0.01 55 55 0 0 0
3161 0.559137 -0.00103292 -0.059895 0.01 55 55 0 0 0
3165 0.553909 -0.00104876 -0.0765755 0.01 55 55 -1.39773e-05 0 -0.00374292
3166 0.560225 -0.00102962 -0.0190815 0.01 60 60 0 0 0
3171 0.538662 -0.00109496 -0.0673268 0.01 60 60 0 0 0
3172 0.596174 -0.000920685 -0.00310612 0.01 60 60 0 0 0
3175 0.626678 -0.000828248 -0.00847989 0.01 55 55 0 0 0
3179 0.553909 -0.00104876 -0.0632301 0.01 55 54 0 0 0
3182 0.62953 -0.000819605 -0.0352839 0.01 60 60 0 0 0
3183 0.590003 -0.000939384 -0.00674328 0.01 68 68 0 0 0
3184 0.596174 -0.000920685 -0.00310612 0.01 60 60 0 0 0
3187 0.553909 -0.00104876 -0.0979192 0.01 55 55 0 0 0
3208 0.582736 -0.000961407 -0.0219257 0.01 67 67 0 0 0
3210 0.593534 -0.000928685 -0.00969181 0.01 60 61 0 0 0
3214 0.553909 -0.00104876 -0.0728326 0.01 54 54 0 0 0
3217 0.610799 -0.000876367 -0.0130819 0.01 67 67 0 0 0
3218 0.610799 -0.000876367 -0.0130819 0.01 67 67 0 0 0
3222 0.553909 -0.00104876 -0.0535572 0.01 55 55 7.16895e-05 0 0.0192754
3225 0.598931 -0.000912331 -0.0190815 0.01 60 60 0 0 0
3226 0.553909 -0.00104876 -0.0979192 0.01 55 56 0 0 0
3227 0.605231 -0.000893239 -0.00674328 0.01 60 60 0 0 0
3229 0.601662 -0.000904054 -0.00178482 0.01 66 66 0 0 0
3231 0.570529 -0.000998397 -0.0190815 0.01 60 60 0 0 0
3235 0.553909 -0.00104876 -0.0728326 0.01 60 60 0 0 0
3241 0.524362 -0.0011383 -0.0837143 0.01 54 54 0 0 0
3244 0.553909 -0.00104876 -0.0728326 0.01 55 55 0 0 0
3246 0.582736 -0.000961407 -0.0247327 0.01 67 67 -0.00234061 0 -0.002807
3253 0.553909 -0.00104876 -0.0728326 0.01 55 56 0 0 0
3254 0.592504 -0.000931807 -0.0190815 0.01 66 65 0 0 0
3256 0.553909 -0.00104876 -0.0728326 0.01 54 54 0 0 0
3263 0.575927 -0.000982039 -0.00178482 0.01 66 66 0 0 0
3264 0.575927 -0.000982039 -0.00178482 0.01 66 66 0 0 0
3265 0.553909 -0.00104876 -0.0728326 0.01 55 55 0 0 0
3269 0.593534 -0.000928685 -0.00969181 0.01 60 60 0 0 0
3276 0.553909 -0.00104876 -0.0979192 0.01 55 55 0 0 0
3279 0.59599 -0.000921241 -0.0330195 0.01 55 55 0 0 0
3284 0.610799 -0.000876367 -0.0130819 0.01 66 66 0 0 0
3285 0.594493 -0.000925779 -0.0190815 0.01 60 60 0 0 0
3292 0.596174 -0.000920685 -0.00310612 0.01 60 60 0 0 0
3293 0.590003 -0.000939384 -0.00674328 0.01 67 67 0 0 0
3296 0.593534 -0.000928685 -0.00969181 0.01 60 60 0 0 0
3299 0.593534 -0.000928685 -0.00674328 0.01 66 66 0 0 0
3301 0.585377 -0.000953403 -0.0227282 0.01 60 60 0 0 0
3303 0.549194 -0.00106305 -0.0979192 0.01 53 53 0 0 0
3304 0.570519 -0.000998426 -0.0406222 0.01 60 59 0 0 0
3310 0.567366 -0.00100798 -0.0686666 0.01 55 55 0 0 0
3311 0.578184 -0.000975201 -0.0672205 0.01 55 55 0 0 0
3312 0.610799 -0.000876367 -0.0394802 0.01 60 60 0 0 0
3321 0.576992 -0.000978812 -0.0728326 0.01 55 55 0 0 0
3322 0.553909 -0.00104876 -0.0979192 0.01 53 53 0 0 0
3326 0.575303 -0.000983931 -0.0728326 0.01 55 55 0 0 0
3330 0.618662 -0.000852539 -0.0190815 0.01 66 66 0 0 0
3331 0.553909 -0.00104876 -0.0979192 0.01 55 55 0 0 0
3333 0.564599 -0.00101637 -0.0728326 0.01 55 56 0 0 0
3338 0.621596 -0.000843648 -0.0732528 0.01 60 60 0 0 0
3343 0.522162 -0.00114496 -0.0709448 0.01 54 54 0 0 0
3344 0.522162 -0.00114496 -0.0709448 0.01 54 54 0 0 0
3345 0.541743 -0.00108563 -0.0808707 0.01 54 54 0 0 0
3347 0.596174 -0.000920685 -0.00637073 0.01 60 60 0 0 0
3348 0.553909 -0.00104876 -0.0728326 0.01 55 55 0 0 0
3349 0.582736 -0.000961407 -0.0219257 0.01 66 66 0 0 0
3350 0.598931 -0.000912331 -0.0190815 0.01 60 60 0 0 0
3353 0.524362 -0.0011383 -0.0728326 0.01 54 54 0 0 0
3366 0.617418 -0.00085631 -0.00637073 0.01 60 60 0 0 0
3367 0.601799 -0.000903639 -0.0190815 0.01 60 60 0 0 0
3373 0.553909 -0.00104876 -0.0979192 0.01 55 55 0 0 0
3376 0.571135 -0.000996559 -0.063866 0.01 55 55 0 0 0
3378 0.618052 -0.000854388 -0.0540238 0.01 66 66 0 0 0
3379 0.516437 -0.00116231 -0.0785988 0.01 55 55 0.0170709 -0.019255 0
3385 0.518794 -0.00115517 -0.0601257 0.01 54 54 0 0 0
3389 0.596105 -0.000920893 -0.0190815 0.01 66 66 0 0 0
3393 0.533316 -0.00111116 -0.0728326 0.01 54 54 0 0 0
3394 0.628542 -0.0008226 -0.0467432 0.01 60 60 0 0 0
3397 0.601662 -0.000904054 -0.00178482 0.01 66 66 0 0 0
3398 0.580758 -0.000967401 -0.0190815 0.01 55 55 0 0 0
3402 0.555391 -0.00104427 -0.0728326 0.01 55 56 0 0 0
3405 0.610799 -0.000876367 -0.0130819 0.01 67 67 0 0 0
3409 0.564599 -0.00101637 -0.0584621 0.01 55 55 0 0 0
3410 0.590332 -0.000938389 -0.00310612 0.01 60 60 0 0 0
3412 0.626678 -0.000828248 -0.00847989 0.01 55 55 0 0 0
3416 0.577882 -0.000976115 -0.0728326 0.01 55 55 0 0 0
3417 0.553909 -0.00104876 -0.0728326 0.01 55 55 0 0 0
3418 0.549194 -0.00106305 -0.0979192 0.01 53 53 0.00368321 -0.0047152 0
3432 0.581927 -0.000963859 -0.0696993 0.01 55 56 0 0 0
3437 0.590003 -0.000939384 -0.00674328 0.01 67 67 0 0 0
3438 0.535692 -0.00110396 -0.0785988 0.01 55 55 0 0 0
3441 0.589955 -0.00093953 -0.00674328 0.01 66 66 0.00306046 -0.00357872 0
3442 0.570279 -0.000999155 -0.00674328 0.01 67 67 -0.0218353 0.0230519 0
3446 0.553909 -0.00104876 -0.0593232 0.01 55 55 0 0 0
3454 0.559137 -0.00103292 -0.0728326 0.01 54 54 0 0 0
3457 0.559137 -0.00103292 -0.0728326 0.01 54 54 0 0 0
3458 0.590003 -0.000939384 -0.00674328 0.01 68 68 0 0 0
3460 0.618662 -0.000852539 -0.0190815 0.01 66 66 0 0 0
3465 0.601662 -0.000904054 -0.00178482 0.01 66 66 0 0 0
3466 0.596105 -0.000920893 -0.0190815 0.01 67 67 0 0 0
3468 0.618306 -0.000853619 -0.0190815 0.01 60 60 0 0 0
3471 0.553909 -0.00104876 -0.0728326 0.01 60 60 0 0 0
3472 0.61349 -0.000868213 -0.00674328 0.01 55 56 0 0 0
3475 0.601158 -0.000905582 -0.00505523 0.01 66 66 0 0 0
3477 0.593534 -0.000928685 -0.00674328 0.01 66 66 0 0 0
3478 0.593534 -0.000928685 -0.00674328 0.01 66 66 0 0 0
3482 0.590003 -0.000939384 -0.00674328 0.01 67 67 0 0 0
3484 0.518794 -0.00115517 -0.0601257 0.01 54 54 0 0 0
3487 0.601662 -0.000904054 -0.00178482 0.01 66 66 0 0 0
3495 0.518794 -0.00115517 -0.0601257 0.01 54 54 0 0 0
3497 0.561628 -0.00102537 -0.0790045 0.01 55 55 0 0 0
3498 0.603226 -0.000899315 -0.0130489 0.01 60 60 0 0 0
3500 0.596174 -0.000920685 -0.0520872 0.01 60 60 -0.00198886 0 -0.0144863
3501 0.522162 -0.00114496 -0.0709448 0.01 55 55 0 0 0
3508 0.553909 -0.00104876 -0.0979192 0.01 54 54 0 0 0
3509 0.549194 -0.00106305 -0.0979192 0.01 53 53 0 0 0
3513 0.564599 -0.00101637 -0.0728326 0.01 55 55 0 0 0
3517 0.563954 -0.00101832 -0.0728326 0.01 60 60 0 0 0
3519 0.553909 -0.00104876 -0.0979192 0.01 54 54 0 0 0
3525 0.596013 -0.000921172 -0.0399244 0.01 66 66 0 0 0
3527 0.559137 -0.00103292 -0.0728326 0.01 54 54 0 0 0
3528 0.538662 -0.00109496 -0.0601257 0.01 60 60 0 0 0
3531 0.559137 -0.00103292 -0.0646527 0.01 55 55 0 0 0
3532 0.53477 -0.00110676 -0.0728326 0.01 55 55 0 0 0
3534 0.579787 -0.000970341 -0.063866 0.01 55 55 0 0 0
3538 0.590003 -0.000939384 -0.00674328 0.01 68 68 0 0 0
3540 0.553909 -0.00104876 -0.0728326 0.01 54 56 0 0 0
3547 0.553909 -0.00104876 -0.0979192 0.01 55 55 0 0 0
3554 0.59639 -0.000920031 -0.0190815 0.01 60 59 0 0 0
3556 0.581927 -0.000963859 -0.0687041 0.01 55 55 -2.66135e-05 0 -0.00783236
3558 0.59639 -0.000920031 -0.0190815 0.01 60 59 0 0 0
3559 0.553909 -0.00104876 -0.0728326 0.01 55 55 0 0 0
3562 0.596174 -0.000920685 -0.00637073 0.01 60 60 0 0 0
3563 0.626874 -0.000827655 -0.0190815 0.01 60 60 0 0 0
3570 0.635559 -0.000801338 -0.0109555 0.01 60 60 0 0 0
3573 0.559137 -0.00103292 -0.0825182 0.01 54 55 -3.57777e-05 0 -0.00968556
3575 0.553909 -0.00104876 -0.0979192 0.01 55 55 0 0 0
3579 0.601185 -0.000905501 -0.00310612 0.01 60 60 0 0 0
3580 0.559137 -0.00103292 -0.0728326 0.01 54 54 0 0 0
3582 0.576992 -0.000978812 -0.0728326 0.01 55 55 0 0 0
3585 0.524362 -0.0011383 -0.0728326 0.01 55 55 0 0 0
3589 0.522162 -0.00114496 -0.0709448 0.01 55 55 0 0 0
3591 0.601799 -0.000903639 -0.0190815 0.01 60 60 0 0 0
3592 0.578184 -0.000975201 -0.0672205 0.01 55 55 0 0 0
3597 0.59599 -0.000921241 -0.0330195 0.01 55 55 0 0 0
3601 0.553909 -0.00104876 -0.0728326 0.01 55 55 0 0 0
3602 0.564599 -0.00101637 -0.0731552 0.01 55 55 -1.2666e-06 0 -0.000322618
3608 0.553909 -0.00104876 -0.0728326 0.01 55 55 0 0 0
3612 0.594493 -0.000925779 -0.0190815 0.01 60 60 0 0 0
3617 0.553909 -0.00104876 -0.0979192 0.01 54 54 0 0 0
3620 0.553909 -0.00104876 -0.0601257 0.01 60 60 0 0 0
3622 0.590003 -0.000939384 -0.00674328 0.01 68 68 0 0 0
3624 0.553909 -0.00104876 -0.0520944 0.01 55 55 0 0 0
3631 0.596174 -0.000920685 -0.00637073 0.01 60 60 0 0 0
3636 0.590003 -0.000939384 -0.00674328 0.01 68 68 0 0 0
3638 0.524362 -0.0011383 -0.0728326 0.01 55 55 0 0 0
3645 0.553909 -0.00104876 -0.0728326 0.01 60 60 0 0 0
3647 0.610799 -0.000876367 -0.0130819 0.01 67 67 0 0 0
3648 0.601191 -0.000905482 -0.0104247 0.01 66 66 0 0 0
3651 0.553909 -0.00104876 -0.0979192 0.01 55 55 0 0 0
3653 0.596105 -0.000920893 -0.00640051 0.01 66 66 0 0 0
3657 0.621877 -0.000842796 -0.0215095 0.01 66 64 -0.00542817 0 -0.0131961
3664 0.553909 -0.00104876 -0.0979192 0.01 55 55 0 0 0
3666 0.553909 -0.00104876 -0.0555174 0.01 54 54 0 0 0
3667 0.603226 -0.000899315 -0.00144645 0.01 60 60 0.000759795 0 0.0055282
3668 0.622924 -0.000839625 -0.0190815 0.01 60 60 0 0 0
3672 0.543479 -0.00108037 -0.0647946 0.01 60 59 -0.0062905 0.00712901 0
3673 0.553909 -0.00104876 -0.0728326 0.01 55 55 0 0 0
3678 0.586965 -0.000948592 -0.00178482 0.01 66 66 0 0 0
3681 0.553909 -0.00104876 -0.0593232 0.01 55 55 0 0 0
3685 0.553909 -0.00104876 -0.0979192 0.01 55 55 0 0 0
3688 0.584253 -0.00095681 -0.00674328 0.01 60 62 0 0 0
3690 0.603226 -0.000899315 -0.00697465 0.01 60 60 0 0 0
3692 0.535692 -0.00110396 -0.0728326 0.01 54 54 0 0 0
3693 0.553909 -0.00104876 -0.0632301 0.01 54 54 0 0 0
3698 0.584253 -0.00095681 -0.00267675 0.01 67 66 0 0 0
3711 0.590003 -0.000939384 -0.00674328 0.01 66 67 0 0 0
3713 0.535692 -0.00110396 -0.0728326 0.01 55 55 0 0 0
3717 0.596105 -0.000920893 -0.0190815 0.01 66 66 0 0 0
3721 0.601191 -0.000905482 -0.0104247 0.01 66 66 0 0 0
3723 0.564599 -0.00101637 -0.0786208 0.01 54 55 0 0 0
3726 0.559137 -0.00103292 -0.0728326 0.01 53 53 0 0 0
3732 0.593534 -0.000928685 -0.00674328 0.01 66 66 0 0 0
3733 0.603226 -0.000899315 -0.0235737 0.01 60 60 0 0 0
3735 0.596105 -0.000920893 -0.0190815 0.01 66 66 0 0 0
3737 0.524362 -0.0011383 -0.0728326 0.01 54 54 0 0 0
3738 0.557084 -0.00103914 -0.0728326 0.01 55 55 0 0 0
3746 0.559137 -0.00103292 -0.0728326 0.01 53 53 0 0 0
3750 0.553909 -0.00104876 -0.0979192 0.01 54 55 0 0 0
3758 0.559137 -0.00103292 -0.0990679 0.01 54 54 0 0 -0.0262353
3759 0.5471 -0.00106939 -0.0728326 0.01 55 56 0 0 0
3761 0.522162 -0.00114496 -0.0709448 0.01 54 54 0 0 0
3774 0.522162 -0.00114496 -0.0709448 0.01 55 55 0 0 0
3775 0.603226 -0.000899315 -0.0235737 0.01 60 60 0 0 0
3778 0.553909 -0.00104876 -0.0979192 0.01 54 54 0 0 0
3779 0.594493 -0.000925779 -0.0190815 0.01 60 60 0 0 0
3784 0.596174 -0.000920685 -0.0376009 0.01 60 60 0 0 0
3793 0.531961 -0.00111527 -0.0979192 0.01 54 54 0 0 0
3794 0.590003 -0.000939384 -0.00674328 0.01 67 67 0 0 0
3803 0.522162 -0.00114496 -0.0709448 0.01 55 55 0 0 0
3804 0.596174 -0.000920685 -0.00310612 0.01 60 60 0 0 0
3807 0.553909 -0.00104876 -0.0632301 0.01 55 55 0 0 0
3813 0.531961 -0.00111527 -0.0979192 0.01 54 54 0 0 0
3819 0.635815 -0.000800562 -0.0272924 0.01 54 54 0 0 0
3822 0.626874 -0.000827655 -0.0190815 0.01 60 60 0 0 0
3833 0.553909 -0.00104876 -0.0555174 0.01 54 55 0 0 0
3838 0.571965 -0.000994047 -0.0728326 0.01 54 55 0 0 0
3840 0.603226 -0.000899315 -0.00697465 0.01 60 60 0 0 0
3842 0.593534 -0.000928685 -0.00674328 0.01 66 66 0 0 0
3846 0.553909 -0.00104876 -0.0555174 0.01 54 53 0 0 0
3851 0.553909 -0.00104876 -0.0593232 0.01 55 55 0 0 0
3854 0.593534 -0.000928685 -0.00674328 0.01 66 66 0 0 0
3856 0.553909 -0.00104876 -0.0779352 0.01 55 55 0 0 0
3876 0.581927 -0.000963859 -0.0687041 0.01 55 55 0 0 0
3877 0.594493 -0.000925779 -0.0190815 0.01 60 61 0 0 0
3884 0.568101 -0.00100575 -0.00674328 0.01 60 62 0 0 0
3886 0.553909 -0.00104876 -0.0728326 0.01 60 60 0 0 0
3887 0.598931 -0.000912331 -0.0190815 0.01 60 60 0 0 0
3896 0.596105 -0.000920893 -0.0190815 0.01 66 66 0 0 0
3900 0.594493 -0.000925779 -0.0190815 0.01 60 60 0 0 0
3903 0.613805 -0.000867258 -0.0293033 0.01 66 66 0 0 0
3911 0.639139 -0.000790489 -0.0369656 0.01 55 55 0 0 0
3915 0.553909 -0.00104876 -0.0979192 0.01 53 53 0 0 0
3916 0.639949 -0.000788033 -0.0190815 0.01 60 60 0 0 0
3923 0.524362 -0.0011383 -0.0728326 0.01 54 54 0 0 0
3931 0.603226 -0.000899315 -0.0130489 0.01 60 60 0 0 0
3936 0.635559 -0.000801338 -0.0109555 0.01 60 60 0 0 0
3938 0.553909 -0.00104876 -0.0910423 0.01 54 55 0 0 0
3940 0.538662 -0.00109496 -0.0673268 0.01 60 60 0 0 0
3942 0.559137 -0.00103292 -0.0728326 0.01 53 53 0 0 0
3944 0.601662 -0.000904054 -0.00178482 0.01 66 66 0 0 0
3949 0.553909 -0.00104876 -0.0979192 0.01 54 53 0 0 0
3959 0.553909 -0.00104876 -0.0728326 0.01 55 57 0 0 0
3962 0.582736 -0.000961407 -0.0219257 0.01 67 67 0 0 0
3963 0.553909 -0.00104876 -0.0979192 0.01 54 54 0 0 0
3964 0.553909 -0.00104876 -0.0728326 0.01 55 55 0 0 0
3969 0.582736 -0.000961407 -0.0247327 0.01 67 67 0 0 0
3970 0.559137 -0.00103292 -0.0728326 0.01 54 55 0 0 0
3972 0.553909 -0.00104876 -0.0979192 0.01 54 55 0 0 0
3977 0.553909 -0.00104876 -0.0979192 0.01 55 55 0 0 0
3981 0.553909 -0.00104876 -0.0728326 0.01 60 61 0 0 0
3985 0.596174 -0.000920685 -0.00637073 0.01 60 60 0 0 0
3987 0.535692 -0.00110396 -0.0728326 0.01 54 54 0 0 0
3993 0.590003 -0.000939384 -0.00721949 0.01 68 68 -0.000487179 0 -0.000476213
4002 0.607106 -0.000887558 -0.00637073 0.01 60 60 0 0 0
4003 0.558437 -0.00103504 -0.0601257 0.01 60 60 0 0 0
4005 0.535692 -0.00110396 -0.0728326 0.01 55 55 0 0 0
4009 0.564599 -0.00101637 -0.0680801 0.01 54 55 0 0 0
4011 0.553909 -0.00104876 -0.0979192 0.01 53 53 0 0 0
4012 0.593534 -0.000928685 -0.00422998 0.01 60 60 0 0 0
4013 0.543267 -0.00108101 -0.0333029 0.01 60 59 0 0 0
4021 0.553909 -0.00104876 -0.0728326 0.01 55 57 0 0 0
4023 0.582072 -0.000963418 -0.0190815 0.01 60 60 0 0 0
4027 0.585731 -0.000952332 -0.0190815 0.01 60 60 0 0 0
4029 0.566449 -0.00101076 -0.0676987 0.01 60 59 0 0 0
4035 0.594493 -0.000925779 -0.0190815 0.01 60 59 0 0 0
4039 0.553909 -0.00104876 -0.0728326 0.01 55 55 0 0 0
4041 0.604997 -0.000893947 -0.00310612 0.01 60 58 0 0 0
4048 0.596105 -0.000920893 -0.0190815 0.01 66 66 0 0 0
4056 0.59599 -0.000921241 -0.0330195 0.01 55 55 0 0 0
4059 0.593534 -0.000928685 -0.00969181 0.01 60 60 0 0 0
4064 0.610799 -0.000876367 -0.0130819 0.01 67 67 0 0 0
4070 0.610799 -0.000876367 -0.0130819 0.01 66 66 0 0 0
4072 0.524362 -0.0011383 -0.0728326 0.01 55 55 0 0 0
4074 0.553909 -0.00104876 -0.0728326 0.01 60 60 0 0 0
4081 0.544266 -0.00107798 -0.0454408 0.01 60 60 0 0 0
4084 0.553909 -0.00104876 -0.0979192 0.01 55 55 0 0 0
4085 0.563421 -0.00101994 -0.0314518 0.01 60 60 -0.00810355 0.00951171 0
4086 0.553909 -0.00104876 -0.0728326 0.01 55 55 0 0 0
4090 0.610799 -0.000876367 -0.00838476 0.01 60 60 0 0 0
4092 0.611097 -0.000875464 -0.0190815 0.01 60 60 0 0 0
4094 0.598931 -0.000912331 -0.0190815 0.01 60 60 0 0 0
4099 0.524362 -0.0011383 -0.0728326 0.01 53 54 0 0 0
4108 0.602407 -0.000901798 -0.0235737 0.01 60 60 0 0 0
4114 0.565828 -0.00101264 -0.0219257 0.01 66 66 0.0146612 -0.0169073 0
4123 0.559137 -0.00103292 -0.0646527 0.01 55 55 0 0 0
4124 0.553909 -0.00104876 -0.0728326 0.01 55 55 0 0 0
4125 0.524362 -0.0011383 -0.0728326 0.01 54 54 0 0 0
4129 0.594493 -0.000925779 -0.0190815 0.01 60 60 0 0 0
4130 0.564599 -0.00101637 -0.0538585 0.01 55 55 0 0 0
4133 0.601158 -0.000905582 -0.00505523 0.01 66 66 0 0 0
4137 0.553909 -0.00104876 -0.0363557 0.01 55 57 0 0 0
4146 0.53137 -0.00111706 -0.0728326 0.01 55 56 0 0 0
4150 0.575622 -0.000982964 -0.00838476 0.01 66 65 0 0 0
4151 0.596105 -0.000920893 -0.0190815 0.01 67 67 0 0 0
4158 0.560225 -0.00102962 -0.0190815 0.01 60 60 0 0 0
4159 0.523875 -0.00113977 -0.0601257 0.01 60 60 0 0 0
4160 0.553909 -0.00104876 -0.0979192 0.01 55 55 0 0 0
4176 0.603226 -0.000899315 -0.0235737 0.01 60 60 0 0 0
4190 0.522162 -0.00114496 -0.0709448 0.01 54 54 0 0 0
4193 0.603226 -0.000899315 -0.0130489 0.01 60 60 0 0 0
4194 0.564599 -0.00101637 -0.0728326 0.01 55 55 0 0 0
4195 0.522712 -0.0011433 -0.0728326 0.01 55 55 0 0 0
4199 0.5471 -0.00106939 -0.0728326 0.01 55 55 0 0 0
4200 0.535692 -0.00110396 -0.0615277 0.01 55 55 0 0 0
4207 0.611097 -0.000875464 -0.0190815 0.01 60 60 0 0 0
4211 0.559137 -0.00103292 -0.0825182 0.01 54 54 0 0 0
4215 0.553909 -0.00104876 -0.102315 0.01 55 55 -1.66446e-05 0 -0.00439586
4216 0.531961 -0.00111527 -0.0979192 0.01 54 54 0.0180482 -0.0219479 0
4226 0.582736 -0.000961407 -0.0219257 0.01 67 67 0 0 0
4229 0.559137 -0.00103292 -0.0728326 0.01 53 53 0 0 0
4234 0.593534 -0.000928685 -0.0356632 0.01 55 57 0 0 0
4240 0.634956 -0.000803162 -0.0171459 0.01 60 60 0 0 0
4243 0.59599 -0.000921241 -0.0330195 0.01 55 56 0 0 0
4247 0.608616 -0.00088298 -0.0293033 0.01 66 66 0.00399446 -0.00518823 0
4250 0.553909 -0.00104876 -0.0979192 0.01 55 54 0 0 0
4251 0.601191 -0.000905482 -0.00674328 0.01 60 60 0 0 0
4253 0.590003 -0.000939384 -0.00674328 0.01 67 67 0 0 0
4254 0.553909 -0.00104876 -0.0979192 0.01 54 53 0 0 0
4261 0.518794 -0.00115517 -0.0601257 0.01 54 54 0 0 0
4265 0.524362 -0.0011383 -0.0728326 0.01 54 54 0 0 0
4268 0.596174 -0.000920685 -0.00310612 0.01 60 61 0 0 0
4269 0.559137 -0.00103292 -0.0646527 0.01 55 55 0 0 0
4270 0.604997 -0.000893947 -0.00310612 0.01 60 60 0 0 0
4282 0.553909 -0.00104876 -0.0979192 0.01 54 54 0 0 0
4290 0.596174 -0.000920685 -0.0285144 0.01 60 60 0 0 0
4294 0.590003 -0.000939384 -0.00674328 0.01 68 68 0 0 0
4295 0.553909 -0.00104876 -0.0979192 0.01 54 54 0 0 0
4302 0.617418 -0.00085631 -0.00637073 0.01 60 60 0 0 0
4313 0.5471 -0.00106939 -0.0728326 0.01 55 55 0 0 0
4323 0.522162 -0.00114496 -0.0709448 0.01 55 55 0 0 0
4331 0.610799 -0.000876367 -0.0130819 0.01 67 67 0 0 0
4332 0.594493 -0.000925779 -0.0190815 0.01 60 60 0 0 0
4336 0.553909 -0.00104876 -0.0979192 0.01 54 54 0 0 0
4343 0.560225 -0.00102962 -0.0190815 0.01 60 60 0 0 0
4345 0.518794 -0.00115517 -0.0601257 0.01 54 54 0 0 0
4353 0.553909 -0.00104876 -0.0728326 0.01 54 54 0 0 0
4357 0.553909 -0.00104876 -0.0728326 0.01 55 55 0 0 0
4365 0.553909 -0.00104876 -0.105945 0.01 54 54 0 0 -0.00802568
4371 0.553909 -0.00104876 -0.0979192 0.01 55 55 0 0 0
4375 0.557084 -0.00103914 -0.0728326 0.01 55 55 0 0 0
4378 0.604997 -0.000893947 -0.00310612 0.01 60 60 0 0 0
4380 0.557084 -0.00103914 -0.0728326 0.01 55 56 0 0 0
4384 0.582736 -0.000961407 -0.0219257 0.01 68 65 0 0 0
4385 0.613805 -0.000867258 -0.0293033 0.01 66 66 0 0 0
4389 0.603226 -0.000899315 -0.0239488 0.01 60 59 0 0 0
4393 0.548028 -0.00106658 -0.0728326 0.01 54 55 0 0 0
4394 0.598931 -0.000912331 -0.0190815 0.01 60 60 0 0 0
4395 0.549194 -0.00106305 -0.0979192 0.01 53 53 0 0 0
4404 0.541743 -0.00108563 -0.0808707 0.01 55 55 0 0 0
4407 0.553909 -0.00104876 -0.0979192 0.01 53 53 0 0 0
4408 0.524362 -0.0011383 -0.0728326 0.01 55 55 0 0 0
4413 0.553909 -0.00104876 -0.0779352 0.01 55 55 0 0 0
4414 0.598931 -0.000912331 -0.0190815 0.01 55 55 0 0 0
4418 0.622924 -0.000839625 -0.0190815 0.01 60 60 0 0 0
4419 0.523875 -0.00113977 -0.0601257 0.01 60 60 0 0 0
4425 0.535692 -0.00110396 -0.0728326 0.01 54 54 0 0 0
4428 0.553909 -0.00104876 -0.0555174 0.01 55 55 0 0 0
4430 0.559137 -0.00103292 -0.0728326 0.01 54 54 0 0 0
4431 0.604966 -0.000894043 -0.0190815 0.01 66 66 -0.00719056 0.00886053 0
4432 0.553909 -0.00104876 -0.0779352 0.01 55 55 0 0 0
4433 0.522162 -0.00114496 -0.0709448 0.01 55 55 0 0 0
4436 0.578184 -0.000975201 -0.0672205 0.01 55 55 0 0 0
4439 0.586965 -0.000948592 -0.00178482 0.01 67 65 0 0 0
4441 0.533316 -0.00111116 -0.0728326 0.01 53 53 0 0 0
4442 0.582736 -0.000961407 -0.0219257 0.01 67 67 0 0 0
4443 0.553909 -0.00104876 -0.0979192 0.01 55 54 0 0 0
4448 0.596105 -0.000920893 -0.0190815 0.01 66 66 0 0 0
4451 0.579228 -0.000972038 -0.0467432 0.01 60 60 0 0 0
4453 0.596174 -0.000920685 -0.00310612 0.01 60 60 0 0 0
4457 0.538662 -0.00109496 -0.0673268 0.01 60 60 0 0 0
4460 0.553909 -0.00104876 -0.0979192 0.01 54 54 0 0 0
4462 0.601191 -0.000905482 -0.0113523 0.01 66 66 0 0 0
4463 0.533316 -0.00111116 -0.0728326 0.01 55 55 0 0 0
4465 0.610799 -0.000876367 -0.0130819 0.01 68 68 0 0 0
4466 0.565641 -0.00101321 -0.0728326 0.01 55 55 -0.0067139 0.00855643 0
4468 0.602788 -0.000900642 -0.00969181 0.01 60 60 0 0 0
4470 0.559137 -0.00103292 -0.0646527 0.01 55 55 0 0 0
4473 0.590332 -0.000938389 -0.00310612 0.01 60 60 0 0 0
4475 0.610799 -0.000876367 -0.0130819 0.01 66 66 0 0 0
4476 0.593534 -0.000928685 -0.00201469 0.01 60 60 0 0 0
4477 0.593534 -0.000928685 -0.0369465 0.01 60 60 0 0 0
4479 0.563421 -0.00101994 -0.0314518 0.01 60 60 0 0 0
4480 0.599907 -0.000909372 -0.0113523 0.01 66 66 0 0 0
4487 0.610799 -0.000876367 -0.0130819 0.01 68 68 0 0 0
4497 0.538662 -0.00109496 -0.0601257 0.01 60 60 0 0 0
4500 0.553909 -0.00104876 -0.0979192 0.01 53 53 0 0 0
4501 0.553909 -0.00104876 -0.0728326 0.01 54 55 0 0 0
4506 0.59869 -0.000913059 -0.0190815 0.01 60 58 0 0 0
4509 0.618052 -0.000854388 -0.0540238 0.01 66 66 0 0 0
4514 0.551093 -0.00105729 -0.089932 0.01 55 55 0 0 0
4521 0.544358 -0.0010777 -0.122368 0.01 53 53 0.00743757 -0.00955111 -0.0244491
4525 0.553909 -0.00104876 -0.0728326 0.01 60 60 0 0 0
4535 0.564599 -0.00101637 -0.0705864 0.01 55 55 0 0 0
4543 0.596174 -0.000920685 -0.00637073 0.01 60 60 0 0 0
4545 0.524139 -0.00113897 -0.0728326 0.01 55 55 0 0 0
4554 0.564599 -0.00101637 -0.0728326 0.01 55 55 0 0 0
4557 0.553909 -0.00104876 -0.0632301 0.01 55 55 0 0 0
4563 0.524821 -0.00113691 -0.0728326 0.01 55 55 0 0 0
4564 0.564599 -0.00101637 -0.0728326 0.01 55 55 0 0 0
4565 0.553909 -0.00104876 -0.0728326 0.01 60 60 0 0 0
4567 0.560225 -0.00102962 -0.0190815 0.01 60 60 0.00606281 -0.00718063 0
4570 0.553909 -0.00104876 -0.0363557 0.01 55 55 0 0 0
4572 0.584253 -0.00095681 -0.00267675 0.01 66 66 0 0 0
4577 0.626874 -0.000827655 -0.0190815 0.01 60 60 0 0 0
4580 0.593534 -0.000928685 -0.00674328 0.01 66 66 0 0 0
4583 0.603226 -0.000899315 -0.00144645 0.01 60 60 0 0 0
4586 0.553909 -0.00104876 -0.0728326 0.01 60 60 0 0 0
4587 0.553909 -0.00104876 -0.0728326 0.01 55 55 0 0 0
4589 0.626874 -0.000827655 -0.0190815 0.01 60 60 0 0 0
4592 0.596864 -0.000918593 -0.0190815 0.01 66 65 0 0 0
4595 0.618662 -0.000852539 -0.0190815 0.01 67 66 0 0 0
4597 0.60513 -0.000893546 -0.0158083 0.01 55 55 -2.82526e-05 0 -0.00906506
4602 0.596013 -0.000921172 -0.0399244 0.01 66 66 0 0 0
4605 0.593534 -0.000928685 -0.00674328 0.01 66 66 0 0 0
4607 0.582736 -0.000961407 -0.0219257 0.01 67 67 0 0 0
4608 0.553909 -0.00104876 -0.0968212 0.01 55 55 0 0 0
4615 0.553909 -0.00104876 -0.0979192 0.01 55 54 0 0 0
4619 0.594493 -0.000925779 -0.0190815 0.01 60 60 0 0 0
4625 0.582736 -0.000961407 -0.0219257 0.01 67 67 0 0 0
4630 0.557084 -0.00103914 -0.0728326 0.01 55 55 0 0 0
4633 0.596174 -0.000920685 -0.0520872 0.01 60 60 0 0 0
4638 0.618052 -0.000854388 -0.0540238 0.01 66 66 0 0 0
4641 0.553909 -0.00104876 -0.0979192 0.01 55 55 0 0 0
4644 0.553909 -0.00104876 -0.0979192 0.01 53 53 0 0 0
4648 0.522162 -0.00114496 -0.0709448 0.01 54 54 0 0 0
4649 0.524362 -0.0011383 -0.0728326 0.01 55 55 0 0 0
4652 0.596174 -0.000920685 -0.00637073 0.01 60 60 0 0 0
4656 0.593534 -0.000928685 -0.00743125 0.01 60 60 0 0 0
4660 0.581927 -0.000963859 -0.063866 0.01 54 54 0 0 0
4661 0.596105 -0.000920893 -0.0190815 0.01 66 66 0 0 0
4662 0.594493 -0.000925779 -0.0190815 0.01 60 60 0 0 0
4663 0.553909 -0.00104876 -0.0979192 0.01 54 54 0 0 0
4665 0.553909 -0.00104876 -0.0555174 0.01 60 60 0 0 0
4666 0.553909 -0.00104876 -0.0728326 0.01 54 54 0 0 0
4668 0.557084 -0.00103914 -0.0728326 0.01 55 55 0 0 0
4670 0.598931 -0.000912331 -0.0190815 0.01 60 60 0 0 0
4672 0.53635 -0.00110197 -0.0647946 0.01 60 60 0 0 0
4681 0.594493 -0.000925779 -0.0190815 0.01 60 60 0 0 0
4684 0.596105 -0.000920893 -0.0190815 0.01 66 66 0 0 0
4685 0.553909 -0.00104876 -0.0779352 0.01 55 55 0 0 0
4686 0.557084 -0.00103914 -0.0728326 0.01 55 55 0 0 0
4691 0.639949 -0.000788033 -0.0190815 0.01 60 60 0 0 0
4692 0.553909 -0.00104876 -0.0728326 0.01 54 56 0 0 0
4696 0.553909 -0.00104876 -0.0728326 0.01 60 60 0 0 0
4701 0.582736 -0.000961407 -0.0219257 0.01 66 66 0 0 0
4702 0.553909 -0.00104876 -0.0979192 0.01 54 54 0 0 0
4705 0.531961 -0.00111527 -0.0979192 0.01 54 54 0 0 0
4706 0.622924 -0.000839625 -0.0228948 0.01 60 60 -0.000488251 0 -0.00381321
4711 0.524362 -0.0011383 -0.0728326 0.01 54 54 0 0 0
4713 0.544266 -0.00107798 -0.0454408 0.01 60 60 0 0 0
4718 0.553909 -0.00104876 -0.0593232 0.01 55 55 0 0 0
4725 0.610694 -0.000876684 -0.00128527 0.01 66 66 0 0 0
4726 0.635559 -0.000801338 -0.0114473 0.01 60 61 0 0 0
4728 0.610799 -0.000876367 -0.0394802 0.01 60 62 0 0 0
4735 0.603226 -0.000899315 -0.0130489 0.01 60 60 0 0 0
4742 0.524362 -0.0011383 -0.0728326 0.01 55 55 0 0 0
4745 0.590003 -0.000939384 -0.00674328 0.01 68 68 0 0 0
4746 0.535692 -0.00110396 -0.0615277 0.01 55 55 0 0 0
4761 0.581927 -0.000963859 -0.0608718 0.01 55 55 0 0 0
4763 0.553909 -0.00104876 -0.0779352 0.01 55 55 0 0 0
4765 0.59599 -0.000921241 -0.0330195 0.01 54 55 0 0 0
4766 0.535692 -0.00110396 -0.0785988 0.01 55 55 0 0 0
4767 0.610694 -0.000876684 -0.00128527 0.01 66 66 0 0 0
4768 0.53635 -0.00110197 -0.0647946 0.01 60 59 0 0 0
4769 0.553909 -0.00104876 -0.0555174 0.01 54 55 0 0 0
4771 0.533316 -0.00111116 -0.0728326 0.01 55 55 0 0 0
4773 0.522162 -0.00114496 -0.0709448 0.01 54 54 0 0 0
4774 0.596174 -0.000920685 -0.0376009 0.01 60 60 0 0 0
4776 0.553909 -0.00104876 -0.0979192 0.01 53 53 0 0 0
4778 0.577882 -0.000976115 -0.0728326 0.01 54 54 0 0 0
4781 0.664695 -0.000713045 -0.0560434 0.01 60 59 0 0 0
4783 0.596174 -0.000920685 -0.0376009 0.01 60 60 0 0 0
4784 0.544266 -0.00107798 -0.0454408 0.01 60 60 0 0 0
4793 0.604997 -0.000893947 -0.00310612 0.01 60 60 0 0 0
4794 0.582736 -0.000961407 -0.0219257 0.01 66 65 0 0 0
4796 0.596105 -0.000920893 -0.00640051 0.01 66 66 0 0 0
4814 0.618662 -0.000852539 -0.0190815 0.01 66 66 0 0 0
4821 0.553909 -0.00104876 -0.0779352 0.01 55 55 0 0 0
4829 0.553909 -0.00104876 -0.0979192 0.01 54 54 0 0 0
4835 0.596105 -0.000920893 -0.0190815 0.01 66 66 0 0 0
4840 0.576445 -0.000980469 -0.00917057 0.01 66 65 0 0 0
4841 0.596013 -0.000921172 -0.0190815 0.01 66 65 0 0 0
4859 0.524821 -0.00113691 -0.0728326 0.01 55 55 0 0 0
4861 0.601662 -0.000904054 -0.00178482 0.01 66 66 0 0 0
4864 0.622113 -0.000842082 -0.0467432 0.01 60 60 0 0 0
4865 0.593534 -0.000928685 -0.00931511 0.01 66 66 0 0 0
4869 0.553909 -0.00104876 -0.0728326 0.01 55 55 0 0 0
4873 0.553909 -0.00104876 -0.0728326 0.01 54 54 0 0 0
4877 0.553909 -0.00104876 -0.0979192 0.01 54 55 0 0 0
4880 0.590003 -0.000939384 -0.00674328 0.01 66 66 0 0 0
4882 0.610799 -0.000876367 -0.0394802 0.01 60 60 0 0 0
4895 0.593534 -0.000928685 -0.00674328 0.01 66 66 0 0 0
4897 0.611097 -0.000875464 -0.0190815 0.01 60 60 0 0 0
4900 0.593534 -0.000928685 -0.00743125 0.01 60 60 0 0 0
4903 0.598931 -0.000912331 -0.0190815 0.01 60 60 0 0 0
4908 0.596174 -0.000920685 -0.00637073 0.01 60 60 0 0 0
4919 0.553909 -0.00104876 -0.0728326 0.01 55 55 0 0 0
4921 0.593534 -0.000928685 -0.00674328 0.01 66 66 0 0 0
4933 0.564599 -0.00101637 -0.0728326 0.01 55 55 0 0 0
4934 0.593534 -0.000928685 -0.00969181 0.01 60 60 0 0 0
4936 0.553909 -0.00104876 -0.0979192 0.01 54 54 0 0 0
4940 0.635815 -0.000800562 -0.0272924 0.01 55 55 0 0 0
4942 0.522712 -0.0011433 -0.0728326 0.01 55 55 0.00147536 -0.00165045 0
4947 0.518794 -0.00115517 -0.0601257 0.01 54 54 0 0 0
4949 0.596174 -0.000920685 -0.00637073 0.01 60 60 0 0 0
4951 0.553909 -0.00104876 -0.0779352 0.01 55 55 0 0 0
4953 0.571965 -0.000994047 -0.0728326 0.01 55 55 0 0 0
4958 0.593534 -0.000928685 -0.0178407 0.01 60 60 0 0 0
4961 0.553909 -0.00104876 -0.0601257 0.01 55 55 0 0 0
4966 0.582736 -0.000961407 -0.0219257 0.01 66 66 0 0 0
4978 0.618052 -0.000854388 -0.0540238 0.01 66 65 0 0 0
4979 0.553909 -0.00104876 -0.0728326 0.01 55 55 0 0 0
4983 0.518794 -0.00115517 -0.0601257 0.01 54 54 0 0 0
4994 0.553909 -0.00104876 -0.0979192 0.01 55 55 0 0 0
5002 0.604494 -0.000895474 -0.00674328 0.01 68 68 -0.0125238 0.0144902 0
5006 0.518794 -0.00115517 -0.0601257 0.01 54 54 0 0 0
5008 0.571965 -0.000994047 -0.0728326 0.01 55 55 0 0 0
5012 0.553909 -0.00104876 -0.0779352 0.01 55 55 0 0 0
5016 0.578184 -0.000975201 -0.0672205 0.01 55 55 0 0 0
5021 0.549194 -0.00106305 -0.0979192 0.01 53 53 0 0 0
5023 0.553909 -0.00104876 -0.0728326 0.01 60 61 0 0 0
5025 0.590003 -0.000939384 -0.00674328 0.01 67 67 0 0 0
5029 0.651846 -0.000751982 -0.0812854 0.01 60 60 0 0 0
5030 0.564599 -0.00101637 -0.0728326 0.01 55 55 0 0 0
5036 0.524362 -0.0011383 -0.0728326 0.01 55 55 0 0 0
5038 0.603226 -0.000899315 -0.0130489 0.01 60 60 0 0 0
5041 0.593534 -0.000928685 -0.00674328 0.01 66 66 0 0 0
5043 0.601158 -0.000905582 -0.00505523 0.01 66 66 0 0 0
5045 0.568109 -0.00100573 -0.0081142 0.01 60 60 0.00167459 0 0.0109673
5048 0.560225 -0.00102962 -0.0190815 0.01 60 60 0 0 0
5050 0.533316 -0.00111116 -0.0728326 0.01 54 54 0 0 0
5051 0.522162 -0.00114496 -0.0709448 0.01 55 55 0 0 0
5057 0.596864 -0.000918593 -0.0190815 0.01 60 60 0 0 0
5061 0.55167 -0.00105555 -0.0979192 0.01 53 53 0.00174177 -0.00223941 0
5065 0.564599 -0.00101637 -0.0731552 0.01 55 55 0 0 0
5069 0.582736 -0.000961407 -0.0219257 0.01 67 67 0 0 0
5072 0.635559 -0.000801338 -0.0109555 0.01 60 60 0 0 0
5076 0.5471 -0.00106939 -0.0728326 0.01 55 55 0 0 0
5086 0.553909 -0.00104876 -0.0781334 0.01 55 56 0 0 0
5099 0.531961 -0.00111527 -0.0979192 0.01 54 54 0 0 0
5107 0.601158 -0.000905582 -0.0190815 0.01 66 65 0 0 0
5108 0.553909 -0.00104876 -0.0944137 0.01 55 55 1.35303e-05 0 0.00350543
5109 0.593534 -0.000928685 -0.00969181 0.01 55 55 0 0 0
5120 0.582736 -0.000961407 -0.0219257 0.01 67 67 0 0 0
5125 0.596174 -0.000920685 -0.00310612 0.01 60 60 0 0 0
5129 0.618052 -0.000854388 -0.0540238 0.01 66 66 0 0 0
5131 0.553909 -0.00104876 -0.0979192 0.01 54 54 0 0 0
5132 0.564599 -0.00101637 -0.0786208 0.01 55 55 0 0 0
5138 0.571135 -0.000996559 -0.063866 0.01 55 56 0 0 0
5141 0.541743 -0.00108563 -0.0808707 0.01 54 55 0 0 0
5142 0.538662 -0.00109496 -0.0601257 0.01 60 60 0 0 0
5146 0.584253 -0.00095681 -0.00267675 0.01 66 66 0 0 0
5147 0.564599 -0.00101637 -0.0728326 0.01 55 56 0 0 0
5148 0.596174 -0.000920685 -0.00637073 0.01 60 60 0 0 0
5150 0.626874 -0.000827655 -0.0190815 0.01 60 60 0 0 0
5152 0.601191 -0.000905482 -0.0113523 0.01 66 65 0 0 0
5154 0.553909 -0.00104876 -0.0520944 0.01 60 58 0 0 0
5155 0.593534 -0.000928685 -0.00969181 0.01 60 60 0 0 0
5158 0.576992 -0.000978812 -0.0728326 0.01 55 55 0 0 0
5162 0.524362 -0.0011383 -0.0728326 0.01 54 54 0 0 0
5165 0.559137 -0.00103292 -0.0728326 0.01 54 54 0 0 0
5167 0.596105 -0.000920893 -0.00640051 0.01 66 66 0 0 0
5172 0.559137 -0.00103292 -0.0728326 0.01 55 55 0 0 0
5175 0.553909 -0.00104876 -0.0632301 0.01 54 55 0 0 0
5178 0.603226 -0.000899315 -0.00697465 0.01 60 60 0 0 0
5181 0.615779 -0.000861274 -0.0643826 0.01 55 55 0 0 0
5186 0.546735 -0.0010705 -0.0728326 0.01 55 55 0.00839022 -0.0103497 0
5190 0.557084 -0.00103914 -0.0728326 0.01 55 55 0 0 0
5191 0.593534 -0.000928685 -0.00969181 0.01 60 60 0 0 0
5195 0.593534 -0.000928685 -0.00931511 0.01 66 66 -0.00178793 0 -0.00257182
5197 0.5471 -0.00106939 -0.0728326 0.01 55 55 0 0 0
5198 0.570529 -0.000998397 -0.0190815 0.01 60 60 0 0 0
5209 0.575303 -0.000983931 -0.0728326 0.01 55 55 -0.00251007 0.00333798 0
5218 0.598931 -0.000912331 -0.0190815 0.01 60 60 0 0 0
5220 0.557084 -0.00103914 -0.0845793 0.01 55 55 -4.34816e-05 0 -0.0117467
5225 0.559137 -0.00103292 -0.0605077 0.01 55 55 0 0 0
5228 0.596864 -0.000918593 -0.0190815 0.01 66 66 0 0 0
5237 0.564599 -0.00101637 -0.0728326 0.01 55 55 0 0 0
5243 0.524362 -0.0011383 -0.0728326 0.01 55 55 0 0 0
5247 0.564599 -0.00101637 -0.0728326 0.01 55 56 0 0 0
5249 0.564599 -0.00101637 -0.0705864 0.01 55 55 0 0 0
5254 0.651846 -0.000751982 -0.0812854 0.01 60 60 0 0 0
5256 0.518794 -0.00115517 -0.0601257 0.01 54 54 0 0 0
5257 0.553909 -0.00104876 -0.0728326 0.01 60 60 0 0 0
5258 0.610243 -0.000878053 -0.0199325 0.01 60 60 0 0 0
5264 0.618052 -0.000854388 -0.0540238 0.01 67 66 0 0 0
5273 0.582736 -0.000961407 -0.0219257 0.01 66 66 0 0 0
5280 0.596174 -0.000920685 -0.00637073 0.01 60 61 0 0 0
5284 0.524362 -0.0011383 -0.0728326 0.01 55 55 0 0 0
5289 0.641425 -0.000783559 -0.0325533 0.01 60 60 0 0 0
5293 0.553909 -0.00104876 -0.0555174 0.01 54 54 0 0 0
5295 0.557084 -0.00103914 -0.0728326 0.01 55 55 0 0 0
5296 0.553909 -0.00104876 -0.0979192 0.01 55 55 0 0 0
5299 0.524362 -0.0011383 -0.0728326 0.01 55 55 0 0 0
5300 0.553909 -0.00104876 -0.0979192 0.01 53 53 0 0 0
5302 0.601191 -0.000905482 -0.0113523 0.01 60 60 0 0 0
5304 0.533316 -0.00111116 -0.0728326 0.01 53 54 0 0 0
5313 0.559137 -0.00103292 -0.0646527 0.01 55 55 0 0 0
5314 0.53635 -0.00110197 -0.0647946 0.01 60 60 0 0 0
5316 0.593534 -0.000928685 -0.00674328 0.01 66 66 0 0 0
5317 0.535692 -0.00110396 -0.0785988 0.01 55 55 0 0 0
5321 0.596174 -0.000920685 -0.00310612 0.01 60 61 0 0 0
5322 0.553909 -0.00104876 -0.0520944 0.01 55 55 0 0 0
5325 0.596174 -0.000920685 -0.00637073 0.01 60 60 0 0 0
5326 0.635815 -0.000800562 -0.0272924 0.01 54 54 0 0 0
5328 0.593534 -0.000928685 -0.00674328 0.01 66 66 0 0 0
5330 0.590003 -0.000939384 -0.00674328 0.01 67 67 0 0 0
5337 0.541743 -0.00108563 -0.0808707 0.01 55 55 0.0125442 -0.0153413 0
5338 0.582736 -0.000961407 -0.0219257 0.01 67 67 0 0 0
5340 0.593534 -0.000928685 -0.00201469 0.01 60 60 0 0 0
5343 0.553909 -0.00104876 -0.0979192 0.01 55 55 0 0 0
5344 0.613805 -0.000867258 -0.0311794 0.01 66 66 0 0 0
5346 0.59133 -0.000935364 -0.0190815 0.01 55 58 0.00562568 -0.0076009 0
5351 0.58926 -0.000941637 -0.0728326 0.01 55 55 0 0 0
5352 0.593534 -0.000928685 -0.00969181 0.01 60 60 0 0 0
5355 0.531961 -0.00111527 -0.0979192 0.01 54 54 0 0 0
5356 0.553909 -0.00104876 -0.0781334 0.01 54 54 0 0 0
5359 0.590003 -0.000939384 -0.00674328 0.01 67 67 0 0 0
5361 0.639949 -0.000788033 -0.0190815 0.01 60 60 0 0 0
5363 0.553909 -0.00104876 -0.0979192 0.01 53 53 0 0 0
5366 0.553909 -0.00104876 -0.0728326 0.01 60 60 0 0 0
5367 0.536961 -0.00110012 -0.0728326 0.01 55 55 0 0 0
5368 0.553909 -0.00104876 -0.0779352 0.01 55 55 0 0 0
5369 0.59599 -0.000921241 -0.0330195 0.01 55 55 0 0 0
5371 0.567366 -0.00100798 -0.0686666 0.01 55 55 8.27014e-06 0 0.00227816
5381 0.601191 -0.000905482 -0.0113523 0.01 66 66 0 0 0
5391 0.572014 -0.000993896 -0.0728326 0.01 54 56 -0.0010625 0.00137889 0
5392 0.553909 -0.00104876 -0.0979192 0.01 53 53 0 0 0
5397 0.571965 -0.000994047 -0.0728326 0.01 55 55 0 0 0
5403 0.610799 -0.000876367 -0.00838476 0.01 60 60 0 0 0
5409 0.593534 -0.000928685 -0.00969181 0.01 60 60 0 0 0
5413 0.553909 -0.00104876 -0.0728326 0.01 54 54 0 0 0
5417 0.582736 -0.000961407 -0.0219257 0.01 66 66 0 0 0
5421 0.518794 -0.00115517 -0.0601257 0.01 54 54 0 0 0
5425 0.596013 -0.000921172 -0.00986184 0.01 60 60 0 0 0
5434 0.564599 -0.00101637 -0.0584621 0.01 55 55 0 0 0
5436 0.593534 -0.000928685 -0.00201469 0.01 60 60 0 0 0
5437 0.553909 -0.00104876 -0.0728326 0.01 55 55 0 0 0
5438 0.553909 -0.00104876 -0.0781334 0.01 55 55 0 0 0
5439 0.553909 -0.00104876 -0.0632301 0.01 55 55 0 0 0
5446 0.551093 -0.00105729 -0.089932 0.01 55 55 0 0 0
5448 0.564599 -0.00101637 -0.0728326 0.01 55 55 0 0 0
5449 0.593534 -0.000928685 -0.0257877 0.01 54 55 0 0 0
5450 0.604997 -0.000893947 -0.00310612 0.01 60 60 0 0 0
5455 0.59308 -0.000930062 -0.00414468 0.01 60 60 0 0 0
5456 0.594493 -0.000925779 -0.0190815 0.01 60 60 0 0 0
5458 0.553909 -0.00104876 -0.0779352 0.01 55 55 0 0 0
5460 0.601799 -0.000903639 -0.0190815 0.01 60 60 0 0 0
5462 0.564599 -0.00101637 -0.0786208 0.01 54 54 0 0 0
5468 0.601191 -0.000905482 -0.0104247 0.01 66 66 0 0 0
5470 0.53706 -0.00109982 -0.0728326 0.01 55 55 0.0224176 -0.0275394 0
5472 0.593534 -0.000928685 -0.00743125 0.01 60 60 0 0 0
5475 0.582736 -0.000961407 -0.0219257 0.01 67 67 0 0 0
5476 0.617418 -0.00085631 -0.00637073 0.01 60 60 0 0 0
5477 0.547227 -0.00106901 -0.00674328 0.01 67 67 0 0 0
5481 0.594493 -0.000925779 -0.00260429 0.01 60 61 0 0 0
5488 0.626874 -0.000827655 -0.00950608 0.01 60 60 0 0 0
5494 0.551093 -0.00105729 -0.089932 0.01 55 55 0 0 0
5496 0.553909 -0.00104876 -0.0601257 0.01 60 60 0 0 0
5498 0.582736 -0.000961407 -0.0219257 0.01 66 66 0 0 0
5504 0.582736 -0.000961407 -0.0219257 0.01 67 67 0 0 0
5507 0.559137 -0.00103292 -0.0605077 0.01 55 55 0 0 0
5513 0.557084 -0.00103914 -0.0808707 0.01 55 55 0 0 0
5518 0.571965 -0.000994047 -0.0728326 0.01 54 54 0 0 0
5532 0.557084 -0.00103914 -0.0728326 0.01 55 55 0 0 0
5533 0.596174 -0.000920685 -0.00310612 0.01 60 60 0 0 0
5540 0.596174 -0.000920685 -0.00637073 0.01 60 60 0 0 0
5553 0.582736 -0.000961407 -0.0219257 0.01 66 66 0 0 0
5557 0.610799 -0.000876367 -0.0130819 0.01 67 67 0 0 0
5558 0.524362 -0.0011383 -0.0728326 0.01 54 54 0 0 0
5559 0.553909 -0.00104876 -0.0728326 0.01 55 55 0 0 0
5560 0.593202 -0.00092969 -0.0266146 0.01 60 60 0 0 0
5562 0.596174 -0.000920685 -0.0376009 0.01 60 60 0 0 0
5563 0.582736 -0.000961407 -0.0219257 0.01 66 66 0 0 0
5565 0.559137 -0.00103292 -0.0605077 0.01 54 54 0 0 0
5568 0.603226 -0.000899315 -0.0130489 0.01 60 60 0 0 0
5570 0.553909 -0.00104876 -0.0779352 0.01 55 55 0 0 0
5572 0.553909 -0.00104876 -0.0728326 0.01 55 55 0 0 0
5573 0.524362 -0.0011383 -0.0728326 0.01 55 55 0 0 0
5589 0.626874 -0.000827655 -0.0190815 0.01 60 60 0 0 0
5590 0.518794 -0.00115517 -0.0601257 0.01 53 53 0 0 0
5591 0.607106 -0.000887558 -0.00637073 0.01 60 60 0 0 0
5593 0.571135 -0.000996559 -0.063866 0.01 55 55 0 0 0
5595 0.59599 -0.000921241 -0.0330195 0.01 55 55 0 0 0
5599 0.594493 -0.000925779 -0.0190815 0.01 60 60 0 0 0
5603 0.544266 -0.00107798 -0.0647946 0.01 60 60 0 0 0
5611 0.635815 -0.000800562 -0.0272924 0.01 54 55 0 0 0
5612 0.590003 -0.000939384 -0.00674328 0.01 67 67 0 0 0
5619 0.596013 -0.000921172 -0.0399244 0.01 66 66 0 0 0
5621 0.593534 -0.000928685 -0.0178407 0.01 60 60 0 0 0
5625 0.522162 -0.00114496 -0.0709448 0.01 54 54 0 0 0
5637 0.553909 -0.00104876 -0.0979192 0.01 55 55 0 0 0
5640 0.518794 -0.00115517 -0.0601257 0.01 54 54 0 0 0
5645 0.596105 -0.000920893 -0.0190815 0.01 66 66 0 0 0
5647 0.571135 -0.000996559 -0.045672 0.01 55 55 0 0 0
5648 0.593534 -0.000928685 -0.00969181 0.01 60 59 0 0 0
5652 0.559137 -0.00103292 -0.0728326 0.01 54 54 0 0 0
5666 0.59599 -0.000921241 -0.0522703 0.01 55 55 0 0 0
5667 0.543479 -0.00108037 -0.0647946 0.01 60 60 0 0 0
5668 0.564599 -0.00101637 -0.0786208 0.01 55 55 0 0 0
5669 0.590003 -0.000939384 -0.00674328 0.01 68 68 0 0 0
5672 0.601799 -0.000903639 -0.0190815 0.01 60 60 0 0 0
5678 0.612528 -0.000871127 -0.0190815 0.01 60 59 0 0 0
5680 0.559137 -0.00103292 -0.0646527 0.01 55 56 0 0 0
5684 0.610243 -0.000878053 -0.0199325 0.01 60 60 0 0 0
5688 0.596105 -0.000920893 -0.00640051 0.01 66 66 0 0 0
5691 0.524362 -0.0011383 -0.0728326 0.01 55 55 0 0 0
5694 0.553909 -0.00104876 -0.0435451 0.01 55 55 7.43866e-05 0 0.019685
5703 0.603226 -0.000899315 -0.00697465 0.01 60 60 0 0 0
5709 0.596174 -0.000920685 -0.00310612 0.01 60 60 0 0 0
5717 0.553909 -0.00104876 -0.0728326 0.01 55 55 0 0 0
5723 0.553909 -0.00104876 -0.0520944 0.01 55 55 0 0 0
5725 0.553909 -0.00104876 -0.0555174 0.01 55 55 0 0 0
5726 0.553909 -0.00104876 -0.0728326 0.01 55 55 0 0 0
5732 0.553909 -0.00104876 -0.0779352 0.01 55 55 0 0 0
5738 0.524362 -0.0011383 -0.0728326 0.01 55 55 0 0 0
5742 0.590003 -0.000939384 -0.00674328 0.01 68 68 0 0 0
5743 0.559137 -0.00103292 -0.0728326 0.01 54 54 0 0 0
5745 0.582736 -0.000961407 -0.0219257 0.01 66 66 0 0 0
5748 0.518794 -0.00115517 -0.0601257 0.01 54 54 0 0 0
5749 0.626874 -0.000827655 -0.0435585 0.01 60 60 0 0 0
5750 0.622924 -0.000839625 -0.0190815 0.01 60 60 0 0 0
5751 0.557224 -0.00103871 -0.00892718 0.01 60 60 0 0 0
5752 0.553909 -0.00104876 -0.0728326 0.01 60 60 0 0 0
5757 0.594493 -0.000925779 -0.0190815 0.01 60 60 0 0 0
5766 0.590003 -0.000939384 -0.00674328 0.01 68 68 0 0 0
5777 0.596174 -0.000920685 -0.00637073 0.01 60 60 0 0 0
5781 0.590003 -0.000939384 -0.00674328 0.01 68 68 0 0 0
5782 0.595926 -0.000921437 -0.00178482 0.01 66 66 0 0 0
5783 0.553909 -0.00104876 -0.0803899 0.01 60 60 0 0 0
5786 0.544266 -0.00107798 -0.0647946 0.01 60 60 0 0 0
5794 0.538662 -0.00109496 -0.0601257 0.01 60 60 0 0 0
5795 0.564599 -0.00101637 -0.0705864 0.01 55 55 0 0 0
5797 0.603226 -0.000899315 -0.00697465 0.01 60 60 0 0 0
5800 0.615779 -0.000861274 -0.0643826 0.01 55 55 0 0 0
5801 0.582736 -0.000961407 -0.0219257 0.01 68 68 0 0 0
5802 0.538662 -0.00109496 -0.0601257 0.01 60 60 0 0 0
5803 0.585916 -0.000951771 -0.00201469 0.01 60 60 0 0 0
5804 0.522162 -0.00114496 -0.0709448 0.01 55 54 0 0 0
5807 0.639949 -0.000788033 -0.0190815 0.01 60 61 0 0 0
5811 0.564599 -0.00101637 -0.0786208 0.01 54 54 0 0 0
5816 0.564599 -0.00101637 -0.0680801 0.01 55 55 0 0 0
5821 0.553909 -0.00104876 -0.102899 0.01 55 55 -4.45992e-05 0 -0.0118564
5823 0.601158 -0.000905582 -0.0190815 0.01 66 65 0 0 0
5826 0.553909 -0.00104876 -0.0979192 0.01 55 55 0 0 0
5829 0.610799 -0.000876367 -0.0130819 0.01 66 66 0 0 0
5831 0.582736 -0.000961407 -0.0219257 0.01 67 67 0 0 0
5842 0.593534 -0.000928685 -0.00969181 0.01 55 55 0 0 0
5844 0.547227 -0.00106901 -0.00674328 0.01 66 66 0 0 0
5848 0.618052 -0.000854388 -0.0540238 0.01 67 66 0 0 0
5853 0.524362 -0.0011383 -0.0728326 0.01 53 54 0 0 0
5854 0.635559 -0.000801338 -0.0114473 0.01 60 60 0 0 0
5855 0.593534 -0.000928685 -0.00674328 0.01 66 66 0 0 0
5860 0.575927 -0.000982039 -0.00178482 0.01 66 66 0 0 0
5867 0.590003 -0.000939384 -0.00674328 0.01 68 68 0 0 0
5868 0.610799 -0.000876367 -0.0130819 0.01 67 67 0 0 0
5871 0.596174 -0.000920685 -0.00310612 0.01 60 60 0 0 0
5872 0.553909 -0.00104876 -0.0728326 0.01 55 55 0 0 0
5874 0.594493 -0.000925779 -0.0190815 0.01 60 59 0 0 0
5876 0.596105 -0.000920893 -0.0190815 0.01 66 66 0 0 0
5877 0.535692 -0.00110396 -0.0728326 0.01 53 53 0 0 0
5878 0.593534 -0.000928685 -0.00969181 0.01 60 60 0 0 0
5880 0.577882 -0.000976115 -0.0728326 0.01 55 55 0 0 0
5882 0.538662 -0.00109496 -0.0673268 0.01 60 60 0 0 0
5885 0.626874 -0.000827655 -0.00950608 0.01 60 60 0 0 0
5888 0.571135 -0.000996559 -0.063866 0.01 55 55 0 0 0
5891 0.610799 -0.000876367 -0.0130819 0.01 67 67 0 0 0
5896 0.571965 -0.000994047 -0.0728326 0.01 55 55 0 0 0
5900 0.593534 -0.000928685 -0.0178407 0.01 60 60 0 0 0
5904 0.553909 -0.00104876 -0.0979192 0.01 54 54 0 0 0
5907 0.582736 -0.000961407 -0.0219257 0.01 66 66 0 0 0
5911 0.590003 -0.000939384 -0.00674328 0.01 68 68 0 0 0
5916 0.590003 -0.000939384 -0.00674328 0.01 67 67 0 0 0
5917 0.542775 -0.0010825 -0.0601257 0.01 60 59 0 0 0
5918 0.586965 -0.000948592 -0.00178482 0.01 66 66 0 0 0
5920 0.651846 -0.000751982 -0.0812854 0.01 55 55 0 0 0
5922 0.603226 -0.000899315 -0.0177351 0.01 60 60 -0.000640243 0 -0.00468622
5924 0.533316 -0.00111116 -0.0728326 0.01 54 54 0 0 0
5926 0.557084 -0.00103914 -0.0910135 0.01 55 55 0 0 0
5933 0.596013 -0.000921172 -0.0190815 0.01 66 65 0 0 0
5934 0.608046 -0.000884708 -0.00674328 0.01 60 60 0 0 0
5938 0.590003 -0.000939384 -0.00674328 0.01 68 68 0 0 0
5944 0.548028 -0.00106658 -0.0728326 0.01 55 55 0 0 0
5946 0.596105 -0.000920893 -0.0190815 0.01 66 66 0 0 0
5948 0.553909 -0.00104876 -0.0728326 0.01 55 55 0 0 0
5950 0.538662 -0.00109496 -0.0601257 0.01 60 60 0 0 0
5954 0.593534 -0.000928685 -0.00674328 0.01 66 66 0 0 0
5955 0.593534 -0.000928685 -0.00969181 0.01 60 60 0 0 0
5956 0.59308 -0.000930062 -0.00414468 0.01 60 60 0 0 0
5961 0.609265 -0.000881015 -0.00640051 0.01 66 66 0 0 0
5965 0.544577 -0.00107704 -0.0683319 0.01 54 55 -0.00727481 0.00861931 0
5969 0.524362 -0.0011383 -0.0728326 0.01 55 55 0 0 0
5970 0.598931 -0.000912331 -0.0190815 0.01 60 60 0 0 0
5974 0.553909 -0.00104876 -0.0818788 0.01 60 60 0 0 0
5978 0.610799 -0.000876367 -0.0130819 0.01 67 67 0 0 0
5984 0.553909 -0.00104876 -0.0979192 0.01 54 54 0 0 0
5985 0.582736 -0.000961407 -0.0219257 0.01 67 67 0 0 0
5986 0.564599 -0.00101637 -0.0584621 0.01 55 55 0 0 0
5987 0.575927 -0.000982039 -0.00178482 0.01 66 65 0 0 0
5993 0.553909 -0.00104876 -0.0818788 0.01 60 60 0 0 0
5995 0.603226 -0.000899315 -0.00697465 0.01 60 60 0 0 0
5997 0.587542 -0.000946843 -0.00849482 0.01 60 60 0 0 0
6002 0.582736 -0.000961407 -0.0219257 0.01 67 67 0 0 0
6004 0.553909 -0.00104876 -0.0601257 0.01 60 60 0 0 0
6010 0.610799 -0.000876367 -0.0130819 0.01 67 67 0 0 0
6015 0.564599 -0.00101637 -0.0786208 0.01 55 55 0 0 0
6018 0.626678 -0.000828248 -0.00847989 0.01 55 55 0 0 0
6024 0.559137 -0.00103292 -0.0682191 0.01 55 55 0 0 0
6025 0.564599 -0.00101637 -0.0584621 0.01 54 55 0 0 0
6027 0.553909 -0.00104876 -0.0979192 0.01 53 53 0 0 0
6032 0.593534 -0.000928685 -0.00422998 0.01 60 60 0 0 0
6035 0.524362 -0.0011383 -0.0728326 0.01 55 55 0 0 0
6039 0.590003 -0.000939384 -0.00674328 0.01 68 68 0 0 0
6041 0.593534 -0.000928685 -0.0257877 0.01 54 54 0 0 0
6046 0.634956 -0.000803162 -0.0171459 0.01 60 61 0 0 0
6050 0.535692 -0.00110396 -0.0615277 0.01 55 55 0 0 0
6052 0.603226 -0.000899315 -0.0235737 0.01 60 60 0 0 0
6055 0.549194 -0.00106305 -0.0979192 0.01 53 53 0 0 0
6059 0.635559 -0.000801338 -0.00554113 0.01 60 60 0 0 0
6067 0.596105 -0.000920893 -0.0190815 0.01 66 66 0 0 0
6073 0.610799 -0.000876367 -0.00838476 0.01 60 60 0 0 0
6075 0.553909 -0.00104876 -0.0979192 0.01 53 53 0 0 0
6077 0.620521 -0.000846905 -0.00948361 0.01 60 60 0 0 0
6079 0.551093 -0.00105729 -0.101191 0.01 55 55 -4.29749e-05 0 -0.0112594
6080 0.524362 -0.0011383 -0.0728326 0.01 55 55 0 0 0
6082 0.613805 -0.000867258 -0.0293033 0.01 66 66 0.00117242 0 0.00187609
6090 0.590003 -0.000939384 -0.00674328 0.01 68 68 0 0 0
6091 0.62953 -0.000819605 -0.0352839 0.01 60 61 0.00113529 0 0.00651279
6096 0.593534 -0.000928685 -0.00674328 0.01 66 66 0 0 0
6100 0.602407 -0.000901798 -0.0140605 0.01 60 60 0 0 0
6104 0.546735 -0.0010705 -0.0728326 0.01 55 55 0 0 0
6106 0.581927 -0.000963859 -0.063866 0.01 55 55 0 0 0
6109 0.590003 -0.000939384 -0.00674328 0.01 67 67 0 0 0
6111 0.585916 -0.000951771 -0.00201469 0.01 60 60 0 0 0
6115 0.596105 -0.000920893 -0.0190815 0.01 66 66 0 0 0
6118 0.601799 -0.000903639 -0.0190815 0.01 60 60 0 0 0
6120 0.553909 -0.00104876 -0.0520944 0.01 60 60 0 0 0
6121 0.599907 -0.000909372 -0.0113523 0.01 66 66 0 0 0
6126 0.553909 -0.00104876 -0.0979192 0.01 53 53 0 0 0
6131 0.524362 -0.0011383 -0.0728326 0.01 55 55 0 0 0
6133 0.596105 -0.000920893 -0.0190815 0.01 67 67 0 0 0
6134 0.553909 -0.00104876 -0.0779352 0.01 55 55 0 0 0
6139 0.598287 -0.000914281 -0.00674328 0.01 60 60 0 0 0
6141 0.543895 -0.00107911 -0.0728326 0.01 55 55 -0.00584966 0.00693417 0
6146 0.524362 -0.0011383 -0.0728326 0.01 54 54 0 0 0
6150 0.549194 -0.00106305 -0.0979192 0.01 53 53 0 0 0
6156 0.559137 -0.00103292 -0.0605077 0.01 55 55 0 0 0
6160 0.559137 -0.00103292 -0.0605077 0.01 55 55 0 0 0
6165 0.553909 -0.00104876 -0.0979192 0.01 55 55 0 0 0
6172 0.524362 -0.0011383 -0.0728326 0.01 55 55 0 0 0
6176 0.593534 -0.000928685 -0.00969181 0.01 60 60 0 0 0
6179 0.590003 -0.000939384 -0.00674328 0.01 67 67 0 0 0
6180 0.553909 -0.00104876 -0.0728326 0.01 55 55 0 0 0
6182 0.6323 -0.000811211 -0.0219386 0.01 66 66 0 0 0
6183 0.557084 -0.00103914 -0.0728326 0.01 60 59 0 0 0
6189 0.553909 -0.00104876 -0.0803899 0.01 60 60 0 0 0
6192 0.557084 -0.00103914 -0.0728326 0.01 55 55 0 0 0
6197 0.635559 -0.000801338 -0.0114473 0.01 60 60 0 0 0
6198 0.553909 -0.00104876 -0.0728326 0.01 55 56 0 0 0
6199 0.553909 -0.00104876 -0.0968212 0.01 55 55 0 0 0
6204 0.569406 -0.0010018 -0.0190815 0.01 60 60 0 0 0
6205 0.524362 -0.0011383 -0.0728326 0.01 55 55 0 0 0
6214 0.553909 -0.00104876 -0.0979192 0.01 53 53 0 0 0
6219 0.531961 -0.00111527 -0.0979192 0.01 54 54 0 0 0
6221 0.635815 -0.000800562 -0.0272924 0.01 55 55 0 0 0
6222 0.564599 -0.00101637 -0.0728326 0.01 55 55 0 0 0
6227 0.590003 -0.000939384 -0.00674328 0.01 67 68 0 0 0
6229 0.610799 -0.000876367 -0.0130819 0.01 67 67 0 0 0
6231 0.593534 -0.000928685 -0.00969181 0.01 60 59 0 0 0
6233 0.596174 -0.000920685 -0.00310612 0.01 60 60 0 0 0
6234 0.590003 -0.000939384 -0.00674328 0.01 68 68 0 0 0
6236 0.559137 -0.00103292 -0.0728326 0.01 54 54 0 0 0
6237 0.590003 -0.000939384 -0.00674328 0.01 68 68 0 0 0
6240 0.553909 -0.00104876 -0.0944137 0.01 55 55 0 0 0
6244 0.553909 -0.00104876 -0.0779352 0.01 55 55 0 0 0
6247 0.535692 -0.00110396 -0.0837252 0.01 55 55 0 0 0
6253 0.610799 -0.000876367 -0.0130819 0.01 67 67 0 0 0
6255 0.535958 -0.00110316 -0.0683319 0.01 55 55 0 0 0
6256 0.553909 -0.00104876 -0.0555174 0.01 54 54 0 0 0
6257 0.598931 -0.000912331 -0.0190815 0.01 60 60 0 0 0
6258 0.590003 -0.000939384 -0.00674328 0.01 68 68 0 0 0
6260 0.596105 -0.000920893 -0.0190815 0.01 66 66 0 0 0
6265 0.553909 -0.00104876 -0.0979192 0.01 53 53 0 0 0
6268 0.571135 -0.000996559 -0.063866 0.01 55 55 0 0 0
6276 0.593534 -0.000928685 -0.00674328 0.01 66 66 0 0 0
6279 0.601662 -0.000904054 -0.00178482 0.01 66 66 0 0 0
6280 0.575907 -0.000982101 -0.063866 0.01 55 55 0 0 0
6281 0.518794 -0.00115517 -0.0601257 0.01 54 54 0 0 0
6294 0.553909 -0.00104876 -0.0728326 0.01 55 55 0 0 0
6301 0.579228 -0.000972038 -0.0406856 0.01 60 60 0 0 0
6303 0.553909 -0.00104876 -0.0818788 0.01 60 60 0 0 0
6304 0.518794 -0.00115517 -0.0601257 0.01 54 54 0 0 0
6305 0.553909 -0.00104876 -0.0593232 0.01 55 56 0 0 0
6314 0.598931 -0.000912331 -0.0190815 0.01 60 59 0 0 0
6317 0.593534 -0.000928685 -0.00969181 0.01 55 56 0 0 0
6320 0.611097 -0.000875464 -0.0190815 0.01 60 60 0 0 0
6326 0.582736 -0.000961407 -0.0219257 0.01 66 67 0 0 0
6327 0.553909 -0.00104876 -0.0728326 0.01 55 55 0 0 0
6330 0.524362 -0.0011383 -0.0728326 0.01 54 54 0 0 0
6331 0.553909 -0.00104876 -0.0601257 0.01 60 60 0 0 0
6333 0.640068 -0.000787672 -0.0559499 0.01 60 61 0 0 0
6334 0.551836 -0.00105504 -0.0333029 0.01 55 56 0 0 0
6335 0.602788 -0.000900642 -0.00969181 0.01 60 60 0 0 0
6340 0.590003 -0.000939384 -0.00674328 0.01 67 67 0 0 0
6343 0.524362 -0.0011383 -0.0837143 0.01 54 54 0 0 -0.0108817
6357 0.590003 -0.000939384 -0.00674328 0.01 68 67 0 0 0
6358 0.597818 -0.000915704 -0.0376009 0.01 60 60 -0.00123762 0.00164384 0
6360 0.559137 -0.00103292 -0.0646527 0.01 55 55 0 0 0
6361 0.524362 -0.0011383 -0.0728326 0.01 54 54 0 0 0
6370 0.590003 -0.000939384 -0.00674328 0.01 67 67 0 0 0
6371 0.553909 -0.00104876 -0.0728326 0.01 55 55 0 0 0
6373 0.618052 -0.000854388 -0.0540238 0.01 66 66 0 0 0
6374 0.523893 -0.00113972 -0.0673268 0.01 60 60 0 0 0
6376 0.596013 -0.000921172 -0.00986184 0.01 60 60 0 0 0
6377 0.601662 -0.000904054 -0.00178482 0.01 66 66 0 0 0
6379 0.593534 -0.000928685 -0.00674328 0.01 66 66 0 0 0
6381 0.587932 -0.000945662 -0.00674328 0.01 54 56 0 0 0
6384 0.557084 -0.00103914 -0.0728326 0.01 55 55 0 0 0
6386 0.564599 -0.00101637 -0.0680801 0.01 55 55 0 0 0
6392 0.571135 -0.000996559 -0.063866 0.01 55 55 0 0 0
6393 0.553909 -0.00104876 -0.0979192 0.01 53 53 0 0 0
6394 0.626874 -0.000827655 -0.0146655 0.01 60 60 0 0 0
6395 0.593534 -0.000928685 -0.00422998 0.01 60 60 0 0 0
6406 0.582736 -0.000961407 -0.0219257 0.01 67 67 0 0 0
6413 0.553909 -0.00104876 -0.0779352 0.01 55 55 0 0 0
6415 0.524362 -0.0011383 -0.0728326 0.01 54 54 0 0 0
6422 0.559137 -0.00103292 -0.0990679 0.01 54 54 0 0 0
6429 0.598287 -0.000914281 -0.00674328 0.01 60 61 0 0 0
6438 0.518794 -0.00115517 -0.0601257 0.01 54 54 0 0 0
6439 0.589859 -0.000939821 -0.00637073 0.01 60 60 0.020687 -0.0275585 0
6441 0.553909 -0.00104876 -0.0781334 0.01 55 55 0 0 0
6442 0.561628 -0.00102537 -0.0790045 0.01 55 55 0 0 0
6443 0.542775 -0.0010825 -0.0601257 0.01 60 60 0 0 0
6444 0.593534 -0.000928685 -0.00674328 0.01 66 66 0 0 0
6445 0.618662 -0.000852539 -0.0190815 0.01 66 66 0 0 0
6446 0.601662 -0.000904054 -0.00178482 0.01 66 66 0 0 0
6448 0.582072 -0.000963418 -0.0190815 0.01 60 60 0 0 0
6452 0.596864 -0.000918593 -0.0190815 0.01 66 66 0 0 0
6455 0.538662 -0.00109496 -0.0601257 0.01 60 60 0 0 0
6457 0.533316 -0.00111116 -0.0728326 0.01 54 54 0 0 0
6460 0.571965 -0.000994047 -0.0728326 0.01 55 55 0 0 0
6462 0.579228 -0.000972038 -0.0752435 0.01 60 60 -0.00272761 0 -0.0190692
6465 0.618662 -0.000852539 -0.0190815 0.01 66 66 0 0 0
6471 0.553909 -0.00104876 -0.0779352 0.01 55 56 0 0 0
6482 0.538662 -0.00109496 -0.0673268 0.01 60 60 0 0 0
6487 0.518794 -0.00115517 -0.0601257 0.01 54 54 0 0 0
6488 0.610799 -0.000876367 -0.0130819 0.01 67 67 0 0 0
6490 0.601191 -0.000905482 -0.0104247 0.01 66 66 0 0 0
6494 0.553909 -0.00104876 -0.0979192 0.01 53 53 0 0 0
6496 0.582072 -0.000963418 -0.0190815 0.01 60 60 0 0 0
6497 0.553909 -0.00104876 -0.0601257 0.01 60 60 0 0 0
6503 0.601799 -0.000903639 -0.0190815 0.01 60 60 0 0 0
6504 0.518794 -0.00115517 -0.0601257 0.01 54 54 0 0 0
6506 0.553909 -0.00104876 -0.0979192 0.01 54 54 0 0 0
6512 0.610799 -0.000876367 -0.00128527 0.01 66 65 0 0 0
6513 0.582736 -0.000961407 -0.0219257 0.01 67 67 0 0 0
6514 0.610799 -0.000876367 -0.00965455 0.01 66 65 0 0 0
6516 0.564599 -0.00101637 -0.0680801 0.01 55 55 0 0 0
6520 0.553909 -0.00104876 -0.0728326 0.01 60 60 0 0 0
6524 0.590003 -0.000939384 -0.00674328 0.01 67 67 0 0 0
6527 0.590332 -0.000938389 -0.00310612 0.01 60 60 0 0 0
6529 0.572014 -0.000993896 -0.0728326 0.01 54 54 0 0 0
6540 0.611097 -0.000875464 -0.0190815 0.01 60 60 0 0 0
6544 0.553909 -0.00104876 -0.0728326 0.01 55 55 0 0 0
6545 0.582072 -0.000963418 -0.0190815 0.01 60 59 0 0 0
6549 0.522162 -0.00114496 -0.0709448 0.01 55 55 0 0 0
6553 0.610799 -0.000876367 -0.00128527 0.01 66 66 0 0 0
6556 0.587932 -0.000945662 -0.00485288 0.01 60 59 0 0 0
6559 0.553909 -0.00104876 -0.0632301 0.01 55 55 0 0 0
6565 0.564599 -0.00101637 -0.0584621 0.01 55 55 0 0 0
6566 0.587932 -0.000945662 -0.00674328 0.01 55 55 0 0 0
6571 0.590003 -0.000939384 -0.00674328 0.01 68 68 0 0 0
6573 0.610243 -0.000878053 -0.0199325 0.01 60 61 0 0 0
6575 0.571135 -0.000996559 -0.063866 0.01 55 55 0 0 0
6577 0.524139 -0.00113897 -0.0764268 0.01 54 55 0 0 0
6583 0.593202 -0.00092969 -0.0266146 0.01 60 60 0 0 0
6585 0.610799 -0.000876367 -0.00128527 0.01 66 66 0 0 0
6586 0.582736 -0.000961407 -0.0219257 0.01 67 67 0 0 0
6588 0.553909 -0.00104876 -0.0979192 0.01 55 55 0 0 0
6589 0.598931 -0.000912331 -0.0190815 0.01 60 60 0 0 0
6590 0.564599 -0.00101637 -0.0731552 0.01 55 55 0 0 0
6591 0.557691 -0.0010373 -0.0728326 0.01 55 56 -0.00307132 0.00378203 0
6602 0.553909 -0.00104876 -0.0979192 0.01 54 54 0 0 0
6606 0.553909 -0.00104876 -0.0535572 0.01 55 55 0 0 0
6607 0.610799 -0.000876367 -0.0130819 0.01 67 66 0 0 0
6609 0.575907 -0.000982101 -0.063866 0.01 55 55 0 0 0
6617 0.609265 -0.000881015 -0.00640051 0.01 66 66 -0.0109268 0.0131599 0
6618 0.590003 -0.000939384 -0.00674328 0.01 68 68 0 0 0
6619 0.598931 -0.000912331 -0.0190815 0.01 60 60 0 0 0
6623 0.524362 -0.0011383 -0.0728326 0.01 55 55 0 0 0
6628 0.594493 -0.000925779 -0.0190815 0.01 60 60 0 0 0
6636 0.596105 -0.000920893 -0.00640051 0.01 66 66 0 0 0
6639 0.60513 -0.000893546 -0.0158083 0.01 55 55 0 0 0
6644 0.596105 -0.000920893 -0.0188757 0.01 66 66 0.000138074 0 0.000205882
6646 0.622924 -0.000839625 -0.0190815 0.01 60 60 0 0 0
6651 0.553909 -0.00104876 -0.0555174 0.01 54 54 0 0 0
6657 0.524821 -0.00113691 -0.0728326 0.01 55 55 0 0 0
6660 0.553909 -0.00104876 -0.0968212 0.01 55 55 0 0 0
6661 0.610799 -0.000876367 -0.0130819 0.01 67 67 0 0 0
6664 0.553909 -0.00104876 -0.0979192 0.01 54 54 0 0 0
6665 0.571135 -0.000996559 -0.045672 0.01 55 55 6.44326e-05 0 0.0181939
6667 0.553909 -0.00104876 -0.0728326 0.01 54 54 0 0 0
6669 0.518794 -0.00115517 -0.0601257 0.01 54 54 0 0 0
6670 0.598931 -0.000912331 -0.0190815 0.01 55 55 0 0 0
6675 0.524362 -0.0011383 -0.0728326 0.01 55 55 0 0 0
6678 0.586965 -0.000948592 -0.00178482 0.01 67 67 0 0 0
6679 0.518794 -0.00115517 -0.0601257 0.01 54 54 0 0 0
6680 0.601662 -0.000904054 -0.00178482 0.01 66 66 0 0 0
6683 0.524362 -0.0011383 -0.0728326 0.01 54 54 0 0 0
6685 0.553909 -0.00104876 -0.0728326 0.01 54 54 0 0 0
6693 0.524362 -0.0011383 -0.0728326 0.01 54 55 0 0 0
6702 0.559137 -0.00103292 -0.0728326 0.01 54 54 0 0 0
6704 0.593534 -0.000928685 -0.0257877 0.01 55 55 0 0 0
6705 0.559137 -0.00103292 -0.0646527 0.01 54 55 0 0 0
6714 0.569406 -0.0010018 -0.0190815 0.01 60 60 0 0 0
6718 0.635395 -0.000801833 -0.0510266 0.01 55 55 0 0 0
6724 0.559137 -0.00103292 -0.0646527 0.01 55 55 0 0 0
6732 0.533316 -0.00111116 -0.0728326 0.01 53 53 0 0 0
6735 0.524139 -0.00113897 -0.0764268 0.01 55 55 0 0 0
6736 0.553909 -0.00104876 -0.0979192 0.01 53 53 0 0 0
6740 0.592504 -0.000931807 -0.0190815 0.01 66 65 0 0 0
6743 0.518794 -0.00115517 -0.0601257 0.01 54 54 0 0 0
6744 0.553909 -0.00104876 -0.0979192 0.01 54 55 0 0 0
6751 0.596174 -0.000920685 -0.0376009 0.01 60 60 0 0 0
6753 0.593534 -0.000928685 -0.00674328 0.01 66 66 0 0 0
6759 0.610799 -0.000876367 -0.0125402 0.01 66 66 0 0 0
6760 0.524362 -0.0011383 -0.0728326 0.01 55 55 0 0 0
6761 0.590003 -0.000939384 -0.00674328 0.01 68 68 0 0 0
6762 0.596105 -0.000920893 -0.0190815 0.01 66 66 0 0 0
6764 0.544266 -0.00107798 -0.0454408 0.01 60 60 0 0 0
6765 0.602788 -0.000900642 -0.00969181 0.01 60 60 0 0 0
6773 0.535958 -0.00110316 -0.0683319 0.01 55 55 0 0 0
6776 0.557084 -0.00103914 -0.0728326 0.01 55 55 0 0 0
6786 0.603226 -0.000899315 -0.00582611 0.01 60 60 0.000989884 0 0.0072228
6791 0.533316 -0.00111116 -0.0728326 0.01 53 53 0 0 0
6792 0.622924 -0.000839625 -0.0190815 0.01 60 60 0 0 0
6794 0.590003 -0.000939384 -0.00674328 0.01 66 67 0 0 0
6795 0.557224 -0.00103871 -0.00892718 0.01 60 60 0 0 0
6802 0.533316 -0.00111116 -0.0728326 0.01 53 53 0 0 0
6804 0.564599 -0.00101637 -0.0668394 0.01 60 59 0 0 0
6807 0.618052 -0.000854388 -0.0540238 0.01 66 66 0 0 0
6808 0.553909 -0.00104876 -0.0979192 0.01 55 55 0 0 0
6811 0.601662 -0.000904054 -0.00178482 0.01 66 66 0 0 0
6812 0.553909 -0.00104876 -0.0979192 0.01 55 55 0 0 0
6816 0.593534 -0.000928685 -0.00674328 0.01 66 66 0 0 0
6820 0.571965 -0.000994047 -0.0728326 0.01 55 55 0 0 0
6821 0.553909 -0.00104876 -0.0779352 0.01 55 54 0 0 0
6822 0.560225 -0.00102962 -0.0190815 0.01 60 60 0 0 0
6832 0.594493 -0.000925779 -0.0190815 0.01 60 60 0 0 0
6833 0.538662 -0.00109496 -0.0601257 0.01 60 60 0 0 0
6835 0.593534 -0.000928685 -0.00674328 0.01 66 66 0 0 0
6853 0.553909 -0.00104876 -0.0363557 0.01 55 55 0 0 0
6855 0.582736 -0.000961407 -0.0219257 0.01 66 66 0 0 0
6857 0.59599 -0.000921241 -0.0330195 0.01 55 55 0 0 0
6875 0.518794 -0.00115517 -0.0601257 0.01 54 54 0 0 0
6876 0.575907 -0.000982101 -0.0712805 0.01 55 55 0 0 0
6878 0.593534 -0.000928685 -0.00674328 0.01 66 66 0 0 0
6885 0.553909 -0.00104876 -0.0979192 0.01 54 54 0 0 0
6892 0.553909 -0.00104876 -0.0979192 0.01 54 54 0 0 0
6896 0.596174 -0.000920685 -0.0376009 0.01 60 60 0 0 0
6897 0.553909 -0.00104876 -0.0979192 0.01 53 53 0 0 0
6899 0.590003 -0.000939384 -0.00674328 0.01 67 67 0 0 0
6902 0.553909 -0.00104876 -0.0728326 0.01 54 54 0 0 0
6908 0.601662 -0.000904054 -0.00178482 0.01 66 66 0 0 0
6909 0.596105 -0.000920893 -0.0190815 0.01 66 66 0 0 0
6911 0.618052 -0.000854388 -0.0540238 0.01 66 66 0 0 0
6912 0.581927 -0.000963859 -0.063866 0.01 54 54 0 0 0
6913 0.601662 -0.000904054 -0.00178482 0.01 66 66 0 0 0
6914 0.618662 -0.000852539 -0.0190815 0.01 66 66 0 0 0
6915 0.553909 -0.00104876 -0.0728326 0.01 55 55 0 0 0
6919 0.533316 -0.00111116 -0.0728326 0.01 53 53 0 0 0
6920 0.553909 -0.00104876 -0.0779352 0.01 55 55 0 0 0
6921 0.524362 -0.0011383 -0.0728326 0.01 55 54 0 0 0
6922 0.593534 -0.000928685 -0.00674328 0.01 66 66 0 0 0
6931 0.598931 -0.000912331 -0.0190815 0.01 60 60 0 0 0
6933 0.518794 -0.00115517 -0.0601257 0.01 54 54 0 0 0
6935 0.544266 -0.00107798 -0.0454408 0.01 60 60 0 0 0
6936 0.571135 -0.000996559 -0.045672 0.01 55 55 0 0 0
6937 0.553909 -0.00104876 -0.0728326 0.01 55 56 0 0 0
6938 0.559137 -0.00103292 -0.0728326 0.01 54 54 0 0 0
6942 0.602407 -0.000901798 -0.0235737 0.01 60 60 0 0 0
6946 0.593534 -0.000928685 -0.00674328 0.01 66 66 0 0 0
6950 0.593534 -0.000928685 -0.00674328 0.01 66 66 0 0 0
6953 0.593534 -0.000928685 -0.0257877 0.01 54 54 0 0 0
6956 0.575907 -0.000982101 -0.0712805 0.01 55 55 0 0 0
6957 0.601799 -0.000903639 -0.0190815 0.01 60 60 0 0 0
6958 0.518794 -0.00115517 -0.0601257 0.01 54 54 0 0 0
6960 0.610243 -0.000878053 -0.0199325 0.01 60 61 0 0 0
6961 0.579228 -0.000972038 -0.0752435 0.01 60 60 0 0 0
6962 0.596105 -0.000920893 -0.0190815 0.01 66 66 0 0 0
6964 0.590003 -0.000939384 -0.00674328 0.01 67 67 0 0 0
6966 0.617418 -0.00085631 -0.00637073 0.01 60 60 0 0 0
6968 0.582736 -0.000961407 -0.0219257 0.01 67 67 0 0 0
6971 0.582736 -0.000961407 -0.0219257 0.01 67 67 0 0 0
6972 0.564599 -0.00101637 -0.0584621 0.01 55 55 0 0 0
6973 0.551093 -0.00105729 -0.089932 0.01 55 55 0 0 0
6974 0.593534 -0.000928685 -0.0178407 0.01 60 60 0 0 0
6975 0.553909 -0.00104876 -0.0979192 0.01 53 53 0 0 0
6978 0.557084 -0.00103914 -0.0853447 0.01 55 55 -4.65512e-05 0 -0.0125121
6979 0.553909 -0.00104876 -0.0906404 0.01 54 54 0 0 0
6984 0.590003 -0.000939384 -0.0215945 0.01 60 60 0 0 0
6988 0.531961 -0.00111527 -0.0979192 0.01 54 54 0 0 0
6990 0.622113 -0.000842082 -0.0467432 0.01 60 60 0 0 0
6991 0.593534 -0.000928685 -0.00674328 0.01 66 66 0 0 0
6993 0.585916 -0.000951771 -0.00201469 0.01 60 60 0 0 0
6996 0.593534 -0.000928685 -0.00674328 0.01 66 66 0 0 0
6998 0.585377 -0.000953403 -0.0370283 0.01 60 60 0 0 0
6999 0.524362 -0.0011383 -0.0728326 0.01 55 55 0 0 0
7011 0.553909 -0.00104876 -0.0979192 0.01 53 53 0 0 0
7017 0.596105 -0.000920893 -0.0190815 0.01 67 67 0 0 0
7018 0.548028 -0.00106658 -0.0728326 0.01 55 55 0 0 0
7019 0.557224 -0.00103871 -0.00842281 0.01 60 60 0 0 0
7020 0.604997 -0.000893947 -0.00310612 0.01 60 60 0 0 0
7025 0.559137 -0.00103292 -0.0688617 0.01 55 55 -1.50651e-05 0 -0.00420902
7027 0.590003 -0.000939384 -0.00674328 0.01 68 68 0 0 0
7029 0.5471 -0.00106939 -0.0728326 0.01 55 55 0 0 0
7030 0.553909 -0.00104876 -0.0779352 0.01 55 55 0 0 0
7035 0.6323 -0.000811211 -0.0219386 0.01 66 66 0 0 0
7041 0.59869 -0.000913059 -0.0190815 0.01 60 60 0 0 0
7045 0.553909 -0.00104876 -0.0728326 0.01 54 54 0 0 0
7048 0.544266 -0.00107798 -0.0454408 0.01 60 60 0 0 0
7049 0.553909 -0.00104876 -0.0779352 0.01 55 55 0 0 0
7051 0.607106 -0.000887558 -0.00637073 0.01 60 60 0 0 0
7053 0.613805 -0.000867258 -0.0293033 0.01 66 66 0 0 0
7054 0.553909 -0.00104876 -0.0979192 0.01 55 55 0 0 0
7057 0.559137 -0.00103292 -0.0605077 0.01 54 54 0 0 0
7058 0.553909 -0.00104876 -0.0728326 0.01 55 55 0 0 0
7066 0.577882 -0.000976115 -0.0728326 0.01 55 55 0 0 0
7072 0.571135 -0.000996559 -0.063866 0.01 55 55 0 0 0
7075 0.553909 -0.00104876 -0.0728326 0.01 60 60 0 0 0
7085 0.533316 -0.00111116 -0.0728326 0.01 54 54 0 0 0
7089 0.610799 -0.000876367 -0.0130819 0.01 67 67 0 0 0
7092 0.610799 -0.000876367 -0.0130819 0.01 67 67 0 0 0
7093 0.559137 -0.00103292 -0.0605077 0.01 55 55 0 0 0
7094 0.518794 -0.00115517 -0.0601257 0.01 54 54 0 0 0
7096 0.582736 -0.000961407 -0.0219257 0.01 67 67 0 0 0
7098 0.533316 -0.00111116 -0.0728326 0.01 54 54 0 0 0
7099 0.590003 -0.000939384 -0.00674328 0.01 67 67 0 0 0
7102 0.553909 -0.00104876 -0.0979192 0.01 54 54 0 0 0
7105 0.553909 -0.00104876 -0.0979192 0.01 54 54 0 0 0
7106 0.593534 -0.000928685 -0.00674328 0.01 66 66 0 0 0
7107 0.524362 -0.0011383 -0.0728326 0.01 55 55 0 0 0
7118 0.533316 -0.00111116 -0.0728326 0.01 53 53 0 0 0
7121 0.5471 -0.00106939 -0.0728326 0.01 55 55 0 0 0
7124 0.610799 -0.000876367 -0.00128527 0.01 66 65 0 0 0
7125 0.576992 -0.000978812 -0.0728326 0.01 55 55 0 0 0
7129 0.533316 -0.00111116 -0.0728326 0.01 53 53 0 0 0
7135 0.553909 -0.00104876 -0.0979192 0.01 53 53 0 0 0
7136 0.553909 -0.00104876 -0.0979192 0.01 55 55 0 0 0
7138 0.553909 -0.00104876 -0.0734708 0.01 60 60 -9.79602e-05 0 -0.000638179
7139 0.603226 -0.000899315 -0.00697465 0.01 60 60 0 0 0
7140 0.598931 -0.000912331 -0.0190815 0.01 60 60 0 0 0
7144 0.582072 -0.000963418 -0.0190815 0.01 60 60 0 0 0
7146 0.547227 -0.00106901 -0.00674328 0.01 67 67 0 0 0
7152 0.593534 -0.000928685 -0.00969181 0.01 54 54 0 0 0
7153 0.594493 -0.000925779 -0.0190815 0.01 60 60 0 0 0
7156 0.5471 -0.00106939 -0.0728326 0.01 55 55 0 0 0
7157 0.529728 -0.00112204 -0.0979192 0.01 53 53 0.0195671 -0.0241815 0
7160 0.618662 -0.000852539 -0.0190815 0.01 66 66 0 0 0
7165 0.535692 -0.00110396 -0.0615277 0.01 55 55 0 0 0
7168 0.560225 -0.00102962 -0.0190815 0.01 60 60 0 0 0
7169 0.553909 -0.00104876 -0.0555174 0.01 54 54 0 0 0
7173 0.553909 -0.00104876 -0.0979192 0.01 54 54 0 0 0
7179 0.601158 -0.000905582 -0.00505523 0.01 66 66 0 0 0
7180 0.615779 -0.000861274 -0.0643826 0.01 55 55 0 0 0
7182 0.553909 -0.00104876 -0.0979192 0.01 53 53 0 0 0
7188 0.551093 -0.00105729 -0.089932 0.01 55 55 0 0 0
7189 0.590003 -0.000939384 -0.00674328 0.01 68 68 0 0 0
7190 0.55199 -0.00105458 -0.0555174 0.01 53 53 0.00149225 -0.00191903 0
7193 0.553909 -0.00104876 -0.0818788 0.01 60 60 0 0 0
7195 0.524362 -0.0011383 -0.0728326 0.01 54 54 0 0 0
7199 0.59599 -0.000921241 -0.0330195 0.01 55 55 0 0 0
7204 0.518794 -0.00115517 -0.0601257 0.01 54 54 0 0 0
7205 0.593534 -0.000928685 -0.00674328 0.01 66 66 0 0 0
7208 0.553909 -0.00104876 -0.0728326 0.01 55 55 0 0 0
7209 0.559137 -0.00103292 -0.0646527 0.01 54 54 0 0 0
7214 0.553909 -0.00104876 -0.0555174 0.01 54 54 0 0 0
7217 0.593534 -0.000928685 -0.00674328 0.01 66 66 0 0 0
7222 0.567406 -0.00100786 -0.0190815 0.01 60 60 0 0 0
7226 0.593534 -0.000928685 -0.00422998 0.01 60 60 0 0 0
7229 0.553909 -0.00104876 -0.0632301 0.01 55 55 0 0 0
7232 0.553909 -0.00104876 -0.0979192 0.01 53 53 0 0 0
7236 0.644338 -0.000774733 -0.0190815 0.01 66 66 0 0 0
7240 0.553909 -0.00104876 -0.0728326 0.01 55 55 0 0 0
7242 0.593534 -0.000928685 -0.0257877 0.01 54 54 0 0 0
7246 0.622924 -0.000839625 -0.0190815 0.01 60 60 0 0 0
7248 0.626874 -0.000827655 -0.0435585 0.01 60 60 0 0 0
7254 0.553909 -0.00104876 -0.0728326 0.01 55 55 0 0 0
7258 0.548028 -0.00106658 -0.0728326 0.01 55 55 0 0 0
7260 0.603226 -0.000899315 -0.00697465 0.01 60 60 0 0 0
7263 0.590003 -0.000939384 -0.00674328 0.01 67 67 0 0 0
7267 0.590003 -0.000939384 -0.00674328 0.01 68 68 0 0 0
7269 0.610799 -0.000876367 -0.0394802 0.01 60 60 0 0 0
7270 0.578184 -0.000975201 -0.0672205 0.01 55 55 0 0 0
7271 0.518794 -0.00115517 -0.0601257 0.01 54 54 0 0 0
7273 0.581927 -0.000963859 -0.0608718 0.01 55 55 0 0 0
7274 0.603226 -0.000899315 -0.0235737 0.01 60 60 0 0 0
7276 0.593534 -0.000928685 -0.0152293 0.01 60 59 0 0 0
7278 0.553909 -0.00104876 -0.0979192 0.01 53 53 0 0 0
7279 0.553909 -0.00104876 -0.0593232 0.01 55 55 0 0 0
7281 0.590003 -0.000939384 -0.00674328 0.01 68 68 0 0 0
7283 0.647324 -0.000765684 -0.0190815 0.01 66 66 -0.0392368 0.0512192 0
7286 0.590003 -0.000939384 -0.00674328 0.01 68 68 0 0 0
7290 0.610799 -0.000876367 -0.0130819 0.01 66 66 0 0 0
7295 0.553909 -0.00104876 -0.0728326 0.01 55 55 0 0 0
7298 0.553909 -0.00104876 -0.0979192 0.01 53 53 0 0 0
7301 0.557084 -0.00103914 -0.0728326 0.01 55 55 0 0 0
7303 0.518794 -0.00115517 -0.0601257 0.01 54 54 0 0 0
7308 0.575927 -0.000982039 -0.00178482 0.01 66 66 0 0 0
7309 0.590003 -0.000939384 -0.00674328 0.01 67 67 0 0 0
7310 0.524362 -0.0011383 -0.0728326 0.01 54 54 0 0 0
7316 0.596174 -0.000920685 -0.00310612 0.01 60 60 0 0 0
7317 0.593534 -0.000928685 -0.0165577 0.01 55 55 0 0 0
7324 0.596105 -0.000920893 -0.0190815 0.01 67 67 0 0 0
7327 0.524362 -0.0011383 -0.0728326 0.01 55 55 0 0 0
7328 0.639949 -0.000788033 -0.0190815 0.01 60 60 0 0 0
7330 0.524362 -0.0011383 -0.0728326 0.01 54 54 0 0 0
7333 0.639949 -0.000788033 -0.0190815 0.01 60 60 0 0 0
7334 0.553909 -0.00104876 -0.0728326 0.01 55 55 0 0 0
7342 0.610799 -0.000876367 -0.0394802 0.01 60 60 0 0 0
7345 0.553909 -0.00104876 -0.0979192 0.01 55 55 0 0 0
7348 0.610694 -0.000876684 -0.00128527 0.01 66 66 0 0 0
7349 0.58926 -0.000941637 -0.0728326 0.01 55 55 0 0 0
7350 0.590003 -0.000939384 -0.00674328 0.01 67 67 0 0 0
7351 0.610799 -0.000876367 -0.0130819 0.01 67 67 0 0 0
7353 0.639949 -0.000788033 -0.0190815 0.01 60 60 0 0 0
7365 0.518794 -0.00115517 -0.0601257 0.01 54 54 0 0 0
7368 0.557084 -0.00103914 -0.0728326 0.01 54 54 0 0 0
7370 0.553909 -0.00104876 -0.0362481 0.01 55 55 2.68817e-05 0 0.00729699
7372 0.553909 -0.00104876 -0.0803899 0.01 60 60 0 0 0
7375 0.610243 -0.000878053 -0.0199325 0.01 60 60 0 0 0
7377 0.559137 -0.00103292 -0.0728326 0.01 53 53 0 0 0
7379 0.543479 -0.00108037 -0.0647946 0.01 60 60 0 0 0
7386 0.553909 -0.00104876 -0.0728326 0.01 60 60 0 0 0
7387 0.596105 -0.000920893 -0.00640051 0.01 66 66 0 0 0
7388 0.590003 -0.000939384 -0.00674328 0.01 68 68 0 0 0
7392 0.556054 -0.00104226 -0.0728326 0.01 55 55 -0.00172089 0.00214499 0
7396 0.553909 -0.00104876 -0.0979192 0.01 53 53 0 0 0
7402 0.564599 -0.00101637 -0.077995 0.01 55 55 -1.88053e-05 0 -0.00516238
7410 0.548028 -0.00106658 -0.0728326 0.01 54 54 0 0 0
7414 0.611097 -0.000875464 -0.0367086 0.01 60 60 -0.0023309 0 -0.0176271
7417 0.551093 -0.00105729 -0.089932 0.01 55 55 0 0 0
7419 0.553909 -0.00104876 -0.0818788 0.01 60 60 0 0 0
7420 0.622924 -0.000839625 -0.0190815 0.01 60 60 0 0 0
7421 0.582736 -0.000961407 -0.0219257 0.01 67 67 0 0 0
7422 0.55167 -0.00105555 -0.0979192 0.01 53 53 0 0 0
7443 0.559137 -0.00103292 -0.0825182 0.01 54 54 0 0 0
7446 0.619802 -0.000849084 -0.0330195 0.01 55 55 0 0 0
7447 0.553909 -0.00104876 -0.0979192 0.01 53 53 0 0 0
7448 0.553909 -0.00104876 -0.0593232 0.01 54 55 0 0 0
7450 0.553909 -0.00104876 -0.0728326 0.01 60 60 0 0 0
7452 0.601662 -0.000904054 -0.00178482 0.01 66 66 0 0 0
7455 0.582736 -0.000961407 -0.0219257 0.01 67 67 0 0 0
7456 0.593534 -0.000928685 -0.00969181 0.01 60 60 0 0 0
7461 0.602788 -0.000900642 -0.00969181 0.01 60 60 0 0 0
7463 0.553909 -0.00104876 -0.0979192 0.01 53 53 0 0 0
7467 0.553909 -0.00104876 -0.0593232 0.01 55 55 0 0 0
7471 0.553909 -0.00104876 -0.0979192 0.01 54 54 0 0 0
7473 0.590003 -0.000939384 -0.00674328 0.01 67 67 0 0 0
7475 0.553909 -0.00104876 -0.0979192 0.01 53 53 0 0 0
7476 0.553909 -0.00104876 -0.0728326 0.01 60 60 0 0 0
7477 0.593534 -0.000928685 -0.00674328 0.01 66 66 0 0 0
7479 0.522162 -0.00114496 -0.0709448 0.01 54 54 0 0 0
7480 0.610799 -0.000876367 -0.0130819 0.01 67 67 0 0 0
7482 0.590003 -0.000939384 -0.00674328 0.01 67 67 0 0 0
7483 0.524362 -0.0011383 -0.0728326 0.01 53 53 0 0 0
7488 0.553909 -0.00104876 -0.0979192 0.01 53 53 0 0 0
7491 0.524362 -0.0011383 -0.0728326 0.01 54 54 0 0 0
7493 0.601662 -0.000904054 -0.00178482 0.01 66 66 0 0 0
7500 0.518794 -0.00115517 -0.0601257 0.01 53 53 0 0 0
7501 0.535692 -0.00110396 -0.0615277 0.01 55 55 0 0 0
7503 0.531961 -0.00111527 -0.0979192 0.01 54 54 0 0 0
7505 0.553909 -0.00104876 -0.0728326 0.01 55 55 0 0 0
7506 0.535692 -0.00110396 -0.0728326 0.01 54 54 0 0 0
7508 0.593534 -0.000928685 -0.00674328 0.01 66 66 0 0 0
7509 0.522162 -0.00114496 -0.0709448 0.01 55 55 0 0 0
7511 0.590003 -0.000939384 -0.00674328 0.01 68 68 0 0 0
7516 0.553909 -0.00104876 -0.0728326 0.01 55 55 0 0 0
7517 0.610799 -0.000876367 -0.0130819 0.01 67 67 0 0 0
7518 0.590003 -0.000939384 -0.00674328 0.01 68 68 0 0 0
7519 0.596105 -0.000920893 -0.0190815 0.01 66 66 0 0 0
7520 0.590003 -0.000939384 -0.00674328 0.01 68 68 0 0 0
7522 0.582736 -0.000961407 -0.0219257 0.01 67 67 0 0 0
7523 0.608046 -0.000884708 -0.00389127 0.01 60 60 0.000385523 0 0.00285202
7524 0.553909 -0.00104876 -0.0363557 0.01 55 55 0 0 0
7529 0.601662 -0.000904054 -0.00178482 0.01 66 66 0 0 0
7530 0.558437 -0.00103504 -0.0601257 0.01 60 60 0 0 0
7531 0.601799 -0.000903639 -0.0190815 0.01 60 60 0 0 0
7539 0.570529 -0.000998397 -0.0190815 0.01 60 60 0 0 0
7540 0.582736 -0.000961407 -0.0219257 0.01 67 67 0 0 0
