max_pf 104 min_pf 48
individual dGr dSr disp_rate patch_no b_patch_no mut_eff DdGr DdSr
4 -0.169385 -0.00890795 0.01 72 72 0 0 0
13 -0.193391 -0.0105861 0.01 72 73 0 0 0
28 -0.189055 -0.00873708 0.01 102 102 0 0 0
62 -0.16198 -0.00884046 0.01 72 72 0 0 0
71 -0.189055 -0.00873708 0.01 102 102 0 0 0
72 -0.165369 -0.00991555 0.01 49 49 0 0 0
94 -0.162049 -0.0101163 0.01 49 49 0 0 0
117 -0.162049 -0.0101163 0.01 50 50 0 0 0
120 -0.157025 -0.0101136 0.01 49 49 0 0 0
135 -0.170738 -0.00991555 0.01 49 49 3.36021e-06 -0.00536931 0
141 -0.189055 -0.00873708 0.01 102 102 0 0 0
146 -0.188341 -0.00873708 0.01 102 102 0 0 0
152 -0.189055 -0.00864596 0.01 102 102 0 0 0
158 -0.189055 -0.00873708 0.01 103 103 0 0 0
160 -0.165369 -0.00991555 0.01 49 49 0 0 0
169 -0.189055 -0.00873708 0.01 102 102 0 0 0
171 -0.173117 -0.00854819 0.01 72 72 0 0 0
174 -0.172712 -0.00981146 0.01 72 73 0 0 0
189 -0.189055 -0.00873708 0.01 103 103 0 0 0
199 -0.189055 -0.0091108 0.01 102 101 0 0 0
228 -0.189055 -0.00869736 0.01 103 103 0 0 0
234 -0.189055 -0.00873708 0.01 103 103 0 0 0
239 -0.161079 -0.00849678 0.01 72 72 0 0 0
250 -0.162049 -0.0101163 0.01 49 49 0 0 0
251 -0.189055 -0.00855276 0.01 104 104 0 0 0
252 -0.151835 -0.00996726 0.01 72 72 0 0 0
270 -0.184488 -0.00873708 0.01 102 102 0 0 0
296 -0.189055 -0.00857317 0.01 104 104 0 0 0
304 -0.153974 -0.00952681 0.01 72 72 0 0 0
306 -0.189055 -0.00873708 0.01 102 102 0 0 0
323 -0.136822 -0.0101392 0.01 72 72 0 0 0
335 -0.189055 -0.00857317 0.01 104 104 0 0 0
345 -0.172987 -0.0101163 0.01 50 50 0 0 0
364 -0.203419 -0.010146 0.01 72 72 0 0 0
376 -0.189055 -0.00873708 0.01 103 103 0 0 0
382 -0.192389 -0.00873708 0.01 103 103 0 0 0
389 -0.189055 -0.00873708 0.01 102 102 0 0 0
394 -0.189055 -0.00857317 0.01 104 104 0 0 0
401 -0.165369 -0.00989674 0.01 50 50 0 0 0
404 -0.169385 -0.00890795 0.01 72 72 0 0 0
432 -0.156692 -0.0103547 0.01 72 72 0 0 0
434 -0.212369 -0.010146 0.01 72 72 0 0 0
437 -0.152007 -0.00878426 0.01 72 72 0 0 0
444 -0.189055 -0.00873708 0.01 104 103 0 0 0
449 -0.162049 -0.0101163 0.01 50 50 0 0 0
460 -0.162049 -0.0101163 0.01 49 49 0 0 0
466 -0.152007 -0.00878426 0.01 72 72 0 0 0
478 -0.189055 -0.00857317 0.01 104 104 0 0 0
483 -0.165369 -0.00989674 0.01 49 50 0 0 0
489 -0.165505 -0.00882965 0.01 72 72 0 0 0
499 -0.189055 -0.00873708 0.01 103 103 0 0 0
501 -0.149905 -0.00869353 0.01 72 72 0.000201359 0 0.000143449
513 -0.149279 -0.00927574 0.01 72 72 0 0 0
523 -0.189055 -0.00873708 0.01 103 103 0 0 0
548 -0.165761 -0.00916237 0.01 72 72 0 0 0
558 -0.162049 -0.0101163 0.01 49 49 0 0 0
568 -0.166331 -0.00952073 0.01 72 72 0 0 0
585 -0.155828 -0.00991971 0.01 72 72 0 0 0
597 -0.157025 -0.0101136 0.01 50 50 0 0 0
623 -0.188341 -0.00873708 0.01 103 103 0 0 0
640 -0.162049 -0.0101163 0.01 49 49 0 0 0
646 -0.189055 -0.00873708 0.01 102 102 0 0 0
647 -0.189055 -0.00873708 0.01 103 103 0 0 0
665 -0.189055 -0.00857317 0.01 104 104 0 0 0
676 -0.189055 -0.00873708 0.01 102 102 0 0 0
685 -0.136822 -0.0101392 0.01 72 72 0 0 0
686 -0.157534 -0.0101163 0.01 49 49 0 0 0
690 -0.165761 -0.00916237 0.01 72 72 0 0 0
699 -0.165369 -0.00989674 0.01 50 50 0 0 0
721 -0.189055 -0.00873708 0.01 102 102 0 0 0
728 -0.165369 -0.00991555 0.01 49 49 0 0 0
739 -0.165369 -0.00989674 0.01 50 50 0 0 0
747 -0.165369 -0.00989674 0.01 50 50 0 0 0
763 -0.165369 -0.00989572 0.01 49 49 0 0 0
776 -0.165369 -0.00989674 0.01 50 50 0 0 0
784 -0.165505 -0.00882965 0.01 72 72 0 0 0
805 -0.15535 -0.0101163 0.01 49 49 0 0 0
806 -0.170377 -0.0104017 0.01 50 50 0 0 0
807 -0.165369 -0.00989674 0.01 50 50 0 0 0
841 -0.152007 -0.00878426 0.01 72 72 0 0 0
904 -0.194274 -0.00890105 0.01 102 101 0 0 0
917 -0.189055 -0.00873708 0.01 104 103 0 0 0
947 -0.156709 -0.0101163 0.01 48 49 0 0 0
977 -0.162049 -0.0101163 0.01 49 49 0 0 0
978 -0.189055 -0.00844902 0.01 104 104 0 0 0
985 -0.165505 -0.00882965 0.01 72 72 0 0 0
991 -0.162049 -0.0101163 0.01 48 48 0 0 0
1004 -0.192389 -0.00873708 0.01 103 103 0 0 0
1007 -0.176407 -0.00993551 0.01 72 73 0 0 0
1033 -0.14505 -0.010081 0.01 72 72 0 0 0
1046 -0.192389 -0.00873708 0.01 104 104 0 0 0
1051 -0.162049 -0.0101163 0.01 50 50 0 0 0
1060 -0.166331 -0.00952073 0.01 72 72 0 0 0
1066 -0.19962 -0.00857317 0.01 104 104 0 0 0
1080 -0.212369 -0.010146 0.01 72 72 0 0 0
1091 -0.165369 -0.00989674 0.01 50 50 0 0 0
1093 -0.192389 -0.00873708 0.01 103 103 0 0 0
1109 -0.165369 -0.00991555 0.01 49 49 0 0 0
1127 -0.165369 -0.00991555 0.01 49 50 0 0 0
1136 -0.157025 -0.0104091 0.01 50 50 0 0 0
1142 -0.165369 -0.010529 0.01 49 50 0 0 0
1171 -0.172468 -0.0101163 0.01 50 50 0 0 0
1258 -0.189055 -0.00873708 0.01 102 102 0 0 0
1260 -0.189055 -0.00873708 0.01 102 102 0 0 0
1266 -0.170508 -0.00991555 0.01 50 49 0 0 0
1269 -0.165369 -0.00989674 0.01 50 50 0 0 0
1279 -0.178741 -0.0094513 0.01 72 72 0 0 0
1285 -0.160319 -0.0101163 0.01 49 50 0 0 0
1293 -0.179995 -0.00916237 0.01 72 72 0 0 0
1296 -0.176343 -0.0101163 0.01 48 49 0 0 0
1300 -0.165369 -0.00989674 0.01 49 49 0 0 0
1305 -0.189055 -0.00873708 0.01 102 102 0 0 0
1309 -0.162049 -0.0101163 0.01 49 52 0 0 0
1318 -0.142582 -0.00996726 0.01 72 72 0 0 0
1346 -0.165369 -0.00989674 0.01 49 49 0 0 0
1348 -0.189055 -0.00873708 0.01 102 102 0 0 0
1351 -0.166331 -0.00952073 0.01 72 72 0 0 0
1359 -0.189055 -0.00873708 0.01 104 103 0 0 0
1369 -0.165369 -0.00989674 0.01 49 49 0 0 0
1373 -0.165369 -0.00991555 0.01 48 49 0 0 0
1403 -0.165369 -0.00989674 0.01 50 50 0 0 0
1408 -0.162049 -0.0101163 0.01 49 49 0 0 0
1409 -0.191784 -0.00873708 0.01 103 103 0.0207107 -0.00272909 0
1428 -0.159302 -0.00966958 0.01 72 72 0 0 0
1433 -0.108632 -0.009109 0.01 72 72 0 0 0
1459 -0.188069 -0.00849746 0.01 72 73 0 0 0
1468 -0.189055 -0.00850136 0.01 102 102 0.0355696 0 0.000235721
1476 -0.162049 -0.0101406 0.01 50 50 0 0 0
1478 -0.157025 -0.0101136 0.01 49 51 0 0 0
1479 -0.162049 -0.0101163 0.01 48 48 0 0 0
1490 -0.182713 -0.00991555 0.01 49 49 0 0 0
1510 -0.192389 -0.00873708 0.01 104 104 0 0 0
1519 -0.162049 -0.0101163 0.01 49 49 0 0 0
1525 -0.15535 -0.0101163 0.01 49 49 0 0 0
1540 -0.180251 -0.00989674 0.01 49 49 7.86781e-06 -0.014882 0
1545 -0.192389 -0.00873708 0.01 103 103 0 0 0
1566 -0.189055 -0.00873708 0.01 104 103 0 0 0
1574 -0.189055 -0.00857317 0.01 104 104 0 0 0
1577 -0.189055 -0.00873708 0.01 102 102 0 0 0
1590 -0.162049 -0.0101163 0.01 50 50 0 0 0
1600 -0.179609 -0.00854819 0.01 72 72 0 0 0
1609 -0.189055 -0.00873708 0.01 103 103 0 0 0
1613 -0.189055 -0.00873708 0.01 103 103 0 0 0
1616 -0.161079 -0.00849678 0.01 72 72 0 0 0
1628 -0.162049 -0.0101163 0.01 49 49 0 0 0
1629 -0.162049 -0.0101163 0.01 48 49 0 0 0
1647 -0.165369 -0.010529 0.01 50 50 0 0 0
1653 -0.200986 -0.0091108 0.01 102 102 0 0 0
1657 -0.162049 -0.0101163 0.01 48 48 0 0 0
1662 -0.192389 -0.00873708 0.01 104 104 0 0 0
1667 -0.189055 -0.00879345 0.01 102 102 0 0 0
1682 -0.173117 -0.00854819 0.01 72 72 0 0 0
1722 -0.165369 -0.00989674 0.01 50 50 0 0 0
1736 -0.165369 -0.00989674 0.01 50 50 0 0 0
1767 -0.179996 -0.0098269 0.01 72 72 -5.05149e-05 0 -8.61147e-05
1772 -0.157025 -0.0100071 0.01 49 51 0 0 0
1790 -0.165369 -0.010529 0.01 49 49 0 0 0
1795 -0.17715 -0.0101163 0.01 50 50 0 0 0
1798 -0.167775 -0.0101163 0.01 50 50 0 0 0
1816 -0.162049 -0.0101163 0.01 50 49 0 0 0
1821 -0.152007 -0.00885724 0.01 72 72 0 0 0
1823 -0.170377 -0.0104017 0.01 50 50 0 0 0
1830 -0.166324 -0.00967264 0.01 72 72 0 0 0
1845 -0.156692 -0.0103547 0.01 72 72 0 0 0
1870 -0.202163 -0.00873708 0.01 102 102 0 0 0
1874 -0.189055 -0.00873708 0.01 103 103 0 0 0
1895 -0.168453 -0.0101919 0.01 72 72 0 0 0
1902 -0.189055 -0.00857317 0.01 104 104 0 0 0
1918 -0.165369 -0.00989674 0.01 50 50 0 0 0
1920 -0.149593 -0.00904735 0.01 72 72 0 0 0
1942 -0.189055 -0.00873708 0.01 102 102 0 0 0
1978 -0.165505 -0.00882965 0.01 72 72 0 0 0
1998 -0.189055 -0.00873708 0.01 103 103 0 0 0
2016 -0.189055 -0.00873708 0.01 102 102 0 0 0
2032 -0.148219 -0.00988058 0.01 72 73 0 0 0
2034 -0.142087 -0.0101392 0.01 72 72 0.00236902 -0.00526482 0
2046 -0.150033 -0.0101163 0.01 50 50 0 0 0
2099 -0.176407 -0.00993551 0.01 72 73 0 0 0
2111 -0.165369 -0.00989674 0.01 50 50 0 0 0
2125 -0.108632 -0.009109 0.01 72 72 0 0 0
2139 -0.162049 -0.0101163 0.01 49 49 0 0 0
2153 -0.189055 -0.00873708 0.01 102 102 0 0 0
2156 -0.151835 -0.00996726 0.01 72 72 0 0 0
2159 -0.140099 -0.00913293 0.01 72 72 0 0 0
2173 -0.189055 -0.00873708 0.01 102 102 0 0 0
2184 -0.189055 -0.00873708 0.01 102 102 0 0 0
2192 -0.162049 -0.0100961 0.01 50 50 -1.04308e-07 0 2.02609e-05
2205 -0.189055 -0.00873708 0.01 102 102 0 0 0
2218 -0.189055 -0.00873708 0.01 102 102 0 0 0
2233 -0.162049 -0.0101163 0.01 50 50 0 0 0
2236 -0.189055 -0.00869736 0.01 103 103 0 0 0
2238 -0.197933 -0.00873708 0.01 102 102 0 0 0
2245 -0.162049 -0.00989674 0.01 49 51 0 0 0
2249 -0.168453 -0.0101919 0.01 72 72 0 0 0
2268 -0.189055 -0.00873708 0.01 103 103 0 0 0
2276 -0.165369 -0.00989674 0.01 50 51 0 0 0
2350 -0.162049 -0.0101163 0.01 49 50 0 0 0
2367 -0.165369 -0.00991555 0.01 49 49 0 0 0
2369 -0.189055 -0.00873708 0.01 103 103 0 0 0
2391 -0.189055 -0.00873708 0.01 102 102 0 0 0
2395 -0.162049 -0.0101163 0.01 49 49 0 0 0
2401 -0.165369 -0.00989674 0.01 48 49 0 0 0
2410 -0.162049 -0.0101163 0.01 50 50 0 0 0
2415 -0.165505 -0.00882965 0.01 72 72 0 0 0
2417 -0.19106 -0.00967264 0.01 72 72 0.00315161 -0.0282569 0
2425 -0.165369 -0.00989674 0.01 50 50 0 0 0
2447 -0.162049 -0.0101163 0.01 48 48 0 0 0
2449 -0.15535 -0.0101163 0.01 48 49 0 0 0
2456 -0.158981 -0.00896974 0.01 72 73 0 0 0
2474 -0.165369 -0.00989674 0.01 50 50 0 0 0
2477 -0.165761 -0.00916237 0.01 72 72 0 0 0
2482 -0.160582 -0.0095776 0.01 72 72 0 0 0
2526 -0.189055 -0.00873708 0.01 103 103 0 0 0
2527 -0.189055 -0.00873708 0.01 102 102 0 0 0
2529 -0.162049 -0.0101163 0.01 48 48 0 0 0
2547 -0.189258 -0.00873708 0.01 102 102 0 0 0
2559 -0.166331 -0.00967059 0.01 72 72 0 0 0
2561 -0.165505 -0.00882965 0.01 72 72 0 0 0
2570 -0.162049 -0.0101163 0.01 49 49 0 0 0
2587 -0.162049 -0.0101163 0.01 49 49 0 0 0
2597 -0.165369 -0.00989674 0.01 49 49 0 0 0
2598 -0.162049 -0.0101163 0.01 48 51 0 0 0
2614 -0.165369 -0.00989674 0.01 50 50 0 0 0
2635 -0.178387 -0.0094513 0.01 72 72 0 0 0
2637 -0.188341 -0.00873708 0.01 102 102 0 0 0
2638 -0.165369 -0.00989674 0.01 49 49 0 0 0
2640 -0.203419 -0.010146 0.01 72 72 -0.000338197 0.00895026 0
2652 -0.189055 -0.00873708 0.01 103 103 0 0 0
2681 -0.162049 -0.0101163 0.01 49 49 0 0 0
2720 -0.165369 -0.00989674 0.01 50 50 0 0 0
2723 -0.189055 -0.00873708 0.01 102 102 0 0 0
2731 -0.166331 -0.00952073 0.01 72 72 0 0 0
2745 -0.192389 -0.00873708 0.01 104 104 0 0 0
2794 -0.170508 -0.00991555 0.01 49 49 0 0 0
2796 -0.162947 -0.00907097 0.01 72 72 0 0 0
2802 -0.162049 -0.0101163 0.01 49 49 0 0 0
2804 -0.189055 -0.00873708 0.01 102 102 0 0 0
2827 -0.165369 -0.00989674 0.01 50 50 0 0 0
2837 -0.157025 -0.0101136 0.01 50 50 0 0 0
2839 -0.162049 -0.0101163 0.01 48 48 0 0 0
2841 -0.183135 -0.00970578 0.01 72 72 0 0 0
2888 -0.165369 -0.00989674 0.01 49 49 0 0 0
2892 -0.140099 -0.00913293 0.01 72 72 0 0 0
2893 -0.189055 -0.00873708 0.01 102 102 0 0 0
2896 -0.189055 -0.00873708 0.01 102 102 0 0 0
2901 -0.184815 -0.00930757 0.01 72 72 0.000118881 0 0.000261432
2904 -0.189055 -0.00873708 0.01 102 102 0 0 0
2907 -0.176407 -0.00993551 0.01 72 72 0 0 0
2924 -0.165369 -0.00989674 0.01 49 50 0 0 0
2925 -0.189055 -0.00873708 0.01 103 103 0 0 0
2965 -0.189055 -0.0091108 0.01 103 101 0 0 0
2972 -0.189055 -0.00873708 0.01 102 102 0 0 0
2976 -0.169385 -0.00890795 0.01 72 72 0 0 0
2981 -0.165369 -0.00960866 0.01 50 50 0 0 0
2990 -0.162049 -0.00989674 0.01 50 50 0 0 0
2992 -0.165369 -0.00982704 0.01 50 50 0 0 0
3005 -0.162049 -0.0101163 0.01 49 49 0 0 0
3009 -0.189055 -0.00873708 0.01 103 103 0 0 0
3025 -0.165369 -0.00989674 0.01 50 50 0 0 0
3032 -0.165369 -0.00989674 0.01 50 50 0 0 0
3036 -0.162049 -0.0101163 0.01 50 51 0 0 0
3038 -0.165369 -0.00989674 0.01 50 50 0 0 0
3052 -0.189055 -0.00873708 0.01 103 103 0 0 0
3114 -0.189055 -0.00888474 0.01 102 102 0 0 0
3123 -0.202163 -0.00873708 0.01 102 102 0 0 0
3150 -0.162049 -0.0101163 0.01 50 50 0 0 0
3169 -0.189055 -0.00873708 0.01 103 103 0 0 0
3172 -0.165369 -0.00989674 0.01 50 50 0 0 0
3192 -0.188341 -0.00873708 0.01 103 103 0 0 0
3201 -0.162049 -0.0101163 0.01 50 51 0 0 0
3205 -0.15535 -0.0101163 0.01 49 49 0 0 0
3241 -0.162049 -0.0101163 0.01 48 49 0 0 0
3244 -0.189055 -0.00873708 0.01 103 103 0 0 0
3264 -0.189055 -0.00873708 0.01 103 103 0 0 0
3284 -0.189055 -0.00873708 0.01 103 103 0 0 0
3299 -0.166248 -0.00989674 0.01 50 50 0 0 0
3331 -0.189055 -0.00873708 0.01 103 103 0 0 0
3340 -0.173229 -0.0101163 0.01 49 49 0 0 0
3371 -0.176436 -0.00989674 0.01 50 50 0 0 0
3376 -0.152007 -0.00878426 0.01 72 72 0 0 0
3398 -0.189055 -0.00873708 0.01 103 103 0 0 0
3403 -0.189055 -0.00873708 0.01 102 102 0 0 0
3417 -0.165369 -0.00989674 0.01 50 50 0 0 0
3439 -0.148782 -0.00854409 0.01 72 72 0 0 0
3440 -0.189055 -0.00873708 0.01 103 103 0 0 0
3455 -0.189055 -0.00873708 0.01 103 102 0 0 0
3464 -0.14505 -0.0101524 0.01 72 72 0 0 0
3465 -0.189055 -0.00844902 0.01 104 104 0.0214978 0 0.000124153
3476 -0.202163 -0.00873708 0.01 103 103 0 0 0
3529 -0.148219 -0.00988058 0.01 72 73 0 0 0
3533 -0.189055 -0.00873708 0.01 102 102 0 0 0
3563 -0.169385 -0.00890795 0.01 72 72 0 0 0
3622 -0.178741 -0.00957215 0.01 72 72 0 0 0
3624 -0.175259 -0.0097147 0.01 72 72 0 0 0
3627 -0.184815 -0.00973137 0.01 72 72 0 0 0
3667 -0.173117 -0.00854819 0.01 72 72 0 0 0
3670 -0.149279 -0.00927574 0.01 72 72 0 0 0
3680 -0.178741 -0.00957215 0.01 72 72 0 0 0
3724 -0.166248 -0.00989674 0.01 50 50 0 0 0
3727 -0.193391 -0.0105861 0.01 72 72 0 0 0
3757 -0.162049 -0.0101163 0.01 49 49 0 0 0
3765 -0.189055 -0.00873708 0.01 103 103 0 0 0
3829 -0.184488 -0.00873708 0.01 102 102 0 0 0
3832 -0.165369 -0.00989674 0.01 50 50 0 0 0
3853 -0.129914 -0.0101392 0.01 72 72 -0.00618233 0.0121724 0
3856 -0.165369 -0.00989674 0.01 50 50 0 0 0
3858 -0.189055 -0.00855276 0.01 104 104 0 0 0
3869 -0.178741 -0.00884573 0.01 72 72 0.000193268 0 0.000371408
3872 -0.157025 -0.0101136 0.01 49 50 0 0 0
3881 -0.189055 -0.00844902 0.01 104 104 0 0 0
3891 -0.162049 -0.0100413 0.01 49 49 -3.27826e-07 0 7.5046e-05
3898 -0.189055 -0.00873708 0.01 103 103 0 0 0
3901 -0.189055 -0.00873708 0.01 102 102 0 0 0
3905 -0.139596 -0.00894212 0.01 72 72 0 0 0
3907 -0.162049 -0.0101163 0.01 50 49 0 0 0
3916 -0.139596 -0.00894212 0.01 72 72 0 0 0
3922 -0.178741 -0.00921714 0.01 72 72 0 0 0
3946 -0.189055 -0.00873708 0.01 102 103 0 0 0
3949 -0.165369 -0.00989674 0.01 50 50 0 0 0
3952 -0.149279 -0.00927574 0.01 72 72 0 0 0
3964 -0.162049 -0.0103083 0.01 50 50 0 0 0
3970 -0.163245 -0.00890795 0.01 72 72 0 0 0
3971 -0.189055 -0.00869736 0.01 103 103 0 0 0
3985 -0.189055 -0.00873708 0.01 103 103 0 0 0
4001 -0.189055 -0.00859632 0.01 103 103 0 0 0
4003 -0.189055 -0.00873708 0.01 102 102 0 0 0
4005 -0.166324 -0.00967264 0.01 72 72 0 0 0
4008 -0.20041 -0.0105861 0.01 72 72 0 0 0
4027 -0.189055 -0.00873708 0.01 103 103 0 0 0
4038 -0.165369 -0.010529 0.01 50 50 0 0 0
4042 -0.189055 -0.00873708 0.01 103 103 0 0 0
4045 -0.140099 -0.00913293 0.01 72 72 0 0 0
4049 -0.189055 -0.00857317 0.01 104 104 0 0 0
4051 -0.215909 -0.00888084 0.01 102 102 0 0 0
4056 -0.178387 -0.0094513 0.01 72 72 0 0 0
4093 -0.178387 -0.0094513 0.01 72 72 0 0 0
4112 -0.189055 -0.00873708 0.01 102 102 0 0 0
4115 -0.212369 -0.010146 0.01 72 72 0 0 0
4136 -0.165369 -0.00989674 0.01 50 50 0 0 0
4145 -0.164684 -0.00854409 0.01 72 72 0 0 0
4147 -0.149279 -0.00927574 0.01 72 72 0 0 0
4158 -0.162049 -0.0101163 0.01 49 49 0 0 0
4167 -0.179996 -0.0100885 0.01 72 72 0 0 0
4182 -0.162049 -0.0101163 0.01 48 48 0 0 0
4195 -0.157571 -0.00964375 0.01 72 72 0 0 0
4229 -0.203419 -0.010146 0.01 72 72 0 0 0
4262 -0.165369 -0.00989674 0.01 49 49 0 0 0
4285 -0.165369 -0.00989674 0.01 50 50 0 0 0
4286 -0.146143 -0.00917058 0.01 72 72 0 0 0
4295 -0.152007 -0.00878426 0.01 72 72 0 0 0
4337 -0.165369 -0.00989674 0.01 50 51 0 0 0
4338 -0.165761 -0.00916237 0.01 72 72 0 0 0
4366 -0.15535 -0.0101163 0.01 49 49 0 0 0
4375 -0.165369 -0.00989674 0.01 50 50 0 0 0
4391 -0.156692 -0.0103547 0.01 72 72 0 0 0
4407 -0.188341 -0.00873708 0.01 102 102 0 0 0
4471 -0.215909 -0.00888084 0.01 102 102 0 0 0
4485 -0.189055 -0.00869736 0.01 103 103 0 0 0
4535 -0.189055 -0.00873708 0.01 102 102 0 0 0
4545 -0.189055 -0.00864596 0.01 102 102 0 0 0
4552 -0.155359 -0.00849678 0.01 72 72 0 0 0
4559 -0.189055 -0.00873708 0.01 103 103 0 0 0
4560 -0.165369 -0.00989674 0.01 50 50 0 0 0
4562 -0.162049 -0.00989674 0.01 50 50 0 0 0
4594 -0.189055 -0.00873708 0.01 102 102 0 0 0
4598 -0.165369 -0.00960866 0.01 50 50 0 0 0
4600 -0.165369 -0.00989674 0.01 50 50 0 0 0
4621 -0.189055 -0.00873708 0.01 102 102 0 0 0
4623 -0.16198 -0.00884046 0.01 72 74 0 0 0
4626 -0.195169 -0.00873708 0.01 102 102 0.00358829 -0.000509664 0
4652 -0.178741 -0.00921714 0.01 72 72 0 0 0
4661 -0.165369 -0.010529 0.01 50 50 0 0 0
4675 -0.165369 -0.00989674 0.01 49 49 0 0 0
4681 -0.194274 -0.00890105 0.01 102 102 0 0 0
4713 -0.165369 -0.00989674 0.01 50 50 0 0 0
4722 -0.166331 -0.00952073 0.01 72 72 0 0 0
4736 -0.189055 -0.00857317 0.01 104 104 0 0 0
4744 -0.165369 -0.00989674 0.01 50 50 0 0 0
4751 -0.146143 -0.0091054 0.01 72 72 0 0 0
4784 -0.189055 -0.00872198 0.01 102 103 0.00246835 0 1.51023e-05
4809 -0.165369 -0.00989674 0.01 49 49 0 0 0
4819 -0.18826 -0.00873708 0.01 102 101 -0.0677875 0.0102351 0
4844 -0.140099 -0.00913293 0.01 72 72 0 0 0
4849 -0.165369 -0.00989674 0.01 50 50 0 0 0
4864 -0.173229 -0.0101163 0.01 49 49 0 0 0
4880 -0.193391 -0.0105861 0.01 72 72 0 0 0
4899 -0.163524 -0.00970845 0.01 72 73 0 0 0
4902 -0.162049 -0.0101163 0.01 50 50 0 0 0
4913 -0.165369 -0.00991555 0.01 49 49 0 0 0
4914 -0.165369 -0.00989674 0.01 50 50 0 0 0
4918 -0.189055 -0.0086824 0.01 103 103 0 0 0
4926 -0.189055 -0.00873708 0.01 103 103 0 0 0
4929 -0.165369 -0.00989674 0.01 50 50 0 0 0
4931 -0.157025 -0.0101136 0.01 50 50 0 0 0
5004 -0.157025 -0.0100071 0.01 49 49 0 0 0
5022 -0.189055 -0.00857317 0.01 104 104 0 0 0
5023 -0.192389 -0.00873708 0.01 104 104 0 0 0
5026 -0.162049 -0.0101163 0.01 49 49 0 0 0
5030 -0.189055 -0.00859632 0.01 103 103 0 0 0
5033 -0.165369 -0.00989674 0.01 50 50 0 0 0
5070 -0.188341 -0.00873708 0.01 103 103 0 0 0
5086 -0.170595 -0.00982704 0.01 50 50 4.29153e-06 -0.0052259 0
5105 -0.162005 -0.00973137 0.01 72 72 0 0 0
5115 -0.189055 -0.00873708 0.01 102 102 0 0 0
5125 -0.189055 -0.00872198 0.01 102 102 0 0 0
5134 -0.176436 -0.00989674 0.01 50 50 0 0 0
5148 -0.162049 -0.0101163 0.01 49 49 0 0 0
5150 -0.161079 -0.00849678 0.01 72 72 0 0 0
5164 -0.192389 -0.00873708 0.01 104 104 0 0 0
5189 -0.189055 -0.00873708 0.01 103 103 0 0 0
5201 -0.165369 -0.00989674 0.01 49 49 0 0 0
5217 -0.189055 -0.00873708 0.01 102 102 0 0 0
5225 -0.189055 -0.00873708 0.01 102 102 0 0 0
5235 -0.189055 -0.00873708 0.01 102 102 0 0 0
5241 -0.192389 -0.00873708 0.01 103 103 0 0 0
5254 -0.189055 -0.00873708 0.01 102 103 0 0 0
5274 -0.15535 -0.0101163 0.01 49 49 0 0 0
5282 -0.157571 -0.00964375 0.01 72 72 0 0 0
5291 -0.189055 -0.00857317 0.01 104 104 0 0 0
5302 -0.192389 -0.00873708 0.01 104 104 0 0 0
5308 -0.162049 -0.00989674 0.01 50 50 0 0 0
5312 -0.172468 -0.0101163 0.01 50 50 0 0 0
5330 -0.168551 -0.0101163 0.01 49 49 0 0 0
5336 -0.165369 -0.00984169 0.01 50 50 -2.45869e-07 0 5.50505e-05
5338 -0.189055 -0.00857317 0.01 103 103 0 0 0
5359 -0.165369 -0.00989674 0.01 49 49 0 0 0
5385 -0.189055 -0.00873708 0.01 102 102 0 0 0
5396 -0.189055 -0.00873708 0.01 102 102 0 0 0
5419 -0.189055 -0.00873708 0.01 102 102 0 0 0
5431 -0.189055 -0.00869736 0.01 103 103 0 0 0
5445 -0.189055 -0.00873708 0.01 102 102 0 0 0
5452 -0.170508 -0.00991555 0.01 49 49 0 0 0
5473 -0.189055 -0.00873708 0.01 102 102 0 0 0
5536 -0.162049 -0.0101163 0.01 49 49 0 0 0
5548 -0.131453 -0.0101392 0.01 72 72 -0.00288756 0.0053692 0
5552 -0.162049 -0.0101163 0.01 50 50 0 0 0
5553 -0.165369 -0.00989674 0.01 50 50 0 0 0
5584 -0.151835 -0.00996726 0.01 72 72 0 0 0
5609 -0.157571 -0.00964375 0.01 72 72 0 0 0
5611 -0.189055 -0.00873708 0.01 103 103 0 0 0
5642 -0.189055 -0.00857317 0.01 104 104 0 0 0
5711 -0.178741 -0.00957215 0.01 72 72 0 0 0
5720 -0.192389 -0.00873708 0.01 104 104 0 0 0
5726 -0.173117 -0.00854819 0.01 72 73 0 0 0
5733 -0.189055 -0.00873708 0.01 102 102 0 0 0
5802 -0.189055 -0.00873708 0.01 103 103 0 0 0
5827 -0.165369 -0.00989674 0.01 50 50 0 0 0
5863 -0.165369 -0.00989674 0.01 50 50 0 0 0
5882 -0.14698 -0.00990339 0.01 72 72 0 0 0
5886 -0.165369 -0.00989674 0.01 50 50 0 0 0
5888 -0.189055 -0.00864187 0.01 102 102 0 0 0
5934 -0.189055 -0.00873708 0.01 102 102 0 0 0
5991 -0.157025 -0.0104091 0.01 50 50 0 0 0
6002 -0.189055 -0.00857317 0.01 104 104 0 0 0
6013 -0.165369 -0.00989674 0.01 50 50 0 0 0
6022 -0.162049 -0.0101163 0.01 48 49 0 0 0
6032 -0.162049 -0.00997835 0.01 50 50 0 0 0
6054 -0.215909 -0.0091108 0.01 102 102 0 0 0
6061 -0.189055 -0.00873708 0.01 102 102 0 0 0
6065 -0.189055 -0.00873708 0.01 102 103 0 0 0
6069 -0.189055 -0.00873708 0.01 102 102 0 0 0
6076 -0.169385 -0.00890795 0.01 72 72 0 0 0
6080 -0.162049 -0.0101163 0.01 49 49 0 0 0
6085 -0.160908 -0.00989674 0.01 50 51 0 0 0
6087 -0.160398 -0.00978847 0.01 72 71 0 0 0
6115 -0.146143 -0.00900508 0.01 72 72 0 0 0
6122 -0.189055 -0.00875478 0.01 102 102 0 0 0
6139 -0.162049 -0.0101163 0.01 48 48 0 0 0
6144 -0.162049 -0.0101163 0.01 50 50 0 0 0
6158 -0.179609 -0.00854819 0.01 72 72 0.00055331 -0.00649132 0
6161 -0.165369 -0.00989674 0.01 50 50 0 0 0
6178 -0.162049 -0.0101163 0.01 48 48 0 0 0
6186 -0.173117 -0.00854819 0.01 72 72 0 0 0
6192 -0.162049 -0.0101163 0.01 50 50 0 0 0
6194 -0.178741 -0.00971939 0.01 72 72 0 0 0
6203 -0.157025 -0.0101136 0.01 50 50 0 0 0
6245 -0.189055 -0.00873708 0.01 103 103 0 0 0
6250 -0.137217 -0.00887881 0.01 72 72 0 0 0
6251 -0.165505 -0.00882965 0.01 72 71 0 0 0
6254 -0.148619 -0.00954023 0.01 72 71 0 0 0
6271 -0.178741 -0.0094513 0.01 72 72 0 0 0
6276 -0.162049 -0.0101163 0.01 49 49 0 0 0
6280 -0.162049 -0.0101163 0.01 50 49 0 0 0
6285 -0.165369 -0.00989674 0.01 50 50 0 0 0
6316 -0.189055 -0.00873708 0.01 103 102 0 0 0
6344 -0.166331 -0.00967059 0.01 72 72 0 0 0
6349 -0.189055 -0.00873708 0.01 102 102 0 0 0
6362 -0.169385 -0.00890795 0.01 72 72 0 0 0
6364 -0.189055 -0.00873708 0.01 102 102 0 0 0
6381 -0.165369 -0.00989674 0.01 50 50 0 0 0
6382 -0.108632 -0.009109 0.01 72 72 0 0 0
6383 -0.189055 -0.00869736 0.01 103 103 0 0 0
6385 -0.189055 -0.00844902 0.01 104 104 0 0 0
6398 -0.162049 -0.0101163 0.01 50 50 0 0 0
6402 -0.157025 -0.0101136 0.01 50 50 0 0 0
6422 -0.149793 -0.00989674 0.01 50 50 0 0 0
6433 -0.165369 -0.00989674 0.01 49 49 0 0 0
6459 -0.108632 -0.009109 0.01 72 72 0 0 0
6469 -0.165369 -0.00989674 0.01 50 51 0 0 0
6480 -0.162049 -0.0101163 0.01 49 49 0 0 0
6489 -0.178741 -0.00921714 0.01 72 72 0 0 0
6540 -0.2008 -0.00869736 0.01 104 104 0 0 0
6547 -0.165369 -0.010529 0.01 50 50 0 0 0
6548 -0.179403 -0.00849746 0.01 72 72 0 0 0
6552 -0.166324 -0.00967264 0.01 72 72 0 0 0
6553 -0.179996 -0.0100885 0.01 72 72 0 0 0
6561 -0.189055 -0.00857317 0.01 104 104 0 0 0
6563 -0.138019 -0.00989674 0.01 50 52 0 0 0
6564 -0.162277 -0.00958427 0.01 72 72 0 0 0
6577 -0.165369 -0.00989674 0.01 49 49 0 0 0
6586 -0.189055 -0.00844902 0.01 104 104 0 0 0
6596 -0.192389 -0.00873708 0.01 103 103 0 0 0
6597 -0.173117 -0.00854819 0.01 72 71 0 0 0
6603 -0.173117 -0.00854819 0.01 72 72 0 0 0
6608 -0.162049 -0.0101163 0.01 50 49 0 0 0
6619 -0.165369 -0.00991555 0.01 50 50 0 0 0
6620 -0.149279 -0.00927574 0.01 72 72 0 0 0
6625 -0.189055 -0.00873708 0.01 102 102 0 0 0
6629 -0.170508 -0.00991555 0.01 49 49 0 0 0
6635 -0.165369 -0.00989674 0.01 50 50 0 0 0
6655 -0.162049 -0.0101163 0.01 48 49 0 0 0
6665 -0.189055 -0.00839054 0.01 102 102 0 0 0
6668 -0.162049 -0.00989674 0.01 50 50 0 0 0
6709 -0.131453 -0.0104881 0.01 72 72 -0.00127134 0 -0.000348905
6712 -0.189055 -0.00875478 0.01 102 102 0 0 0
6722 -0.162049 -0.0101163 0.01 50 50 0 0 0
6724 -0.165369 -0.010529 0.01 50 50 0 0 0
6726 -0.189055 -0.00865953 0.01 103 103 0 0 0
6739 -0.165369 -0.00989674 0.01 48 48 0 0 0
6750 -0.162005 -0.00973137 0.01 72 72 0 0 0
6752 -0.11417 -0.009109 0.01 72 72 0 0 0
6772 -0.15535 -0.0101163 0.01 49 49 0 0 0
6789 -0.157534 -0.0101163 0.01 49 49 0 0 0
6802 -0.166324 -0.00967264 0.01 72 72 0 0 0
6809 -0.162049 -0.0101163 0.01 50 50 0 0 0
6811 -0.179995 -0.00916237 0.01 72 72 0 0 0
6838 -0.189055 -0.00873708 0.01 103 103 0 0 0
6865 -0.169434 -0.00895081 0.01 72 72 0 0 0
6873 -0.189055 -0.00873708 0.01 103 103 0 0 0
6877 -0.189055 -0.00873708 0.01 103 103 0 0 0
6893 -0.162049 -0.0101163 0.01 50 50 0 0 0
6907 -0.189055 -0.00872983 0.01 103 103 0.00118557 0 7.25314e-06
6920 -0.163524 -0.00970845 0.01 72 73 0 0 0
6941 -0.189055 -0.00857317 0.01 104 104 0 0 0
6951 -0.176343 -0.0101163 0.01 49 49 0 0 0
6960 -0.148619 -0.00954023 0.01 72 71 0 0 0
6975 -0.165369 -0.00989674 0.01 50 51 0 0 0
6988 -0.148619 -0.00954023 0.01 72 72 0 0 0
6998 -0.179996 -0.00974079 0.01 72 72 0 0 0
7005 -0.141071 -0.00873824 0.01 72 72 0 0 0
7007 -0.165369 -0.010529 0.01 48 49 0 0 0
7051 -0.162049 -0.0101163 0.01 49 49 0 0 0
7052 -0.189055 -0.00873708 0.01 102 102 0 0 0
7053 -0.15535 -0.0101163 0.01 48 48 0 0 0
7067 -0.189055 -0.00873708 0.01 102 102 0 0 0
7094 -0.192389 -0.00873708 0.01 103 103 0 0 0
7096 -0.156692 -0.0103547 0.01 72 72 0 0 0
7098 -0.192389 -0.00873708 0.01 104 104 0 0 0
7105 -0.165369 -0.00989674 0.01 50 50 0 0 0
7111 -0.15535 -0.0101163 0.01 49 49 0 0 0
7167 -0.212369 -0.010146 0.01 72 72 0 0 0
7170 -0.165369 -0.00989674 0.01 50 50 0 0 0
7182 -0.168453 -0.0101919 0.01 72 72 0 0 0
7190 -0.189055 -0.00844902 0.01 104 104 0 0 0
7191 -0.162049 -0.00989674 0.01 50 50 0 0 0
7207 -0.157025 -0.0104091 0.01 50 50 0 0 0
7209 -0.162049 -0.0101163 0.01 50 51 0 0 0
7226 -0.189055 -0.00857317 0.01 104 104 0 0 0
7243 -0.165369 -0.00989674 0.01 50 50 0 0 0
7249 -0.166331 -0.00952073 0.01 72 72 0 0 0
7269 -0.189055 -0.00873708 0.01 103 103 0 0 0
7291 -0.165369 -0.00989674 0.01 49 49 0 0 0
7309 -0.189055 -0.00873708 0.01 103 103 0 0 0
7318 -0.189055 -0.00873708 0.01 103 103 0 0 0
7331 -0.189055 -0.00839054 0.01 102 102 0 0 0
7349 -0.108632 -0.009109 0.01 72 72 0 0 0
7372 -0.157025 -0.0104091 0.01 50 50 0 0 0
7374 -0.189055 -0.00873708 0.01 103 103 0 0 0
7375 -0.146143 -0.00917058 0.01 72 72 0 0 0
7379 -0.189055 -0.00873708 0.01 102 102 0 0 0
7387 -0.162049 -0.0101163 0.01 49 49 0 0 0
7394 -0.162803 -0.00967264 0.01 72 72 0 0 0
7413 -0.189055 -0.00865953 0.01 103 103 0 0 0
7435 -0.193391 -0.0105836 0.01 72 72 0 0 0
7444 -0.165369 -0.00989674 0.01 50 50 0 0 0
7454 -0.192517 -0.0100134 0.01 72 72 0 0 0
7462 -0.215909 -0.00888084 0.01 102 102 0 0 0
7468 -0.17715 -0.0101163 0.01 50 50 1.8619e-05 -0.0217997 0
7470 -0.163245 -0.00890795 0.01 72 72 0 0 0
7477 -0.143949 -0.00927574 0.01 72 72 -0.00156461 0.00533028 0
7479 -0.162049 -0.0101163 0.01 50 50 0 0 0
7491 -0.162049 -0.0101163 0.01 49 49 0 0 0
7500 -0.165761 -0.00916237 0.01 72 72 0 0 0
7521 -0.165369 -0.00959323 0.01 50 50 -1.40816e-06 0 0.000303515
7562 -0.162049 -0.0101163 0.01 49 49 0 0 0
7563 -0.178741 -0.0094513 0.01 72 73 0 0 0
7572 -0.165369 -0.00989674 0.01 50 50 0 0 0
7575 -0.176436 -0.00989674 0.01 50 50 0 0 0
7602 -0.157534 -0.0101163 0.01 49 49 0 0 0
7630 -0.192389 -0.00873708 0.01 104 104 0 0 0
7662 -0.189055 -0.00873708 0.01 103 103 0 0 0
7663 -0.189055 -0.00873708 0.01 103 103 0 0 0
7681 -0.108249 -0.00876505 0.01 72 72 0 0 0
7682 -0.189055 -0.00873708 0.01 103 103 0 0 0
7723 -0.161497 -0.00989674 0.01 49 49 -2.92063e-06 0.00387216 0
7752 -0.165761 -0.00916237 0.01 72 72 0 0 0
7763 -0.177728 -0.00993551 0.01 72 72 0 0 0
7770 -0.165369 -0.00989674 0.01 50 50 0 0 0
7790 -0.148782 -0.00854409 0.01 72 72 0 0 0
7793 -0.156709 -0.0101163 0.01 49 49 -4.5076e-06 0.00534064 0
7803 -0.178741 -0.00957215 0.01 72 72 0 0 0
7814 -0.189055 -0.00873708 0.01 102 102 0 0 0
7818 -0.137217 -0.00887881 0.01 72 72 0 0 0
7826 -0.189055 -0.00873708 0.01 102 103 0 0 0
7835 -0.189055 -0.00873708 0.01 103 103 0 0 0
7841 -0.189055 -0.00873708 0.01 103 102 0 0 0
7867 -0.165505 -0.00882965 0.01 72 72 0 0 0
7870 -0.188341 -0.00873708 0.01 103 103 0 0 0
7871 -0.195169 -0.00873708 0.01 102 102 0 0 0
7889 -0.162049 -0.0101163 0.01 48 48 0 0 0
7906 -0.166331 -0.00967059 0.01 72 72 0 0 0
7908 -0.19532 -0.00857317 0.01 104 104 0 0 0
7912 -0.189055 -0.00865953 0.01 103 103 0 0 0
7930 -0.14953 -0.00961965 0.01 72 72 0 0 0
7948 -0.189055 -0.00873708 0.01 103 103 0 0 0
7956 -0.189055 -0.00873708 0.01 102 102 0 0 0
7965 -0.155447 -0.0101136 0.01 50 50 -1.9297e-06 0.00157808 0
8006 -0.178387 -0.0094513 0.01 72 72 0 0 0
8013 -0.162049 -0.0101163 0.01 49 50 0 0 0
8015 -0.146143 -0.0091054 0.01 72 72 0 0 0
8028 -0.189055 -0.00873708 0.01 102 102 0 0 0
8032 -0.162049 -0.0101163 0.01 49 49 0 0 0
8040 -0.189055 -0.00844902 0.01 104 104 0 0 0
8058 -0.192001 -0.00873708 0.01 102 102 0 0 0
8092 -0.162049 -0.0101163 0.01 50 50 0 0 0
8093 -0.189055 -0.00873708 0.01 103 103 0 0 0
8137 -0.162049 -0.0101163 0.01 48 48 0 0 0
8157 -0.164662 -0.00997835 0.01 50 50 0 0 0
8169 -0.189055 -0.00857317 0.01 104 104 0 0 0
8175 -0.189055 -0.00873708 0.01 102 102 0 0 0
8176 -0.162049 -0.0101163 0.01 50 50 0 0 0
8184 -0.165369 -0.00989674 0.01 50 50 0 0 0
8187 -0.189055 -0.00873708 0.01 102 102 0 0 0
8190 -0.162049 -0.0101163 0.01 50 50 0 0 0
8201 -0.189055 -0.00873708 0.01 102 102 0 0 0
8228 -0.178741 -0.00921714 0.01 72 72 0 0 0
8240 -0.142582 -0.00996726 0.01 72 72 0 0 0
8241 -0.162049 -0.0101163 0.01 49 49 0 0 0
8244 -0.178741 -0.0094513 0.01 72 72 0 0 0
8261 -0.142582 -0.0101279 0.01 72 72 -0.000381976 0 -0.000160589
8282 -0.189055 -0.00873708 0.01 102 102 0 0 0
8286 -0.166331 -0.00967059 0.01 72 72 0 0 0
8324 -0.189055 -0.00873708 0.01 103 103 0 0 0
8330 -0.142582 -0.00996726 0.01 72 72 0 0 0
8340 -0.165369 -0.00989674 0.01 50 50 0 0 0
8350 -0.189055 -0.00873708 0.01 102 102 0 0 0
8356 -0.189055 -0.00859632 0.01 103 103 0 0 0
8371 -0.162049 -0.0101163 0.01 49 49 0 0 0
8410 -0.189055 -0.00873708 0.01 103 103 0 0 0
8420 -0.192389 -0.00873708 0.01 102 102 0 0 0
8437 -0.189055 -0.00873708 0.01 102 102 0 0 0
8440 -0.189055 -0.00873708 0.01 103 103 0 0 0
8446 -0.189055 -0.00873708 0.01 102 102 0 0 0
8451 -0.189055 -0.00865953 0.01 103 103 0 0 0
8452 -0.165369 -0.00989674 0.01 50 50 0 0 0
8462 -0.189055 -0.00862447 0.01 102 101 0 0 0
8487 -0.165369 -0.00989674 0.01 50 50 0 0 0
8491 -0.189055 -0.00844902 0.01 104 104 0 0 0
8506 -0.189055 -0.00873708 0.01 102 103 0 0 0
8507 -0.165369 -0.00989674 0.01 50 50 0 0 0
8517 -0.163524 -0.00970845 0.01 72 72 0 0 0
8546 -0.178741 -0.00916324 0.01 72 72 0 0 0
8548 -0.192389 -0.00873708 0.01 104 104 0 0 0
8558 -0.189055 -0.00873708 0.01 103 103 0 0 0
8562 -0.165369 -0.00989674 0.01 50 50 0 0 0
8571 -0.162049 -0.0101163 0.01 49 49 0 0 0
8601 -0.157025 -0.0101136 0.01 50 50 0 0 0
8612 -0.162049 -0.0101163 0.01 50 50 0 0 0
8630 -0.165369 -0.00989674 0.01 50 50 0 0 0
8638 -0.2008 -0.00869736 0.01 104 104 0 0 0
8663 -0.189055 -0.00873708 0.01 102 102 0 0 0
8677 -0.189055 -0.00873708 0.01 102 102 0 0 0
8696 -0.158754 -0.00966958 0.01 72 73 -0.000139534 0.000547841 0
8746 -0.178387 -0.0094513 0.01 72 72 0 0 0
8764 -0.165369 -0.00989674 0.01 50 50 0 0 0
8796 -0.178741 -0.00921714 0.01 72 72 0 0 0
8811 -0.165369 -0.00989674 0.01 50 50 0 0 0
8828 -0.162049 -0.0101163 0.01 49 49 0 0 0
8863 -0.189055 -0.00873708 0.01 102 102 0 0 0
8869 -0.165369 -0.00989674 0.01 50 50 0 0 0
8875 -0.15535 -0.0101163 0.01 49 49 0 0 0
8889 -0.165761 -0.00916237 0.01 72 72 0 0 0
8894 -0.20041 -0.0105861 0.01 72 73 0 0 0
8900 -0.189772 -0.00844902 0.01 104 104 0.00562996 -0.000717282 0
8901 -0.189055 -0.00873708 0.01 103 103 0 0 0
8912 -0.189055 -0.00877687 0.01 103 103 0 0 0
8919 -0.165369 -0.00989674 0.01 50 50 0 0 0
8929 -0.165369 -0.00989674 0.01 48 50 0 0 0
8965 -0.189055 -0.00857317 0.01 104 104 0 0 0
8977 -0.189055 -0.00873708 0.01 102 102 0 0 0
8978 -0.157571 -0.00964375 0.01 72 72 0 0 0
9032 -0.162049 -0.0101163 0.01 49 49 0 0 0
9040 -0.189055 -0.00873708 0.01 102 102 0 0 0
9049 -0.202163 -0.00873708 0.01 103 103 0 0 0
9076 -0.165505 -0.00882965 0.01 72 72 0 0 0
9121 -0.189055 -0.00857317 0.01 103 103 0 0 0
9126 -0.165369 -0.00989674 0.01 49 49 0 0 0
9138 -0.172712 -0.00981146 0.01 72 73 0 0 0
9140 -0.189055 -0.00873708 0.01 102 102 0 0 0
9143 -0.189055 -0.00873708 0.01 103 103 0 0 0
9151 -0.142582 -0.00996726 0.01 72 72 0 0 0
9162 -0.162049 -0.00997835 0.01 49 50 0 0 0
9166 -0.19962 -0.00857317 0.01 104 104 0.082154 -0.0105651 0
9168 -0.189055 -0.00869736 0.01 103 103 0 0 0
9185 -0.179996 -0.00974079 0.01 72 72 0 0 0
9208 -0.178741 -0.00971939 0.01 72 72 0 0 0
9215 -0.168453 -0.0101919 0.01 72 72 0 0 0
9231 -0.192389 -0.00873708 0.01 102 104 0 0 0
9246 -0.192517 -0.0100134 0.01 72 72 0 0 0
9258 -0.163524 -0.00970845 0.01 72 73 0 0 0
9275 -0.189055 -0.00862447 0.01 102 102 0 0 0
9322 -0.170508 -0.00991555 0.01 49 49 0 0 0
9338 -0.172468 -0.0101163 0.01 50 50 0 0 0
9354 -0.157534 -0.0101163 0.01 49 49 0 0 0
9370 -0.19529 -0.010039 0.01 72 72 0 0 0
9391 -0.162049 -0.0102329 0.01 49 49 4.69387e-07 0 -0.000116615
9393 -0.163245 -0.00890795 0.01 72 72 0 0 0
9411 -0.173117 -0.00854819 0.01 72 72 0 0 0
9417 -0.189055 -0.00873708 0.01 102 102 0 0 0
9418 -0.165369 -0.00989674 0.01 50 50 0 0 0
9434 -0.162049 -0.0101163 0.01 50 50 0 0 0
9435 -0.162049 -0.0101163 0.01 49 49 0 0 0
9447 -0.162049 -0.0101163 0.01 48 48 0 0 0
9450 -0.162049 -0.00989674 0.01 50 50 0 0 0
9458 -0.165369 -0.00989674 0.01 48 50 0 0 0
9493 -0.189055 -0.00865953 0.01 103 103 0 0 0
9513 -0.162049 -0.0101163 0.01 48 49 0 0 0
9523 -0.162049 -0.0101163 0.01 49 49 0 0 0
9524 -0.189055 -0.00873708 0.01 103 103 0 0 0
9539 -0.176643 -0.00876424 0.01 72 71 0 0 0
9562 -0.189055 -0.00873708 0.01 103 102 0 0 0
9567 -0.189055 -0.00873708 0.01 103 103 0 0 0
9573 -0.189055 -0.00873708 0.01 102 102 0 0 0
9578 -0.189055 -0.00857317 0.01 104 104 0 0 0
9581 -0.192389 -0.00873708 0.01 104 104 0 0 0
9585 -0.165369 -0.00989674 0.01 50 50 0 0 0
9602 -0.15535 -0.0101163 0.01 48 48 0 0 0
9610 -0.165369 -0.00960866 0.01 49 49 0 0 0
9633 -0.189055 -0.00873708 0.01 103 103 0 0 0
9651 -0.152007 -0.00878426 0.01 72 72 0 0 0
9673 -0.162049 -0.00989674 0.01 50 50 0 0 0
9678 -0.169434 -0.00895081 0.01 72 72 0 0 0
9708 -0.136822 -0.0100272 0.01 72 72 0 0 0
9714 -0.108632 -0.009109 0.01 72 72 0 0 0
9722 -0.192389 -0.00873708 0.01 103 103 0 0 0
9737 -0.189055 -0.00873708 0.01 102 102 0 0 0
9759 -0.165369 -0.00989674 0.01 49 49 0 0 0
9766 -0.165369 -0.00989674 0.01 50 50 0 0 0
9776 -0.2008 -0.00869736 0.01 104 103 0.0872526 -0.0117447 0
9779 -0.162049 -0.0101163 0.01 50 50 0 0 0
9783 -0.189055 -0.00864187 0.01 102 102 0 0 0
9794 -0.189055 -0.00857317 0.01 103 103 0 0 0
9800 -0.189055 -0.00873708 0.01 103 103 0 0 0
9816 -0.189055 -0.00855276 0.01 104 104 0 0 0
9875 -0.162049 -0.0101163 0.01 50 51 0 0 0
9887 -0.162049 -0.0101163 0.01 48 49 0 0 0
9894 -0.189055 -0.00873708 0.01 102 102 0 0 0
9896 -0.189055 -0.00873708 0.01 103 103 0 0 0
9902 -0.162049 -0.00978807 0.01 49 49 -1.41561e-06 0 0.000328258
9907 -0.189055 -0.00873708 0.01 102 102 0 0 0
9912 -0.165369 -0.00991555 0.01 49 49 0 0 0
9967 -0.215909 -0.00888084 0.01 102 102 0 0 0
9981 -0.215909 -0.00888084 0.01 102 102 0 0 0
9990 -0.202163 -0.00873708 0.01 102 102 0 0 0
10006 -0.189258 -0.00873708 0.01 102 102 0 0 0
10049 -0.189055 -0.00873708 0.01 103 103 0 0 0
10050 -0.189055 -0.00857317 0.01 104 104 0 0 0
10053 -0.146143 -0.00917058 0.01 72 72 0 0 0
10096 -0.189055 -0.00873708 0.01 103 103 0 0 0
10105 -0.165369 -0.00989674 0.01 50 50 0 0 0
10114 -0.189055 -0.00857317 0.01 104 104 0 0 0
10123 -0.179609 -0.00854819 0.01 72 72 0 0 0
10178 -0.165265 -0.00970604 0.01 72 72 0 0 0
10188 -0.163524 -0.00970845 0.01 72 72 0 0 0
10198 -0.179403 -0.00849746 0.01 72 72 0 0 0
10221 -0.189055 -0.00865953 0.01 103 103 0 0 0
10261 -0.162049 -0.0101163 0.01 50 50 0 0 0
10273 -0.189055 -0.00857317 0.01 104 104 0 0 0
10282 -0.151835 -0.00996726 0.01 72 72 0 0 0
10295 -0.178741 -0.00971939 0.01 72 72 0 0 0
10314 -0.146143 -0.0091054 0.01 72 72 0 0 0
10327 -0.189055 -0.00857317 0.01 104 104 0 0 0
10329 -0.162049 -0.0101163 0.01 49 49 0 0 0
10336 -0.162049 -0.0101163 0.01 49 49 0 0 0
10353 -0.162049 -0.0101163 0.01 49 49 0 0 0
10375 -0.165369 -0.00989674 0.01 50 50 0 0 0
10389 -0.183135 -0.00970578 0.01 72 72 0 0 0
10418 -0.137217 -0.00887881 0.01 72 72 0 0 0
10458 -0.215909 -0.0091108 0.01 102 102 0 0 0
10466 -0.165369 -0.00989674 0.01 50 50 0 0 0
10487 -0.184815 -0.009569 0.01 72 72 0 0 0
10517 -0.108632 -0.009109 0.01 72 72 0 0 0
10518 -0.14698 -0.00990339 0.01 72 72 0 0 0
10521 -0.197933 -0.00873708 0.01 102 102 0 0 0
10538 -0.162049 -0.00989674 0.01 50 50 0 0 0
10577 -0.189055 -0.00873708 0.01 103 103 0 0 0
10591 -0.149279 -0.00927574 0.01 72 72 0 0 0
10597 -0.162049 -0.0101163 0.01 48 48 0 0 0
10599 -0.179996 -0.00974079 0.01 72 72 0 0 0
10602 -0.189055 -0.00839054 0.01 102 102 0 0 0
10603 -0.193391 -0.0105836 0.01 72 72 0 0 0
10609 -0.194274 -0.00890105 0.01 102 102 0 0 0
10616 -0.161128 -0.00995713 0.01 72 73 0 0 0
10627 -0.212369 -0.010146 0.01 72 72 0 0 0
10644 -0.200986 -0.0091108 0.01 102 101 0 0 0
10651 -0.189055 -0.00873708 0.01 102 102 0 0 0
10689 -0.178741 -0.0094513 0.01 72 72 0 0 0
10693 -0.172468 -0.0101163 0.01 49 49 0 0 0
10696 -0.184815 -0.00973137 0.01 72 72 0 0 0
10704 -0.152007 -0.00878426 0.01 72 72 0 0 0
10708 -0.140099 -0.00913293 0.01 72 72 0 0 0
10737 -0.189055 -0.00873708 0.01 103 103 0 0 0
10755 -0.164684 -0.00854409 0.01 72 72 0 0 0
10795 -0.157025 -0.0102182 0.01 50 50 0 0 0
10805 -0.189055 -0.00857317 0.01 104 104 0 0 0
10828 -0.189055 -0.00873708 0.01 102 102 0 0 0
10880 -0.189055 -0.00873708 0.01 102 102 0 0 0
10888 -0.136822 -0.0101392 0.01 72 72 0 0 0
10891 -0.151835 -0.00996726 0.01 72 72 0 0 0
10897 -0.162049 -0.0101163 0.01 48 48 0 0 0
10900 -0.176407 -0.00993551 0.01 72 72 0 0 0
10908 -0.159302 -0.00966958 0.01 72 72 0 0 0
10919 -0.189055 -0.00873708 0.01 102 102 0 0 0
10952 -0.165369 -0.00989674 0.01 49 49 0 0 0
10954 -0.157025 -0.0101136 0.01 50 50 0 0 0
10962 -0.189055 -0.00857317 0.01 104 104 0 0 0
10997 -0.162049 -0.0101163 0.01 50 50 0 0 0
11010 -0.142582 -0.00996726 0.01 72 72 0 0 0
11035 -0.178387 -0.0094513 0.01 72 72 0.00172266 -0.0137417 0
11036 -0.189055 -0.00857317 0.01 104 104 0 0 0
11054 -0.162049 -0.0101163 0.01 49 49 0 0 0
11066 -0.14505 -0.010081 0.01 72 71 0 0 0
11068 -0.148619 -0.00954023 0.01 72 71 0 0 0
11070 -0.162049 -0.00989674 0.01 50 50 0 0 0
11073 -0.162049 -0.00989674 0.01 50 50 0 0 0
11079 -0.189055 -0.00873708 0.01 102 102 0 0 0
11101 -0.189055 -0.00873708 0.01 103 103 0 0 0
11120 -0.189055 -0.00873708 0.01 102 102 0 0 0
11133 -0.189055 -0.00873708 0.01 103 103 0 0 0
11136 -0.189055 -0.00873708 0.01 102 102 0 0 0
11141 -0.165369 -0.00989674 0.01 50 50 0 0 0
11151 -0.189055 -0.00873708 0.01 103 103 0 0 0
11155 -0.189055 -0.00873708 0.01 103 103 0 0 0
11156 -0.162049 -0.0101163 0.01 49 49 0 0 0
11165 -0.189258 -0.00873708 0.01 102 102 0 0 0
11179 -0.179995 -0.00916237 0.01 72 72 0 0 0
11181 -0.165369 -0.00989674 0.01 50 50 0 0 0
11218 -0.165369 -0.00991555 0.01 48 48 0 0 0
11221 -0.183135 -0.00970578 0.01 72 72 0 0 0
11226 -0.16198 -0.00884046 0.01 72 72 0 0 0
11245 -0.179996 -0.0100012 0.01 72 72 0 0 0
11261 -0.162334 -0.00932318 0.01 72 71 0 0 0
11303 -0.192389 -0.00873708 0.01 103 103 0 0 0
11311 -0.155321 -0.00883697 0.01 72 72 0 0 0
11328 -0.189055 -0.00873708 0.01 102 102 0 0 0
11353 -0.162005 -0.00973137 0.01 72 72 0 0 0
11382 -0.162049 -0.0101163 0.01 49 49 0 0 0
11400 -0.204268 -0.00929119 0.01 102 101 0 0 0
11419 -0.165761 -0.00916237 0.01 72 72 0 0 0
11447 -0.197989 -0.00869736 0.01 102 103 0.0668999 -0.00893424 0
11449 -0.189055 -0.00873708 0.01 102 102 0 0 0
11452 -0.165369 -0.00989674 0.01 48 49 0 0 0
11471 -0.162005 -0.00973137 0.01 72 72 0 0 0
11474 -0.165369 -0.00960866 0.01 50 50 0 0 0
11478 -0.165369 -0.00989674 0.01 50 50 0 0 0
11481 -0.162049 -0.0101163 0.01 49 49 0 0 0
11484 -0.162049 -0.0101163 0.01 50 50 0 0 0
11485 -0.166248 -0.00989674 0.01 48 50 0 0 0
11486 -0.175133 -0.0101163 0.01 49 49 7.7486e-06 -0.0130833 0
11508 -0.189055 -0.00873708 0.01 103 103 0 0 0
11513 -0.189055 -0.00872198 0.01 103 103 0 0 0
11517 -0.162049 -0.0102902 0.01 49 49 0 0 0
11520 -0.189055 -0.00873708 0.01 103 103 0 0 0
11530 -0.151835 -0.00996726 0.01 72 72 0 0 0
11538 -0.161079 -0.00849678 0.01 72 72 0 0 0
11546 -0.165369 -0.00989674 0.01 50 50 0 0 0
11587 -0.189055 -0.00869736 0.01 103 103 0 0 0
11596 -0.188341 -0.00873708 0.01 103 103 0 0 0
11625 -0.153974 -0.00952681 0.01 72 71 0 0 0
11626 -0.178741 -0.0094513 0.01 72 72 0 0 0
11652 -0.165369 -0.00989674 0.01 50 50 0 0 0
11674 -0.189055 -0.00873708 0.01 102 102 0 0 0
11711 -0.165369 -0.00985961 0.01 50 51 8.27014e-07 0 -0.000158167
11717 -0.108632 -0.009109 0.01 72 72 0 0 0
11741 -0.169385 -0.00890795 0.01 72 72 0 0 0
11742 -0.162947 -0.00941872 0.01 72 72 0 0 0
11757 -0.159302 -0.00953086 0.01 72 72 0 0 0
11771 -0.189055 -0.00865953 0.01 103 103 0 0 0
11784 -0.162049 -0.0101163 0.01 49 49 0 0 0
11787 -0.156692 -0.00996726 0.01 72 72 0 0 0
11791 -0.155359 -0.00849678 0.01 72 71 0 0 0
11793 -0.189055 -0.00857317 0.01 104 104 0 0 0
11802 -0.189055 -0.00873708 0.01 103 103 0 0 0
11823 -0.179996 -0.00974079 0.01 72 72 0 0 0
11824 -0.189055 -0.00873708 0.01 103 103 0 0 0
11851 -0.136822 -0.0101392 0.01 72 72 0 0 0
11880 -0.167069 -0.00993551 0.01 72 72 -0.00143301 0.0106589 0
11886 -0.165369 -0.00960866 0.01 50 50 0 0 0
11890 -0.189055 -0.00873708 0.01 102 102 0 0 0
11944 -0.165369 -0.00991555 0.01 49 49 0 0 0
11969 -0.179403 -0.00849746 0.01 72 72 0 0 0
11984 -0.165505 -0.00882965 0.01 72 72 0 0 0
11985 -0.189055 -0.00873708 0.01 102 102 0 0 0
11987 -0.162049 -0.0101163 0.01 48 48 0 0 0
11988 -0.108632 -0.009109 0.01 72 72 0 0 0
11990 -0.189055 -0.00873708 0.01 102 102 0 0 0
11991 -0.165369 -0.00989674 0.01 49 49 0 0 0
12010 -0.15535 -0.0101163 0.01 49 49 0 0 0
12018 -0.11417 -0.009109 0.01 72 72 0 0 0
12019 -0.165369 -0.00989674 0.01 49 49 0 0 0
12031 -0.189055 -0.00873708 0.01 103 103 0 0 0
12052 -0.165369 -0.00989674 0.01 49 49 0 0 0
12057 -0.165369 -0.010529 0.01 49 49 0 0 0
12058 -0.163245 -0.00890795 0.01 72 72 0 0 0
12061 -0.188341 -0.00873708 0.01 103 103 0 0 0
12064 -0.167775 -0.0101163 0.01 50 50 0 0 0
12091 -0.167775 -0.0101163 0.01 50 50 0 0 0
12099 -0.162049 -0.0101163 0.01 50 50 0 0 0
12123 -0.174972 -0.0097378 0.01 72 72 0 0 0
12139 -0.189055 -0.00873708 0.01 102 102 0 0 0
12152 -0.189055 -0.00873708 0.01 104 102 0 0 0
12162 -0.189055 -0.00873708 0.01 103 103 0 0 0
12195 -0.165369 -0.00989674 0.01 50 50 0 0 0
12224 -0.137217 -0.00887881 0.01 72 72 0 0 0
12227 -0.189055 -0.00857317 0.01 104 104 0 0 0
12236 -0.165369 -0.00989674 0.01 50 50 0 0 0
12252 -0.162049 -0.0104211 0.01 48 48 1.04308e-06 0 -0.000304809
12256 -0.165369 -0.01025 0.01 50 50 0 0 0
12292 -0.165369 -0.00989674 0.01 50 50 0 0 0
12294 -0.189055 -0.00873708 0.01 103 103 0 0 0
12320 -0.189055 -0.00873708 0.01 102 102 0 0 0
12353 -0.192389 -0.00873708 0.01 103 103 0 0 0
12359 -0.200986 -0.0091108 0.01 102 102 0 0 0
12368 -0.149279 -0.00927574 0.01 72 72 0 0 0
12373 -0.165369 -0.00989674 0.01 50 50 0 0 0
12384 -0.189055 -0.00857317 0.01 104 104 0 0 0
12394 -0.183135 -0.00970578 0.01 72 72 0 0 0
12419 -0.192389 -0.00873708 0.01 104 104 0 0 0
12423 -0.189055 -0.00873708 0.01 103 103 0 0 0
12426 -0.189055 -0.00873708 0.01 103 103 0 0 0
12445 -0.165369 -0.00989674 0.01 50 50 0 0 0
12446 -0.15535 -0.0101163 0.01 49 49 0 0 0
12451 -0.137217 -0.00887881 0.01 72 72 0 0 0
12452 -0.153974 -0.00952681 0.01 72 72 0 0 0
12457 -0.162049 -0.0101163 0.01 50 50 0 0 0
12505 -0.165369 -0.00989674 0.01 50 50 0 0 0
12512 -0.165369 -0.00989674 0.01 50 50 0 0 0
12546 -0.189055 -0.00844902 0.01 104 104 0 0 0
12558 -0.189055 -0.0091108 0.01 102 101 0 0 0
12569 -0.137217 -0.00887881 0.01 72 72 0 0 0
12582 -0.136822 -0.0101392 0.01 72 72 0 0 0
12584 -0.149905 -0.00883697 0.01 72 72 0 0 0
12618 -0.158216 -0.00884046 0.01 72 73 0 0 0
12651 -0.165369 -0.00989674 0.01 50 51 0 0 0
12659 -0.189055 -0.00873708 0.01 102 102 0 0 0
12673 -0.162049 -0.0101163 0.01 48 48 0 0 0
12674 -0.189055 -0.00873708 0.01 103 103 0 0 0
12676 -0.157763 -0.00925444 0.01 72 71 0 0 0
12683 -0.165369 -0.00989674 0.01 50 50 0 0 0
12712 -0.189055 -0.00873708 0.01 103 103 0 0 0
12715 -0.173229 -0.0101163 0.01 49 49 -1.43796e-06 0.0031141 0
12719 -0.162049 -0.0101406 0.01 50 50 0 0 0
12735 -0.149279 -0.00927574 0.01 72 72 0 0 0
12777 -0.162049 -0.0101163 0.01 49 49 0 0 0
12806 -0.165369 -0.00989674 0.01 50 50 0 0 0
12815 -0.160582 -0.0095776 0.01 72 72 0 0 0
12827 -0.165369 -0.00991555 0.01 49 49 0 0 0
12845 -0.165369 -0.00989674 0.01 50 51 0 0 0
12850 -0.189258 -0.00873708 0.01 102 102 0 0 0
12854 -0.165369 -0.00989674 0.01 50 50 0 0 0
12858 -0.164684 -0.00854409 0.01 72 72 0 0 0
12868 -0.153974 -0.00952681 0.01 72 72 0 0 0
12873 -0.189055 -0.00873708 0.01 103 103 0 0 0
12893 -0.149279 -0.00927574 0.01 72 72 0 0 0
12903 -0.189055 -0.00857317 0.01 104 104 0 0 0
12920 -0.165369 -0.00989674 0.01 50 51 0 0 0
12941 -0.189055 -0.00873708 0.01 103 103 0 0 0
12956 -0.156801 -0.00936288 0.01 72 71 0 0 0
12968 -0.172712 -0.00981146 0.01 72 72 0 0 0
12977 -0.165369 -0.00989674 0.01 50 50 0 0 0
13014 -0.192389 -0.00873708 0.01 104 104 0 0 0
13017 -0.157571 -0.00964375 0.01 72 72 0 0 0
13019 -0.189055 -0.00873708 0.01 103 103 0 0 0
13029 -0.165369 -0.010529 0.01 50 50 0 0 0
13030 -0.202163 -0.00873708 0.01 103 103 0 0 0
13052 -0.162049 -0.00989674 0.01 50 50 0 0 0
13066 -0.189055 -0.00873708 0.01 102 102 0 0 0
13087 -0.189055 -0.00873708 0.01 103 103 0 0 0
13093 -0.189055 -0.00873708 0.01 102 102 0 0 0
13109 -0.165369 -0.00989674 0.01 49 49 0 0 0
13121 -0.197933 -0.00873708 0.01 102 102 0 0 0
13131 -0.165369 -0.00991555 0.01 48 48 0 0 0
13136 -0.162049 -0.0101163 0.01 50 50 0 0 0
13142 -0.189055 -0.00873708 0.01 102 102 0 0 0
13166 -0.175259 -0.0097147 0.01 72 72 0 0 0
13168 -0.182713 -0.00991555 0.01 49 49 5.51343e-06 -0.0122044 0
13185 -0.170377 -0.0104017 0.01 50 51 0 0 0
13212 -0.157025 -0.0105627 0.01 50 50 0 0 0
13217 -0.178741 -0.0094513 0.01 72 72 0 0 0
13219 -0.165761 -0.00903721 0.01 72 72 0 0 0
13229 -0.165369 -0.00991555 0.01 49 49 0 0 0
13235 -0.189055 -0.00857317 0.01 104 104 0 0 0
13241 -0.162049 -0.0101163 0.01 49 49 0 0 0
13265 -0.189055 -0.00857317 0.01 104 104 0 0 0
13268 -0.165369 -0.00989674 0.01 50 51 0 0 0
13291 -0.190744 -0.00873708 0.01 103 103 0.0128304 -0.00168918 0
13301 -0.146143 -0.00917058 0.01 72 72 0 0 0
13307 -0.165369 -0.00989674 0.01 50 50 0 0 0
13321 -0.108632 -0.009109 0.01 72 72 0 0 0
13326 -0.153974 -0.00952681 0.01 72 72 0 0 0
13349 -0.165369 -0.00989674 0.01 50 50 0 0 0
13353 -0.165369 -0.00989674 0.01 50 50 0 0 0
13379 -0.202163 -0.00873708 0.01 103 103 0 0 0
13391 -0.170377 -0.00989674 0.01 50 50 0 0 0
13400 -0.165369 -0.00989674 0.01 50 50 0 0 0
13411 -0.162049 -0.0101163 0.01 48 48 0 0 0
13440 -0.189055 -0.00917524 0.01 102 101 0 0 0
13459 -0.189055 -0.00873708 0.01 102 102 0 0 0
13472 -0.149279 -0.00927574 0.01 72 73 0 0 0
13473 -0.165369 -0.00991555 0.01 48 48 0 0 0
13528 -0.189055 -0.00873708 0.01 103 103 0 0 0
13533 -0.189055 -0.00873708 0.01 103 103 0 0 0
13534 -0.172913 -0.00973137 0.01 72 71 0 0 0
13536 -0.189055 -0.00857317 0.01 104 104 0 0 0
13542 -0.138019 -0.00989674 0.01 50 50 0 0 0
13546 -0.189055 -0.00855276 0.01 104 104 0 0 0
13562 -0.165369 -0.00989674 0.01 50 50 0 0 0
13605 -0.165369 -0.00989674 0.01 50 50 0 0 0
13613 -0.140099 -0.00913293 0.01 72 72 0 0 0
13640 -0.146143 -0.00900508 0.01 72 72 0 0 0
13645 -0.173117 -0.00854819 0.01 72 72 0 0 0
13677 -0.170377 -0.0104017 0.01 50 50 0 0 0
13678 -0.169151 -0.00989674 0.01 50 51 0 0 0
13696 -0.189055 -0.00873708 0.01 103 103 0 0 0
13714 -0.189055 -0.00857317 0.01 104 104 0 0 0
13720 -0.189055 -0.00873708 0.01 103 103 0 0 0
13726 -0.189055 -0.00873708 0.01 103 103 0 0 0
13729 -0.19962 -0.00857317 0.01 104 104 0 0 0
13732 -0.170377 -0.0104017 0.01 50 51 2.05636e-06 0 -0.000504982
13747 -0.137217 -0.00887881 0.01 72 72 0 0 0
13808 -0.189055 -0.00857317 0.01 104 104 0 0 0
13811 -0.189055 -0.00873708 0.01 103 103 0 0 0
13816 -0.189055 -0.00873708 0.01 103 103 0 0 0
13830 -0.178741 -0.0094513 0.01 72 72 0 0 0
13847 -0.189055 -0.00879345 0.01 102 102 0 0 0
13851 -0.189055 -0.00873708 0.01 103 102 0 0 0
13871 -0.165369 -0.00989674 0.01 48 48 0 0 0
13876 -0.159302 -0.00966958 0.01 72 73 0 0 0
13910 -0.176436 -0.00989674 0.01 49 49 0 0 0
13912 -0.166085 -0.00959804 0.01 50 50 0 0 0
13913 -0.189055 -0.00873708 0.01 102 102 0 0 0
13920 -0.189055 -0.00873708 0.01 103 103 0 0 0
13926 -0.197933 -0.00873708 0.01 102 102 0 0 0
13930 -0.162049 -0.0101163 0.01 49 49 0 0 0
13949 -0.142582 -0.00996726 0.01 72 72 0 0 0
13970 -0.2008 -0.00869736 0.01 104 104 0 0 0
13973 -0.189055 -0.00873708 0.01 102 102 0 0 0
13977 -0.162005 -0.00973137 0.01 72 72 0 0 0
13978 -0.157025 -0.0101136 0.01 50 50 0 0 0
13983 -0.165369 -0.00989674 0.01 50 50 0 0 0
13984 -0.156692 -0.00996726 0.01 72 72 0 0 0
13992 -0.165761 -0.00916237 0.01 72 72 0 0 0
14037 -0.189055 -0.00873708 0.01 102 102 0 0 0
14056 -0.189055 -0.00869736 0.01 103 103 0 0 0
14069 -0.189055 -0.00873708 0.01 102 102 0 0 0
14110 -0.165369 -0.00989674 0.01 50 50 0 0 0
14119 -0.19962 -0.00857317 0.01 104 104 0 0 0
14120 -0.166331 -0.00966519 0.01 72 71 0 0 0
14143 -0.178741 -0.00921714 0.01 72 72 0 0 0
14159 -0.189055 -0.00873708 0.01 102 102 0 0 0
14165 -0.162049 -0.0101163 0.01 49 49 0 0 0
14186 -0.15535 -0.0101163 0.01 48 48 0 0 0
14233 -0.162049 -0.0101163 0.01 50 50 0 0 0
14237 -0.165369 -0.010529 0.01 50 50 0 0 0
14240 -0.188341 -0.00873708 0.01 103 103 0 0 0
14249 -0.178741 -0.0094513 0.01 72 72 0 0 0
14257 -0.189055 -0.00873708 0.01 103 103 0 0 0
14268 -0.179995 -0.00916237 0.01 72 72 0.00159416 -0.0142342 0
14285 -0.165761 -0.00916237 0.01 72 72 0 0 0
14304 -0.165369 -0.010529 0.01 50 50 0 0 0
14326 -0.165369 -0.00989674 0.01 50 50 0 0 0
14331 -0.168719 -0.0097055 0.01 48 48 -5.58794e-07 0 0.000191242
14337 -0.172712 -0.00981146 0.01 72 72 0 0 0
14338 -0.14505 -0.0101524 0.01 72 72 0 0 0
14356 -0.165369 -0.00989674 0.01 50 50 0 0 0
14365 -0.189055 -0.00873708 0.01 103 103 0 0 0
14374 -0.189055 -0.00840062 0.01 103 103 0.0545414 0 0.000336464
14390 -0.149793 -0.00989674 0.01 50 50 0 0 0
14406 -0.162049 -0.0101163 0.01 50 51 0 0 0
14410 -0.151835 -0.00996726 0.01 72 72 0 0 0
14487 -0.189055 -0.00873708 0.01 102 102 0 0 0
14488 -0.162947 -0.00941872 0.01 72 72 0 0 0
14496 -0.189055 -0.00873708 0.01 102 102 0 0 0
14517 -0.173229 -0.0101163 0.01 48 48 0 0 0
14526 -0.189055 -0.00873708 0.01 102 102 0 0 0
14529 -0.162049 -0.0101163 0.01 49 49 0 0 0
14531 -0.153974 -0.00952681 0.01 72 72 0 0 0
14549 -0.149279 -0.00927574 0.01 72 73 0 0 0
14556 -0.137217 -0.00887881 0.01 72 72 0 0 0
14557 -0.192389 -0.00873708 0.01 104 104 0 0 0
14570 -0.165505 -0.00882965 0.01 72 71 0 0 0
14576 -0.189055 -0.00844902 0.01 104 104 0 0 0
14589 -0.179403 -0.00849746 0.01 72 73 0 0 0
14603 -0.153974 -0.00952681 0.01 72 72 0 0 0
14608 -0.162049 -0.00989674 0.01 50 50 0 0 0
14610 -0.165369 -0.00989674 0.01 50 50 0 0 0
14619 -0.165369 -0.00989674 0.01 49 49 0 0 0
14629 -0.189055 -0.00873708 0.01 103 103 0 0 0
14656 -0.189055 -0.00873708 0.01 103 103 0 0 0
14689 -0.149279 -0.00927574 0.01 72 72 0 0 0
14701 -0.165369 -0.00989674 0.01 50 50 0 0 0
14707 -0.16126 -0.00989674 0.01 50 50 0 0 0
14708 -0.163524 -0.00970845 0.01 72 72 0 0 0
14734 -0.146143 -0.0091054 0.01 72 72 0 0 0
14738 -0.189055 -0.00873708 0.01 103 103 0 0 0
14746 -0.162049 -0.0101163 0.01 50 50 0 0 0
14762 -0.189055 -0.00857317 0.01 104 104 0 0 0
14773 -0.165369 -0.00989674 0.01 50 50 0 0 0
14780 -0.162049 -0.0101163 0.01 49 49 0 0 0
14783 -0.189055 -0.00873708 0.01 102 102 0 0 0
14802 -0.192389 -0.00873708 0.01 103 103 0 0 0
14815 -0.189055 -0.00873708 0.01 103 103 0 0 0
14842 -0.162049 -0.0101163 0.01 49 49 0 0 0
14874 -0.189055 -0.00873708 0.01 103 103 0 0 0
14889 -0.189055 -0.00873708 0.01 102 102 0 0 0
14914 -0.142582 -0.00996726 0.01 72 72 0 0 0
14924 -0.189055 -0.00873708 0.01 102 101 0 0 0
14952 -0.189055 -0.00873708 0.01 104 103 0 0 0
14954 -0.2008 -0.00869736 0.01 104 104 0 0 0
14961 -0.189055 -0.00873708 0.01 103 103 0 0 0
14985 -0.189055 -0.00873708 0.01 102 102 0 0 0
15003 -0.157025 -0.0101136 0.01 50 50 0 0 0
15022 -0.189055 -0.00891835 0.01 102 102 -0.0278131 0 -0.000181267
15031 -0.165369 -0.00989674 0.01 48 48 0 0 0
15038 -0.162049 -0.0101163 0.01 49 50 0 0 0
15048 -0.189055 -0.00873708 0.01 103 103 0 0 0
15055 -0.165369 -0.00989674 0.01 50 50 0 0 0
15060 -0.189055 -0.00873708 0.01 102 102 0 0 0
15067 -0.189055 -0.00873708 0.01 103 103 0 0 0
15075 -0.165369 -0.010529 0.01 49 49 0 0 0
15087 -0.165369 -0.00989674 0.01 50 50 0 0 0
15095 -0.176436 -0.00989674 0.01 49 51 0 0 0
15180 -0.189055 -0.00873708 0.01 103 103 0 0 0
15198 -0.165369 -0.00989674 0.01 49 49 0 0 0
15210 -0.166331 -0.00967059 0.01 72 72 0 0 0
15220 -0.139596 -0.00935271 0.01 72 72 0 0 0
15221 -0.151835 -0.00996726 0.01 72 72 0 0 0
15243 -0.162049 -0.0101163 0.01 50 49 0 0 0
15306 -0.189055 -0.00869736 0.01 103 103 0 0 0
15317 -0.192389 -0.00873708 0.01 104 104 0 0 0
15336 -0.193391 -0.0105861 0.01 72 72 0 0 0
15353 -0.162049 -0.0101163 0.01 48 48 0 0 0
15359 -0.137217 -0.00887881 0.01 72 72 0 0 0
15379 -0.189055 -0.00873708 0.01 104 103 0 0 0
15404 -0.151835 -0.00996726 0.01 72 72 0 0 0
15456 -0.179996 -0.00974079 0.01 72 71 0 0 0
15494 -0.192389 -0.00873708 0.01 103 103 0 0 0
15517 -0.165369 -0.00989674 0.01 50 50 0 0 0
15554 -0.189055 -0.00873708 0.01 103 103 0 0 0
15622 -0.139596 -0.00894212 0.01 72 72 0 0 0
15630 -0.162049 -0.0101163 0.01 49 49 0 0 0
15634 -0.179996 -0.00974079 0.01 72 72 0 0 0
15648 -0.189055 -0.00873708 0.01 102 102 0 0 0
15651 -0.165369 -0.00989674 0.01 48 48 0 0 0
15665 -0.189055 -0.00873708 0.01 102 102 0 0 0
15713 -0.189055 -0.00873708 0.01 102 102 0 0 0
15720 -0.162049 -0.0101163 0.01 50 50 0 0 0
15725 -0.165369 -0.00989674 0.01 50 50 0 0 0
15736 -0.189055 -0.00875478 0.01 102 101 0 0 0
15767 -0.189055 -0.00873708 0.01 102 102 0 0 0
15772 -0.137217 -0.00887881 0.01 72 72 0 0 0
15774 -0.215909 -0.00888084 0.01 102 102 0 0 0
15778 -0.189055 -0.00869736 0.01 103 103 0 0 0
15791 -0.189055 -0.00873708 0.01 102 102 0 0 0
15802 -0.202163 -0.00873708 0.01 103 103 0 0 0
15817 -0.157025 -0.0101136 0.01 50 50 0 0 0
15864 -0.189055 -0.00840062 0.01 103 103 0 0 0
15872 -0.188341 -0.00873708 0.01 103 103 0 0 0
15898 -0.189055 -0.00857317 0.01 104 104 0 0 0
15901 -0.189055 -0.00873708 0.01 103 103 0 0 0
15902 -0.189055 -0.00873708 0.01 103 103 0 0 0
15927 -0.165369 -0.010201 0.01 50 50 1.3262e-06 0 -0.000304289
15930 -0.189055 -0.00873708 0.01 103 103 0 0 0
15932 -0.212369 -0.010146 0.01 72 72 0 0 0
15983 -0.192389 -0.00873708 0.01 104 103 0 0 0
16017 -0.137217 -0.00887881 0.01 72 72 0 0 0
16037 -0.172712 -0.00981146 0.01 72 72 0 0 0
16048 -0.179609 -0.00854819 0.01 72 72 0 0 0
16056 -0.165369 -0.00989674 0.01 50 50 0 0 0
16084 -0.189055 -0.00873708 0.01 102 102 0 0 0
16107 -0.165369 -0.00991555 0.01 49 49 0 0 0
16109 -0.162947 -0.00907097 0.01 72 72 0 0 0
16132 -0.189055 -0.00873708 0.01 103 103 0 0 0
16133 -0.165369 -0.00989674 0.01 50 51 0 0 0
16188 -0.162049 -0.00989674 0.01 50 50 0 0 0
16210 -0.189055 -0.00869736 0.01 103 103 0 0 0
16220 -0.165369 -0.00989674 0.01 50 50 0 0 0
16221 -0.189055 -0.00873708 0.01 102 102 0 0 0
16238 -0.189055 -0.00869736 0.01 103 103 0 0 0
16242 -0.162049 -0.0102902 0.01 49 49 7.07805e-07 0 -0.000173879
16243 -0.166248 -0.00989674 0.01 50 52 0 0 0
16262 -0.165369 -0.00989674 0.01 50 50 0 0 0
16309 -0.189055 -0.00873708 0.01 104 103 0 0 0
16317 -0.166331 -0.00967059 0.01 72 72 0 0 0
16334 -0.152007 -0.00885724 0.01 72 72 0 0 0
16347 -0.189055 -0.00873708 0.01 104 103 0 0 0
16370 -0.165369 -0.00989674 0.01 50 50 0 0 0
16407 -0.162049 -0.0101163 0.01 50 50 0 0 0
16417 -0.147463 -0.00937955 0.01 72 73 0 0 0
16422 -0.157025 -0.0101136 0.01 49 49 0 0 0
16431 -0.108632 -0.009109 0.01 72 72 0 0 0
16446 -0.192517 -0.0100134 0.01 72 72 0 0 0
16467 -0.173117 -0.00854819 0.01 72 72 0 0 0
16468 -0.158816 -0.0101136 0.01 50 52 3.40492e-06 -0.00179082 0
16490 -0.189055 -0.00873708 0.01 103 103 0 0 0
16500 -0.108632 -0.009109 0.01 72 72 0 0 0
16503 -0.165369 -0.00989674 0.01 50 50 0 0 0
16519 -0.164684 -0.00854409 0.01 72 71 0 0 0
16542 -0.165369 -0.00989674 0.01 49 49 0 0 0
16545 -0.189055 -0.00873708 0.01 103 103 0 0 0
16553 -0.165369 -0.00989674 0.01 50 50 0 0 0
16630 -0.170595 -0.00982704 0.01 50 50 0 0 0
16669 -0.183135 -0.00970578 0.01 72 72 0 0 0
16683 -0.157025 -0.0105627 0.01 50 50 0 0 0
16687 -0.162049 -0.00966859 0.01 50 49 -1.9595e-06 0 0.000447731
16691 -0.157025 -0.0104091 0.01 49 49 0 0 0
16692 -0.189055 -0.00873708 0.01 103 103 0 0 0
16704 -0.146143 -0.00900508 0.01 72 72 0 0 0
16723 -0.162049 -0.0101163 0.01 49 49 0 0 0
16726 -0.162049 -0.0101163 0.01 50 49 0 0 0
16729 -0.165369 -0.00989674 0.01 50 50 0 0 0
16748 -0.165369 -0.00989674 0.01 50 50 0 0 0
16752 -0.162005 -0.00973137 0.01 72 72 0 0 0
16777 -0.142582 -0.00996726 0.01 72 72 0 0 0
16780 -0.15535 -0.0101163 0.01 49 49 0 0 0
16800 -0.189258 -0.00873708 0.01 103 102 0 0 0
16821 -0.189055 -0.00873708 0.01 104 103 0 0 0
16822 -0.165369 -0.00989674 0.01 50 50 0 0 0
16852 -0.165369 -0.00989674 0.01 50 50 0 0 0
16863 -0.165369 -0.00989674 0.01 49 49 0 0 0
16892 -0.189055 -0.00857317 0.01 104 104 0 0 0
16903 -0.162049 -0.0101406 0.01 50 50 0 0 0
16911 -0.165369 -0.00989674 0.01 49 50 0 0 0
16912 -0.165761 -0.00916237 0.01 72 72 0 0 0
16914 -0.189055 -0.00869736 0.01 103 103 0 0 0
16923 -0.165369 -0.00989674 0.01 49 49 0 0 0
16969 -0.2008 -0.00869736 0.01 104 104 0 0 0
16974 -0.178741 -0.00921714 0.01 72 72 0 0 0
16985 -0.142582 -0.00996726 0.01 72 72 0 0 0
17026 -0.166324 -0.00967264 0.01 72 72 0 0 0
17044 -0.189258 -0.00873708 0.01 102 102 0 0 0
17046 -0.189055 -0.00873708 0.01 103 103 0 0 0
17053 -0.189055 -0.00857317 0.01 104 104 0 0 0
17058 -0.140099 -0.00913293 0.01 72 72 0 0 0
17069 -0.189055 -0.00873708 0.01 103 103 0 0 0
17075 -0.157025 -0.0101136 0.01 50 50 0 0 0
17092 -0.19962 -0.00857317 0.01 104 104 0 0 0
17120 -0.197933 -0.00873708 0.01 102 102 0 0 0
17140 -0.189055 -0.0091108 0.01 102 101 0 0 0
17144 -0.157025 -0.0102182 0.01 50 50 0 0 0
17154 -0.162049 -0.00989674 0.01 50 50 0 0 0
17165 -0.173229 -0.0101163 0.01 49 49 0 0 0
17172 -0.176436 -0.00989674 0.01 50 51 0 0 0
17181 -0.157025 -0.0101136 0.01 50 50 0 0 0
17211 -0.166324 -0.00967264 0.01 72 72 0 0 0
17224 -0.165369 -0.00989674 0.01 49 49 0 0 0
17228 -0.162049 -0.0101163 0.01 49 49 0 0 0
17230 -0.160582 -0.0095776 0.01 72 72 0 0 0
17231 -0.188341 -0.00873708 0.01 103 103 0 0 0
17236 -0.162049 -0.0101163 0.01 49 49 0 0 0
17251 -0.170595 -0.00982704 0.01 50 50 0 0 0
17277 -0.165369 -0.00989674 0.01 49 49 0 0 0
17292 -0.189055 -0.00873708 0.01 102 102 0 0 0
17385 -0.18568 -0.0104545 0.01 72 73 0 0 0
17398 -0.165369 -0.00989674 0.01 50 50 0 0 0
17438 -0.189055 -0.00873708 0.01 103 103 0 0 0
17472 -0.179995 -0.00916237 0.01 72 72 0 0 0
17476 -0.189055 -0.00855276 0.01 104 104 0 0 0
17520 -0.189055 -0.00865953 0.01 103 103 0 0 0
17527 -0.162049 -0.0101163 0.01 50 50 0 0 0
17538 -0.187728 -0.00873708 0.01 102 102 -0.00966308 0.00132661 0
17549 -0.162049 -0.0101163 0.01 48 48 0 0 0
17558 -0.165369 -0.00991555 0.01 49 49 0 0 0
17596 -0.157025 -0.0105627 0.01 50 50 8.41916e-07 0 -0.00015361
17603 -0.189055 -0.00857317 0.01 104 104 0 0 0
17610 -0.142582 -0.00996726 0.01 72 71 0 0 0
17616 -0.202163 -0.00873708 0.01 102 102 0 0 0
17617 -0.149279 -0.00927574 0.01 72 72 0 0 0
17618 -0.189055 -0.00873708 0.01 102 102 0 0 0
17626 -0.165369 -0.00989674 0.01 50 50 0 0 0
17633 -0.162049 -0.0101163 0.01 50 50 0 0 0
17635 -0.162049 -0.0101163 0.01 49 49 0 0 0
17636 -0.189055 -0.00873708 0.01 103 103 0 0 0
17638 -0.178387 -0.0094513 0.01 72 72 0 0 0
17667 -0.189055 -0.00873708 0.01 102 102 0 0 0
17683 -0.215909 -0.00888084 0.01 102 102 0 0 0
17702 -0.189055 -0.00873708 0.01 102 102 0 0 0
17705 -0.2008 -0.00869736 0.01 104 104 0 0 0
17706 -0.165761 -0.00916237 0.01 72 72 0 0 0
17719 -0.136822 -0.0101392 0.01 72 72 0 0 0
17735 -0.162049 -0.0101163 0.01 49 49 0 0 0
17764 -0.165369 -0.00989674 0.01 49 49 0 0 0
17766 -0.192001 -0.00873708 0.01 102 102 0 0 0
17798 -0.189055 -0.00873708 0.01 103 103 0 0 0
17805 -0.20041 -0.0105861 0.01 72 72 0 0 0
17818 -0.189055 -0.00859632 0.01 103 103 0 0 0
17840 -0.189055 -0.00873708 0.01 102 102 0 0 0
17875 -0.165369 -0.00994487 0.01 50 50 0 0 0
17896 -0.189055 -0.00873708 0.01 103 103 0 0 0
17903 -0.165369 -0.00989674 0.01 50 50 0 0 0
17919 -0.170508 -0.00991555 0.01 49 49 0 0 0
17922 -0.165369 -0.00989674 0.01 50 50 0 0 0
17925 -0.155828 -0.00991971 0.01 72 72 0 0 0
17945 -0.165369 -0.00989674 0.01 49 50 0 0 0
17954 -0.162049 -0.0101163 0.01 48 48 0 0 0
17968 -0.162049 -0.0101163 0.01 48 48 0 0 0
18002 -0.157534 -0.0101163 0.01 49 49 0 0 0
18009 -0.174972 -0.0097378 0.01 72 72 0 0 0
18040 -0.165369 -0.00989674 0.01 50 50 0 0 0
18041 -0.165369 -0.00963113 0.01 50 50 0 0 0
18057 -0.179403 -0.00849746 0.01 72 72 0 0 0
18067 -0.189055 -0.00869736 0.01 104 103 0 0 0
18069 -0.165369 -0.00989674 0.01 50 51 0 0 0
18108 -0.152007 -0.00878426 0.01 72 72 0 0 0
18115 -0.162049 -0.0101163 0.01 50 50 0 0 0
18146 -0.157025 -0.0101136 0.01 50 50 0 0 0
18168 -0.215909 -0.00888084 0.01 102 102 0 0 0
18234 -0.155828 -0.00991971 0.01 72 72 0 0 0
18240 -0.189055 -0.00857317 0.01 104 104 0 0 0
18252 -0.164662 -0.00997835 0.01 50 50 0 0 0
18260 -0.189055 -0.00873708 0.01 102 102 0 0 0
18278 -0.165369 -0.00989674 0.01 50 52 0 0 0
18279 -0.171513 -0.00854409 0.01 72 72 0 0 0
18281 -0.162049 -0.0101163 0.01 49 49 0 0 0
18299 -0.162049 -0.0101163 0.01 50 50 0 0 0
18328 -0.139596 -0.00894212 0.01 72 72 0 0 0
18397 -0.165369 -0.00989674 0.01 49 49 0 0 0
18405 -0.163524 -0.00970845 0.01 72 72 0 0 0
18421 -0.166331 -0.00952073 0.01 72 72 0 0 0
18430 -0.189055 -0.00873708 0.01 102 102 0 0 0
18540 -0.139596 -0.00894212 0.01 72 72 0 0 0
18543 -0.202163 -0.00873708 0.01 103 103 0 0 0
18550 -0.189055 -0.00836107 0.01 102 102 0.0423664 0 0.000284895
18556 -0.165369 -0.00989572 0.01 49 49 -1.49012e-08 0 1.02911e-06
18573 -0.165369 -0.00989674 0.01 49 49 0 0 0
18580 -0.189055 -0.00873708 0.01 103 103 0 0 0
18591 -0.165369 -0.00960866 0.01 50 50 0 0 0
18599 -0.178741 -0.00961854 0.01 72 72 0 0 0
18601 -0.189055 -0.00857317 0.01 104 104 0 0 0
18611 -0.165761 -0.00916237 0.01 72 72 0 0 0
18645 -0.162049 -0.0101163 0.01 48 48 0 0 0
18665 -0.149593 -0.00904735 0.01 72 71 0 0 0
18666 -0.189055 -0.00857317 0.01 103 104 0 0 0
18671 -0.162049 -0.0103083 0.01 50 50 0 0 0
18704 -0.165369 -0.00989674 0.01 50 51 0 0 0
18713 -0.162049 -0.0101163 0.01 49 49 0 0 0
18717 -0.165369 -0.00989674 0.01 50 50 0 0 0
18750 -0.189055 -0.00873708 0.01 102 102 0 0 0
18755 -0.189055 -0.00864187 0.01 102 102 0 0 0
18766 -0.192389 -0.00873708 0.01 104 104 0 0 0
18796 -0.189055 -0.00873708 0.01 103 103 0 0 0
18834 -0.165369 -0.00989674 0.01 50 50 0 0 0
18861 -0.192517 -0.0100134 0.01 72 72 0 0 0
18864 -0.189055 -0.00857317 0.01 104 104 0 0 0
18873 -0.140099 -0.00913293 0.01 72 72 0 0 0
18900 -0.142979 -0.00878426 0.01 72 72 0 0 0
18901 -0.192389 -0.00873708 0.01 104 103 0 0 0
18931 -0.162049 -0.0101163 0.01 49 49 0 0 0
18945 -0.189055 -0.00873708 0.01 103 103 0 0 0
18947 -0.167775 -0.0101163 0.01 50 50 0 0 0
18948 -0.165369 -0.00989674 0.01 48 48 0 0 0
18951 -0.174972 -0.0097378 0.01 72 72 0 0 0
18958 -0.157534 -0.0104162 0.01 50 49 1.44541e-06 0 -0.000299915
18960 -0.193391 -0.0108357 0.01 72 72 -0.000109613 0 -0.00024953
18963 -0.162049 -0.00989674 0.01 50 50 0 0 0
18971 -0.162049 -0.0101163 0.01 50 50 0 0 0
18972 -0.162049 -0.0101163 0.01 49 49 0 0 0
18997 -0.162049 -0.0101163 0.01 50 50 0 0 0
18998 -0.139596 -0.00894212 0.01 72 72 0 0 0
19005 -0.189055 -0.00873708 0.01 104 103 0 0 0
19006 -0.215909 -0.00888084 0.01 102 102 0 0 0
19015 -0.13964 -0.00989674 0.01 50 52 0 0 0
19027 -0.162049 -0.0101163 0.01 49 49 0 0 0
19029 -0.192389 -0.00873708 0.01 104 104 0 0 0
19035 -0.176407 -0.00993551 0.01 72 72 0 0 0
19044 -0.165369 -0.00989674 0.01 50 50 0 0 0
19070 -0.189055 -0.00857317 0.01 104 104 0 0 0
19071 -0.189055 -0.00857317 0.01 104 104 0 0 0
19093 -0.189055 -0.00873708 0.01 103 103 0 0 0
19094 -0.202163 -0.00873708 0.01 102 103 0 0 0
19144 -0.189055 -0.00873708 0.01 103 103 0 0 0
19151 -0.131453 -0.0101392 0.01 72 72 0 0 0
19159 -0.189055 -0.00873708 0.01 102 102 0 0 0
19161 -0.165369 -0.00989674 0.01 50 50 0 0 0
19181 -0.165369 -0.00989674 0.01 50 50 0 0 0
19202 -0.157025 -0.0101136 0.01 49 49 0 0 0
19224 -0.192389 -0.00873708 0.01 103 104 0 0 0
19259 -0.165369 -0.010529 0.01 50 50 0 0 0
19265 -0.173229 -0.0101163 0.01 48 49 0 0 0
19271 -0.189055 -0.00873708 0.01 102 102 0 0 0
19272 -0.153341 -0.00883697 0.01 72 72 0 0 0
19289 -0.165369 -0.00991555 0.01 49 49 0 0 0
19333 -0.165369 -0.00994487 0.01 50 50 2.08616e-07 0 -4.81205e-05
19336 -0.165369 -0.00960866 0.01 50 50 0 0 0
19345 -0.15535 -0.0101163 0.01 49 49 0 0 0
19349 -0.19529 -0.010039 0.01 72 71 0 0 0
19368 -0.162049 -0.0100413 0.01 48 49 0 0 0
19393 -0.202163 -0.00873708 0.01 103 103 0 0 0
19397 -0.142582 -0.00996726 0.01 72 72 0 0 0
19411 -0.165369 -0.00963113 0.01 50 50 -1.22935e-06 0 0.000265614
19412 -0.189055 -0.00857317 0.01 104 104 0 0 0
19432 -0.163364 -0.00957035 0.01 72 71 0 0 0
19436 -0.172468 -0.0101163 0.01 50 50 0 0 0
19452 -0.172987 -0.0101163 0.01 50 50 0 0 0
19462 -0.162049 -0.0101163 0.01 50 51 0 0 0
19481 -0.165369 -0.00989674 0.01 50 51 0 0 0
19483 -0.189055 -0.00857317 0.01 104 104 0 0 0
19497 -0.189055 -0.00873708 0.01 102 102 0 0 0
19512 -0.165369 -0.00989674 0.01 50 50 0 0 0
19558 -0.202163 -0.00873708 0.01 102 102 0 0 0
19603 -0.189055 -0.00873708 0.01 102 102 0 0 0
19604 -0.189055 -0.00873708 0.01 102 102 0 0 0
19633 -0.189055 -0.00873708 0.01 102 102 0 0 0
19635 -0.162049 -0.0101163 0.01 48 49 0 0 0
19641 -0.165369 -0.00991555 0.01 48 48 0 0 0
19656 -0.189055 -0.00857317 0.01 104 104 0 0 0
19670 -0.156028 -0.00969056 0.01 72 72 0 0 0
19684 -0.148619 -0.00954023 0.01 72 72 0 0 0
19704 -0.162049 -0.0101163 0.01 49 49 0 0 0
19710 -0.189055 -0.00857317 0.01 104 104 0 0 0
19712 -0.189055 -0.00873708 0.01 103 103 0 0 0
19715 -0.165369 -0.00989674 0.01 50 50 0 0 0
19721 -0.189055 -0.00873708 0.01 102 102 0 0 0
19730 -0.165369 -0.00989674 0.01 50 49 0 0 0
19753 -0.158981 -0.00896974 0.01 72 72 0 0 0
19782 -0.189055 -0.00873708 0.01 103 102 0 0 0
19788 -0.162049 -0.00989674 0.01 50 50 0 0 0
19816 -0.189055 -0.00873708 0.01 102 102 0 0 0
19821 -0.189055 -0.00873708 0.01 103 103 0 0 0
19828 -0.193391 -0.0104545 0.01 72 73 0 0 0
19840 -0.157025 -0.0101136 0.01 49 49 0 0 0
19841 -0.189055 -0.00873708 0.01 103 103 0 0 0
19842 -0.162049 -0.0101163 0.01 50 50 0 0 0
19859 -0.172468 -0.0099846 0.01 50 50 -4.32134e-07 0 0.000131723
19864 -0.139401 -0.00949763 0.01 72 72 0 0 0
19886 -0.172332 -0.00962274 0.01 72 72 0 0 0
19906 -0.189055 -0.00865953 0.01 103 103 0 0 0
19912 -0.173229 -0.0101163 0.01 48 49 0 0 0
19915 -0.162049 -0.0101163 0.01 48 48 0 0 0
19919 -0.162049 -0.00989674 0.01 50 51 0 0 0
19929 -0.162049 -0.0101163 0.01 49 49 0 0 0
19931 -0.189055 -0.00875478 0.01 102 102 0 0 0
19948 -0.162049 -0.0101163 0.01 48 48 0 0 0
19949 -0.189055 -0.00857317 0.01 104 104 0 0 0
19984 -0.162049 -0.0101406 0.01 50 50 0 0 0
19997 -0.149279 -0.00927574 0.01 72 72 0 0 0
20000 -0.143949 -0.00927574 0.01 72 72 0 0 0
20010 -0.189055 -0.00873708 0.01 102 102 0 0 0
20025 -0.162049 -0.0101163 0.01 48 48 0 0 0
20047 -0.142582 -0.00996726 0.01 72 72 0 0 0
20076 -0.162049 -0.0101163 0.01 49 49 0 0 0
20093 -0.149279 -0.00927574 0.01 72 72 0 0 0
20096 -0.166324 -0.00967264 0.01 72 72 0 0 0
20161 -0.152707 -0.00937296 0.01 72 71 0 0 0
20164 -0.189055 -0.00873708 0.01 103 103 0 0 0
20168 -0.157025 -0.0101136 0.01 50 50 0 0 0
20172 -0.189055 -0.00873708 0.01 103 103 0 0 0
20186 -0.178741 -0.0094513 0.01 72 72 0 0 0
20190 -0.165369 -0.00989674 0.01 50 50 0 0 0
20202 -0.162049 -0.0101163 0.01 50 50 0 0 0
20229 -0.178387 -0.0094513 0.01 72 72 0 0 0
20246 -0.189055 -0.00873708 0.01 103 103 0 0 0
20261 -0.202163 -0.00873708 0.01 103 103 0 0 0
20263 -0.189055 -0.00873708 0.01 102 102 0 0 0
20264 -0.165761 -0.00916237 0.01 72 72 0 0 0
20320 -0.189055 -0.00855428 0.01 102 102 0.0276662 0 0.000182794
20335 -0.189055 -0.00859632 0.01 103 103 0 0 0
20339 -0.156692 -0.0103547 0.01 72 72 0 0 0
20346 -0.165369 -0.00989674 0.01 49 50 0 0 0
20349 -0.184815 -0.009569 0.01 72 72 0 0 0
20364 -0.166331 -0.00952073 0.01 72 72 0 0 0
20371 -0.189055 -0.00839054 0.01 102 102 0 0 0
20403 -0.189055 -0.00873708 0.01 102 102 0 0 0
20422 -0.162049 -0.0101163 0.01 49 49 0 0 0
20432 -0.162049 -0.0101163 0.01 49 49 0 0 0
20442 -0.165369 -0.00989674 0.01 50 50 0 0 0
20455 -0.165369 -0.00989674 0.01 49 49 0 0 0
20482 -0.165369 -0.00989674 0.01 50 50 0 0 0
20489 -0.162049 -0.00997835 0.01 50 50 0 0 0
20492 -0.189055 -0.00864187 0.01 102 102 0.0144743 0 9.52119e-05
20498 -0.166331 -0.00967059 0.01 72 72 -0.000139177 0 -0.000149859
20511 -0.189055 -0.00873708 0.01 103 103 0 0 0
20536 -0.164845 -0.00989674 0.01 50 50 2.70456e-06 -0.00279559 0
20555 -0.165369 -0.00989674 0.01 50 50 0 0 0
20557 -0.188568 -0.0091108 0.01 103 101 0 0 0
20577 -0.108632 -0.009109 0.01 72 72 0 0 0
20588 -0.157025 -0.0101136 0.01 50 51 0 0 0
20589 -0.165369 -0.00989674 0.01 50 50 0 0 0
20620 -0.189055 -0.00859632 0.01 103 103 0 0 0
20637 -0.165369 -0.00989674 0.01 50 50 0 0 0
20638 -0.152007 -0.00878426 0.01 72 72 0 0 0
20651 -0.14698 -0.00990339 0.01 72 72 0 0 0
20657 -0.162049 -0.0101163 0.01 49 49 0 0 0
20661 -0.165265 -0.00970604 0.01 72 72 0 0 0
20679 -0.165369 -0.00989674 0.01 50 50 0 0 0
20686 -0.165369 -0.00989674 0.01 50 50 0 0 0
20688 -0.165265 -0.00989457 0.01 72 71 0 0 0
20718 -0.16198 -0.00884046 0.01 72 72 0 0 0
20758 -0.192389 -0.00873708 0.01 103 103 0 0 0
20764 -0.189055 -0.00873708 0.01 103 103 0 0 0
20765 -0.172712 -0.0098827 0.01 72 72 -5.54025e-05 0 -7.12425e-05
20767 -0.160319 -0.0101163 0.01 50 50 0 0 0
20776 -0.165369 -0.00989674 0.01 50 50 0 0 0
20791 -0.162049 -0.0101163 0.01 48 48 0 0 0
20804 -0.165369 -0.00989674 0.01 50 50 0 0 0
20810 -0.189055 -0.00873708 0.01 102 102 0 0 0
20820 -0.165369 -0.00989674 0.01 49 50 0 0 0
20828 -0.162049 -0.0101163 0.01 48 48 0 0 0
20836 -0.16198 -0.00884046 0.01 72 72 0 0 0
20842 -0.165505 -0.00882965 0.01 72 72 0 0 0
20844 -0.193391 -0.0105861 0.01 72 72 0 0 0
20845 -0.157025 -0.0101136 0.01 50 50 0 0 0
20863 -0.162049 -0.0101163 0.01 50 50 0 0 0
20865 -0.189055 -0.00873708 0.01 103 103 0 0 0
20869 -0.165369 -0.00991555 0.01 48 48 0 0 0
20877 -0.165369 -0.00989674 0.01 49 49 0 0 0
20880 -0.189055 -0.00873708 0.01 102 102 0 0 0
20889 -0.192389 -0.00864225 0.01 104 104 0.0164303 0 9.48245e-05
20902 -0.140099 -0.00913293 0.01 72 72 0 0 0
20904 -0.189055 -0.00873708 0.01 102 102 0 0 0
20908 -0.136822 -0.0101392 0.01 72 72 0 0 0
20912 -0.189055 -0.00857317 0.01 104 104 0 0 0
20916 -0.192389 -0.00873708 0.01 103 103 0 0 0
20920 -0.157025 -0.0100071 0.01 49 49 0 0 0
20922 -0.189055 -0.00873708 0.01 103 103 0 0 0
20951 -0.189055 -0.00873708 0.01 103 103 0 0 0
20983 -0.162049 -0.0101163 0.01 49 49 0 0 0
21001 -0.15535 -0.0101163 0.01 48 48 0 0 0
21016 -0.162049 -0.0101163 0.01 50 50 0 0 0
21025 -0.162049 -0.0101163 0.01 49 49 0 0 0
21026 -0.165369 -0.00989674 0.01 50 50 0 0 0
21035 -0.189055 -0.00857317 0.01 104 104 0 0 0
21037 -0.178741 -0.0094513 0.01 72 72 0 0 0
21057 -0.178741 -0.00957215 0.01 72 72 -6.99461e-05 0 -0.000120851
21065 -0.165369 -0.00989674 0.01 50 50 0 0 0
21081 -0.11417 -0.009109 0.01 72 72 0 0 0
21092 -0.165369 -0.010529 0.01 49 49 0 0 0
21132 -0.173229 -0.0101163 0.01 49 49 0 0 0
21134 -0.162049 -0.0101163 0.01 49 49 0 0 0
21161 -0.158754 -0.00966958 0.01 72 73 0 0 0
21171 -0.149905 -0.00883697 0.01 72 73 0 0 0
21191 -0.178741 -0.0094513 0.01 72 72 0 0 0
21206 -0.165369 -0.00989674 0.01 49 49 0 0 0
21275 -0.172468 -0.0101163 0.01 49 50 0 0 0
21276 -0.162049 -0.0102902 0.01 49 49 0 0 0
21285 -0.189055 -0.00857317 0.01 104 104 0 0 0
21297 -0.189055 -0.00873708 0.01 102 102 0 0 0
21314 -0.149279 -0.00927574 0.01 72 72 0 0 0
21318 -0.189055 -0.00873708 0.01 103 103 0 0 0
21321 -0.142582 -0.00996726 0.01 72 72 0 0 0
21323 -0.148782 -0.00854409 0.01 72 72 0 0 0
21336 -0.189055 -0.00873708 0.01 103 103 0 0 0
21344 -0.189055 -0.00873708 0.01 102 102 0 0 0
21355 -0.136822 -0.0101392 0.01 72 72 -0.000326186 0 -0.000111931
21414 -0.162049 -0.0101163 0.01 49 49 0 0 0
21481 -0.162049 -0.0101163 0.01 49 49 0 0 0
21486 -0.165369 -0.00989674 0.01 50 51 0 0 0
21495 -0.183135 -0.00970578 0.01 72 72 0 0 0
21497 -0.189055 -0.00873708 0.01 102 102 0 0 0
21498 -0.170595 -0.00982704 0.01 50 50 0 0 0
21502 -0.149279 -0.00927574 0.01 72 72 0 0 0
21506 -0.162049 -0.0101163 0.01 49 49 0 0 0
21507 -0.165369 -0.00989674 0.01 50 51 0 0 0
21550 -0.189055 -0.00873708 0.01 102 102 0 0 0
21553 -0.170508 -0.00991555 0.01 49 49 0 0 0
21572 -0.178741 -0.00921714 0.01 72 72 0 0 0
21574 -0.137217 -0.00887881 0.01 72 72 0 0 0
21577 -0.192546 -0.00873708 0.01 103 103 0.0264701 -0.00349081 0
21594 -0.189055 -0.00873708 0.01 103 103 0 0 0
21603 -0.189055 -0.00873708 0.01 102 102 0 0 0
21611 -0.162049 -0.0101163 0.01 49 49 0 0 0
21626 -0.165369 -0.00991555 0.01 49 49 0 0 0
21642 -0.165369 -0.00989674 0.01 50 50 0 0 0
21644 -0.149905 -0.00883697 0.01 72 72 0 0 0
21655 -0.162049 -0.0101163 0.01 50 50 0 0 0
21709 -0.165369 -0.00989674 0.01 50 50 0 0 0
21716 -0.175635 -0.00974079 0.01 72 71 0 0 0
21742 -0.157763 -0.00925444 0.01 72 72 0 0 0
21761 -0.165369 -0.00989674 0.01 50 50 0 0 0
21783 -0.165369 -0.00989674 0.01 50 51 0 0 0
21788 -0.188341 -0.00873708 0.01 103 103 0 0 0
21820 -0.192389 -0.00873708 0.01 103 103 0 0 0
21821 -0.165761 -0.00916237 0.01 72 72 0 0 0
21833 -0.165369 -0.00989674 0.01 50 50 0 0 0
21837 -0.157025 -0.0102182 0.01 50 50 0 0 0
21857 -0.163245 -0.00890795 0.01 72 72 0 0 0
21869 -0.189055 -0.00873708 0.01 103 103 0 0 0
21876 -0.165369 -0.00989674 0.01 49 49 0 0 0
21890 -0.189055 -0.00857317 0.01 104 104 0 0 0
21893 -0.189055 -0.00873708 0.01 103 103 0 0 0
21907 -0.189055 -0.00839054 0.01 102 102 0 0 0
21918 -0.212369 -0.010146 0.01 72 72 0 0 0
21919 -0.189055 -0.00873708 0.01 103 103 0 0 0
21920 -0.181743 -0.00989674 0.01 50 51 0 0 0
21954 -0.177728 -0.00993551 0.01 72 72 0 0 0
21992 -0.189055 -0.00873708 0.01 102 102 0 0 0
21999 -0.189055 -0.00873708 0.01 103 103 0 0 0
22022 -0.189055 -0.00873708 0.01 103 103 0 0 0
22036 -0.189055 -0.00873708 0.01 103 103 0 0 0
22039 -0.189055 -0.00857317 0.01 103 103 0 0 0
22061 -0.189055 -0.00873708 0.01 103 103 0 0 0
22076 -0.189055 -0.00873708 0.01 103 103 0 0 0
22109 -0.162049 -0.00989674 0.01 50 50 0 0 0
22111 -0.192389 -0.00873708 0.01 103 103 0 0 0
22114 -0.172468 -0.0099846 0.01 50 50 0 0 0
22116 -0.162049 -0.0101163 0.01 49 49 0 0 0
22122 -0.165369 -0.00991555 0.01 49 49 0 0 0
22126 -0.189055 -0.00873708 0.01 102 102 0 0 0
22150 -0.162049 -0.00989674 0.01 50 50 0 0 0
22156 -0.162049 -0.0101163 0.01 49 49 0 0 0
22169 -0.165369 -0.00989674 0.01 50 50 0 0 0
22178 -0.19962 -0.00857317 0.01 104 104 0 0 0
22198 -0.189055 -0.00873708 0.01 104 103 0 0 0
22242 -0.165369 -0.00989674 0.01 49 49 0 0 0
22258 -0.161079 -0.00849678 0.01 72 72 0 0 0
22274 -0.19532 -0.00857317 0.01 104 104 0.0491196 -0.00626504 0
22282 -0.189055 -0.00873708 0.01 102 102 0 0 0
22285 -0.189055 -0.00873708 0.01 103 103 0 0 0
22289 -0.165369 -0.00989674 0.01 50 50 0 0 0
22315 -0.161079 -0.00849678 0.01 72 72 0 0 0
22319 -0.149905 -0.00883697 0.01 72 72 0 0 0
22326 -0.200986 -0.0091108 0.01 102 102 0 0 0
22343 -0.136822 -0.0101392 0.01 72 72 0 0 0
22344 -0.188341 -0.00873708 0.01 103 103 0 0 0
