max_pf 95 min_pf 55
individual dGr dSr disp_rate patch_no b_patch_no mut_eff DdGr DdSr
12 -0.16228 -0.00868298 0.01 94 94 0 0 0
35 -0.181425 -0.00892872 0.01 95 95 0 0 0
58 -0.17371 -0.00979862 0.01 72 72 0 0 0
64 -0.137462 -0.00909183 0.01 57 58 0 0 0
74 -0.184884 -0.00877982 0.01 72 72 0 0 0
78 -0.181425 -0.00897948 0.01 94 94 0 0 0
88 -0.16228 -0.00891329 0.01 93 93 0 0 0
94 -0.149171 -0.00892896 0.01 72 72 0 0 0
118 -0.181425 -0.00892872 0.01 95 95 0 0 0
125 -0.171319 -0.008966 0.01 72 73 0 0 0
139 -0.169254 -0.00885822 0.01 72 72 0 0 0
143 -0.181425 -0.00897948 0.01 94 94 0 0 0
161 -0.137462 -0.00917762 0.01 56 56 0 0 0
169 -0.16228 -0.00868298 0.01 94 94 0 0 0
173 -0.162464 -0.00868298 0.01 93 93 0 0 0
179 -0.181425 -0.00897948 0.01 94 94 0 0 0
185 -0.182175 -0.00897948 0.01 94 94 0 0 0
191 -0.158415 -0.00899775 0.01 72 72 0 0 0
199 -0.183396 -0.0089743 0.01 72 72 0 0 0
211 -0.161786 -0.00869858 0.01 72 72 0 0 0
249 -0.15633 -0.00909183 0.01 57 57 0 0 0
271 -0.137462 -0.00909183 0.01 57 58 0 0 0
273 -0.181425 -0.00897948 0.01 95 94 0 0 0
275 -0.157216 -0.00874793 0.01 72 72 0 0 0
282 -0.158415 -0.00946753 0.01 72 72 0 0 0
303 -0.122045 -0.00909183 0.01 57 57 -0.000322759 0.0154177 0
305 -0.16228 -0.00868298 0.01 93 93 0 0 0
306 -0.16228 -0.00891329 0.01 94 94 0 0 0
313 -0.16228 -0.00868298 0.01 93 93 0 0 0
319 -0.183396 -0.00874793 0.01 72 72 0 0 0
322 -0.167665 -0.00877982 0.01 72 72 0 0 0
350 -0.137462 -0.00903359 0.01 57 57 0 0 0
355 -0.181425 -0.00892872 0.01 95 95 0 0 0
374 -0.181425 -0.00897948 0.01 94 94 0 0 0
402 -0.181425 -0.00892872 0.01 95 95 0 0 0
416 -0.174625 -0.00927291 0.01 72 72 0 0 0
433 -0.183396 -0.00874793 0.01 72 72 0 0 0
434 -0.181425 -0.00874814 0.01 94 94 0.0160812 0 0.00023134
445 -0.191379 -0.00877982 0.01 72 70 0 0 0
448 -0.183396 -0.00874793 0.01 72 72 0 0 0
457 -0.181425 -0.00892872 0.01 95 95 0 0 0
471 -0.16228 -0.00868298 0.01 93 93 0 0 0
472 -0.137462 -0.00909183 0.01 57 57 0 0 0
494 -0.183396 -0.0089743 0.01 72 72 0 0 0
503 -0.149957 -0.00854512 0.01 72 72 0 0 0
504 -0.183396 -0.00874793 0.01 72 71 0 0 0
507 -0.137462 -0.00917762 0.01 56 56 0 0 0
508 -0.181425 -0.00897948 0.01 94 94 0 0 0
514 -0.157216 -0.00896083 0.01 72 72 0 0 0
533 -0.164463 -0.00891329 0.01 93 93 0 0 0
543 -0.16228 -0.00868298 0.01 94 94 0 0 0
549 -0.16228 -0.00915224 0.01 93 93 0 0 0
562 -0.171106 -0.0084017 0.01 72 72 0 0 0
566 -0.133487 -0.00915172 0.01 57 57 0 0 0
577 -0.182023 -0.00939899 0.01 72 72 0 0 0
592 -0.167709 -0.00874793 0.01 72 72 0 0 0
608 -0.137462 -0.00903359 0.01 57 57 0 0 0
626 -0.137462 -0.00917762 0.01 56 56 0 0 0
630 -0.165768 -0.00877982 0.01 72 72 0 0 0
633 -0.137462 -0.00909183 0.01 57 57 0 0 0
659 -0.157216 -0.00874793 0.01 72 72 0 0 0
690 -0.16228 -0.00868298 0.01 93 93 0 0 0
700 -0.16228 -0.0085695 0.01 93 93 0 0 0
715 -0.181425 -0.00892872 0.01 95 95 0 0 0
720 -0.179491 -0.00904572 0.01 72 72 0 0 0
722 -0.157216 -0.00874793 0.01 72 72 0 0 0
775 -0.137462 -0.00917762 0.01 56 56 0 0 0
776 -0.149957 -0.00854512 0.01 72 72 0 0 0
788 -0.155559 -0.010234 0.01 72 72 0 0 0
807 -0.171319 -0.008966 0.01 72 72 0 0 0
810 -0.16228 -0.00851022 0.01 93 93 0 0 0
813 -0.137462 -0.00917762 0.01 56 56 0 0 0
831 -0.16228 -0.00891329 0.01 94 94 0 0 0
832 -0.157027 -0.00897484 0.01 72 74 0 0 0
839 -0.181425 -0.00897948 0.01 94 94 0 0 0
844 -0.165768 -0.00877982 0.01 72 72 0 0 0
851 -0.182023 -0.00939899 0.01 72 72 0 0 0
857 -0.118964 -0.00915172 0.01 57 57 0 0 0
877 -0.137462 -0.00909183 0.01 57 58 0 0 0
882 -0.16228 -0.00851022 0.01 93 93 0 0 0
897 -0.16228 -0.00868298 0.01 93 93 0 0 0
903 -0.137462 -0.00909183 0.01 57 57 0 0 0
933 -0.133487 -0.00915172 0.01 57 57 0 0 0
971 -0.181425 -0.00892872 0.01 95 95 0 0 0
982 -0.133487 -0.00915172 0.01 56 56 0 0 0
984 -0.137462 -0.00909183 0.01 56 57 0 0 0
1000 -0.16228 -0.00868298 0.01 93 93 0 0 0
1001 -0.16228 -0.00868298 0.01 93 93 0 0 0
1002 -0.175773 -0.00941315 0.01 72 72 0 0 0
1010 -0.181425 -0.00892872 0.01 95 95 0 0 0
1032 -0.17371 -0.00959243 0.01 72 72 0 0 0
1040 -0.157216 -0.00896083 0.01 72 72 0 0 0
1042 -0.147552 -0.00864657 0.01 72 70 0 0 0
1050 -0.16228 -0.00905469 0.01 93 93 0 0 0
1057 -0.16228 -0.00868298 0.01 93 93 0 0 0
1065 -0.137462 -0.00909183 0.01 57 57 0 0 0
1070 -0.137462 -0.00909183 0.01 57 57 0 0 0
1071 -0.137462 -0.00909183 0.01 57 57 0 0 0
1073 -0.16228 -0.00851022 0.01 93 93 0 0 0
1133 -0.169254 -0.00885822 0.01 72 72 0 0 0
1136 -0.133487 -0.00915172 0.01 56 56 0 0 0
1142 -0.144937 -0.00877924 0.01 72 72 0 0 0
1145 -0.176289 -0.00942114 0.01 72 73 0 0 0
1155 -0.167371 -0.0092838 0.01 72 72 0 0 0
1160 -0.150277 -0.00973281 0.01 72 72 0 0 0
1176 -0.133487 -0.00915172 0.01 57 57 0 0 0
1199 -0.181425 -0.00892872 0.01 95 95 0 0 0
1201 -0.16228 -0.00949083 0.01 72 74 0 0 0
1217 -0.183396 -0.0089743 0.01 72 72 0 0 0
1241 -0.167665 -0.00877982 0.01 72 72 0 0 0
1255 -0.154335 -0.010234 0.01 72 72 0 0 0
1268 -0.182023 -0.00939899 0.01 72 72 0 0 0
1270 -0.181425 -0.00892872 0.01 95 95 0 0 0
1272 -0.182023 -0.00964809 0.01 72 72 -0.000104606 0 -0.00020247
1273 -0.184884 -0.00877982 0.01 72 72 0 0 0
1276 -0.201444 -0.00869 0.01 72 72 0 0 0
1278 -0.183396 -0.00874793 0.01 72 72 0 0 0
1311 -0.137462 -0.00917762 0.01 57 57 0 0 0
1327 -0.16228 -0.0085695 0.01 93 93 0 0 0
1334 -0.137462 -0.00917762 0.01 56 56 0 0 0
1335 -0.16228 -0.00868298 0.01 93 93 0 0 0
1338 -0.137462 -0.00909183 0.01 57 57 0 0 0
1348 -0.161786 -0.00881762 0.01 72 72 0 0 0
1373 -0.16228 -0.00891329 0.01 93 93 0 0 0
1379 -0.183396 -0.00874793 0.01 72 72 0 0 0
1417 -0.181425 -0.00897948 0.01 94 94 0 0 0
1422 -0.136514 -0.00915172 0.01 57 57 0 0 0
1455 -0.174625 -0.00927291 0.01 72 72 0 0 0
1463 -0.181425 -0.00897948 0.01 93 93 0 0 0
1474 -0.174625 -0.00906364 0.01 72 72 0 0 0
1482 -0.181425 -0.00892872 0.01 95 95 0 0 0
1486 -0.16228 -0.00868298 0.01 93 93 0 0 0
1492 -0.16228 -0.00868298 0.01 94 94 0 0 0
1506 -0.137462 -0.00915172 0.01 56 56 0 0 0
1507 -0.16228 -0.00891329 0.01 93 92 0 0 0
1508 -0.161786 -0.0091897 0.01 72 72 0 0 0
1515 -0.137462 -0.00916133 0.01 57 57 0 0 0
1532 -0.157216 -0.00896083 0.01 72 72 0 0 0
1536 -0.133487 -0.00915172 0.01 56 56 0 0 0
1570 -0.133487 -0.00915172 0.01 57 57 0 0 0
1580 -0.16228 -0.00891329 0.01 93 93 0 0 0
1584 -0.16228 -0.00891329 0.01 93 93 0 0 0
1595 -0.137462 -0.00916133 0.01 56 56 0 0 0
1602 -0.16228 -0.00868298 0.01 93 94 0 0 0
1656 -0.171319 -0.008966 0.01 72 72 0 0 0
1676 -0.151236 -0.00891329 0.01 93 92 0 0 0
1701 -0.162464 -0.00868298 0.01 93 93 0 0 0
1717 -0.137462 -0.00909183 0.01 57 57 0 0 0
1739 -0.16092 -0.00891329 0.01 93 93 -0.00673348 0.00135992 0
1749 -0.157216 -0.00896083 0.01 72 72 0 0 0
1754 -0.16228 -0.00868298 0.01 94 94 0 0 0
1789 -0.163304 -0.00927291 0.01 72 72 -0.0014933 0.0113207 0
1800 -0.16228 -0.00891329 0.01 93 93 0 0 0
1823 -0.137462 -0.00917762 0.01 56 56 0 0 0
1851 -0.137462 -0.00916133 0.01 57 57 0 0 0
1856 -0.133487 -0.00915172 0.01 56 56 0 0 0
1857 -0.157216 -0.00896083 0.01 72 72 0 0 0
1893 -0.133487 -0.00915172 0.01 57 57 0 0 0
1897 -0.16228 -0.00891329 0.01 94 94 0 0 0
1901 -0.181425 -0.00892872 0.01 95 95 0 0 0
1907 -0.16228 -0.00868298 0.01 94 94 0 0 0
1917 -0.133487 -0.00915172 0.01 57 57 0 0 0
1921 -0.16228 -0.00891329 0.01 93 93 0 0 0
1946 -0.182023 -0.00939899 0.01 72 72 0 0 0
1948 -0.151903 -0.00922319 0.01 72 72 -0.00145295 0.00681587 0
1964 -0.16228 -0.00891329 0.01 93 93 0 0 0
1993 -0.171319 -0.00874793 0.01 72 72 0 0 0
2008 -0.179286 -0.00897948 0.01 93 93 0 0 0
2027 -0.16228 -0.00891329 0.01 93 93 0 0 0
2048 -0.137462 -0.00909183 0.01 57 58 0 0 0
2050 -0.158415 -0.00899775 0.01 72 72 0 0 0
2054 -0.137462 -0.00917762 0.01 56 56 0 0 0
2061 -0.16228 -0.00868298 0.01 93 93 0 0 0
2073 -0.181425 -0.00892872 0.01 95 95 0 0 0
2081 -0.137462 -0.00909183 0.01 57 57 0 0 0
2084 -0.181425 -0.00897948 0.01 94 94 0 0 0
2091 -0.181425 -0.00897948 0.01 94 94 0 0 0
2138 -0.137462 -0.00917762 0.01 56 56 0 0 0
2149 -0.158719 -0.00894465 0.01 72 73 0 0 0
2154 -0.179286 -0.00897948 0.01 93 93 0 0 0
2176 -0.133401 -0.00915172 0.01 56 56 -5.36293e-05 0.00406094 0
2202 -0.133487 -0.00915172 0.01 56 56 0 0 0
2214 -0.181425 -0.00916241 0.01 95 95 -0.0154937 0 -0.000182932
2215 -0.150277 -0.00973281 0.01 72 72 0 0 0
2242 -0.157216 -0.00874793 0.01 72 72 0 0 0
2257 -0.133487 -0.00915172 0.01 56 56 0 0 0
2278 -0.17371 -0.00959243 0.01 72 72 0 0 0
2283 -0.158719 -0.00922319 0.01 72 72 0 0 0
2290 -0.181425 -0.00892872 0.01 95 95 0 0 0
2296 -0.149957 -0.00854512 0.01 72 72 0 0 0
2305 -0.162125 -0.00891329 0.01 94 93 0 0 0
2337 -0.181425 -0.00892872 0.01 95 95 0 0 0
2346 -0.137462 -0.00903359 0.01 57 57 0 0 0
2348 -0.165768 -0.00877982 0.01 72 72 0 0 0
2354 -0.133487 -0.00915172 0.01 57 57 0 0 0
2378 -0.167665 -0.00877982 0.01 72 72 0 0 0
2400 -0.181425 -0.00897948 0.01 94 94 0 0 0
2439 -0.183396 -0.00874793 0.01 72 72 0 0 0
2443 -0.183396 -0.0089743 0.01 72 72 0 0 0
2473 -0.17371 -0.00959243 0.01 72 72 0 0 0
2474 -0.133487 -0.00915172 0.01 55 55 0 0 0
2511 -0.16228 -0.0085695 0.01 93 93 0 0 0
2519 -0.181425 -0.00892872 0.01 95 95 0 0 0
2527 -0.171106 -0.0084017 0.01 72 72 0 0 0
2545 -0.181425 -0.00897948 0.01 94 94 0 0 0
2551 -0.181425 -0.00892872 0.01 95 95 0 0 0
2565 -0.17371 -0.00959243 0.01 72 72 0 0 0
2606 -0.16228 -0.0085695 0.01 93 93 0 0 0
2612 -0.178734 -0.00904572 0.01 72 72 0 0 0
2621 -0.169254 -0.00885822 0.01 72 72 0 0 0
2629 -0.137462 -0.00915172 0.01 57 57 0 0 0
2663 -0.16228 -0.00868298 0.01 93 93 0 0 0
2670 -0.179286 -0.00897948 0.01 93 93 0 0 0
2679 -0.133487 -0.00915172 0.01 57 57 0 0 0
2686 -0.181425 -0.00897948 0.01 94 94 0 0 0
2693 -0.163592 -0.00868298 0.01 94 94 0 0 0
2712 -0.181425 -0.00892872 0.01 95 95 0 0 0
2714 -0.158415 -0.00899775 0.01 72 72 0 0 0
2729 -0.16228 -0.00891329 0.01 93 93 0 0 0
2732 -0.151456 -0.00864657 0.01 72 72 0 0 0
2745 -0.166805 -0.00891329 0.01 93 92 0.0198022 -0.00452501 0
2763 -0.137462 -0.00917762 0.01 56 56 0 0 0
2781 -0.157216 -0.00896083 0.01 72 72 0 0 0
2786 -0.181425 -0.00897948 0.01 94 94 0 0 0
2794 -0.16228 -0.00891329 0.01 93 93 0 0 0
2801 -0.16228 -0.00891329 0.01 93 93 0 0 0
2802 -0.178734 -0.00904572 0.01 72 72 0 0 0
2804 -0.162775 -0.00874793 0.01 72 72 0 0 0
2842 -0.149171 -0.00912852 0.01 72 72 0 0 0
2845 -0.140702 -0.00880893 0.01 72 72 0 0 0
2846 -0.181425 -0.00892872 0.01 95 95 0 0 0
2857 -0.137462 -0.00909183 0.01 57 57 0 0 0
2859 -0.133487 -0.00915172 0.01 57 57 0 0 0
2860 -0.162689 -0.00874793 0.01 72 72 0 0 0
2868 -0.137462 -0.00915172 0.01 57 57 0 0 0
2884 -0.16134 -0.00896178 0.01 72 72 0 0 0
2919 -0.137462 -0.00909183 0.01 57 57 0 0 0
2926 -0.137462 -0.00909183 0.01 57 57 0 0 0
2943 -0.162929 -0.00942492 0.01 72 72 0 0 0
2944 -0.181425 -0.00892872 0.01 95 95 0 0 0
2967 -0.16228 -0.00915224 0.01 93 93 0 0 0
2968 -0.180189 -0.008931 0.01 72 72 0 0 0
2970 -0.16228 -0.00915224 0.01 93 93 0 0 0
2978 -0.167665 -0.00877982 0.01 72 72 0 0 0
2981 -0.16228 -0.00866539 0.01 93 93 0 0 0
2999 -0.137462 -0.00917604 0.01 57 57 1.92225e-06 0 -8.42102e-05
3001 -0.181425 -0.00892872 0.01 95 95 0 0 0
3014 -0.16228 -0.00891329 0.01 93 93 0 0 0
3021 -0.169254 -0.00885822 0.01 72 72 0 0 0
3064 -0.153679 -0.00860109 0.01 72 72 0 0 0
3081 -0.133487 -0.00915998 0.01 57 57 2.08616e-07 0 -8.25431e-06
3104 -0.181425 -0.00892872 0.01 95 95 0 0 0
3108 -0.133487 -0.00915172 0.01 57 57 0 0 0
3109 -0.175881 -0.00930877 0.01 72 72 0 0 0
3119 -0.137462 -0.00909183 0.01 57 58 0 0 0
3124 -0.171319 -0.008966 0.01 72 73 0 0 0
3126 -0.181425 -0.00897948 0.01 93 93 0 0 0
3127 -0.181425 -0.00897948 0.01 94 94 0 0 0
3130 -0.178734 -0.00904572 0.01 72 72 0 0 0
3155 -0.175773 -0.00941315 0.01 72 72 0 0 0
3163 -0.181425 -0.00897948 0.01 94 94 0 0 0
3164 -0.137462 -0.00917762 0.01 56 56 0 0 0
3197 -0.181425 -0.00897948 0.01 94 94 0 0 0
3214 -0.167665 -0.00877982 0.01 72 72 0 0 0
3241 -0.16228 -0.00915224 0.01 94 93 0 0 0
3252 -0.16228 -0.00915224 0.01 93 93 0 0 0
3256 -0.133487 -0.00915172 0.01 57 57 0 0 0
3257 -0.182023 -0.00964809 0.01 72 72 0 0 0
3275 -0.181425 -0.00892872 0.01 95 95 0 0 0
3279 -0.154638 -0.00869077 0.01 72 72 0 0 0
3286 -0.17371 -0.00979862 0.01 72 71 0 0 0
3309 -0.17371 -0.00959243 0.01 72 72 0 0 0
3336 -0.16228 -0.00868298 0.01 93 93 0 0 0
3343 -0.137451 -0.00915128 0.01 72 72 0 0 0
3362 -0.137462 -0.00909183 0.01 57 57 0 0 0
3377 -0.154638 -0.00869077 0.01 72 72 0 0 0
3380 -0.167665 -0.00877982 0.01 72 72 0 0 0
3392 -0.174398 -0.00887676 0.01 72 73 0 0 0
3406 -0.137462 -0.00909183 0.01 57 57 0 0 0
3418 -0.16228 -0.00881915 0.01 94 94 0 0 0
3436 -0.137462 -0.00909183 0.01 57 57 0 0 0
3444 -0.146121 -0.00915172 0.01 57 57 0 0 0
3449 -0.181425 -0.00892872 0.01 95 95 0 0 0
3464 -0.192374 -0.00915567 0.01 94 94 0 0 0
3474 -0.162125 -0.00891329 0.01 93 93 0 0 0
3480 -0.181425 -0.00892872 0.01 95 95 0 0 0
3483 -0.16228 -0.00868298 0.01 93 93 0 0 0
3488 -0.181425 -0.00897948 0.01 94 94 0 0 0
3497 -0.163304 -0.00927291 0.01 72 72 0 0 0
3503 -0.17371 -0.00979862 0.01 72 72 0 0 0
3521 -0.137462 -0.00909183 0.01 57 57 0 0 0
3530 -0.183396 -0.00874793 0.01 72 72 0 0 0
3535 -0.162125 -0.00891329 0.01 93 93 0 0 0
3537 -0.181425 -0.00892872 0.01 95 95 0 0 0
3548 -0.16228 -0.00851022 0.01 93 93 0 0 0
3578 -0.181425 -0.00892872 0.01 95 95 0 0 0
3602 -0.161786 -0.0091897 0.01 72 72 0 0 0
3603 -0.16228 -0.00891329 0.01 94 93 0 0 0
3615 -0.137462 -0.00909183 0.01 57 57 0 0 0
3616 -0.181425 -0.00897948 0.01 93 93 0 0 0
3619 -0.183396 -0.00874793 0.01 72 72 0 0 0
3627 -0.181425 -0.00897948 0.01 94 94 0 0 0
3638 -0.164463 -0.00891329 0.01 93 93 0 0 0
3643 -0.161786 -0.00869858 0.01 72 72 0 0 0
3645 -0.173895 -0.00844849 0.01 72 72 0 0 0
3662 -0.16228 -0.00891329 0.01 93 93 0 0 0
3687 -0.173895 -0.00844849 0.01 72 72 0 0 0
3690 -0.181425 -0.00892872 0.01 95 95 0 0 0
3693 -0.16498 -0.00869858 0.01 72 72 0 0 0
3697 -0.16228 -0.00851022 0.01 93 93 0 0 0
3700 -0.137462 -0.00909183 0.01 57 57 0 0 0
3703 -0.137462 -0.00903359 0.01 57 57 0 0 0
3705 -0.133487 -0.00915172 0.01 57 57 0 0 0
3708 -0.133487 -0.00915172 0.01 56 56 0 0 0
3710 -0.181425 -0.00892872 0.01 95 95 0 0 0
3741 -0.183396 -0.00874793 0.01 72 72 0 0 0
3748 -0.16228 -0.00868298 0.01 93 93 0 0 0
3776 -0.133487 -0.00915172 0.01 57 57 0 0 0
3785 -0.155559 -0.010234 0.01 72 72 0 0 0
3789 -0.181425 -0.00892872 0.01 95 95 0 0 0
3791 -0.13804 -0.00909183 0.01 57 57 8.76188e-06 -0.000577614 0
3815 -0.158415 -0.00899775 0.01 72 72 0 0 0
3863 -0.137462 -0.00909183 0.01 57 57 0 0 0
3878 -0.182023 -0.00939899 0.01 72 72 0 0 0
3883 -0.132962 -0.00913249 0.01 72 71 0 0 0
3921 -0.16228 -0.00868298 0.01 93 93 0 0 0
3925 -0.133487 -0.00915172 0.01 56 56 0 0 0
3929 -0.137462 -0.00909183 0.01 57 58 0 0 0
3947 -0.181425 -0.00892872 0.01 95 95 0 0 0
3957 -0.137462 -0.00909183 0.01 57 57 0 0 0
3961 -0.16228 -0.00891329 0.01 94 94 0 0 0
3979 -0.179815 -0.00938023 0.01 72 72 0 0 0
3998 -0.137462 -0.00909183 0.01 57 57 0 0 0
4005 -0.133487 -0.00915172 0.01 55 55 0 0 0
4053 -0.16228 -0.00891329 0.01 93 93 0 0 0
4084 -0.167665 -0.00877982 0.01 72 73 0 0 0
4086 -0.162689 -0.00874793 0.01 72 72 0 0 0
4097 -0.133487 -0.00915172 0.01 57 57 0 0 0
4110 -0.137462 -0.00917762 0.01 56 56 0 0 0
4111 -0.179286 -0.00897948 0.01 93 93 0 0 0
4124 -0.167665 -0.00877982 0.01 72 72 0 0 0
4131 -0.17371 -0.00959243 0.01 72 72 0 0 0
4141 -0.181425 -0.00897948 0.01 94 94 0 0 0
4153 -0.154042 -0.00868298 0.01 93 93 0 0 0
4206 -0.189152 -0.00892872 0.01 95 95 0.0338009 -0.00772677 0
4223 -0.181425 -0.00892872 0.01 95 95 0 0 0
4227 -0.149957 -0.00854512 0.01 72 71 0 0 0
4235 -0.158415 -0.00899775 0.01 72 71 0 0 0
4275 -0.137462 -0.00909183 0.01 57 57 0 0 0
4279 -0.133487 -0.00915172 0.01 57 57 0 0 0
4300 -0.149171 -0.00912852 0.01 72 71 0 0 0
4302 -0.133487 -0.00915172 0.01 57 57 0 0 0
4321 -0.16228 -0.00891329 0.01 93 93 0 0 0
4327 -0.167371 -0.0092838 0.01 72 72 0 0 0
4332 -0.181425 -0.00897948 0.01 94 94 0 0 0
4334 -0.181425 -0.00897948 0.01 94 94 0 0 0
4350 -0.16228 -0.00868298 0.01 94 94 0 0 0
4367 -0.157196 -0.00851022 0.01 93 93 -0.0238861 0.00508392 0
4382 -0.174625 -0.00927291 0.01 72 72 0 0 0
4387 -0.16228 -0.00851022 0.01 93 93 0 0 0
4391 -0.137462 -0.00916133 0.01 57 57 0 0 0
4392 -0.175773 -0.00959243 0.01 72 72 0 0 0
4396 -0.16228 -0.00868298 0.01 93 93 0 0 0
4410 -0.16228 -0.00868298 0.01 94 94 0 0 0
4411 -0.155143 -0.00882596 0.01 72 72 0 0 0
4418 -0.133487 -0.00903469 0.01 56 56 -3.33786e-06 0 0.00011703
4424 -0.16228 -0.00891329 0.01 93 93 0 0 0
4435 -0.181425 -0.00892872 0.01 95 95 0 0 0
4458 -0.133487 -0.00915172 0.01 57 57 0 0 0
4477 -0.174625 -0.00927291 0.01 72 72 0 0 0
4489 -0.181425 -0.00892872 0.01 95 95 0 0 0
4512 -0.182023 -0.00939899 0.01 72 72 0 0 0
4530 -0.174625 -0.00927291 0.01 72 73 0 0 0
4531 -0.165768 -0.00877982 0.01 72 72 0 0 0
4534 -0.20317 -0.00894223 0.01 72 72 0 0 0
4559 -0.16228 -0.00868298 0.01 94 94 0 0 0
4564 -0.156075 -0.00894223 0.01 72 72 -0.00212039 0.0138562 0
4587 -0.181425 -0.00892872 0.01 95 95 0 0 0
4608 -0.133487 -0.00915172 0.01 56 56 0 0 0
4613 -0.137462 -0.00917762 0.01 57 57 0 0 0
4615 -0.181425 -0.00897948 0.01 94 94 0 0 0
4648 -0.133487 -0.00915172 0.01 57 57 0 0 0
4662 -0.158387 -0.00904572 0.01 72 72 0 0 0
4666 -0.140702 -0.00880893 0.01 72 73 0 0 0
4689 -0.133487 -0.00915172 0.01 55 55 0 0 0
4690 -0.133487 -0.00915172 0.01 55 55 0 0 0
4692 -0.159438 -0.00873152 0.01 72 72 0 0 0
4705 -0.133487 -0.00915172 0.01 57 57 0 0 0
4720 -0.167665 -0.00877982 0.01 72 72 0 0 0
4730 -0.159438 -0.00873152 0.01 72 72 0 0 0
4754 -0.161786 -0.0091897 0.01 72 72 0 0 0
4788 -0.158415 -0.00946753 0.01 72 72 0 0 0
4789 -0.141134 -0.00915172 0.01 57 57 0.000118151 -0.00764698 0
4794 -0.16134 -0.00896178 0.01 72 72 0 0 0
4798 -0.16228 -0.00868298 0.01 93 93 0 0 0
4800 -0.201444 -0.00869 0.01 72 72 0 0 0
4810 -0.149171 -0.00892896 0.01 72 72 0 0 0
4820 -0.190833 -0.00957321 0.01 72 72 0 0 0
4827 -0.184884 -0.00877982 0.01 72 72 0 0 0
4842 -0.16228 -0.00891329 0.01 93 93 0 0 0
4843 -0.16228 -0.00851022 0.01 93 93 0 0 0
4865 -0.181425 -0.00897948 0.01 94 94 0 0 0
4878 -0.189971 -0.00969539 0.01 72 72 0 0 0
4895 -0.181425 -0.00897948 0.01 94 94 0 0 0
4897 -0.181425 -0.00897948 0.01 94 94 0 0 0
4904 -0.181425 -0.00897948 0.01 94 94 0 0 0
4911 -0.169254 -0.00885822 0.01 72 72 0 0 0
4923 -0.179286 -0.00897948 0.01 93 92 0 0 0
4928 -0.16228 -0.00868298 0.01 94 94 0 0 0
4967 -0.133487 -0.00915172 0.01 57 57 0 0 0
4988 -0.137462 -0.00909183 0.01 57 57 0 0 0
4993 -0.137462 -0.00903359 0.01 57 57 0 0 0
5004 -0.181425 -0.00897948 0.01 94 94 0 0 0
5018 -0.16228 -0.00868298 0.01 93 93 0 0 0
5039 -0.16228 -0.00868298 0.01 94 94 0 0 0
5041 -0.179286 -0.00897948 0.01 93 93 0 0 0
5042 -0.202038 -0.00892296 0.01 72 72 0 0 0
5049 -0.181425 -0.00892872 0.01 95 95 0 0 0
5060 -0.188598 -0.00904572 0.01 72 72 0.000718832 -0.00986333 0
5081 -0.16228 -0.00891329 0.01 93 92 0 0 0
5097 -0.183396 -0.0089743 0.01 72 72 0 0 0
5102 -0.133487 -0.00915172 0.01 57 57 0 0 0
5115 -0.16228 -0.00868298 0.01 94 94 0 0 0
5121 -0.16228 -0.00905469 0.01 93 93 0.00813997 0 9.75449e-05
5125 -0.181425 -0.00892872 0.01 95 95 0 0 0
5129 -0.16228 -0.00891329 0.01 93 93 0 0 0
5134 -0.181425 -0.00892872 0.01 95 95 0 0 0
5138 -0.133487 -0.00915172 0.01 56 56 0 0 0
5147 -0.16228 -0.00868298 0.01 94 94 0 0 0
5159 -0.137462 -0.00909183 0.01 57 57 0 0 0
5185 -0.16228 -0.00891329 0.01 93 93 0 0 0
5189 -0.137462 -0.00909183 0.01 57 57 0 0 0
5198 -0.133487 -0.00915172 0.01 57 57 0 0 0
5202 -0.169795 -0.00930877 0.01 72 72 0.000213087 -0.00161481 0
5260 -0.181425 -0.00892872 0.01 95 95 0 0 0
5262 -0.181425 -0.00897948 0.01 94 94 0 0 0
5273 -0.182175 -0.00897948 0.01 94 94 0 0 0
5276 -0.181425 -0.00892872 0.01 95 95 0 0 0
5347 -0.16228 -0.0085695 0.01 93 93 0 0 0
5350 -0.162689 -0.00874793 0.01 72 72 0 0 0
5362 -0.133487 -0.00915172 0.01 56 56 0 0 0
5389 -0.133487 -0.00915172 0.01 57 57 0 0 0
5396 -0.16228 -0.0085695 0.01 93 93 0 0 0
5398 -0.171319 -0.00874793 0.01 72 73 0 0 0
5403 -0.181425 -0.00897948 0.01 94 94 0 0 0
5417 -0.16228 -0.00891329 0.01 93 93 0 0 0
5418 -0.158502 -0.00846167 0.01 72 72 0 0 0
5438 -0.133487 -0.00915172 0.01 56 56 0 0 0
5449 -0.167665 -0.00877982 0.01 72 72 0 0 0
5470 -0.181425 -0.00892872 0.01 95 95 0 0 0
5483 -0.161786 -0.00881762 0.01 72 72 0 0 0
5488 -0.161786 -0.00869858 0.01 72 72 0 0 0
5504 -0.158415 -0.00899775 0.01 72 72 0 0 0
5505 -0.137462 -0.00909183 0.01 56 57 0 0 0
5507 -0.178734 -0.00904572 0.01 72 72 0 0 0
5518 -0.189971 -0.00969539 0.01 72 72 0 0 0
5519 -0.183396 -0.0089743 0.01 72 72 0 0 0
5528 -0.16228 -0.00868298 0.01 93 93 0 0 0
5531 -0.16228 -0.00868298 0.01 93 93 0 0 0
5542 -0.133487 -0.00915172 0.01 56 57 0 0 0
5543 -0.16228 -0.00868298 0.01 94 94 0 0 0
5554 -0.181425 -0.00892872 0.01 95 95 0 0 0
5559 -0.16228 -0.00891329 0.01 93 93 0 0 0
5560 -0.133487 -0.00915172 0.01 56 56 0 0 0
5565 -0.133487 -0.00915172 0.01 57 57 0 0 0
5591 -0.16228 -0.00868298 0.01 93 93 0 0 0
5593 -0.137462 -0.00916133 0.01 57 57 0 0 0
5599 -0.17575 -0.00939899 0.01 72 72 0 0 0
5602 -0.16228 -0.00891329 0.01 93 93 0 0 0
5609 -0.162689 -0.00871996 0.01 72 72 0 0 0
5625 -0.161786 -0.00940755 0.01 72 74 0 0 0
5645 -0.181425 -0.00892872 0.01 95 95 0 0 0
5660 -0.178734 -0.00904572 0.01 72 72 0 0 0
5673 -0.182023 -0.00929543 0.01 72 72 7.45952e-05 0 0.000150195
5680 -0.16228 -0.00868298 0.01 93 93 0 0 0
5685 -0.179286 -0.00897948 0.01 93 93 0 0 0
5687 -0.181425 -0.00897948 0.01 94 94 0 0 0
5714 -0.137462 -0.00915172 0.01 56 56 0 0 0
5715 -0.181425 -0.00897948 0.01 94 94 0 0 0
5724 -0.181425 -0.00892872 0.01 95 95 0 0 0
5726 -0.137462 -0.00909183 0.01 57 57 0 0 0
5745 -0.181425 -0.00892872 0.01 95 95 0 0 0
5757 -0.16228 -0.00891329 0.01 93 92 0 0 0
5764 -0.16228 -0.00891329 0.01 93 93 0 0 0
5770 -0.153921 -0.00940755 0.01 72 72 0 0 0
5827 -0.141592 -0.00909624 0.01 72 72 -0.00178309 0.00585946 0
5834 -0.158415 -0.00899775 0.01 72 72 0 0 0
5835 -0.167709 -0.00874793 0.01 72 72 0 0 0
5841 -0.196075 -0.00941257 0.01 72 73 0 0 0
5884 -0.16228 -0.00862707 0.01 94 93 0.00432819 0 5.5911e-05
5888 -0.183396 -0.00874793 0.01 72 72 0 0 0
5914 -0.169931 -0.00894223 0.01 72 73 0 0 0
5949 -0.137462 -0.00909183 0.01 57 57 0 0 0
5951 -0.171319 -0.008966 0.01 72 72 0 0 0
5971 -0.16228 -0.00891329 0.01 93 93 0 0 0
5996 -0.179815 -0.00938023 0.01 72 72 0 0 0
6027 -0.137462 -0.00917762 0.01 57 57 0 0 0
6049 -0.16228 -0.00851022 0.01 93 93 0 0 0
6054 -0.16228 -0.00894293 0.01 94 94 0 0 0
6089 -0.181425 -0.00897948 0.01 94 94 0 0 0
6092 -0.16228 -0.00851022 0.01 94 93 0 0 0
6103 -0.16228 -0.00868298 0.01 93 93 0 0 0
6133 -0.158415 -0.00899775 0.01 72 72 0 0 0
6150 -0.169254 -0.00885822 0.01 72 72 0 0 0
6155 -0.158415 -0.00899775 0.01 72 72 0 0 0
6157 -0.137462 -0.00909183 0.01 57 57 0 0 0
6163 -0.16228 -0.00891329 0.01 93 93 0 0 0
6199 -0.179286 -0.00897948 0.01 93 93 0 0 0
6207 -0.181425 -0.00892872 0.01 95 95 0 0 0
6237 -0.162125 -0.00891329 0.01 94 94 0 0 0
6253 -0.181425 -0.00897948 0.01 94 94 0 0 0
6255 -0.16228 -0.00868298 0.01 93 93 0 0 0
6287 -0.167709 -0.00874793 0.01 72 72 0 0 0
6291 -0.102196 -0.00915172 0.01 57 57 0 0 0
6296 -0.137462 -0.00909183 0.01 57 58 0 0 0
6297 -0.157162 -0.00877779 0.01 72 71 0 0 0
6301 -0.16228 -0.00881915 0.01 94 94 0 0 0
6319 -0.181425 -0.00892872 0.01 95 95 0 0 0
6329 -0.133487 -0.00915172 0.01 56 56 0 0 0
6347 -0.12716 -0.00880893 0.01 72 72 0 0 0
6369 -0.181425 -0.00892872 0.01 95 95 0 0 0
6372 -0.171319 -0.008966 0.01 72 72 0 0 0
6391 -0.16228 -0.00868298 0.01 94 94 0 0 0
6401 -0.16228 -0.00891329 0.01 94 94 0 0 0
6424 -0.16228 -0.00868298 0.01 93 92 0 0 0
6435 -0.16228 -0.00891329 0.01 93 92 0 0 0
6439 -0.16228 -0.00915224 0.01 93 93 0 0 0
6449 -0.133487 -0.00915172 0.01 55 55 0 0 0
6450 -0.133847 -0.00940526 0.01 56 56 -3.88175e-05 0.00361538 -0.00031343
6468 -0.181425 -0.00897948 0.01 94 94 0 0 0
6479 -0.181425 -0.00892872 0.01 95 95 0 0 0
6522 -0.16228 -0.00891329 0.01 93 93 0 0 0
6572 -0.179491 -0.00904572 0.01 72 72 0 0 0
6578 -0.174625 -0.00927291 0.01 72 72 0 0 0
6583 -0.154042 -0.00868298 0.01 93 93 0 0 0
6590 -0.181425 -0.00897948 0.01 95 94 0 0 0
6591 -0.173895 -0.00869518 0.01 72 72 0 0 0
6593 -0.179286 -0.00901664 0.01 93 93 -0.00241187 0 -3.71607e-05
6594 -0.158415 -0.00899775 0.01 72 71 0 0 0
6598 -0.158415 -0.00899775 0.01 72 72 0 0 0
6631 -0.165768 -0.00877982 0.01 72 72 0 0 0
6649 -0.16228 -0.00868298 0.01 93 93 0 0 0
6665 -0.158415 -0.00946753 0.01 72 72 0 0 0
6713 -0.16228 -0.00891329 0.01 93 92 0 0 0
6765 -0.183396 -0.00874793 0.01 72 72 0 0 0
6778 -0.158415 -0.00899775 0.01 72 72 0 0 0
6779 -0.169254 -0.00885822 0.01 72 72 0 0 0
6781 -0.137462 -0.00917762 0.01 57 57 0 0 0
6794 -0.168181 -0.00930877 0.01 72 72 0 0 0
6807 -0.133487 -0.00915172 0.01 55 55 0 0 0
6830 -0.137462 -0.00909183 0.01 57 57 0 0 0
6849 -0.16228 -0.00891329 0.01 93 93 0 0 0
6861 -0.16228 -0.00868298 0.01 93 93 0 0 0
6866 -0.137462 -0.00909183 0.01 57 57 0 0 0
6882 -0.16228 -0.00868298 0.01 93 93 0 0 0
6931 -0.137462 -0.00909183 0.01 57 57 0 0 0
6940 -0.157162 -0.00877779 0.01 72 72 0 0 0
6955 -0.16228 -0.00891329 0.01 93 93 0 0 0
6970 -0.17371 -0.00959243 0.01 72 72 0 0 0
6997 -0.16228 -0.00891329 0.01 93 92 0 0 0
7022 -0.137462 -0.00909183 0.01 57 58 0 0 0
7044 -0.137462 -0.00909183 0.01 57 57 0 0 0
7048 -0.16228 -0.00891329 0.01 93 93 0 0 0
7096 -0.169254 -0.00885822 0.01 72 72 0 0 0
7097 -0.16228 -0.00868298 0.01 94 94 0 0 0
7102 -0.137462 -0.00917762 0.01 56 56 0 0 0
7150 -0.181425 -0.00892872 0.01 95 95 0 0 0
7152 -0.175881 -0.00930877 0.01 72 72 0 0 0
7188 -0.181425 -0.00897948 0.01 94 94 0 0 0
7212 -0.185175 -0.00868298 0.01 94 94 0 0 0
7220 -0.181425 -0.00892872 0.01 95 95 0 0 0
7221 -0.16228 -0.00891329 0.01 93 93 0 0 0
7229 -0.179286 -0.00897948 0.01 93 93 0 0 0
7247 -0.181425 -0.00892872 0.01 95 95 0 0 0
7255 -0.149957 -0.0084765 0.01 72 72 0 0 0
7257 -0.181425 -0.00897948 0.01 94 94 0 0 0
7271 -0.181425 -0.00897948 0.01 94 94 0 0 0
7276 -0.137462 -0.00909183 0.01 57 58 0 0 0
7293 -0.181425 -0.00897948 0.01 94 94 0 0 0
7313 -0.162775 -0.00874793 0.01 72 72 0 0 0
7336 -0.162689 -0.00874793 0.01 72 72 0 0 0
7337 -0.133487 -0.00915172 0.01 57 57 0 0 0
7342 -0.16228 -0.0085695 0.01 93 93 0 0 0
7355 -0.181425 -0.00897948 0.01 94 94 0 0 0
7420 -0.162929 -0.00942492 0.01 72 72 0 0 0
7431 -0.125494 -0.00915172 0.01 56 56 -0.0001854 0.011968 0
7443 -0.162125 -0.00891329 0.01 93 93 0 0 0
7460 -0.16228 -0.0087111 0.01 93 93 0 0 0
7472 -0.16134 -0.00896178 0.01 72 71 0 0 0
7478 -0.164129 -0.00979862 0.01 72 72 0 0 0
7480 -0.167665 -0.00877982 0.01 72 73 0 0 0
7498 -0.16923 -0.00892872 0.01 95 95 -0.0617258 0.0121955 0
7505 -0.171319 -0.0085743 0.01 72 73 0 0 0
7522 -0.181425 -0.00892872 0.01 95 95 0 0 0
7544 -0.183396 -0.00874793 0.01 72 72 0 0 0
7552 -0.117131 -0.00909183 0.01 57 57 -0.000472456 0.020331 0
7558 -0.167665 -0.00877982 0.01 72 72 0 0 0
7566 -0.181425 -0.00892872 0.01 95 95 0 0 0
7569 -0.137462 -0.00909183 0.01 57 57 0 0 0
7574 -0.158415 -0.00899775 0.01 72 72 0 0 0
7587 -0.157216 -0.00896083 0.01 72 72 0 0 0
7590 -0.163833 -0.00959243 0.01 72 73 -0.00204307 0.0119396 0
7637 -0.137462 -0.00916133 0.01 57 57 0 0 0
7659 -0.133487 -0.00915172 0.01 57 57 0 0 0
7673 -0.16228 -0.00851022 0.01 93 93 0 0 0
7683 -0.137462 -0.00917762 0.01 57 57 0 0 0
7695 -0.137462 -0.00915172 0.01 57 57 0 0 0
7723 -0.158387 -0.00904572 0.01 72 72 0 0 0
7725 -0.137462 -0.00909183 0.01 56 56 0 0 0
7733 -0.16228 -0.0085695 0.01 93 93 0 0 0
7735 -0.16228 -0.00891329 0.01 94 94 0 0 0
7764 -0.17322 -0.00874793 0.01 72 72 0 0 0
7771 -0.181425 -0.00897948 0.01 94 94 0 0 0
7792 -0.181425 -0.00897948 0.01 94 94 0 0 0
7795 -0.137462 -0.00909183 0.01 57 57 0 0 0
7808 -0.16228 -0.00891329 0.01 94 93 0 0 0
7816 -0.137462 -0.00909183 0.01 57 57 0 0 0
7817 -0.16228 -0.00891329 0.01 94 93 0 0 0
7824 -0.181425 -0.00897948 0.01 94 94 0 0 0
7840 -0.17371 -0.00959243 0.01 72 72 0 0 0
7844 -0.181425 -0.00897948 0.01 93 93 0 0 0
7846 -0.179286 -0.00897948 0.01 93 93 0 0 0
7859 -0.169254 -0.00885822 0.01 72 72 0 0 0
7862 -0.181425 -0.00897948 0.01 94 94 0 0 0
7863 -0.16228 -0.00891329 0.01 93 93 0 0 0
7866 -0.17371 -0.00959243 0.01 72 72 0 0 0
7874 -0.201444 -0.00874793 0.01 72 72 0 0 0
7880 -0.16228 -0.00881915 0.01 94 94 0 0 0
7882 -0.182023 -0.00939899 0.01 72 72 0 0 0
7897 -0.133487 -0.00915172 0.01 56 56 0 0 0
7900 -0.144068 -0.00915172 0.01 57 57 -2.34544e-05 0.00205302 0
7923 -0.186138 -0.00897948 0.01 94 94 0.0191314 -0.00471279 0
7928 -0.167371 -0.0092838 0.01 72 72 0 0 0
7938 -0.137462 -0.00909183 0.01 57 57 0 0 0
7939 -0.16228 -0.00868298 0.01 93 93 0 0 0
7956 -0.149957 -0.0084765 0.01 72 72 0 0 0
7961 -0.169254 -0.00885822 0.01 72 72 0 0 0
7973 -0.202038 -0.00892296 0.01 72 72 0 0 0
7979 -0.16228 -0.00891329 0.01 93 93 0 0 0
8034 -0.137462 -0.00909183 0.01 57 57 0 0 0
8035 -0.174625 -0.00927291 0.01 72 72 0 0 0
8051 -0.181425 -0.00897948 0.01 94 94 0 0 0
8060 -0.133487 -0.00915172 0.01 57 57 0 0 0
8062 -0.181425 -0.00892872 0.01 95 95 0 0 0
8063 -0.181425 -0.00892872 0.01 95 95 0 0 0
8066 -0.159438 -0.00873152 0.01 72 72 0 0 0
8094 -0.178734 -0.00904572 0.01 72 71 0 0 0
8137 -0.183396 -0.0089743 0.01 72 72 0 0 0
8142 -0.166158 -0.00891329 0.01 93 93 0 0 0
8166 -0.16228 -0.0085695 0.01 93 93 0 0 0
8175 -0.174625 -0.00927291 0.01 72 72 0 0 0
8237 -0.161786 -0.0091897 0.01 72 72 0 0 0
8239 -0.137462 -0.00915172 0.01 56 56 0 0 0
8248 -0.173895 -0.00869518 0.01 72 72 0 0 0
8258 -0.16228 -0.00891329 0.01 93 93 0 0 0
8262 -0.16228 -0.00915224 0.01 93 93 0 0 0
8266 -0.133487 -0.00915172 0.01 56 56 0 0 0
8275 -0.169254 -0.00885822 0.01 72 72 0 0 0
8280 -0.16228 -0.00868298 0.01 93 93 0 0 0
8297 -0.16228 -0.00891329 0.01 93 93 0 0 0
8300 -0.171319 -0.008966 0.01 72 73 0 0 0
8305 -0.16228 -0.00868298 0.01 93 93 0 0 0
8320 -0.133487 -0.00915172 0.01 56 58 0 0 0
8329 -0.169254 -0.00885822 0.01 72 72 0 0 0
8356 -0.137462 -0.00909183 0.01 57 57 0 0 0
8369 -0.181425 -0.00897948 0.01 94 94 0 0 0
8371 -0.133487 -0.00915172 0.01 57 57 0 0 0
8372 -0.17371 -0.00959243 0.01 72 72 0 0 0
8391 -0.133487 -0.00915172 0.01 57 57 0 0 0
8395 -0.164129 -0.00979862 0.01 72 72 0 0 0
8410 -0.151456 -0.00903406 0.01 72 72 0 0 0
8417 -0.16228 -0.00868298 0.01 93 93 0 0 0
8425 -0.137462 -0.00915172 0.01 56 56 0 0 0
8444 -0.201444 -0.00874793 0.01 72 72 0 0 0
8446 -0.154638 -0.00869077 0.01 72 72 0 0 0
8456 -0.137451 -0.00900327 0.01 72 72 0 0 0
8473 -0.181425 -0.00897948 0.01 94 94 0 0 0
8481 -0.16228 -0.00868298 0.01 93 93 0 0 0
8485 -0.16228 -0.00915224 0.01 93 93 0 0 0
8513 -0.163597 -0.00877982 0.01 72 72 0 0 0
8524 -0.181425 -0.00892872 0.01 95 95 0 0 0
8527 -0.16228 -0.00868298 0.01 93 93 0 0 0
8530 -0.181425 -0.00897948 0.01 94 94 0 0 0
8534 -0.17371 -0.00959243 0.01 72 72 0 0 0
8540 -0.16228 -0.00868298 0.01 94 94 0 0 0
8543 -0.16228 -0.00862707 0.01 93 93 0 0 0
8577 -0.137462 -0.00909183 0.01 57 57 0 0 0
8578 -0.16228 -0.00868298 0.01 94 94 0 0 0
8579 -0.16228 -0.00868298 0.01 93 93 0 0 0
8584 -0.137462 -0.00917762 0.01 57 57 0 0 0
8592 -0.162689 -0.00878364 0.01 72 72 -5.61178e-05 0 -6.36792e-05
8613 -0.137462 -0.00917762 0.01 57 57 0 0 0
8614 -0.137462 -0.00916133 0.01 57 57 0 0 0
8636 -0.181425 -0.00877425 0.01 95 95 0.0123424 0 0.00015447
8638 -0.181425 -0.00892872 0.01 95 95 0 0 0
8641 -0.17371 -0.00979862 0.01 72 72 0 0 0
8662 -0.16228 -0.00915224 0.01 93 93 0 0 0
8690 -0.133487 -0.00915172 0.01 57 57 0 0 0
8704 -0.133487 -0.00915172 0.01 56 56 0 0 0
8732 -0.137462 -0.00917762 0.01 56 56 0 0 0
8751 -0.133487 -0.00915172 0.01 56 56 0 0 0
8758 -0.150113 -0.00868298 0.01 93 93 -0.0609015 0.0121667 0
8770 -0.181425 -0.00892872 0.01 95 95 0 0 0
8776 -0.159807 -0.00925447 0.01 72 73 -0.000442386 0 -0.000313673
8799 -0.136514 -0.00915172 0.01 57 57 0 0 0
8847 -0.133487 -0.00915172 0.01 55 55 0 0 0
8849 -0.192374 -0.00915567 0.01 95 95 0 0 0
8850 -0.137462 -0.00909183 0.01 57 57 0 0 0
8871 -0.137462 -0.00917762 0.01 57 57 0 0 0
8879 -0.181425 -0.00892872 0.01 95 95 0 0 0
8881 -0.183396 -0.00874793 0.01 72 72 0 0 0
8887 -0.140702 -0.00880893 0.01 72 72 0 0 0
8895 -0.159438 -0.00873152 0.01 72 71 0 0 0
8896 -0.137462 -0.00917762 0.01 56 56 0 0 0
8909 -0.133487 -0.00915172 0.01 55 56 0 0 0
8914 -0.178734 -0.00904572 0.01 72 72 0 0 0
8932 -0.182023 -0.00939899 0.01 72 72 0 0 0
8939 -0.137462 -0.00909183 0.01 57 58 0 0 0
8944 -0.162689 -0.00874793 0.01 72 73 0 0 0
8963 -0.185175 -0.00868298 0.01 94 94 0.0940999 -0.0215822 0
8964 -0.162689 -0.00878364 0.01 72 72 0 0 0
8979 -0.164463 -0.00891329 0.01 93 93 0.0106199 -0.00218314 0
8988 -0.137462 -0.00917762 0.01 56 57 0 0 0
8998 -0.16228 -0.00892594 0.01 93 92 0 0 0
9036 -0.181425 -0.00897948 0.01 94 94 0 0 0
9041 -0.181425 -0.00897948 0.01 94 94 0 0 0
9083 -0.174625 -0.00906364 0.01 72 74 0 0 0
9084 -0.133487 -0.00915172 0.01 57 57 0 0 0
9103 -0.137462 -0.00925244 0.01 57 57 3.66569e-06 0 -0.000160611
9109 -0.181425 -0.00897948 0.01 94 94 0 0 0
9174 -0.175881 -0.00930877 0.01 72 72 0 0 0
9176 -0.181425 -0.00897948 0.01 94 94 0 0 0
9185 -0.169795 -0.00930877 0.01 72 72 0 0 0
9188 -0.16228 -0.00892594 0.01 93 93 0 0 0
9192 -0.16228 -0.0087111 0.01 93 93 0 0 0
9204 -0.169254 -0.00885822 0.01 72 72 0 0 0
9206 -0.181425 -0.00892872 0.01 95 95 0 0 0
9209 -0.180189 -0.008931 0.01 72 72 0 0 0
9218 -0.137462 -0.00909183 0.01 57 58 0 0 0
9222 -0.16228 -0.00851022 0.01 93 93 0 0 0
9233 -0.17371 -0.00959243 0.01 72 72 0 0 0
9237 -0.16228 -0.00868298 0.01 93 93 0 0 0
9242 -0.133487 -0.00915172 0.01 57 57 0 0 0
9275 -0.163592 -0.00868298 0.01 94 94 0 0 0
9287 -0.133487 -0.00915172 0.01 56 57 0 0 0
9288 -0.181425 -0.00892872 0.01 95 95 0 0 0
9327 -0.181425 -0.00892872 0.01 95 95 0 0 0
9336 -0.174625 -0.00927291 0.01 72 72 0 0 0
9368 -0.137462 -0.00909183 0.01 57 57 0 0 0
9374 -0.182023 -0.00944562 0.01 72 72 -2.34246e-05 0 -4.66304e-05
9378 -0.17371 -0.00959243 0.01 72 72 0 0 0
9405 -0.181425 -0.00897948 0.01 94 94 0 0 0
9430 -0.16228 -0.00891329 0.01 93 92 0 0 0
9433 -0.137462 -0.00915172 0.01 56 57 0 0 0
9445 -0.16228 -0.00868298 0.01 93 93 0 0 0
9446 -0.137462 -0.00917762 0.01 56 56 0 0 0
9453 -0.181798 -0.00874793 0.01 72 72 -0.000112772 0.00159781 0
9458 -0.146121 -0.00915172 0.01 57 57 0 0 0
9476 -0.181425 -0.00892872 0.01 95 95 0 0 0
9493 -0.16228 -0.00866539 0.01 93 92 0 0 0
9494 -0.16228 -0.00868298 0.01 93 93 0 0 0
9499 -0.16228 -0.00868298 0.01 94 94 0 0 0
9501 -0.179286 -0.00897948 0.01 93 93 0 0 0
9509 -0.181425 -0.00897948 0.01 93 93 0 0 0
9514 -0.158719 -0.00894465 0.01 72 72 0 0 0
9520 -0.201444 -0.00874793 0.01 72 72 0 0 0
9535 -0.158415 -0.00899775 0.01 72 72 0 0 0
9538 -0.175133 -0.00897948 0.01 94 94 -0.0280748 0.00629269 0
9539 -0.181425 -0.00892872 0.01 95 95 0 0 0
9547 -0.180189 -0.008931 0.01 72 72 0 0 0
9560 -0.164129 -0.00979862 0.01 72 72 0 0 0
9574 -0.133487 -0.00915172 0.01 57 57 0 0 0
9578 -0.155143 -0.00882596 0.01 72 72 0 0 0
9588 -0.181425 -0.00897948 0.01 94 94 0 0 0
9593 -0.157216 -0.00896083 0.01 72 72 0 0 0
9610 -0.137462 -0.00909183 0.01 57 57 0 0 0
9635 -0.161786 -0.0091897 0.01 72 72 0 0 0
9643 -0.174625 -0.00927291 0.01 72 72 0 0 0
9672 -0.167665 -0.00877982 0.01 72 73 0 0 0
9686 -0.183396 -0.00874793 0.01 72 72 0 0 0
9709 -0.162689 -0.00874793 0.01 72 72 0 0 0
9728 -0.137462 -0.00909183 0.01 57 57 0 0 0
9738 -0.158415 -0.00899775 0.01 72 72 0 0 0
9752 -0.179286 -0.00897948 0.01 93 93 0 0 0
9764 -0.137462 -0.00909183 0.01 57 57 0 0 0
9782 -0.181425 -0.00892872 0.01 95 95 0 0 0
9788 -0.175773 -0.00941315 0.01 72 72 0 0 0
9800 -0.136514 -0.00915172 0.01 57 57 0 0 0
9804 -0.137462 -0.00916133 0.01 57 57 0 0 0
9837 -0.17371 -0.00959243 0.01 72 72 0 0 0
9838 -0.15633 -0.00909183 0.01 57 58 0 0 0
9857 -0.181425 -0.00892872 0.01 95 95 0 0 0
9858 -0.181425 -0.00897948 0.01 94 94 0 0 0
9893 -0.16228 -0.00891329 0.01 93 93 0 0 0
9914 -0.133487 -0.00915172 0.01 57 58 0 0 0
9936 -0.192374 -0.00915567 0.01 94 94 0 0 0
9957 -0.157216 -0.00896083 0.01 72 72 0 0 0
9961 -0.181425 -0.00897948 0.01 94 94 0 0 0
9963 -0.17575 -0.00939899 0.01 72 72 0 0 0
9981 -0.137462 -0.00916133 0.01 57 57 0 0 0
9992 -0.179286 -0.00897948 0.01 93 93 0 0 0
10013 -0.181425 -0.00892872 0.01 95 95 0 0 0
10019 -0.181425 -0.00892872 0.01 95 95 0 0 0
10028 -0.183396 -0.00874793 0.01 72 72 0 0 0
10029 -0.133487 -0.00915172 0.01 57 57 0 0 0
10043 -0.181425 -0.00885973 0.01 95 95 0.00975186 0 0.000119752
10044 -0.16228 -0.00891329 0.01 94 94 0 0 0
10062 -0.181425 -0.00892872 0.01 95 95 0 0 0
10069 -0.15633 -0.00909183 0.01 57 57 0 0 0
10101 -0.133487 -0.00915172 0.01 56 56 0 0 0
10113 -0.177774 -0.00959243 0.01 72 72 0.000445873 -0.00406393 0
10115 -0.141019 -0.00917762 0.01 56 56 4.04865e-05 -0.00355637 0
10126 -0.160216 -0.00891329 0.01 93 93 -0.0102521 0.00206393 0
10135 -0.137462 -0.00909183 0.01 57 57 0 0 0
10148 -0.142567 -0.00962679 0.01 72 72 -0.00245698 0.00770974 0
10173 -0.137462 -0.00903359 0.01 57 57 0 0 0
10175 -0.149171 -0.00912852 0.01 72 72 0 0 0
10182 -0.162125 -0.00891329 0.01 94 94 0 0 0
10206 -0.168243 -0.00853672 0.01 72 71 0 0 0
10222 -0.137462 -0.00916133 0.01 56 57 0 0 0
10224 -0.158415 -0.00899775 0.01 72 72 0 0 0
10225 -0.137462 -0.00909183 0.01 56 57 0 0 0
10226 -0.142247 -0.008668 0.01 72 72 0 0 0
10244 -0.16228 -0.00868298 0.01 93 93 0 0 0
10257 -0.172012 -0.00959243 0.01 72 73 -0.000550836 0.00376032 0
10266 -0.160216 -0.00891329 0.01 93 93 0 0 0
10282 -0.142247 -0.00892896 0.01 72 72 0 0 0
10291 -0.16228 -0.00868298 0.01 93 93 0 0 0
10309 -0.133487 -0.00915172 0.01 57 57 0 0 0
10310 -0.118964 -0.00915172 0.01 57 57 -0.000346184 0.0145234 0
10314 -0.16228 -0.00868298 0.01 93 93 0 0 0
10318 -0.161786 -0.00881762 0.01 72 72 0 0 0
10321 -0.16228 -0.00868298 0.01 94 94 0 0 0
10339 -0.162125 -0.00891329 0.01 94 94 0 0 0
10367 -0.173895 -0.00869518 0.01 72 72 0 0 0
10380 -0.175696 -0.00844849 0.01 72 72 0.000158817 -0.00180122 0
10392 -0.181425 -0.00897948 0.01 94 94 0 0 0
10398 -0.169931 -0.00901364 0.01 72 72 -5.07832e-05 0 -7.14073e-05
10419 -0.149171 -0.00912852 0.01 72 71 0 0 0
10446 -0.181425 -0.00897948 0.01 94 94 0 0 0
10474 -0.15633 -0.00909183 0.01 57 57 0 0 0
10501 -0.16228 -0.00868298 0.01 93 93 0 0 0
10512 -0.13794 -0.00915172 0.01 57 58 0 0 0
10541 -0.181425 -0.00892872 0.01 95 95 0 0 0
10552 -0.137462 -0.00916133 0.01 56 57 0 0 0
10561 -0.151456 -0.00864657 0.01 72 73 0 0 0
10580 -0.164463 -0.00891329 0.01 93 93 0 0 0
10604 -0.158415 -0.00899775 0.01 72 72 0 0 0
10611 -0.181425 -0.00897948 0.01 94 94 0 0 0
10669 -0.181425 -0.00897948 0.01 94 94 0 0 0
10686 -0.158502 -0.00846167 0.01 72 72 0 0 0
10703 -0.17371 -0.00978396 0.01 72 72 0 0 0
10711 -0.181425 -0.00892872 0.01 95 95 0 0 0
10714 -0.133487 -0.00915172 0.01 56 56 0 0 0
10745 -0.157162 -0.00877779 0.01 72 71 0 0 0
10786 -0.16228 -0.00868298 0.01 93 93 0 0 0
10789 -0.13294 -0.00880893 0.01 72 73 0 0 0
10806 -0.178734 -0.00904572 0.01 72 72 0 0 0
10818 -0.181425 -0.00897948 0.01 94 94 0 0 0
10831 -0.181425 -0.00897948 0.01 93 92 0 0 0
10834 -0.137462 -0.00909183 0.01 56 57 0 0 0
10842 -0.133487 -0.00915998 0.01 57 57 0 0 0
10845 -0.171319 -0.00874793 0.01 72 73 0 0 0
10846 -0.137462 -0.00917762 0.01 57 57 0 0 0
10855 -0.17322 -0.00874793 0.01 72 73 0 0 0
10861 -0.16228 -0.00881915 0.01 93 94 0 0 0
10869 -0.179286 -0.00897948 0.01 93 93 0 0 0
10896 -0.165768 -0.00877982 0.01 72 72 0 0 0
10910 -0.153679 -0.00860109 0.01 72 72 0 0 0
10916 -0.171319 -0.00874793 0.01 72 72 0 0 0
10933 -0.181425 -0.00897948 0.01 94 94 0 0 0
10939 -0.16228 -0.00868298 0.01 94 94 0 0 0
10940 -0.16228 -0.00851022 0.01 93 93 0 0 0
10943 -0.181425 -0.00897948 0.01 93 93 0 0 0
10953 -0.183396 -0.00874793 0.01 72 72 0 0 0
10963 -0.16228 -0.00891329 0.01 93 93 0 0 0
10988 -0.16228 -0.00891329 0.01 93 93 0 0 0
10995 -0.181425 -0.00892872 0.01 95 95 0 0 0
10998 -0.165768 -0.00877982 0.01 72 72 0 0 0
11006 -0.181425 -0.00892872 0.01 95 95 0 0 0
11016 -0.19799 -0.00885822 0.01 72 72 0.00209525 -0.0287363 0
11022 -0.137462 -0.00909183 0.01 57 57 0 0 0
11031 -0.168181 -0.00930877 0.01 72 72 0 0 0
11036 -0.137462 -0.00917762 0.01 57 57 0 0 0
11077 -0.133487 -0.00915172 0.01 57 57 0 0 0
11078 -0.133487 -0.00915172 0.01 56 56 0 0 0
11097 -0.162689 -0.00874793 0.01 72 72 0 0 0
11103 -0.181425 -0.00892872 0.01 95 95 0 0 0
11119 -0.154335 -0.010234 0.01 72 72 0 0 0
11122 -0.174625 -0.00927291 0.01 72 72 0 0 0
11134 -0.16228 -0.00868298 0.01 94 94 0 0 0
11137 -0.181425 -0.00892872 0.01 95 95 0 0 0
11141 -0.16228 -0.00868298 0.01 93 93 0 0 0
11155 -0.154335 -0.010234 0.01 72 72 0 0 0
11180 -0.181425 -0.00897948 0.01 94 94 0 0 0
11183 -0.179491 -0.00904572 0.01 72 72 0 0 0
11192 -0.133487 -0.00915172 0.01 57 57 0 0 0
11194 -0.137462 -0.00909183 0.01 57 58 0 0 0
11199 -0.16228 -0.00891329 0.01 93 93 0 0 0
11228 -0.16228 -0.00868298 0.01 93 93 0 0 0
11271 -0.133487 -0.00915172 0.01 56 56 0 0 0
11281 -0.137462 -0.00909183 0.01 57 57 0 0 0
11302 -0.181425 -0.00892872 0.01 95 95 0 0 0
11309 -0.181425 -0.00897948 0.01 95 95 0 0 0
11314 -0.181425 -0.00897948 0.01 94 94 0 0 0
11349 -0.133487 -0.00968299 0.01 56 56 1.48118e-05 0 -0.000531266
11381 -0.158719 -0.00894465 0.01 72 73 0 0 0
11399 -0.181425 -0.00897948 0.01 94 94 0 0 0
11434 -0.181425 -0.00897948 0.01 94 94 0 0 0
11437 -0.16228 -0.00891329 0.01 93 92 0 0 0
11459 -0.181425 -0.00892872 0.01 95 95 0 0 0
11470 -0.157162 -0.00877779 0.01 72 72 0 0 0
11476 -0.16228 -0.00868298 0.01 94 94 0 0 0
11483 -0.16228 -0.00868298 0.01 94 94 0 0 0
11490 -0.133487 -0.00915172 0.01 56 56 0 0 0
11491 -0.137462 -0.00917762 0.01 57 57 0 0 0
11496 -0.181425 -0.00897948 0.01 94 94 0 0 0
11498 -0.155143 -0.00882596 0.01 72 72 0 0 0
11548 -0.149171 -0.00892896 0.01 72 72 0 0 0
11554 -0.155143 -0.00882596 0.01 72 72 0 0 0
11559 -0.133487 -0.00915172 0.01 57 57 0 0 0
11569 -0.181425 -0.00897948 0.01 94 94 0 0 0
11573 -0.181425 -0.00897948 0.01 93 93 0 0 0
11589 -0.149957 -0.0084765 0.01 72 72 0 0 0
11601 -0.153679 -0.00860109 0.01 72 72 0 0 0
11611 -0.16228 -0.00868298 0.01 93 93 0 0 0
11620 -0.167709 -0.00874793 0.01 72 72 0 0 0
11677 -0.183396 -0.00874793 0.01 72 73 0 0 0
11678 -0.16228 -0.00891329 0.01 93 93 0 0 0
11704 -0.16228 -0.00868298 0.01 94 94 0 0 0
11717 -0.137462 -0.00909183 0.01 57 57 0 0 0
11721 -0.163592 -0.00868298 0.01 94 94 0 0 0
11731 -0.16228 -0.00891329 0.01 93 93 0 0 0
11738 -0.183396 -0.00874793 0.01 72 72 0 0 0
11744 -0.142247 -0.00892896 0.01 72 72 0 0 0
11769 -0.158719 -0.00894465 0.01 72 72 0 0 0
11775 -0.183396 -0.00874793 0.01 72 70 0 0 0
11777 -0.154638 -0.00869077 0.01 72 72 0 0 0
11786 -0.181425 -0.00897948 0.01 94 94 0 0 0
11829 -0.169931 -0.00894223 0.01 72 72 0 0 0
11838 -0.181425 -0.00897948 0.01 94 94 0 0 0
11864 -0.182023 -0.00939899 0.01 72 72 0 0 0
11905 -0.181425 -0.00892872 0.01 95 95 0 0 0
11910 -0.137462 -0.00909183 0.01 56 58 0 0 0
11913 -0.16228 -0.00891329 0.01 93 93 0 0 0
11916 -0.17374 -0.00897948 0.01 95 95 -0.0383059 0.00768527 0
11929 -0.183396 -0.00874793 0.01 72 72 0 0 0
11930 -0.181425 -0.00892872 0.01 95 95 0 0 0
11931 -0.179286 -0.00897948 0.01 93 93 0 0 0
11953 -0.16228 -0.00891329 0.01 93 93 0 0 0
11959 -0.137462 -0.00909183 0.01 57 58 0 0 0
11961 -0.149957 -0.0084765 0.01 72 72 0 0 0
11968 -0.137462 -0.00917762 0.01 57 57 0 0 0
11979 -0.16228 -0.00891329 0.01 93 93 0 0 0
11990 -0.16228 -0.00851022 0.01 93 93 0 0 0
12019 -0.167709 -0.00874793 0.01 72 71 0 0 0
12065 -0.16228 -0.00868298 0.01 93 93 0 0 0
12087 -0.133487 -0.00915172 0.01 56 56 0 0 0
12093 -0.20317 -0.00894223 0.01 72 71 0 0 0
12101 -0.142247 -0.008668 0.01 72 72 0 0 0
12109 -0.201444 -0.00874793 0.01 72 72 0 0 0
12120 -0.183396 -0.00874793 0.01 72 72 0 0 0
12134 -0.16228 -0.00868298 0.01 94 93 0 0 0
12144 -0.153679 -0.00860109 0.01 72 72 0 0 0
12150 -0.181425 -0.00897948 0.01 95 95 0 0 0
12154 -0.16228 -0.00868298 0.01 93 93 0 0 0
12183 -0.182023 -0.00939899 0.01 72 72 0 0 0
12189 -0.140851 -0.00907159 0.01 72 73 0 0 0
12210 -0.181425 -0.00897948 0.01 94 94 0 0 0
12218 -0.183396 -0.00874793 0.01 72 72 0 0 0
12223 -0.125869 -0.00922448 0.01 72 71 0 0 0
12246 -0.16228 -0.00891329 0.01 93 92 0 0 0
12256 -0.133487 -0.00915172 0.01 57 57 0 0 0
12265 -0.137462 -0.00915172 0.01 57 57 0 0 0
12284 -0.181425 -0.00892872 0.01 95 95 0 0 0
12290 -0.179286 -0.00897948 0.01 93 93 0 0 0
12301 -0.137451 -0.00915128 0.01 72 72 0 0 0
12328 -0.149957 -0.0084765 0.01 72 72 0 0 0
12337 -0.181425 -0.00892872 0.01 95 95 0 0 0
12338 -0.149171 -0.00892896 0.01 72 72 0 0 0
12358 -0.174625 -0.00927291 0.01 72 72 0 0 0
12363 -0.181425 -0.00897948 0.01 94 94 0 0 0
12369 -0.16228 -0.00891329 0.01 93 93 0 0 0
12374 -0.137462 -0.00909183 0.01 57 57 0 0 0
12380 -0.133487 -0.00915172 0.01 57 57 0 0 0
12387 -0.133487 -0.00915172 0.01 57 57 0 0 0
12409 -0.133487 -0.00915172 0.01 57 57 0 0 0
12419 -0.132503 -0.00915172 0.01 57 58 -2.23964e-05 0.000984535 0
12435 -0.16228 -0.00891329 0.01 93 93 0 0 0
12454 -0.149171 -0.00892896 0.01 72 72 0 0 0
12488 -0.179491 -0.00904572 0.01 72 72 0 0 0
12504 -0.182023 -0.00939899 0.01 72 72 0 0 0
12523 -0.181425 -0.00892872 0.01 95 95 0 0 0
12528 -0.17371 -0.00959243 0.01 72 70 0 0 0
12531 -0.137462 -0.00917762 0.01 56 56 0 0 0
12548 -0.159438 -0.00841577 0.01 72 71 0 0 0
12555 -0.16228 -0.00868298 0.01 94 94 0 0 0
12560 -0.181425 -0.00897948 0.01 94 94 0 0 0
12568 -0.171106 -0.0084017 0.01 72 72 0 0 0
12585 -0.162689 -0.00871996 0.01 72 72 0 0 0
12591 -0.137462 -0.00909183 0.01 56 56 0 0 0
12596 -0.137462 -0.00909183 0.01 57 57 0 0 0
12610 -0.163592 -0.00868298 0.01 94 94 0.00668901 -0.0013122 0
12615 -0.16228 -0.00868298 0.01 94 94 0 0 0
12620 -0.136514 -0.00915172 0.01 57 57 0 0 0
12626 -0.137462 -0.00909183 0.01 57 59 0 0 0
12632 -0.181425 -0.00897948 0.01 94 94 0 0 0
12660 -0.133487 -0.00915172 0.01 56 56 0 0 0
12662 -0.178734 -0.00904572 0.01 72 72 0 0 0
12676 -0.181425 -0.00897948 0.01 94 94 0 0 0
12695 -0.16228 -0.00912753 0.01 93 93 0 0 0
12712 -0.137462 -0.00909183 0.01 57 57 0 0 0
12719 -0.137462 -0.00909183 0.01 57 57 0 0 0
12724 -0.144156 -0.00917762 0.01 56 56 7.18683e-05 -0.00669383 0
12740 -0.201444 -0.00874793 0.01 72 72 0 0 0
12757 -0.16228 -0.00868298 0.01 94 94 0 0 0
12771 -0.158719 -0.00894465 0.01 72 72 0 0 0
12789 -0.137462 -0.00917762 0.01 56 56 0 0 0
12792 -0.16228 -0.00868298 0.01 94 94 0 0 0
12824 -0.159438 -0.00873152 0.01 72 72 0 0 0
12834 -0.181425 -0.00892872 0.01 95 95 0 0 0
12840 -0.137462 -0.00909183 0.01 57 58 0 0 0
12842 -0.190833 -0.00957321 0.01 72 72 0 0 0
12850 -0.16228 -0.00868298 0.01 93 93 0 0 0
12860 -0.179491 -0.00904572 0.01 72 72 0 0 0
12868 -0.16228 -0.00851022 0.01 93 93 0 0 0
12873 -0.164324 -0.00881915 0.01 94 94 0.0106086 -0.00204399 0
12880 -0.17371 -0.00959243 0.01 72 72 0 0 0
12885 -0.16228 -0.00868298 0.01 93 93 0 0 0
12886 -0.169254 -0.00885822 0.01 72 72 0 0 0
12887 -0.133487 -0.00915172 0.01 57 57 0 0 0
12889 -0.16228 -0.00868298 0.01 94 94 0 0 0
12901 -0.16228 -0.00891329 0.01 93 93 0 0 0
12902 -0.159807 -0.0089408 0.01 72 72 0 0 0
12910 -0.16228 -0.00891329 0.01 93 93 0 0 0
12926 -0.167665 -0.00877982 0.01 72 72 0 0 0
12936 -0.181425 -0.00897948 0.01 94 94 0 0 0
12958 -0.167665 -0.00877982 0.01 72 72 0 0 0
12966 -0.17079 -0.00916887 0.01 72 73 0 0 0
12983 -0.133487 -0.00915172 0.01 56 56 0 0 0
13010 -0.142247 -0.00892896 0.01 72 72 0 0 0
13012 -0.183396 -0.00874793 0.01 72 72 0 0 0
13014 -0.16228 -0.00868298 0.01 93 93 0 0 0
13015 -0.137462 -0.00917762 0.01 57 57 0 0 0
13032 -0.133487 -0.00915172 0.01 57 57 0 0 0
13061 -0.17371 -0.00959243 0.01 72 72 0 0 0
13082 -0.137462 -0.00917762 0.01 56 56 0 0 0
13100 -0.16228 -0.00868298 0.01 94 94 0 0 0
13136 -0.137462 -0.00909183 0.01 57 57 0 0 0
13146 -0.133487 -0.00915172 0.01 57 57 0 0 0
13152 -0.16228 -0.00891329 0.01 93 93 0 0 0
13184 -0.181425 -0.00897948 0.01 94 94 0 0 0
13189 -0.181425 -0.00897948 0.01 95 95 0 0 0
13190 -0.16228 -0.00891329 0.01 93 93 0 0 0
13238 -0.181425 -0.00897948 0.01 94 94 0 0 0
13242 -0.167371 -0.0092838 0.01 72 72 0 0 0
13267 -0.133487 -0.00915172 0.01 55 57 0 0 0
13280 -0.169254 -0.00885822 0.01 72 72 0 0 0
13299 -0.169931 -0.00894223 0.01 72 72 0 0 0
13303 -0.16228 -0.00891329 0.01 94 94 0 0 0
13325 -0.184884 -0.00877982 0.01 72 72 0.00157204 -0.0172188 0
13336 -0.16228 -0.00868298 0.01 93 93 0 0 0
13342 -0.162464 -0.00868298 0.01 93 93 0.000866443 -0.000183836 0
13345 -0.16228 -0.00891329 0.01 93 91 0 0 0
13357 -0.181425 -0.00892872 0.01 95 95 0 0 0
13371 -0.181425 -0.00892872 0.01 95 95 0 0 0
13386 -0.181425 -0.00892872 0.01 95 95 0 0 0
13393 -0.201444 -0.00869 0.01 72 72 1.20997e-05 0 5.79283e-05
13395 -0.133487 -0.00915172 0.01 57 57 0 0 0
13399 -0.150113 -0.00868298 0.01 93 93 0 0 0
13418 -0.181425 -0.00897948 0.01 93 92 0 0 0
13430 -0.154335 -0.010234 0.01 72 72 0 0 0
13437 -0.137462 -0.00917762 0.01 56 56 0 0 0
13453 -0.137462 -0.00909183 0.01 57 58 0 0 0
13461 -0.16228 -0.00891329 0.01 93 93 0 0 0
13481 -0.16228 -0.00891329 0.01 93 93 0 0 0
13484 -0.140702 -0.00880893 0.01 72 72 0 0 0
13487 -0.171319 -0.00874793 0.01 72 72 0 0 0
13494 -0.181425 -0.00897948 0.01 93 94 0 0 0
13526 -0.137462 -0.00909183 0.01 56 57 0 0 0
13571 -0.16228 -0.00891329 0.01 93 93 0 0 0
13588 -0.181425 -0.00897948 0.01 94 94 0 0 0
13606 -0.189971 -0.00965693 0.01 72 72 0 0 0
13618 -0.183396 -0.0089743 0.01 72 72 0 0 0
13620 -0.181425 -0.00897948 0.01 94 94 0 0 0
13642 -0.17371 -0.00959243 0.01 72 72 0 0 0
13660 -0.179286 -0.00897948 0.01 93 93 0 0 0
13661 -0.15633 -0.00909183 0.01 57 57 0 0 0
13662 -0.171106 -0.00874793 0.01 72 72 0 0 0
13680 -0.181425 -0.00897948 0.01 93 94 0 0 0
13688 -0.181425 -0.00892872 0.01 95 95 0 0 0
13703 -0.190833 -0.00957321 0.01 72 72 0 0 0
13705 -0.181425 -0.00897948 0.01 94 94 0 0 0
13736 -0.175773 -0.00959243 0.01 72 73 0 0 0
13777 -0.16228 -0.00868298 0.01 93 93 0 0 0
13784 -0.181425 -0.00885973 0.01 95 95 0 0 0
13792 -0.142247 -0.00892896 0.01 72 72 0 0 0
13797 -0.187359 -0.00929983 0.01 72 72 0 0 0
13809 -0.16498 -0.00869858 0.01 72 71 0 0 0
13826 -0.157216 -0.00896083 0.01 72 72 0 0 0
13827 -0.181425 -0.00897948 0.01 94 94 0 0 0
13830 -0.162125 -0.00891329 0.01 93 93 0 0 0
13835 -0.16498 -0.00872523 0.01 72 72 -2.14279e-05 0 -2.66479e-05
13838 -0.181425 -0.00897948 0.01 94 94 0 0 0
13843 -0.181425 -0.00897948 0.01 94 94 0 0 0
13853 -0.151456 -0.00864657 0.01 72 73 0 0 0
13858 -0.150113 -0.00868298 0.01 93 93 0 0 0
13859 -0.169254 -0.00885822 0.01 72 72 0 0 0
13861 -0.137462 -0.00917762 0.01 57 57 0 0 0
13863 -0.16228 -0.00868298 0.01 93 93 0 0 0
13876 -0.169254 -0.00885822 0.01 72 72 0 0 0
13893 -0.167709 -0.00874793 0.01 72 72 0 0 0
13895 -0.137462 -0.00909183 0.01 57 58 0 0 0
13902 -0.181425 -0.00892872 0.01 95 95 0 0 0
13905 -0.16228 -0.00892594 0.01 93 93 0 0 0
13908 -0.16228 -0.00868298 0.01 93 93 0 0 0
13936 -0.185175 -0.00868298 0.01 94 94 0 0 0
13938 -0.16228 -0.00851022 0.01 93 93 0 0 0
13959 -0.169254 -0.00885822 0.01 72 72 0 0 0
13962 -0.181425 -0.00897948 0.01 94 94 0 0 0
13965 -0.137462 -0.00909183 0.01 57 57 0 0 0
13970 -0.137462 -0.00909183 0.01 57 57 0 0 0
13981 -0.173895 -0.00844849 0.01 72 73 0 0 0
13988 -0.152053 -0.00874793 0.01 72 72 -0.00101666 0.00516258 0
13989 -0.181425 -0.00892872 0.01 95 95 0 0 0
14006 -0.182023 -0.00939899 0.01 72 72 0 0 0
14020 -0.164463 -0.00891329 0.01 93 93 0 0 0
14038 -0.137462 -0.00909183 0.01 57 57 0 0 0
14042 -0.16228 -0.00868298 0.01 93 92 0 0 0
14048 -0.182023 -0.00939899 0.01 72 72 0 0 0
14073 -0.191493 -0.00891712 0.01 72 73 0 0 0
14100 -0.181425 -0.00897948 0.01 94 94 0 0 0
14103 -0.137462 -0.00903359 0.01 57 57 0 0 0
14105 -0.181425 -0.00892872 0.01 95 95 0 0 0
14141 -0.16228 -0.0087111 0.01 93 93 0 0 0
14164 -0.181425 -0.00892872 0.01 95 95 0 0 0
14180 -0.17371 -0.00958141 0.01 72 74 0 0 0
14187 -0.158415 -0.00899775 0.01 72 72 0 0 0
14191 -0.137462 -0.00909183 0.01 57 57 0 0 0
14196 -0.182023 -0.00939899 0.01 72 72 0 0 0
14198 -0.137462 -0.00915172 0.01 57 58 0 0 0
14221 -0.137462 -0.00909183 0.01 57 57 0 0 0
14233 -0.137462 -0.00917762 0.01 56 56 0 0 0
14248 -0.164828 -0.00891329 0.01 93 93 0.0123675 -0.00254735 0
14250 -0.153679 -0.00860109 0.01 72 72 0 0 0
14259 -0.16228 -0.00891329 0.01 94 94 0 0 0
14261 -0.16228 -0.00868298 0.01 93 93 0 0 0
14265 -0.16228 -0.00868298 0.01 94 94 0 0 0
14271 -0.181425 -0.00897948 0.01 94 94 0 0 0
14285 -0.133487 -0.00915172 0.01 55 55 0 0 0
14306 -0.179491 -0.00904572 0.01 72 72 0 0 0
14354 -0.137462 -0.00909183 0.01 57 57 0 0 0
14374 -0.192374 -0.00915567 0.01 93 94 0 0 0
14389 -0.181425 -0.00892872 0.01 95 95 0 0 0
14393 -0.181425 -0.00897948 0.01 94 94 0 0 0
14395 -0.181425 -0.00892872 0.01 95 95 0 0 0
14400 -0.169931 -0.00894223 0.01 72 72 0 0 0
14424 -0.157216 -0.00896083 0.01 72 72 0 0 0
14426 -0.137462 -0.00908392 0.01 57 57 0 0 0
14444 -0.16228 -0.0085695 0.01 93 93 0.00873241 0 0.000113483
14450 -0.16228 -0.00868298 0.01 94 94 0 0 0
14461 -0.184884 -0.00877982 0.01 72 72 0 0 0
14469 -0.146121 -0.00915172 0.01 57 57 0.000178486 -0.0126335 0
14490 -0.16228 -0.00891329 0.01 93 93 0 0 0
14504 -0.16228 -0.00851022 0.01 93 93 0 0 0
14528 -0.16228 -0.00868298 0.01 93 93 0 0 0
14538 -0.158719 -0.00922319 0.01 72 72 0 0 0
14555 -0.16228 -0.00868298 0.01 94 94 0 0 0
14559 -0.166158 -0.00891329 0.01 94 93 0 0 0
14565 -0.16228 -0.00912753 0.01 93 93 0 0 0
14588 -0.181425 -0.00897948 0.01 94 94 0 0 0
14600 -0.183396 -0.0089743 0.01 72 72 0 0 0
14617 -0.16228 -0.00868298 0.01 94 94 0 0 0
14628 -0.181425 -0.00892872 0.01 95 95 0 0 0
14631 -0.16134 -0.00896178 0.01 72 72 0 0 0
14640 -0.16228 -0.00891329 0.01 94 94 0 0 0
14661 -0.179286 -0.00897948 0.01 93 93 0 0 0
14684 -0.181425 -0.00897948 0.01 93 93 0 0 0
14701 -0.16228 -0.00809244 0.01 94 94 0 0 0
14742 -0.181425 -0.00897948 0.01 94 94 0 0 0
14751 -0.16228 -0.0085695 0.01 93 93 0 0 0
14769 -0.161786 -0.0091897 0.01 72 72 0 0 0
14776 -0.137462 -0.00909183 0.01 57 57 0 0 0
14778 -0.181425 -0.00897948 0.01 94 94 0 0 0
14785 -0.17371 -0.00959243 0.01 72 72 0 0 0
14786 -0.137462 -0.00915172 0.01 56 56 0 0 0
14798 -0.16228 -0.00868298 0.01 94 93 0 0 0
14811 -0.201444 -0.00874793 0.01 72 72 0 0 0
14816 -0.181425 -0.00892872 0.01 95 95 0 0 0
14818 -0.182023 -0.00939899 0.01 72 71 0 0 0
14824 -0.133487 -0.00915172 0.01 55 55 0 0 0
14836 -0.136615 -0.00909183 0.01 56 57 -1.32322e-05 0.000846997 0
14848 -0.158415 -0.00899775 0.01 72 72 0 0 0
14849 -0.181425 -0.00897948 0.01 94 94 0 0 0
14851 -0.181425 -0.00897948 0.01 93 93 0 0 0
14860 -0.137462 -0.00909183 0.01 57 57 0 0 0
14861 -0.158415 -0.00899775 0.01 72 72 0 0 0
14867 -0.181425 -0.00897948 0.01 94 94 0 0 0
14868 -0.137462 -0.00903359 0.01 57 57 0 0 0
14876 -0.181425 -0.00892872 0.01 95 95 0 0 0
14894 -0.151456 -0.00903406 0.01 72 72 0 0 0
14898 -0.155143 -0.00882596 0.01 72 72 0 0 0
14900 -0.137462 -0.00909183 0.01 57 57 0 0 0
14911 -0.16228 -0.00891329 0.01 93 93 0 0 0
14919 -0.16228 -0.00891329 0.01 93 93 0 0 0
14921 -0.133487 -0.00915172 0.01 57 57 0 0 0
14923 -0.16228 -0.00868298 0.01 93 93 0 0 0
14929 -0.16228 -0.00891329 0.01 93 93 0 0 0
14952 -0.161786 -0.00881762 0.01 72 72 0 0 0
14970 -0.158415 -0.00873152 0.01 72 73 0 0 0
14976 -0.181425 -0.00892872 0.01 95 95 0 0 0
14992 -0.137462 -0.00909183 0.01 57 57 0 0 0
15002 -0.16228 -0.00891329 0.01 93 93 0 0 0
15004 -0.15633 -0.00909183 0.01 57 57 0 0 0
15018 -0.181425 -0.00892872 0.01 95 95 0 0 0
15020 -0.16228 -0.00868298 0.01 94 94 0 0 0
15021 -0.16228 -0.00892594 0.01 93 93 0 0 0
15025 -0.133487 -0.00915172 0.01 55 55 0 0 0
15026 -0.149171 -0.00912852 0.01 72 72 0 0 0
15039 -0.162125 -0.00891329 0.01 93 93 0 0 0
15069 -0.16228 -0.0085695 0.01 93 93 0 0 0
15070 -0.164463 -0.00891329 0.01 93 93 0 0 0
15078 -0.16228 -0.00881915 0.01 93 93 0 0 0
15084 -0.16228 -0.00881915 0.01 94 94 0 0 0
15087 -0.16228 -0.00868298 0.01 94 94 0 0 0
15101 -0.181425 -0.00892872 0.01 95 95 0 0 0
15109 -0.133487 -0.00915998 0.01 57 57 0 0 0
15130 -0.16228 -0.00868298 0.01 94 94 0 0 0
15134 -0.189971 -0.00969539 0.01 72 72 0 0 0
15135 -0.16228 -0.0085695 0.01 93 93 0 0 0
15139 -0.13804 -0.00909183 0.01 57 57 0 0 0
15143 -0.181425 -0.00892872 0.01 95 95 0 0 0
15146 -0.16228 -0.00868298 0.01 94 94 0 0 0
15148 -0.137462 -0.00909183 0.01 56 56 0 0 0
15169 -0.181425 -0.00892872 0.01 95 95 0 0 0
15171 -0.16228 -0.00851022 0.01 93 93 0 0 0
15191 -0.181425 -0.00892872 0.01 95 95 0 0 0
15205 -0.144156 -0.00917762 0.01 56 56 0 0 0
15206 -0.133487 -0.00915172 0.01 56 56 0 0 0
15224 -0.17371 -0.00959243 0.01 72 72 0 0 0
15228 -0.16228 -0.00868298 0.01 94 94 0 0 0
15234 -0.16228 -0.00891329 0.01 93 93 0 0 0
15236 -0.137462 -0.00909183 0.01 57 57 0 0 0
15242 -0.151456 -0.00903406 0.01 72 72 0 0 0
15248 -0.181425 -0.00892872 0.01 95 95 0 0 0
15256 -0.174625 -0.00927291 0.01 72 72 0 0 0
15257 -0.16228 -0.00868298 0.01 93 93 0 0 0
15259 -0.183396 -0.0089743 0.01 72 72 0 0 0
15270 -0.181425 -0.00892872 0.01 95 95 0 0 0
15277 -0.164463 -0.00891329 0.01 93 93 0 0 0
15283 -0.186229 -0.00892872 0.01 95 95 0.0215513 -0.00480334 0
15305 -0.16228 -0.00809244 0.01 94 94 0 0 0
15308 -0.16228 -0.00868298 0.01 93 93 0 0 0
15323 -0.169931 -0.00901364 0.01 72 72 0 0 0
15325 -0.133487 -0.00915998 0.01 57 57 0 0 0
