max_pf 100 min_pf 54
individual dGr dSr disp_rate patch_no b_patch_no mut_eff DdGr DdSr
8 -0.181631 -0.00898543 0.01 72 73 0 0 0
42 -0.154587 -0.008873 0.01 56 56 0 0 0
75 -0.185778 -0.00963437 0.01 98 98 0 0 0
104 -0.154587 -0.0087521 0.01 56 56 0 0 0
107 -0.141067 -0.00892904 0.01 72 73 0 0 0
133 -0.154587 -0.00937236 0.01 56 56 0 0 0
162 -0.187074 -0.00928214 0.01 99 99 0 0 0
193 -0.185778 -0.00928214 0.01 99 99 0 0 0
201 -0.154283 -0.00893218 0.01 55 55 0 0 0
203 -0.185778 -0.00963437 0.01 98 98 0 0 0
233 -0.154587 -0.008873 0.01 55 56 0 0 0
237 -0.185778 -0.00928214 0.01 100 100 0 0 0
246 -0.185778 -0.00931245 0.01 98 98 0 0 0
255 -0.168075 -0.00929889 0.01 72 72 0 0 0
285 -0.133271 -0.00911717 0.01 72 72 0 0 0
327 -0.154587 -0.00963859 0.01 56 56 0 0 0
360 -0.154587 -0.00937236 0.01 56 56 0 0 0
361 -0.215035 -0.00943965 0.01 98 98 0.0986848 -0.0192837 0
408 -0.154587 -0.008873 0.01 56 56 0 0 0
417 -0.152381 -0.00937236 0.01 56 56 -1.42902e-05 0.00220636 0
423 -0.154587 -0.008873 0.01 56 56 0 0 0
425 -0.185778 -0.00928214 0.01 99 99 0 0 0
429 -0.154283 -0.00893218 0.01 55 55 0 0 0
430 -0.185778 -0.00963437 0.01 98 98 0 0 0
487 -0.153827 -0.00945164 0.01 72 72 -0.00273807 0.0150601 0
497 -0.154587 -0.00874832 0.01 56 56 0 0 0
498 -0.154587 -0.00937236 0.01 56 56 0 0 0
499 -0.181228 -0.00934716 0.01 72 72 0 0 0
500 -0.137437 -0.00911717 0.01 72 72 0 0 0
505 -0.187074 -0.00928214 0.01 99 99 0 0 0
521 -0.185778 -0.00928214 0.01 99 99 0 0 0
526 -0.195751 -0.00940809 0.01 98 97 0 0 0
539 -0.185778 -0.00963437 0.01 98 98 0 0 0
554 -0.168075 -0.00923052 0.01 72 72 0 0 0
608 -0.154587 -0.008873 0.01 56 56 0 0 0
610 -0.154587 -0.008873 0.01 56 56 0 0 0
632 -0.168075 -0.00914002 0.01 72 72 0 0 0
653 -0.154587 -0.00875772 0.01 55 55 0 0 0
669 -0.195751 -0.00940809 0.01 99 97 0 0 0
670 -0.175974 -0.00906361 0.01 72 73 0 0 0
676 -0.167651 -0.00859817 0.01 72 72 0 0 0
711 -0.185778 -0.00928214 0.01 98 98 0 0 0
726 -0.154587 -0.008873 0.01 56 56 0 0 0
751 -0.18455 -0.0091437 0.01 72 72 0 0 0
758 -0.154283 -0.00893218 0.01 55 55 0 0 0
760 -0.154587 -0.00937236 0.01 56 56 0 0 0
767 -0.154587 -0.008873 0.01 56 56 0 0 0
772 -0.195751 -0.00940809 0.01 98 98 0 0 0
784 -0.187074 -0.00928214 0.01 99 99 0 0 0
790 -0.185778 -0.00928214 0.01 100 99 0 0 0
795 -0.154587 -0.008873 0.01 55 56 0 0 0
812 -0.17983 -0.00921605 0.01 72 71 0 0 0
813 -0.159062 -0.00945124 0.01 72 73 0 0 0
822 -0.185778 -0.00928214 0.01 100 100 0 0 0
836 -0.148271 -0.00924609 0.01 72 72 0 0 0
840 -0.185778 -0.00928214 0.01 98 98 0 0 0
861 -0.154587 -0.00875772 0.01 55 55 0 0 0
870 -0.185778 -0.00963437 0.01 98 98 0 0 0
871 -0.154587 -0.008873 0.01 56 56 0 0 0
884 -0.185778 -0.00913706 0.01 99 99 0 0 0
900 -0.185778 -0.00963437 0.01 98 98 0 0 0
913 -0.185778 -0.00928214 0.01 99 99 0 0 0
944 -0.157892 -0.00952979 0.01 72 72 0 0 0
964 -0.15116 -0.00953424 0.01 72 72 0 0 0
973 -0.15116 -0.00953424 0.01 72 72 0 0 0
980 -0.148271 -0.00924609 0.01 72 72 0 0 0
997 -0.187074 -0.00928214 0.01 99 99 0 0 0
1014 -0.185778 -0.00945247 0.01 98 98 0 0 0
1015 -0.185778 -0.00928214 0.01 98 98 0 0 0
1035 -0.167651 -0.00859817 0.01 72 72 0 0 0
1053 -0.168075 -0.00923052 0.01 72 72 0 0 0
1059 -0.154587 -0.00937236 0.01 56 56 0 0 0
1081 -0.148148 -0.00911186 0.01 72 72 0 0 0
1086 -0.188025 -0.00928851 0.01 99 99 0 0 0
1103 -0.138584 -0.00911186 0.01 72 72 0 0 0
1109 -0.185778 -0.00928214 0.01 99 99 0 0 0
1135 -0.187074 -0.00928214 0.01 100 100 0 0 0
1143 -0.154587 -0.00875772 0.01 55 55 0 0 0
1149 -0.172841 -0.00934716 0.01 72 72 0 0 0
1165 -0.196993 -0.00963437 0.01 98 98 0 0 0
1170 -0.154587 -0.00937236 0.01 56 56 0 0 0
1172 -0.187074 -0.00928214 0.01 99 99 0 0 0
1176 -0.154587 -0.00874832 0.01 56 56 0 0 0
1193 -0.162134 -0.00911186 0.01 72 72 0 0 0
1223 -0.154587 -0.008873 0.01 54 54 0 0 0
1238 -0.154587 -0.008873 0.01 56 56 0 0 0
1246 -0.185778 -0.00945247 0.01 98 98 0 0 0
1283 -0.168075 -0.00923052 0.01 72 72 0 0 0
1288 -0.154283 -0.00893218 0.01 55 55 0 0 0
1292 -0.154587 -0.00893218 0.01 55 54 0 0 0
1309 -0.159188 -0.00848883 0.01 72 72 0 0 0
1310 -0.154587 -0.008873 0.01 56 55 0 0 0
1327 -0.154587 -0.00893218 0.01 56 56 0 0 0
1330 -0.185778 -0.00928214 0.01 99 99 0 0 0
1345 -0.181631 -0.00898543 0.01 72 71 0 0 0
1348 -0.168075 -0.00923052 0.01 72 72 0 0 0
1356 -0.17983 -0.00923333 0.01 72 72 0 0 0
1357 -0.185778 -0.00928214 0.01 99 99 0 0 0
1383 -0.169112 -0.00916917 0.01 72 72 0 0 0
1386 -0.146813 -0.00883177 0.01 56 56 -5.86361e-05 0.00777385 0
1406 -0.148148 -0.00911186 0.01 72 72 0 0 0
1419 -0.166177 -0.00863184 0.01 72 72 0 0 0
1430 -0.138779 -0.00893021 0.01 72 70 0 0 0
1436 -0.205544 -0.00963437 0.01 98 98 0 0 0
1444 -0.148148 -0.00911186 0.01 72 72 0 0 0
1456 -0.168075 -0.00923052 0.01 72 72 0 0 0
1457 -0.154587 -0.008873 0.01 56 56 0 0 0
1484 -0.156126 -0.00952979 0.01 72 72 0 0 0
1485 -0.151214 -0.00865929 0.01 72 72 0 0 0
1511 -0.154587 -0.008873 0.01 56 56 0 0 0
1525 -0.154587 -0.00874832 0.01 56 56 0 0 0
1526 -0.185778 -0.00927025 0.01 100 100 0 0 0
1539 -0.151338 -0.00951403 0.01 72 72 0 0 0
1540 -0.185778 -0.00928214 0.01 99 99 0 0 0
1556 -0.154587 -0.008873 0.01 55 56 0 0 0
1566 -0.154587 -0.008873 0.01 56 56 0 0 0
1573 -0.143386 -0.00937236 0.01 72 73 0 0 0
1588 -0.154587 -0.0087521 0.01 55 55 0 0 0
1592 -0.157882 -0.00851964 0.01 72 72 0 0 0
1595 -0.17983 -0.00921605 0.01 72 72 0 0 0
1612 -0.187074 -0.00928214 0.01 99 99 0 0 0
1619 -0.197938 -0.00934716 0.01 72 72 0 0 0
1631 -0.195751 -0.00943965 0.01 98 98 0 0 0
1643 -0.168075 -0.00914002 0.01 72 72 0 0 0
1684 -0.15116 -0.00953424 0.01 72 72 0 0 0
1685 -0.113484 -0.00951268 0.01 72 71 0 0 0
1694 -0.185778 -0.00963437 0.01 98 98 0 0 0
1792 -0.154587 -0.008873 0.01 56 56 0 0 0
1800 -0.154587 -0.008873 0.01 56 56 0 0 0
1803 -0.17272 -0.00933399 0.01 72 73 0 0 0
1807 -0.154587 -0.008873 0.01 56 57 0 0 0
1816 -0.185778 -0.00928214 0.01 100 100 0 0 0
1831 -0.148148 -0.00911186 0.01 72 72 0 0 0
1832 -0.185778 -0.00963437 0.01 98 98 0 0 0
1839 -0.154283 -0.00893218 0.01 55 55 0 0 0
1842 -0.154587 -0.008873 0.01 56 56 0 0 0
1875 -0.168075 -0.00877877 0.01 72 72 0 0 0
1913 -0.15116 -0.00953424 0.01 72 72 0 0 0
1921 -0.151338 -0.00951403 0.01 72 72 0 0 0
1938 -0.195751 -0.00905002 0.01 98 98 0 0 0
1955 -0.163709 -0.00889696 0.01 72 73 0 0 0
1956 -0.168075 -0.00923052 0.01 72 72 0 0 0
1957 -0.190431 -0.00928214 0.01 99 99 0 0 0
1966 -0.195751 -0.00943965 0.01 98 97 0 0 0
2011 -0.185778 -0.00928214 0.01 99 99 0 0 0
2031 -0.185778 -0.00951083 0.01 99 99 0 0 0
2070 -0.134252 -0.00915582 0.01 56 57 0 0 0
2071 -0.148148 -0.00911186 0.01 72 72 0 0 0
2098 -0.187074 -0.00928214 0.01 98 99 0 0 0
2112 -0.154587 -0.00957192 0.01 56 56 0 0 0
2119 -0.148148 -0.00911186 0.01 72 72 0 0 0
2124 -0.154587 -0.008873 0.01 55 56 0 0 0
2137 -0.138584 -0.00911186 0.01 72 71 0 0 0
2185 -0.195751 -0.00943965 0.01 98 98 0 0 0
2216 -0.154587 -0.008873 0.01 55 55 0 0 0
2218 -0.165459 -0.00915209 0.01 72 72 0 0 0
2236 -0.154587 -0.008873 0.01 55 55 0 0 0
2253 -0.170083 -0.00907743 0.01 72 71 0 0 0
2268 -0.185778 -0.00928214 0.01 99 99 0 0 0
2270 -0.187074 -0.00928214 0.01 99 99 0 0 0
2277 -0.168075 -0.00923052 0.01 72 72 0 0 0
2295 -0.183061 -0.0094641 0.01 72 72 0 0 0
2309 -0.154587 -0.008873 0.01 56 56 0 0 0
2349 -0.185778 -0.00963437 0.01 98 98 0 0 0
2354 -0.154587 -0.00937236 0.01 72 71 0 0 0
2355 -0.185778 -0.00928214 0.01 100 100 0 0 0
2387 -0.185778 -0.00928214 0.01 99 99 0 0 0
2393 -0.154587 -0.00937236 0.01 56 56 0 0 0
2395 -0.15116 -0.00953424 0.01 72 72 0 0 0
2405 -0.113484 -0.00951268 0.01 72 72 0 0 0
2414 -0.1549 -0.00848215 0.01 72 72 0 0 0
2418 -0.190431 -0.00928214 0.01 99 99 0 0 0
2422 -0.138514 -0.00937236 0.01 56 56 -0.000138104 0.0160733 0
2424 -0.159884 -0.0091723 0.01 72 72 0 0 0
2427 -0.154587 -0.00890487 0.01 56 56 0 0 0
2449 -0.185778 -0.0095194 0.01 98 98 0 0 0
2456 -0.154587 -0.008873 0.01 56 56 0 0 0
2458 -0.185778 -0.00927025 0.01 100 100 0 0 0
2476 -0.187074 -0.00933803 0.01 99 99 -0.00711679 0 -5.58933e-05
2487 -0.160189 -0.00937236 0.01 56 56 0 0 0
2488 -0.197938 -0.00934716 0.01 72 72 0 0 0
2509 -0.138584 -0.00911186 0.01 72 72 0 0 0
2539 -0.17983 -0.00902694 0.01 72 72 0 0 0
2554 -0.185778 -0.00963437 0.01 99 98 0 0 0
2576 -0.154587 -0.008873 0.01 56 56 0 0 0
2581 -0.185778 -0.00928214 0.01 98 99 0 0 0
2582 -0.154587 -0.008873 0.01 56 56 0 0 0
2586 -0.15116 -0.00953424 0.01 72 72 0 0 0
2587 -0.185778 -0.00931245 0.01 99 99 0 0 0
2603 -0.187074 -0.00928214 0.01 99 99 0 0 0
2621 -0.185778 -0.00963437 0.01 98 98 0 0 0
2639 -0.154587 -0.008873 0.01 56 56 0 0 0
2649 -0.190431 -0.00928214 0.01 99 99 0 0 0
2652 -0.131814 -0.00911717 0.01 72 72 0 0 0
2659 -0.154283 -0.00893218 0.01 55 55 0 0 0
2692 -0.168888 -0.00945164 0.01 72 72 0 0 0
2696 -0.187074 -0.00928214 0.01 99 99 0 0 0
2737 -0.1549 -0.00848215 0.01 72 72 0 0 0
2747 -0.159062 -0.00945124 0.01 72 72 0 0 0
2771 -0.185778 -0.00963437 0.01 98 98 0 0 0
2776 -0.185778 -0.00928214 0.01 99 99 0 0 0
2802 -0.154587 -0.008873 0.01 55 55 0 0 0
2809 -0.148148 -0.00911186 0.01 72 72 0 0 0
2827 -0.185778 -0.00928214 0.01 98 98 0 0 0
2832 -0.154587 -0.00937236 0.01 56 56 0 0 0
2853 -0.1549 -0.00848215 0.01 72 72 0 0 0
2861 -0.168075 -0.00914002 0.01 72 72 0 0 0
2883 -0.152679 -0.00951739 0.01 72 72 0 0 0
2885 -0.150301 -0.00903698 0.01 72 72 0 0 0
2892 -0.161111 -0.00993604 0.01 72 72 0 0 0
2912 -0.152679 -0.00951739 0.01 72 72 0 0 0
2916 -0.185778 -0.00912016 0.01 99 99 0.0205536 0 0.000161974
2930 -0.1549 -0.0085457 0.01 72 72 0 0 0
2943 -0.169112 -0.00916917 0.01 72 72 0 0 0
2952 -0.154587 -0.008873 0.01 56 56 0 0 0
2955 -0.154587 -0.00937236 0.01 56 56 0 0 0
2966 -0.185778 -0.00963437 0.01 98 98 0 0 0
2967 -0.154587 -0.00937236 0.01 56 56 0 0 0
2996 -0.185778 -0.00963437 0.01 98 98 0 0 0
3001 -0.126298 -0.00903698 0.01 72 72 0 0 0
3012 -0.185778 -0.00928214 0.01 99 99 0 0 0
3020 -0.168075 -0.00877877 0.01 72 72 0 0 0
3043 -0.185778 -0.00928214 0.01 100 100 0 0 0
3044 -0.168075 -0.00923052 0.01 72 72 0 0 0
3048 -0.15116 -0.00953424 0.01 72 72 0 0 0
3054 -0.187074 -0.00928214 0.01 100 100 0 0 0
3056 -0.161461 -0.00923593 0.01 72 73 0 0 0
3077 -0.185778 -0.00928214 0.01 98 99 0 0 0
3123 -0.187074 -0.00928214 0.01 99 99 0 0 0
3138 -0.185778 -0.00928214 0.01 99 99 0 0 0
3156 -0.154587 -0.008873 0.01 56 56 0 0 0
3175 -0.140234 -0.00911186 0.01 72 72 0 0 0
3193 -0.154587 -0.008873 0.01 56 56 0 0 0
3201 -0.149932 -0.00887063 0.01 72 72 0 0 0
3207 -0.185778 -0.00928214 0.01 99 99 0 0 0
3210 -0.138779 -0.00893021 0.01 72 72 0 0 0
3227 -0.187074 -0.00928214 0.01 99 99 0 0 0
3230 -0.154587 -0.008873 0.01 56 56 0 0 0
3256 -0.154587 -0.008873 0.01 56 56 0 0 0
3306 -0.154587 -0.008873 0.01 56 56 0 0 0
3341 -0.154587 -0.008873 0.01 56 57 0 0 0
3342 -0.132478 -0.0090466 0.01 72 72 0 0 0
3351 -0.154587 -0.00893218 0.01 56 56 0 0 0
3357 -0.185778 -0.00928214 0.01 99 99 0 0 0
3373 -0.168075 -0.00923052 0.01 72 72 0 0 0
3381 -0.187074 -0.00928214 0.01 99 99 0 0 0
3383 -0.124068 -0.00898188 0.01 72 72 0 0 0
3392 -0.154587 -0.00934543 0.01 56 56 0 0 0
3421 -0.170074 -0.00937236 0.01 56 56 4.10974e-05 -0.00988518 0
3424 -0.154587 -0.008873 0.01 56 56 0 0 0
3452 -0.185778 -0.00953409 0.01 98 98 -0.0299532 0 -0.000251954
3456 -0.168888 -0.00945164 0.01 72 72 0 0 0
3461 -0.154587 -0.008873 0.01 55 55 0 0 0
3474 -0.179959 -0.00931245 0.01 98 98 0 0 0
3484 -0.154587 -0.00893218 0.01 56 56 0 0 0
3491 -0.196993 -0.00963437 0.01 98 98 0 0 0
3501 -0.133271 -0.00911717 0.01 72 72 0 0 0
3513 -0.181365 -0.00931245 0.01 98 98 0 0 0
3516 -0.187074 -0.00928214 0.01 100 100 0 0 0
3539 -0.185778 -0.00928214 0.01 99 99 0 0 0
3541 -0.187074 -0.00928214 0.01 99 99 0 0 0
3545 -0.195751 -0.00940809 0.01 98 98 0 0 0
3548 -0.154587 -0.00937236 0.01 56 56 0 0 0
3582 -0.190431 -0.00928214 0.01 99 99 0 0 0
3588 -0.154587 -0.00937236 0.01 56 56 0 0 0
3599 -0.189162 -0.00897381 0.01 72 72 0 0 0
3604 -0.18455 -0.0091437 0.01 72 72 0 0 0
3619 -0.154587 -0.008873 0.01 56 56 0 0 0
3626 -0.185778 -0.00928214 0.01 99 99 0 0 0
3632 -0.113484 -0.00951268 0.01 72 72 0 0 0
3637 -0.185778 -0.00931245 0.01 99 99 0 0 0
3654 -0.185778 -0.00963437 0.01 98 98 0 0 0
3722 -0.154587 -0.008873 0.01 56 56 0 0 0
3742 -0.187074 -0.00928214 0.01 99 99 0 0 0
3748 -0.138779 -0.00893021 0.01 72 72 0 0 0
3752 -0.190431 -0.00928214 0.01 99 99 0 0 0
3758 -0.185778 -0.00928214 0.01 99 99 0 0 0
3764 -0.163902 -0.00850983 0.01 72 72 0 0 0
3771 -0.162591 -0.00952979 0.01 72 72 0.000895053 -0.00469881 0
3789 -0.15116 -0.00953424 0.01 72 72 0 0 0
3795 -0.185778 -0.00931245 0.01 99 98 0 0 0
3808 -0.138779 -0.00893021 0.01 72 72 0 0 0
3809 -0.185778 -0.00931245 0.01 99 99 0 0 0
3823 -0.154587 -0.0087521 0.01 55 55 0 0 0
3830 -0.15116 -0.00953424 0.01 72 72 0 0 0
3874 -0.153827 -0.00945164 0.01 72 72 0 0 0
3890 -0.155737 -0.00923593 0.01 72 72 -0.00108622 0.00572433 0
3914 -0.185778 -0.00928214 0.01 99 99 0 0 0
3915 -0.145664 -0.00840479 0.01 72 72 0 0 0
3934 -0.154587 -0.008873 0.01 56 56 0 0 0
3937 -0.154587 -0.00937236 0.01 56 56 0 0 0
3957 -0.172841 -0.00934716 0.01 72 72 0 0 0
3977 -0.169112 -0.00916917 0.01 72 72 0 0 0
3991 -0.190678 -0.00963437 0.01 99 99 0 0 0
4012 -0.134422 -0.00838456 0.01 72 71 0 0 0
4030 -0.154587 -0.008873 0.01 56 56 0 0 0
4033 -0.154587 -0.008873 0.01 56 56 0 0 0
4039 -0.171895 -0.00906361 0.01 72 72 0.00140741 -0.0103106 0
4055 -0.166177 -0.00863184 0.01 72 72 0 0 0
4063 -0.185778 -0.00963437 0.01 98 98 0 0 0
4077 -0.185778 -0.00928214 0.01 99 99 0 0 0
4118 -0.185778 -0.00963437 0.01 98 98 0 0 0
4125 -0.185778 -0.00951083 0.01 98 98 0 0 0
4159 -0.185778 -0.00963437 0.01 98 98 0 0 0
4160 -0.154587 -0.008873 0.01 56 56 0 0 0
4165 -0.185778 -0.00928214 0.01 98 98 0 0 0
4166 -0.185778 -0.00928214 0.01 100 100 0 0 0
4178 -0.154587 -0.008873 0.01 56 56 0 0 0
4186 -0.17272 -0.00916917 0.01 72 72 0 0 0
4188 -0.185778 -0.00934346 0.01 99 99 -0.00784159 0 -6.13257e-05
4193 -0.185778 -0.0095194 0.01 98 98 0 0 0
4207 -0.132133 -0.00898188 0.01 72 72 0.00421514 -0.0080658 0
4222 -0.162203 -0.008873 0.01 56 56 0 0 0
4226 -0.149932 -0.00887063 0.01 72 72 0 0 0
4227 -0.148148 -0.00911186 0.01 72 72 0 0 0
4253 -0.134422 -0.00838456 0.01 72 71 0 0 0
4276 -0.190431 -0.00928214 0.01 99 99 0 0 0
4307 -0.154587 -0.00908865 0.01 56 56 0 0 0
4308 -0.154587 -0.00890487 0.01 56 56 0 0 0
4324 -0.17983 -0.00921605 0.01 72 72 0 0 0
4325 -0.148148 -0.00911186 0.01 72 72 0 0 0
4331 -0.187074 -0.00928214 0.01 99 99 0 0 0
4344 -0.185778 -0.00963437 0.01 98 98 0 0 0
4365 -0.154587 -0.008873 0.01 56 56 0 0 0
4380 -0.174387 -0.0091437 0.01 72 72 0 0 0
4383 -0.188025 -0.00928851 0.01 99 99 0 0 0
4386 -0.15116 -0.00953424 0.01 72 72 0 0 0
4391 -0.148271 -0.00924609 0.01 72 72 0 0 0
4428 -0.185778 -0.00928214 0.01 100 100 0 0 0
4450 -0.149932 -0.00887063 0.01 72 72 0 0 0
4491 -0.187413 -0.00963437 0.01 98 98 0 0 0
4509 -0.187074 -0.00928214 0.01 100 99 0 0 0
4557 -0.154587 -0.00908865 0.01 56 57 0 0 0
4562 -0.185778 -0.00928214 0.01 99 99 0 0 0
4566 -0.195751 -0.00940809 0.01 98 97 0 0 0
4573 -0.167651 -0.00859817 0.01 72 72 0 0 0
4600 -0.149932 -0.00887063 0.01 72 72 0 0 0
4665 -0.15116 -0.00953424 0.01 72 72 0 0 0
4679 -0.185778 -0.00928214 0.01 99 99 0 0 0
4711 -0.195751 -0.00940809 0.01 98 98 0 0 0
4721 -0.185778 -0.00928214 0.01 99 99 0 0 0
4745 -0.154587 -0.00875772 0.01 55 55 0 0 0
4758 -0.154587 -0.008873 0.01 56 56 0 0 0
4770 -0.161461 -0.00923593 0.01 72 72 0 0 0
4778 -0.185778 -0.00928214 0.01 99 99 0 0 0
4806 -0.185778 -0.00948913 0.01 98 98 0.00362721 0 3.02726e-05
4822 -0.156126 -0.00952979 0.01 72 72 0 0 0
4823 -0.185778 -0.00928214 0.01 99 99 0 0 0
4840 -0.160189 -0.00937236 0.01 56 56 0 0 0
4898 -0.154283 -0.00893218 0.01 55 55 0 0 0
4899 -0.181228 -0.00934716 0.01 72 72 0 0 0
4902 -0.113484 -0.00951268 0.01 72 72 0 0 0
4903 -0.185778 -0.00951083 0.01 98 98 0 0 0
4909 -0.152679 -0.00951739 0.01 72 72 0 0 0
4921 -0.154587 -0.008873 0.01 55 56 0 0 0
4924 -0.161461 -0.00923593 0.01 72 71 0 0 0
4931 -0.133271 -0.00911717 0.01 72 72 0 0 0
4952 -0.154587 -0.00874832 0.01 55 55 0 0 0
4967 -0.166599 -0.00956538 0.01 72 72 0 0 0
4997 -0.167651 -0.00859817 0.01 72 70 0 0 0
5002 -0.185778 -0.00963437 0.01 98 98 0 0 0
5022 -0.187074 -0.00928214 0.01 99 99 0 0 0
5028 -0.133271 -0.00911717 0.01 72 72 0 0 0
5051 -0.196993 -0.00963437 0.01 98 98 0 0 0
5058 -0.15474 -0.0091485 0.01 72 72 0 0 0
5066 -0.17272 -0.00931438 0.01 72 72 -9.87947e-05 0 -0.000145217
5089 -0.154283 -0.00893218 0.01 55 55 0 0 0
5093 -0.159188 -0.00893154 0.01 72 72 0 0 0
5097 -0.185778 -0.0095194 0.01 98 98 0 0 0
5100 -0.154587 -0.008873 0.01 56 56 0 0 0
5114 -0.17983 -0.00921605 0.01 72 72 0 0 0
5115 -0.197828 -0.00963437 0.01 98 98 0 0 0
5121 -0.185778 -0.00928214 0.01 99 99 0 0 0
5125 -0.154587 -0.00937236 0.01 56 56 0 0 0
5168 -0.148148 -0.00911186 0.01 72 72 0 0 0
5183 -0.126298 -0.00903698 0.01 72 72 0 0 0
5193 -0.154587 -0.00937236 0.01 56 56 0 0 0
5199 -0.17983 -0.00921605 0.01 72 72 0 0 0
5228 -0.134252 -0.00915582 0.01 56 56 0 0 0
5230 -0.17983 -0.0091437 0.01 72 72 0 0 0
5232 -0.185778 -0.00963437 0.01 98 98 0 0 0
5246 -0.151214 -0.00865929 0.01 72 72 0 0 0
5270 -0.154587 -0.008873 0.01 56 56 0 0 0
5299 -0.138779 -0.00893021 0.01 72 72 0 0 0
5320 -0.185778 -0.00963437 0.01 98 98 0 0 0
5329 -0.185778 -0.00963437 0.01 98 98 0 0 0
5336 -0.164392 -0.00965439 0.01 72 72 0 0 0
5383 -0.15116 -0.00953424 0.01 72 72 0 0 0
5397 -0.154587 -0.00937236 0.01 56 56 0 0 0
5441 -0.15116 -0.00953424 0.01 72 72 0 0 0
5444 -0.137437 -0.0091171 0.01 72 71 0 0 0
5471 -0.154587 -0.008873 0.01 55 55 0 0 0
5487 -0.154587 -0.0087521 0.01 56 56 0 0 0
5511 -0.185778 -0.00928214 0.01 100 100 0 0 0
5517 -0.185778 -0.00927025 0.01 100 100 0 0 0
5583 -0.182069 -0.00910299 0.01 98 98 0 0 0
5585 -0.173461 -0.00945164 0.01 72 72 0 0 0
5588 -0.181631 -0.0087611 0.01 72 72 0 0 0
5599 -0.154587 -0.00937236 0.01 56 56 0 0 0
5620 -0.185778 -0.00931245 0.01 99 98 0 0 0
5629 -0.185778 -0.0095194 0.01 98 98 0 0 0
5648 -0.157892 -0.00952979 0.01 72 72 0 0 0
5654 -0.15474 -0.00951403 0.01 72 71 0 0 0
5662 -0.169112 -0.00916917 0.01 72 72 0 0 0
5663 -0.185778 -0.00928214 0.01 100 100 0 0 0
5683 -0.168075 -0.00929889 0.01 72 72 0 0 0
5687 -0.185778 -0.00928214 0.01 99 99 0 0 0
5690 -0.146813 -0.00883177 0.01 56 56 0 0 0
5706 -0.154587 -0.00896792 0.01 56 56 0 0 0
5717 -0.148271 -0.00924609 0.01 72 72 0 0 0
5720 -0.154587 -0.008873 0.01 56 57 0 0 0
5737 -0.159884 -0.0091723 0.01 72 72 0 0 0
5742 -0.15116 -0.00953424 0.01 72 72 0 0 0
5759 -0.154587 -0.0087521 0.01 56 56 0 0 0
5793 -0.148271 -0.00924609 0.01 72 72 0 0 0
5813 -0.154587 -0.008873 0.01 55 56 0 0 0
5842 -0.185778 -0.00928214 0.01 98 99 0 0 0
5844 -0.154587 -0.00874832 0.01 56 56 0 0 0
5877 -0.154587 -0.008873 0.01 55 55 0 0 0
5879 -0.195751 -0.00940809 0.01 98 98 0 0 0
5880 -0.185778 -0.00963437 0.01 98 98 0 0 0
5920 -0.168075 -0.00923052 0.01 72 72 0 0 0
5966 -0.185778 -0.00928214 0.01 98 98 0 0 0
5980 -0.185778 -0.00963437 0.01 98 98 0 0 0
6008 -0.15116 -0.00953424 0.01 72 72 0 0 0
6025 -0.148148 -0.00911186 0.01 72 72 0 0 0
6032 -0.154587 -0.008873 0.01 56 56 0 0 0
6045 -0.15116 -0.00953424 0.01 72 72 0 0 0
6054 -0.166599 -0.00956538 0.01 72 72 0 0 0
6062 -0.164428 -0.00931659 0.01 72 72 0 0 0
6070 -0.15116 -0.00962765 0.01 72 71 0 0 0
6104 -0.15116 -0.00953424 0.01 72 72 0 0 0
6106 -0.185778 -0.00963437 0.01 98 98 0 0 0
6124 -0.190431 -0.00931515 0.01 99 99 -0.00413248 0 -3.30089e-05
6142 -0.196993 -0.00963437 0.01 98 98 0 0 0
6148 -0.185778 -0.00936047 0.01 98 98 0.0327807 0 0.000273902
6172 -0.152381 -0.00937236 0.01 56 56 0 0 0
6177 -0.185778 -0.00963437 0.01 98 98 0 0 0
6184 -0.189162 -0.00897381 0.01 72 72 0 0 0
6187 -0.172841 -0.00934716 0.01 72 72 0 0 0
6196 -0.152661 -0.00923593 0.01 72 72 0 0 0
6197 -0.154587 -0.00937236 0.01 56 56 0 0 0
6225 -0.154587 -0.00937236 0.01 56 56 0 0 0
6234 -0.161657 -0.00893218 0.01 55 55 0 0 0
6235 -0.154587 -0.00875772 0.01 55 55 -2.25008e-06 0 0.000174464
6241 -0.154587 -0.008873 0.01 56 57 0 0 0
6277 -0.183061 -0.0094641 0.01 72 72 0 0 0
6293 -0.134252 -0.00915582 0.01 56 56 0 0 0
6323 -0.137437 -0.0091171 0.01 72 72 0 0 0
6328 -0.147987 -0.00937236 0.01 56 56 0 0 0
6412 -0.147987 -0.00937236 0.01 56 56 0 0 0
6416 -0.185778 -0.00934346 0.01 99 99 0 0 0
6429 -0.154587 -0.008873 0.01 56 56 0 0 0
6430 -0.154283 -0.00893218 0.01 55 55 0 0 0
6442 -0.154587 -0.00937236 0.01 56 56 0 0 0
6446 -0.185778 -0.00928214 0.01 99 99 0 0 0
6450 -0.148148 -0.00911186 0.01 72 72 0 0 0
6457 -0.15116 -0.00953424 0.01 72 72 0 0 0
6459 -0.185778 -0.00928214 0.01 99 99 0 0 0
6466 -0.185778 -0.00963437 0.01 98 98 0 0 0
6470 -0.187074 -0.00928214 0.01 99 99 0 0 0
6474 -0.154587 -0.00937236 0.01 72 72 0 0 0
6475 -0.162203 -0.008873 0.01 56 56 0 0 0
6503 -0.145664 -0.00840479 0.01 72 72 0 0 0
6507 -0.147987 -0.00937236 0.01 56 56 0 0 0
6518 -0.185778 -0.00963437 0.01 98 98 0 0 0
6521 -0.152679 -0.00951739 0.01 72 72 0 0 0
6524 -0.185778 -0.00928214 0.01 100 100 0 0 0
6529 -0.15116 -0.00953424 0.01 72 72 0 0 0
6552 -0.1187 -0.00911275 0.01 72 72 0 0 0
6592 -0.154587 -0.008873 0.01 55 56 0 0 0
6606 -0.185778 -0.00928214 0.01 98 98 0 0 0
6611 -0.153424 -0.00848883 0.01 72 72 -0.00101051 0.00576374 0
6661 -0.185778 -0.00928214 0.01 98 98 0 0 0
6679 -0.215035 -0.00943965 0.01 98 98 0 0 0
6690 -0.187074 -0.00928214 0.01 99 99 0 0 0
6720 -0.185778 -0.00928214 0.01 100 100 0 0 0
6723 -0.149932 -0.00887063 0.01 72 72 0 0 0
6746 -0.154587 -0.008873 0.01 56 56 0 0 0
6748 -0.164428 -0.00931659 0.01 72 73 0 0 0
6779 -0.195751 -0.00940809 0.01 98 98 0 0 0
6792 -0.148148 -0.00911186 0.01 72 72 0 0 0
6816 -0.15116 -0.00953424 0.01 72 72 0 0 0
6825 -0.185778 -0.00928214 0.01 99 99 0 0 0
6841 -0.187074 -0.00928214 0.01 100 100 0 0 0
6845 -0.185778 -0.00963437 0.01 98 98 0 0 0
6856 -0.185778 -0.00928214 0.01 99 99 0 0 0
6873 -0.15116 -0.00953424 0.01 72 72 0 0 0
6898 -0.187074 -0.00928214 0.01 99 99 0 0 0
6928 -0.154587 -0.008873 0.01 55 55 0 0 0
6935 -0.154587 -0.008873 0.01 56 56 0 0 0
6940 -0.154587 -0.00893218 0.01 56 58 0 0 0
6948 -0.187074 -0.00928214 0.01 99 99 0 0 0
6983 -0.185778 -0.00928214 0.01 99 99 0 0 0
7004 -0.185778 -0.00928214 0.01 100 100 0 0 0
7020 -0.154587 -0.00937236 0.01 56 56 0 0 0
7022 -0.151168 -0.008873 0.01 56 56 -2.35736e-05 0.0034195 0
7033 -0.185778 -0.00963437 0.01 99 98 0 0 0
7054 -0.137437 -0.00911717 0.01 72 72 0 0 0
7055 -0.134252 -0.00915582 0.01 56 56 0 0 0
7111 -0.181631 -0.0087611 0.01 72 72 0 0 0
7118 -0.160189 -0.00937236 0.01 56 56 0 0 0
7124 -0.185778 -0.00928214 0.01 98 98 0 0 0
7144 -0.157892 -0.00952979 0.01 72 72 0 0 0
7147 -0.185778 -0.00963437 0.01 99 98 0 0 0
7157 -0.168075 -0.00929889 0.01 72 72 0 0 0
7191 -0.1549 -0.00848215 0.01 72 72 0 0 0
7203 -0.185778 -0.00963437 0.01 98 98 0 0 0
7204 -0.197938 -0.00934716 0.01 72 72 0 0 0
7224 -0.154587 -0.00937236 0.01 56 56 0 0 0
7247 -0.187074 -0.00928214 0.01 99 99 0 0 0
7263 -0.154587 -0.00937236 0.01 56 56 0 0 0
7285 -0.187074 -0.00928214 0.01 100 100 0 0 0
7292 -0.113484 -0.00951268 0.01 72 72 0 0 0
7321 -0.154587 -0.008873 0.01 56 56 0 0 0
7331 -0.185778 -0.00928214 0.01 98 98 0 0 0
7332 -0.157892 -0.00952979 0.01 72 72 0 0 0
7342 -0.185778 -0.00963437 0.01 98 98 0 0 0
7346 -0.154283 -0.00893218 0.01 55 55 0 0 0
7361 -0.154283 -0.00893218 0.01 55 55 0 0 0
7365 -0.185778 -0.00928214 0.01 99 99 0 0 0
7366 -0.17983 -0.00944709 0.01 72 72 0 0 0
7374 -0.185778 -0.00928214 0.01 99 99 0 0 0
7380 -0.154587 -0.008873 0.01 56 56 0 0 0
7395 -0.185778 -0.00931245 0.01 99 99 0 0 0
7406 -0.17983 -0.00923333 0.01 72 72 0 0 0
7413 -0.185778 -0.00911515 0.01 99 99 0 0 0
7415 -0.154587 -0.00937236 0.01 56 56 0 0 0
7424 -0.154587 -0.008873 0.01 56 56 0 0 0
7431 -0.154283 -0.00893218 0.01 56 56 0 0 0
7438 -0.185778 -0.00928214 0.01 100 100 0 0 0
7445 -0.185778 -0.00928214 0.01 99 99 0 0 0
7447 -0.160703 -0.00921821 0.01 72 72 0 0 0
7460 -0.154587 -0.008873 0.01 56 56 0 0 0
7512 -0.15116 -0.00953424 0.01 72 72 0 0 0
7562 -0.157892 -0.00952979 0.01 72 72 0 0 0
7574 -0.154587 -0.00875772 0.01 55 55 0 0 0
7577 -0.191344 -0.00928214 0.01 100 100 0 0 0
7592 -0.195751 -0.00940809 0.01 98 98 0 0 0
7622 -0.185778 -0.00963437 0.01 98 98 0 0 0
7629 -0.154587 -0.00920519 0.01 56 56 4.23193e-06 0 -0.000332184
7652 -0.160703 -0.00921821 0.01 72 73 0 0 0
7664 -0.137437 -0.0091171 0.01 72 72 0 0 0
7670 -0.181631 -0.0087611 0.01 72 73 0 0 0
7671 -0.185778 -0.00963437 0.01 98 98 0 0 0
7704 -0.154587 -0.008873 0.01 56 56 0 0 0
7705 -0.187074 -0.00928214 0.01 99 99 0 0 0
7716 -0.185778 -0.00928214 0.01 99 99 0 0 0
7730 -0.126298 -0.00903698 0.01 72 72 0 0 0
7733 -0.119374 -0.00898188 0.01 72 71 0.00131957 -0.00221664 0
7738 -0.134252 -0.00915582 0.01 56 56 0 0 0
7756 -0.195751 -0.00905002 0.01 98 97 0 0 0
7761 -0.152381 -0.00937236 0.01 56 56 0 0 0
7767 -0.197495 -0.00926547 0.01 72 72 0 0 0
7775 -0.185778 -0.00931245 0.01 98 98 0 0 0
7781 -0.154587 -0.00937236 0.01 56 56 0 0 0
7785 -0.185778 -0.00963437 0.01 98 98 0 0 0
7798 -0.15312 -0.0086731 0.01 72 72 0 0 0
7814 -0.190678 -0.00963085 0.01 99 99 0 0 0
7816 -0.154587 -0.00937236 0.01 56 56 0 0 0
7817 -0.154587 -0.00937236 0.01 56 56 0 0 0
7819 -0.185778 -0.00928214 0.01 99 99 0 0 0
7838 -0.134252 -0.00915582 0.01 56 58 0 0 0
7844 -0.185398 -0.00833464 0.01 72 72 0 0 0
7850 -0.185778 -0.00928214 0.01 99 99 0 0 0
7872 -0.166599 -0.00956538 0.01 72 73 0 0 0
7886 -0.148148 -0.00911186 0.01 72 72 0 0 0
7890 -0.185778 -0.00928214 0.01 100 100 0 0 0
7903 -0.185778 -0.00963437 0.01 98 98 0 0 0
7940 -0.185778 -0.00928214 0.01 98 98 0 0 0
7947 -0.154587 -0.008873 0.01 55 55 0 0 0
7959 -0.154587 -0.00875772 0.01 55 55 0 0 0
7962 -0.154587 -0.008873 0.01 55 55 0 0 0
7987 -0.161461 -0.00923593 0.01 72 72 0 0 0
7994 -0.175974 -0.00906361 0.01 72 72 0 0 0
7999 -0.161111 -0.00993604 0.01 72 71 0 0 0
8007 -0.17983 -0.00921605 0.01 72 72 0 0 0
8023 -0.154283 -0.00893218 0.01 55 55 0 0 0
8032 -0.185778 -0.00963437 0.01 98 98 0 0 0
8045 -0.137326 -0.00955898 0.01 72 71 0 0 0
8053 -0.195751 -0.00943965 0.01 98 98 0 0 0
8056 -0.168888 -0.00945164 0.01 72 72 0 0 0
8069 -0.148148 -0.00911186 0.01 72 72 0 0 0
8091 -0.15116 -0.00953424 0.01 72 72 0 0 0
8101 -0.185778 -0.00951083 0.01 98 98 0 0 0
8108 -0.149932 -0.00887063 0.01 72 72 0 0 0
8142 -0.160189 -0.00937236 0.01 56 56 0 0 0
8186 -0.157892 -0.00952979 0.01 72 72 0 0 0
8213 -0.181228 -0.00934716 0.01 72 72 0 0 0
8245 -0.154587 -0.008873 0.01 56 56 0 0 0
8252 -0.154587 -0.00937236 0.01 56 56 0 0 0
8264 -0.161461 -0.00923593 0.01 72 72 0 0 0
8282 -0.206994 -0.00963437 0.01 98 98 0 0 0
8308 -0.154283 -0.00893218 0.01 55 55 0 0 0
8321 -0.138779 -0.00893021 0.01 72 71 0 0 0
8333 -0.154587 -0.00896792 0.01 56 56 1.2219e-06 0 -9.49129e-05
8345 -0.185778 -0.00963437 0.01 98 98 0 0 0
8364 -0.162203 -0.008873 0.01 56 56 0 0 0
8369 -0.15116 -0.00953424 0.01 72 72 0 0 0
8425 -0.154587 -0.00893218 0.01 55 58 0 0 0
8431 -0.188025 -0.00928851 0.01 99 99 0 0 0
8440 -0.154587 -0.00927406 0.01 56 56 0 0 0
8467 -0.173461 -0.00945164 0.01 72 72 0 0 0
8477 -0.154587 -0.00883177 0.01 56 56 0 0 0
8491 -0.189162 -0.00897381 0.01 72 72 0 0 0
8494 -0.138703 -0.00938834 0.01 72 72 0 0 0
8495 -0.181365 -0.00931245 0.01 98 98 -0.0276624 0.00441302 0
8504 -0.148148 -0.00911186 0.01 72 72 0 0 0
8511 -0.154587 -0.008873 0.01 56 56 0 0 0
8525 -0.187413 -0.00963437 0.01 99 98 0 0 0
8527 -0.185778 -0.00928214 0.01 98 98 0 0 0
8535 -0.185778 -0.00928214 0.01 99 99 0 0 0
8539 -0.185778 -0.00963437 0.01 98 98 0 0 0
8547 -0.196993 -0.00963437 0.01 98 98 0 0 0
8552 -0.168075 -0.00914002 0.01 72 72 0 0 0
8556 -0.154587 -0.00875772 0.01 55 55 0 0 0
8581 -0.154587 -0.008873 0.01 56 56 0 0 0
8591 -0.185778 -0.00928214 0.01 100 100 0 0 0
8626 -0.154587 -0.00875772 0.01 55 55 0 0 0
8635 -0.138779 -0.00893021 0.01 72 72 0 0 0
8656 -0.185778 -0.00931245 0.01 99 98 0 0 0
8685 -0.168075 -0.00923052 0.01 72 72 0 0 0
8690 -0.185778 -0.00963437 0.01 98 98 0 0 0
8694 -0.154587 -0.008873 0.01 55 55 0 0 0
8700 -0.190431 -0.00931515 0.01 98 99 0 0 0
8713 -0.133271 -0.00911717 0.01 72 72 0 0 0
8716 -0.160959 -0.00880678 0.01 72 72 0 0 0
8723 -0.154587 -0.008873 0.01 56 56 0 0 0
8727 -0.185778 -0.00928214 0.01 99 99 0 0 0
8732 -0.138779 -0.00893021 0.01 72 72 0 0 0
8760 -0.154283 -0.00893218 0.01 55 55 0 0 0
8764 -0.179947 -0.00875104 0.01 72 72 0 0 0
8778 -0.157892 -0.00952979 0.01 72 71 0 0 0
8781 -0.189162 -0.00897381 0.01 72 72 0 0 0
8796 -0.17983 -0.0091437 0.01 72 72 0 0 0
8798 -0.170083 -0.00907743 0.01 72 72 0 0 0
8801 -0.185778 -0.00963437 0.01 98 98 0 0 0
8809 -0.206994 -0.00963437 0.01 98 98 0 0 0
8836 -0.154587 -0.008873 0.01 56 57 0 0 0
8855 -0.185778 -0.00963437 0.01 98 98 0 0 0
8856 -0.1549 -0.00848215 0.01 72 72 0 0 0
8865 -0.148271 -0.00924609 0.01 72 72 0 0 0
8892 -0.185778 -0.00963437 0.01 98 98 0 0 0
8909 -0.185778 -0.00963437 0.01 98 98 0 0 0
8914 -0.181228 -0.00934716 0.01 72 72 0 0 0
8918 -0.185778 -0.00963437 0.01 98 98 0 0 0
8919 -0.148148 -0.00911186 0.01 72 72 0 0 0
8922 -0.187074 -0.00928214 0.01 99 99 0 0 0
8956 -0.181228 -0.00934716 0.01 72 72 0 0 0
8962 -0.187074 -0.00928214 0.01 99 99 0 0 0
8966 -0.157892 -0.00952979 0.01 72 72 0 0 0
8968 -0.185778 -0.00928214 0.01 100 100 0 0 0
8984 -0.154587 -0.00937236 0.01 56 56 0 0 0
8986 -0.17983 -0.00902694 0.01 72 72 5.90086e-05 0 0.000116759
8988 -0.174387 -0.0091437 0.01 72 72 0 0 0
8990 -0.152381 -0.00937236 0.01 56 56 0 0 0
8991 -0.187074 -0.00928214 0.01 99 99 0 0 0
9000 -0.187074 -0.00928214 0.01 99 99 0 0 0
9005 -0.185778 -0.00935712 0.01 99 99 0 0 0
9010 -0.185778 -0.00928214 0.01 99 99 0 0 0
9022 -0.185778 -0.00928214 0.01 99 99 0 0 0
9024 -0.190678 -0.00959622 0.01 98 98 0.00451681 0 3.81498e-05
9037 -0.169112 -0.00916917 0.01 72 72 0 0 0
9045 -0.161461 -0.00923593 0.01 72 71 0 0 0
9057 -0.163902 -0.00850983 0.01 72 72 0 0 0
9065 -0.196993 -0.00963437 0.01 98 98 0 0 0
9068 -0.185778 -0.00963437 0.01 98 98 0 0 0
9072 -0.154587 -0.00937236 0.01 56 56 0 0 0
9073 -0.181631 -0.00898543 0.01 72 72 0 0 0
9076 -0.138779 -0.00926195 0.01 72 72 0 0 0
9077 -0.154587 -0.008873 0.01 56 56 0 0 0
9103 -0.168075 -0.00923052 0.01 72 72 0 0 0
9108 -0.187074 -0.00928214 0.01 99 99 0 0 0
9122 -0.185778 -0.00928214 0.01 99 99 0 0 0
9135 -0.185778 -0.00928214 0.01 99 99 0 0 0
9165 -0.161371 -0.00944993 0.01 72 73 0 0 0
9173 -0.185778 -0.00963437 0.01 98 98 0 0 0
9184 -0.185778 -0.00928214 0.01 99 99 0 0 0
9189 -0.187074 -0.00928214 0.01 99 99 0 0 0
9195 -0.146813 -0.00883177 0.01 56 56 0 0 0
9201 -0.168888 -0.00945164 0.01 72 72 0 0 0
9214 -0.154587 -0.008873 0.01 54 56 0 0 0
9216 -0.168075 -0.00914002 0.01 72 72 0 0 0
9246 -0.189162 -0.00897381 0.01 72 72 0 0 0
9257 -0.185778 -0.00963437 0.01 98 98 0 0 0
9303 -0.154283 -0.00893218 0.01 55 55 0 0 0
9318 -0.190431 -0.00928214 0.01 99 99 0 0 0
9335 -0.154283 -0.00893218 0.01 55 55 0 0 0
9348 -0.185778 -0.00928214 0.01 99 99 0 0 0
9354 -0.187074 -0.00928214 0.01 99 99 0 0 0
9357 -0.154587 -0.00875772 0.01 55 55 0 0 0
9367 -0.187074 -0.00928214 0.01 99 99 0 0 0
9371 -0.185778 -0.00928214 0.01 100 99 0 0 0
9407 -0.148148 -0.00911186 0.01 72 72 0 0 0
9410 -0.154587 -0.00963859 0.01 56 56 0 0 0
9437 -0.154283 -0.00893218 0.01 55 55 0 0 0
9449 -0.168075 -0.00923052 0.01 72 71 0 0 0
9461 -0.187074 -0.00928214 0.01 99 99 0 0 0
9472 -0.150513 -0.00953424 0.01 72 72 0 0 0
9473 -0.154587 -0.00936982 0.01 56 56 -2.98023e-08 0 2.53692e-06
9501 -0.148271 -0.00924609 0.01 72 72 0 0 0
9517 -0.154587 -0.008873 0.01 56 56 0 0 0
9541 -0.154587 -0.00893218 0.01 56 56 0 0 0
9545 -0.185778 -0.00928214 0.01 99 99 0 0 0
9549 -0.15474 -0.0091485 0.01 72 72 0 0 0
9554 -0.154587 -0.00957192 0.01 56 56 0 0 0
9566 -0.195751 -0.00940809 0.01 98 98 0 0 0
9589 -0.154587 -0.008873 0.01 56 57 0 0 0
9608 -0.185778 -0.00951083 0.01 98 98 0 0 0
9624 -0.166177 -0.00863184 0.01 72 72 0 0 0
9627 -0.185778 -0.00963437 0.01 98 98 0 0 0
9634 -0.154587 -0.008873 0.01 56 56 0 0 0
9644 -0.154587 -0.008873 0.01 54 54 0 0 0
9654 -0.185778 -0.00963437 0.01 99 98 0 0 0
9662 -0.152679 -0.00951739 0.01 72 72 0 0 0
9664 -0.185778 -0.00963437 0.01 98 98 0 0 0
9698 -0.185778 -0.00963437 0.01 98 98 0 0 0
9700 -0.185778 -0.00931245 0.01 98 98 0 0 0
9709 -0.190678 -0.00963437 0.01 99 99 0 0 0
9711 -0.187074 -0.00928214 0.01 99 99 0 0 0
9713 -0.15474 -0.00951403 0.01 72 72 0 0 0
9719 -0.154587 -0.008873 0.01 56 56 0 0 0
9750 -0.185778 -0.00928214 0.01 100 99 0 0 0
9754 -0.185778 -0.00963437 0.01 98 98 0 0 0
9767 -0.178599 -0.00923052 0.01 72 72 0 0 0
9778 -0.167651 -0.00859817 0.01 72 72 0 0 0
9791 -0.154587 -0.008873 0.01 56 56 0 0 0
9795 -0.17983 -0.0091437 0.01 72 72 0 0 0
9798 -0.166177 -0.00863184 0.01 72 72 0 0 0
9799 -0.154283 -0.00893218 0.01 55 55 0 0 0
9803 -0.154587 -0.008873 0.01 55 55 0 0 0
9814 -0.154587 -0.008873 0.01 56 56 0 0 0
9832 -0.154587 -0.0087521 0.01 55 55 0 0 0
9837 -0.154587 -0.008873 0.01 56 56 0 0 0
9852 -0.185778 -0.00928214 0.01 99 99 0 0 0
9874 -0.167651 -0.00859817 0.01 72 71 0 0 0
9884 -0.185778 -0.00963437 0.01 99 98 0 0 0
9900 -0.124068 -0.00898188 0.01 72 72 0 0 0
9938 -0.154587 -0.008873 0.01 56 56 0 0 0
9977 -0.182069 -0.00910299 0.01 98 98 0.0363874 0 0.0003051
9992 -0.195751 -0.00943965 0.01 98 98 0 0 0
10048 -0.195751 -0.00940809 0.01 98 98 0 0 0
10053 -0.185778 -0.00963437 0.01 98 98 0 0 0
10057 -0.154587 -0.00937236 0.01 56 56 0 0 0
10064 -0.154587 -0.00883177 0.01 56 56 0 0 0
10080 -0.185778 -0.00928214 0.01 99 99 0 0 0
10084 -0.157594 -0.00896856 0.01 72 72 0 0 0
10088 -0.185778 -0.00898107 0.01 98 98 0.0382009 0 0.000331381
10091 -0.154587 -0.008873 0.01 56 56 0 0 0
10092 -0.161461 -0.00923593 0.01 72 72 0 0 0
10098 -0.113484 -0.00951268 0.01 72 72 0 0 0
10120 -0.138584 -0.00911186 0.01 72 72 0 0 0
10124 -0.17983 -0.0091437 0.01 72 72 0 0 0
10148 -0.185778 -0.00963437 0.01 98 98 0 0 0
10166 -0.145664 -0.00840479 0.01 72 72 0 0 0
10170 -0.132133 -0.00898188 0.01 72 72 0 0 0
10181 -0.185778 -0.00963437 0.01 98 98 0 0 0
10228 -0.185778 -0.00963437 0.01 98 97 0 0 0
10232 -0.154587 -0.008873 0.01 56 56 0 0 0
10238 -0.154587 -0.008873 0.01 56 57 0 0 0
10241 -0.149932 -0.00887063 0.01 72 72 0 0 0
10248 -0.195751 -0.00940809 0.01 98 98 0 0 0
10277 -0.162203 -0.008873 0.01 54 55 0 0 0
10279 -0.152381 -0.00937236 0.01 56 56 0 0 0
10306 -0.169982 -0.00863927 0.01 56 56 0 0 0
10307 -0.154587 -0.00937236 0.01 56 56 0 0 0
10314 -0.185778 -0.00963437 0.01 98 98 0 0 0
10315 -0.170083 -0.00920732 0.01 72 72 0 0 0
10333 -0.157594 -0.00896856 0.01 72 72 0 0 0
10376 -0.138779 -0.00918714 0.01 72 72 0.000171095 0 7.48048e-05
10393 -0.167651 -0.00859817 0.01 72 72 0 0 0
10401 -0.185778 -0.00963437 0.01 98 98 0 0 0
10403 -0.185778 -0.00928214 0.01 99 99 0 0 0
10406 -0.187074 -0.00928214 0.01 100 100 0 0 0
10415 -0.154283 -0.00893218 0.01 55 55 0 0 0
10434 -0.185398 -0.00833464 0.01 72 72 0 0 0
10448 -0.154587 -0.00883177 0.01 56 56 0 0 0
10451 -0.165459 -0.00915209 0.01 72 73 0 0 0
10468 -0.155737 -0.00923593 0.01 72 72 0 0 0
10487 -0.169112 -0.00916917 0.01 72 72 0 0 0
10511 -0.185778 -0.0095194 0.01 98 98 0 0 0
10518 -0.161461 -0.00923593 0.01 72 72 0 0 0
10535 -0.145664 -0.00840479 0.01 72 72 0 0 0
10557 -0.154587 -0.00937236 0.01 56 56 0 0 0
10573 -0.189162 -0.00897381 0.01 72 72 0 0 0
10589 -0.15474 -0.00951403 0.01 72 72 0 0 0
10597 -0.154587 -0.008873 0.01 56 56 0 0 0
10602 -0.15116 -0.00953424 0.01 72 72 0 0 0
10630 -0.157594 -0.00896856 0.01 72 72 0 0 0
10641 -0.154587 -0.00937236 0.01 56 56 0 0 0
10661 -0.185778 -0.00928214 0.01 99 99 0 0 0
10687 -0.154587 -0.00937236 0.01 56 56 0 0 0
10708 -0.185778 -0.00928214 0.01 99 99 0 0 0
10738 -0.185778 -0.00963437 0.01 98 97 0 0 0
10751 -0.154587 -0.008873 0.01 56 56 0 0 0
10756 -0.134422 -0.00838456 0.01 72 72 0 0 0
10773 -0.154587 -0.008873 0.01 54 55 0 0 0
10784 -0.13723 -0.00911717 0.01 72 72 0.0016675 -0.00395916 0
10797 -0.167651 -0.00859817 0.01 72 72 0 0 0
10856 -0.154587 -0.008873 0.01 55 57 0 0 0
10859 -0.154587 -0.00937236 0.01 56 56 0 0 0
10875 -0.154587 -0.008873 0.01 56 56 0 0 0
10876 -0.154587 -0.008873 0.01 56 56 0 0 0
10882 -0.185778 -0.00928214 0.01 99 99 0 0 0
10894 -0.168888 -0.00945164 0.01 72 72 0 0 0
10895 -0.154587 -0.008873 0.01 56 56 0 0 0
10913 -0.17983 -0.00944709 0.01 72 72 0 0 0
10927 -0.159188 -0.00893154 0.01 72 72 0 0 0
10941 -0.1549 -0.0085457 0.01 72 73 0 0 0
10944 -0.185778 -0.00931245 0.01 99 99 0 0 0
10954 -0.190431 -0.00928214 0.01 99 99 0 0 0
10964 -0.154587 -0.00893218 0.01 56 57 0 0 0
10965 -0.185778 -0.00927025 0.01 100 100 0 0 0
10975 -0.154587 -0.008873 0.01 55 55 0 0 0
10980 -0.145664 -0.00840479 0.01 72 72 0 0 0
10986 -0.196993 -0.00963437 0.01 98 98 0 0 0
11021 -0.15116 -0.00953424 0.01 72 72 0 0 0
11030 -0.157098 -0.0091748 0.01 72 72 0 0 0
11034 -0.154587 -0.008873 0.01 56 57 0 0 0
11037 -0.160189 -0.00937236 0.01 56 56 3.12626e-05 -0.0056012 0
11048 -0.152381 -0.00937236 0.01 56 56 0 0 0
11056 -0.154587 -0.00937236 0.01 56 56 0 0 0
11063 -0.154587 -0.00937236 0.01 56 56 0 0 0
11071 -0.1549 -0.00848215 0.01 72 72 0 0 0
11075 -0.15116 -0.00953424 0.01 72 72 0 0 0
11077 -0.154587 -0.008873 0.01 55 55 0 0 0
11084 -0.154587 -0.00937236 0.01 56 56 0 0 0
11089 -0.185778 -0.00928214 0.01 99 99 0 0 0
11098 -0.165459 -0.00915209 0.01 72 72 0 0 0
11108 -0.185778 -0.00963437 0.01 98 95 0 0 0
11117 -0.185778 -0.00927025 0.01 100 100 0 0 0
11123 -0.157882 -0.00851964 0.01 72 72 0 0 0
11135 -0.154587 -0.008873 0.01 55 55 0 0 0
11146 -0.154587 -0.008873 0.01 56 56 0 0 0
11151 -0.199039 -0.00928214 0.01 99 99 0.0835078 -0.0132606 0
11161 -0.1549 -0.00848215 0.01 72 72 0 0 0
11163 -0.154587 -0.00937236 0.01 56 56 0 0 0
11198 -0.154283 -0.00893218 0.01 55 55 0 0 0
11228 -0.154587 -0.008873 0.01 55 55 0 0 0
11248 -0.154587 -0.008873 0.01 56 56 0 0 0
11249 -0.187074 -0.0091642 0.01 100 100 0.0160848 0 0.000117932
11272 -0.138779 -0.00893021 0.01 72 72 0 0 0
11276 -0.148148 -0.00911186 0.01 72 72 0 0 0
11286 -0.185778 -0.00928214 0.01 100 100 0 0 0
11288 -0.185778 -0.00963437 0.01 98 98 0 0 0
11289 -0.126298 -0.00903698 0.01 72 73 0 0 0
11299 -0.185778 -0.00928214 0.01 98 99 0 0 0
11304 -0.185778 -0.00928214 0.01 99 99 0 0 0
11340 -0.188982 -0.00940809 0.01 98 98 0 0 0
11351 -0.148148 -0.00911186 0.01 72 72 0 0 0
11376 -0.185778 -0.00963437 0.01 98 98 0 0 0
11378 -0.159188 -0.00848883 0.01 72 72 0 0 0
11395 -0.15116 -0.00953424 0.01 72 72 0 0 0
11407 -0.168888 -0.00945164 0.01 72 73 0 0 0
11412 -0.168022 -0.008873 0.01 56 56 0 0 0
11426 -0.172841 -0.00934716 0.01 72 72 0 0 0
11449 -0.154587 -0.008873 0.01 55 56 0 0 0
11450 -0.18455 -0.0091437 0.01 72 72 0 0 0
11466 -0.148148 -0.00911186 0.01 72 72 0 0 0
11468 -0.154587 -0.00885133 0.01 56 56 -1.04308e-06 0 8.08472e-05
11470 -0.148148 -0.00911186 0.01 72 72 0 0 0
11472 -0.168075 -0.00923052 0.01 72 72 0 0 0
11502 -0.154283 -0.00893218 0.01 55 55 0 0 0
11517 -0.181631 -0.00898543 0.01 72 72 0 0 0
11570 -0.168075 -0.00882465 0.01 72 72 -3.35872e-05 0 -4.5876e-05
11600 -0.154587 -0.00937236 0.01 56 56 0 0 0
11610 -0.185778 -0.00928214 0.01 99 99 0 0 0
11615 -0.140234 -0.00911186 0.01 72 72 -0.00244755 0.00791359 0
11645 -0.178599 -0.00923052 0.01 72 72 0 0 0
11648 -0.185778 -0.0095194 0.01 98 98 0 0 0
11671 -0.147987 -0.00937236 0.01 56 56 0 0 0
11674 -0.187074 -0.00928214 0.01 99 99 0 0 0
11687 -0.138779 -0.00926195 0.01 72 72 0 0 0
11693 -0.157892 -0.00952979 0.01 72 72 0 0 0
11699 -0.133271 -0.00911717 0.01 72 72 0 0 0
11703 -0.185778 -0.00963437 0.01 98 98 0 0 0
11725 -0.168075 -0.00914002 0.01 72 72 0 0 0
11734 -0.158788 -0.00952979 0.01 72 71 0.00255466 -0.0125279 0
11744 -0.148148 -0.00911186 0.01 72 71 0 0 0
11746 -0.154587 -0.00937236 0.01 56 56 0 0 0
11775 -0.132478 -0.0090466 0.01 72 72 0 0 0
11781 -0.154587 -0.008873 0.01 56 56 0 0 0
11799 -0.154587 -0.0087521 0.01 55 56 0 0 0
11812 -0.185778 -0.00928214 0.01 99 99 0 0 0
11819 -0.185778 -0.00963437 0.01 98 98 0 0 0
11834 -0.154283 -0.00893218 0.01 54 55 0 0 0
11838 -0.154587 -0.00937236 0.01 56 56 0 0 0
11844 -0.15116 -0.00953424 0.01 72 72 0 0 0
11846 -0.154587 -0.00896792 0.01 56 56 0 0 0
11847 -0.185778 -0.00928214 0.01 99 99 0 0 0
11851 -0.161461 -0.00923593 0.01 72 72 0 0 0
11873 -0.156126 -0.00952979 0.01 72 72 0 0 0
11883 -0.154587 -0.008873 0.01 56 56 0 0 0
11885 -0.185778 -0.00927025 0.01 100 100 0 0 0
11891 -0.185778 -0.00928214 0.01 99 99 0 0 0
11897 -0.185778 -0.00931245 0.01 98 98 0 0 0
11898 -0.154587 -0.008873 0.01 55 55 0 0 0
11903 -0.185778 -0.00963437 0.01 98 98 0 0 0
11905 -0.168888 -0.00945164 0.01 72 71 0 0 0
11924 -0.185778 -0.00931245 0.01 98 98 0 0 0
11949 -0.17983 -0.0090166 0.01 72 72 0 0 0
12019 -0.206994 -0.00963437 0.01 98 98 0 0 0
12053 -0.152381 -0.00937236 0.01 56 56 0 0 0
12099 -0.195751 -0.00940809 0.01 98 98 0 0 0
12102 -0.189162 -0.00897381 0.01 72 72 0 0 0
12105 -0.148148 -0.00911186 0.01 72 72 0 0 0
12132 -0.154587 -0.008873 0.01 56 56 0 0 0
12141 -0.148148 -0.00911186 0.01 72 72 0 0 0
12145 -0.13152 -0.00884536 0.01 72 70 0 0 0
12150 -0.185778 -0.00927025 0.01 100 100 0 0 0
12174 -0.170083 -0.00920732 0.01 72 72 0 0 0
12175 -0.159188 -0.00893154 0.01 72 71 0 0 0
12177 -0.185778 -0.00928214 0.01 98 98 0 0 0
12189 -0.195751 -0.00905002 0.01 98 97 0 0 0
12194 -0.15383 -0.008873 0.01 56 56 0 0 0
12198 -0.148148 -0.00911186 0.01 72 72 0 0 0
12207 -0.154587 -0.008873 0.01 55 56 0 0 0
12218 -0.161461 -0.00923593 0.01 72 72 0 0 0
12232 -0.187074 -0.00928214 0.01 99 99 0 0 0
12253 -0.154587 -0.008873 0.01 56 57 0 0 0
12257 -0.154587 -0.008873 0.01 56 56 0 0 0
12288 -0.185778 -0.00963437 0.01 98 98 0 0 0
12329 -0.154587 -0.008873 0.01 56 56 0 0 0
12347 -0.154587 -0.008873 0.01 56 56 0 0 0
12391 -0.185778 -0.00928214 0.01 100 100 0 0 0
12447 -0.154587 -0.00875772 0.01 55 55 0 0 0
12454 -0.185778 -0.00931245 0.01 99 99 0 0 0
12457 -0.168075 -0.00914002 0.01 72 72 0 0 0
12458 -0.206994 -0.00963437 0.01 98 98 0.0516526 -0.00916569 0
12465 -0.190431 -0.00928214 0.01 99 99 0 0 0
12475 -0.190431 -0.00928214 0.01 99 99 0 0 0
12519 -0.154587 -0.00957192 0.01 56 56 0 0 0
12532 -0.145664 -0.00840479 0.01 72 72 0 0 0
12536 -0.154587 -0.008873 0.01 56 57 0 0 0
12549 -0.168075 -0.00923052 0.01 72 72 0 0 0
12552 -0.160189 -0.00937236 0.01 56 56 0 0 0
12565 -0.185778 -0.00963437 0.01 98 98 0 0 0
12570 -0.152661 -0.00923593 0.01 72 72 0 0 0
12577 -0.154587 -0.00927406 0.01 56 56 0 0 0
12579 -0.149932 -0.00887063 0.01 72 72 0 0 0
12609 -0.168022 -0.008873 0.01 56 58 0 0 0
12611 -0.185778 -0.00963437 0.01 98 98 0 0 0
12630 -0.196993 -0.00963437 0.01 98 98 0 0 0
12647 -0.183061 -0.0094641 0.01 72 72 0 0 0
12649 -0.15116 -0.00953424 0.01 72 74 0 0 0
12652 -0.181631 -0.00898543 0.01 72 72 0 0 0
12653 -0.185778 -0.00963437 0.01 98 98 0 0 0
12679 -0.154587 -0.008873 0.01 55 55 0 0 0
12685 -0.185778 -0.00931245 0.01 98 98 0 0 0
12688 -0.148148 -0.00911186 0.01 72 72 0 0 0
12690 -0.154283 -0.00898782 0.01 54 55 7.30157e-07 0 -5.56456e-05
12716 -0.185778 -0.00963437 0.01 98 98 0 0 0
12719 -0.185778 -0.00928214 0.01 99 99 0 0 0
12722 -0.185778 -0.00948913 0.01 98 98 0 0 0
12725 -0.185778 -0.00928214 0.01 99 99 0 0 0
12726 -0.148148 -0.00911186 0.01 72 72 0 0 0
12736 -0.17983 -0.0091437 0.01 72 72 0 0 0
12757 -0.164428 -0.00931659 0.01 72 72 0 0 0
12765 -0.185778 -0.00911515 0.01 99 99 0 0 0
12807 -0.190678 -0.00963085 0.01 99 99 0.000451744 0 3.52133e-06
12814 -0.152381 -0.00937236 0.01 56 56 0 0 0
12817 -0.154587 -0.008873 0.01 56 56 0 0 0
12819 -0.185778 -0.00963437 0.01 98 98 0 0 0
12834 -0.185398 -0.00833464 0.01 72 73 0 0 0
12851 -0.185778 -0.00963437 0.01 98 98 0 0 0
12857 -0.185778 -0.00963437 0.01 98 98 0 0 0
12861 -0.168075 -0.00923052 0.01 72 72 0 0 0
12879 -0.18455 -0.0091437 0.01 72 72 0 0 0
12889 -0.154587 -0.008873 0.01 55 55 0 0 0
12892 -0.154587 -0.008873 0.01 56 56 0 0 0
12918 -0.154587 -0.008873 0.01 55 55 0 0 0
12933 -0.161585 -0.00906361 0.01 72 72 0 0 0
12940 -0.189991 -0.00971845 0.01 98 98 -0.0100381 0 -8.40742e-05
12989 -0.17983 -0.00923333 0.01 72 72 0 0 0
13018 -0.159188 -0.00848883 0.01 72 72 0 0 0
13036 -0.154587 -0.008873 0.01 54 54 0 0 0
13043 -0.113484 -0.00951268 0.01 72 72 0 0 0
13053 -0.185778 -0.00928214 0.01 99 99 0 0 0
13061 -0.138779 -0.00893021 0.01 72 72 0 0 0
13071 -0.17983 -0.0091437 0.01 72 71 0 0 0
13074 -0.1549 -0.00848215 0.01 72 72 0 0 0
13082 -0.185778 -0.00963437 0.01 98 98 0 0 0
13095 -0.154587 -0.00937236 0.01 56 56 0 0 0
13103 -0.185421 -0.00933399 0.01 72 72 0 0 0
13114 -0.168075 -0.00914002 0.01 72 72 0 0 0
13119 -0.183061 -0.0094641 0.01 72 72 0 0 0
13131 -0.154587 -0.00908865 0.01 56 56 0 0 0
13135 -0.185778 -0.00928214 0.01 100 100 0 0 0
13144 -0.188025 -0.00928851 0.01 99 99 0.0146605 -0.00224748 0
13155 -0.154587 -0.008873 0.01 56 56 0 0 0
13161 -0.190678 -0.00963437 0.01 98 98 0 0 0
13165 -0.196993 -0.00963437 0.01 98 98 0 0 0
13175 -0.154587 -0.00957192 0.01 56 56 0 0 0
13179 -0.187074 -0.00928214 0.01 100 100 0 0 0
13201 -0.185778 -0.00963437 0.01 98 98 0 0 0
13251 -0.149932 -0.00887063 0.01 72 72 0 0 0
13260 -0.187074 -0.00928214 0.01 99 99 0 0 0
13267 -0.185778 -0.00928214 0.01 100 99 0 0 0
13293 -0.154587 -0.008873 0.01 56 57 0 0 0
13309 -0.154587 -0.008873 0.01 55 55 0 0 0
13312 -0.188982 -0.00940809 0.01 98 98 0 0 0
13332 -0.185778 -0.00963437 0.01 98 98 0 0 0
13337 -0.185778 -0.00963437 0.01 98 98 0 0 0
13345 -0.154587 -0.008873 0.01 56 56 0 0 0
13373 -0.1549 -0.0085457 0.01 72 72 0 0 0
13385 -0.157892 -0.00952979 0.01 72 72 0 0 0
13390 -0.185778 -0.00928214 0.01 99 99 0 0 0
13404 -0.154587 -0.008873 0.01 55 55 0 0 0
13405 -0.147987 -0.00937236 0.01 56 56 0 0 0
13412 -0.154587 -0.008873 0.01 55 55 0 0 0
13429 -0.145664 -0.00840479 0.01 72 72 0 0 0
13450 -0.156126 -0.00952979 0.01 72 72 0 0 0
13453 -0.185778 -0.00963437 0.01 98 98 0 0 0
13477 -0.185778 -0.00928214 0.01 99 99 0 0 0
13482 -0.168888 -0.00945164 0.01 72 72 0 0 0
13489 -0.187074 -0.00928214 0.01 100 100 0 0 0
13524 -0.154587 -0.00893218 0.01 56 57 0 0 0
13535 -0.185778 -0.00928214 0.01 100 100 0 0 0
13537 -0.15116 -0.00953424 0.01 72 72 0 0 0
13559 -0.168888 -0.00945164 0.01 72 72 0 0 0
13571 -0.154587 -0.008873 0.01 56 55 0 0 0
13594 -0.154587 -0.008873 0.01 56 56 0 0 0
13595 -0.170083 -0.00907743 0.01 72 72 0 0 0
13623 -0.154587 -0.008873 0.01 56 56 0 0 0
13632 -0.163902 -0.00850983 0.01 72 72 0 0 0
13633 -0.185778 -0.0094255 0.01 98 98 0 0 0
13658 -0.168075 -0.00923052 0.01 72 72 0 0 0
13663 -0.15116 -0.00953424 0.01 72 72 0 0 0
13677 -0.1549 -0.00848215 0.01 72 72 0 0 0
13693 -0.15116 -0.00953424 0.01 72 72 0 0 0
13713 -0.185778 -0.00928214 0.01 99 99 0 0 0
13718 -0.154587 -0.008873 0.01 56 56 0 0 0
13768 -0.138779 -0.00893021 0.01 72 72 0 0 0
13774 -0.138779 -0.00893021 0.01 72 72 0 0 0
13784 -0.185778 -0.00928214 0.01 100 100 0 0 0
13791 -0.152381 -0.00937236 0.01 56 56 0 0 0
13799 -0.17983 -0.00944709 0.01 72 72 0 0 0
13805 -0.185778 -0.0095194 0.01 98 98 0 0 0
13806 -0.185778 -0.00928214 0.01 99 99 0 0 0
13814 -0.179959 -0.00931245 0.01 98 98 0 0 0
13817 -0.185778 -0.0094255 0.01 98 98 0 0 0
13828 -0.190431 -0.00928214 0.01 99 99 0 0 0
13836 -0.163902 -0.00850983 0.01 72 72 0 0 0
13848 -0.15116 -0.00953424 0.01 72 72 0 0 0
13854 -0.185778 -0.00928214 0.01 99 99 0 0 0
13860 -0.180142 -0.00896856 0.01 72 72 0 0 0
13865 -0.17983 -0.0091437 0.01 72 72 0 0 0
13873 -0.154587 -0.00893218 0.01 55 55 0 0 0
13876 -0.195751 -0.00943965 0.01 98 98 0 0 0
13881 -0.168075 -0.00929889 0.01 72 72 0 0 0
13909 -0.154587 -0.008873 0.01 56 56 0 0 0
13918 -0.159884 -0.0091723 0.01 72 72 0 0 0
13924 -0.185778 -0.00931245 0.01 98 98 0 0 0
13960 -0.15116 -0.00944241 0.01 72 72 0.000143841 0 9.18265e-05
13975 -0.133271 -0.00911717 0.01 72 72 0 0 0
13985 -0.185778 -0.00928214 0.01 99 99 0 0 0
14006 -0.161461 -0.00923593 0.01 72 72 0 0 0
14047 -0.15383 -0.008873 0.01 56 56 0 0 0
14051 -0.168075 -0.00923052 0.01 72 72 0 0 0
14071 -0.154587 -0.008873 0.01 56 57 0 0 0
14076 -0.154587 -0.008873 0.01 55 55 0 0 0
14083 -0.154587 -0.00874832 0.01 56 56 0 0 0
14090 -0.151214 -0.00865929 0.01 72 72 0 0 0
14108 -0.185778 -0.00935712 0.01 99 99 -0.0057179 0 -4.46672e-05
14139 -0.154587 -0.008873 0.01 56 57 0 0 0
14145 -0.154587 -0.008873 0.01 54 54 0 0 0
14152 -0.15116 -0.00953424 0.01 72 72 0 0 0
14165 -0.154587 -0.008873 0.01 56 56 0 0 0
14178 -0.18455 -0.0091437 0.01 72 72 0 0 0
14185 -0.190431 -0.00928214 0.01 99 99 0 0 0
14192 -0.15116 -0.00953424 0.01 72 72 0 0 0
14194 -0.205544 -0.00963437 0.01 98 97 0 0 0
14203 -0.154587 -0.00957192 0.01 56 56 0 0 0
14210 -0.185778 -0.00951083 0.01 99 99 0 0 0
14228 -0.154587 -0.00885133 0.01 56 56 0 0 0
14232 -0.159188 -0.00848883 0.01 72 72 0 0 0
14237 -0.185778 -0.00928214 0.01 100 100 0 0 0
14239 -0.154587 -0.008873 0.01 56 56 0 0 0
14255 -0.148271 -0.00924609 0.01 72 71 0 0 0
14262 -0.187074 -0.00928214 0.01 99 99 0 0 0
14270 -0.168075 -0.00914002 0.01 72 72 0 0 0
14282 -0.154587 -0.0087521 0.01 56 56 0 0 0
14287 -0.154587 -0.00927406 0.01 56 56 0 0 0
14299 -0.154587 -0.00875772 0.01 55 55 0 0 0
14312 -0.187074 -0.00928214 0.01 99 99 0 0 0
14315 -0.154587 -0.008873 0.01 56 56 0 0 0
14320 -0.154587 -0.00937236 0.01 56 56 0 0 0
14340 -0.154587 -0.00874832 0.01 55 56 -1.60933e-06 0 0.000124678
14366 -0.220817 -0.00940809 0.01 98 97 0 0 0
14386 -0.173461 -0.00945164 0.01 72 72 0.000575364 -0.00457337 0
14421 -0.172841 -0.00934716 0.01 72 73 0 0 0
14425 -0.169982 -0.00863927 0.01 56 56 0 0 0
14436 -0.168888 -0.00945164 0.01 72 72 0 0 0
14439 -0.189162 -0.00950794 0.01 72 72 -0.000197947 0 -0.000534131
14443 -0.154587 -0.00934069 0.01 56 56 -2.86102e-06 0 0.000231229
14483 -0.147987 -0.00937236 0.01 56 56 0 0 0
14532 -0.17272 -0.00933399 0.01 72 72 0 0 0
14557 -0.15116 -0.00953424 0.01 72 72 0 0 0
14561 -0.185778 -0.00931245 0.01 98 98 0 0 0
14569 -0.106021 -0.00951268 0.01 72 72 -0.00761959 0.00746311 0
14577 -0.119374 -0.00898188 0.01 72 72 0 0 0
14583 -0.185778 -0.00951083 0.01 98 97 0 0 0
14587 -0.168888 -0.00945164 0.01 72 72 0 0 0
14598 -0.168075 -0.00914002 0.01 72 72 0 0 0
14600 -0.185778 -0.00928214 0.01 100 100 0 0 0
14609 -0.154587 -0.008873 0.01 55 55 0 0 0
14621 -0.154587 -0.008873 0.01 56 56 0 0 0
14623 -0.185778 -0.00963437 0.01 98 98 0 0 0
14624 -0.187074 -0.00928214 0.01 99 99 0 0 0
14674 -0.185778 -0.00928214 0.01 99 99 0 0 0
14681 -0.185778 -0.00928214 0.01 100 100 0 0 0
14684 -0.154587 -0.008873 0.01 56 56 0 0 0
14692 -0.154587 -0.00893218 0.01 56 56 0 0 0
14714 -0.148148 -0.00911186 0.01 72 72 0 0 0
14721 -0.168075 -0.00877877 0.01 72 72 0 0 0
14742 -0.187074 -0.00928214 0.01 99 99 0 0 0
14777 -0.185778 -0.00928214 0.01 99 99 0 0 0
14780 -0.138779 -0.00926195 0.01 72 72 0 0 0
14804 -0.169112 -0.00916917 0.01 72 72 0 0 0
14825 -0.154587 -0.008873 0.01 56 56 0 0 0
14829 -0.185778 -0.00962117 0.01 98 98 0.00159132 0 1.31996e-05
14830 -0.185778 -0.00947403 0.01 98 98 0.0192641 0 0.000160348
14844 -0.159884 -0.0091723 0.01 72 72 0 0 0
14863 -0.17983 -0.00921605 0.01 72 72 0 0 0
14877 -0.155737 -0.00923593 0.01 72 72 0 0 0
14880 -0.185778 -0.00935712 0.01 99 99 0 0 0
14889 -0.154587 -0.00937236 0.01 56 56 0 0 0
14893 -0.187074 -0.00928214 0.01 99 99 0 0 0
14901 -0.154587 -0.00934543 0.01 56 56 0 0 0
14908 -0.154587 -0.00937236 0.01 56 56 0 0 0
14922 -0.195751 -0.00940809 0.01 98 97 0 0 0
14927 -0.154587 -0.008873 0.01 56 56 0 0 0
14939 -0.154587 -0.008873 0.01 55 56 0 0 0
14953 -0.187074 -0.00928214 0.01 100 100 0 0 0
14960 -0.152381 -0.00937236 0.01 56 56 0 0 0
14961 -0.185778 -0.00931245 0.01 99 98 0 0 0
14971 -0.113484 -0.00951268 0.01 72 72 0 0 0
14991 -0.185778 -0.00931245 0.01 99 99 0 0 0
14996 -0.187074 -0.00928214 0.01 99 99 0 0 0
14999 -0.154587 -0.008873 0.01 55 55 0 0 0
15010 -0.149932 -0.00887063 0.01 72 72 0 0 0
15032 -0.154587 -0.008873 0.01 56 56 0 0 0
15068 -0.154587 -0.008873 0.01 56 56 0 0 0
15083 -0.185778 -0.00963437 0.01 98 98 0 0 0
15096 -0.154587 -0.008873 0.01 56 57 0 0 0
15127 -0.154587 -0.00893218 0.01 56 57 0 0 0
15130 -0.154587 -0.00937236 0.01 56 56 0 0 0
15143 -0.154587 -0.008873 0.01 56 57 0 0 0
15147 -0.154587 -0.008873 0.01 56 56 0 0 0
15149 -0.185778 -0.00928214 0.01 99 99 0 0 0
15160 -0.190431 -0.00928214 0.01 99 99 0 0 0
15163 -0.185778 -0.00928214 0.01 98 98 0 0 0
15164 -0.15116 -0.00938337 0.01 72 72 0 0 0
15167 -0.154587 -0.00927406 0.01 56 56 0 0 0
15173 -0.193786 -0.00916917 0.01 72 72 0.0020639 -0.0246735 0
15183 -0.154587 -0.00875772 0.01 55 55 0 0 0
15194 -0.185778 -0.00928214 0.01 100 100 0 0 0
15202 -0.190431 -0.00928214 0.01 99 99 0 0 0
15226 -0.154587 -0.00893218 0.01 56 56 0 0 0
15241 -0.185778 -0.00931245 0.01 99 99 0 0 0
15254 -0.17983 -0.0091437 0.01 72 72 0 0 0
15255 -0.185778 -0.00928214 0.01 99 99 0 0 0
15256 -0.154587 -0.008873 0.01 56 56 0 0 0
15262 -0.161657 -0.00893218 0.01 55 55 3.32966e-05 -0.00737429 0
15266 -0.126298 -0.00903698 0.01 72 72 0 0 0
15275 -0.185778 -0.00928214 0.01 100 100 0 0 0
15289 -0.185778 -0.00963437 0.01 98 98 0 0 0
15295 -0.154587 -0.00893218 0.01 56 56 0 0 0
15299 -0.154587 -0.008873 0.01 55 56 0 0 0
15326 -0.161461 -0.00923593 0.01 72 72 0 0 0
15334 -0.15116 -0.00953424 0.01 72 72 0 0 0
15337 -0.185778 -0.00928214 0.01 99 99 0 0 0
15340 -0.191344 -0.00928214 0.01 100 100 0.0379146 -0.00556658 0
15343 -0.154587 -0.00937236 0.01 56 56 0 0 0
15370 -0.154587 -0.00957192 0.01 56 57 0 0 0
15394 -0.17272 -0.00933399 0.01 72 72 0 0 0
15396 -0.194627 -0.00963437 0.01 98 97 0 0 0
15409 -0.154587 -0.008873 0.01 55 55 0 0 0
15413 -0.154587 -0.00937236 0.01 56 56 0 0 0
15424 -0.138779 -0.00893021 0.01 72 72 0 0 0
15430 -0.138779 -0.00893021 0.01 72 72 0 0 0
15444 -0.1549 -0.00848215 0.01 72 72 0 0 0
15451 -0.168075 -0.00923052 0.01 72 72 0 0 0
15453 -0.154587 -0.00937236 0.01 56 56 0 0 0
15455 -0.185778 -0.00928214 0.01 100 100 0 0 0
15462 -0.185778 -0.00928214 0.01 100 100 0 0 0
15498 -0.159188 -0.00848883 0.01 72 72 0 0 0
15509 -0.15474 -0.00951403 0.01 72 71 0 0 0
15513 -0.154587 -0.008873 0.01 55 55 0 0 0
15531 -0.148148 -0.00911186 0.01 72 72 0 0 0
15537 -0.160189 -0.00937236 0.01 55 56 0 0 0
15562 -0.185778 -0.0097022 0.01 98 98 -0.0502079 0 -0.000420067
15586 -0.154587 -0.00937236 0.01 56 56 0 0 0
15598 -0.185778 -0.00928214 0.01 100 100 0 0 0
15648 -0.133271 -0.00911717 0.01 72 72 0 0 0
15668 -0.168888 -0.00945164 0.01 72 72 0 0 0
15670 -0.153485 -0.00929679 0.01 72 71 0 0 0
15678 -0.187074 -0.00928214 0.01 99 99 0 0 0
15682 -0.154587 -0.008873 0.01 56 56 0 0 0
15707 -0.161371 -0.00944993 0.01 72 73 0 0 0
15728 -0.126298 -0.00903698 0.01 72 72 0 0 0
15755 -0.185778 -0.00951083 0.01 98 98 0 0 0
15771 -0.15116 -0.00953424 0.01 72 72 0 0 0
15787 -0.152679 -0.00951739 0.01 72 72 0 0 0
15803 -0.154587 -0.008873 0.01 55 55 0 0 0
15804 -0.160189 -0.00937236 0.01 54 56 0 0 0
15806 -0.154587 -0.008873 0.01 56 56 0 0 0
15811 -0.189162 -0.00897381 0.01 72 72 0 0 0
15822 -0.154587 -0.008873 0.01 56 56 0 0 0
15826 -0.187074 -0.00928214 0.01 100 100 0 0 0
15835 -0.185778 -0.00928214 0.01 100 100 0 0 0
15844 -0.148148 -0.00911186 0.01 72 72 0 0 0
15855 -0.154587 -0.00934543 0.01 56 56 5.99027e-06 0 -0.000472425
15890 -0.195751 -0.00940809 0.01 98 98 0 0 0
15894 -0.159188 -0.00848883 0.01 72 72 0 0 0
15904 -0.154587 -0.00913 0.01 56 58 0 0 0
15910 -0.154587 -0.00927406 0.01 56 56 0 0 0
15954 -0.15116 -0.00953424 0.01 72 72 0 0 0
15965 -0.154587 -0.008873 0.01 56 56 0 0 0
15968 -0.168075 -0.00923052 0.01 72 71 0 0 0
15975 -0.147239 -0.00881141 0.01 72 71 0 0 0
15990 -0.15116 -0.00953424 0.01 72 72 0 0 0
15994 -0.18162 -0.00928214 0.01 99 99 -0.0358097 0.00545402 0
15996 -0.152679 -0.00951739 0.01 72 72 0 0 0
15997 -0.154587 -0.008873 0.01 55 55 0 0 0
16001 -0.202789 -0.00963437 0.01 98 98 0 0 0
16019 -0.17983 -0.0091437 0.01 72 72 0 0 0
16065 -0.197938 -0.00934716 0.01 72 72 0 0 0
16083 -0.185778 -0.00963437 0.01 98 98 0 0 0
16086 -0.154587 -0.008873 0.01 56 56 0 0 0
16090 -0.185778 -0.00928214 0.01 99 99 0 0 0
16093 -0.185398 -0.00833464 0.01 72 72 0 0 0
16096 -0.154587 -0.00874832 0.01 55 55 0 0 0
16101 -0.170083 -0.00907743 0.01 72 72 0 0 0
16123 -0.148148 -0.00911186 0.01 72 72 0 0 0
16145 -0.187413 -0.00963437 0.01 98 98 0 0 0
16146 -0.160189 -0.00937236 0.01 55 55 0 0 0
16149 -0.195751 -0.00940809 0.01 98 98 0 0 0
16150 -0.1549 -0.00848215 0.01 72 72 0 0 0
16158 -0.154587 -0.00893218 0.01 56 58 0 0 0
16162 -0.185778 -0.00963437 0.01 98 98 0 0 0
16168 -0.154587 -0.00893218 0.01 56 56 0 0 0
16196 -0.185778 -0.00928214 0.01 98 98 0 0 0
16231 -0.175974 -0.00911878 0.01 72 72 0 0 0
16258 -0.187074 -0.00928214 0.01 99 99 0 0 0
16266 -0.185778 -0.00949817 0.01 99 98 0 0 0
16269 -0.148148 -0.00911186 0.01 72 72 0 0 0
16274 -0.15312 -0.0086731 0.01 72 72 0 0 0
16281 -0.138703 -0.00938834 0.01 72 72 0 0 0
16282 -0.15383 -0.008873 0.01 56 56 0 0 0
16285 -0.187074 -0.00928214 0.01 100 100 0 0 0
16308 -0.168075 -0.00923052 0.01 72 72 0 0 0
16323 -0.148271 -0.00924609 0.01 72 72 0 0 0
16325 -0.167651 -0.00859817 0.01 72 72 0 0 0
16330 -0.154587 -0.008873 0.01 56 56 0 0 0
16348 -0.15116 -0.00953424 0.01 72 72 0 0 0
16359 -0.185778 -0.00928214 0.01 99 99 0 0 0
16371 -0.15383 -0.008873 0.01 56 56 0 0 0
16383 -0.168075 -0.00914002 0.01 72 72 0 0 0
16399 -0.1549 -0.00848215 0.01 72 72 0 0 0
16404 -0.185778 -0.00963437 0.01 98 98 0 0 0
16407 -0.138779 -0.00926195 0.01 72 72 0 0 0
16415 -0.185778 -0.00963437 0.01 98 98 0 0 0
16419 -0.185778 -0.00928214 0.01 99 99 0 0 0
16454 -0.154587 -0.008873 0.01 56 56 0 0 0
16455 -0.185778 -0.0094255 0.01 98 98 0 0 0
16456 -0.185778 -0.00928214 0.01 98 99 0 0 0
16461 -0.17272 -0.00916917 0.01 72 73 0 0 0
16508 -0.113484 -0.00951268 0.01 72 72 0 0 0
16516 -0.154587 -0.008873 0.01 56 56 0 0 0
16517 -0.15474 -0.0091485 0.01 72 73 0 0 0
16520 -0.169982 -0.00863927 0.01 56 56 0 0 0
16548 -0.154283 -0.00893218 0.01 54 54 0 0 0
16559 -0.187074 -0.00928214 0.01 100 100 0 0 0
16562 -0.165459 -0.00915209 0.01 72 72 0 0 0
16575 -0.151338 -0.00951403 0.01 72 71 0 0 0
16599 -0.154587 -0.008873 0.01 56 56 0 0 0
16643 -0.196993 -0.00963437 0.01 98 98 0 0 0
16647 -0.185778 -0.00928214 0.01 99 99 0 0 0
16674 -0.154587 -0.008873 0.01 55 55 0 0 0
16686 -0.15116 -0.00953424 0.01 72 72 0 0 0
16693 -0.148148 -0.00911186 0.01 72 71 0 0 0
16699 -0.185778 -0.00963437 0.01 98 98 0 0 0
16713 -0.154587 -0.008873 0.01 56 56 0 0 0
16718 -0.188025 -0.00928851 0.01 99 99 0 0 0
16725 -0.154587 -0.008873 0.01 56 56 0 0 0
16729 -0.154587 -0.00937236 0.01 56 56 0 0 0
16753 -0.148148 -0.00911186 0.01 72 72 0 0 0
16757 -0.17983 -0.0091437 0.01 72 72 0 0 0
16761 -0.220817 -0.00940809 0.01 98 98 0 0 0
16769 -0.154587 -0.008873 0.01 56 56 0 0 0
16775 -0.159188 -0.00848883 0.01 72 72 0 0 0
16804 -0.154587 -0.00937236 0.01 56 56 0 0 0
16810 -0.15116 -0.00953424 0.01 72 72 0 0 0
16812 -0.15312 -0.0086731 0.01 72 72 0 0 0
16846 -0.154587 -0.00937236 0.01 72 71 0 0 0
16847 -0.185778 -0.00928214 0.01 100 100 0 0 0
16851 -0.145664 -0.00840479 0.01 72 72 0 0 0
16922 -0.157098 -0.0091748 0.01 72 72 0 0 0
16924 -0.148148 -0.00911186 0.01 72 72 0 0 0
16929 -0.195751 -0.00940809 0.01 98 98 0 0 0
16933 -0.161657 -0.00893218 0.01 55 55 0 0 0
16938 -0.154283 -0.00893218 0.01 55 55 0 0 0
16939 -0.154587 -0.00875772 0.01 55 55 0 0 0
16951 -0.154587 -0.00937236 0.01 56 56 0 0 0
16954 -0.17272 -0.00933399 0.01 72 72 0 0 0
16967 -0.185778 -0.00928214 0.01 99 99 0 0 0
16981 -0.154587 -0.008873 0.01 56 56 0 0 0
16982 -0.154587 -0.008873 0.01 56 56 0 0 0
16989 -0.154587 -0.008873 0.01 56 56 0 0 0
16991 -0.154587 -0.00893218 0.01 56 57 0 0 0
16999 -0.113484 -0.00951268 0.01 72 72 0 0 0
17003 -0.185778 -0.00928214 0.01 99 99 0 0 0
17014 -0.185778 -0.00963437 0.01 98 98 0 0 0
17024 -0.185778 -0.00928214 0.01 100 100 0 0 0
17043 -0.148148 -0.00911186 0.01 72 72 0 0 0
17056 -0.154587 -0.008873 0.01 56 56 0 0 0
17058 -0.154587 -0.00874832 0.01 55 55 0 0 0
17071 -0.154587 -0.00937236 0.01 56 56 0 0 0
17072 -0.190431 -0.00928214 0.01 99 99 0 0 0
17086 -0.187074 -0.00928214 0.01 100 100 0 0 0
17096 -0.154587 -0.0087521 0.01 56 56 0 0 0
17097 -0.196993 -0.00963437 0.01 98 98 0 0 0
17101 -0.185778 -0.00963437 0.01 98 98 0 0 0
17108 -0.154587 -0.008873 0.01 54 55 0 0 0
17124 -0.168075 -0.00923052 0.01 72 72 0 0 0
17129 -0.154587 -0.008873 0.01 56 57 0 0 0
17138 -0.154587 -0.00937236 0.01 72 72 0 0 0
17149 -0.185778 -0.00928214 0.01 99 99 0 0 0
17159 -0.182069 -0.00940809 0.01 98 98 0 0 0
17162 -0.165459 -0.00915209 0.01 72 72 0 0 0
17168 -0.190678 -0.00963437 0.01 99 99 0 0 0
17186 -0.154587 -0.00937236 0.01 56 56 0 0 0
17187 -0.185778 -0.00963437 0.01 98 98 0 0 0
17189 -0.15116 -0.00953424 0.01 72 72 0 0 0
17209 -0.152679 -0.00951739 0.01 72 72 0 0 0
17212 -0.185778 -0.00931245 0.01 99 99 0 0 0
17216 -0.187074 -0.00928214 0.01 99 99 0 0 0
17220 -0.159884 -0.0091723 0.01 72 72 0 0 0
17232 -0.170083 -0.00907743 0.01 72 72 0 0 0
17246 -0.154587 -0.00937236 0.01 56 56 0 0 0
17252 -0.187074 -0.00928214 0.01 99 99 0 0 0
17259 -0.154587 -0.00907931 0.01 55 55 2.6226e-06 0 -0.000206312
17285 -0.185778 -0.00931245 0.01 99 98 0 0 0
17286 -0.195751 -0.00940809 0.01 98 98 0 0 0
17302 -0.185778 -0.00963437 0.01 98 98 0 0 0
17319 -0.185778 -0.00928214 0.01 99 99 0 0 0
17327 -0.185778 -0.00928214 0.01 99 99 0 0 0
17329 -0.195751 -0.00943965 0.01 98 98 0 0 0
17341 -0.195751 -0.00940809 0.01 98 98 0 0 0
17356 -0.185778 -0.00945247 0.01 98 98 0 0 0
17357 -0.157882 -0.00851964 0.01 72 72 0 0 0
17367 -0.154587 -0.008873 0.01 56 57 0 0 0
17371 -0.154587 -0.00937236 0.01 56 56 0 0 0
17380 -0.159188 -0.00848883 0.01 72 72 0 0 0
17381 -0.15116 -0.00953424 0.01 72 72 0 0 0
17387 -0.168075 -0.00914002 0.01 72 72 0 0 0
17419 -0.185778 -0.00931245 0.01 99 99 0 0 0
17442 -0.154587 -0.009636 0.01 56 56 -2.98023e-08 0 2.59094e-06
17446 -0.160189 -0.00937236 0.01 56 56 0 0 0
17455 -0.15312 -0.0086731 0.01 72 72 0 0 0
17464 -0.157892 -0.00952979 0.01 72 72 0 0 0
17484 -0.188025 -0.00928851 0.01 99 99 0 0 0
17487 -0.160189 -0.00937236 0.01 56 56 0 0 0
17488 -0.190431 -0.00928214 0.01 99 99 0 0 0
17521 -0.179959 -0.00931245 0.01 98 98 0 0 0
17533 -0.154587 -0.008873 0.01 56 56 0 0 0
17540 -0.154587 -0.00875772 0.01 55 55 0 0 0
17543 -0.17983 -0.0090166 0.01 72 72 6.41942e-05 0 0.000127102
17548 -0.154283 -0.00893218 0.01 55 55 0 0 0
17558 -0.1549 -0.00848215 0.01 72 72 0 0 0
17563 -0.188025 -0.00928851 0.01 99 99 0 0 0
17567 -0.154587 -0.008873 0.01 56 56 0 0 0
17574 -0.185778 -0.00963437 0.01 98 98 0 0 0
17575 -0.195751 -0.00943965 0.01 98 98 0 0 0
17588 -0.154283 -0.00893218 0.01 56 56 0 0 0
17594 -0.154283 -0.00893218 0.01 55 55 0 0 0
17605 -0.154587 -0.00893218 0.01 56 56 0 0 0
17611 -0.185778 -0.00928214 0.01 100 100 0 0 0
17626 -0.185778 -0.00928214 0.01 100 100 0 0 0
17636 -0.187074 -0.00928214 0.01 99 99 0 0 0
17651 -0.168075 -0.00923052 0.01 72 72 0 0 0
