max_pf 101 min_pf 47
individual dGr dSr disp_rate patch_no b_patch_no mut_eff DdGr DdSr
9 -0.162882 -0.0081925 0.01 72 72 0 0 0
22 -0.111251 -0.0094281 0.01 49 49 0 0 0
25 -0.174496 -0.00822357 0.01 100 100 0 0 0
33 -0.111251 -0.0094281 0.01 49 49 0 0 0
47 -0.129899 -0.00976582 0.01 72 72 0 0 0
80 -0.16526 -0.00842503 0.01 100 99 0 0 0
83 -0.162882 -0.0081925 0.01 72 72 0 0 0
108 -0.174496 -0.00822357 0.01 100 100 0 0 0
141 -0.177689 -0.00782592 0.01 99 99 0 0 0
171 -0.159248 -0.00770574 0.01 72 73 0 0 0
198 -0.187784 -0.00792647 0.01 72 72 0 0 0
199 -0.137366 -0.00855892 0.01 72 72 0 0 0
210 -0.152375 -0.00957825 0.01 72 72 0 0 0
255 -0.111251 -0.00958355 0.01 49 50 0 0 0
266 -0.111251 -0.00958355 0.01 47 47 0 0 0
271 -0.111251 -0.00958355 0.01 49 49 0 0 0
283 -0.111251 -0.00972258 0.01 49 49 0 0 0
284 -0.174496 -0.00791041 0.01 100 100 0 0 0
347 -0.162882 -0.0081925 0.01 72 72 0 0 0
348 -0.111251 -0.00958355 0.01 49 49 0 0 0
353 -0.111251 -0.00958355 0.01 49 50 0 0 0
362 -0.161865 -0.00822357 0.01 99 99 0 0 0
374 -0.111251 -0.00958355 0.01 48 48 0 0 0
386 -0.111251 -0.00958355 0.01 49 49 0 0 0
388 -0.174496 -0.00822357 0.01 100 100 0 0 0
401 -0.140585 -0.00881552 0.01 72 72 0 0 0
402 -0.174496 -0.00791041 0.01 99 99 0 0 0
424 -0.173093 -0.00842503 0.01 99 99 0 0 0
438 -0.104747 -0.00811801 0.01 72 72 0 0 0
452 -0.150836 -0.00776062 0.01 72 72 0.000265226 -0.00141922 0
457 -0.135108 -0.00881552 0.01 72 72 0 0 0
468 -0.152947 -0.00779129 0.01 72 72 0 0 0
473 -0.161865 -0.00822357 0.01 99 99 0 0 0
527 -0.174496 -0.00822357 0.01 100 100 0 0 0
538 -0.174496 -0.00822357 0.01 100 100 0 0 0
547 -0.104271 -0.00997141 0.01 48 48 0 0 0
550 -0.111251 -0.00958355 0.01 49 49 0 0 0
566 -0.109088 -0.00958355 0.01 49 49 0 0 0
589 -0.104271 -0.00997141 0.01 49 48 0 0 0
596 -0.137366 -0.0089639 0.01 72 72 0 0 0
597 -0.16203 -0.00844129 0.01 99 98 0 0 0
605 -0.174496 -0.00822357 0.01 100 100 0 0 0
646 -0.111251 -0.00958355 0.01 49 49 0 0 0
664 -0.174496 -0.00822357 0.01 100 100 0 0 0
668 -0.111251 -0.00958355 0.01 48 49 0 0 0
684 -0.16526 -0.00842503 0.01 99 99 0 0 0
691 -0.111251 -0.00958355 0.01 48 48 0 0 0
742 -0.159248 -0.00770574 0.01 72 72 0 0 0
784 -0.179838 -0.00842503 0.01 100 100 0 0 0
795 -0.105303 -0.00958355 0.01 48 48 0 0 0
802 -0.174496 -0.00791041 0.01 100 100 0 0 0
805 -0.111251 -0.00958355 0.01 48 48 0 0 0
823 -0.158505 -0.00766249 0.01 72 72 0 0 0
839 -0.159248 -0.00770574 0.01 72 72 0 0 0
842 -0.111251 -0.00958355 0.01 49 49 0 0 0
852 -0.111251 -0.00958355 0.01 48 48 0 0 0
868 -0.180784 -0.00822357 0.01 100 100 0 0 0
870 -0.124042 -0.00865821 0.01 72 72 0 0 0
906 -0.111251 -0.00958355 0.01 49 49 0 0 0
922 -0.111251 -0.00958355 0.01 48 49 0 0 0
962 -0.111251 -0.00958355 0.01 49 49 0 0 0
970 -0.111251 -0.00958355 0.01 48 48 0 0 0
994 -0.197482 -0.00753725 0.01 72 72 0 0 0
1000 -0.111251 -0.00958355 0.01 49 49 0 0 0
1042 -0.161865 -0.00822357 0.01 99 99 0 0 0
1045 -0.111251 -0.00954301 0.01 49 49 0 0 0
1046 -0.160602 -0.00753999 0.01 72 72 -0.000149667 0.00125973 0
1056 -0.161865 -0.00822357 0.01 99 99 0 0 0
1065 -0.136591 -0.00853072 0.01 72 72 -0.000410855 0 -0.000196299
1067 -0.124042 -0.00865821 0.01 72 72 0 0 0
1073 -0.111251 -0.00958355 0.01 48 48 0 0 0
1088 -0.111251 -0.00958355 0.01 49 49 0 0 0
1093 -0.179838 -0.0087928 0.01 99 99 0 0 0
1099 -0.161865 -0.00822357 0.01 99 99 0 0 0
1113 -0.111251 -0.00958355 0.01 49 49 0 0 0
1127 -0.161855 -0.00884427 0.01 72 72 0 0 0
1140 -0.180784 -0.00822357 0.01 101 101 0 0 0
1189 -0.152076 -0.00886595 0.01 72 72 0 0 0
1191 -0.170424 -0.00833442 0.01 72 72 0 0 0
1210 -0.177689 -0.00782592 0.01 99 99 0 0 0
1213 -0.174496 -0.00791041 0.01 100 100 0 0 0
1217 -0.16526 -0.00842503 0.01 99 99 0 0 0
1227 -0.111251 -0.00958355 0.01 49 49 0 0 0
1241 -0.146193 -0.00833442 0.01 72 72 0 0 0
1248 -0.161855 -0.00897577 0.01 72 72 0 0 0
1256 -0.179838 -0.0087928 0.01 99 99 0 0 0
1259 -0.111251 -0.00958355 0.01 49 49 0 0 0
1271 -0.111251 -0.00958355 0.01 49 49 0 0 0
1276 -0.111251 -0.00958355 0.01 49 49 0 0 0
1307 -0.124042 -0.00865821 0.01 72 72 0 0 0
1320 -0.162995 -0.00904955 0.01 72 71 0 0 0
1321 -0.161865 -0.00785523 0.01 99 99 0 0 0
1351 -0.111251 -0.00958355 0.01 48 48 0 0 0
1353 -0.140974 -0.00748215 0.01 72 72 -0.00386956 0.02347 0
1355 -0.111251 -0.00958355 0.01 49 49 0 0 0
1364 -0.16111 -0.00767602 0.01 72 72 0 0 0
1367 -0.136591 -0.00860505 0.01 72 72 0 0 0
1372 -0.146193 -0.00833442 0.01 72 72 0 0 0
1408 -0.162882 -0.0081925 0.01 72 72 0 0 0
1410 -0.111251 -0.00958355 0.01 48 48 0 0 0
1446 -0.179838 -0.00842503 0.01 99 99 0 0 0
1449 -0.124042 -0.00865821 0.01 72 72 0 0 0
1455 -0.177681 -0.00763239 0.01 72 72 0 0 0
1482 -0.111251 -0.00958355 0.01 49 49 0 0 0
1494 -0.161865 -0.00822357 0.01 99 99 0 0 0
1511 -0.154154 -0.00759704 0.01 72 72 0 0 0
1527 -0.111251 -0.00958355 0.01 49 49 0 0 0
1535 -0.164444 -0.00748215 0.01 72 72 0 0 0
1541 -0.136591 -0.00860505 0.01 72 72 0 0 0
1558 -0.136591 -0.00833442 0.01 72 72 0 0 0
1606 -0.154154 -0.00759704 0.01 72 72 0 0 0
1613 -0.111251 -0.00958355 0.01 49 50 0 0 0
1646 -0.097927 -0.00958355 0.01 47 47 -6.66454e-05 0.0133237 0
1689 -0.111251 -0.00958355 0.01 49 49 0 0 0
1699 -0.136591 -0.00833442 0.01 72 72 0 0 0
1704 -0.174496 -0.00822357 0.01 100 100 0 0 0
1709 -0.111251 -0.00958355 0.01 49 49 0 0 0
1713 -0.136591 -0.00822153 0.01 72 72 0.000640675 0 0.000309701
1738 -0.143697 -0.00842656 0.01 72 71 -0.00147842 0.00755981 0
1799 -0.151607 -0.00768472 0.01 72 72 0 0 0
1815 -0.111251 -0.00950294 0.01 49 49 0 0 0
1833 -0.175864 -0.00766249 0.01 72 72 0 0 0
1840 -0.105659 -0.00958355 0.01 49 49 0 0 0
1850 -0.111251 -0.00958355 0.01 48 50 0 0 0
1855 -0.161865 -0.00820256 0.01 99 99 0 0 0
1883 -0.111251 -0.0094281 0.01 49 49 0 0 0
1889 -0.111251 -0.00954301 0.01 49 49 0 0 0
1905 -0.174496 -0.00822357 0.01 100 100 0 0 0
1912 -0.124042 -0.00865821 0.01 72 72 0 0 0
1921 -0.111251 -0.00958355 0.01 48 48 0 0 0
1941 -0.111251 -0.00958355 0.01 49 49 0 0 0
1948 -0.111251 -0.00958355 0.01 49 49 0 0 0
1968 -0.174496 -0.00823574 0.01 99 99 0 0 0
1991 -0.111251 -0.00958355 0.01 49 49 0 0 0
2000 -0.111251 -0.00958355 0.01 48 48 0 0 0
2011 -0.177689 -0.00782592 0.01 99 99 0 0 0
2054 -0.111251 -0.00958355 0.01 49 49 0 0 0
2057 -0.16095 -0.00768472 0.01 72 72 0 0 0
2062 -0.180784 -0.00822357 0.01 101 101 0 0 0
2083 -0.124042 -0.00865821 0.01 72 72 0 0 0
2119 -0.161865 -0.00822357 0.01 100 99 0 0 0
2135 -0.111251 -0.00958355 0.01 47 47 0 0 0
2142 -0.174496 -0.00821258 0.01 100 100 0 0 0
2156 -0.111251 -0.00958355 0.01 49 49 0 0 0
2166 -0.16526 -0.00842503 0.01 99 99 0 0 0
2171 -0.116274 -0.00813554 0.01 72 72 0 0 0
2192 -0.111251 -0.00958355 0.01 47 47 0 0 0
2205 -0.137366 -0.00855892 0.01 72 72 0 0 0
2213 -0.159217 -0.00777129 0.01 72 72 0 0 0
2216 -0.16526 -0.00842503 0.01 99 99 0 0 0
2224 -0.159248 -0.00770574 0.01 72 72 0 0 0
2241 -0.174496 -0.00822357 0.01 100 100 0 0 0
2258 -0.146362 -0.00835364 0.01 72 72 0 0 0
2267 -0.179838 -0.00842503 0.01 100 100 0 0 0
2276 -0.111251 -0.0094281 0.01 49 49 0 0 0
2324 -0.104747 -0.00811801 0.01 72 72 0 0 0
2332 -0.111251 -0.00972258 0.01 48 48 0 0 0
2343 -0.179838 -0.00832737 0.01 99 99 0.0115095 0 9.76622e-05
2385 -0.111251 -0.00954301 0.01 49 49 0 0 0
2398 -0.111251 -0.00958355 0.01 49 49 0 0 0
2404 -0.111251 -0.00923684 0.01 48 48 0 0 0
2409 -0.173093 -0.00842503 0.01 99 99 0 0 0
2415 -0.111251 -0.00958355 0.01 48 48 0 0 0
2439 -0.161704 -0.00767556 0.01 72 72 0 0 0
2498 -0.161865 -0.00822357 0.01 99 99 0 0 0
2501 -0.179838 -0.00842503 0.01 100 100 0 0 0
2513 -0.174496 -0.00822357 0.01 101 101 0 0 0
2521 -0.160412 -0.00822357 0.01 100 99 0 0 0
2526 -0.147877 -0.00746693 0.01 72 72 0 0 0
2543 -0.111251 -0.00958355 0.01 49 50 0 0 0
2564 -0.161865 -0.0082593 0.01 99 99 0 0 0
2574 -0.124042 -0.00865821 0.01 72 72 0 0 0
2586 -0.111251 -0.00958355 0.01 47 47 0 0 0
2597 -0.179838 -0.00832737 0.01 99 99 0 0 0
2615 -0.111251 -0.00958355 0.01 49 49 0 0 0
2617 -0.111251 -0.00958355 0.01 49 49 0 0 0
2623 -0.111251 -0.00958355 0.01 49 49 0 0 0
2627 -0.162882 -0.0081925 0.01 72 72 0 0 0
2630 -0.111251 -0.00958355 0.01 49 49 0 0 0
2636 -0.105303 -0.00958355 0.01 48 48 0 0 0
2651 -0.111251 -0.00958355 0.01 48 48 0 0 0
2661 -0.174496 -0.00822357 0.01 100 100 0 0 0
2665 -0.130341 -0.00871047 0.01 72 72 0 0 0
2688 -0.177689 -0.00782592 0.01 99 99 0 0 0
2704 -0.14973 -0.007963 0.01 72 72 0 0 0
2724 -0.111251 -0.00958355 0.01 49 50 0 0 0
2767 -0.140585 -0.00905549 0.01 72 72 0 0 0
2770 -0.116274 -0.00814125 0.01 72 71 0 0 0
2780 -0.151607 -0.00768472 0.01 72 72 0 0 0
2789 -0.180784 -0.00822357 0.01 101 101 0 0 0
2859 -0.123146 -0.00958355 0.01 49 49 5.87031e-05 -0.0118956 0
2899 -0.109088 -0.00958355 0.01 49 49 0 0 0
2922 -0.136591 -0.00833442 0.01 72 72 0 0 0
2954 -0.174496 -0.00822357 0.01 101 101 0 0 0
2995 -0.111251 -0.00929501 0.01 49 49 0 0 0
3035 -0.111251 -0.00958355 0.01 49 49 0 0 0
3050 -0.179838 -0.00842503 0.01 99 99 0 0 0
3087 -0.173093 -0.00842503 0.01 99 99 0 0 0
3101 -0.111251 -0.00968929 0.01 49 49 3.55393e-06 0 -0.000105743
3112 -0.111251 -0.00958355 0.01 47 47 0 0 0
3120 -0.111251 -0.00958355 0.01 49 49 0 0 0
3147 -0.137366 -0.0089639 0.01 72 72 0 0 0
3151 -0.111251 -0.00972258 0.01 49 49 0 0 0
3152 -0.111251 -0.00958355 0.01 48 48 0 0 0
3161 -0.161865 -0.00822357 0.01 99 99 0 0 0
3196 -0.111251 -0.00958355 0.01 49 49 0 0 0
3207 -0.152375 -0.00957825 0.01 72 72 0 0 0
3213 -0.111251 -0.00958355 0.01 48 48 0 0 0
3223 -0.111251 -0.00958355 0.01 48 48 0 0 0
3241 -0.16526 -0.00842503 0.01 99 99 0 0 0
3242 -0.178192 -0.00711249 0.01 72 72 0 0 0
3244 -0.161862 -0.00753999 0.01 72 72 0 0 0
3248 -0.179609 -0.00791041 0.01 100 100 0 0 0
3274 -0.160679 -0.00777129 0.01 72 72 0 0 0
3275 -0.161865 -0.00785523 0.01 99 99 0 0 0
3280 -0.161855 -0.00897577 0.01 72 72 0 0 0
3289 -0.111251 -0.00958355 0.01 49 49 0 0 0
3303 -0.151257 -0.00833843 0.01 72 73 0 0 0
3305 -0.124042 -0.00865821 0.01 72 72 0 0 0
3314 -0.174496 -0.00822357 0.01 100 100 0 0 0
3317 -0.174496 -0.00822357 0.01 101 101 0 0 0
3321 -0.16526 -0.00842503 0.01 99 99 0 0 0
3366 -0.178192 -0.00711249 0.01 72 72 0 0 0
3373 -0.111251 -0.00958355 0.01 48 48 0 0 0
3379 -0.111251 -0.00958355 0.01 49 48 0 0 0
3386 -0.111251 -0.00958355 0.01 48 48 0 0 0
3393 -0.179838 -0.00842503 0.01 100 100 0 0 0
3398 -0.161865 -0.00822357 0.01 99 99 0 0 0
3412 -0.111251 -0.00958355 0.01 48 48 0 0 0
3438 -0.174496 -0.00822357 0.01 99 99 0 0 0
3462 -0.111251 -0.00958355 0.01 48 48 0 0 0
3466 -0.174496 -0.00822357 0.01 100 100 0 0 0
3471 -0.161855 -0.00884427 0.01 72 72 0 0 0
3473 -0.137366 -0.0089639 0.01 72 72 0 0 0
3474 -0.156854 -0.00820088 0.01 72 72 0 0 0
3475 -0.111251 -0.00958355 0.01 47 47 0 0 0
3485 -0.173894 -0.00772995 0.01 72 73 0 0 0
3491 -0.111251 -0.00972258 0.01 49 49 0 0 0
3540 -0.111251 -0.00954301 0.01 49 49 0 0 0
3546 -0.179838 -0.00842503 0.01 101 101 0 0 0
3584 -0.159248 -0.00770574 0.01 72 72 0 0 0
3586 -0.173093 -0.00842503 0.01 99 99 0 0 0
3591 -0.161704 -0.00767556 0.01 72 72 0 0 0
3598 -0.174496 -0.00822357 0.01 100 100 0 0 0
3599 -0.111251 -0.00958355 0.01 47 48 0 0 0
3607 -0.116274 -0.00813554 0.01 72 72 0 0 0
3625 -0.162882 -0.0081925 0.01 72 72 0 0 0
3656 -0.104271 -0.00997141 0.01 47 48 0 0 0
3657 -0.177689 -0.00739808 0.01 99 99 0.0421405 0 0.000427841
3663 -0.109088 -0.00958355 0.01 49 49 0 0 0
3666 -0.111251 -0.00958355 0.01 49 49 0 0 0
3667 -0.111251 -0.00958355 0.01 49 49 0 0 0
3713 -0.179838 -0.00842503 0.01 101 101 0 0 0
3763 -0.161865 -0.00822357 0.01 99 99 0 0 0
3775 -0.111251 -0.00958355 0.01 48 48 0 0 0
3803 -0.109088 -0.00958355 0.01 49 49 0 0 0
3804 -0.111251 -0.00958355 0.01 49 49 0 0 0
3812 -0.161855 -0.00897577 0.01 72 72 0 0 0
3835 -0.158761 -0.00864689 0.01 72 72 0 0 0
3839 -0.174496 -0.00822357 0.01 101 101 0 0 0
3849 -0.111251 -0.00958355 0.01 49 49 0 0 0
3854 -0.111251 -0.00958355 0.01 49 49 0 0 0
3870 -0.170621 -0.00907267 0.01 72 72 0 0 0
3906 -0.161865 -0.00822357 0.01 99 99 0 0 0
3923 -0.111251 -0.0095443 0.01 48 48 0 0 0
3940 -0.161865 -0.00822357 0.01 99 98 0 0 0
3947 -0.159248 -0.00770574 0.01 72 72 0 0 0
3960 -0.155629 -0.00774486 0.01 72 72 0 0 0
3967 -0.124042 -0.00865821 0.01 72 72 0 0 0
3974 -0.177689 -0.00782592 0.01 99 99 0 0 0
4006 -0.161865 -0.00822357 0.01 99 99 0 0 0
4019 -0.151257 -0.00837922 0.01 72 73 0 0 0
4025 -0.177689 -0.00782592 0.01 99 99 0 0 0
4029 -0.14973 -0.007963 0.01 72 72 0 0 0
4038 -0.104271 -0.00997141 0.01 48 48 0 0 0
4052 -0.104271 -0.00997141 0.01 47 47 0 0 0
4057 -0.104271 -0.00997141 0.01 49 49 0 0 0
4060 -0.111251 -0.00958355 0.01 48 48 0 0 0
4089 -0.174496 -0.00823574 0.01 99 99 0 0 0
4090 -0.179838 -0.00842503 0.01 100 100 0 0 0
4092 -0.111251 -0.00958355 0.01 49 49 0 0 0
4164 -0.161865 -0.00822357 0.01 100 99 0 0 0
4175 -0.111251 -0.00972258 0.01 48 48 0 0 0
4182 -0.141446 -0.00865792 0.01 72 72 0 0 0
4198 -0.16526 -0.00824552 0.01 100 99 0 0 0
4229 -0.111251 -0.00935448 0.01 49 49 0 0 0
4246 -0.111251 -0.00958355 0.01 49 50 0 0 0
4259 -0.16526 -0.00842503 0.01 99 99 0 0 0
4266 -0.180784 -0.00822357 0.01 101 101 0 0 0
4285 -0.179838 -0.00842503 0.01 99 99 0 0 0
4286 -0.179559 -0.00842503 0.01 99 99 0 0 0
4292 -0.124042 -0.00865821 0.01 72 72 0 0 0
4297 -0.197482 -0.00753725 0.01 72 72 0 0 0
4306 -0.121526 -0.00865821 0.01 72 72 0 0 0
4320 -0.111251 -0.00958355 0.01 48 48 0 0 0
4336 -0.161865 -0.00822357 0.01 99 99 0 0 0
4404 -0.111251 -0.00958355 0.01 49 49 0 0 0
4422 -0.123146 -0.00958355 0.01 49 49 0 0 0
4425 -0.130341 -0.00871047 0.01 72 72 0 0 0
4432 -0.156394 -0.007963 0.01 72 71 0 0 0
4439 -0.111251 -0.00958355 0.01 48 48 0 0 0
4451 -0.147877 -0.00746693 0.01 72 72 0 0 0
4454 -0.111251 -0.00958355 0.01 49 50 0 0 0
4463 -0.111251 -0.00972258 0.01 48 49 0 0 0
4535 -0.174496 -0.00822357 0.01 100 100 0 0 0
4546 -0.160679 -0.00777129 0.01 72 72 0 0 0
4582 -0.179838 -0.00842503 0.01 100 100 0 0 0
4583 -0.151257 -0.00851645 0.01 72 71 0 0 0
4592 -0.111251 -0.00958355 0.01 48 48 0 0 0
4604 -0.161865 -0.00822357 0.01 99 99 0 0 0
4621 -0.161865 -0.00822357 0.01 99 99 0 0 0
4631 -0.174496 -0.00822357 0.01 100 100 0 0 0
4655 -0.161865 -0.00822357 0.01 99 99 0 0 0
4662 -0.180784 -0.00822357 0.01 101 101 0 0 0
4675 -0.174496 -0.00822357 0.01 100 100 0 0 0
4687 -0.153815 -0.0073681 0.01 72 72 0.00114855 -0.00439838 0.000392525
4693 -0.161862 -0.00753999 0.01 72 72 0 0 0
4695 -0.16526 -0.00842503 0.01 100 99 0 0 0
4718 -0.179838 -0.00842503 0.01 100 100 0 0 0
4748 -0.136591 -0.00833442 0.01 72 72 0 0 0
4751 -0.160412 -0.00822357 0.01 99 99 0 0 0
4761 -0.111251 -0.00958355 0.01 48 48 0 0 0
4793 -0.111251 -0.00958355 0.01 49 49 0 0 0
4796 -0.179838 -0.00842503 0.01 100 100 0 0 0
4800 -0.111251 -0.0094172 0.01 49 51 0 0 0
4801 -0.161862 -0.00753999 0.01 72 72 0 0 0
4823 -0.174496 -0.00791041 0.01 100 100 0 0 0
4878 -0.16526 -0.00842503 0.01 99 99 0 0 0
4885 -0.16078 -0.00832494 0.01 72 72 0 0 0
4928 -0.178111 -0.00779396 0.01 72 72 0 0 0
4940 -0.161865 -0.00785523 0.01 99 99 0 0 0
4960 -0.161865 -0.00785523 0.01 99 99 0 0 0
4965 -0.104271 -0.00997141 0.01 48 48 0 0 0
5014 -0.174496 -0.00822357 0.01 101 101 0 0 0
5020 -0.188695 -0.00753725 0.01 72 72 0 0 0
5058 -0.174496 -0.00791041 0.01 100 100 0 0 0
5087 -0.179838 -0.00842503 0.01 99 99 0 0 0
5093 -0.116274 -0.00813554 0.01 72 71 0 0 0
5101 -0.105303 -0.00958355 0.01 48 48 0 0 0
5102 -0.12009 -0.00958355 0.01 48 48 3.62694e-05 -0.00883885 0
5103 -0.104359 -0.00952213 0.01 49 49 0 0 0
5127 -0.159248 -0.00759704 0.01 72 72 0 0 0
5145 -0.174496 -0.00823574 0.01 99 99 0 0 0
5183 -0.111251 -0.00958355 0.01 48 48 0 0 0
5192 -0.180784 -0.00822357 0.01 101 101 0 0 0
5193 -0.104271 -0.00997141 0.01 49 48 0 0 0
5195 -0.174496 -0.00822357 0.01 100 100 0 0 0
5210 -0.136591 -0.00860505 0.01 72 72 0 0 0
5226 -0.174496 -0.00822357 0.01 100 100 0 0 0
5243 -0.136591 -0.00853123 0.01 72 72 -0.000411913 0 -0.000196808
5276 -0.137366 -0.00855892 0.01 72 72 0 0 0
5278 -0.111251 -0.00958355 0.01 47 47 0 0 0
5289 -0.124042 -0.00865821 0.01 72 72 0 0 0
5292 -0.161862 -0.00739996 0.01 72 72 0 0 0
5299 -0.111251 -0.00954301 0.01 49 49 0 0 0
5301 -0.170424 -0.00833442 0.01 72 72 0 0 0
5302 -0.154154 -0.00774486 0.01 72 71 0 0 0
5320 -0.161865 -0.00822357 0.01 99 99 0 0 0
5336 -0.111251 -0.00958355 0.01 49 48 0 0 0
5337 -0.111251 -0.00958355 0.01 49 49 0 0 0
5340 -0.16526 -0.00842503 0.01 99 99 0 0 0
5361 -0.179838 -0.00842503 0.01 100 100 0 0 0
5380 -0.111251 -0.00958355 0.01 49 49 0 0 0
5404 -0.180784 -0.00800737 0.01 100 100 0 0 0
5413 -0.109088 -0.00958355 0.01 48 49 0 0 0
5449 -0.111251 -0.00958355 0.01 49 49 0 0 0
5486 -0.161865 -0.00822357 0.01 99 99 0 0 0
5488 -0.111251 -0.00958355 0.01 48 49 0 0 0
5500 -0.16526 -0.00824552 0.01 99 99 0 0 0
5506 -0.155629 -0.00774486 0.01 72 72 0 0 0
5514 -0.161704 -0.00767556 0.01 72 72 0 0 0
5515 -0.111251 -0.00958355 0.01 48 49 0 0 0
5538 -0.177689 -0.00782592 0.01 99 99 0 0 0
5545 -0.111251 -0.00958355 0.01 49 49 0 0 0
5567 -0.178192 -0.00711249 0.01 72 72 0 0 0
5576 -0.111251 -0.00958355 0.01 49 49 0 0 0
5590 -0.136591 -0.00833442 0.01 72 72 0 0 0
5617 -0.147877 -0.00746693 0.01 72 72 0 0 0
5664 -0.179838 -0.00842503 0.01 101 101 0 0 0
5691 -0.111251 -0.00958355 0.01 49 49 0 0 0
5710 -0.178192 -0.00711249 0.01 72 72 0 0 0
5720 -0.177689 -0.00800309 0.01 99 99 -0.0191752 0 -0.000177171
5742 -0.111251 -0.00958355 0.01 49 50 0 0 0
5758 -0.111251 -0.00958355 0.01 49 49 0 0 0
5760 -0.179838 -0.00842503 0.01 99 99 0 0 0
5771 -0.179838 -0.00842503 0.01 100 100 0 0 0
5775 -0.174496 -0.00822357 0.01 100 100 0 0 0
5785 -0.109088 -0.00958355 0.01 49 49 0 0 0
5803 -0.180784 -0.00800737 0.01 100 100 0 0 0
5814 -0.104747 -0.00811801 0.01 72 72 0 0 0
5835 -0.151564 -0.00838456 0.01 72 72 0 0 0
5847 -0.111251 -0.00958355 0.01 48 48 0 0 0
5855 -0.174496 -0.00822357 0.01 101 100 0 0 0
5952 -0.179838 -0.00842503 0.01 100 100 0 0 0
5955 -0.177689 -0.00782592 0.01 99 99 0 0 0
5974 -0.16526 -0.00842503 0.01 99 99 0 0 0
6005 -0.111251 -0.00958355 0.01 48 48 0 0 0
6043 -0.174496 -0.00827149 0.01 100 100 0 0 0
6075 -0.111251 -0.00958355 0.01 48 48 0 0 0
6087 -0.111251 -0.00958355 0.01 49 49 0 0 0
6095 -0.179838 -0.00842503 0.01 100 100 0 0 0
6097 -0.162882 -0.0081925 0.01 72 72 0 0 0
6138 -0.111251 -0.00958355 0.01 49 49 0 0 0
6145 -0.111251 -0.00958355 0.01 49 49 0 0 0
6154 -0.180784 -0.00822357 0.01 101 101 0 0 0
6179 -0.179838 -0.00842503 0.01 100 100 0 0 0
6226 -0.160679 -0.00777129 0.01 72 72 0 0 0
6284 -0.179838 -0.00842503 0.01 100 100 0 0 0
6303 -0.137366 -0.00855892 0.01 72 72 0 0 0
6337 -0.162882 -0.0081925 0.01 72 72 0 0 0
6346 -0.111251 -0.00972258 0.01 49 49 0 0 0
6365 -0.162882 -0.0081925 0.01 72 72 0 0 0
6366 -0.179838 -0.00842503 0.01 99 100 0 0 0
6393 -0.174496 -0.00822357 0.01 100 100 0 0 0
6422 -0.179559 -0.00842503 0.01 100 100 -0.00182825 0.000278473 0
6465 -0.161704 -0.00767556 0.01 72 72 0 0 0
6468 -0.174496 -0.00822357 0.01 99 100 0 0 0
6475 -0.111251 -0.00958355 0.01 48 48 0 0 0
6486 -0.124042 -0.00865821 0.01 72 72 0 0 0
6491 -0.180784 -0.00800737 0.01 100 100 0 0 0
6522 -0.179838 -0.0087928 0.01 99 99 0 0 0
6531 -0.116274 -0.00813554 0.01 72 72 0 0 0
6538 -0.109088 -0.00958355 0.01 49 49 0 0 0
6542 -0.174496 -0.00822357 0.01 100 100 0 0 0
6563 -0.111251 -0.00972258 0.01 49 49 0 0 0
6579 -0.16526 -0.00842503 0.01 99 99 0 0 0
6650 -0.111251 -0.00963037 0.01 48 48 0 0 0
6684 -0.156854 -0.00820088 0.01 72 72 0 0 0
6698 -0.124042 -0.00865821 0.01 72 72 0 0 0
6722 -0.158102 -0.00884427 0.01 72 72 0 0 0
6729 -0.179838 -0.00842503 0.01 100 100 0 0 0
6742 -0.151607 -0.00768472 0.01 72 72 0 0 0
6745 -0.179838 -0.00842503 0.01 100 100 0 0 0
6760 -0.174496 -0.00827149 0.01 100 100 0 0 0
6774 -0.124042 -0.00851825 0.01 72 72 0 0 0
6779 -0.179838 -0.00842503 0.01 101 100 0 0 0
6789 -0.111251 -0.00958355 0.01 49 49 0 0 0
6799 -0.147877 -0.00746693 0.01 72 72 0 0 0
6801 -0.111251 -0.00958355 0.01 48 48 0 0 0
6811 -0.174496 -0.00822357 0.01 100 100 0 0 0
6819 -0.174496 -0.00822357 0.01 100 100 0 0 0
6850 -0.111251 -0.00958355 0.01 48 48 0 0 0
6853 -0.111251 -0.00958355 0.01 48 48 0 0 0
6862 -0.105303 -0.00958355 0.01 48 48 0 0 0
6867 -0.111251 -0.00958355 0.01 48 48 0 0 0
6886 -0.109088 -0.00958355 0.01 49 49 0 0 0
6894 -0.161862 -0.00781386 0.01 72 72 0 0 0
6921 -0.140585 -0.00905549 0.01 72 71 0 0 0
6924 -0.174496 -0.00827149 0.01 100 100 0 0 0
6976 -0.161865 -0.00822357 0.01 99 99 0 0 0
6983 -0.109088 -0.00958355 0.01 49 49 0 0 0
7012 -0.111251 -0.00958355 0.01 49 49 0 0 0
7027 -0.111251 -0.00958355 0.01 48 48 0 0 0
7036 -0.111251 -0.00958355 0.01 49 49 0 0 0
7049 -0.161704 -0.00767556 0.01 72 72 0 0 0
7055 -0.111251 -0.00958355 0.01 48 48 0 0 0
7080 -0.174496 -0.00791041 0.01 99 100 0 0 0
7093 -0.111251 -0.00958355 0.01 49 49 0 0 0
7164 -0.111251 -0.0094172 0.01 48 50 0 0 0
7167 -0.111251 -0.00935448 0.01 49 49 0 0 0
7232 -0.177973 -0.00800737 0.01 100 100 -0.0170828 0.0028111 0
7247 -0.106099 -0.0094281 0.01 49 49 -3.63737e-05 0.00515193 0
7293 -0.104271 -0.00997141 0.01 48 48 0 0 0
7314 -0.136591 -0.00860505 0.01 72 72 0 0 0
7323 -0.179838 -0.0087928 0.01 99 99 0 0 0
7345 -0.111251 -0.00958355 0.01 48 48 0 0 0
7377 -0.174496 -0.00823574 0.01 100 99 0 0 0
7386 -0.111251 -0.00958355 0.01 49 49 0 0 0
7391 -0.159248 -0.00770574 0.01 72 72 0 0 0
7394 -0.111251 -0.00972258 0.01 48 49 0 0 0
7403 -0.104271 -0.00997141 0.01 48 48 0 0 0
7405 -0.179838 -0.0087928 0.01 99 99 0 0 0
7419 -0.174496 -0.00822357 0.01 101 101 0 0 0
7423 -0.116274 -0.00813554 0.01 72 72 0 0 0
7431 -0.151607 -0.00768472 0.01 72 72 0 0 0
7437 -0.111251 -0.00958355 0.01 48 48 0 0 0
7448 -0.149417 -0.00782509 0.01 72 72 0 0 0
7455 -0.111251 -0.00958355 0.01 49 49 0 0 0
7467 -0.111251 -0.00958355 0.01 48 48 0 0 0
7480 -0.162882 -0.0081925 0.01 72 72 0 0 0
7491 -0.177689 -0.00782592 0.01 99 99 0 0 0
7502 -0.111251 -0.00958355 0.01 49 49 0 0 0
7511 -0.137844 -0.00957825 0.01 72 72 -0.00483343 0.0145316 0
7516 -0.179838 -0.00842503 0.01 100 100 0 0 0
7522 -0.111251 -0.00958355 0.01 49 49 0 0 0
7535 -0.174496 -0.00823574 0.01 99 99 0 0 0
7567 -0.177689 -0.00782592 0.01 99 99 0 0 0
7578 -0.188695 -0.00753725 0.01 72 72 0 0 0
7625 -0.124042 -0.00865821 0.01 72 72 0 0 0
7645 -0.147877 -0.00746693 0.01 72 72 0 0 0
7649 -0.14973 -0.007963 0.01 72 72 0 0 0
7655 -0.174496 -0.00822357 0.01 100 100 0 0 0
7666 -0.177689 -0.00782592 0.01 99 99 0 0 0
7677 -0.111251 -0.00958355 0.01 48 48 0 0 0
7709 -0.111251 -0.00958355 0.01 48 48 0 0 0
7710 -0.179838 -0.00842503 0.01 99 99 0 0 0
7721 -0.177689 -0.00782592 0.01 99 99 0 0 0
7762 -0.180784 -0.00822357 0.01 101 101 0 0 0
7764 -0.179838 -0.00842503 0.01 100 100 0 0 0
7785 -0.174496 -0.00791041 0.01 100 100 0 0 0
7799 -0.111251 -0.00958355 0.01 48 48 0 0 0
7800 -0.162882 -0.0081925 0.01 72 72 0 0 0
7869 -0.16526 -0.00842503 0.01 99 99 0 0 0
7875 -0.174496 -0.00827087 0.01 101 101 0 0 0
7896 -0.111251 -0.00958355 0.01 48 48 0 0 0
7920 -0.124042 -0.00865821 0.01 72 72 0 0 0
7935 -0.174496 -0.00822357 0.01 100 100 0 0 0
7937 -0.111251 -0.00958355 0.01 48 48 0 0 0
7949 -0.180784 -0.00822357 0.01 101 101 0 0 0
7978 -0.187784 -0.00792647 0.01 72 72 0 0 0
7995 -0.159248 -0.00759704 0.01 72 72 0 0 0
8002 -0.177689 -0.00782592 0.01 99 99 0 0 0
8008 -0.179838 -0.00842503 0.01 99 99 0 0 0
8018 -0.174496 -0.00784336 0.01 101 101 0 0 0
8048 -0.111251 -0.00958355 0.01 49 49 0 0 0
8055 -0.111251 -0.00958355 0.01 48 48 0 0 0
8062 -0.111251 -0.00954301 0.01 49 49 0 0 0
8083 -0.130341 -0.00871047 0.01 72 72 0 0 0
8085 -0.146157 -0.0074842 0.01 72 71 0 0 0
8104 -0.111251 -0.00958355 0.01 49 49 0 0 0
8108 -0.177689 -0.00782592 0.01 99 99 0 0 0
8111 -0.174496 -0.00822357 0.01 100 100 0 0 0
8122 -0.174496 -0.00791041 0.01 99 99 0 0 0
8160 -0.179838 -0.0087928 0.01 99 99 0 0 0
8165 -0.161862 -0.00781386 0.01 72 72 0 0 0
8172 -0.111251 -0.00972258 0.01 49 49 0 0 0
8211 -0.156125 -0.00803579 0.01 72 72 0 0 0
8221 -0.124042 -0.00865821 0.01 72 71 0 0 0
8255 -0.174496 -0.00827087 0.01 101 101 0 0 0
8269 -0.16203 -0.00842503 0.01 99 98 0 0 0
8282 -0.174496 -0.00791041 0.01 99 99 0 0 0
8296 -0.174496 -0.00822357 0.01 101 101 0 0 0
8326 -0.179838 -0.00846007 0.01 99 100 0 0 0
8335 -0.161865 -0.00809663 0.01 99 99 0.0162822 0 0.000126941
8353 -0.174496 -0.00823574 0.01 99 99 0 0 0
8354 -0.174496 -0.00791041 0.01 100 100 0 0 0
8390 -0.174496 -0.00822357 0.01 100 100 0 0 0
8403 -0.177689 -0.00782592 0.01 99 99 0 0 0
8411 -0.111251 -0.00958355 0.01 48 48 0 0 0
8424 -0.161704 -0.00767556 0.01 72 72 0 0 0
8428 -0.179894 -0.00784336 0.01 101 101 0.0350806 -0.00539821 0
8440 -0.161862 -0.00739996 0.01 72 72 0 0 0
8446 -0.159248 -0.00770574 0.01 72 72 0 0 0
8457 -0.179838 -0.00842503 0.01 100 100 0 0 0
8464 -0.175864 -0.00766249 0.01 72 74 0 0 0
8499 -0.174496 -0.00839123 0.01 100 100 -0.0224048 0 -0.000167659
8535 -0.111251 -0.00972258 0.01 48 48 0 0 0
8542 -0.111251 -0.00954301 0.01 49 49 0 0 0
8556 -0.161855 -0.00884427 0.01 72 72 0 0 0
8585 -0.111251 -0.00958355 0.01 49 49 0 0 0
8607 -0.111251 -0.00972258 0.01 48 48 0 0 0
8608 -0.158505 -0.00766249 0.01 72 72 0 0 0
8616 -0.136591 -0.00860505 0.01 72 72 0 0 0
8623 -0.111251 -0.00991144 0.01 49 50 0 0 0
8628 -0.111251 -0.00917383 0.01 49 49 -1.45286e-05 0 0.000409713
8645 -0.104271 -0.00997141 0.01 49 50 0 0 0
8652 -0.178111 -0.00779396 0.01 72 72 0 0 0
8687 -0.111251 -0.00992373 0.01 49 49 0 0 0
8693 -0.104359 -0.00952213 0.01 48 51 0 0 0
8695 -0.174496 -0.00823574 0.01 99 99 0 0 0
8711 -0.174496 -0.00791041 0.01 100 100 0 0 0
8744 -0.174496 -0.00827789 0.01 100 100 -0.00721359 0 -5.43185e-05
8745 -0.180784 -0.00800737 0.01 101 100 0 0 0
8763 -0.174496 -0.00823574 0.01 99 99 0 0 0
8801 -0.160412 -0.00822357 0.01 99 99 0 0 0
8828 -0.111251 -0.00958355 0.01 48 48 0 0 0
8835 -0.160412 -0.00822357 0.01 99 99 0 0 0
8836 -0.161865 -0.00822357 0.01 99 99 0 0 0
8839 -0.161862 -0.00753999 0.01 72 72 0 0 0
8853 -0.111251 -0.00958355 0.01 48 49 0 0 0
8868 -0.111251 -0.00958355 0.01 49 49 0 0 0
8903 -0.174496 -0.00822357 0.01 100 100 0 0 0
8905 -0.111251 -0.00958355 0.01 49 49 0 0 0
8933 -0.175864 -0.00766249 0.01 72 73 0 0 0
8937 -0.161865 -0.00785523 0.01 99 99 0 0 0
8959 -0.174496 -0.00822357 0.01 101 101 0 0 0
8986 -0.111251 -0.00958355 0.01 49 49 0 0 0
8992 -0.111251 -0.00935448 0.01 49 49 0 0 0
8994 -0.151257 -0.00851645 0.01 72 72 0 0 0
8996 -0.197482 -0.00753725 0.01 72 72 0 0 0
9025 -0.111251 -0.00958355 0.01 49 49 0 0 0
9037 -0.170424 -0.00833442 0.01 72 72 0 0 0
9050 -0.141446 -0.00865792 0.01 72 72 0 0 0
9057 -0.111251 -0.00963037 0.01 48 48 1.36346e-06 0 -4.68194e-05
9059 -0.137366 -0.00855892 0.01 72 72 0 0 0
9068 -0.174496 -0.00822357 0.01 100 100 0 0 0
9070 -0.174496 -0.00822357 0.01 99 99 0 0 0
9074 -0.180784 -0.00822357 0.01 101 101 0 0 0
9079 -0.183667 -0.00822357 0.01 101 101 0.019239 -0.00288281 0
9081 -0.104271 -0.00997141 0.01 47 47 0 0 0
9087 -0.198166 -0.00753725 0.01 72 72 0 0 0
9107 -0.111251 -0.00972258 0.01 49 49 0 0 0
9109 -0.111251 -0.00958355 0.01 49 49 0 0 0
9121 -0.174496 -0.00791041 0.01 100 100 0 0 0
9137 -0.179609 -0.00791041 0.01 100 100 0.0312055 -0.00511329 0
9150 -0.111251 -0.0094172 0.01 49 50 0 0 0
9165 -0.105303 -0.00958355 0.01 48 48 0 0 0
9174 -0.179838 -0.00842503 0.01 100 100 0 0 0
9180 -0.174496 -0.00822357 0.01 100 100 0 0 0
9201 -0.111251 -0.00958355 0.01 48 48 0 0 0
9203 -0.116274 -0.00813554 0.01 72 72 0 0 0
9206 -0.177689 -0.00782592 0.01 99 99 0 0 0
9222 -0.124042 -0.00865821 0.01 72 72 0 0 0
9230 -0.179838 -0.00842503 0.01 100 100 0 0 0
9234 -0.174496 -0.00822357 0.01 100 100 0 0 0
9266 -0.177689 -0.00782592 0.01 99 99 0 0 0
9277 -0.150812 -0.00733104 0.01 72 72 0 0 0
9285 -0.198166 -0.00753725 0.01 72 72 0 0 0
9291 -0.174496 -0.00822357 0.01 100 100 0 0 0
9297 -0.16526 -0.00824552 0.01 99 99 0 0 0
9309 -0.177689 -0.00782592 0.01 99 99 0 0 0
9311 -0.174496 -0.00822357 0.01 100 100 0 0 0
9320 -0.16526 -0.00842503 0.01 99 99 0 0 0
9323 -0.164444 -0.00748215 0.01 72 72 0.000596851 -0.00519595 0
9324 -0.104271 -0.00997141 0.01 48 48 0 0 0
9345 -0.161855 -0.00884427 0.01 72 72 0 0 0
9399 -0.150812 -0.00733104 0.01 72 72 0 0 0
9404 -0.16526 -0.00842503 0.01 99 99 0 0 0
9414 -0.179838 -0.00842503 0.01 100 100 0 0 0
9417 -0.111251 -0.00958355 0.01 49 49 0 0 0
9421 -0.111251 -0.00958355 0.01 49 50 0 0 0
9431 -0.111251 -0.00958355 0.01 47 47 0 0 0
9469 -0.180784 -0.00822357 0.01 101 101 0 0 0
9474 -0.173093 -0.00842503 0.01 99 99 0 0 0
9526 -0.111251 -0.00958355 0.01 48 48 0 0 0
9542 -0.137366 -0.0089639 0.01 72 72 0 0 0
9546 -0.179838 -0.00842503 0.01 100 100 0 0 0
9590 -0.149417 -0.00781031 0.01 72 73 0 0 0
9611 -0.175864 -0.00766512 0.01 72 71 0 0 0
9620 -0.179838 -0.00842503 0.01 100 100 0 0 0
9632 -0.174496 -0.00791041 0.01 100 100 0 0 0
9657 -0.161865 -0.00822357 0.01 99 99 0 0 0
9658 -0.105303 -0.00958355 0.01 49 48 0 0 0
9680 -0.179838 -0.00842503 0.01 99 100 0 0 0
9702 -0.136591 -0.00860505 0.01 72 72 0 0 0
9710 -0.111251 -0.00958355 0.01 48 48 0 0 0
9716 -0.111251 -0.00958355 0.01 49 49 0 0 0
9719 -0.161704 -0.00767556 0.01 72 72 0 0 0
9723 -0.174496 -0.00791041 0.01 100 100 0 0 0
9734 -0.111251 -0.00958355 0.01 49 49 0 0 0
9737 -0.140585 -0.00881552 0.01 72 72 0 0 0
9738 -0.121526 -0.00865821 0.01 72 72 0 0 0
9787 -0.111251 -0.00958355 0.01 48 48 0 0 0
9792 -0.16526 -0.00842503 0.01 99 99 0 0 0
9797 -0.111251 -0.00958355 0.01 48 48 0 0 0
9801 -0.0920869 -0.00958355 0.01 49 49 -0.000175603 0.0191638 0
9820 -0.111251 -0.00958355 0.01 47 47 0 0 0
9833 -0.111251 -0.00958355 0.01 49 50 0 0 0
9901 -0.111251 -0.00958355 0.01 48 48 0 0 0
9911 -0.111251 -0.00958355 0.01 49 49 0 0 0
9917 -0.104747 -0.00811801 0.01 72 72 0 0 0
9955 -0.198166 -0.00753725 0.01 72 72 0 0 0
9984 -0.177689 -0.00782592 0.01 99 99 0 0 0
10034 -0.161865 -0.00822357 0.01 100 99 0 0 0
10059 -0.161704 -0.00767556 0.01 72 72 0 0 0
10083 -0.108717 -0.00958355 0.01 48 51 0 0 0
10089 -0.174496 -0.00765671 0.01 100 100 0 0 0
10093 -0.147877 -0.00746693 0.01 72 72 0 0 0
10131 -0.158761 -0.00864689 0.01 72 72 0 0 0
10164 -0.111251 -0.00958355 0.01 48 48 0 0 0
10166 -0.111251 -0.00958355 0.01 49 49 0 0 0
10174 -0.109088 -0.00958355 0.01 49 49 0 0 0
10177 -0.124042 -0.00865821 0.01 72 72 0 0 0
10188 -0.177689 -0.00782592 0.01 99 99 0 0 0
10203 -0.161862 -0.00753999 0.01 72 72 0 0 0
10207 -0.159217 -0.00777129 0.01 72 72 0 0 0
10223 -0.111251 -0.00958355 0.01 47 47 0 0 0
10245 -0.161865 -0.00822357 0.01 99 99 0 0 0
10251 -0.16526 -0.00842503 0.01 99 99 0 0 0
10267 -0.161862 -0.00753999 0.01 72 72 0 0 0
10279 -0.180784 -0.00822357 0.01 101 101 0 0 0
10286 -0.111251 -0.00958355 0.01 49 49 0 0 0
10319 -0.111251 -0.00958355 0.01 48 48 0 0 0
10330 -0.162882 -0.0081925 0.01 72 72 0 0 0
10340 -0.161865 -0.00822357 0.01 99 99 0 0 0
10348 -0.179838 -0.00842503 0.01 100 100 0 0 0
10350 -0.16558 -0.00822357 0.01 99 99 0 0 0
10366 -0.180784 -0.00800737 0.01 100 100 0 0 0
10377 -0.111251 -0.00992373 0.01 49 49 0 0 0
10399 -0.105303 -0.00958355 0.01 48 48 -3.24771e-05 0.00594772 0
10410 -0.16111 -0.00767602 0.01 72 72 0 0 0
10421 -0.162882 -0.0081925 0.01 72 72 0 0 0
10422 -0.175864 -0.00766249 0.01 72 72 0 0 0
10454 -0.111251 -0.00958355 0.01 47 47 0 0 0
10458 -0.140585 -0.00881552 0.01 72 72 0 0 0
10461 -0.179838 -0.00842503 0.01 100 100 0 0 0
10498 -0.111251 -0.00958355 0.01 49 49 0 0 0
10531 -0.111251 -0.00979586 0.01 49 49 2.39909e-06 0 -7.32839e-05
10539 -0.140585 -0.00881552 0.01 72 72 0 0 0
10608 -0.179838 -0.00842503 0.01 100 100 0 0 0
10625 -0.111251 -0.00958355 0.01 49 49 0 0 0
10655 -0.149417 -0.00781031 0.01 72 73 0 0 0
10668 -0.174496 -0.00822357 0.01 100 100 0 0 0
10686 -0.178111 -0.00779396 0.01 72 72 0 0 0
10689 -0.179838 -0.00842503 0.01 100 100 0 0 0
10692 -0.111251 -0.00958355 0.01 49 49 0 0 0
10695 -0.177689 -0.00782592 0.01 100 99 0 0 0
10702 -0.174496 -0.00822357 0.01 100 100 0 0 0
10714 -0.111251 -0.00952072 0.01 49 49 0 0 0
10715 -0.156854 -0.00820088 0.01 72 72 0 0 0
10744 -0.180784 -0.00800737 0.01 100 100 0 0 0
10759 -0.179838 -0.00842503 0.01 99 99 0 0 0
10767 -0.111251 -0.00954301 0.01 49 49 0 0 0
10778 -0.111251 -0.00958355 0.01 49 49 0 0 0
10780 -0.105303 -0.00958355 0.01 47 48 0 0 0
10794 -0.180784 -0.00800737 0.01 100 100 0 0 0
10836 -0.179838 -0.00842503 0.01 100 100 0 0 0
10842 -0.111251 -0.00958355 0.01 47 47 0 0 0
10851 -0.111251 -0.00958355 0.01 49 49 0 0 0
10857 -0.111251 -0.00958355 0.01 48 48 0 0 0
10875 -0.111251 -0.00958355 0.01 49 49 0 0 0
10876 -0.111251 -0.00958355 0.01 48 48 0 0 0
10878 -0.16526 -0.00842503 0.01 99 99 0 0 0
10893 -0.111251 -0.00958355 0.01 49 49 0 0 0
10897 -0.174496 -0.00822357 0.01 99 99 0 0 0
10900 -0.151607 -0.00768472 0.01 72 72 0 0 0
10946 -0.149417 -0.00782509 0.01 72 72 0 0 0
10962 -0.179838 -0.00842503 0.01 100 100 0 0 0
11004 -0.124042 -0.00865821 0.01 72 72 0 0 0
11007 -0.109088 -0.00958355 0.01 49 49 0 0 0
11012 -0.111251 -0.00958355 0.01 48 49 0 0 0
11013 -0.124042 -0.00851825 0.01 72 72 0 0 0
11016 -0.174496 -0.00827087 0.01 101 101 0 0 0
11029 -0.141446 -0.00865792 0.01 72 72 0 0 0
11051 -0.179838 -0.00842503 0.01 100 100 0 0 0
11054 -0.179838 -0.00842503 0.01 100 100 0 0 0
11072 -0.161865 -0.00822357 0.01 99 99 0 0 0
11080 -0.111251 -0.00972258 0.01 49 51 0 0 0
11096 -0.161704 -0.00767556 0.01 72 72 0 0 0
11108 -0.177689 -0.00782592 0.01 99 99 0 0 0
11118 -0.0944424 -0.00905412 0.01 72 72 -0.0086166 0.00657596 0
11157 -0.174496 -0.00822357 0.01 100 100 0 0 0
11165 -0.179838 -0.00842503 0.01 100 100 0 0 0
11230 -0.179559 -0.00842503 0.01 100 100 0 0 0
11240 -0.174496 -0.00822357 0.01 100 100 0 0 0
11251 -0.179838 -0.00842503 0.01 99 99 0 0 0
11256 -0.161865 -0.00822357 0.01 99 99 0 0 0
11299 -0.162882 -0.0081925 0.01 72 72 0 0 0
11304 -0.111251 -0.00958355 0.01 49 49 0 0 0
11306 -0.116602 -0.00958355 0.01 48 48 2.34321e-05 -0.00535131 0
11341 -0.180784 -0.00822357 0.01 101 101 0 0 0
11349 -0.111251 -0.00958355 0.01 49 50 0 0 0
11371 -0.161865 -0.00822357 0.01 99 99 0 0 0
11396 -0.172226 -0.00842503 0.01 99 99 0 0 0
11425 -0.179838 -0.00842503 0.01 101 101 0 0 0
11449 -0.174496 -0.00839123 0.01 100 100 0 0 0
11452 -0.162882 -0.0081925 0.01 72 72 0 0 0
11460 -0.136591 -0.00860505 0.01 72 72 0 0 0
11519 -0.111251 -0.00958355 0.01 49 49 0 0 0
11520 -0.129899 -0.00976582 0.01 72 73 0 0 0
11522 -0.149417 -0.00782509 0.01 72 71 0 0 0
11532 -0.179838 -0.00842503 0.01 100 100 0 0 0
11539 -0.179838 -0.00842503 0.01 99 99 0 0 0
11581 -0.111251 -0.00958355 0.01 47 47 0 0 0
11586 -0.111251 -0.00958355 0.01 49 49 0 0 0
11587 -0.179838 -0.00842503 0.01 99 99 0 0 0
11594 -0.174496 -0.00750346 0.01 100 100 0.0487304 0 0.000406944
11613 -0.179838 -0.00842503 0.01 100 100 0 0 0
11620 -0.174496 -0.00822357 0.01 100 100 0 0 0
11627 -0.116274 -0.00813554 0.01 72 72 0 0 0
11703 -0.111251 -0.00958355 0.01 48 48 0 0 0
11743 -0.177689 -0.00782592 0.01 99 99 0 0 0
11761 -0.146193 -0.00833442 0.01 72 72 0 0 0
11771 -0.159217 -0.00777129 0.01 72 72 0 0 0
11774 -0.109088 -0.00958355 0.01 49 49 0 0 0
11781 -0.162882 -0.0081925 0.01 72 72 0 0 0
11786 -0.137366 -0.00855892 0.01 72 72 0 0 0
11787 -0.111251 -0.00941712 0.01 49 49 -2.99513e-06 0 8.58158e-05
11793 -0.143021 -0.00833442 0.01 72 73 0 0 0
11802 -0.161704 -0.00767556 0.01 72 72 0 0 0
11862 -0.158761 -0.00864689 0.01 72 72 0 0 0
11886 -0.177681 -0.00763239 0.01 72 71 0 0 0
11892 -0.108717 -0.0097652 0.01 49 51 0 0 0
11905 -0.177681 -0.00748215 0.01 72 70 0 0 0
11910 -0.147877 -0.00746693 0.01 72 72 0 0 0
11916 -0.179838 -0.00842503 0.01 100 100 0 0 0
11922 -0.111251 -0.00958355 0.01 49 49 0 0 0
11938 -0.146193 -0.00833442 0.01 72 72 0 0 0
11939 -0.174496 -0.00822357 0.01 100 100 0 0 0
11949 -0.179838 -0.00842503 0.01 101 101 0 0 0
11958 -0.124042 -0.00865821 0.01 72 72 0 0 0
11969 -0.198166 -0.00753725 0.01 72 72 0 0 0
11990 -0.188695 -0.00753725 0.01 72 73 0 0 0
11998 -0.111251 -0.00972258 0.01 48 48 0 0 0
12004 -0.111251 -0.00958355 0.01 48 48 0 0 0
12007 -0.111251 -0.00958355 0.01 48 48 0 0 0
12023 -0.111251 -0.00972258 0.01 48 50 0 0 0
12047 -0.111251 -0.00958355 0.01 47 47 0 0 0
12052 -0.16526 -0.00842503 0.01 99 99 0 0 0
12055 -0.111251 -0.00958355 0.01 48 48 0 0 0
12056 -0.111251 -0.00958355 0.01 48 49 0 0 0
12067 -0.151564 -0.00838456 0.01 72 72 0 0 0
12088 -0.174496 -0.00827087 0.01 101 101 0 0 0
12091 -0.174496 -0.00839123 0.01 100 100 0 0 0
12092 -0.161865 -0.00822357 0.01 99 99 0 0 0
12094 -0.174496 -0.00822357 0.01 100 100 0 0 0
12128 -0.14973 -0.007963 0.01 72 72 0 0 0
12137 -0.151257 -0.00837922 0.01 72 72 0 0 0
12145 -0.111251 -0.00954301 0.01 49 49 0 0 0
12155 -0.161865 -0.00822357 0.01 99 99 0 0 0
12174 -0.170424 -0.00833442 0.01 72 73 0 0 0
12197 -0.111251 -0.00950294 0.01 49 49 -2.74926e-06 0 8.06116e-05
12199 -0.162882 -0.0081925 0.01 72 72 0 0 0
12205 -0.111251 -0.00958355 0.01 49 49 0 0 0
12221 -0.111251 -0.00958355 0.01 48 48 0 0 0
12223 -0.116274 -0.00813554 0.01 72 72 0 0 0
12232 -0.111251 -0.00958355 0.01 47 47 0 0 0
12234 -0.104271 -0.00997141 0.01 48 48 0 0 0
12263 -0.111251 -0.00958355 0.01 49 49 0 0 0
12279 -0.111251 -0.00958355 0.01 49 50 0 0 0
12299 -0.161865 -0.00822357 0.01 99 99 0 0 0
12305 -0.179838 -0.00842503 0.01 99 99 0 0 0
12331 -0.111251 -0.00958355 0.01 49 49 0 0 0
12335 -0.174496 -0.00822357 0.01 100 100 0 0 0
12346 -0.161704 -0.00767556 0.01 72 72 0 0 0
12415 -0.161855 -0.00884427 0.01 72 72 0 0 0
12436 -0.137366 -0.00873936 0.01 72 72 0 0 0
12437 -0.111251 -0.00958355 0.01 49 49 0 0 0
12454 -0.111251 -0.0094281 0.01 49 49 0 0 0
12458 -0.116274 -0.00813554 0.01 72 72 0 0 0
12460 -0.116274 -0.00813554 0.01 72 72 0 0 0
12471 -0.174496 -0.00822357 0.01 100 100 0 0 0
12490 -0.111251 -0.00958355 0.01 48 48 0 0 0
12512 -0.164555 -0.00768472 0.01 72 72 0 0 0
12515 -0.124042 -0.00851825 0.01 72 72 0 0 0
12530 -0.111251 -0.00958355 0.01 49 49 0 0 0
12534 -0.111251 -0.0094172 0.01 49 49 0 0 0
12537 -0.158761 -0.00864689 0.01 72 72 0 0 0
12540 -0.180784 -0.00800737 0.01 100 100 0 0 0
12541 -0.16526 -0.00842503 0.01 99 99 0 0 0
12550 -0.121526 -0.00865821 0.01 72 72 0 0 0
12567 -0.151607 -0.00768472 0.01 72 72 0 0 0
12618 -0.136591 -0.00833442 0.01 72 72 0 0 0
12628 -0.161865 -0.00785523 0.01 99 99 0 0 0
12631 -0.111251 -0.00958355 0.01 48 48 0 0 0
12643 -0.161865 -0.00820256 0.01 99 99 0 0 0
12649 -0.188695 -0.00753725 0.01 72 73 0 0 0
12669 -0.179838 -0.00842503 0.01 100 100 0 0 0
12670 -0.179838 -0.00842503 0.01 100 100 0 0 0
12680 -0.111251 -0.00958355 0.01 49 50 0 0 0
12701 -0.174496 -0.00791041 0.01 100 100 0 0 0
12723 -0.111251 -0.00954301 0.01 49 49 0 0 0
12729 -0.178192 -0.00711249 0.01 72 72 0 0 0
12730 -0.147877 -0.00746693 0.01 72 72 0 0 0
12731 -0.198166 -0.00753725 0.01 72 72 0 0 0
12750 -0.140585 -0.00881552 0.01 72 72 0 0 0
12751 -0.111251 -0.0094281 0.01 49 49 0 0 0
12796 -0.174496 -0.00827087 0.01 101 101 0 0 0
12831 -0.111251 -0.00958355 0.01 48 49 0 0 0
12845 -0.161865 -0.00822357 0.01 99 99 0 0 0
12849 -0.104271 -0.00997141 0.01 49 50 0 0 0
12855 -0.180784 -0.00800737 0.01 100 100 0 0 0
12895 -0.174496 -0.00822357 0.01 100 100 0 0 0
12906 -0.179838 -0.00842503 0.01 100 100 0 0 0
12930 -0.111251 -0.00923684 0.01 48 48 0 0 0
12934 -0.16526 -0.00842503 0.01 99 99 0 0 0
12935 -0.104271 -0.00997141 0.01 47 48 0 0 0
12936 -0.174496 -0.00822357 0.01 100 100 0 0 0
12970 -0.135108 -0.00878144 0.01 72 72 0 0 0
12972 -0.111251 -0.00958355 0.01 49 49 0 0 0
12973 -0.161865 -0.00822357 0.01 99 99 0 0 0
12977 -0.162882 -0.0081925 0.01 72 72 0 0 0
12994 -0.111251 -0.00950294 0.01 49 49 0 0 0
13020 -0.161865 -0.00822357 0.01 99 99 0 0 0
13046 -0.155629 -0.00774486 0.01 72 72 0 0 0
13068 -0.179838 -0.00842503 0.01 100 100 0 0 0
13073 -0.109088 -0.00958355 0.01 49 49 0 0 0
13098 -0.174496 -0.00823574 0.01 99 99 -0.00146899 0 -1.21677e-05
13136 -0.177689 -0.00782592 0.01 99 99 0 0 0
13138 -0.137366 -0.00855892 0.01 72 72 0 0 0
13139 -0.161704 -0.00767556 0.01 72 72 0 0 0
13143 -0.170424 -0.00833442 0.01 72 72 0 0 0
13152 -0.161865 -0.00822357 0.01 99 99 0 0 0
13162 -0.16526 -0.00842503 0.01 99 99 0 0 0
13164 -0.124042 -0.00865821 0.01 72 72 0 0 0
13168 -0.116274 -0.00813554 0.01 72 72 0 0 0
13200 -0.152375 -0.00957825 0.01 72 72 0 0 0
13208 -0.160679 -0.00759704 0.01 72 72 0 0 0
13225 -0.179838 -0.00842503 0.01 100 100 0 0 0
13232 -0.161855 -0.00884427 0.01 72 72 0 0 0
13237 -0.111251 -0.00958355 0.01 48 48 0 0 0
13278 -0.146193 -0.00833442 0.01 72 71 0 0 0
13288 -0.151607 -0.00768472 0.01 72 72 0 0 0
13318 -0.174496 -0.00822357 0.01 100 100 0 0 0
13320 -0.174496 -0.00822357 0.01 100 100 0 0 0
13343 -0.109088 -0.00958355 0.01 49 49 0 0 0
13352 -0.174496 -0.00827087 0.01 101 101 0 0 0
13354 -0.198166 -0.00753725 0.01 72 72 0 0 0
13359 -0.162882 -0.0081925 0.01 72 72 0 0 0
13364 -0.161862 -0.00753999 0.01 72 71 0 0 0
13377 -0.111251 -0.00958355 0.01 49 49 0 0 0
13400 -0.173749 -0.00792647 0.01 72 72 0 0 0
13402 -0.111251 -0.00958355 0.01 49 49 0 0 0
13413 -0.179838 -0.00842503 0.01 100 100 0 0 0
13414 -0.174496 -0.00821258 0.01 100 100 0.00781479 0 5.89089e-05
13415 -0.16526 -0.00842503 0.01 99 99 0 0 0
13421 -0.111251 -0.00958355 0.01 48 48 0 0 0
13422 -0.147877 -0.00746693 0.01 72 72 0 0 0
13457 -0.177689 -0.00782592 0.01 99 99 0 0 0
13474 -0.111251 -0.00958355 0.01 49 49 0 0 0
13476 -0.111251 -0.00958355 0.01 48 48 0 0 0
13481 -0.111251 -0.00958355 0.01 49 49 0 0 0
13490 -0.158102 -0.00884427 0.01 72 72 -0.000621557 0.00375284 0
13491 -0.162269 -0.0081925 0.01 72 72 -8.0049e-05 0.000613093 0
13512 -0.161862 -0.00753999 0.01 72 72 0 0 0
13555 -0.161704 -0.00767556 0.01 72 72 0 0 0
13560 -0.174496 -0.00839123 0.01 100 100 0 0 0
13565 -0.174496 -0.00823574 0.01 100 99 0 0 0
13566 -0.177689 -0.00782592 0.01 99 99 0 0 0
13609 -0.111251 -0.00958355 0.01 49 49 0 0 0
13610 -0.161865 -0.00822357 0.01 99 99 0 0 0
13618 -0.174496 -0.00822357 0.01 100 100 0 0 0
13625 -0.111251 -0.00958355 0.01 49 49 0 0 0
13637 -0.16526 -0.00842503 0.01 99 99 0 0 0
13643 -0.179838 -0.00842503 0.01 100 100 0 0 0
13659 -0.111251 -0.00958355 0.01 49 49 0 0 0
13677 -0.111251 -0.00963037 0.01 48 48 0 0 0
13705 -0.170424 -0.00833442 0.01 72 72 0 0 0
13710 -0.17879 -0.00792647 0.01 72 72 0 0 0
13711 -0.111251 -0.00958355 0.01 49 50 0 0 0
13721 -0.136591 -0.00833442 0.01 72 72 0 0 0
13727 -0.104271 -0.00997141 0.01 48 48 0 0 0
13728 -0.174496 -0.00822357 0.01 100 100 0 0 0
13783 -0.175864 -0.00766249 0.01 72 72 0 0 0
13802 -0.111251 -0.00958355 0.01 48 48 0 0 0
13807 -0.174496 -0.00822357 0.01 100 100 0 0 0
13811 -0.111251 -0.00958355 0.01 48 48 0 0 0
13814 -0.177689 -0.00782592 0.01 99 99 0 0 0
13816 -0.146193 -0.00833442 0.01 72 71 0 0 0
13833 -0.172226 -0.00842503 0.01 100 100 0 0 0
13837 -0.16203 -0.00842503 0.01 99 98 0 0 0
13858 -0.179838 -0.00842503 0.01 100 100 0 0 0
13861 -0.174496 -0.00784336 0.01 101 101 0 0 0
13872 -0.180784 -0.00822357 0.01 100 100 0 0 0
13895 -0.111251 -0.00958355 0.01 48 48 0 0 0
13915 -0.162882 -0.0081925 0.01 72 72 0 0 0
13920 -0.105303 -0.00958355 0.01 48 48 0 0 0
13928 -0.174496 -0.00822357 0.01 100 100 0 0 0
13942 -0.179838 -0.00842503 0.01 101 101 0 0 0
13952 -0.137219 -0.00833442 0.01 72 71 0 0 0
13970 -0.181697 -0.00792647 0.01 72 73 0 0 0
13979 -0.111251 -0.00958355 0.01 48 48 0 0 0
14000 -0.124042 -0.00865821 0.01 72 71 0 0 0
14002 -0.111251 -0.00958355 0.01 49 49 0 0 0
14016 -0.111251 -0.0095443 0.01 48 48 0 0 0
14035 -0.161865 -0.00822357 0.01 100 98 0 0 0
14042 -0.179838 -0.00842503 0.01 99 99 0 0 0
14047 -0.104359 -0.00952213 0.01 49 49 0 0 0
14054 -0.161862 -0.00753999 0.01 72 72 0 0 0
14064 -0.111251 -0.00958355 0.01 48 48 0 0 0
14086 -0.111251 -0.00958355 0.01 49 49 0 0 0
14104 -0.180784 -0.00800737 0.01 100 100 0 0 0
14114 -0.170424 -0.00833442 0.01 72 72 0 0 0
14117 -0.177689 -0.00782592 0.01 99 99 0 0 0
14127 -0.16526 -0.00842503 0.01 99 99 0 0 0
14131 -0.162882 -0.0081925 0.01 72 72 0 0 0
14180 -0.111251 -0.00968305 0.01 49 49 -2.08616e-07 0 6.24545e-06
14184 -0.161865 -0.00822357 0.01 100 99 0 0 0
14190 -0.179838 -0.00842503 0.01 100 100 0 0 0
14196 -0.113552 -0.00958355 0.01 49 49 0 0 0
14198 -0.179838 -0.00842503 0.01 101 101 0 0 0
14207 -0.177973 -0.00800737 0.01 100 100 0 0 0
14216 -0.179838 -0.00842503 0.01 100 99 0 0 0
14259 -0.116274 -0.00813554 0.01 72 72 0 0 0
14297 -0.179838 -0.00842503 0.01 99 99 0 0 0
14322 -0.179559 -0.00842503 0.01 100 100 0 0 0
14334 -0.146193 -0.00833442 0.01 72 72 0 0 0
14344 -0.111251 -0.00958355 0.01 49 49 0 0 0
14347 -0.111251 -0.00958355 0.01 48 48 0 0 0
14376 -0.111251 -0.00958355 0.01 48 48 0 0 0
14392 -0.174496 -0.00822357 0.01 100 100 0 0 0
14405 -0.156125 -0.00803579 0.01 72 72 0 0 0
14421 -0.137366 -0.00855892 0.01 72 71 0 0 0
14430 -0.105303 -0.00958355 0.01 48 48 0 0 0
14434 -0.174496 -0.00822357 0.01 100 100 0 0 0
14451 -0.161704 -0.00767556 0.01 72 72 0 0 0
14460 -0.111251 -0.00958355 0.01 49 49 0 0 0
14470 -0.174496 -0.00822357 0.01 100 100 0 0 0
14488 -0.17879 -0.00792647 0.01 72 72 0 0 0
14505 -0.111251 -0.00963037 0.01 48 48 0 0 0
14514 -0.111251 -0.00958355 0.01 49 49 0 0 0
14519 -0.187784 -0.00792647 0.01 72 72 0 0 0
14546 -0.140557 -0.00808338 0.01 72 73 0 0 0
14552 -0.111251 -0.00958355 0.01 49 49 0 0 0
14560 -0.111251 -0.00929501 0.01 49 49 0 0 0
14606 -0.179838 -0.00842503 0.01 100 100 0 0 0
14631 -0.179838 -0.00842503 0.01 101 101 0 0 0
14636 -0.173093 -0.00842503 0.01 99 99 0 0 0
14647 -0.179838 -0.00842503 0.01 100 100 0 0 0
14660 -0.111251 -0.00958355 0.01 48 48 0 0 0
14666 -0.111251 -0.00958355 0.01 49 49 0 0 0
14693 -0.180784 -0.00800737 0.01 101 101 0 0 0
14695 -0.161865 -0.00822357 0.01 99 99 0 0 0
14702 -0.173093 -0.00842503 0.01 99 99 0 0 0
14710 -0.161865 -0.00785523 0.01 99 99 0 0 0
14731 -0.111251 -0.00958355 0.01 48 48 0 0 0
14733 -0.179838 -0.00842503 0.01 101 101 0 0 0
14746 -0.179838 -0.00842503 0.01 99 100 0 0 0
14747 -0.111251 -0.00958355 0.01 49 48 0 0 0
14760 -0.111251 -0.00958355 0.01 49 49 0 0 0
14784 -0.174496 -0.00791041 0.01 100 100 0 0 0
14803 -0.174496 -0.00821258 0.01 100 100 0 0 0
14813 -0.162882 -0.0081925 0.01 72 72 0 0 0
14829 -0.174496 -0.00821184 0.01 100 100 0 0 0
14853 -0.111251 -0.00958355 0.01 48 48 0 0 0
14875 -0.162882 -0.0081925 0.01 72 72 0 0 0
14880 -0.162882 -0.0081925 0.01 72 72 0 0 0
14897 -0.111251 -0.00958355 0.01 48 48 0 0 0
14912 -0.161704 -0.00767556 0.01 72 72 0 0 0
14914 -0.119783 -0.00958355 0.01 49 49 0 0 0
14928 -0.111251 -0.00954301 0.01 49 49 0 0 0
14951 -0.111251 -0.00941712 0.01 49 49 0 0 0
14959 -0.111251 -0.00958355 0.01 48 48 0 0 0
14960 -0.124042 -0.00865821 0.01 72 72 0 0 0
14987 -0.158761 -0.00864689 0.01 72 72 0 0 0
15024 -0.143059 -0.00820088 0.01 72 72 0 0 0
15026 -0.137219 -0.00833442 0.01 72 72 0 0 0
15038 -0.164444 -0.00748215 0.01 72 72 0 0 0
15067 -0.180784 -0.00800737 0.01 100 100 0 0 0
15072 -0.141446 -0.00865792 0.01 72 72 0 0 0
15094 -0.111251 -0.0094281 0.01 49 49 0 0 0
15101 -0.0843896 -0.00958355 0.01 49 49 -0.000292167 0.0268611 0
15135 -0.111251 -0.00958355 0.01 47 47 0 0 0
15173 -0.109088 -0.00958355 0.01 48 48 0 0 0
15176 -0.111251 -0.00958355 0.01 49 49 0 0 0
15189 -0.111251 -0.00958355 0.01 47 47 0 0 0
15197 -0.177689 -0.00782592 0.01 99 99 0 0 0
15212 -0.111251 -0.00992373 0.01 49 49 1.11237e-05 0 -0.000340179
15268 -0.179838 -0.00842503 0.01 100 100 0 0 0
15269 -0.179838 -0.00842503 0.01 100 100 0 0 0
15295 -0.09868 -0.00958355 0.01 49 49 0 0 0
15296 -0.117403 -0.00958355 0.01 49 50 0 0 0
15310 -0.111251 -0.00958355 0.01 49 49 0 0 0
15314 -0.174496 -0.00791041 0.01 100 100 0 0 0
15329 -0.111251 -0.00958355 0.01 49 49 0 0 0
15335 -0.111251 -0.00958355 0.01 48 48 0 0 0
15349 -0.143059 -0.00820088 0.01 72 71 0 0 0
15350 -0.157695 -0.00897577 0.01 72 71 0 0 0
15359 -0.111251 -0.00958355 0.01 47 47 0 0 0
15378 -0.160412 -0.00822357 0.01 99 99 0 0 0
15386 -0.161865 -0.00822357 0.01 99 99 0 0 0
15394 -0.147239 -0.00821335 0.01 72 71 0 0 0
15396 -0.111251 -0.00958355 0.01 49 49 0 0 0
15406 -0.111251 -0.00958355 0.01 49 49 0 0 0
15409 -0.111251 -0.00958355 0.01 47 48 0 0 0
15426 -0.160412 -0.00822357 0.01 99 99 0 0 0
15436 -0.174496 -0.00765671 0.01 100 100 0.0714363 0 0.000566863
15439 -0.161865 -0.00785523 0.01 99 99 0 0 0
15444 -0.174496 -0.00791041 0.01 100 100 0 0 0
15445 -0.179559 -0.00842503 0.01 99 99 0 0 0
15452 -0.162882 -0.0081925 0.01 72 72 0 0 0
15454 -0.179838 -0.00842503 0.01 100 100 0 0 0
15468 -0.162882 -0.0081925 0.01 72 72 0 0 0
15484 -0.111251 -0.00954301 0.01 49 49 0 0 0
15495 -0.179838 -0.00842503 0.01 101 101 0 0 0
15530 -0.105303 -0.00958355 0.01 48 48 0 0 0
15543 -0.170424 -0.00833442 0.01 72 72 0 0 0
15559 -0.179838 -0.00842503 0.01 100 100 0 0 0
15561 -0.124042 -0.00865821 0.01 72 72 0 0 0
15570 -0.174496 -0.00822357 0.01 101 101 0 0 0
15576 -0.149417 -0.00771464 0.01 72 72 0 0 0
15579 -0.111251 -0.00958355 0.01 48 48 0 0 0
15592 -0.161865 -0.00785523 0.01 99 99 0 0 0
15620 -0.111251 -0.00958355 0.01 49 49 0 0 0
15623 -0.111251 -0.00958355 0.01 49 49 0 0 0
15655 -0.162882 -0.0081925 0.01 72 72 0 0 0
15666 -0.157695 -0.00897577 0.01 72 72 0 0 0
15670 -0.130341 -0.00871047 0.01 72 71 0 0 0
15712 -0.111251 -0.0095443 0.01 48 48 0 0 0
15717 -0.111251 -0.00923684 0.01 49 49 0 0 0
15724 -0.161855 -0.00884427 0.01 72 72 0 0 0
15737 -0.111251 -0.00972258 0.01 48 48 0 0 0
15739 -0.170424 -0.00833442 0.01 72 72 0 0 0
15748 -0.135108 -0.00881552 0.01 72 71 0 0 0
15758 -0.111251 -0.00958355 0.01 49 49 0 0 0
15767 -0.154154 -0.00778847 0.01 72 72 -0.000182748 0 -0.00019143
15768 -0.161865 -0.00822357 0.01 99 99 0 0 0
15769 -0.124042 -0.00865821 0.01 72 72 0 0 0
15782 -0.161567 -0.00767556 0.01 72 72 -1.64807e-05 0.00013651 0
15789 -0.111251 -0.00958355 0.01 49 49 0 0 0
15819 -0.111251 -0.00958355 0.01 49 49 0 0 0
15830 -0.179838 -0.00842503 0.01 100 100 0 0 0
15832 -0.170424 -0.00833442 0.01 72 72 0 0 0
15833 -0.111251 -0.00958355 0.01 48 48 0 0 0
15844 -0.174496 -0.00822357 0.01 100 100 0 0 0
15856 -0.174496 -0.00822357 0.01 100 100 0 0 0
15864 -0.174496 -0.00822357 0.01 99 100 0 0 0
15877 -0.162882 -0.0081925 0.01 72 72 0 0 0
15923 -0.161865 -0.00822357 0.01 99 99 0 0 0
15939 -0.174496 -0.00791041 0.01 100 100 0 0 0
15940 -0.179838 -0.00842503 0.01 100 100 0 0 0
15945 -0.111251 -0.00958355 0.01 48 48 0 0 0
15946 -0.111251 -0.00958355 0.01 49 49 0 0 0
15971 -0.111251 -0.00972258 0.01 49 49 0 0 0
15977 -0.149417 -0.00782509 0.01 72 72 0 0 0
15992 -0.161865 -0.00822357 0.01 99 99 0 0 0
16001 -0.14973 -0.007963 0.01 72 72 0 0 0
16021 -0.161865 -0.00822357 0.01 99 99 0 0 0
16044 -0.179838 -0.00832737 0.01 99 99 0 0 0
16057 -0.177689 -0.00771345 0.01 99 99 0.0116653 0 0.000112467
16065 -0.174496 -0.00822357 0.01 101 101 0 0 0
16080 -0.111251 -0.00958355 0.01 47 47 0 0 0
16092 -0.179559 -0.00842503 0.01 99 100 0 0 0
16103 -0.174496 -0.00822357 0.01 101 101 0 0 0
16104 -0.164444 -0.00748215 0.01 72 72 0 0 0
16149 -0.174496 -0.00822357 0.01 99 99 0 0 0
16169 -0.104271 -0.00997141 0.01 47 48 0 0 0
16181 -0.180784 -0.00800737 0.01 100 100 0 0 0
16192 -0.16078 -0.00832494 0.01 72 72 0.00163296 -0.0095232 0
16200 -0.111251 -0.00958355 0.01 47 48 0 0 0
16224 -0.198166 -0.00753725 0.01 72 72 0 0 0
16227 -0.111251 -0.00958355 0.01 49 49 0 0 0
16247 -0.111251 -0.00958355 0.01 47 47 0 0 0
16273 -0.159248 -0.00770574 0.01 72 72 0 0 0
16302 -0.182871 -0.00716625 0.01 72 72 0 0 0
16320 -0.147877 -0.00746693 0.01 72 72 0 0 0
16324 -0.146193 -0.00833442 0.01 72 72 0 0 0
16328 -0.111251 -0.00958355 0.01 49 49 0 0 0
16334 -0.174496 -0.00822357 0.01 100 100 0 0 0
16353 -0.111251 -0.00958355 0.01 48 48 0 0 0
16417 -0.109088 -0.00958355 0.01 49 49 0 0 0
16423 -0.161862 -0.00753999 0.01 72 72 0 0 0
16455 -0.111251 -0.00958355 0.01 49 50 0 0 0
16473 -0.109088 -0.00958355 0.01 49 49 0 0 0
16502 -0.179838 -0.00842503 0.01 100 100 0 0 0
16514 -0.174496 -0.00822357 0.01 100 100 0 0 0
16526 -0.111251 -0.00958355 0.01 49 50 0 0 0
16528 -0.111251 -0.00958355 0.01 49 49 0 0 0
16545 -0.111251 -0.00958355 0.01 48 48 0 0 0
16583 -0.111251 -0.00958355 0.01 49 49 0 0 0
16585 -0.152718 -0.00925523 0.01 72 72 0.000109375 -0.000461653 0
16594 -0.198166 -0.00753725 0.01 72 72 0 0 0
16632 -0.161855 -0.00884427 0.01 72 72 0 0 0
16652 -0.155629 -0.00774486 0.01 72 72 0 0 0
16660 -0.174496 -0.00784336 0.01 101 101 0 0 0
16669 -0.111251 -0.00958355 0.01 49 49 0 0 0
16674 -0.179838 -0.00842503 0.01 101 100 0 0 0
16678 -0.174496 -0.00807948 0.01 100 100 0.0188799 0 0.000144094
16684 -0.179559 -0.00842503 0.01 100 100 0 0 0
16713 -0.174496 -0.00791041 0.01 99 99 0 0 0
16735 -0.104271 -0.00997141 0.01 49 50 0 0 0
16767 -0.161865 -0.00822357 0.01 99 99 0 0 0
16779 -0.195116 -0.00753725 0.01 72 72 -9.7394e-05 0.0030501 0
16802 -0.135108 -0.00881552 0.01 72 71 0 0 0
16819 -0.16526 -0.00842503 0.01 99 99 0 0 0
16881 -0.111251 -0.00958355 0.01 48 48 0 0 0
16896 -0.16526 -0.00842503 0.01 99 99 0 0 0
16898 -0.175864 -0.00766249 0.01 72 72 0 0 0
16926 -0.173093 -0.00842503 0.01 99 99 0 0 0
16929 -0.111251 -0.00958355 0.01 48 48 0 0 0
16942 -0.111251 -0.00972258 0.01 49 49 0 0 0
16968 -0.111251 -0.00958355 0.01 48 48 0 0 0
16970 -0.174496 -0.00822357 0.01 100 100 0 0 0
16972 -0.137366 -0.00855892 0.01 72 71 0 0 0
16983 -0.111251 -0.00958355 0.01 48 48 0 0 0
17003 -0.179838 -0.00842503 0.01 99 100 0 0 0
17010 -0.180784 -0.00800737 0.01 100 100 0.0265062 0 0.000216201
17019 -0.111251 -0.00958355 0.01 49 48 0 0 0
17024 -0.0944424 -0.00905412 0.01 72 72 0 0 0
17034 -0.16526 -0.00842503 0.01 99 99 0 0 0
17047 -0.170621 -0.00907267 0.01 72 72 0 0 0
17051 -0.147702 -0.0087923 0.01 72 72 0 0 0
17055 -0.161865 -0.00822357 0.01 99 99 0 0 0
17076 -0.111251 -0.00958355 0.01 49 49 0 0 0
17110 -0.162882 -0.0081925 0.01 72 72 0 0 0
17126 -0.174496 -0.00822357 0.01 101 101 0 0 0
17141 -0.111251 -0.00958355 0.01 48 48 0 0 0
17149 -0.161865 -0.00822357 0.01 99 99 0 0 0
17158 -0.160679 -0.00777129 0.01 72 72 0 0 0
17162 -0.161865 -0.00822357 0.01 99 99 0 0 0
17190 -0.173093 -0.00842503 0.01 99 98 0 0 0
17203 -0.16203 -0.0084401 0.01 99 98 0 0 0
17204 -0.179838 -0.00842503 0.01 99 99 0 0 0
17208 -0.111251 -0.00963037 0.01 48 48 0 0 0
17213 -0.174496 -0.00827149 0.01 100 100 -0.00636131 0 -4.79193e-05
17241 -0.177689 -0.00782592 0.01 99 99 0 0 0
17242 -0.111251 -0.00958355 0.01 49 49 0 0 0
17260 -0.104271 -0.00997141 0.01 48 48 0 0 0
17276 -0.174496 -0.00822357 0.01 100 100 0 0 0
17279 -0.111251 -0.00958355 0.01 48 48 0 0 0
17297 -0.104271 -0.00997141 0.01 48 48 0 0 0
17331 -0.129899 -0.00976582 0.01 72 72 0 0 0
17333 -0.174496 -0.00822357 0.01 99 99 0 0 0
17342 -0.174496 -0.00823574 0.01 99 99 0 0 0
17345 -0.161862 -0.00753999 0.01 72 72 0 0 0
17354 -0.111251 -0.00972258 0.01 48 48 0 0 0
17358 -0.174496 -0.00822357 0.01 100 100 0 0 0
17368 -0.111251 -0.0094281 0.01 49 49 0 0 0
17372 -0.168773 -0.00759704 0.01 72 72 0 0 0
17399 -0.187784 -0.00792647 0.01 72 72 0 0 0
17423 -0.154154 -0.00759704 0.01 72 72 0 0 0
17430 -0.111251 -0.00958355 0.01 48 48 0 0 0
17464 -0.111251 -0.00954301 0.01 49 49 0 0 0
17476 -0.111251 -0.00958355 0.01 48 48 0 0 0
17484 -0.111251 -0.00958355 0.01 49 49 0 0 0
17485 -0.174496 -0.008136 0.01 99 99 0.0119456 0 9.97344e-05
17502 -0.179838 -0.00842503 0.01 100 100 0 0 0
17537 -0.174496 -0.00822357 0.01 99 99 0 0 0
17542 -0.16111 -0.00767602 0.01 72 72 0 0 0
17563 -0.161865 -0.00822357 0.01 99 99 0 0 0
17565 -0.180784 -0.00800737 0.01 100 100 0 0 0
17567 -0.174496 -0.00822357 0.01 100 100 0 0 0
17573 -0.111251 -0.00952072 0.01 49 49 0 0 0
17575 -0.161865 -0.00822357 0.01 99 99 0 0 0
17613 -0.198166 -0.00753725 0.01 72 72 0 0 0
17629 -0.111251 -0.00958355 0.01 49 49 0 0 0
17634 -0.111251 -0.00958355 0.01 47 47 0 0 0
17639 -0.111251 -0.00958355 0.01 49 49 0 0 0
17649 -0.155629 -0.00774486 0.01 72 72 0 0 0
17671 -0.179838 -0.00842503 0.01 101 100 0 0 0
17676 -0.197482 -0.00753725 0.01 72 72 0 0 0
17730 -0.111251 -0.00958355 0.01 49 50 0 0 0
17731 -0.111251 -0.00958355 0.01 48 48 0 0 0
17740 -0.198166 -0.00753725 0.01 72 72 0 0 0
17743 -0.179838 -0.00842503 0.01 101 101 0 0 0
17769 -0.174496 -0.00822357 0.01 100 100 0 0 0
17774 -0.162882 -0.0081925 0.01 72 72 0 0 0
17776 -0.161865 -0.00822357 0.01 99 99 0 0 0
17787 -0.109088 -0.00958355 0.01 49 49 0 0 0
17789 -0.174496 -0.00765671 0.01 100 100 0 0 0
17805 -0.179838 -0.00842503 0.01 100 99 0 0 0
17809 -0.116274 -0.00813554 0.01 72 72 0 0 0
17825 -0.174496 -0.00823574 0.01 99 99 0 0 0
17836 -0.160412 -0.00822357 0.01 99 99 0 0 0
17928 -0.162882 -0.0081925 0.01 72 72 0 0 0
17929 -0.174496 -0.00822357 0.01 100 100 0 0 0
17931 -0.111251 -0.00958355 0.01 49 49 0 0 0
17943 -0.111251 -0.00958355 0.01 49 49 0 0 0
17946 -0.172226 -0.00842503 0.01 101 100 0 0 0
17960 -0.180784 -0.00822357 0.01 101 101 0 0 0
17967 -0.174496 -0.00791041 0.01 99 99 0 0 0
17984 -0.111251 -0.00954301 0.01 49 49 0 0 0
18008 -0.16526 -0.00842503 0.01 99 99 0 0 0
18014 -0.160412 -0.00822357 0.01 99 99 0 0 0
18024 -0.111251 -0.00958355 0.01 49 50 0 0 0
18057 -0.16526 -0.00824552 0.01 99 99 0 0 0
18066 -0.116274 -0.00813554 0.01 72 72 0 0 0
18120 -0.111251 -0.00992373 0.01 49 49 0 0 0
18128 -0.198166 -0.00753725 0.01 72 72 0 0 0
18149 -0.175864 -0.00766249 0.01 72 72 0 0 0
18160 -0.111251 -0.00958355 0.01 47 48 0 0 0
18161 -0.162882 -0.0081925 0.01 72 72 0 0 0
18177 -0.124842 -0.00905549 0.01 72 72 0 0 0
18183 -0.161865 -0.00822357 0.01 99 99 0 0 0
18186 -0.157695 -0.00897577 0.01 72 72 0 0 0
18200 -0.16526 -0.00842503 0.01 99 99 0 0 0
18213 -0.159248 -0.00759704 0.01 72 72 0 0 0
18227 -0.174496 -0.00823574 0.01 99 99 0 0 0
18232 -0.161865 -0.00822357 0.01 99 99 0 0 0
18264 -0.111251 -0.00958355 0.01 47 48 0 0 0
18272 -0.151607 -0.00768472 0.01 72 72 0 0 0
18287 -0.147877 -0.00746693 0.01 72 72 0 0 0
18308 -0.111251 -0.00958355 0.01 49 49 0 0 0
18309 -0.175864 -0.00766249 0.01 72 73 0 0 0
18312 -0.111251 -0.00958355 0.01 48 48 0 0 0
18320 -0.111251 -0.00958355 0.01 47 47 0 0 0
18327 -0.111251 -0.00958355 0.01 48 48 0 0 0
18341 -0.174496 -0.00822357 0.01 100 100 0 0 0
18377 -0.169986 -0.00920431 0.01 72 72 0 0 0
18382 -0.179894 -0.00784336 0.01 101 101 0 0 0
18390 -0.178192 -0.00711249 0.01 72 72 0 0 0
18394 -0.174496 -0.00822357 0.01 100 100 0 0 0
18401 -0.124042 -0.00851825 0.01 72 72 0 0 0
18410 -0.113552 -0.00958355 0.01 49 49 1.3575e-05 -0.00230133 0
18449 -0.174496 -0.00827087 0.01 101 101 0 0 0
18491 -0.111251 -0.00958355 0.01 48 48 0 0 0
18503 -0.111251 -0.00958355 0.01 48 48 0 0 0
18527 -0.180784 -0.00822357 0.01 101 101 0 0 0
18548 -0.174496 -0.00822357 0.01 101 101 0 0 0
18559 -0.16526 -0.00842503 0.01 99 99 0 0 0
18589 -0.174496 -0.00827087 0.01 101 101 0 0 0
18602 -0.177689 -0.00782592 0.01 99 99 0 0 0
18608 -0.108717 -0.00958355 0.01 48 48 0 0 0
18615 -0.111251 -0.00958355 0.01 49 49 0 0 0
18660 -0.162882 -0.0081925 0.01 72 72 0 0 0
18695 -0.111251 -0.00972258 0.01 49 49 0 0 0
18704 -0.104271 -0.00997141 0.01 49 49 0 0 0
18712 -0.151873 -0.00865797 0.01 72 73 0 0 0
18716 -0.174496 -0.00822357 0.01 100 100 0 0 0
18721 -0.152947 -0.00779129 0.01 72 73 0 0 0
18751 -0.158761 -0.00864689 0.01 72 72 0 0 0
18757 -0.174496 -0.00822357 0.01 101 101 0 0 0
18768 -0.161865 -0.00822357 0.01 99 99 0 0 0
18809 -0.111251 -0.00958355 0.01 47 47 0 0 0
18820 -0.111251 -0.00958355 0.01 48 48 0 0 0
18828 -0.179838 -0.00842503 0.01 100 100 0 0 0
18858 -0.177689 -0.00782592 0.01 99 99 0 0 0
18869 -0.174496 -0.00822357 0.01 101 101 0 0 0
18895 -0.109088 -0.00958355 0.01 49 49 0 0 0
18904 -0.121526 -0.00865821 0.01 72 72 0 0 0
18907 -0.156413 -0.00750554 0.01 72 73 0 0 0
18921 -0.111251 -0.00958355 0.01 48 48 0 0 0
18927 -0.179838 -0.00842503 0.01 100 100 0 0 0
18938 -0.174496 -0.00791041 0.01 100 100 0 0 0
18948 -0.136591 -0.00833442 0.01 72 72 0 0 0
19017 -0.111251 -0.00958355 0.01 47 47 0 0 0
19044 -0.146034 -0.00923303 0.01 72 72 0 0 0
19056 -0.16526 -0.00842503 0.01 99 99 0 0 0
19057 -0.179559 -0.00842503 0.01 100 100 0 0 0
19062 -0.111251 -0.00958355 0.01 49 49 0 0 0
19073 -0.161865 -0.00822357 0.01 99 99 0 0 0
19087 -0.097927 -0.00958355 0.01 47 47 0 0 0
19090 -0.174496 -0.00822357 0.01 99 99 0 0 0
19102 -0.157695 -0.00897577 0.01 72 71 0 0 0
19124 -0.111251 -0.00958355 0.01 48 49 0 0 0
19128 -0.166465 -0.00752122 0.01 72 72 0 0 0
19145 -0.177689 -0.00782592 0.01 99 99 0 0 0
19150 -0.179838 -0.00842503 0.01 100 100 0 0 0
19168 -0.151607 -0.00768472 0.01 72 72 0 0 0
19179 -0.174496 -0.00822357 0.01 100 101 0 0 0
19181 -0.111251 -0.00958355 0.01 49 49 0 0 0
19189 -0.111251 -0.00958355 0.01 47 48 0 0 0
19190 -0.109088 -0.00958355 0.01 49 49 0 0 0
19196 -0.177689 -0.00782592 0.01 100 99 0 0 0
19206 -0.111251 -0.00958355 0.01 49 49 0 0 0
19216 -0.136591 -0.00833442 0.01 72 72 0 0 0
19217 -0.179838 -0.00842503 0.01 99 99 0 0 0
19222 -0.174496 -0.00822357 0.01 100 100 0 0 0
19236 -0.137366 -0.00855892 0.01 72 72 0 0 0
19266 -0.174496 -0.00791041 0.01 100 100 0 0 0
19269 -0.180784 -0.00822357 0.01 101 101 0 0 0
19270 -0.111251 -0.00958355 0.01 49 49 0 0 0
19271 -0.111251 -0.00972258 0.01 49 49 0 0 0
19301 -0.111251 -0.00954301 0.01 49 49 0 0 0
19322 -0.109088 -0.00958355 0.01 49 49 0 0 0
19325 -0.111251 -0.00958355 0.01 49 49 0 0 0
19327 -0.174496 -0.00822357 0.01 100 100 0 0 0
19341 -0.111251 -0.0095443 0.01 48 48 -1.14739e-06 0 3.92431e-05
19345 -0.178192 -0.00711249 0.01 72 72 0 0 0
19353 -0.111251 -0.00958355 0.01 48 48 0 0 0
19355 -0.179838 -0.00832737 0.01 99 99 0 0 0
19424 -0.109088 -0.00958355 0.01 49 49 0 0 0
19428 -0.111251 -0.00958355 0.01 49 49 0 0 0
19433 -0.179894 -0.00784336 0.01 101 101 0 0 0
19471 -0.136591 -0.00860505 0.01 72 72 0 0 0
19477 -0.174496 -0.00827087 0.01 101 101 0 0 0
19492 -0.111251 -0.00954301 0.01 49 49 0 0 0
19518 -0.174496 -0.00822357 0.01 99 99 0 0 0
19557 -0.162882 -0.0081925 0.01 72 72 0 0 0
19568 -0.111251 -0.00923684 0.01 49 49 0 0 0
19573 -0.161704 -0.00767556 0.01 72 72 0 0 0
19577 -0.152257 -0.00925523 0.01 72 71 0 0 0
19579 -0.16526 -0.00842503 0.01 99 99 0 0 0
19592 -0.162882 -0.0081925 0.01 72 72 0 0 0
19617 -0.111251 -0.0094281 0.01 49 49 0 0 0
19632 -0.124042 -0.00865821 0.01 72 72 0 0 0
19633 -0.111251 -0.00958355 0.01 49 49 0 0 0
19641 -0.109088 -0.00958355 0.01 49 49 0 0 0
19651 -0.109088 -0.00958355 0.01 49 49 0 0 0
19662 -0.159248 -0.00770574 0.01 72 73 0 0 0
19688 -0.174496 -0.00822568 0.01 101 101 -0.000303388 0 -2.11224e-06
19693 -0.174496 -0.00821184 0.01 100 100 0 0 0
19695 -0.111251 -0.00958355 0.01 48 48 0 0 0
19712 -0.161865 -0.00822357 0.01 99 99 0 0 0
19721 -0.111251 -0.0095443 0.01 48 48 0 0 0
19748 -0.151257 -0.00851645 0.01 72 71 0 0 0
19753 -0.161865 -0.00822357 0.01 99 99 0 0 0
19761 -0.179838 -0.00842503 0.01 101 101 0 0 0
19766 -0.174496 -0.00827087 0.01 101 101 0 0 0
19768 -0.180784 -0.00822357 0.01 101 101 0 0 0
19777 -0.116274 -0.00813554 0.01 72 72 0 0 0
19778 -0.177689 -0.00782592 0.01 99 99 0 0 0
19790 -0.111251 -0.00958355 0.01 48 48 0 0 0
19794 -0.111251 -0.00958355 0.01 48 48 0 0 0
19800 -0.124042 -0.00865821 0.01 72 72 0 0 0
19802 -0.161865 -0.00822357 0.01 99 99 0 0 0
19804 -0.179838 -0.00832737 0.01 99 99 0 0 0
19817 -0.174496 -0.00822357 0.01 101 101 0 0 0
19827 -0.174496 -0.00822357 0.01 100 100 0 0 0
19831 -0.174496 -0.00765671 0.01 100 100 0 0 0
19851 -0.174496 -0.00791041 0.01 100 100 0 0 0
19861 -0.16526 -0.00842503 0.01 99 99 0 0 0
19875 -0.124042 -0.00865821 0.01 72 72 0 0 0
19876 -0.116274 -0.00813554 0.01 72 72 0 0 0
19903 -0.161865 -0.00785523 0.01 99 99 0 0 0
19904 -0.111251 -0.00958355 0.01 49 49 0 0 0
19910 -0.164555 -0.00768472 0.01 72 72 0 0 0
19939 -0.111251 -0.00958355 0.01 49 49 0 0 0
19962 -0.174496 -0.00822357 0.01 100 100 0 0 0
19987 -0.170621 -0.00907267 0.01 72 72 0 0 0
20004 -0.161704 -0.00767556 0.01 72 72 0 0 0
20010 -0.155629 -0.00774486 0.01 72 72 0 0 0
20035 -0.177689 -0.00782592 0.01 99 99 0 0 0
20044 -0.177689 -0.00782592 0.01 99 99 0 0 0
20076 -0.161855 -0.00884427 0.01 72 72 0 0 0
20084 -0.174496 -0.00827087 0.01 101 101 0 0 0
20088 -0.104747 -0.00811801 0.01 72 72 0 0 0
20092 -0.111251 -0.00958355 0.01 49 49 0 0 0
20123 -0.149417 -0.00771464 0.01 72 73 0 0 0
20143 -0.188695 -0.00753725 0.01 72 73 0 0 0
20149 -0.161865 -0.00822357 0.01 99 99 0 0 0
20209 -0.111251 -0.00972258 0.01 49 49 0 0 0
20242 -0.179838 -0.00842503 0.01 100 100 0 0 0
20253 -0.179838 -0.00842503 0.01 100 100 0 0 0
20261 -0.174496 -0.00822357 0.01 100 100 0 0 0
20266 -0.149417 -0.00782509 0.01 72 72 0 0 0
20269 -0.175052 -0.00765671 0.01 100 100 0.0032804 -0.000556469 0
20277 -0.174496 -0.00791041 0.01 100 100 0 0 0
20286 -0.111251 -0.00958355 0.01 48 49 0 0 0
20335 -0.174496 -0.00822357 0.01 100 100 0 0 0
20362 -0.175864 -0.00766249 0.01 72 72 0 0 0
20368 -0.111251 -0.00972258 0.01 49 50 0 0 0
20395 -0.111251 -0.00954301 0.01 49 49 0 0 0
20403 -0.177689 -0.00782592 0.01 99 99 0 0 0
20424 -0.111251 -0.00958355 0.01 47 47 0 0 0
20425 -0.174496 -0.00827087 0.01 101 101 0 0 0
20433 -0.174496 -0.00822357 0.01 100 100 0 0 0
20437 -0.136591 -0.00860505 0.01 72 72 0 0 0
20454 -0.16526 -0.00842503 0.01 99 99 0 0 0
20485 -0.170424 -0.00833442 0.01 72 72 0 0 0
20495 -0.111251 -0.00958355 0.01 49 49 0 0 0
20524 -0.174496 -0.00822357 0.01 100 100 0 0 0
20528 -0.161865 -0.00822357 0.01 99 99 0 0 0
20532 -0.161855 -0.00897577 0.01 72 72 0 0 0
20606 -0.14973 -0.007963 0.01 72 72 0 0 0
20613 -0.174496 -0.00822357 0.01 100 100 0 0 0
20629 -0.108717 -0.00958355 0.01 48 48 0 0 0
20674 -0.109088 -0.00958355 0.01 48 49 0 0 0
20684 -0.111251 -0.00972258 0.01 49 49 0 0 0
20710 -0.109088 -0.00958355 0.01 49 49 0 0 0
20711 -0.174496 -0.00822357 0.01 100 100 0 0 0
20719 -0.161865 -0.00822357 0.01 99 99 0 0 0
20730 -0.111251 -0.00958355 0.01 49 49 0 0 0
20731 -0.146193 -0.00833442 0.01 72 72 0 0 0
20753 -0.175864 -0.00766249 0.01 72 73 0 0 0
20759 -0.111251 -0.00954301 0.01 49 49 0 0 0
20765 -0.111251 -0.00958355 0.01 49 49 0 0 0
20779 -0.105659 -0.00958355 0.01 49 49 -3.85344e-05 0.00559195 0
20795 -0.111251 -0.00958355 0.01 49 49 0 0 0
20796 -0.111251 -0.00929501 0.01 49 49 0 0 0
20823 -0.111251 -0.00958355 0.01 47 47 0 0 0
20843 -0.179838 -0.00832737 0.01 99 99 0 0 0
20861 -0.179838 -0.00842503 0.01 99 99 0 0 0
20864 -0.111251 -0.00958355 0.01 48 48 0 0 0
20865 -0.161865 -0.00822357 0.01 99 99 0 0 0
20868 -0.177689 -0.00782592 0.01 99 99 0 0 0
20881 -0.111251 -0.00933231 0.01 49 49 -8.76188e-06 0 0.000251239
20897 -0.161865 -0.00822357 0.01 99 99 0 0 0
20908 -0.140585 -0.00881552 0.01 72 72 0 0 0
20920 -0.159217 -0.00777129 0.01 72 72 0 0 0
20947 -0.174496 -0.00822357 0.01 100 100 0 0 0
20954 -0.111251 -0.00958355 0.01 48 49 0 0 0
20955 -0.151564 -0.00838456 0.01 72 72 0 0 0
20983 -0.180784 -0.00822357 0.01 101 101 0 0 0
20993 -0.180784 -0.00800737 0.01 100 100 0 0 0
20997 -0.149417 -0.00776062 0.01 72 71 5.67883e-05 0 6.44661e-05
21002 -0.111251 -0.00958355 0.01 48 48 0 0 0
21018 -0.179838 -0.00846007 0.01 100 100 0 0 0
21020 -0.135108 -0.00878144 0.01 72 71 0 0 0
21040 -0.149417 -0.00782509 0.01 72 72 0 0 0
21057 -0.179838 -0.00842503 0.01 99 99 0 0 0
21132 -0.111251 -0.00958355 0.01 49 49 0 0 0
21139 -0.157695 -0.00897577 0.01 72 72 0 0 0
21153 -0.111251 -0.00958355 0.01 48 49 0 0 0
21155 -0.16842 -0.0075296 0.01 72 73 0 0 0
21172 -0.161862 -0.00753999 0.01 72 72 0 0 0
21174 -0.197482 -0.00753725 0.01 72 72 0 0 0
21192 -0.174496 -0.00822357 0.01 100 100 0 0 0
21220 -0.160412 -0.00822357 0.01 99 99 0 0 0
21280 -0.174496 -0.00822357 0.01 101 101 0 0 0
21286 -0.111251 -0.00958355 0.01 48 48 0 0 0
21300 -0.197482 -0.00753725 0.01 72 72 0 0 0
21307 -0.111251 -0.00958355 0.01 48 48 0 0 0
21333 -0.174496 -0.00827087 0.01 101 101 0 0 0
21382 -0.111251 -0.00958355 0.01 49 49 0 0 0
21383 -0.174496 -0.00791041 0.01 100 100 0 0 0
21387 -0.152229 -0.00833442 0.01 72 72 0.00132197 -0.00603601 0
21393 -0.174496 -0.00822357 0.01 101 101 0 0 0
21422 -0.161704 -0.00767556 0.01 72 72 0 0 0
21423 -0.174496 -0.00791041 0.01 100 100 0 0 0
21436 -0.179838 -0.00832737 0.01 99 99 0 0 0
21462 -0.179838 -0.00842503 0.01 99 99 0 0 0
21463 -0.111251 -0.00958355 0.01 49 49 0 0 0
21478 -0.174496 -0.00822357 0.01 101 101 0 0 0
21479 -0.180784 -0.00800737 0.01 100 100 0 0 0
21483 -0.159217 -0.00777129 0.01 72 72 0 0 0
21518 -0.16526 -0.00842503 0.01 99 99 0 0 0
21525 -0.174496 -0.00822357 0.01 100 100 0 0 0
21544 -0.161865 -0.00822357 0.01 99 99 0 0 0
21549 -0.175864 -0.00766249 0.01 72 72 0 0 0
21561 -0.177689 -0.00739808 0.01 99 99 0 0 0
21564 -0.177689 -0.00739808 0.01 99 99 0 0 0
21566 -0.111251 -0.00958355 0.01 49 49 0 0 0
