max_pf 99 min_pf 55
individual dGr dSr disp_rate patch_no b_patch_no mut_eff DdGr DdSr
13 -0.173106 -0.00855132 0.01 97 97 0 0 0
25 -0.121246 -0.00858728 0.01 57 57 -9.52184e-06 0 0.000216979
31 -0.143221 -0.00878944 0.01 72 72 0 0 0
33 -0.176518 -0.00837956 0.01 98 97 0 0 0
36 -0.176518 -0.00837956 0.01 98 98 0 0 0
54 -0.121246 -0.00880426 0.01 57 57 0 0 0
76 -0.107294 -0.00839008 0.01 72 72 0 0 0
83 -0.167218 -0.00789602 0.01 97 97 0 0 0
131 -0.121246 -0.00880426 0.01 55 55 0 0 0
133 -0.143272 -0.00895378 0.01 72 72 0 0 0
137 -0.107294 -0.00839008 0.01 72 72 0 0 0
138 -0.144475 -0.00880426 0.01 56 56 0 0 0
143 -0.127095 -0.00880426 0.01 56 56 0 0 0
153 -0.150868 -0.00901142 0.01 72 72 0 0 0
198 -0.169227 -0.00835937 0.01 98 98 0 0 0
199 -0.137813 -0.0082653 0.01 72 72 0 0 0
223 -0.176518 -0.00837956 0.01 97 96 0 0 0
225 -0.121246 -0.00880426 0.01 56 58 0 0 0
227 -0.127783 -0.00901142 0.01 72 72 -0.00846285 0.0230851 0
229 -0.176518 -0.00837956 0.01 99 99 0 0 0
238 -0.121246 -0.00880426 0.01 57 57 0 0 0
239 -0.127095 -0.00880426 0.01 57 57 0 0 0
262 -0.121246 -0.00880426 0.01 57 57 0 0 0
300 -0.0943281 -0.00880426 0.01 57 57 0 0 0
305 -0.127095 -0.00880426 0.01 56 56 0 0 0
315 -0.106499 -0.00880426 0.01 56 56 0 0 0
324 -0.121246 -0.00880196 0.01 57 57 0 0 0
337 -0.121246 -0.00880426 0.01 57 57 0 0 0
343 -0.121246 -0.00880426 0.01 57 57 0 0 0
346 -0.176518 -0.00837956 0.01 98 98 0 0 0
351 -0.167813 -0.00837956 0.01 99 99 0 0 0
363 -0.176518 -0.00837956 0.01 98 98 0 0 0
370 -0.121246 -0.00880426 0.01 57 57 0 0 0
390 -0.16305 -0.00921715 0.01 72 72 0 0 0
391 -0.167218 -0.00837956 0.01 97 97 0 0 0
393 -0.174645 -0.00892703 0.01 72 72 0 0 0
406 -0.121246 -0.00880426 0.01 57 57 0 0 0
421 -0.167218 -0.00837956 0.01 97 97 0 0 0
443 -0.162859 -0.00927187 0.01 72 72 0 0 0
468 -0.176518 -0.00837956 0.01 98 98 0 0 0
482 -0.167218 -0.00837956 0.01 97 97 0 0 0
483 -0.136887 -0.00864016 0.01 72 72 0 0 0
489 -0.121246 -0.00880426 0.01 57 57 0 0 0
499 -0.150868 -0.0085148 0.01 72 72 0 0 0
505 -0.118873 -0.00880426 0.01 57 57 -7.20769e-05 0.00237207 0
525 -0.167218 -0.00837956 0.01 98 98 0 0 0
534 -0.11717 -0.00880426 0.01 56 56 0 0 0
535 -0.167218 -0.00837956 0.01 97 97 0 0 0
536 -0.189546 -0.00922337 0.01 72 72 0 0 0
537 -0.154222 -0.00893671 0.01 72 72 0 0 0
545 -0.176518 -0.00837956 0.01 97 97 0 0 0
546 -0.11717 -0.00880426 0.01 57 57 0 0 0
550 -0.167218 -0.00837956 0.01 97 97 0 0 0
558 -0.116587 -0.0088636 0.01 56 56 0 0 0
563 -0.1475 -0.00917723 0.01 72 72 0 0 0
564 -0.167218 -0.0084982 0.01 97 97 -0.0129388 0 -0.000118638
585 -0.128461 -0.00880426 0.01 55 55 0 0 0
600 -0.121246 -0.00880426 0.01 57 57 0 0 0
601 -0.121246 -0.00865304 0.01 57 56 0 0 0
602 -0.121246 -0.00880426 0.01 56 56 0 0 0
611 -0.121246 -0.00880426 0.01 56 56 0 0 0
614 -0.176518 -0.00837956 0.01 97 97 0 0 0
616 -0.15301 -0.00935965 0.01 72 72 0 0 0
618 -0.167218 -0.00837956 0.01 97 97 0 0 0
628 -0.121246 -0.00880426 0.01 57 57 0 0 0
629 -0.167813 -0.00837956 0.01 99 99 0.00389767 -0.000594273 0
647 -0.121246 -0.00859686 0.01 57 57 0 0 0
648 -0.167218 -0.00837956 0.01 98 98 0 0 0
655 -0.121246 -0.00880426 0.01 57 58 0 0 0
672 -0.178932 -0.00922706 0.01 72 72 0 0 0
689 -0.167218 -0.00837956 0.01 97 97 0 0 0
690 -0.121246 -0.00880426 0.01 56 56 0 0 0
706 -0.121246 -0.00865304 0.01 55 56 0 0 0
718 -0.128461 -0.00880426 0.01 55 55 0 0 0
725 -0.109428 -0.00880426 0.01 57 57 -0.000433296 0.0118174 0
732 -0.176518 -0.00837956 0.01 98 98 0 0 0
736 -0.150868 -0.00901142 0.01 72 72 0 0 0
744 -0.167218 -0.00837956 0.01 99 99 0 0 0
770 -0.169227 -0.00835937 0.01 97 97 0 0 0
777 -0.150868 -0.00901142 0.01 72 72 0 0 0
782 -0.121246 -0.00876584 0.01 57 56 -1.80304e-06 0 3.84208e-05
789 -0.135375 -0.00880426 0.01 56 56 0.000254706 -0.0141292 0
804 -0.176518 -0.00837956 0.01 98 98 0 0 0
806 -0.164531 -0.00837956 0.01 99 99 0 0 0
809 -0.167218 -0.00837956 0.01 97 97 0 0 0
811 -0.162888 -0.00837956 0.01 98 98 0 0 0
814 -0.121246 -0.00880426 0.01 55 56 0 0 0
827 -0.176518 -0.00837956 0.01 98 98 0 0 0
829 -0.176518 -0.00837956 0.01 97 96 0 0 0
831 -0.127095 -0.00880426 0.01 57 57 0 0 0
834 -0.121246 -0.00880426 0.01 57 57 0 0 0
855 -0.127095 -0.00880426 0.01 55 55 0 0 0
858 -0.167218 -0.00837956 0.01 99 98 0 0 0
860 -0.121246 -0.00880426 0.01 56 56 0 0 0
868 -0.143221 -0.00878944 0.01 72 72 0 0 0
889 -0.176518 -0.00837956 0.01 98 98 0 0 0
908 -0.150868 -0.00901142 0.01 72 72 0 0 0
911 -0.121246 -0.00880426 0.01 56 57 0 0 0
912 -0.177359 -0.00937074 0.01 72 72 0 0 0
926 -0.184298 -0.00927051 0.01 72 72 0 0 0
928 -0.121246 -0.00880426 0.01 57 57 0 0 0
948 -0.11717 -0.00880426 0.01 56 56 0 0 0
949 -0.134007 -0.00880426 0.01 55 55 0 0 0
954 -0.121246 -0.00854836 0.01 57 57 0 0 0
957 -0.167218 -0.00837956 0.01 97 97 0 0 0
973 -0.169227 -0.00835937 0.01 97 97 0 0 0
984 -0.116142 -0.00880426 0.01 56 56 0 0 0
987 -0.127095 -0.00880426 0.01 57 57 0 0 0
989 -0.167218 -0.00837956 0.01 98 98 0 0 0
996 -0.121246 -0.00880426 0.01 56 56 0 0 0
999 -0.121246 -0.00840734 0.01 56 56 0 0 0
1003 -0.163726 -0.00895271 0.01 72 72 0 0 0
1004 -0.166668 -0.00968069 0.01 72 72 -0.000399113 0 -0.00044833
1007 -0.121246 -0.00880426 0.01 57 57 0 0 0
1031 -0.121246 -0.0090086 0.01 55 55 0 0 0
1040 -0.121246 -0.00880426 0.01 56 56 0 0 0
1041 -0.167218 -0.00837956 0.01 99 99 0 0 0
1047 -0.167218 -0.00837956 0.01 99 99 0 0 0
1051 -0.121246 -0.00880426 0.01 56 56 0 0 0
1072 -0.167218 -0.00837956 0.01 97 97 0 0 0
1082 -0.107294 -0.00831794 0.01 72 72 0 0 0
1084 -0.127095 -0.00880426 0.01 56 56 0 0 0
1099 -0.121246 -0.00880426 0.01 57 57 0 0 0
1112 -0.121246 -0.00880426 0.01 56 57 0 0 0
1119 -0.127095 -0.00880426 0.01 57 57 0 0 0
1167 -0.176518 -0.00837956 0.01 98 98 0 0 0
1168 -0.121246 -0.00880426 0.01 57 57 0 0 0
1174 -0.162888 -0.00837956 0.01 98 98 0 0 0
1187 -0.174645 -0.00892703 0.01 72 72 0 0 0
1190 -0.134797 -0.00880426 0.01 56 56 0 0 0
1192 -0.127095 -0.00880426 0.01 56 56 0 0 0
1206 -0.204072 -0.00859535 0.01 72 72 0 0 0
1217 -0.167869 -0.00849486 0.01 72 72 0 0 0
1219 -0.176518 -0.00837956 0.01 98 98 0 0 0
1226 -0.161477 -0.00937259 0.01 72 71 0 0 0
1230 -0.167218 -0.00837956 0.01 98 98 0 0 0
1233 -0.167218 -0.00837956 0.01 97 97 0 0 0
1249 -0.121246 -0.00871817 0.01 57 57 0 0 0
1258 -0.193507 -0.00923232 0.01 72 72 0 0 0
1268 -0.121246 -0.00865304 0.01 57 57 0 0 0
1272 -0.121246 -0.00880426 0.01 57 57 0 0 0
1283 -0.170223 -0.00924281 0.01 72 72 0 0 0
1284 -0.121246 -0.00880426 0.01 57 57 0 0 0
1290 -0.127095 -0.00880426 0.01 57 57 0 0 0
1303 -0.178932 -0.00903483 0.01 72 72 0 0 0
1328 -0.164531 -0.00837956 0.01 99 99 0 0 0
1330 -0.167218 -0.00837956 0.01 97 97 0 0 0
1348 -0.167218 -0.00837956 0.01 97 97 0 0 0
1370 -0.176518 -0.00837956 0.01 98 98 0 0 0
1379 -0.176518 -0.00837956 0.01 98 98 0 0 0
1384 -0.121246 -0.00880426 0.01 56 56 0 0 0
1386 -0.134979 -0.00880426 0.01 56 56 -0.000109687 0.00949608 0
1396 -0.163726 -0.00895271 0.01 72 72 0 0 0
1400 -0.145242 -0.00921126 0.01 72 72 0 0 0
1401 -0.189303 -0.00953571 0.01 72 72 0 0 0
1405 -0.121246 -0.00880426 0.01 57 57 0 0 0
1409 -0.176518 -0.00837956 0.01 97 96 0 0 0
1410 -0.176518 -0.00837956 0.01 98 98 0 0 0
1431 -0.121246 -0.00880426 0.01 57 57 0 0 0
1435 -0.121246 -0.00880426 0.01 57 57 0 0 0
1438 -0.121246 -0.00880426 0.01 55 55 0 0 0
1439 -0.116587 -0.00880426 0.01 56 56 0 0 0
1443 -0.166804 -0.00837956 0.01 98 98 -0.0586525 0.00971417 0
1448 -0.121246 -0.00880426 0.01 56 56 0 0 0
1450 -0.14612 -0.00888539 0.01 72 72 0 0 0
1456 -0.177359 -0.00937074 0.01 72 72 0 0 0
1470 -0.121246 -0.00880426 0.01 56 57 0 0 0
1471 -0.167218 -0.00837956 0.01 98 98 0 0 0
1473 -0.128461 -0.00880426 0.01 55 54 0 0 0
1479 -0.116587 -0.0088636 0.01 56 56 0 0 0
1505 -0.136339 -0.00880426 0.01 56 56 2.07722e-05 -0.00154199 0
1526 -0.134007 -0.00880426 0.01 55 55 0 0 0
1540 -0.177434 -0.00943143 0.01 72 71 0 0 0
1547 -0.176518 -0.00837956 0.01 98 98 0 0 0
1551 -0.170223 -0.00924281 0.01 72 72 0 0 0
1559 -0.121246 -0.00865304 0.01 56 56 0 0 0
1560 -0.121246 -0.00896957 0.01 56 56 7.6592e-06 0 -0.000165314
1568 -0.117145 -0.00879014 0.01 72 72 -0.0021487 0.00315142 0
1571 -0.176518 -0.00837956 0.01 97 97 0 0 0
1576 -0.137813 -0.0082653 0.01 72 72 0 0 0
1600 -0.213066 -0.00920582 0.01 72 72 0 0 0
1601 -0.120578 -0.008886 0.01 72 72 0 0 0
1606 -0.130497 -0.00880426 0.01 55 55 0 0 0
1616 -0.127095 -0.00880426 0.01 57 57 0 0 0
1619 -0.121246 -0.00880426 0.01 57 57 0 0 0
1638 -0.116587 -0.00880426 0.01 56 56 0 0 0
1651 -0.167218 -0.00837956 0.01 98 98 0 0 0
1663 -0.121246 -0.00880426 0.01 57 57 0 0 0
1665 -0.121246 -0.00880426 0.01 56 56 0 0 0
1667 -0.169227 -0.00835937 0.01 97 97 0 0 0
1672 -0.143272 -0.00895378 0.01 72 72 0 0 0
1673 -0.167218 -0.00837956 0.01 98 98 0 0 0
1674 -0.14612 -0.00888539 0.01 72 72 0 0 0
1678 -0.176518 -0.00837956 0.01 97 98 0 0 0
1682 -0.167218 -0.00837956 0.01 97 97 0 0 0
1704 -0.121246 -0.00880426 0.01 57 57 0 0 0
1705 -0.121246 -0.00880426 0.01 57 58 0 0 0
1707 -0.177833 -0.00932972 0.01 72 72 0 0 0
1709 -0.167218 -0.00837956 0.01 98 98 0 0 0
1717 -0.121246 -0.00865304 0.01 57 57 0 0 0
1724 -0.126898 -0.0082653 0.01 72 72 -0.00428054 0.0109155 0
1738 -0.176518 -0.00837956 0.01 97 97 0 0 0
1762 -0.176518 -0.00837956 0.01 99 99 0 0 0
1765 -0.166668 -0.00923236 0.01 72 71 0 0 0
1783 -0.162468 -0.00895271 0.01 72 72 0 0 0
1795 -0.150868 -0.00927513 0.01 72 72 -0.000387803 0 -0.000263713
1798 -0.121246 -0.00880426 0.01 57 57 0 0 0
1816 -0.122073 -0.00865304 0.01 57 57 0 0 0
1837 -0.167218 -0.00837956 0.01 98 98 0 0 0
1844 -0.116587 -0.00880426 0.01 56 56 0 0 0
1851 -0.121246 -0.00865304 0.01 55 55 0 0 0
1853 -0.144475 -0.00880426 0.01 56 56 0 0 0
1858 -0.176518 -0.00837956 0.01 98 98 0 0 0
1862 -0.185328 -0.00892703 0.01 72 72 0 0 0
1863 -0.179723 -0.00943031 0.01 72 72 0 0 0
1864 -0.121246 -0.00865304 0.01 57 57 0 0 0
1869 -0.121246 -0.00865304 0.01 56 55 0 0 0
1872 -0.189303 -0.00939175 0.01 72 72 0 0 0
1876 -0.143221 -0.00894608 0.01 72 72 0 0 0
1883 -0.134797 -0.00880426 0.01 56 56 0 0 0
1898 -0.11372 -0.00880426 0.01 56 56 0 0 0
1907 -0.127095 -0.00880426 0.01 56 56 0 0 0
1953 -0.121246 -0.00840734 0.01 56 56 0 0 0
1962 -0.121246 -0.00880426 0.01 57 57 0 0 0
1964 -0.204072 -0.00859535 0.01 72 72 0 0 0
1965 -0.121246 -0.00880426 0.01 56 56 0 0 0
1977 -0.180516 -0.00924281 0.01 72 72 0 0 0
1980 -0.176518 -0.00837956 0.01 97 97 0 0 0
1988 -0.184298 -0.00927051 0.01 72 72 0 0 0
2004 -0.167218 -0.00753131 0.01 97 97 0.0342045 0 0.000364708
2044 -0.176518 -0.00837956 0.01 98 98 0 0 0
2045 -0.134797 -0.00880426 0.01 57 57 0 0 0
2046 -0.121246 -0.00880239 0.01 57 57 0 0 0
2048 -0.176518 -0.00858979 0.01 97 96 0 0 0
2055 -0.189303 -0.00939175 0.01 72 72 0 0 0
2067 -0.167218 -0.00837956 0.01 97 97 0 0 0
2083 -0.121246 -0.00860082 0.01 55 55 0 0 0
2092 -0.150868 -0.00892479 0.01 72 72 0 0 0
2097 -0.177359 -0.00937074 0.01 72 72 0 0 0
2118 -0.121246 -0.00880426 0.01 55 56 0 0 0
2162 -0.121246 -0.00880426 0.01 57 57 0 0 0
2178 -0.127095 -0.00880426 0.01 56 56 0 0 0
2182 -0.167869 -0.00895271 0.01 72 72 0 0 0
2187 -0.121246 -0.00865304 0.01 57 57 0 0 0
2216 -0.121246 -0.00880426 0.01 57 57 0 0 0
2221 -0.169227 -0.00835937 0.01 97 97 0 0 0
2252 -0.174645 -0.00892703 0.01 72 72 0 0 0
2269 -0.167869 -0.00852521 0.01 72 72 0 0 0
2276 -0.176518 -0.00837956 0.01 98 98 0 0 0
2285 -0.178932 -0.00922706 0.01 72 72 0 0 0
2286 -0.121246 -0.00865304 0.01 56 56 0 0 0
2287 -0.121246 -0.00904494 0.01 56 56 0 0 0
2299 -0.167813 -0.00837956 0.01 99 99 0 0 0
2302 -0.167218 -0.00837956 0.01 98 98 0 0 0
2317 -0.167218 -0.00837956 0.01 98 98 0 0 0
2318 -0.127095 -0.00865885 0.01 56 56 -5.45382e-06 0 0.000145406
2321 -0.176518 -0.00837956 0.01 98 98 0 0 0
2325 -0.167869 -0.00895271 0.01 72 72 0 0 0
2353 -0.127095 -0.00880426 0.01 57 57 0 0 0
2365 -0.170223 -0.00924281 0.01 72 72 0 0 0
2369 -0.121246 -0.00880426 0.01 56 58 0 0 0
2374 -0.173145 -0.00924302 0.01 72 72 0 0 0
2387 -0.167218 -0.00837956 0.01 97 97 0 0 0
2388 -0.173636 -0.00923236 0.01 72 71 0 0 0
2392 -0.176518 -0.00837956 0.01 97 97 0 0 0
2404 -0.1714 -0.00835937 0.01 97 97 0 0 0
2418 -0.163726 -0.00895271 0.01 72 72 -0.000568599 0.00414316 0
2434 -0.121246 -0.00880426 0.01 56 56 0 0 0
2445 -0.176518 -0.00837956 0.01 98 98 0 0 0
2454 -0.127095 -0.00880426 0.01 56 56 0 0 0
2455 -0.121246 -0.00880426 0.01 57 57 0 0 0
2461 -0.176518 -0.00837956 0.01 97 97 0 0 0
2471 -0.145242 -0.00921126 0.01 72 72 0 0 0
2476 -0.176518 -0.00837956 0.01 98 98 0 0 0
2487 -0.193507 -0.00923232 0.01 72 72 0 0 0
2488 -0.167218 -0.00837956 0.01 98 98 0 0 0
2524 -0.121246 -0.00880426 0.01 57 57 0 0 0
2535 -0.121246 -0.00865304 0.01 56 56 0 0 0
2552 -0.127095 -0.00880426 0.01 57 57 0 0 0
2557 -0.121246 -0.00880426 0.01 57 57 0 0 0
2565 -0.167869 -0.00895271 0.01 72 72 0 0 0
2588 -0.167218 -0.00837956 0.01 98 98 0 0 0
2606 -0.167869 -0.00895271 0.01 72 71 0 0 0
2630 -0.173106 -0.00837956 0.01 97 97 0 0 0
2678 -0.17523 -0.00924281 0.01 72 72 0 0 0
2707 -0.127095 -0.00880426 0.01 56 56 0 0 0
2716 -0.176518 -0.00837956 0.01 98 98 0 0 0
2718 -0.122073 -0.00865304 0.01 57 57 0 0 0
2722 -0.167813 -0.00837956 0.01 99 99 0 0 0
2725 -0.154222 -0.00893671 0.01 72 72 0 0 0
2732 -0.121246 -0.00863517 0.01 57 57 0 0 0
2741 -0.167218 -0.00837956 0.01 98 98 0 0 0
2745 -0.176518 -0.00837956 0.01 98 98 0 0 0
2789 -0.167218 -0.00837956 0.01 97 97 0 0 0
2790 -0.144475 -0.00880426 0.01 56 56 0 0 0
2794 -0.127095 -0.00880426 0.01 56 56 0 0 0
2799 -0.127095 -0.00880426 0.01 56 56 0 0 0
2810 -0.121246 -0.00880426 0.01 56 56 0 0 0
2813 -0.17587 -0.00937074 0.01 72 72 0 0 0
2814 -0.107294 -0.00831794 0.01 72 72 0 0 0
2817 -0.176561 -0.00835937 0.01 97 97 0 0 0
2820 -0.178932 -0.00903483 0.01 72 72 0 0 0
2827 -0.121246 -0.00880426 0.01 57 56 0 0 0
2836 -0.167218 -0.00837956 0.01 97 97 0 0 0
2842 -0.154222 -0.00915377 0.01 72 72 0.000776306 -0.00335361 0
2843 -0.121246 -0.00880426 0.01 57 57 0 0 0
2850 -0.121246 -0.00880426 0.01 57 57 0 0 0
2851 -0.143272 -0.00895378 0.01 72 72 0 0 0
2857 -0.121246 -0.00865304 0.01 56 56 0 0 0
2858 -0.121246 -0.00880426 0.01 56 56 0 0 0
2859 -0.136887 -0.00864016 0.01 72 72 0 0 0
2876 -0.133255 -0.00921172 0.01 72 72 0 0 0
2881 -0.137813 -0.0082653 0.01 72 72 0 0 0
2894 -0.1714 -0.00835937 0.01 97 97 0 0 0
2906 -0.127095 -0.00880426 0.01 57 57 0 0 0
2917 -0.167218 -0.00837956 0.01 97 97 0 0 0
2918 -0.121246 -0.00854836 0.01 57 57 0 0 0
2925 -0.107294 -0.00825025 0.01 72 72 0 0 0
2931 -0.173145 -0.00924302 0.01 72 72 0 0 0
2939 -0.183523 -0.00837956 0.01 98 98 0.0387886 -0.00700462 0
2945 -0.121246 -0.00880426 0.01 57 57 0 0 0
2954 -0.167218 -0.00837956 0.01 97 97 0 0 0
2955 -0.116587 -0.00880426 0.01 56 56 0 0 0
2956 -0.121246 -0.00880426 0.01 56 57 0 0 0
2970 -0.121246 -0.00863517 0.01 57 57 0 0 0
2976 -0.124151 -0.00907108 0.01 72 72 0 0 0
2989 -0.127095 -0.00880426 0.01 57 57 0 0 0
2995 -0.11717 -0.00880426 0.01 56 56 0 0 0
2997 -0.121246 -0.00865304 0.01 56 56 0 0 0
2998 -0.132602 -0.00921126 0.01 72 72 0 0 0
2999 -0.167218 -0.00837956 0.01 99 99 0 0 0
3001 -0.181951 -0.0089259 0.01 72 72 0 0 0
3043 -0.121246 -0.00880426 0.01 57 57 0 0 0
3044 -0.121246 -0.00880426 0.01 57 58 0 0 0
3080 -0.167218 -0.00837956 0.01 97 97 0 0 0
3083 -0.128461 -0.00932444 0.01 55 55 0 0 0
3089 -0.121246 -0.00880426 0.01 56 56 0 0 0
3095 -0.121246 -0.00880426 0.01 56 56 0 0 0
3104 -0.167218 -0.00837956 0.01 97 97 0 0 0
3126 -0.174645 -0.00892703 0.01 72 72 0 0 0
3129 -0.121246 -0.00880426 0.01 56 57 0 0 0
3133 -0.176518 -0.00837956 0.01 98 98 0 0 0
3148 -0.145242 -0.00921126 0.01 72 72 0 0 0
3151 -0.167813 -0.00837956 0.01 99 99 0 0 0
3153 -0.176518 -0.00837956 0.01 97 97 0 0 0
3155 -0.121246 -0.00865304 0.01 57 57 0 0 0
3167 -0.121246 -0.00880426 0.01 57 57 0 0 0
3171 -0.121246 -0.00880426 0.01 57 57 0 0 0
3178 -0.176518 -0.00811281 0.01 97 97 0 0 0
3182 -0.127095 -0.00880426 0.01 56 56 0 0 0
3184 -0.167218 -0.00837956 0.01 97 97 0 0 0
3187 -0.150868 -0.009213 0.01 72 72 0 0 0
3191 -0.1714 -0.00835937 0.01 97 97 0 0 0
3206 -0.189546 -0.00925189 0.01 72 72 0 0 0
3241 -0.127095 -0.00880426 0.01 57 57 0 0 0
3255 -0.175662 -0.00837956 0.01 98 98 0 0 0
3256 -0.133255 -0.00921172 0.01 72 72 0 0 0
3277 -0.176518 -0.00837956 0.01 99 99 0 0 0
3280 -0.121246 -0.00880426 0.01 55 55 0 0 0
3286 -0.127095 -0.00880426 0.01 56 56 0 0 0
3312 -0.104285 -0.00880426 0.01 57 58 -0.000211418 0.00328188 0
3314 -0.116587 -0.00880426 0.01 56 56 0 0 0
3344 -0.1714 -0.00835937 0.01 97 97 0 0 0
3347 -0.121246 -0.00880426 0.01 57 57 0 0 0
3349 -0.167218 -0.00837956 0.01 98 98 0 0 0
3363 -0.121246 -0.00880426 0.01 57 57 0 0 0
3365 -0.167218 -0.00837956 0.01 97 97 0 0 0
3366 -0.127095 -0.00880426 0.01 55 55 0 0 0
3367 -0.150868 -0.00892479 0.01 72 72 0 0 0
3392 -0.127095 -0.00880426 0.01 57 57 0 0 0
3399 -0.178932 -0.00874758 0.01 72 71 0 0 0
3406 -0.213066 -0.00920582 0.01 72 72 0 0 0
3413 -0.121246 -0.0090086 0.01 55 55 0 0 0
3423 -0.121246 -0.00865304 0.01 56 56 0 0 0
3442 -0.169227 -0.00835937 0.01 97 97 0 0 0
3459 -0.121246 -0.00880426 0.01 57 57 0 0 0
3494 -0.121246 -0.00880426 0.01 55 56 0 0 0
3499 -0.123113 -0.00880426 0.01 57 58 0 0 0
3504 -0.121246 -0.00850126 0.01 57 57 0 0 0
3506 -0.179723 -0.00943031 0.01 72 72 0 0 0
3510 -0.127095 -0.00880426 0.01 57 57 0 0 0
3513 -0.127095 -0.00880426 0.01 57 57 0 0 0
3529 -0.193507 -0.00958536 0.01 72 73 0 0 0
3538 -0.167218 -0.00837956 0.01 97 97 0 0 0
3556 -0.167813 -0.00837956 0.01 99 99 0 0 0
3564 -0.167218 -0.00837956 0.01 98 98 0 0 0
3568 -0.127095 -0.00880426 0.01 57 57 0 0 0
3574 -0.121246 -0.00880196 0.01 57 57 0 0 0
3590 -0.127095 -0.00880426 0.01 57 57 0 0 0
3601 -0.167218 -0.00837956 0.01 98 98 0 0 0
3611 -0.121246 -0.00880426 0.01 57 58 0 0 0
3626 -0.134797 -0.00880426 0.01 56 56 0 0 0
3635 -0.193507 -0.00958536 0.01 72 73 0 0 0
3652 -0.134797 -0.00880426 0.01 56 56 0 0 0
3661 -0.121246 -0.00880426 0.01 56 56 0 0 0
3665 -0.128461 -0.00880426 0.01 55 55 0 0 0
3666 -0.127095 -0.00880426 0.01 56 56 0 0 0
3667 -0.128461 -0.00880426 0.01 55 55 0 0 0
3675 -0.121246 -0.00880426 0.01 57 57 0 0 0
3677 -0.121246 -0.00880426 0.01 57 58 0 0 0
3691 -0.176518 -0.00837956 0.01 97 98 0 0 0
3705 -0.116587 -0.00880426 0.01 56 56 0 0 0
3731 -0.213066 -0.00920582 0.01 72 72 0 0 0
3735 -0.167218 -0.00837956 0.01 98 98 0 0 0
3747 -0.150868 -0.00892479 0.01 72 72 0 0 0
3750 -0.167218 -0.00837956 0.01 98 97 0 0 0
3753 -0.121246 -0.00840734 0.01 55 56 0 0 0
3758 -0.134007 -0.00880426 0.01 55 55 0 0 0
3759 -0.167813 -0.00837956 0.01 99 99 0 0 0
3760 -0.121246 -0.00880426 0.01 56 56 0 0 0
3774 -0.176518 -0.00837956 0.01 98 98 0 0 0
3796 -0.116142 -0.00880426 0.01 57 57 0 0 0
3798 -0.167218 -0.00837956 0.01 98 98 0 0 0
3807 -0.121246 -0.00880426 0.01 57 57 0 0 0
3810 -0.162311 -0.00928289 0.01 72 72 0 0 0
3838 -0.177833 -0.00932972 0.01 72 72 0 0 0
3867 -0.121246 -0.00880426 0.01 57 57 0 0 0
3876 -0.121246 -0.00880426 0.01 57 57 0 0 0
3886 -0.121246 -0.00865304 0.01 55 55 0 0 0
3910 -0.121246 -0.00880426 0.01 57 57 0 0 0
3920 -0.127095 -0.00880426 0.01 56 56 0 0 0
3936 -0.121246 -0.00865304 0.01 55 55 0 0 0
3937 -0.167218 -0.00837956 0.01 98 98 0 0 0
3950 -0.116587 -0.00880426 0.01 56 56 0 0 0
3957 -0.121246 -0.00880426 0.01 57 57 0 0 0
3965 -0.170223 -0.00924281 0.01 72 72 0 0 0
3971 -0.176518 -0.00811281 0.01 97 97 0 0 0
3972 -0.121246 -0.00880426 0.01 57 57 0 0 0
3977 -0.107567 -0.00880426 0.01 57 58 0 0 0
3985 -0.176518 -0.00837956 0.01 97 97 0 0 0
3994 -0.176561 -0.00835937 0.01 98 98 0 0 0
4005 -0.121246 -0.00880426 0.01 57 58 0 0 0
4018 -0.121246 -0.00880426 0.01 57 57 0 0 0
4019 -0.167218 -0.00837956 0.01 98 98 0 0 0
4032 -0.180516 -0.00924281 0.01 72 72 0 0 0
4044 -0.167218 -0.00837956 0.01 98 98 0 0 0
4053 -0.181951 -0.0089259 0.01 72 72 0 0 0
4065 -0.167218 -0.00837956 0.01 97 97 0 0 0
4087 -0.176518 -0.00837956 0.01 98 98 0 0 0
4132 -0.127095 -0.00880426 0.01 57 57 0 0 0
4134 -0.102782 -0.00880426 0.01 57 57 -0.000649139 0.0143881 0
4138 -0.144475 -0.00880426 0.01 56 56 0 0 0
4141 -0.121246 -0.00865304 0.01 57 57 0 0 0
4166 -0.11717 -0.00880426 0.01 56 56 0 0 0
4171 -0.121246 -0.00872472 0.01 57 57 0 0 0
4173 -0.121514 -0.00880426 0.01 57 58 0 0 0
4192 -0.176518 -0.00837956 0.01 98 98 0 0 0
4206 -0.167218 -0.00837956 0.01 98 97 0 0 0
4208 -0.116587 -0.00880426 0.01 56 56 0 0 0
4209 -0.121246 -0.00880426 0.01 56 56 0 0 0
4239 -0.180516 -0.00924281 0.01 72 72 0 0 0
4264 -0.167869 -0.00895271 0.01 72 72 0 0 0
4276 -0.167218 -0.00837956 0.01 98 98 0 0 0
4321 -0.121246 -0.00860082 0.01 55 55 0 0 0
4350 -0.121246 -0.00880426 0.01 57 57 0 0 0
4352 -0.178932 -0.00903483 0.01 72 72 0 0 0
4356 -0.170412 -0.00835937 0.01 97 97 0.00674582 -0.00118417 0
4371 -0.158627 -0.00926481 0.01 72 72 0 0 0
4375 -0.204072 -0.00859535 0.01 72 72 0 0 0
4404 -0.127095 -0.00880426 0.01 56 56 0 0 0
4451 -0.175907 -0.0095319 0.01 72 72 0 0 0
4453 -0.127095 -0.00880426 0.01 56 56 0 0 0
4454 -0.121246 -0.00880426 0.01 57 57 0 0 0
4467 -0.176518 -0.00837956 0.01 99 99 0 0 0
4502 -0.167218 -0.00837956 0.01 98 98 0 0 0
4511 -0.121246 -0.00880426 0.01 57 57 0 0 0
4519 -0.176518 -0.00837956 0.01 98 98 0 0 0
4561 -0.189303 -0.00939175 0.01 72 72 0 0 0
4582 -0.176518 -0.0079521 0.01 97 97 0.0395129 0 0.000427454
4585 -0.167218 -0.00837956 0.01 99 99 0 0 0
4593 -0.121246 -0.00854836 0.01 57 57 0 0 0
4595 -0.121246 -0.00880426 0.01 57 57 0 0 0
4605 -0.176518 -0.00837956 0.01 98 98 0 0 0
4618 -0.11717 -0.00880426 0.01 56 56 0 0 0
4622 -0.128461 -0.00880426 0.01 55 55 0 0 0
4641 -0.121246 -0.00880426 0.01 56 57 0 0 0
4656 -0.143221 -0.00878944 0.01 72 72 0 0 0
4665 -0.167218 -0.00837956 0.01 97 97 0 0 0
4677 -0.121246 -0.00880426 0.01 56 56 0 0 0
4687 -0.184298 -0.00927051 0.01 72 72 0 0 0
4707 -0.184298 -0.00927051 0.01 72 72 0 0 0
4724 -0.176518 -0.00837956 0.01 98 98 0 0 0
4741 -0.121246 -0.00880426 0.01 57 58 0 0 0
4743 -0.127095 -0.00880426 0.01 55 55 0 0 0
4748 -0.167218 -0.00837956 0.01 97 97 0 0 0
4755 -0.177201 -0.0088359 0.01 72 72 0 0 0
4759 -0.127095 -0.00880426 0.01 57 57 0 0 0
4761 -0.180516 -0.009028 0.01 72 71 0 0 0
4767 -0.167218 -0.00837956 0.01 99 98 0 0 0
4768 -0.116587 -0.00880426 0.01 55 55 0 0 0
4791 -0.167218 -0.00837956 0.01 98 98 0 0 0
4799 -0.167218 -0.00837956 0.01 98 98 0 0 0
4823 -0.121246 -0.00865304 0.01 56 56 0 0 0
4828 -0.176518 -0.00837956 0.01 97 97 0 0 0
4844 -0.121246 -0.00880426 0.01 55 56 0 0 0
4849 -0.213066 -0.00920582 0.01 72 72 0 0 0
4855 -0.167218 -0.00837956 0.01 97 97 0 0 0
4856 -0.167218 -0.00837956 0.01 97 97 0 0 0
4857 -0.116587 -0.00880426 0.01 56 56 0 0 0
4861 -0.116587 -0.00880426 0.01 56 56 0 0 0
4893 -0.121246 -0.00865304 0.01 56 56 0 0 0
4895 -0.193507 -0.00923232 0.01 72 72 0 0 0
4897 -0.127095 -0.00880426 0.01 57 57 0 0 0
4931 -0.166668 -0.00923236 0.01 72 72 0 0 0
4939 -0.176518 -0.00837956 0.01 98 98 0 0 0
4961 -0.121246 -0.00880426 0.01 57 57 0 0 0
4965 -0.176518 -0.00837956 0.01 98 98 0 0 0
4966 -0.121246 -0.00865304 0.01 56 56 0 0 0
4972 -0.121246 -0.00880426 0.01 57 56 0 0 0
4986 -0.178932 -0.00922706 0.01 72 72 0 0 0
4989 -0.116587 -0.00880426 0.01 55 56 0 0 0
4997 -0.121246 -0.00880426 0.01 55 56 0 0 0
5007 -0.150868 -0.00892479 0.01 72 72 0 0 0
5009 -0.167218 -0.00837956 0.01 97 97 0 0 0
5013 -0.121246 -0.00880426 0.01 56 56 0 0 0
5022 -0.121246 -0.00880426 0.01 56 56 0 0 0
5027 -0.121246 -0.00865304 0.01 57 57 0 0 0
5028 -0.121246 -0.00880426 0.01 57 57 0 0 0
5034 -0.204072 -0.00859535 0.01 72 72 0 0 0
5063 -0.184298 -0.00927051 0.01 72 72 0 0 0
5070 -0.184311 -0.00878034 0.01 72 72 0 0 0
5071 -0.121246 -0.00880426 0.01 56 56 0 0 0
5076 -0.121246 -0.00880426 0.01 56 56 0 0 0
5087 -0.116587 -0.00880426 0.01 56 56 0 0 0
5109 -0.121246 -0.00904832 0.01 56 56 1.12802e-05 0 -0.000244063
5127 -0.167218 -0.00837956 0.01 97 97 0 0 0
5131 -0.1714 -0.00835937 0.01 97 97 0 0 0
5135 -0.130497 -0.00880426 0.01 55 55 0 0 0
5142 -0.167218 -0.00837956 0.01 97 96 0 0 0
5149 -0.121246 -0.00880426 0.01 57 56 0 0 0
5161 -0.176518 -0.00809254 0.01 97 97 0.0270708 0 0.000287014
5167 -0.121246 -0.00880426 0.01 57 57 0 0 0
5175 -0.132602 -0.00921126 0.01 72 72 0 0 0
5181 -0.17942 -0.00923302 0.01 72 72 0 0 0
5182 -0.213066 -0.00920582 0.01 72 72 0 0 0
5185 -0.167218 -0.00837956 0.01 97 97 0 0 0
5201 -0.121246 -0.00880426 0.01 57 57 0 0 0
5208 -0.114259 -0.00830404 0.01 57 59 0 0 0
5219 -0.121246 -0.00880426 0.01 56 56 0 0 0
5224 -0.150868 -0.00892479 0.01 72 72 0 0 0
5249 -0.167218 -0.00837956 0.01 97 97 0 0 0
5257 -0.16305 -0.00921715 0.01 72 72 0 0 0
5268 -0.162888 -0.00850573 0.01 98 98 -0.0152184 0 -0.000126172
5273 -0.117976 -0.00880426 0.01 57 58 -0.000125572 0.00326938 0
5274 -0.150868 -0.0085148 0.01 72 72 0.000520781 0 0.000388618
5276 -0.121246 -0.00880426 0.01 57 57 0 0 0
5279 -0.144475 -0.00880426 0.01 56 56 0 0 0
5296 -0.116142 -0.00880426 0.01 56 56 0 0 0
5303 -0.176518 -0.00837956 0.01 98 98 0 0 0
5312 -0.167664 -0.00837956 0.01 98 98 0 0 0
5316 -0.121246 -0.00880426 0.01 57 57 0 0 0
5319 -0.1475 -0.00917723 0.01 72 72 0 0 0
5324 -0.167218 -0.00837956 0.01 99 99 0 0 0
5335 -0.121246 -0.00880426 0.01 57 57 0 0 0
5352 -0.167218 -0.00837956 0.01 98 98 0 0 0
5363 -0.121246 -0.00880426 0.01 56 56 0 0 0
5370 -0.164041 -0.00837956 0.01 98 98 -0.0760052 0.0124767 0
5371 -0.167218 -0.00837956 0.01 97 97 0 0 0
5375 -0.11717 -0.00880426 0.01 56 56 0 0 0
5382 -0.176518 -0.00837956 0.01 98 98 0 0 0
5395 -0.121246 -0.00920596 0.01 56 56 0 0 0
5396 -0.121246 -0.00865304 0.01 57 57 0 0 0
5401 -0.176518 -0.00837956 0.01 97 97 0 0 0
5407 -0.167218 -0.00837956 0.01 97 97 0 0 0
5410 -0.167218 -0.00837956 0.01 99 99 0 0 0
5433 -0.167218 -0.00837956 0.01 98 98 0 0 0
5439 -0.184311 -0.00878034 0.01 72 71 0 0 0
5442 -0.127095 -0.00880426 0.01 55 55 0 0 0
5453 -0.127095 -0.00880426 0.01 56 56 0 0 0
5478 -0.127095 -0.00880426 0.01 57 57 0 0 0
5484 -0.17697 -0.00837956 0.01 97 97 0 0 0
5486 -0.167218 -0.00837956 0.01 98 98 0 0 0
5492 -0.121246 -0.00880426 0.01 57 57 0 0 0
5494 -0.127095 -0.00880426 0.01 56 55 0 0 0
5501 -0.167218 -0.00837956 0.01 97 97 0 0 0
5518 -0.185328 -0.00892703 0.01 72 72 0 0 0
5530 -0.128461 -0.00880426 0.01 55 55 0 0 0
5532 -0.176518 -0.00837956 0.01 98 98 0 0 0
5536 -0.169227 -0.00835937 0.01 98 98 0 0 0
5537 -0.121246 -0.00871817 0.01 57 57 0 0 0
5542 -0.17697 -0.00837956 0.01 97 97 0.054376 -0.0097512 0
5552 -0.180516 -0.00924281 0.01 72 72 0 0 0
5553 -0.121246 -0.00880426 0.01 56 56 0 0 0
5570 -0.169227 -0.00835937 0.01 98 98 0 0 0
5576 -0.11717 -0.00880426 0.01 56 56 0 0 0
5577 -0.178932 -0.00903483 0.01 72 72 0 0 0
5596 -0.151845 -0.00848158 0.01 72 72 0 0 0
5604 -0.180516 -0.00924281 0.01 72 72 0 0 0
5611 -0.176518 -0.00837956 0.01 98 98 0 0 0
5614 -0.177359 -0.00937074 0.01 72 72 0 0 0
5620 -0.177359 -0.00937074 0.01 72 72 0 0 0
5624 -0.134797 -0.00880426 0.01 56 56 0 0 0
5626 -0.127095 -0.00880426 0.01 55 55 0 0 0
5627 -0.176518 -0.00837956 0.01 98 98 0 0 0
5665 -0.176518 -0.00837956 0.01 97 97 0 0 0
5668 -0.167664 -0.00837956 0.01 98 98 0 0 0
5690 -0.176518 -0.00837956 0.01 97 97 0 0 0
5701 -0.176518 -0.00837956 0.01 99 99 0 0 0
5705 -0.167218 -0.00837956 0.01 97 97 0 0 0
5708 -0.176518 -0.00837956 0.01 97 96 0 0 0
5727 -0.121246 -0.00880426 0.01 57 57 0 0 0
5729 -0.128461 -0.00932444 0.01 55 55 0 0 0
5742 -0.127095 -0.00880426 0.01 56 57 0 0 0
5757 -0.121246 -0.00880426 0.01 57 58 0 0 0
5775 -0.127095 -0.00880426 0.01 55 55 0 0 0
5780 -0.167218 -0.00837956 0.01 99 99 0 0 0
5787 -0.127095 -0.00880426 0.01 57 57 0 0 0
5790 -0.175703 -0.0087579 0.01 72 72 0 0 0
5800 -0.176518 -0.00837956 0.01 98 98 0 0 0
5808 -0.121246 -0.00880426 0.01 57 57 0 0 0
5812 -0.14612 -0.00888539 0.01 72 72 0 0 0
5817 -0.193507 -0.00923232 0.01 72 72 0 0 0
5821 -0.121246 -0.00880426 0.01 57 57 0 0 0
5832 -0.121246 -0.00880426 0.01 56 56 0 0 0
5837 -0.180516 -0.00924281 0.01 72 72 0 0 0
5840 -0.121246 -0.00880426 0.01 56 56 0 0 0
5850 -0.127095 -0.00880426 0.01 56 56 0 0 0
5864 -0.121246 -0.00880426 0.01 55 55 0 0 0
5865 -0.176518 -0.00837956 0.01 98 98 0 0 0
5878 -0.17419 -0.00924281 0.01 72 72 0 0 0
5887 -0.143272 -0.00895378 0.01 72 72 0 0 0
5891 -0.116587 -0.00880426 0.01 56 56 0 0 0
5892 -0.150868 -0.00892479 0.01 72 72 0 0 0
5925 -0.168783 -0.00837956 0.01 97 97 0.00909296 -0.00156499 0
5950 -0.121246 -0.00880426 0.01 56 56 0 0 0
5960 -0.121246 -0.00878073 0.01 55 55 -1.10269e-06 0 2.35308e-05
5967 -0.184298 -0.00927051 0.01 72 72 0 0 0
5976 -0.175907 -0.00930742 0.01 72 72 0.000141233 0 0.000224476
6004 -0.164422 -0.00837956 0.01 97 97 -0.0165206 0.00279666 0
6043 -0.167218 -0.00837956 0.01 97 97 0 0 0
6045 -0.121246 -0.00880426 0.01 56 56 0 0 0
6052 -0.131031 -0.00880426 0.01 57 57 0.000237077 -0.00978582 0
6081 -0.184298 -0.00927051 0.01 72 72 0 0 0
6082 -0.121246 -0.00880426 0.01 57 58 0 0 0
6092 -0.121246 -0.00880426 0.01 57 56 0 0 0
6098 -0.167218 -0.00837956 0.01 97 97 0 0 0
6108 -0.144475 -0.00880426 0.01 57 57 0 0 0
6124 -0.174645 -0.00892703 0.01 72 72 0 0 0
6134 -0.128461 -0.00880426 0.01 55 55 0 0 0
6138 -0.158191 -0.00936951 0.01 72 70 0 0 0
6153 -0.146291 -0.00892479 0.01 72 72 -0.0011628 0.00457752 0
6158 -0.121246 -0.00880426 0.01 57 57 0 0 0
6185 -0.167813 -0.00837956 0.01 99 99 0 0 0
6203 -0.11717 -0.00880426 0.01 56 56 0 0 0
6237 -0.127095 -0.00880426 0.01 57 57 0 0 0
6239 -0.121246 -0.00880426 0.01 57 57 0 0 0
6241 -0.177833 -0.00932972 0.01 72 72 0 0 0
6261 -0.162888 -0.00837956 0.01 98 98 0 0 0
6262 -0.121246 -0.00865304 0.01 55 57 0 0 0
6280 -0.121246 -0.00865304 0.01 56 56 0 0 0
6293 -0.130497 -0.00880426 0.01 55 55 0 0 0
6297 -0.121246 -0.00865304 0.01 56 56 0 0 0
6305 -0.121246 -0.00880426 0.01 55 58 0 0 0
6316 -0.121246 -0.00872472 0.01 57 57 3.14415e-06 0 -7.16858e-05
6323 -0.121246 -0.00865304 0.01 56 56 0 0 0
6324 -0.193507 -0.00923232 0.01 72 72 0 0 0
6340 -0.127095 -0.00880426 0.01 57 57 0 0 0
6352 -0.121246 -0.00854836 0.01 57 57 0 0 0
6353 -0.154074 -0.00921126 0.01 72 72 0 0 0
6357 -0.121246 -0.00880426 0.01 56 56 0 0 0
6365 -0.167218 -0.00837956 0.01 97 97 0 0 0
6367 -0.167218 -0.00837956 0.01 97 97 0 0 0
6369 -0.167218 -0.00837956 0.01 97 97 0 0 0
6370 -0.121246 -0.00880426 0.01 57 57 0 0 0
6371 -0.117224 -0.00863517 0.01 57 57 -0.000127405 0.00402135 0
6384 -0.143221 -0.00878944 0.01 72 72 0 0 0
6385 -0.121246 -0.00880426 0.01 57 57 0 0 0
6389 -0.127095 -0.00880426 0.01 55 55 0 0 0
6393 -0.164531 -0.00837956 0.01 99 99 -0.0176861 0.00268765 0
6408 -0.196771 -0.00943031 0.01 72 72 0 0 0
6425 -0.167218 -0.00837956 0.01 97 97 0 0 0
6444 -0.127095 -0.00880426 0.01 56 57 0 0 0
6445 -0.121246 -0.00880426 0.01 57 57 0 0 0
6446 -0.176518 -0.00837956 0.01 98 98 0 0 0
6461 -0.121246 -0.00880426 0.01 55 56 0 0 0
6463 -0.150868 -0.0089218 0.01 72 72 0 0 0
6466 -0.127095 -0.00880426 0.01 57 57 0 0 0
6471 -0.134797 -0.00880426 0.01 55 55 0 0 0
6488 -0.121246 -0.00880426 0.01 57 57 0 0 0
6496 -0.193507 -0.00923232 0.01 72 72 0 0 0
6504 -0.169227 -0.00835937 0.01 97 97 0 0 0
6517 -0.128461 -0.00880426 0.01 55 55 0 0 0
6538 -0.127095 -0.00880426 0.01 57 57 0 0 0
6542 -0.11717 -0.00880426 0.01 56 56 0 0 0
6552 -0.121246 -0.00880426 0.01 56 56 0 0 0
6565 -0.167218 -0.00837956 0.01 97 97 0 0 0
6578 -0.121246 -0.00880426 0.01 55 56 0 0 0
6582 -0.175662 -0.00837956 0.01 98 98 0.051095 -0.00844327 0
6593 -0.134797 -0.00880426 0.01 56 56 0 0 0
6595 -0.121246 -0.00880426 0.01 56 56 0 0 0
6606 -0.121246 -0.00880426 0.01 56 56 0 0 0
6611 -0.121246 -0.00880426 0.01 57 57 0 0 0
6622 -0.127095 -0.00880426 0.01 56 56 0 0 0
6625 -0.143272 -0.00895378 0.01 72 72 0 0 0
6627 -0.134797 -0.00880426 0.01 55 55 0 0 0
6652 -0.170223 -0.00924281 0.01 72 72 0 0 0
6675 -0.167218 -0.00837956 0.01 99 99 0 0 0
6688 -0.167218 -0.00837956 0.01 99 99 0 0 0
6708 -0.127095 -0.00880426 0.01 57 57 0 0 0
6714 -0.121246 -0.00865304 0.01 55 55 0 0 0
6717 -0.176518 -0.00837956 0.01 99 96 0 0 0
6760 -0.177434 -0.00943143 0.01 72 72 0 0 0
6763 -0.16305 -0.00921715 0.01 72 72 0 0 0
6778 -0.0943281 -0.00880426 0.01 57 57 0 0 0
6800 -0.121246 -0.00880426 0.01 56 56 0 0 0
6801 -0.176518 -0.00837956 0.01 97 97 0 0 0
6809 -0.176518 -0.00837956 0.01 98 98 0 0 0
6811 -0.167218 -0.00837956 0.01 97 97 0 0 0
6843 -0.178517 -0.00862998 0.01 72 73 0 0 0
6844 -0.121246 -0.00865304 0.01 56 56 0 0 0
6881 -0.121246 -0.00880426 0.01 57 57 0 0 0
6892 -0.167218 -0.00837956 0.01 99 99 0 0 0
6898 -0.121246 -0.00880426 0.01 57 57 0 0 0
6903 -0.14612 -0.00888539 0.01 72 72 0 0 0
6926 -0.150868 -0.00901142 0.01 72 72 0 0 0
6932 -0.176518 -0.00837956 0.01 98 98 0 0 0
6937 -0.173106 -0.00837956 0.01 97 97 0 0 0
6942 -0.167218 -0.00837956 0.01 97 97 0 0 0
6951 -0.121246 -0.00880426 0.01 57 57 0 0 0
6958 -0.113431 -0.00865304 0.01 56 56 0 0 0
6959 -0.150868 -0.00915377 0.01 72 72 0 0 0
6967 -0.121246 -0.00865304 0.01 57 57 0 0 0
6984 -0.136089 -0.00880426 0.01 56 56 0.000383332 -0.0195026 0
6986 -0.121246 -0.00865304 0.01 55 55 0 0 0
6988 -0.184018 -0.00927051 0.01 72 74 -0.000907898 0.00921668 0
6996 -0.127095 -0.00880426 0.01 57 57 0 0 0
6997 -0.105299 -0.00876584 0.01 56 56 0 0 0
7008 -0.121246 -0.00880426 0.01 57 56 0 0 0
7016 -0.121246 -0.00880426 0.01 55 56 0 0 0
7053 -0.121246 -0.00880426 0.01 57 57 0 0 0
7072 -0.121246 -0.00880426 0.01 57 57 0 0 0
7075 -0.163726 -0.00895271 0.01 72 72 0 0 0
7080 -0.121246 -0.00880426 0.01 56 56 0 0 0
7086 -0.167218 -0.00837956 0.01 98 98 0 0 0
7087 -0.167218 -0.00837956 0.01 98 98 0 0 0
7100 -0.120578 -0.008886 0.01 72 72 0 0 0
7111 -0.121246 -0.00880426 0.01 57 57 0 0 0
7112 -0.116587 -0.00880426 0.01 56 56 0 0 0
7122 -0.121246 -0.00854836 0.01 57 57 0 0 0
7125 -0.164041 -0.00837956 0.01 98 98 0 0 0
7129 -0.121246 -0.00880426 0.01 57 57 0 0 0
7141 -0.130497 -0.00880426 0.01 55 55 4.77582e-05 -0.00340173 0
7159 -0.121246 -0.00876584 0.01 56 56 0 0 0
7166 -0.121246 -0.00880426 0.01 57 57 0 0 0
7170 -0.127095 -0.00880426 0.01 57 57 0 0 0
7178 -0.140346 -0.00867574 0.01 72 71 0 0 0
7197 -0.128461 -0.00880426 0.01 56 55 0 0 0
7198 -0.11717 -0.00880426 0.01 56 56 0 0 0
7201 -0.121246 -0.00880426 0.01 57 57 0 0 0
7204 -0.164041 -0.00837956 0.01 98 98 0 0 0
7209 -0.15301 -0.00933806 0.01 72 72 0 0 0
7213 -0.127095 -0.00880426 0.01 56 56 0 0 0
7215 -0.121246 -0.00880426 0.01 56 56 0 0 0
7217 -0.174645 -0.00917618 0.01 72 72 0 0 0
7227 -0.113431 -0.00865304 0.01 56 56 0 0 0
7236 -0.133255 -0.00921172 0.01 72 72 0 0 0
7242 -0.163726 -0.00895271 0.01 72 72 0 0 0
7260 -0.176518 -0.00837956 0.01 97 97 0 0 0
7289 -0.127693 -0.00865304 0.01 56 56 0.00013493 -0.00644739 0
7294 -0.121246 -0.00850126 0.01 57 58 0 0 0
7295 -0.120578 -0.008886 0.01 72 72 0 0 0
7300 -0.128461 -0.00932444 0.01 55 55 0 0 0
7320 -0.167218 -0.00837956 0.01 98 98 0 0 0
7327 -0.167218 -0.00837956 0.01 97 97 0 0 0
7330 -0.138418 -0.00921126 0.01 72 72 0 0 0
7334 -0.176518 -0.00837956 0.01 97 97 0 0 0
7337 -0.173106 -0.00837956 0.01 97 97 0 0 0
7346 -0.136887 -0.00864016 0.01 72 72 0 0 0
7348 -0.167218 -0.00837956 0.01 97 97 0 0 0
7350 -0.127095 -0.00880426 0.01 56 56 0 0 0
7352 -0.11717 -0.00880426 0.01 56 56 0 0 0
7358 -0.121682 -0.00880426 0.01 57 58 0 0 0
7400 -0.121246 -0.00880426 0.01 57 57 0 0 0
7427 -0.178932 -0.00903483 0.01 72 72 0 0 0
7443 -0.134797 -0.00880426 0.01 56 56 0 0 0
7468 -0.167218 -0.00837956 0.01 98 98 0 0 0
7475 -0.151936 -0.0093537 0.01 72 72 0 0 0
7491 -0.184501 -0.00909971 0.01 72 72 0 0 0
7500 -0.169227 -0.00835937 0.01 97 97 0 0 0
7525 -0.169227 -0.00835937 0.01 97 97 0 0 0
7531 -0.121246 -0.00865304 0.01 56 56 0 0 0
7545 -0.176518 -0.00837956 0.01 99 99 0 0 0
7561 -0.167218 -0.00837956 0.01 97 97 0 0 0
7573 -0.164422 -0.00837956 0.01 97 97 0 0 0
7576 -0.167869 -0.00852521 0.01 72 72 0 0 0
7582 -0.178932 -0.00903483 0.01 72 72 0 0 0
7588 -0.162888 -0.00807211 0.01 98 98 0 0 0
7589 -0.121246 -0.00880426 0.01 57 57 0 0 0
7605 -0.127095 -0.00880426 0.01 56 56 0 0 0
7612 -0.167869 -0.00895271 0.01 72 72 0 0 0
7616 -0.121246 -0.00880426 0.01 57 57 0 0 0
7632 -0.121246 -0.00880426 0.01 57 57 0 0 0
7638 -0.116587 -0.00880426 0.01 55 56 0 0 0
7644 -0.176518 -0.00837956 0.01 97 97 0 0 0
7651 -0.134797 -0.00880426 0.01 56 56 0 0 0
7662 -0.104285 -0.00880426 0.01 57 57 0 0 0
7664 -0.176518 -0.00837956 0.01 98 98 0 0 0
7672 -0.150868 -0.0085148 0.01 72 72 0 0 0
7691 -0.167218 -0.00789602 0.01 97 97 0 0 0
7695 -0.180516 -0.00924281 0.01 72 72 0 0 0
7719 -0.121246 -0.00865304 0.01 57 56 0 0 0
7731 -0.167813 -0.00837956 0.01 99 99 0 0 0
7745 -0.176518 -0.00837956 0.01 98 98 0 0 0
7747 -0.176561 -0.00835937 0.01 98 98 0 0 0
7750 -0.127095 -0.00880426 0.01 56 56 0 0 0
7751 -0.167218 -0.00837956 0.01 97 97 0 0 0
7762 -0.167218 -0.00789602 0.01 97 97 0 0 0
7782 -0.150868 -0.00901142 0.01 72 72 0 0 0
7783 -0.169227 -0.00835937 0.01 97 97 0 0 0
7790 -0.167813 -0.00837956 0.01 99 99 0 0 0
7801 -0.11717 -0.00880426 0.01 57 57 0 0 0
7810 -0.134797 -0.00880426 0.01 57 57 0 0 0
7812 -0.121246 -0.00865304 0.01 56 56 0 0 0
7819 -0.127095 -0.00880426 0.01 57 57 0 0 0
7835 -0.167218 -0.00837956 0.01 98 98 0 0 0
7839 -0.127095 -0.00880426 0.01 57 57 0 0 0
7849 -0.118873 -0.00880426 0.01 57 57 0 0 0
7850 -0.167218 -0.00837956 0.01 98 98 0 0 0
7860 -0.154222 -0.00893671 0.01 72 72 0 0 0
7866 -0.128461 -0.00932444 0.01 55 55 0 0 0
7884 -0.116587 -0.00880426 0.01 57 57 0 0 0
7907 -0.121246 -0.00891652 0.01 55 55 1.21295e-05 0 -0.00025844
7940 -0.176518 -0.00837956 0.01 98 98 0 0 0
7944 -0.167218 -0.00837956 0.01 98 98 0 0 0
7946 -0.121246 -0.00880426 0.01 57 57 0 0 0
7947 -0.121246 -0.00880426 0.01 57 57 0 0 0
7948 -0.167218 -0.00837956 0.01 99 99 0 0 0
7956 -0.176518 -0.00837956 0.01 99 99 0 0 0
7960 -0.169227 -0.00835937 0.01 97 97 0 0 0
7963 -0.176518 -0.00837956 0.01 98 98 0 0 0
7964 -0.127095 -0.00880426 0.01 57 57 0 0 0
7982 -0.176518 -0.00832319 0.01 98 98 0.00615308 0 5.6372e-05
7985 -0.121246 -0.00880426 0.01 56 56 0 0 0
7994 -0.173145 -0.00924302 0.01 72 72 0 0 0
8034 -0.127095 -0.00880426 0.01 57 57 0 0 0
8039 -0.134797 -0.00880426 0.01 56 56 0 0 0
8051 -0.170223 -0.00924281 0.01 72 72 0 0 0
8053 -0.189303 -0.00941718 0.01 72 71 0 0 0
8054 -0.121246 -0.00880426 0.01 56 56 0 0 0
8065 -0.121246 -0.00880426 0.01 56 56 0 0 0
8076 -0.121246 -0.00880426 0.01 56 56 0 0 0
8084 -0.134007 -0.00880426 0.01 55 55 0 0 0
8097 -0.121246 -0.00854836 0.01 57 57 0 0 0
8118 -0.127095 -0.00880426 0.01 56 56 0 0 0
8119 -0.121246 -0.00897367 0.01 56 56 1.49608e-05 0 -0.000320639
8120 -0.121246 -0.00880426 0.01 57 57 0 0 0
8150 -0.127095 -0.00880426 0.01 57 57 0 0 0
8152 -0.150868 -0.00890342 0.01 72 72 0 0 0
8196 -0.178932 -0.00903483 0.01 72 72 0 0 0
8213 -0.114534 -0.00880426 0.01 57 57 -0.000222072 0.00671195 0
8235 -0.180516 -0.00924281 0.01 72 72 0 0 0
8236 -0.167218 -0.00837956 0.01 99 99 0 0 0
8246 -0.121246 -0.00880426 0.01 57 57 0 0 0
8269 -0.167218 -0.00837956 0.01 97 97 0 0 0
8280 -0.121246 -0.00880426 0.01 56 56 0 0 0
8281 -0.166868 -0.00837956 0.01 97 97 -0.0540433 0.00964995 0
8298 -0.167869 -0.00895271 0.01 72 72 0 0 0
8300 -0.164422 -0.00837956 0.01 97 97 0 0 0
8324 -0.127095 -0.00880426 0.01 57 57 0 0 0
8329 -0.107294 -0.00839008 0.01 72 72 0 0 0
8334 -0.121246 -0.00871817 0.01 56 57 0 0 0
8346 -0.150868 -0.00883832 0.01 72 72 0 0 0
8352 -0.184311 -0.00878034 0.01 72 72 0 0 0
8361 -0.167218 -0.00837956 0.01 97 97 0 0 0
8367 -0.167218 -0.00837956 0.01 97 97 0 0 0
8368 -0.121246 -0.00865304 0.01 55 55 0 0 0
8371 -0.150868 -0.00901142 0.01 72 72 0 0 0
8384 -0.167218 -0.00837956 0.01 97 97 0 0 0
8394 -0.167218 -0.00837956 0.01 97 97 0 0 0
8403 -0.150868 -0.00890342 0.01 72 72 0 0 0
8409 -0.15301 -0.00935965 0.01 72 72 0 0 0
8412 -0.11372 -0.00880426 0.01 56 56 0 0 0
8426 -0.121246 -0.00880426 0.01 57 57 0 0 0
8443 -0.17419 -0.00924281 0.01 72 72 0 0 0
8453 -0.121246 -0.00865304 0.01 56 56 0 0 0
8455 -0.167218 -0.00837956 0.01 98 98 0 0 0
8467 -0.189303 -0.00953571 0.01 72 75 -0.000154883 0 -0.000165417
8469 -0.127095 -0.00880426 0.01 57 56 0 0 0
8481 -0.189303 -0.00939175 0.01 72 72 0 0 0
8513 -0.176518 -0.00837956 0.01 98 98 0 0 0
8516 -0.121246 -0.00880426 0.01 57 57 0 0 0
8522 -0.151936 -0.00903326 0.01 72 72 0 0 0
8542 -0.150868 -0.00892479 0.01 72 72 0 0 0
8549 -0.167218 -0.00837956 0.01 97 97 0 0 0
8552 -0.144475 -0.00880426 0.01 56 56 0 0 0
8559 -0.168981 -0.00941578 0.01 72 70 0 0 0
8561 -0.121246 -0.00880426 0.01 56 56 0 0 0
8564 -0.16305 -0.00921715 0.01 72 72 0 0 0
8579 -0.189303 -0.00937029 0.01 72 72 0 0 0
8596 -0.128461 -0.00880426 0.01 55 55 0 0 0
8600 -0.176518 -0.00837956 0.01 97 96 0 0 0
8622 -0.167218 -0.00753131 0.01 97 97 0 0 0
8633 -0.15301 -0.00935965 0.01 72 72 0 0 0
8634 -0.116587 -0.00880426 0.01 56 56 0 0 0
8640 -0.160913 -0.00837956 0.01 97 97 0 0 0
8647 -0.166668 -0.00923236 0.01 72 71 0 0 0
8677 -0.170223 -0.00924281 0.01 72 72 0 0 0
8678 -0.167664 -0.00837956 0.01 98 98 0.0027746 -0.000445828 0
8700 -0.121246 -0.00880426 0.01 56 56 0 0 0
8703 -0.167218 -0.00837956 0.01 98 98 0 0 0
8721 -0.121246 -0.00880426 0.01 56 57 0 0 0
8722 -0.167218 -0.00837956 0.01 97 97 0 0 0
8724 -0.150868 -0.00915377 0.01 72 72 0 0 0
8755 -0.167218 -0.00837956 0.01 97 97 0 0 0
8762 -0.169227 -0.00835937 0.01 97 97 0 0 0
8773 -0.167218 -0.00837956 0.01 97 97 0 0 0
8776 -0.213066 -0.00920582 0.01 72 72 0 0 0
8780 -0.121246 -0.00880426 0.01 56 56 0 0 0
8782 -0.176518 -0.00819686 0.01 98 98 0 0 0
8791 -0.167218 -0.00837956 0.01 98 98 0 0 0
8801 -0.121246 -0.00880426 0.01 57 57 0 0 0
8818 -0.176518 -0.00837956 0.01 98 98 0 0 0
8835 -0.121246 -0.00880426 0.01 57 57 0 0 0
8836 -0.177359 -0.00937074 0.01 72 72 0 0 0
8851 -0.167869 -0.00878561 0.01 72 72 0 0 0
8855 -0.121246 -0.00865304 0.01 56 55 0 0 0
8856 -0.193507 -0.00923232 0.01 72 72 0 0 0
8869 -0.121246 -0.00880426 0.01 57 57 0 0 0
8887 -0.15301 -0.00935965 0.01 72 72 0 0 0
8900 -0.127095 -0.00880426 0.01 57 57 0 0 0
8906 -0.121246 -0.00865304 0.01 55 55 0 0 0
8920 -0.121246 -0.00880426 0.01 57 57 0 0 0
8930 -0.121246 -0.00865304 0.01 57 57 0 0 0
8962 -0.167218 -0.00837956 0.01 97 97 0 0 0
8969 -0.134797 -0.00880426 0.01 56 56 0 0 0
8979 -0.134797 -0.00880426 0.01 57 56 0 0 0
8999 -0.167218 -0.00837956 0.01 97 97 0 0 0
9011 -0.176518 -0.00837956 0.01 99 99 0 0 0
9013 -0.127095 -0.00880426 0.01 56 56 0 0 0
9014 -0.150868 -0.00892479 0.01 72 72 0 0 0
9034 -0.127095 -0.00880426 0.01 56 56 0 0 0
9048 -0.153323 -0.00855837 0.01 72 72 0 0 0
9062 -0.107567 -0.00880426 0.01 57 58 0 0 0
9064 -0.167869 -0.00895271 0.01 72 71 0 0 0
9090 -0.134797 -0.00880426 0.01 56 56 0 0 0
9093 -0.193507 -0.00923232 0.01 72 72 0 0 0
9094 -0.134797 -0.00880426 0.01 56 56 0 0 0
9096 -0.176518 -0.00837956 0.01 98 98 0 0 0
9103 -0.107294 -0.00831794 0.01 72 72 0 0 0
9105 -0.176518 -0.00837956 0.01 97 96 0 0 0
9110 -0.176518 -0.00837956 0.01 97 97 0 0 0
9120 -0.185328 -0.00892703 0.01 72 72 0 0 0
9123 -0.180516 -0.009015 0.01 72 71 0 0 0
9133 -0.169227 -0.00835937 0.01 97 97 0 0 0
9149 -0.134797 -0.00880426 0.01 57 56 0 0 0
9154 -0.167218 -0.00837956 0.01 97 97 0 0 0
9156 -0.121246 -0.00880426 0.01 57 57 0 0 0
9189 -0.116587 -0.00880426 0.01 57 56 0 0 0
9197 -0.167368 -0.00890342 0.01 72 70 0 0 0
9198 -0.167218 -0.00837956 0.01 97 97 0 0 0
9202 -0.121246 -0.00865304 0.01 56 56 0 0 0
9209 -0.17227 -0.00955404 0.01 72 74 0 0 0
9218 -0.167218 -0.00837956 0.01 97 97 0 0 0
9230 -0.127095 -0.00880426 0.01 56 56 0 0 0
9240 -0.116587 -0.00880426 0.01 56 56 0 0 0
9260 -0.134797 -0.00880426 0.01 57 57 0 0 0
9262 -0.121246 -0.00880426 0.01 57 57 0 0 0
9288 -0.121246 -0.00880239 0.01 57 57 1.11461e-05 0 -0.000254038
9292 -0.162859 -0.00927187 0.01 72 72 0 0 0
9294 -0.121246 -0.00865304 0.01 56 56 0 0 0
9303 -0.176518 -0.00837956 0.01 97 97 0 0 0
9307 -0.167218 -0.00837956 0.01 97 97 0 0 0
9367 -0.121246 -0.00880426 0.01 56 56 0 0 0
9372 -0.176518 -0.00837956 0.01 99 99 0 0 0
9380 -0.127095 -0.00880426 0.01 56 56 0 0 0
9391 -0.121246 -0.00880426 0.01 56 56 0 0 0
9394 -0.121246 -0.00880426 0.01 56 57 0 0 0
9402 -0.121246 -0.00880426 0.01 56 57 0 0 0
9405 -0.14612 -0.00888539 0.01 72 72 0 0 0
9417 -0.127095 -0.00880426 0.01 57 57 0 0 0
9423 -0.163726 -0.00895271 0.01 72 72 0 0 0
9434 -0.177833 -0.00932972 0.01 72 72 0 0 0
9463 -0.134797 -0.00880426 0.01 56 56 0 0 0
9467 -0.121246 -0.00863517 0.01 57 57 0 0 0
9501 -0.121246 -0.00880426 0.01 56 56 0 0 0
9506 -0.121246 -0.00865304 0.01 55 55 0 0 0
9520 -0.167218 -0.00837956 0.01 97 97 0 0 0
9532 -0.156694 -0.00855356 0.01 72 72 0 0 0
9540 -0.121246 -0.00880426 0.01 57 57 0 0 0
9542 -0.121246 -0.00880426 0.01 57 57 0 0 0
9552 -0.176518 -0.00837956 0.01 99 99 0 0 0
9574 -0.121246 -0.00880426 0.01 57 57 0 0 0
9575 -0.167218 -0.00837956 0.01 99 99 0 0 0
9582 -0.127095 -0.00880426 0.01 55 56 0 0 0
9587 -0.0943281 -0.00880426 0.01 57 57 0 0 0
9588 -0.123113 -0.00880426 0.01 57 58 0 0 0
9593 -0.174645 -0.00892703 0.01 72 72 0 0 0
9606 -0.176518 -0.00837956 0.01 98 98 0 0 0
9608 -0.121246 -0.00880426 0.01 57 57 0 0 0
9628 -0.164531 -0.00942206 0.01 72 73 -0.00273508 0.0192619 0
9633 -0.167218 -0.00837956 0.01 98 98 0 0 0
9661 -0.167218 -0.00837956 0.01 98 97 0 0 0
9662 -0.154074 -0.00922087 0.01 72 72 0 0 0
9698 -0.176518 -0.00837956 0.01 97 97 0 0 0
9702 -0.167218 -0.00837956 0.01 99 99 0 0 0
9720 -0.127095 -0.00880426 0.01 57 57 0 0 0
9737 -0.17523 -0.00924281 0.01 72 72 0 0 0
9741 -0.121246 -0.00865304 0.01 56 56 0 0 0
9750 -0.176518 -0.00837956 0.01 98 98 0 0 0
9751 -0.213066 -0.00920582 0.01 72 72 0 0 0
9754 -0.185328 -0.00892703 0.01 72 72 0 0 0
9776 -0.167664 -0.00837956 0.01 98 98 0 0 0
9789 -0.176518 -0.00837956 0.01 97 97 0 0 0
9835 -0.167218 -0.00837956 0.01 97 97 0 0 0
9867 -0.173106 -0.00837956 0.01 97 97 0 0 0
9869 -0.121246 -0.00880426 0.01 57 58 0 0 0
9882 -0.116587 -0.00880426 0.01 56 56 0 0 0
9895 -0.196771 -0.00943031 0.01 72 72 0 0 0
9898 -0.134797 -0.00880426 0.01 56 56 0 0 0
9901 -0.127095 -0.00880426 0.01 57 57 0 0 0
9905 -0.121246 -0.00880426 0.01 57 57 0 0 0
9915 -0.204072 -0.00859535 0.01 72 72 0 0 0
9933 -0.121246 -0.00865304 0.01 57 57 0 0 0
9940 -0.143272 -0.00895378 0.01 72 72 0 0 0
9941 -0.127095 -0.00880426 0.01 55 56 0 0 0
9955 -0.121246 -0.00880426 0.01 57 58 0 0 0
9977 -0.136887 -0.00864016 0.01 72 72 0 0 0
9993 -0.162859 -0.00927187 0.01 72 72 0 0 0
10008 -0.121246 -0.00880426 0.01 57 57 0 0 0
10030 -0.127095 -0.00880426 0.01 57 57 0 0 0
10040 -0.150868 -0.0089218 0.01 72 72 0 0 0
10082 -0.121246 -0.00880426 0.01 56 56 0 0 0
10083 -0.167218 -0.00837956 0.01 98 98 0 0 0
10088 -0.121246 -0.00880426 0.01 56 57 0 0 0
10091 -0.121246 -0.00880426 0.01 57 57 0 0 0
10097 -0.196271 -0.00947107 0.01 72 73 0 0 0
10101 -0.176518 -0.00839213 0.01 97 97 0 0 0
10104 -0.154648 -0.00955383 0.01 72 73 0 0 0
10109 -0.176518 -0.00837956 0.01 98 98 0 0 0
10119 -0.167218 -0.00837956 0.01 98 98 0 0 0
10125 -0.116587 -0.00880426 0.01 56 56 0 0 0
10139 -0.181951 -0.0089259 0.01 72 73 0 0 0
10149 -0.1475 -0.00917723 0.01 72 72 0 0 0
10153 -0.121246 -0.00880426 0.01 57 57 0 0 0
10177 -0.174645 -0.00892703 0.01 72 72 0 0 0
10188 -0.121246 -0.00865304 0.01 57 57 0 0 0
10223 -0.127095 -0.00880426 0.01 57 57 0 0 0
10243 -0.11372 -0.00880426 0.01 56 56 0 0 0
10255 -0.174645 -0.00917618 0.01 72 72 0 0 0
10257 -0.167218 -0.00837956 0.01 97 97 0 0 0
10267 -0.189303 -0.00939175 0.01 72 73 0 0 0
10273 -0.173106 -0.00837956 0.01 97 97 0 0 0
10283 -0.167813 -0.00837956 0.01 99 99 0 0 0
10294 -0.116142 -0.00880426 0.01 57 56 0 0 0
10302 -0.176518 -0.00864259 0.01 98 98 -0.0296097 0 -0.000263031
10314 -0.121246 -0.00920596 0.01 56 56 0 0 0
10317 -0.134797 -0.00880426 0.01 57 57 0 0 0
10341 -0.143221 -0.00894608 0.01 72 72 0 0 0
10345 -0.204072 -0.00859535 0.01 72 72 0 0 0
10356 -0.121246 -0.00865304 0.01 56 56 0 0 0
10360 -0.179723 -0.0094532 0.01 72 72 0 0 0
10366 -0.116587 -0.00880426 0.01 56 56 0 0 0
10367 -0.167218 -0.00837956 0.01 97 97 0 0 0
10386 -0.127095 -0.00880426 0.01 56 56 0 0 0
10406 -0.167218 -0.00837956 0.01 97 97 0 0 0
10408 -0.190783 -0.00943031 0.01 72 73 0 0 0
10411 -0.121246 -0.00872472 0.01 57 57 0 0 0
10422 -0.167218 -0.00837956 0.01 97 97 0 0 0
10445 -0.127095 -0.00880426 0.01 57 57 0 0 0
10450 -0.189303 -0.00937029 0.01 72 72 0 0 0
10461 -0.176518 -0.00837956 0.01 98 95 0 0 0
10465 -0.127095 -0.00880426 0.01 57 57 0 0 0
10475 -0.184298 -0.00927051 0.01 72 72 0 0 0
10483 -0.167218 -0.00837956 0.01 97 97 0 0 0
10490 -0.128461 -0.00880426 0.01 55 55 0 0 0
10500 -0.167218 -0.00837956 0.01 98 98 0 0 0
10502 -0.116587 -0.00880426 0.01 56 56 0 0 0
10509 -0.176518 -0.00837956 0.01 98 98 0 0 0
10512 -0.178932 -0.00903483 0.01 72 72 0 0 0
10520 -0.167218 -0.00837956 0.01 97 97 0 0 0
10526 -0.121246 -0.00880426 0.01 55 55 0 0 0
10535 -0.162888 -0.00837956 0.01 98 98 0 0 0
10545 -0.128461 -0.00880426 0.01 55 55 0 0 0
10549 -0.107294 -0.00839008 0.01 72 72 0 0 0
10559 -0.121246 -0.00865304 0.01 55 55 0 0 0
10562 -0.176518 -0.00837956 0.01 98 97 0 0 0
10570 -0.121246 -0.00880426 0.01 57 57 0 0 0
10571 -0.121246 -0.00860082 0.01 55 55 0 0 0
10583 -0.176518 -0.00837956 0.01 98 98 0 0 0
10595 -0.150868 -0.00906633 0.01 72 72 0 0 0
10602 -0.121246 -0.00880426 0.01 56 56 0 0 0
10611 -0.144475 -0.00880426 0.01 57 57 0 0 0
10616 -0.121246 -0.00880426 0.01 57 57 0 0 0
10624 -0.121246 -0.00865304 0.01 57 57 0 0 0
10628 -0.121246 -0.00880426 0.01 57 58 0 0 0
10639 -0.176518 -0.00837956 0.01 97 97 0 0 0
10666 -0.121246 -0.00865304 0.01 56 56 0 0 0
10675 -0.176518 -0.00837956 0.01 98 98 0 0 0
10699 -0.162718 -0.00912142 0.01 72 73 0 0 0
10701 -0.167218 -0.00837956 0.01 97 97 0 0 0
10724 -0.175907 -0.0095319 0.01 72 72 0 0 0
10734 -0.121246 -0.00880426 0.01 56 57 0 0 0
10742 -0.176518 -0.00837956 0.01 98 98 0 0 0
10746 -0.167218 -0.00837956 0.01 98 98 0 0 0
10760 -0.134007 -0.00880426 0.01 56 55 0 0 0
10763 -0.121246 -0.00880426 0.01 56 57 0 0 0
10791 -0.162888 -0.00837956 0.01 98 98 -0.00729355 0.00115325 0
10819 -0.167813 -0.00837956 0.01 99 99 0 0 0
10831 -0.167813 -0.00837956 0.01 99 99 0 0 0
10837 -0.176518 -0.00837956 0.01 97 97 0 0 0
10838 -0.121246 -0.00880426 0.01 57 57 0 0 0
10842 -0.167218 -0.00837956 0.01 98 97 0 0 0
10854 -0.167218 -0.00837956 0.01 97 97 0 0 0
10857 -0.150868 -0.00869159 0.01 72 72 0 0 0
10871 -0.150868 -0.00901142 0.01 72 73 0 0 0
10879 -0.162888 -0.00807211 0.01 98 98 0 0 0
10882 -0.121514 -0.00880426 0.01 57 57 0 0 0
10886 -0.140346 -0.00867574 0.01 72 71 0 0 0
10889 -0.116587 -0.00880426 0.01 56 56 0 0 0
10905 -0.176518 -0.00837956 0.01 98 98 0 0 0
10925 -0.121246 -0.00860082 0.01 55 55 -2.5034e-06 0 5.22155e-05
10926 -0.116587 -0.00880426 0.01 55 55 0 0 0
10936 -0.121246 -0.00880426 0.01 57 57 0 0 0
10942 -0.177359 -0.00937074 0.01 72 72 0 0 0
10965 -0.176518 -0.00837956 0.01 98 98 0 0 0
10970 -0.17523 -0.00924281 0.01 72 72 0.000568479 -0.00500728 0
10977 -0.116587 -0.00880426 0.01 56 56 0 0 0
10984 -0.105299 -0.00876584 0.01 56 56 0 0 0
10987 -0.176518 -0.00837956 0.01 99 99 0 0 0
10992 -0.127095 -0.00880426 0.01 56 56 0 0 0
10993 -0.156694 -0.00855356 0.01 72 72 0 0 0
10997 -0.176518 -0.00837956 0.01 98 98 0 0 0
10999 -0.176518 -0.00864259 0.01 98 98 0 0 0
11010 -0.121246 -0.0090086 0.01 56 56 0 0 0
11028 -0.213066 -0.00920582 0.01 72 72 0 0 0
11030 -0.167218 -0.00837956 0.01 97 97 0 0 0
11044 -0.167218 -0.00837956 0.01 97 97 0 0 0
11067 -0.167218 -0.00837956 0.01 97 97 0 0 0
11077 -0.128461 -0.00932444 0.01 55 55 0 0 0
11079 -0.121246 -0.00865304 0.01 56 57 0 0 0
11083 -0.176518 -0.00837956 0.01 98 98 0 0 0
11112 -0.121246 -0.00880426 0.01 56 56 0 0 0
11114 -0.162888 -0.00807211 0.01 98 98 0 0 0
11115 -0.121246 -0.00865304 0.01 56 56 0 0 0
11130 -0.178932 -0.00882258 0.01 72 74 0 0 0
11131 -0.176518 -0.00837956 0.01 99 99 0 0 0
11132 -0.121246 -0.00880426 0.01 56 56 0 0 0
11153 -0.145242 -0.00921126 0.01 72 72 0 0 0
11158 -0.116587 -0.0088636 0.01 56 56 3.29316e-06 0 -5.93467e-05
11159 -0.121246 -0.00880426 0.01 57 57 0 0 0
11176 -0.16305 -0.00921715 0.01 72 72 0 0 0
11206 -0.116587 -0.00884217 0.01 57 56 2.10106e-06 0 -3.79104e-05
11234 -0.179723 -0.00943031 0.01 72 72 0 0 0
11238 -0.167218 -0.00837956 0.01 98 98 0 0 0
11242 -0.121246 -0.00865304 0.01 56 56 0 0 0
11273 -0.121246 -0.00865304 0.01 56 56 0 0 0
11274 -0.121246 -0.00854836 0.01 57 57 0 0 0
11291 -0.176518 -0.00837956 0.01 97 98 0 0 0
11300 -0.174645 -0.00892703 0.01 72 72 0 0 0
11301 -0.180516 -0.00924281 0.01 72 72 0 0 0
11309 -0.121246 -0.00865304 0.01 57 57 0 0 0
11331 -0.121246 -0.00840734 0.01 56 56 0 0 0
11339 -0.1714 -0.00835937 0.01 97 97 0 0 0
11351 -0.184298 -0.00927051 0.01 72 72 0 0 0
11367 -0.176518 -0.00837956 0.01 98 98 0 0 0
11368 -0.154074 -0.00921126 0.01 72 72 0 0 0
11372 -0.167218 -0.00837956 0.01 98 98 0 0 0
11383 -0.167218 -0.00837956 0.01 97 97 0 0 0
11388 -0.125706 -0.00917723 0.01 72 72 0 0 0
11407 -0.121246 -0.00880426 0.01 56 56 0 0 0
11409 -0.121246 -0.00865304 0.01 56 56 0 0 0
11415 -0.162888 -0.00837956 0.01 98 98 0 0 0
11420 -0.121246 -0.00880426 0.01 56 57 0 0 0
11436 -0.167218 -0.00837956 0.01 98 98 0 0 0
11441 -0.184298 -0.00927051 0.01 72 72 0 0 0
11450 -0.167218 -0.00837956 0.01 98 98 0 0 0
11467 -0.167218 -0.00837956 0.01 97 97 0 0 0
11469 -0.121246 -0.00850126 0.01 57 57 0 0 0
11489 -0.176518 -0.00837956 0.01 99 99 0 0 0
11504 -0.167218 -0.00837956 0.01 97 97 0 0 0
11513 -0.121246 -0.00880426 0.01 57 57 0 0 0
11521 -0.121246 -0.00880426 0.01 56 56 0 0 0
11524 -0.116587 -0.00880426 0.01 56 56 0 0 0
11533 -0.121246 -0.00880426 0.01 57 57 0 0 0
11565 -0.204072 -0.00859535 0.01 72 72 0 0 0
11568 -0.176518 -0.00837956 0.01 97 97 0 0 0
11578 -0.176518 -0.00837956 0.01 97 97 0 0 0
11585 -0.134797 -0.00880426 0.01 55 55 0 0 0
11589 -0.121246 -0.00854836 0.01 57 57 0 0 0
11592 -0.121246 -0.00880426 0.01 57 57 0 0 0
11604 -0.167218 -0.00837956 0.01 97 97 0 0 0
11607 -0.121246 -0.00865304 0.01 56 57 0 0 0
11612 -0.167218 -0.00837956 0.01 98 98 0 0 0
11619 -0.121246 -0.00865304 0.01 56 56 0 0 0
11633 -0.176518 -0.00837956 0.01 97 97 0 0 0
11636 -0.162888 -0.00837956 0.01 98 98 0 0 0
11637 -0.167218 -0.00837956 0.01 97 97 0 0 0
11639 -0.178932 -0.00922706 0.01 72 72 0 0 0
11641 -0.167218 -0.00837956 0.01 97 97 0 0 0
11679 -0.176518 -0.00837956 0.01 97 97 0 0 0
11718 -0.204072 -0.00859535 0.01 72 72 0 0 0
11730 -0.177833 -0.00932972 0.01 72 72 0 0 0
11734 -0.127095 -0.00880426 0.01 57 57 0 0 0
11738 -0.167218 -0.00837956 0.01 97 97 0 0 0
11742 -0.162859 -0.00927187 0.01 72 72 0 0 0
11757 -0.121246 -0.00880426 0.01 57 58 0 0 0
11758 -0.167218 -0.00837956 0.01 97 97 0 0 0
11763 -0.176518 -0.00837956 0.01 97 97 0 0 0
11768 -0.162888 -0.00807211 0.01 98 98 0 0 0
11776 -0.121246 -0.00880426 0.01 56 57 0 0 0
11793 -0.176518 -0.00837956 0.01 99 99 0 0 0
11818 -0.127095 -0.00880426 0.01 57 57 0 0 0
11824 -0.176518 -0.00837956 0.01 98 98 0 0 0
11825 -0.121246 -0.00880426 0.01 57 57 0 0 0
11836 -0.167218 -0.00837956 0.01 97 97 0 0 0
11850 -0.184501 -0.00909971 0.01 72 73 0 0 0
11853 -0.116587 -0.00880426 0.01 56 56 0 0 0
11871 -0.121246 -0.00880426 0.01 57 57 0 0 0
11878 -0.121246 -0.00880426 0.01 56 56 0 0 0
11880 -0.1714 -0.00835937 0.01 97 97 0 0 0
11887 -0.167218 -0.00837956 0.01 97 97 0 0 0
11888 -0.121246 -0.0090086 0.01 55 55 0 0 0
11891 -0.121246 -0.00880426 0.01 57 56 0 0 0
11915 -0.106499 -0.00880426 0.01 56 56 0 0 0
11924 -0.116142 -0.00880426 0.01 55 56 0 0 0
11925 -0.185328 -0.00892703 0.01 72 71 0 0 0
11931 -0.116587 -0.00880426 0.01 56 56 0 0 0
11941 -0.127095 -0.00880426 0.01 56 56 0 0 0
11942 -0.107294 -0.00839008 0.01 72 72 0 0 0
11945 -0.121246 -0.00880426 0.01 57 58 0 0 0
11955 -0.13603 -0.00831338 0.01 72 71 0 0 0
11972 -0.169227 -0.00835937 0.01 97 97 0 0 0
11973 -0.132602 -0.00921126 0.01 72 72 0 0 0
11980 -0.150868 -0.0089218 0.01 72 73 0 0 0
11990 -0.189303 -0.00939175 0.01 72 73 0 0 0
12001 -0.121246 -0.00865304 0.01 57 57 0 0 0
12003 -0.107294 -0.00839008 0.01 72 72 0 0 0
12007 -0.121246 -0.00880426 0.01 57 58 0 0 0
12049 -0.180516 -0.00924281 0.01 72 72 0 0 0
12059 -0.116587 -0.0088636 0.01 56 56 0 0 0
12062 -0.121246 -0.00880426 0.01 56 56 0 0 0
12073 -0.121246 -0.00880426 0.01 56 55 0 0 0
12080 -0.121246 -0.00880426 0.01 57 57 0 0 0
12087 -0.167218 -0.00837956 0.01 97 97 0 0 0
12091 -0.167218 -0.00837956 0.01 97 97 0 0 0
12106 -0.176518 -0.00837956 0.01 99 99 0 0 0
12137 -0.121246 -0.00865304 0.01 57 57 0 0 0
12139 -0.128461 -0.00880426 0.01 55 55 0 0 0
12145 -0.167218 -0.00837956 0.01 98 98 0 0 0
12146 -0.150868 -0.00869159 0.01 72 72 0 0 0
12153 -0.176518 -0.00837956 0.01 98 98 0 0 0
12160 -0.167218 -0.00837956 0.01 97 97 0 0 0
12162 -0.167218 -0.00837956 0.01 97 97 0 0 0
12170 -0.167218 -0.00837956 0.01 99 99 0 0 0
12181 -0.121246 -0.00880426 0.01 55 55 0 0 0
12200 -0.127095 -0.00880426 0.01 56 56 0 0 0
12202 -0.121246 -0.00880426 0.01 56 56 0 0 0
12212 -0.121246 -0.00880426 0.01 57 57 0 0 0
12219 -0.14612 -0.00888539 0.01 72 72 0 0 0
12252 -0.121246 -0.00880426 0.01 57 57 0 0 0
12254 -0.121246 -0.00880426 0.01 55 55 0 0 0
12258 -0.150868 -0.00901142 0.01 72 72 0 0 0
12263 -0.134797 -0.00880426 0.01 56 56 0 0 0
12268 -0.180516 -0.00924281 0.01 72 72 0 0 0
12282 -0.11372 -0.0087111 0.01 56 56 -5.81145e-06 0 9.31583e-05
12294 -0.174645 -0.00917618 0.01 72 72 0 0 0
12301 -0.169227 -0.00835937 0.01 97 97 0 0 0
12317 -0.121246 -0.00880426 0.01 57 57 0 0 0
12324 -0.134797 -0.00880426 0.01 57 57 0 0 0
12338 -0.121246 -0.00865304 0.01 56 56 0 0 0
12343 -0.167218 -0.00837956 0.01 97 97 0 0 0
12353 -0.167218 -0.00837956 0.01 99 99 0 0 0
12366 -0.11717 -0.00880426 0.01 56 56 0 0 0
12368 -0.121246 -0.00880426 0.01 57 57 0 0 0
12380 -0.169227 -0.00835937 0.01 98 98 0 0 0
12381 -0.1475 -0.00917723 0.01 72 72 0 0 0
12386 -0.167218 -0.00837956 0.01 98 98 0 0 0
12389 -0.167218 -0.00837956 0.01 99 99 0 0 0
12405 -0.11717 -0.00880426 0.01 56 56 0 0 0
12408 -0.11717 -0.00880426 0.01 56 56 0 0 0
12414 -0.167218 -0.00789602 0.01 97 97 0 0 0
12416 -0.121246 -0.00860082 0.01 55 55 0 0 0
12451 -0.123113 -0.00880426 0.01 57 58 0 0 0
12453 -0.116587 -0.00880426 0.01 56 56 0 0 0
12454 -0.121246 -0.00880426 0.01 57 57 0 0 0
12456 -0.1714 -0.00835937 0.01 97 97 0 0 0
12464 -0.176518 -0.00837956 0.01 98 98 0 0 0
12485 -0.118873 -0.00880426 0.01 57 57 0 0 0
12494 -0.178932 -0.00903483 0.01 72 72 0 0 0
12504 -0.121246 -0.00880426 0.01 57 57 0 0 0
12507 -0.176518 -0.00837956 0.01 97 97 0 0 0
12509 -0.204985 -0.00920582 0.01 72 72 0 0 0
12515 -0.138418 -0.00921126 0.01 72 72 0 0 0
12534 -0.167218 -0.00837956 0.01 98 98 0 0 0
12537 -0.137813 -0.0082653 0.01 72 72 0 0 0
12549 -0.184311 -0.00878034 0.01 72 72 0 0 0
12563 -0.123113 -0.00880426 0.01 57 57 0 0 0
12569 -0.167218 -0.00837956 0.01 97 96 0 0 0
12615 -0.119537 -0.00880426 0.01 57 57 -5.126e-05 0.00170863 0
12622 -0.121246 -0.00880426 0.01 57 57 0 0 0
12626 -0.167218 -0.00837956 0.01 97 97 0 0 0
12661 -0.178932 -0.00861022 0.01 72 72 0 0 0
12675 -0.176518 -0.00837956 0.01 97 97 0 0 0
12678 -0.163159 -0.00935965 0.01 72 72 0 0 0
12690 -0.178932 -0.00903483 0.01 72 72 0 0 0
12691 -0.169227 -0.00835937 0.01 97 97 0 0 0
12703 -0.121246 -0.00880426 0.01 56 56 0 0 0
12711 -0.121246 -0.00880426 0.01 55 55 0 0 0
12737 -0.121246 -0.00880426 0.01 57 57 0 0 0
12738 -0.182692 -0.00895271 0.01 72 72 0.00221127 -0.0202238 0
12747 -0.151936 -0.00903326 0.01 72 72 0 0 0
12751 -0.127095 -0.00880426 0.01 57 57 0 0 0
12760 -0.121246 -0.00880426 0.01 55 55 0 0 0
12765 -0.107294 -0.00839008 0.01 72 72 0 0 0
12767 -0.121246 -0.00880426 0.01 56 56 0 0 0
12800 -0.121246 -0.00854836 0.01 57 57 0 0 0
12812 -0.121246 -0.00884384 0.01 55 55 8.9854e-06 0 -0.0001908
12824 -0.167218 -0.00837956 0.01 97 97 0 0 0
12828 -0.162888 -0.00807211 0.01 98 98 0 0 0
12829 -0.127095 -0.00880426 0.01 56 55 0 0 0
12834 -0.156694 -0.00855356 0.01 72 72 0 0 0
12835 -0.176518 -0.00837956 0.01 98 98 0 0 0
12864 -0.127095 -0.00880426 0.01 57 57 0 0 0
12870 -0.11717 -0.00880426 0.01 56 56 0 0 0
12871 -0.177359 -0.00937074 0.01 72 72 0 0 0
12875 -0.121246 -0.00880426 0.01 56 56 0 0 0
12877 -0.121246 -0.00854836 0.01 57 57 0 0 0
12880 -0.173145 -0.00924302 0.01 72 72 0 0 0
12892 -0.167869 -0.00918448 0.01 72 72 -0.000181347 0 -0.000231763
12903 -0.127095 -0.00880426 0.01 57 57 0 0 0
12926 -0.176518 -0.00837956 0.01 98 98 0 0 0
12928 -0.150868 -0.00892479 0.01 72 72 0 0 0
12949 -0.150868 -0.009213 0.01 72 72 0 0 0
12953 -0.127095 -0.00880426 0.01 56 55 0 0 0
12961 -0.113431 -0.00865304 0.01 56 56 0 0 0
12968 -0.167218 -0.00837956 0.01 97 97 0 0 0
12995 -0.169227 -0.00835937 0.01 98 98 0 0 0
12996 -0.173145 -0.00924302 0.01 72 72 0 0 0
13010 -0.121246 -0.00880426 0.01 56 56 0 0 0
13017 -0.121246 -0.00880426 0.01 56 56 0 0 0
13045 -0.121246 -0.00880426 0.01 57 57 0 0 0
13051 -0.127095 -0.00880426 0.01 56 57 0 0 0
13054 -0.116587 -0.00884217 0.01 56 56 0 0 0
13055 -0.167218 -0.00837956 0.01 97 97 0 0 0
13066 -0.144475 -0.00880426 0.01 56 56 0 0 0
13083 -0.167869 -0.00852521 0.01 72 72 0 0 0
13103 -0.11717 -0.00880426 0.01 56 56 0 0 0
13118 -0.121246 -0.00880426 0.01 57 57 0 0 0
13122 -0.113431 -0.00865304 0.01 56 56 0 0 0
13137 -0.167218 -0.00837956 0.01 97 97 0 0 0
13139 -0.184298 -0.00927051 0.01 72 72 0 0 0
13144 -0.167218 -0.00837956 0.01 97 97 0 0 0
13148 -0.121246 -0.00865304 0.01 55 55 0 0 0
13161 -0.176518 -0.00837956 0.01 99 99 0 0 0
13166 -0.144475 -0.00880426 0.01 56 56 0 0 0
13181 -0.176518 -0.00837956 0.01 98 98 0 0 0
13210 -0.107567 -0.00880426 0.01 57 58 0 0 0
13217 -0.193507 -0.00923232 0.01 72 72 0 0 0
13221 -0.121246 -0.00880426 0.01 57 57 0 0 0
13235 -0.173106 -0.00837956 0.01 97 97 0 0 0
13239 -0.127095 -0.00880426 0.01 55 55 0 0 0
13266 -0.121246 -0.00880426 0.01 57 57 0 0 0
13282 -0.121246 -0.00880426 0.01 55 55 0 0 0
13285 -0.178932 -0.00884619 0.01 72 73 0 0 0
13290 -0.180516 -0.00924281 0.01 72 72 0 0 0
13324 -0.121246 -0.00880426 0.01 57 57 0 0 0
13333 -0.105299 -0.00876584 0.01 56 56 -0.000514105 0.0159468 0
13346 -0.127095 -0.00880426 0.01 56 56 0 0 0
13388 -0.127095 -0.00880426 0.01 56 56 0 0 0
13395 -0.121246 -0.00880426 0.01 57 57 0 0 0
13403 -0.121246 -0.00880426 0.01 57 57 0 0 0
13410 -0.167218 -0.00837956 0.01 97 97 0 0 0
13419 -0.116587 -0.00880426 0.01 56 56 0 0 0
13420 -0.1475 -0.00917723 0.01 72 72 0 0 0
13421 -0.184298 -0.00927051 0.01 72 72 0 0 0
13429 -0.143221 -0.00878944 0.01 72 72 0 0 0
13434 -0.127095 -0.00880426 0.01 56 56 0 0 0
13449 -0.127095 -0.008304 0.01 57 57 -1.76728e-05 0 0.000500255
13467 -0.176518 -0.00837956 0.01 98 97 0 0 0
13469 -0.154074 -0.00921126 0.01 72 72 0 0 0
13481 -0.185328 -0.00892703 0.01 72 72 0 0 0
13488 -0.167218 -0.00837956 0.01 97 97 0 0 0
13496 -0.121246 -0.00880426 0.01 56 56 0 0 0
13499 -0.181951 -0.0089259 0.01 72 73 0 0 0
13500 -0.121246 -0.00880426 0.01 56 56 0 0 0
13530 -0.134797 -0.00880426 0.01 56 56 0 0 0
13539 -0.150868 -0.00892479 0.01 72 72 0 0 0
13547 -0.176518 -0.00837956 0.01 98 98 0 0 0
13562 -0.127095 -0.00880426 0.01 56 56 0 0 0
13572 -0.167218 -0.00837956 0.01 97 97 0 0 0
13612 -0.121246 -0.00880426 0.01 57 57 0 0 0
13617 -0.167218 -0.00837956 0.01 97 97 0 0 0
13620 -0.173106 -0.00855132 0.01 97 97 0 0 0
13624 -0.128461 -0.00880426 0.01 55 55 0 0 0
13639 -0.175907 -0.0095319 0.01 72 73 0 0 0
13655 -0.167218 -0.00837956 0.01 98 98 0 0 0
13657 -0.167218 -0.00789602 0.01 97 97 0 0 0
13663 -0.121246 -0.00865304 0.01 56 56 0 0 0
13665 -0.119975 -0.00860082 0.01 55 55 -2.48998e-05 0.00127088 0
13681 -0.127095 -0.00880426 0.01 57 57 0 0 0
13685 -0.121246 -0.00880426 0.01 57 57 0 0 0
13697 -0.151936 -0.0093537 0.01 72 72 0 0 0
13704 -0.176518 -0.00837956 0.01 98 98 0 0 0
13707 -0.167218 -0.00837956 0.01 98 98 0 0 0
13718 -0.167813 -0.00837956 0.01 99 99 0 0 0
13719 -0.162888 -0.00837956 0.01 98 98 0 0 0
13738 -0.121246 -0.00880426 0.01 56 56 0 0 0
13746 -0.167664 -0.00837956 0.01 98 98 0 0 0
13759 -0.176518 -0.00837956 0.01 97 97 0 0 0
13786 -0.121246 -0.00880426 0.01 57 57 0 0 0
13791 -0.167218 -0.00837956 0.01 99 98 0 0 0
13801 -0.107294 -0.00839008 0.01 72 72 0 0 0
13815 -0.121246 -0.00880426 0.01 56 56 0 0 0
13817 -0.167218 -0.00789602 0.01 97 97 0 0 0
13834 -0.106501 -0.00880426 0.01 57 57 -0.000574172 0.0147447 0
13836 -0.176518 -0.00837956 0.01 97 97 0 0 0
13856 -0.121246 -0.00880426 0.01 55 55 0 0 0
13861 -0.134797 -0.00880426 0.01 56 56 0 0 0
13873 -0.121246 -0.00880426 0.01 56 56 0 0 0
13878 -0.187065 -0.00874758 0.01 72 72 0 0 0
13880 -0.16305 -0.00943031 0.01 72 73 0 0 0
13882 -0.121246 -0.00872472 0.01 57 57 0 0 0
13883 -0.121246 -0.00880426 0.01 57 57 0 0 0
13891 -0.167218 -0.00837956 0.01 98 98 0 0 0
13903 -0.121246 -0.00871817 0.01 57 57 -3.76999e-06 0 8.60877e-05
13908 -0.193507 -0.00923232 0.01 72 72 0 0 0
13925 -0.167218 -0.00837956 0.01 99 99 0 0 0
13929 -0.134797 -0.00880426 0.01 56 56 0 0 0
13940 -0.127095 -0.00880426 0.01 57 57 0 0 0
13945 -0.121246 -0.00880426 0.01 57 57 0 0 0
13959 -0.127095 -0.00880426 0.01 56 56 0 0 0
13994 -0.167218 -0.00837956 0.01 98 98 0 0 0
14002 -0.121246 -0.00880426 0.01 57 58 0 0 0
14034 -0.143272 -0.00895378 0.01 72 72 0 0 0
14062 -0.114534 -0.00880426 0.01 57 57 0 0 0
14079 -0.167218 -0.00837956 0.01 98 98 0 0 0
14087 -0.176518 -0.00837956 0.01 98 98 0 0 0
14122 -0.176518 -0.00825181 0.01 98 98 0.0138351 0 0.000127751
14127 -0.178271 -0.00882258 0.01 72 73 0 0 0
14158 -0.121246 -0.0090086 0.01 55 55 0 0 0
14159 -0.167218 -0.00837956 0.01 97 97 0 0 0
14172 -0.176518 -0.00858979 0.01 97 97 0 0 0
14200 -0.167218 -0.00837956 0.01 98 98 0 0 0
14203 -0.167218 -0.00837956 0.01 97 97 0 0 0
14204 -0.105299 -0.00876584 0.01 56 56 0 0 0
14214 -0.144475 -0.00880426 0.01 56 56 0 0 0
14216 -0.121246 -0.00880426 0.01 57 57 0 0 0
14219 -0.170223 -0.00924281 0.01 72 72 0 0 0
14221 -0.167218 -0.00837956 0.01 97 97 0 0 0
14224 -0.180516 -0.00924281 0.01 72 71 0 0 0
14235 -0.176518 -0.00837956 0.01 98 98 0 0 0
14243 -0.167869 -0.00895271 0.01 72 72 0 0 0
14248 -0.107294 -0.00831794 0.01 72 72 0 0 0
14249 -0.14612 -0.00888539 0.01 72 72 0 0 0
14257 -0.176518 -0.00837956 0.01 98 98 0 0 0
14260 -0.176518 -0.00837956 0.01 97 97 0 0 0
14292 -0.176518 -0.00837956 0.01 98 98 0 0 0
14299 -0.213066 -0.00920582 0.01 72 72 0 0 0
14312 -0.121246 -0.00880426 0.01 56 56 0 0 0
14324 -0.121246 -0.00904494 0.01 56 58 1.39177e-05 0 -0.000387024
14339 -0.104285 -0.00880426 0.01 57 57 0 0 0
14349 -0.127095 -0.00880426 0.01 57 57 0 0 0
14357 -0.121246 -0.00880426 0.01 57 56 0 0 0
14365 -0.180516 -0.00924281 0.01 72 72 0 0 0
14375 -0.188643 -0.00859535 0.01 72 72 -0.000639468 0.0154294 0
14376 -0.167218 -0.00837956 0.01 97 97 0 0 0
14377 -0.196771 -0.00943031 0.01 72 72 0 0 0
14394 -0.121246 -0.00880426 0.01 56 56 0 0 0
14410 -0.127095 -0.00880426 0.01 57 57 0 0 0
14413 -0.176518 -0.00837956 0.01 98 98 0 0 0
14414 -0.167218 -0.00837956 0.01 99 99 0 0 0
14416 -0.177359 -0.00937074 0.01 72 72 0 0 0
14427 -0.167218 -0.00837956 0.01 97 97 0 0 0
14436 -0.176518 -0.00837956 0.01 98 98 0 0 0
14445 -0.176518 -0.00837956 0.01 97 96 0 0 0
14446 -0.106499 -0.00880426 0.01 56 56 -0.000462309 0.014747 0
14459 -0.180516 -0.00924281 0.01 72 72 0 0 0
14475 -0.121246 -0.00880426 0.01 57 57 0 0 0
14477 -0.121246 -0.00880426 0.01 55 55 0 0 0
14479 -0.17587 -0.00937074 0.01 72 72 -0.000150502 0.00148866 0
14489 -0.121246 -0.00880426 0.01 57 57 0 0 0
14501 -0.121246 -0.00880426 0.01 57 57 0 0 0
14506 -0.126898 -0.0082653 0.01 72 72 0 0 0
14514 -0.127095 -0.00880426 0.01 57 57 0 0 0
14536 -0.176561 -0.00835937 0.01 97 97 0 0 0
14543 -0.121246 -0.00865304 0.01 56 56 0 0 0
14552 -0.127095 -0.00880426 0.01 57 57 0 0 0
14561 -0.144475 -0.00880426 0.01 56 56 0 0 0
14569 -0.150868 -0.00901142 0.01 72 72 0 0 0
14573 -0.127095 -0.00880426 0.01 56 56 0 0 0
14574 -0.121246 -0.00880426 0.01 56 56 0 0 0
14577 -0.177201 -0.0088359 0.01 72 72 0 0 0
14584 -0.187065 -0.00874758 0.01 72 72 0 0 0
14588 -0.167869 -0.00895271 0.01 72 72 0 0 0
14596 -0.167218 -0.00837956 0.01 99 99 0 0 0
14598 -0.127095 -0.00880426 0.01 57 57 0 0 0
14616 -0.167218 -0.00837956 0.01 99 99 0 0 0
14624 -0.127095 -0.00880426 0.01 57 57 0 0 0
14633 -0.121246 -0.00859686 0.01 57 57 0 0 0
14636 -0.167218 -0.00837956 0.01 97 97 0 0 0
14640 -0.169227 -0.00835937 0.01 97 97 0 0 0
14644 -0.167218 -0.00837956 0.01 97 97 0 0 0
14651 -0.176518 -0.00837956 0.01 98 98 0 0 0
14705 -0.169227 -0.00835937 0.01 97 97 0 0 0
14717 -0.176518 -0.00837956 0.01 99 98 0 0 0
14719 -0.167218 -0.00837956 0.01 97 97 0 0 0
14747 -0.176518 -0.00837956 0.01 98 98 0 0 0
14758 -0.127095 -0.00880426 0.01 56 56 0 0 0
14768 -0.127095 -0.00880426 0.01 56 56 0 0 0
14788 -0.127095 -0.00880426 0.01 57 57 0 0 0
14804 -0.121246 -0.00880426 0.01 56 56 0 0 0
14811 -0.150868 -0.00901142 0.01 72 72 0 0 0
14814 -0.144475 -0.00880426 0.01 56 56 0 0 0
14818 -0.113431 -0.00865304 0.01 56 56 0 0 0
14834 -0.154074 -0.00922087 0.01 72 71 0 0 0
14835 -0.176518 -0.00837956 0.01 98 98 0 0 0
14843 -0.1714 -0.00835937 0.01 97 97 0 0 0
14846 -0.146291 -0.00892479 0.01 72 72 0 0 0
14849 -0.167218 -0.00837956 0.01 99 99 0 0 0
14866 -0.167218 -0.00837956 0.01 98 98 0 0 0
14872 -0.127095 -0.00880426 0.01 57 57 0 0 0
14881 -0.180516 -0.00924281 0.01 72 72 0 0 0
14890 -0.127095 -0.00880426 0.01 57 57 0 0 0
14917 -0.127095 -0.00880426 0.01 56 56 0 0 0
14946 -0.176518 -0.00837956 0.01 99 99 0 0 0
14956 -0.121246 -0.00880426 0.01 56 56 0 0 0
14961 -0.1776 -0.00968435 0.01 72 72 0 0 0
14973 -0.167218 -0.00837956 0.01 98 98 0 0 0
14978 -0.162311 -0.00928289 0.01 72 72 8.32975e-05 -0.000493616 0
14987 -0.121246 -0.00920596 0.01 56 56 0 0 0
14996 -0.167869 -0.00895271 0.01 72 72 0 0 0
15015 -0.128461 -0.00880426 0.01 55 55 0 0 0
15025 -0.1475 -0.00917723 0.01 72 72 0 0 0
15030 -0.121246 -0.00904494 0.01 56 56 0 0 0
15044 -0.174645 -0.00917618 0.01 72 72 0 0 0
15048 -0.167813 -0.00837956 0.01 99 99 0 0 0
15050 -0.107294 -0.00831794 0.01 72 72 0 0 0
15082 -0.121246 -0.00880426 0.01 56 56 0 0 0
15094 -0.127095 -0.00880426 0.01 56 56 0 0 0
15098 -0.128461 -0.00880426 0.01 56 56 0 0 0
15099 -0.121246 -0.00880426 0.01 57 57 0 0 0
15101 -0.121246 -0.00880426 0.01 57 57 0 0 0
15105 -0.121246 -0.00854836 0.01 57 57 0 0 0
15106 -0.167218 -0.00837956 0.01 97 97 0 0 0
15108 -0.116587 -0.0088636 0.01 56 56 0 0 0
15112 -0.167218 -0.00837956 0.01 97 97 0 0 0
15116 -0.133255 -0.00921172 0.01 72 71 0 0 0
15125 -0.177359 -0.00937074 0.01 72 72 0 0 0
15127 -0.167218 -0.00837956 0.01 97 97 0 0 0
15134 -0.186618 -0.00943031 0.01 72 72 0 0 0
15138 -0.121246 -0.00880426 0.01 57 57 0 0 0
15151 -0.176561 -0.00835937 0.01 97 97 0 0 0
15163 -0.178932 -0.00903483 0.01 72 72 0 0 0
15177 -0.121246 -0.00880196 0.01 57 57 0 0 0
15189 -0.121246 -0.00880426 0.01 57 57 0 0 0
15190 -0.150868 -0.00906633 0.01 72 72 0 0 0
15196 -0.213066 -0.00920582 0.01 72 72 0 0 0
15204 -0.176518 -0.00837956 0.01 98 98 0 0 0
15213 -0.179723 -0.0094532 0.01 72 72 0 0 0
15214 -0.121246 -0.00865304 0.01 57 57 0 0 0
15221 -0.193507 -0.00923232 0.01 72 72 0 0 0
15226 -0.127095 -0.00880426 0.01 57 57 0 0 0
15234 -0.121246 -0.00880426 0.01 55 55 0 0 0
15236 -0.156272 -0.00918066 0.01 72 72 0 0 0
15237 -0.176518 -0.00837956 0.01 97 97 0 0 0
15244 -0.136887 -0.00864016 0.01 72 72 0 0 0
15246 -0.196771 -0.00943031 0.01 72 72 0 0 0
15256 -0.116587 -0.00880426 0.01 56 56 0 0 0
15272 -0.121246 -0.00880426 0.01 57 57 0 0 0
15278 -0.144475 -0.00880426 0.01 56 56 0 0 0
15289 -0.150868 -0.00869159 0.01 72 72 0 0 0
15294 -0.127095 -0.00880426 0.01 57 57 0 0 0
15316 -0.167218 -0.00837956 0.01 99 98 0 0 0
15324 -0.127095 -0.00880426 0.01 57 57 0 0 0
15346 -0.176518 -0.00837956 0.01 99 99 0 0 0
15351 -0.178932 -0.00903483 0.01 72 72 0 0 0
15352 -0.169227 -0.00835937 0.01 98 97 0 0 0
15361 -0.169922 -0.00941578 0.01 72 71 0.000100359 -0.000940666 0
15362 -0.167218 -0.00837956 0.01 97 97 0 0 0
15369 -0.121246 -0.00880426 0.01 56 56 0 0 0
15375 -0.169227 -0.00835937 0.01 98 98 0 0 0
15378 -0.170223 -0.00924281 0.01 72 72 0 0 0
15399 -0.121246 -0.00859686 0.01 57 57 0 0 0
15408 -0.167218 -0.00789602 0.01 97 97 0 0 0
15412 -0.121246 -0.00880426 0.01 57 57 0 0 0
15416 -0.167218 -0.00837956 0.01 99 99 0 0 0
15430 -0.173145 -0.00924302 0.01 72 72 0 0 0
15451 -0.132602 -0.00921126 0.01 72 72 0 0 0
15453 -0.167218 -0.00837956 0.01 97 97 0 0 0
15459 -0.121246 -0.00865304 0.01 56 56 0 0 0
15469 -0.11717 -0.00880426 0.01 56 56 0 0 0
15486 -0.127095 -0.00880426 0.01 57 57 0 0 0
15488 -0.150868 -0.00901142 0.01 72 72 0 0 0
15489 -0.137813 -0.0082653 0.01 72 72 0 0 0
15509 -0.121246 -0.00880426 0.01 56 56 0 0 0
15514 -0.16305 -0.00921715 0.01 72 72 0 0 0
15518 -0.162718 -0.00912142 0.01 72 72 0 0 0
15522 -0.150868 -0.00892479 0.01 72 72 0 0 0
15570 -0.127095 -0.00880426 0.01 56 56 0 0 0
15606 -0.167813 -0.00837956 0.01 99 99 0 0 0
15613 -0.121246 -0.00840734 0.01 56 56 0 0 0
15624 -0.121246 -0.00850126 0.01 57 57 0 0 0
15628 -0.167218 -0.00837956 0.01 98 98 0 0 0
15629 -0.127095 -0.00880426 0.01 57 57 0 0 0
15634 -0.121246 -0.00865304 0.01 56 56 0 0 0
15638 -0.179723 -0.0094532 0.01 72 71 0 0 0
15650 -0.167218 -0.00837956 0.01 97 97 0 0 0
15663 -0.121246 -0.00865304 0.01 56 56 0 0 0
15669 -0.127095 -0.00880426 0.01 56 56 0 0 0
15691 -0.116587 -0.0088636 0.01 56 56 0 0 0
15692 -0.167218 -0.00837956 0.01 97 97 0 0 0
15695 -0.177359 -0.00937074 0.01 72 72 0 0 0
15697 -0.175907 -0.0095319 0.01 72 72 0 0 0
15700 -0.176518 -0.00837956 0.01 98 98 0 0 0
15702 -0.154222 -0.00915377 0.01 72 72 0 0 0
15703 -0.121246 -0.00880426 0.01 57 57 0 0 0
15732 -0.187065 -0.00874758 0.01 72 72 0 0 0
15736 -0.121246 -0.00880426 0.01 57 57 0 0 0
15753 -0.170223 -0.00924281 0.01 72 72 0 0 0
15760 -0.121246 -0.00880426 0.01 55 56 0 0 0
15766 -0.121246 -0.00880426 0.01 57 57 0 0 0
15769 -0.166668 -0.00923236 0.01 72 71 0 0 0
15785 -0.167218 -0.00837956 0.01 98 98 0 0 0
15794 -0.121246 -0.00880426 0.01 57 57 0 0 0
15816 -0.1714 -0.00835937 0.01 97 97 0 0 0
15827 -0.167218 -0.00837956 0.01 99 99 0 0 0
15835 -0.167813 -0.00837956 0.01 99 99 0 0 0
15857 -0.153323 -0.00855837 0.01 72 73 0 0 0
15869 -0.167218 -0.00837956 0.01 99 99 0 0 0
15897 -0.204072 -0.00859535 0.01 72 72 0 0 0
15911 -0.121246 -0.00880426 0.01 57 57 0 0 0
15912 -0.150868 -0.00901142 0.01 72 72 0 0 0
15915 -0.167218 -0.00837956 0.01 97 97 0 0 0
15926 -0.116587 -0.00880426 0.01 56 56 0 0 0
15932 -0.143221 -0.00878944 0.01 72 72 0 0 0
15933 -0.167813 -0.00837956 0.01 99 99 0 0 0
15965 -0.121246 -0.00880426 0.01 57 57 0 0 0
15998 -0.121246 -0.00865304 0.01 55 55 0 0 0
16017 -0.167218 -0.00837956 0.01 98 98 0 0 0
16040 -0.128461 -0.00880426 0.01 55 55 0 0 0
16047 -0.178932 -0.00861022 0.01 72 72 0 0 0
16050 -0.176518 -0.00837956 0.01 98 98 0 0 0
16054 -0.116142 -0.00880426 0.01 56 56 0 0 0
16057 -0.166668 -0.00923236 0.01 72 71 0 0 0
16058 -0.116587 -0.00880426 0.01 56 56 0 0 0
16064 -0.116587 -0.00880426 0.01 57 56 0 0 0
16071 -0.121246 -0.00865304 0.01 57 57 0 0 0
16078 -0.121246 -0.00880426 0.01 57 58 0 0 0
16083 -0.121246 -0.00840734 0.01 56 56 0 0 0
16085 -0.167218 -0.00837956 0.01 97 97 0 0 0
16092 -0.116142 -0.00880426 0.01 56 56 -0.000131577 0.00510376 0
16097 -0.178932 -0.00903483 0.01 72 72 0 0 0
16100 -0.121246 -0.00859686 0.01 57 57 0 0 0
16120 -0.167218 -0.00837956 0.01 98 98 0 0 0
16127 -0.140346 -0.00867574 0.01 72 72 0 0 0
16153 -0.177201 -0.0088359 0.01 72 72 0 0 0
16154 -0.116587 -0.00880426 0.01 56 56 0 0 0
16179 -0.176518 -0.00837956 0.01 98 98 0 0 0
16186 -0.184311 -0.00878034 0.01 72 72 0 0 0
16220 -0.167218 -0.00837956 0.01 98 98 0 0 0
16223 -0.127095 -0.00880426 0.01 56 56 0 0 0
16234 -0.121246 -0.00880426 0.01 57 57 0 0 0
16240 -0.121246 -0.00854836 0.01 57 57 0 0 0
16241 -0.167218 -0.00837956 0.01 97 97 0 0 0
16268 -0.127095 -0.00880426 0.01 55 56 0 0 0
16272 -0.121246 -0.00880426 0.01 56 56 0 0 0
16275 -0.183271 -0.00910825 0.01 72 73 -0.000954419 0.0129998 0
16276 -0.121246 -0.00865304 0.01 57 57 0 0 0
16278 -0.116587 -0.0088636 0.01 56 56 0 0 0
16290 -0.121246 -0.00850126 0.01 57 57 0 0 0
16322 -0.116142 -0.00880426 0.01 56 56 0 0 0
16344 -0.121246 -0.00880426 0.01 57 57 0 0 0
16348 -0.160913 -0.00837956 0.01 97 97 0 0 0
16360 -0.121246 -0.00880426 0.01 57 57 0 0 0
16374 -0.167218 -0.00837956 0.01 99 99 0 0 0
16376 -0.1776 -0.00968435 0.01 72 72 0 0 0
16382 -0.121246 -0.00865304 0.01 57 57 0 0 0
16385 -0.137813 -0.0082653 0.01 72 72 0 0 0
16413 -0.167813 -0.00837956 0.01 99 99 0 0 0
16437 -0.167218 -0.00837956 0.01 97 97 0 0 0
16439 -0.134797 -0.00880426 0.01 56 56 0 0 0
16461 -0.121246 -0.00880426 0.01 57 57 0 0 0
16469 -0.172535 -0.00924281 0.01 72 72 0.000275493 -0.00231194 0
16475 -0.121246 -0.00880426 0.01 56 56 0 0 0
16478 -0.121246 -0.00880426 0.01 57 57 0 0 0
16480 -0.193507 -0.00923232 0.01 72 72 0 0 0
16492 -0.173145 -0.00924302 0.01 72 72 0 0 0
16498 -0.121246 -0.0090086 0.01 55 55 0 0 0
16501 -0.121246 -0.00880426 0.01 56 56 0 0 0
16504 -0.130497 -0.00880426 0.01 55 55 0 0 0
16511 -0.134797 -0.00880426 0.01 56 56 0 0 0
16525 -0.176518 -0.00837956 0.01 97 97 0 0 0
16540 -0.11717 -0.00880426 0.01 56 56 0 0 0
16552 -0.121246 -0.00880426 0.01 57 57 0 0 0
16568 -0.121246 -0.00872472 0.01 57 57 0 0 0
16569 -0.127095 -0.00880426 0.01 57 57 0 0 0
16574 -0.181951 -0.0089259 0.01 72 73 0 0 0
16575 -0.121246 -0.00880426 0.01 56 56 0 0 0
16582 -0.179723 -0.00943031 0.01 72 72 0 0 0
16594 -0.116587 -0.00880426 0.01 56 56 0 0 0
16601 -0.121246 -0.00880426 0.01 56 56 0 0 0
16604 -0.178932 -0.00903483 0.01 72 73 0 0 0
16605 -0.167869 -0.00895271 0.01 72 72 0 0 0
16606 -0.178932 -0.00903483 0.01 72 72 0 0 0
16625 -0.127095 -0.00880426 0.01 57 57 0 0 0
16643 -0.167218 -0.00837956 0.01 97 97 0 0 0
16662 -0.121246 -0.00865304 0.01 57 57 0 0 0
16668 -0.176518 -0.00837956 0.01 98 98 0 0 0
16674 -0.15301 -0.00935965 0.01 72 72 0 0 0
16677 -0.121246 -0.00880426 0.01 57 57 0 0 0
16692 -0.127095 -0.00880426 0.01 57 57 0 0 0
16699 -0.121246 -0.00880426 0.01 57 57 0 0 0
16705 -0.167218 -0.00837956 0.01 97 97 0 0 0
16708 -0.214166 -0.00939175 0.01 72 72 0 0 0
16726 -0.121246 -0.00880426 0.01 56 57 0 0 0
16733 -0.14612 -0.00879014 0.01 72 72 0 0 0
16737 -0.167218 -0.00837956 0.01 97 97 0 0 0
16746 -0.121246 -0.00865304 0.01 56 56 0 0 0
16751 -0.167218 -0.00837956 0.01 97 97 0 0 0
16767 -0.11717 -0.00880426 0.01 56 56 0 0 0
16773 -0.167218 -0.00837956 0.01 98 98 0 0 0
16784 -0.121246 -0.00860082 0.01 55 55 0 0 0
16791 -0.121246 -0.00920596 0.01 56 56 0 0 0
16792 -0.107294 -0.00839008 0.01 72 72 0 0 0
16810 -0.167218 -0.00837956 0.01 98 98 0 0 0
16817 -0.116587 -0.00880426 0.01 56 56 0 0 0
16832 -0.121246 -0.00880426 0.01 56 56 0 0 0
16837 -0.121246 -0.00865304 0.01 56 56 0 0 0
16847 -0.121246 -0.00860082 0.01 55 55 0 0 0
16849 -0.134797 -0.00880426 0.01 56 56 0 0 0
16853 -0.162888 -0.00837956 0.01 98 98 0 0 0
16862 -0.121246 -0.00880426 0.01 57 57 0 0 0
16908 -0.121246 -0.00880426 0.01 57 57 0 0 0
16924 -0.176561 -0.00835937 0.01 97 97 0 0 0
16934 -0.127095 -0.00880426 0.01 56 56 0 0 0
16957 -0.134007 -0.00880426 0.01 55 55 0 0 0
16958 -0.176518 -0.00837956 0.01 98 98 0 0 0
16964 -0.136089 -0.00880426 0.01 56 56 0 0 0
16977 -0.127095 -0.00880426 0.01 55 55 0 0 0
16979 -0.121246 -0.00880426 0.01 57 57 0 0 0
16980 -0.11372 -0.00880426 0.01 56 56 0 0 0
16984 -0.167218 -0.00837956 0.01 97 97 0 0 0
16985 -0.167218 -0.00837956 0.01 98 98 0 0 0
16994 -0.144475 -0.00880426 0.01 56 56 0 0 0
16997 -0.177201 -0.0088359 0.01 72 72 0 0 0
17009 -0.176518 -0.00837956 0.01 97 97 0 0 0
17031 -0.121246 -0.00880426 0.01 56 55 0 0 0
17062 -0.176518 -0.00837956 0.01 98 98 0 0 0
17073 -0.14612 -0.00888539 0.01 72 72 0 0 0
17084 -0.167869 -0.00895271 0.01 72 72 0 0 0
17090 -0.169227 -0.00835937 0.01 97 97 0 0 0
17095 -0.176518 -0.00837956 0.01 97 97 0 0 0
17105 -0.167218 -0.00837956 0.01 99 99 0 0 0
17114 -0.116587 -0.00880426 0.01 56 56 0 0 0
17117 -0.167218 -0.00837956 0.01 97 97 0 0 0
17118 -0.176518 -0.00837956 0.01 97 98 0 0 0
17119 -0.173145 -0.00924302 0.01 72 72 0 0 0
17133 -0.167218 -0.00837956 0.01 97 97 0 0 0
17150 -0.167218 -0.00837956 0.01 97 97 0 0 0
17160 -0.17697 -0.00837956 0.01 97 97 0 0 0
17162 -0.176518 -0.00837956 0.01 97 97 0 0 0
17167 -0.177201 -0.009109 0.01 72 72 -0.000148445 0 -0.000273096
17178 -0.116587 -0.00880426 0.01 56 56 0 0 0
17186 -0.127095 -0.00880426 0.01 57 57 0 0 0
17208 -0.169227 -0.00835937 0.01 97 97 0 0 0
17214 -0.167218 -0.00837956 0.01 97 97 0 0 0
17217 -0.176518 -0.00837956 0.01 99 99 0 0 0
17218 -0.175662 -0.00837956 0.01 98 98 0 0 0
17229 -0.116142 -0.00880426 0.01 56 56 0 0 0
17230 -0.121246 -0.00880426 0.01 56 56 0 0 0
17233 -0.116587 -0.00880426 0.01 56 56 0 0 0
17242 -0.204072 -0.00859535 0.01 72 72 0 0 0
17244 -0.176518 -0.00837956 0.01 98 98 0 0 0
17269 -0.127095 -0.00880426 0.01 56 56 0 0 0
17276 -0.164422 -0.00837956 0.01 97 97 0 0 0
17297 -0.169461 -0.00819847 0.01 99 99 0.0335972 -0.00164838 0.000181087
17298 -0.121246 -0.00880426 0.01 57 57 0 0 0
17299 -0.121246 -0.00880239 0.01 57 57 0 0 0
17300 -0.174645 -0.00892703 0.01 72 72 0 0 0
17303 -0.176518 -0.00863052 0.01 98 98 -0.0343751 0 -0.000307335
17304 -0.178932 -0.00903483 0.01 72 72 0 0 0
