max_pf 98 min_pf 51
individual dGr dSr disp_rate patch_no b_patch_no mut_eff DdGr DdSr
0 -0.137352 -0.00924565 0.01 72 72 0 0 0
1 -0.219098 -0.00872407 0.01 72 72 0 0 0
8 -0.172916 -0.0091382 0.01 72 72 0 0 0
11 -0.142269 -0.00960113 0.01 72 72 0 0 0
31 -0.163489 -0.00854382 0.01 97 97 0 0 0
38 -0.1371 -0.00842018 0.01 72 72 0 0 0
45 -0.139961 -0.00816632 0.01 72 73 0 0 0
50 -0.170162 -0.00854382 0.01 96 96 0.037335 -0.00667334 0
56 -0.184557 -0.00896602 0.01 72 72 0 0 0
73 -0.142978 -0.00903135 0.01 72 72 0 0 0
110 -0.158944 -0.00854382 0.01 97 97 0 0 0
111 -0.188164 -0.00923034 0.01 72 73 0 0 0
162 -0.160587 -0.00854382 0.01 98 97 0 0 0
166 -0.160587 -0.00854382 0.01 97 97 0 0 0
202 -0.158944 -0.00854382 0.01 97 97 0 0 0
226 -0.198361 -0.0087853 0.01 72 72 0 0 0
238 -0.159668 -0.00854382 0.01 97 97 0 0 0
249 -0.133902 -0.0085555 0.01 52 52 0 0 0
259 -0.163489 -0.00854382 0.01 96 96 0 0 0
276 -0.133902 -0.0085555 0.01 53 53 0 0 0
284 -0.184557 -0.00883692 0.01 72 72 0 0 0
304 -0.163489 -0.00854382 0.01 97 97 0 0 0
325 -0.146371 -0.00939347 0.01 72 72 0 0 0
330 -0.158944 -0.00854382 0.01 97 97 0 0 0
335 -0.163489 -0.00854382 0.01 96 96 0 0 0
383 -0.163489 -0.00854382 0.01 96 96 0 0 0
390 -0.159113 -0.00854382 0.01 97 97 0 0 0
412 -0.157173 -0.00948819 0.01 72 72 0 0 0
414 -0.133902 -0.0085555 0.01 53 53 0 0 0
447 -0.159668 -0.00854382 0.01 96 96 0 0 0
453 -0.184557 -0.00892081 0.01 72 72 0 0 0
462 -0.163489 -0.00854382 0.01 98 98 0 0 0
463 -0.143374 -0.00948819 0.01 72 72 0 0 0
469 -0.164832 -0.008834 0.01 72 72 0 0 0
472 -0.160587 -0.00854382 0.01 97 97 0 0 0
478 -0.133902 -0.0085555 0.01 53 53 0 0 0
522 -0.184557 -0.00892081 0.01 72 72 0 0 0
544 -0.163489 -0.00854382 0.01 96 96 0 0 0
565 -0.163489 -0.00854382 0.01 97 97 0 0 0
571 -0.133902 -0.0085555 0.01 51 51 0 0 0
576 -0.1371 -0.00842018 0.01 72 72 0 0 0
584 -0.162835 -0.00912489 0.01 72 72 0 0 0
593 -0.160587 -0.00860396 0.01 96 96 0 0 0
597 -0.160587 -0.00854382 0.01 97 97 0 0 0
626 -0.163489 -0.00854382 0.01 97 97 0 0 0
630 -0.177822 -0.00859867 0.01 72 71 0 0 0
723 -0.173876 -0.0088919 0.01 72 72 0 0 0
725 -0.158944 -0.00854382 0.01 97 97 0 0 0
733 -0.133902 -0.0085555 0.01 53 53 0 0 0
736 -0.14842 -0.00914081 0.01 72 72 0 0 0
768 -0.137352 -0.00968258 0.01 72 72 0 0 0
807 -0.159959 -0.00892475 0.01 72 73 0 0 0
808 -0.219098 -0.00872407 0.01 72 72 0 0 0
810 -0.165171 -0.00854382 0.01 98 98 0 0 0
842 -0.125872 -0.00867922 0.01 72 72 -0.00105444 0 -0.000344124
853 -0.171883 -0.00836778 0.01 72 72 0 0 0
896 -0.163489 -0.00854382 0.01 96 96 0 0 0
909 -0.165171 -0.00854382 0.01 98 98 0 0 0
920 -0.133902 -0.0085555 0.01 53 53 0 0 0
935 -0.165171 -0.00854382 0.01 98 98 0 0 0
950 -0.142149 -0.00986909 0.01 72 71 0 0 0
958 -0.1371 -0.00842018 0.01 72 72 0 0 0
964 -0.154015 -0.00930505 0.01 72 72 0 0 0
983 -0.133902 -0.0085555 0.01 52 54 0 0 0
984 -0.173876 -0.0088919 0.01 72 72 0 0 0
994 -0.142978 -0.00903135 0.01 72 72 0 0 0
1001 -0.133902 -0.0085555 0.01 53 54 0 0 0
1027 -0.160587 -0.00854382 0.01 97 97 0 0 0
1032 -0.146371 -0.00948819 0.01 72 72 0 0 0
1043 -0.160587 -0.00854382 0.01 97 97 0 0 0
1059 -0.133074 -0.00803862 0.01 72 72 0 0 0
1072 -0.133902 -0.0085555 0.01 53 53 0 0 0
1089 -0.159113 -0.00854382 0.01 98 97 0 0 0
1091 -0.157457 -0.00876735 0.01 72 72 0 0 0
1095 -0.142269 -0.00960113 0.01 72 73 0 0 0
1098 -0.163489 -0.00854382 0.01 96 96 0 0 0
1107 -0.163489 -0.00854382 0.01 96 96 0 0 0
1127 -0.188164 -0.00947293 0.01 72 72 0 0 0
1144 -0.165171 -0.00854382 0.01 97 97 0 0 0
1183 -0.1371 -0.00811909 0.01 72 73 0 0 0
1211 -0.164832 -0.008834 0.01 72 71 0 0 0
1233 -0.154015 -0.00930505 0.01 72 72 0 0 0
1242 -0.188164 -0.00917162 0.01 72 72 0 0 0
1261 -0.160587 -0.00860396 0.01 96 96 0 0 0
1270 -0.219098 -0.00872407 0.01 72 72 0 0 0
1295 -0.158944 -0.00854382 0.01 97 97 0 0 0
1358 -0.14991 -0.00915005 0.01 72 72 0 0 0
1368 -0.158806 -0.00854382 0.01 96 96 0 0 0
1376 -0.163489 -0.00854382 0.01 96 96 0 0 0
1403 -0.133902 -0.0085555 0.01 53 53 0 0 0
1415 -0.145285 -0.00870661 0.01 72 72 0 0 0
1433 -0.163489 -0.00854382 0.01 96 96 0 0 0
1453 -0.160587 -0.00854382 0.01 97 97 0 0 0
1458 -0.133902 -0.0085555 0.01 53 53 0 0 0
1461 -0.133902 -0.0085555 0.01 51 52 0 0 0
1494 -0.160587 -0.00860257 0.01 96 96 0 0 0
1502 -0.172916 -0.0091382 0.01 72 72 0 0 0
1514 -0.163489 -0.00854382 0.01 97 96 0 0 0
1517 -0.188164 -0.00923034 0.01 72 72 0 0 0
1554 -0.10603 -0.00968513 0.01 72 72 0 0 0
1566 -0.149684 -0.0100922 0.01 72 72 0 0 0
1568 -0.165171 -0.00854382 0.01 98 98 0 0 0
1575 -0.163489 -0.00854382 0.01 96 96 0 0 0
1590 -0.165171 -0.00854382 0.01 98 98 0 0 0
1595 -0.194332 -0.00915824 0.01 72 72 0 0 0
1612 -0.163489 -0.00854382 0.01 96 96 0 0 0
1630 -0.160587 -0.00833679 0.01 97 97 0.0233431 0 0.000207028
1654 -0.155001 -0.0101298 0.01 72 72 0 0 0
1657 -0.158944 -0.00854382 0.01 97 97 0 0 0
1676 -0.158944 -0.00854382 0.01 96 96 0 0 0
1693 -0.133902 -0.0085555 0.01 51 51 0 0 0
1744 -0.160587 -0.00860396 0.01 96 96 0 0 0
1754 -0.159668 -0.00854382 0.01 97 97 0 0 0
1787 -0.184557 -0.00918116 0.01 72 72 0 0 0
1821 -0.157173 -0.00948819 0.01 72 72 0 0 0
1846 -0.158944 -0.00843505 0.01 96 96 0 0 0
1873 -0.133902 -0.0085555 0.01 53 53 0 0 0
1878 -0.127478 -0.0085555 0.01 52 52 0 0 0
1882 -0.171883 -0.00836778 0.01 72 72 0 0 0
1899 -0.133902 -0.0085555 0.01 53 53 0 0 0
1906 -0.158944 -0.00854382 0.01 97 96 0 0 0
1949 -0.184557 -0.00892081 0.01 72 72 0 0 0
1985 -0.14991 -0.0087249 0.01 72 72 0.000397027 0 0.000276998
2005 -0.143878 -0.00892183 0.01 72 72 0 0 0
2011 -0.163489 -0.00854382 0.01 96 96 0 0 0
2047 -0.163489 -0.00854382 0.01 96 96 0 0 0
2066 -0.163489 -0.00854382 0.01 97 97 0 0 0
2075 -0.163489 -0.00854382 0.01 96 96 0 0 0
2082 -0.172916 -0.0091382 0.01 72 72 0 0 0
2086 -0.133902 -0.00860386 0.01 53 53 0 0 0
2090 -0.158944 -0.00854382 0.01 97 97 0 0 0
2096 -0.158944 -0.00840474 0.01 97 97 0 0 0
2112 -0.159668 -0.00854382 0.01 96 96 0 0 0
2117 -0.163489 -0.00835596 0.01 96 95 0 0 0
2145 -0.157173 -0.00948819 0.01 72 72 0 0 0
2148 -0.133333 -0.00923411 0.01 72 72 0 0 0
2158 -0.123211 -0.00832589 0.01 72 71 0 0 0
2167 -0.14842 -0.00914081 0.01 72 72 0 0 0
2177 -0.125872 -0.0083351 0.01 72 72 0 0 0
2193 -0.155001 -0.0101298 0.01 72 72 0 0 0
2208 -0.17674 -0.00906832 0.01 72 72 0 0 0
2247 -0.184557 -0.00883692 0.01 72 72 0 0 0
2252 -0.184557 -0.00906856 0.01 72 72 0 0 0
2253 -0.162752 -0.00854382 0.01 97 97 -0.00447911 0.000736043 0
2265 -0.165171 -0.00854382 0.01 98 98 0 0 0
2280 -0.184557 -0.00896602 0.01 72 71 0 0 0
2299 -0.163489 -0.00854382 0.01 96 96 0 0 0
2322 -0.163489 -0.00854382 0.01 97 97 0 0 0
2329 -0.163489 -0.00854382 0.01 96 96 0 0 0
2344 -0.173876 -0.0088919 0.01 72 72 0 0 0
2354 -0.146873 -0.00960005 0.01 72 72 0 0 0
2395 -0.146873 -0.00960005 0.01 72 72 0 0 0
2406 -0.163489 -0.00854382 0.01 96 96 0 0 0
2442 -0.162078 -0.00977648 0.01 72 72 0 0 0
2447 -0.184557 -0.00907425 0.01 72 72 0 0 0
2491 -0.163489 -0.0084368 0.01 96 96 0 0 0
2492 -0.133902 -0.0085555 0.01 51 51 0 0 0
2511 -0.163489 -0.00854382 0.01 97 97 0 0 0
2514 -0.157457 -0.00876735 0.01 72 72 0 0 0
2520 -0.160062 -0.00854382 0.01 96 96 0 0 0
2539 -0.137352 -0.00968258 0.01 72 72 0 0 0
2563 -0.158806 -0.00854382 0.01 97 96 0 0 0
2569 -0.160587 -0.00854382 0.01 97 97 0 0 0
2575 -0.133902 -0.0085555 0.01 53 53 0 0 0
2582 -0.163489 -0.00854382 0.01 96 96 0 0 0
2600 -0.184557 -0.00883692 0.01 72 72 0 0 0
2602 -0.146371 -0.00948819 0.01 72 72 0 0 0
2618 -0.14842 -0.00914081 0.01 72 72 0 0 0
2623 -0.137352 -0.00924565 0.01 72 72 0 0 0
2628 -0.158944 -0.00854382 0.01 97 97 0 0 0
2650 -0.160062 -0.00854382 0.01 96 96 0 0 0
2677 -0.190054 -0.00951337 0.01 72 73 0 0 0
2686 -0.163489 -0.00854382 0.01 97 97 0 0 0
2697 -0.159079 -0.00966833 0.01 72 72 0 0 0
2709 -0.160587 -0.00854382 0.01 96 96 0 0 0
2723 -0.163489 -0.00854382 0.01 97 96 0 0 0
2751 -0.141228 -0.00869279 0.01 72 72 0 0 0
2753 -0.155906 -0.00977648 0.01 72 72 0 0 0
2775 -0.165171 -0.00854382 0.01 98 98 0 0 0
2796 -0.158944 -0.00854382 0.01 97 97 0 0 0
2800 -0.1371 -0.00842018 0.01 72 72 0 0 0
2802 -0.158096 -0.00930505 0.01 72 72 0 0 0
2828 -0.155001 -0.0101298 0.01 72 72 0 0 0
2829 -0.139211 -0.00821137 0.01 53 53 -7.69645e-06 0 0.000344133
2845 -0.165171 -0.00854382 0.01 97 98 0 0 0
2849 -0.163489 -0.00854382 0.01 96 96 0 0 0
2862 -0.163489 -0.00854382 0.01 96 96 0 0 0
2864 -0.184557 -0.00918116 0.01 72 72 0 0 0
2890 -0.160587 -0.00854382 0.01 98 96 0 0 0
2903 -0.141228 -0.00847354 0.01 72 72 0.000402734 0 0.00021925
2907 -0.159668 -0.00854382 0.01 96 96 0 0 0
2912 -0.158944 -0.00854382 0.01 97 97 0 0 0
2915 -0.164832 -0.008834 0.01 72 72 0 0 0
2938 -0.198361 -0.0087853 0.01 72 72 0 0 0
2976 -0.160062 -0.00854382 0.01 96 96 0 0 0
2993 -0.165171 -0.00854382 0.01 98 98 0 0 0
2998 -0.139961 -0.00816632 0.01 72 72 0 0 0
3012 -0.158944 -0.00854382 0.01 96 96 0 0 0
3018 -0.155001 -0.0101298 0.01 72 72 0 0 0
3040 -0.139961 -0.00816632 0.01 72 72 0 0 0
3072 -0.158806 -0.00854382 0.01 96 96 0 0 0
3089 -0.158944 -0.00854382 0.01 96 97 0 0 0
3224 -0.159079 -0.00966833 0.01 72 72 0 0 0
3246 -0.155001 -0.0101298 0.01 72 72 0 0 0
3284 -0.10603 -0.00968513 0.01 72 72 0 0 0
3294 -0.159668 -0.00854382 0.01 96 96 0 0 0
3309 -0.160587 -0.00854382 0.01 97 97 0 0 0
3341 -0.14701 -0.00912328 0.01 72 72 0 0 0
3352 -0.165171 -0.00854382 0.01 98 98 0 0 0
3362 -0.158944 -0.00843505 0.01 97 97 0 0 0
3380 -0.160587 -0.00854382 0.01 96 96 0 0 0
3381 -0.163489 -0.00854382 0.01 96 96 0 0 0
3395 -0.163489 -0.00854382 0.01 98 98 0 0 0
3413 -0.171428 -0.00940364 0.01 72 72 0 0 0
3417 -0.160587 -0.00860396 0.01 96 96 0 0 0
3445 -0.142978 -0.00865265 0.01 72 72 0 0 0
3453 -0.190054 -0.00951337 0.01 72 73 0 0 0
3481 -0.170294 -0.00854382 0.01 96 96 0 0 0
3520 -0.160587 -0.00854382 0.01 96 96 0 0 0
3525 -0.133902 -0.0085555 0.01 51 51 0 0 0
3532 -0.188164 -0.00947293 0.01 72 72 0 0 0
3538 -0.133902 -0.0085555 0.01 53 54 0 0 0
3541 -0.163489 -0.00835596 0.01 96 96 0 0 0
3547 -0.158944 -0.00840474 0.01 97 97 0 0 0
3557 -0.158944 -0.00854382 0.01 97 97 0 0 0
3559 -0.17674 -0.00906832 0.01 72 72 0 0 0
3564 -0.15073 -0.00960113 0.01 72 72 0.00267613 -0.00846076 0
3567 -0.138005 -0.00927128 0.01 72 72 0 0 0
3573 -0.219098 -0.00854328 0.01 72 72 1.91033e-05 0 0.000180792
3602 -0.165171 -0.00854382 0.01 98 98 0 0 0
3622 -0.142553 -0.00921297 0.01 72 72 0 0 0
3658 -0.163489 -0.00854382 0.01 96 96 0 0 0
3667 -0.163489 -0.00854382 0.01 96 96 0 0 0
3673 -0.158806 -0.00854382 0.01 96 96 0 0 0
3676 -0.173876 -0.00895953 0.01 72 72 0 0 0
3681 -0.154015 -0.00930505 0.01 72 72 0 0 0
3730 -0.159668 -0.00854382 0.01 96 96 0 0 0
3732 -0.160587 -0.00854382 0.01 97 97 0 0 0
3746 -0.143374 -0.00948819 0.01 72 72 0 0 0
3763 -0.164832 -0.008834 0.01 72 72 0 0 0
3776 -0.160587 -0.00854382 0.01 96 96 0 0 0
3792 -0.163489 -0.0084368 0.01 96 96 0 0 0
3810 -0.159668 -0.00854382 0.01 97 97 0 0 0
3830 -0.158944 -0.00854382 0.01 97 97 0 0 0
3860 -0.133902 -0.0085555 0.01 53 53 0 0 0
3866 -0.168793 -0.00869958 0.01 72 72 0 0 0
3871 -0.1371 -0.00842018 0.01 72 72 0 0 0
3877 -0.146371 -0.00948819 0.01 72 72 0 0 0
3898 -0.163489 -0.00854382 0.01 97 97 0 0 0
3949 -0.133074 -0.00803862 0.01 72 72 0 0 0
3960 -0.159668 -0.00854382 0.01 97 97 0 0 0
3965 -0.133902 -0.0085555 0.01 52 52 0 0 0
4020 -0.160587 -0.00854382 0.01 96 96 0 0 0
4030 -0.165171 -0.00854382 0.01 98 98 0 0 0
4033 -0.163489 -0.00854382 0.01 96 96 0 0 0
4036 -0.155001 -0.0103433 0.01 72 72 0 0 0
4060 -0.133902 -0.00872597 0.01 53 53 0 0 0
4097 -0.163489 -0.00854382 0.01 96 96 0 0 0
4124 -0.165171 -0.0082479 0.01 98 98 0 0 0
4145 -0.165171 -0.0082479 0.01 98 98 0 0 0
4168 -0.142978 -0.00872232 0.01 72 72 0 0 0
4179 -0.163489 -0.00854382 0.01 98 98 0 0 0
4185 -0.163489 -0.0084191 0.01 96 96 0 0 0
4194 -0.137352 -0.00924565 0.01 72 72 0 0 0
4198 -0.160587 -0.00854382 0.01 96 96 0 0 0
4207 -0.163489 -0.00854382 0.01 96 96 0 0 0
4214 -0.173876 -0.0088919 0.01 72 72 0 0 0
4215 -0.132879 -0.00870661 0.01 72 72 -0.00423135 0.0124057 0
4224 -0.171428 -0.00940364 0.01 72 72 0 0 0
4239 -0.158944 -0.00854382 0.01 97 97 0 0 0
4240 -0.133902 -0.0085555 0.01 53 53 0 0 0
4266 -0.165171 -0.00854382 0.01 98 98 0 0 0
4302 -0.155001 -0.0101298 0.01 72 72 0 0 0
4321 -0.10603 -0.00968513 0.01 72 72 0 0 0
4328 -0.160587 -0.00854382 0.01 98 97 0 0 0
4331 -0.177822 -0.00859867 0.01 72 72 0 0 0
4349 -0.133902 -0.0085555 0.01 53 53 0 0 0
4357 -0.142553 -0.00921297 0.01 72 72 0 0 0
4386 -0.145513 -0.00956695 0.01 72 72 0 0 0
4407 -0.142269 -0.00960984 0.01 72 72 0 0 0
4434 -0.142149 -0.00986909 0.01 72 72 0 0 0
4463 -0.163489 -0.0084368 0.01 96 96 0 0 0
4469 -0.160587 -0.00854382 0.01 97 97 0 0 0
4490 -0.146873 -0.00960005 0.01 72 72 0 0 0
4518 -0.18663 -0.00958172 0.01 72 72 0 0 0
4529 -0.184557 -0.00883692 0.01 72 72 0 0 0
4569 -0.14991 -0.00915005 0.01 72 72 0 0 0
4577 -0.14842 -0.00914081 0.01 72 72 0 0 0
4631 -0.163489 -0.00854382 0.01 96 96 0 0 0
4641 -0.163489 -0.00854382 0.01 97 97 0 0 0
4671 -0.142149 -0.00986909 0.01 72 72 0 0 0
4714 -0.163489 -0.00835099 0.01 96 96 0 0 0
4715 -0.185862 -0.00887511 0.01 72 73 0 0 0
4724 -0.163489 -0.0084368 0.01 96 96 0 0 0
4725 -0.163489 -0.00854382 0.01 97 97 0 0 0
4726 -0.133902 -0.0085555 0.01 53 54 0 0 0
4741 -0.142978 -0.00903135 0.01 72 72 0 0 0
4753 -0.157173 -0.00948819 0.01 72 72 0 0 0
4755 -0.155001 -0.0101298 0.01 72 72 0 0 0
4793 -0.160559 -0.00939704 0.01 72 72 0 0 0
4802 -0.163489 -0.00854382 0.01 96 96 0 0 0
4809 -0.147738 -0.00933221 0.01 72 72 0 0 0
4830 -0.158944 -0.00854382 0.01 97 97 0 0 0
4839 -0.178643 -0.00887511 0.01 72 72 0 0 0
4865 -0.133902 -0.0085555 0.01 51 51 0 0 0
4870 -0.149333 -0.00854382 0.01 72 72 0 0 0
4878 -0.158096 -0.00930505 0.01 72 72 0 0 0
4888 -0.160587 -0.00860257 0.01 96 96 0 0 0
4894 -0.1371 -0.00842018 0.01 72 72 0 0 0
4895 -0.142553 -0.00921297 0.01 72 71 0 0 0
4899 -0.138693 -0.0089946 0.01 72 72 0 0 0
4921 -0.160587 -0.00843133 0.01 97 97 0 0 0
4928 -0.184557 -0.00892081 0.01 72 72 0 0 0
4938 -0.136259 -0.00858672 0.01 53 54 0 0 0
4970 -0.133902 -0.0085555 0.01 51 51 0 0 0
4995 -0.149333 -0.00854382 0.01 72 74 0 0 0
5003 -0.14842 -0.00914081 0.01 72 72 0 0 0
5010 -0.184557 -0.00892081 0.01 72 72 0 0 0
5040 -0.133902 -0.0085555 0.01 53 53 0 0 0
5044 -0.171428 -0.00940364 0.01 72 72 0 0 0
5055 -0.158806 -0.00854382 0.01 96 96 0 0 0
5061 -0.18663 -0.00958172 0.01 72 72 0 0 0
5083 -0.163489 -0.00854382 0.01 97 97 0 0 0
5088 -0.160587 -0.00854382 0.01 97 97 0 0 0
5093 -0.163489 -0.00854382 0.01 97 97 0 0 0
5112 -0.1371 -0.00842018 0.01 72 72 0 0 0
5166 -0.158944 -0.00843505 0.01 98 97 0 0 0
5181 -0.159668 -0.00854382 0.01 97 97 0 0 0
5211 -0.219098 -0.00872407 0.01 72 71 0 0 0
5226 -0.165171 -0.00854382 0.01 97 97 0 0 0
5230 -0.159668 -0.00854382 0.01 97 97 0 0 0
5234 -0.133902 -0.0085555 0.01 51 51 0 0 0
5239 -0.127478 -0.0085555 0.01 52 52 -4.48674e-05 0.00642431 0
5262 -0.163489 -0.0084368 0.01 96 96 0 0 0
5290 -0.163489 -0.00854382 0.01 98 98 0 0 0
5291 -0.154015 -0.00942502 0.01 72 72 0 0 0
5308 -0.142978 -0.00872232 0.01 72 72 0 0 0
5327 -0.160587 -0.00854382 0.01 97 97 0 0 0
5330 -0.138005 -0.00913173 0.01 72 72 0 0 0
5334 -0.163489 -0.00854382 0.01 96 97 0 0 0
5358 -0.141228 -0.00869279 0.01 72 72 0 0 0
5365 -0.155562 -0.00854382 0.01 96 96 0 0 0
5371 -0.159668 -0.00854382 0.01 97 97 0 0 0
5379 -0.133902 -0.0085555 0.01 52 51 0 0 0
5383 -0.163489 -0.00854382 0.01 97 97 0 0 0
5395 -0.133902 -0.0085555 0.01 52 52 0 0 0
5413 -0.160587 -0.00854382 0.01 97 97 0 0 0
5426 -0.163489 -0.00854382 0.01 96 96 0 0 0
5436 -0.128977 -0.00982388 0.01 72 72 0 0 0
5457 -0.173876 -0.00895953 0.01 72 72 0 0 0
5459 -0.133902 -0.0085555 0.01 51 51 0 0 0
5472 -0.158944 -0.00843505 0.01 96 97 0 0 0
5490 -0.17674 -0.00906832 0.01 72 72 0 0 0
5519 -0.133902 -0.0085555 0.01 51 51 0 0 0
5522 -0.184557 -0.00892081 0.01 72 72 0 0 0
5551 -0.158806 -0.00854382 0.01 96 96 0 0 0
5561 -0.133902 -0.00860386 0.01 53 53 0 0 0
5576 -0.160587 -0.00854382 0.01 97 97 0 0 0
5594 -0.168793 -0.00869958 0.01 72 72 0 0 0
5627 -0.133902 -0.0085555 0.01 51 51 0 0 0
5629 -0.163489 -0.00854382 0.01 97 96 0 0 0
5657 -0.158944 -0.00878334 0.01 96 95 0 0 0
5684 -0.157457 -0.00876735 0.01 72 72 0 0 0
5690 -0.142553 -0.00921297 0.01 72 72 0 0 0
5709 -0.173876 -0.0088919 0.01 72 72 0 0 0
5711 -0.138052 -0.00911957 0.01 72 72 0 0 0
5730 -0.133902 -0.0085555 0.01 52 52 0 0 0
5746 -0.133902 -0.0085555 0.01 53 53 0 0 0
5766 -0.160587 -0.00854382 0.01 97 97 0 0 0
5780 -0.165171 -0.00854382 0.01 98 98 0 0 0
5781 -0.163489 -0.00854382 0.01 97 97 0 0 0
5794 -0.145513 -0.00975448 0.01 72 72 0 0 0
5820 -0.159668 -0.00854382 0.01 96 97 0 0 0
5822 -0.163489 -0.0084859 0.01 96 96 0.00596309 0 5.79162e-05
5838 -0.133902 -0.0085555 0.01 53 54 0 0 0
5841 -0.142978 -0.00992545 0.01 72 72 0 0 0
5846 -0.133902 -0.0085555 0.01 51 51 0 0 0
5859 -0.159668 -0.00854382 0.01 96 96 0 0 0
5884 -0.157173 -0.00948819 0.01 72 72 0 0 0
5913 -0.170294 -0.00854382 0.01 96 96 0 0 0
5933 -0.163489 -0.00854382 0.01 96 96 0 0 0
5940 -0.146371 -0.00948819 0.01 72 72 0 0 0
5950 -0.154015 -0.00942502 0.01 72 72 0 0 0
5953 -0.158944 -0.00854382 0.01 96 96 0 0 0
5954 -0.162835 -0.00915005 0.01 72 72 0 0 0
5990 -0.158944 -0.00854382 0.01 96 96 0 0 0
6035 -0.163489 -0.00854382 0.01 96 96 0 0 0
6040 -0.160587 -0.00854382 0.01 96 96 0 0 0
6058 -0.139961 -0.00816632 0.01 72 72 0 0 0
6113 -0.165171 -0.00847931 0.01 97 97 0 0 0
6190 -0.163489 -0.00856454 0.01 97 97 -0.0238479 0 -0.000213555
6214 -0.133902 -0.0085555 0.01 53 53 0 0 0
6219 -0.165171 -0.00854382 0.01 98 98 0 0 0
6230 -0.145513 -0.00975448 0.01 72 72 0 0 0
6234 -0.145513 -0.00975448 0.01 72 72 0 0 0
6259 -0.163489 -0.00854382 0.01 96 96 0 0 0
6288 -0.155562 -0.00854382 0.01 96 96 -0.0199298 0.00338173 0
6292 -0.1371 -0.00842018 0.01 72 72 0 0 0
6293 -0.158944 -0.00854382 0.01 97 97 0 0 0
6300 -0.138687 -0.00859595 0.01 72 72 0 0 0
6313 -0.17674 -0.00906832 0.01 72 72 0 0 0
6333 -0.145513 -0.00975448 0.01 72 72 0 0 0
6340 -0.158944 -0.00854382 0.01 97 97 0 0 0
6343 -0.133902 -0.0085555 0.01 53 53 0 0 0
6356 -0.173876 -0.0088919 0.01 72 72 0 0 0
6385 -0.159668 -0.00854382 0.01 96 96 0 0 0
6417 -0.163489 -0.00854382 0.01 97 97 0 0 0
6423 -0.154015 -0.00942502 0.01 72 72 0 0 0
6424 -0.219098 -0.00872407 0.01 72 72 0 0 0
6434 -0.193661 -0.00919064 0.01 72 72 0 0 0
6463 -0.163489 -0.00854382 0.01 96 96 0 0 0
6469 -0.163489 -0.00835099 0.01 96 96 0 0 0
6478 -0.184557 -0.00883692 0.01 72 72 0 0 0
6480 -0.184557 -0.00918116 0.01 72 72 0 0 0
6492 -0.184557 -0.00934277 0.01 72 72 0 0 0
6517 -0.146371 -0.00948819 0.01 72 72 0 0 0
6527 -0.163489 -0.00854382 0.01 98 97 0 0 0
6551 -0.18663 -0.00978624 0.01 72 72 -9.18508e-05 0 -0.000204513
6600 -0.170294 -0.00854382 0.01 96 95 0 0 0
6625 -0.163489 -0.00854382 0.01 97 97 0 0 0
6626 -0.163489 -0.00854382 0.01 96 96 0 0 0
6645 -0.160587 -0.00854382 0.01 97 97 0 0 0
6652 -0.184557 -0.00918116 0.01 72 72 0 0 0
6687 -0.165171 -0.00854382 0.01 98 98 0 0 0
6720 -0.163489 -0.00854382 0.01 96 96 0 0 0
6734 -0.160062 -0.00854382 0.01 97 97 0 0 0
6743 -0.165171 -0.00854382 0.01 98 98 0 0 0
6752 -0.158944 -0.00854382 0.01 97 96 0 0 0
6753 -0.188337 -0.00854382 0.01 96 96 0 0 0
6793 -0.158944 -0.00854382 0.01 97 97 0 0 0
6802 -0.160587 -0.00854382 0.01 97 97 0 0 0
6880 -0.163489 -0.00854382 0.01 96 96 0 0 0
6890 -0.133902 -0.0085555 0.01 51 51 0 0 0
6907 -0.133902 -0.0085555 0.01 53 53 0 0 0
6922 -0.159668 -0.00854382 0.01 97 97 0 0 0
6938 -0.158806 -0.0084187 0.01 96 96 0.0131635 0 0.000125117
6944 -0.184557 -0.00892081 0.01 72 72 0 0 0
6947 -0.158944 -0.00854382 0.01 97 97 0 0 0
6958 -0.133902 -0.0085555 0.01 53 54 0 0 0
6964 -0.163489 -0.00835099 0.01 97 97 0 0 0
6965 -0.133902 -0.0085555 0.01 52 53 0 0 0
6995 -0.158806 -0.00858087 0.01 96 96 0 0 0
7014 -0.157173 -0.00948819 0.01 72 72 0 0 0
7016 -0.158096 -0.00930505 0.01 72 72 0 0 0
7038 -0.219098 -0.00872407 0.01 72 72 0 0 0
7043 -0.154015 -0.00930505 0.01 72 72 0 0 0
7063 -0.133902 -0.0085555 0.01 51 51 0 0 0
7077 -0.133902 -0.0085555 0.01 52 51 0 0 0
7092 -0.163489 -0.00854382 0.01 96 96 0 0 0
7107 -0.14842 -0.00914081 0.01 72 72 0 0 0
7116 -0.165171 -0.00854382 0.01 98 98 0 0 0
7122 -0.172916 -0.0091382 0.01 72 72 0 0 0
7125 -0.146371 -0.00948819 0.01 72 72 0 0 0
7160 -0.163489 -0.00854382 0.01 96 96 0 0 0
7166 -0.160587 -0.00841055 0.01 97 97 0 0 0
7167 -0.133902 -0.0085555 0.01 51 51 0 0 0
7172 -0.141228 -0.00869279 0.01 72 72 0 0 0
7174 -0.133902 -0.0085555 0.01 53 53 0 0 0
7186 -0.133902 -0.0085555 0.01 51 51 0 0 0
7213 -0.143878 -0.00892183 0.01 72 74 0 0 0
7216 -0.163489 -0.00854382 0.01 97 97 0 0 0
7229 -0.163489 -0.00854382 0.01 96 96 0 0 0
7244 -0.139961 -0.00816632 0.01 72 72 0 0 0
7248 -0.133902 -0.0085555 0.01 53 53 0 0 0
7285 -0.160587 -0.00854382 0.01 97 97 0 0 0
7324 -0.160587 -0.00854382 0.01 97 97 0 0 0
7326 -0.133902 -0.0085555 0.01 52 52 0 0 0
7362 -0.160587 -0.00843133 0.01 97 97 0 0 0
7367 -0.163489 -0.00854382 0.01 96 96 0 0 0
7373 -0.163489 -0.00854382 0.01 96 96 0 0 0
7446 -0.165171 -0.00854382 0.01 98 98 0 0 0
7458 -0.158096 -0.00930505 0.01 72 72 0 0 0
7462 -0.163489 -0.00854382 0.01 96 96 0 0 0
7481 -0.133902 -0.0085555 0.01 53 53 0 0 0
7490 -0.163489 -0.00854382 0.01 96 96 0 0 0
7491 -0.163489 -0.00854382 0.01 96 96 0 0 0
7499 -0.158944 -0.00854382 0.01 96 96 0 0 0
7529 -0.160587 -0.00854382 0.01 96 96 0 0 0
7538 -0.198361 -0.0087853 0.01 72 72 0 0 0
7542 -0.164832 -0.008834 0.01 72 72 0 0 0
7548 -0.177822 -0.00859867 0.01 72 72 0 0 0
7601 -0.133902 -0.00856217 0.01 53 53 1.78814e-07 0 -6.66641e-06
7605 -0.138052 -0.00911957 0.01 72 72 0 0 0
7611 -0.139961 -0.00816632 0.01 72 72 0 0 0
7616 -0.163489 -0.00854382 0.01 96 96 0 0 0
7621 -0.155562 -0.00854382 0.01 96 96 0 0 0
7628 -0.158944 -0.00854382 0.01 97 97 0 0 0
7639 -0.133902 -0.0085555 0.01 53 53 0 0 0
7659 -0.163489 -0.00854382 0.01 96 96 0 0 0
7680 -0.162835 -0.00915005 0.01 72 71 0 0 0
7685 -0.128977 -0.00982388 0.01 72 72 0 0 0
7712 -0.133902 -0.0085555 0.01 53 53 0 0 0
7722 -0.133902 -0.0085555 0.01 51 51 0 0 0
7749 -0.160587 -0.00854382 0.01 97 97 0 0 0
7762 -0.163489 -0.00854382 0.01 96 96 0 0 0
7769 -0.147738 -0.00936457 0.01 72 72 0 0 0
7840 -0.150572 -0.0085555 0.01 53 54 0 0 0
7858 -0.184557 -0.00906856 0.01 72 72 0 0 0
7864 -0.137352 -0.00924565 0.01 72 72 0 0 0
7885 -0.163489 -0.00854382 0.01 97 97 0 0 0
7897 -0.141942 -0.00870661 0.01 72 72 0 0 0
7930 -0.163489 -0.00854382 0.01 96 96 0 0 0
7934 -0.158944 -0.00854382 0.01 97 97 0 0 0
7939 -0.163489 -0.00863074 0.01 96 95 0 0 0
8013 -0.160587 -0.00854382 0.01 97 97 0 0 0
8034 -0.172916 -0.0091382 0.01 72 72 0 0 0
8064 -0.158944 -0.00854382 0.01 97 97 0 0 0
8067 -0.177822 -0.00859867 0.01 72 72 0 0 0
8080 -0.159668 -0.00854382 0.01 96 96 0 0 0
8093 -0.163489 -0.00854382 0.01 96 96 0 0 0
8116 -0.138005 -0.00927128 0.01 72 74 0 0 0
8147 -0.138519 -0.00968258 0.01 72 72 0.000503168 -0.00116692 0
8161 -0.133074 -0.00803862 0.01 72 72 0 0 0
8199 -0.163489 -0.00854382 0.01 96 96 0 0 0
8230 -0.160587 -0.00854382 0.01 97 97 0 0 0
8231 -0.133902 -0.0085555 0.01 51 51 0 0 0
8241 -0.147738 -0.00936457 0.01 72 72 0 0 0
8248 -0.163489 -0.00854382 0.01 96 96 0 0 0
8266 -0.188337 -0.00854382 0.01 96 96 0 0 0
8279 -0.172916 -0.0091382 0.01 72 72 0 0 0
8280 -0.165171 -0.00854382 0.01 98 98 0 0 0
8287 -0.158944 -0.00854382 0.01 97 97 0 0 0
8302 -0.142419 -0.00758872 0.01 72 71 0 0 0
8316 -0.159668 -0.00854382 0.01 96 96 0 0 0
8379 -0.170294 -0.00854382 0.01 96 96 0 0 0
8409 -0.163489 -0.00854382 0.01 96 96 0 0 0
8421 -0.184557 -0.00934277 0.01 72 72 0 0 0
8424 -0.164236 -0.00854382 0.01 97 96 0 0 0
8441 -0.137352 -0.00968258 0.01 72 72 0 0 0
8462 -0.178643 -0.00887511 0.01 72 72 0 0 0
8483 -0.163489 -0.00854382 0.01 96 96 0 0 0
8485 -0.160587 -0.00854382 0.01 97 97 0 0 0
8536 -0.163489 -0.00854382 0.01 96 96 0 0 0
8555 -0.159959 -0.00892475 0.01 72 73 0 0 0
8564 -0.188164 -0.00923034 0.01 72 73 0 0 0
8572 -0.163489 -0.00854382 0.01 96 96 0 0 0
8578 -0.142149 -0.00986909 0.01 72 72 0 0 0
8614 -0.163489 -0.00854382 0.01 96 96 0 0 0
8632 -0.157173 -0.00948819 0.01 72 72 0 0 0
8640 -0.159668 -0.00854382 0.01 97 97 0 0 0
8649 -0.162835 -0.00915005 0.01 72 72 0 0 0
8657 -0.155001 -0.0101298 0.01 72 72 0 0 0
8667 -0.133902 -0.0085555 0.01 52 52 0 0 0
8675 -0.142978 -0.00903135 0.01 72 72 0 0 0
8677 -0.17674 -0.00906832 0.01 72 72 0 0 0
8687 -0.163489 -0.0084191 0.01 96 96 0 0 0
8695 -0.184557 -0.00892081 0.01 72 72 0 0 0
8711 -0.14701 -0.00912328 0.01 72 72 0 0 0
8727 -0.163489 -0.00854382 0.01 96 96 0 0 0
8745 -0.160587 -0.00860396 0.01 96 96 0 0 0
8750 -0.133902 -0.00872597 0.01 53 53 0 0 0
8752 -0.139211 -0.0085555 0.01 53 53 0 0 0
8789 -0.187487 -0.00951337 0.01 72 72 0 0 0
8798 -0.160559 -0.0094066 0.01 72 72 0 0 0
8880 -0.142978 -0.00903135 0.01 72 73 0 0 0
8890 -0.158944 -0.00854382 0.01 97 97 0 0 0
8899 -0.160587 -0.00854382 0.01 96 96 0 0 0
8910 -0.133902 -0.0085555 0.01 53 53 0 0 0
8923 -0.133902 -0.0085555 0.01 53 53 0 0 0
8953 -0.173876 -0.0088919 0.01 72 72 0 0 0
9028 -0.165171 -0.00854382 0.01 97 97 0 0 0
9032 -0.219098 -0.00872407 0.01 72 72 0 0 0
9035 -0.163489 -0.00854382 0.01 97 97 0 0 0
9044 -0.160587 -0.00854382 0.01 97 97 0 0 0
9054 -0.159113 -0.00854382 0.01 97 97 0 0 0
9064 -0.133902 -0.00860386 0.01 53 53 0 0 0
9069 -0.160062 -0.00854382 0.01 97 97 0 0 0
9092 -0.188164 -0.00917162 0.01 72 73 0 0 0
9101 -0.173876 -0.00895953 0.01 72 72 0 0 0
9133 -0.163489 -0.00854382 0.01 96 96 0 0 0
9149 -0.133902 -0.0085555 0.01 51 51 0 0 0
9153 -0.163489 -0.00854382 0.01 96 96 0 0 0
9163 -0.133902 -0.0085555 0.01 53 53 0 0 0
9186 -0.163489 -0.00854382 0.01 96 96 0 0 0
9207 -0.133902 -0.0085555 0.01 53 53 0 0 0
9213 -0.1371 -0.00811909 0.01 72 73 0 0 0
9226 -0.14701 -0.00912328 0.01 72 72 0 0 0
9245 -0.160587 -0.00860396 0.01 96 96 0 0 0
9247 -0.139978 -0.00971503 0.01 72 72 0 0 0
9260 -0.184557 -0.00906856 0.01 72 72 0 0 0
9317 -0.136259 -0.00858672 0.01 53 53 0 0 0
9325 -0.160587 -0.00854382 0.01 97 97 0 0 0
9331 -0.163489 -0.00854382 0.01 97 97 0 0 0
9340 -0.163489 -0.00854382 0.01 96 96 0 0 0
9341 -0.173876 -0.0088919 0.01 72 72 0 0 0
9344 -0.160062 -0.00854382 0.01 96 96 0 0 0
9345 -0.173876 -0.0088919 0.01 72 72 0 0 0
9357 -0.159668 -0.00854382 0.01 97 97 0 0 0
9366 -0.163489 -0.00835099 0.01 96 96 0 0 0
9400 -0.133902 -0.0085555 0.01 53 53 0 0 0
9425 -0.157173 -0.00948819 0.01 72 72 0 0 0
9442 -0.125872 -0.0083351 0.01 72 72 0 0 0
9450 -0.139992 -0.00921297 0.01 72 70 0 0 0
9451 -0.14842 -0.00914081 0.01 72 72 0 0 0
9469 -0.158944 -0.00854382 0.01 97 97 0 0 0
9477 -0.163489 -0.00854382 0.01 97 97 0 0 0
9501 -0.10603 -0.00968513 0.01 72 72 0 0 0
9504 -0.133902 -0.0085555 0.01 51 51 0 0 0
9508 -0.136472 -0.00924565 0.01 72 72 -0.000359103 0.000879616 0
9527 -0.163489 -0.00854382 0.01 97 97 0 0 0
9546 -0.142978 -0.00872232 0.01 72 72 0 0 0
9556 -0.158806 -0.00858087 0.01 96 96 0 0 0
9562 -0.163489 -0.0084368 0.01 96 96 0 0 0
9569 -0.159079 -0.00966833 0.01 72 72 0 0 0
9591 -0.1371 -0.00842018 0.01 72 72 0 0 0
9597 -0.160559 -0.00943562 0.01 72 71 0.000194401 0 0.000232712
9603 -0.184557 -0.00906856 0.01 72 72 0 0 0
9620 -0.133902 -0.0085555 0.01 53 53 0 0 0
9624 -0.160587 -0.00854382 0.01 97 97 0 0 0
9638 -0.160559 -0.00966833 0.01 72 72 0 0 0
9648 -0.14842 -0.00914081 0.01 72 72 0 0 0
9674 -0.160559 -0.0094066 0.01 72 72 0 0 0
9683 -0.172916 -0.0091382 0.01 72 72 0 0 0
9743 -0.142269 -0.00986233 0.01 72 72 0 0 0
9744 -0.141942 -0.00870661 0.01 72 72 0 0 0
9745 -0.177822 -0.00859867 0.01 72 72 0 0 0
9759 -0.155001 -0.0101298 0.01 72 72 0 0 0
9775 -0.163489 -0.00854382 0.01 97 97 0 0 0
9785 -0.163489 -0.00854382 0.01 96 96 0 0 0
9799 -0.141228 -0.00869279 0.01 72 72 0 0 0
9822 -0.184557 -0.00883692 0.01 72 72 0 0 0
9830 -0.163489 -0.00854382 0.01 96 96 0 0 0
9839 -0.14842 -0.00914081 0.01 72 72 0 0 0
9851 -0.160587 -0.00854382 0.01 97 97 0 0 0
9857 -0.155001 -0.0101298 0.01 72 72 0 0 0
9910 -0.158944 -0.00854382 0.01 97 97 0 0 0
9911 -0.160587 -0.00854382 0.01 96 96 0 0 0
9913 -0.146873 -0.00960005 0.01 72 72 0 0 0
9956 -0.142978 -0.00903135 0.01 72 73 0 0 0
9979 -0.170294 -0.00854382 0.01 96 96 0 0 0
10013 -0.158944 -0.00854382 0.01 97 97 0 0 0
10016 -0.137352 -0.00924565 0.01 72 72 0 0 0
10033 -0.145285 -0.00870661 0.01 72 72 0 0 0
10039 -0.163489 -0.00863074 0.01 96 96 0 0 0
10047 -0.158944 -0.00854382 0.01 97 97 0 0 0
10048 -0.184557 -0.00896602 0.01 72 72 0 0 0
10058 -0.133902 -0.0085555 0.01 51 51 0 0 0
10059 -0.159668 -0.00854382 0.01 97 97 0 0 0
10063 -0.150978 -0.0088919 0.01 72 71 0 0 0
10081 -0.163489 -0.00854382 0.01 97 97 0 0 0
10103 -0.142978 -0.00865265 0.01 72 72 0 0 0
10104 -0.163489 -0.00854382 0.01 96 95 0 0 0
10116 -0.173876 -0.0088919 0.01 72 72 0 0 0
10128 -0.158944 -0.00854382 0.01 97 97 0 0 0
10158 -0.188164 -0.00947293 0.01 72 72 -9.55462e-05 0 -0.000242587
10207 -0.159668 -0.00854382 0.01 97 97 0 0 0
10219 -0.158806 -0.00858087 0.01 96 96 0 0 0
10244 -0.163489 -0.00854382 0.01 96 96 0 0 0
10258 -0.163489 -0.00854382 0.01 96 96 0 0 0
10269 -0.142149 -0.00986909 0.01 72 72 0 0 0
10292 -0.163489 -0.00854382 0.01 97 97 0 0 0
10318 -0.198361 -0.0087853 0.01 72 72 0 0 0
10325 -0.142269 -0.00986233 0.01 72 72 0 0 0
10341 -0.133902 -0.0085555 0.01 51 51 0 0 0
10384 -0.158944 -0.00843505 0.01 96 96 0 0 0
10392 -0.163489 -0.0084191 0.01 96 96 0 0 0
10395 -0.159668 -0.00854382 0.01 96 96 0 0 0
10415 -0.163489 -0.00854382 0.01 96 96 0 0 0
10420 -0.163489 -0.00854382 0.01 97 97 0 0 0
10451 -0.190417 -0.00892081 0.01 72 72 0.000359178 -0.00585954 0
10497 -0.188164 -0.00947293 0.01 72 72 0 0 0
10518 -0.155001 -0.0103433 0.01 72 72 1.79112e-05 0 1.09123e-05
10551 -0.133902 -0.0085555 0.01 51 51 0 0 0
10557 -0.163489 -0.00835099 0.01 96 96 0 0 0
10590 -0.139961 -0.00816632 0.01 72 72 0 0 0
10599 -0.163489 -0.00854382 0.01 97 97 0 0 0
10627 -0.158944 -0.00854382 0.01 97 97 0 0 0
10636 -0.184557 -0.00934277 0.01 72 72 0 0 0
10645 -0.141228 -0.00869279 0.01 72 72 0 0 0
10646 -0.160587 -0.00854382 0.01 96 96 0 0 0
10660 -0.163489 -0.00854382 0.01 96 95 0 0 0
10672 -0.158944 -0.00854382 0.01 96 95 0 0 0
10677 -0.160062 -0.00854382 0.01 96 96 0 0 0
10688 -0.163489 -0.00854382 0.01 96 96 0 0 0
10690 -0.160587 -0.00854382 0.01 97 97 0 0 0
10717 -0.163489 -0.00854382 0.01 96 96 0 0 0
10730 -0.158944 -0.00854382 0.01 96 95 0 0 0
10732 -0.160587 -0.00860257 0.01 96 96 0 0 0
10733 -0.171883 -0.00836778 0.01 72 72 0 0 0
10746 -0.163489 -0.00854382 0.01 97 97 0 0 0
10749 -0.133902 -0.0085555 0.01 51 51 0 0 0
10760 -0.18663 -0.00978624 0.01 72 72 0 0 0
10761 -0.184557 -0.00918116 0.01 72 72 0 0 0
10766 -0.146371 -0.00948819 0.01 72 72 0 0 0
10767 -0.133902 -0.0085555 0.01 51 51 0 0 0
10769 -0.178643 -0.00887511 0.01 72 72 0 0 0
10774 -0.139978 -0.00971503 0.01 72 72 0 0 0
10798 -0.136955 -0.00990097 0.01 72 72 0 0 0
10821 -0.165171 -0.00854382 0.01 98 98 0 0 0
10832 -0.145285 -0.00870661 0.01 72 72 0 0 0
10836 -0.163489 -0.00854382 0.01 96 96 0 0 0
10854 -0.17674 -0.00906832 0.01 72 72 0 0 0
10880 -0.162835 -0.00915005 0.01 72 71 0 0 0
10895 -0.159668 -0.00852355 0.01 97 97 0 0 0
10904 -0.160587 -0.00854382 0.01 97 96 0 0 0
10921 -0.163489 -0.0084368 0.01 96 96 0 0 0
10929 -0.163489 -0.00854382 0.01 96 96 0 0 0
10935 -0.163489 -0.00854382 0.01 96 96 0 0 0
10951 -0.133902 -0.0085555 0.01 51 51 0 0 0
10957 -0.133902 -0.0085555 0.01 52 54 0 0 0
10978 -0.163489 -0.00854382 0.01 97 97 0 0 0
10987 -0.133902 -0.0085555 0.01 52 52 0 0 0
11005 -0.155001 -0.0101298 0.01 72 72 0 0 0
11017 -0.160587 -0.00854382 0.01 97 97 0 0 0
11029 -0.163489 -0.00854382 0.01 96 96 0 0 0
11051 -0.163489 -0.00854382 0.01 97 97 0 0 0
11053 -0.141942 -0.00870661 0.01 72 72 0 0 0
11067 -0.165171 -0.00854382 0.01 98 98 0 0 0
11083 -0.163489 -0.00854382 0.01 96 96 0 0 0
11097 -0.155001 -0.0103542 0.01 72 72 0 0 0
11127 -0.160062 -0.00854382 0.01 96 96 0 0 0
11144 -0.133902 -0.0085555 0.01 53 53 0 0 0
11150 -0.160559 -0.00939704 0.01 72 72 0 0 0
11162 -0.219098 -0.00872407 0.01 72 72 0 0 0
11178 -0.17674 -0.00906832 0.01 72 72 0 0 0
11187 -0.159113 -0.00854382 0.01 97 97 0 0 0
11195 -0.194332 -0.00915824 0.01 72 72 0 0 0
11212 -0.155906 -0.00977648 0.01 72 72 0 0 0
11219 -0.133902 -0.0085555 0.01 53 54 0 0 0
11248 -0.172916 -0.0091382 0.01 72 72 0 0 0
11250 -0.158944 -0.00843505 0.01 96 96 0 0 0
11253 -0.146873 -0.00960005 0.01 72 72 0 0 0
11271 -0.133902 -0.0085555 0.01 51 51 0 0 0
11274 -0.159668 -0.00854382 0.01 97 97 0 0 0
11316 -0.133902 -0.0085555 0.01 53 53 0 0 0
11318 -0.133902 -0.0085555 0.01 53 53 0 0 0
11331 -0.133902 -0.0085555 0.01 53 53 0 0 0
11332 -0.155001 -0.0101298 0.01 72 72 0 0 0
11336 -0.163489 -0.00854382 0.01 96 96 0 0 0
11351 -0.184557 -0.00892081 0.01 72 72 0 0 0
11391 -0.163489 -0.00854382 0.01 96 96 0 0 0
11401 -0.158944 -0.00854382 0.01 96 96 0 0 0
11410 -0.133902 -0.0085555 0.01 52 52 0 0 0
11423 -0.145513 -0.00975448 0.01 72 72 0 0 0
11425 -0.159668 -0.00854382 0.01 97 97 0 0 0
11441 -0.163489 -0.0084368 0.01 96 96 0 0 0
11443 -0.136955 -0.00990097 0.01 72 72 0 0 0
11447 -0.125872 -0.0083351 0.01 72 72 0 0 0
11457 -0.159668 -0.00854382 0.01 97 97 0 0 0
11476 -0.158944 -0.00854382 0.01 97 97 0 0 0
11539 -0.159288 -0.00800392 0.01 72 72 0 0 0
11549 -0.163489 -0.0084101 0.01 96 95 0 0 0
11567 -0.158944 -0.00854382 0.01 72 72 0 0 0
11587 -0.170294 -0.00854382 0.01 96 96 0 0 0
11599 -0.160559 -0.00966833 0.01 72 72 0 0 0
11605 -0.160587 -0.00854382 0.01 96 96 0 0 0
11611 -0.187952 -0.00934277 0.01 72 72 0.000238985 -0.0033951 0
11616 -0.123211 -0.00836978 0.01 72 72 -0.000142321 0 -4.38923e-05
11617 -0.188164 -0.00947293 0.01 72 72 0 0 0
11618 -0.187487 -0.00951337 0.01 72 72 0 0 0
11669 -0.1371 -0.00842018 0.01 72 72 0 0 0
11678 -0.133902 -0.00872597 0.01 53 54 0 0 0
11694 -0.165171 -0.0082479 0.01 98 98 0 0 0
11709 -0.173876 -0.0088919 0.01 72 72 0 0 0
11735 -0.163489 -0.00854382 0.01 97 96 0 0 0
11746 -0.133902 -0.0085555 0.01 51 51 0 0 0
11751 -0.136955 -0.00990097 0.01 72 72 0 0 0
11760 -0.133902 -0.0085555 0.01 53 53 0 0 0
11763 -0.133902 -0.0085555 0.01 53 53 0 0 0
11787 -0.165171 -0.00854382 0.01 98 98 0 0 0
11801 -0.163489 -0.00854382 0.01 96 96 0 0 0
11818 -0.133902 -0.0085555 0.01 53 53 0 0 0
11838 -0.160587 -0.00854382 0.01 97 97 0 0 0
11840 -0.158944 -0.00878334 0.01 96 96 0 0 0
11842 -0.163489 -0.00854382 0.01 96 96 0 0 0
11846 -0.163489 -0.00854382 0.01 96 96 0 0 0
11871 -0.143374 -0.00948819 0.01 72 72 0 0 0
11878 -0.165171 -0.00854382 0.01 98 98 0 0 0
11881 -0.159668 -0.00854382 0.01 97 97 0 0 0
11919 -0.188164 -0.00923034 0.01 72 72 0 0 0
11935 -0.184557 -0.00896602 0.01 72 71 0 0 0
11938 -0.1371 -0.00842018 0.01 72 72 0 0 0
11943 -0.163489 -0.00835596 0.01 96 96 0 0 0
11962 -0.158806 -0.00854382 0.01 96 96 0 0 0
11976 -0.133902 -0.0085555 0.01 51 51 0 0 0
11980 -0.143374 -0.00948819 0.01 72 72 0 0 0
11983 -0.160587 -0.00854382 0.01 97 97 0 0 0
11984 -0.142978 -0.00903135 0.01 72 73 0 0 0
11988 -0.140955 -0.00941703 0.01 72 72 0 0 0
11989 -0.164236 -0.00835134 0.01 97 97 0.0213984 0 0.00019248
12002 -0.137734 -0.00919485 0.01 72 70 0 0 0
12011 -0.160587 -0.00854382 0.01 97 97 0 0 0
12014 -0.173876 -0.0088919 0.01 72 72 0 0 0
12032 -0.171428 -0.00940364 0.01 72 72 0 0 0
12045 -0.173876 -0.00895953 0.01 72 72 0 0 0
12057 -0.155001 -0.0101298 0.01 72 72 0 0 0
12058 -0.158096 -0.00930505 0.01 72 72 0 0 0
12075 -0.160587 -0.00854382 0.01 98 97 0 0 0
12077 -0.123211 -0.00832589 0.01 72 72 0 0 0
12119 -0.158944 -0.00854382 0.01 97 97 0 0 0
12122 -0.163489 -0.00854382 0.01 97 97 0 0 0
12146 -0.160587 -0.00854382 0.01 96 96 0 0 0
12190 -0.163489 -0.00854382 0.01 96 96 0 0 0
12204 -0.133902 -0.0085555 0.01 53 53 0 0 0
12270 -0.163489 -0.00835099 0.01 97 97 0 0 0
12289 -0.133902 -0.0085555 0.01 51 51 0 0 0
12295 -0.158944 -0.00854382 0.01 97 97 0 0 0
12333 -0.132521 -0.00915005 0.01 72 71 0 0 0
12337 -0.163489 -0.00854382 0.01 97 97 0 0 0
12358 -0.160587 -0.00860396 0.01 96 96 0 0 0
12411 -0.160062 -0.00854382 0.01 97 97 0 0 0
12426 -0.184557 -0.00883692 0.01 72 72 0 0 0
12439 -0.160587 -0.00854382 0.01 96 96 0 0 0
12472 -0.159668 -0.00854382 0.01 97 97 0 0 0
12484 -0.154015 -0.00930505 0.01 72 72 0 0 0
12485 -0.145513 -0.00975448 0.01 72 72 0 0 0
12487 -0.164832 -0.008834 0.01 72 72 0 0 0
12502 -0.17674 -0.00906832 0.01 72 72 0 0 0
12560 -0.160587 -0.00854382 0.01 96 96 0 0 0
12566 -0.164832 -0.008834 0.01 72 72 0 0 0
12577 -0.163489 -0.00854382 0.01 97 97 0 0 0
12588 -0.184557 -0.00883692 0.01 72 72 0 0 0
12618 -0.133902 -0.0085555 0.01 51 51 0 0 0
12620 -0.163489 -0.00854382 0.01 96 96 0 0 0
12665 -0.133902 -0.0085555 0.01 53 53 0 0 0
12690 -0.165171 -0.00854382 0.01 98 98 0 0 0
12713 -0.163489 -0.00828124 0.01 96 96 0.0266653 0 0.000262582
12716 -0.172916 -0.0091382 0.01 72 72 0 0 0
12717 -0.159668 -0.00852355 0.01 97 97 0 0 0
12721 -0.163489 -0.00835596 0.01 96 96 0 0 0
12723 -0.163489 -0.00835099 0.01 96 96 0 0 0
12750 -0.164832 -0.008834 0.01 72 72 0 0 0
12767 -0.164832 -0.008834 0.01 72 72 0 0 0
12800 -0.133902 -0.0085555 0.01 53 53 0 0 0
12806 -0.144483 -0.00803862 0.01 72 71 0 0 0
12824 -0.163489 -0.00835099 0.01 96 96 0 0 0
12833 -0.1371 -0.00842018 0.01 72 72 0 0 0
12838 -0.133902 -0.0085555 0.01 52 52 0 0 0
12845 -0.133902 -0.0085555 0.01 53 53 0 0 0
12858 -0.147738 -0.00934783 0.01 72 73 0 0 0
12873 -0.133902 -0.0085555 0.01 52 52 0 0 0
12876 -0.184557 -0.00892081 0.01 72 72 0 0 0
12877 -0.160062 -0.00854382 0.01 96 96 0 0 0
12885 -0.155001 -0.0101298 0.01 72 72 0 0 0
12893 -0.138235 -0.00923411 0.01 72 72 0.00207712 -0.00490178 0
12968 -0.160062 -0.00854382 0.01 96 96 0 0 0
12969 -0.158944 -0.00854382 0.01 97 97 0 0 0
12984 -0.133902 -0.0085555 0.01 52 52 0 0 0
13016 -0.163489 -0.00835099 0.01 97 97 0 0 0
13035 -0.158944 -0.00854382 0.01 97 97 0 0 0
13076 -0.163489 -0.00854382 0.01 96 96 0 0 0
13085 -0.163489 -0.00854382 0.01 96 96 0 0 0
13119 -0.163489 -0.00854382 0.01 97 97 0 0 0
13122 -0.14842 -0.00914081 0.01 72 72 0 0 0
13144 -0.163489 -0.00854382 0.01 97 97 0 0 0
13145 -0.163489 -0.00854382 0.01 97 97 0 0 0
13148 -0.133902 -0.0085555 0.01 53 52 0 0 0
13188 -0.133902 -0.0085555 0.01 52 52 0 0 0
13214 -0.142269 -0.00960113 0.01 72 72 0 0 0
13232 -0.133902 -0.0085555 0.01 53 53 0 0 0
13241 -0.133902 -0.0085555 0.01 53 53 0 0 0
13250 -0.163489 -0.0084368 0.01 96 96 0 0 0
13253 -0.164832 -0.008834 0.01 72 72 0 0 0
13273 -0.163489 -0.00854382 0.01 97 97 0 0 0
13295 -0.163489 -0.00854382 0.01 96 96 0 0 0
13307 -0.171883 -0.00836778 0.01 72 72 0 0 0
13325 -0.146371 -0.00948819 0.01 72 72 0 0 0
13330 -0.128216 -0.00913599 0.01 72 72 0 0 0
13332 -0.165171 -0.00854382 0.01 98 98 0 0 0
13334 -0.157173 -0.00948819 0.01 72 72 0 0 0
13340 -0.137352 -0.00924565 0.01 72 72 0 0 0
13354 -0.163489 -0.00854382 0.01 96 96 0 0 0
13360 -0.163489 -0.00835596 0.01 96 96 0 0 0
13364 -0.1371 -0.00811909 0.01 72 72 0 0 0
13435 -0.14701 -0.00912328 0.01 72 72 0 0 0
13438 -0.18663 -0.00951337 0.01 72 73 0 0 0
13449 -0.184557 -0.00883692 0.01 72 73 0 0 0
13462 -0.133902 -0.00860386 0.01 53 53 0 0 0
13505 -0.165774 -0.00854382 0.01 97 97 0.031538 -0.00518724 0
13514 -0.170294 -0.00854382 0.01 96 95 0 0 0
13547 -0.158806 -0.00854382 0.01 96 96 0 0 0
13586 -0.162078 -0.00977648 0.01 72 73 0 0 0
13588 -0.177822 -0.00859867 0.01 72 72 0 0 0
13604 -0.160587 -0.00860396 0.01 96 96 0 0 0
13610 -0.160587 -0.00854382 0.01 97 97 0 0 0
13623 -0.163489 -0.0084191 0.01 96 96 0 0 0
13626 -0.163489 -0.00854382 0.01 96 96 0 0 0
13666 -0.142978 -0.00872232 0.01 72 72 0 0 0
13686 -0.133902 -0.0085555 0.01 52 52 0 0 0
13692 -0.163489 -0.00854382 0.01 96 96 0 0 0
13696 -0.133902 -0.0085555 0.01 52 53 0 0 0
13703 -0.143878 -0.00845907 0.01 72 72 0.000792205 0 0.000462758
13724 -0.160587 -0.00854382 0.01 97 97 0 0 0
13730 -0.139961 -0.00816632 0.01 72 72 0 0 0
13732 -0.133902 -0.0085555 0.01 51 51 0 0 0
13762 -0.146371 -0.00948819 0.01 72 72 0 0 0
13763 -0.163489 -0.00854382 0.01 96 96 0 0 0
13766 -0.125872 -0.0083351 0.01 72 72 0 0 0
13785 -0.160587 -0.00854382 0.01 97 97 0 0 0
13818 -0.164236 -0.00854382 0.01 97 97 0 0 0
13819 -0.157173 -0.00948819 0.01 72 71 0 0 0
13855 -0.170294 -0.00854382 0.01 96 96 0 0 0
13878 -0.187487 -0.00951337 0.01 72 72 0 0 0
13885 -0.143878 -0.00845907 0.01 72 72 0 0 0
13890 -0.158944 -0.00854382 0.01 97 97 0 0 0
13916 -0.159668 -0.00854382 0.01 97 97 0 0 0
13993 -0.158944 -0.00840474 0.01 97 97 0 0 0
13995 -0.163489 -0.0084368 0.01 96 96 0 0 0
13998 -0.171883 -0.00836778 0.01 72 72 0 0 0
14003 -0.139211 -0.00821137 0.01 53 53 0 0 0
14010 -0.133902 -0.0085555 0.01 51 51 0 0 0
14030 -0.158806 -0.00854382 0.01 96 96 0 0 0
14037 -0.141942 -0.00870661 0.01 72 72 0 0 0
14041 -0.160587 -0.00854382 0.01 98 97 0 0 0
14045 -0.163489 -0.00854382 0.01 96 96 0 0 0
14046 -0.160587 -0.00860396 0.01 96 96 0 0 0
14052 -0.219098 -0.00872407 0.01 72 71 0 0 0
14106 -0.133902 -0.0085555 0.01 51 51 0 0 0
14108 -0.158096 -0.00930505 0.01 72 72 0 0 0
14128 -0.160062 -0.00854382 0.01 97 97 0 0 0
14145 -0.133902 -0.0085555 0.01 53 53 0 0 0
14147 -0.184557 -0.00883692 0.01 72 72 0 0 0
14152 -0.184557 -0.00883692 0.01 72 72 0 0 0
14157 -0.165171 -0.00854382 0.01 98 97 0 0 0
14175 -0.147738 -0.00936457 0.01 72 72 0 0 0
14209 -0.1371 -0.00842018 0.01 72 73 0 0 0
14235 -0.163489 -0.00854382 0.01 96 96 0 0 0
14278 -0.160062 -0.00854382 0.01 96 96 0 0 0
14280 -0.171428 -0.00940364 0.01 72 72 0 0 0
14285 -0.165171 -0.00854382 0.01 98 98 0 0 0
14295 -0.160587 -0.00854382 0.01 98 97 0 0 0
14309 -0.139978 -0.00971503 0.01 72 72 0 0 0
14327 -0.163489 -0.00854382 0.01 96 96 0 0 0
14337 -0.163489 -0.0084368 0.01 96 96 0 0 0
14347 -0.163489 -0.00854382 0.01 96 96 0 0 0
14371 -0.142269 -0.00960113 0.01 72 72 0 0 0
14373 -0.165881 -0.00854382 0.01 98 98 0.00450203 -0.000710011 0
14387 -0.160587 -0.00860396 0.01 96 96 0 0 0
14411 -0.184557 -0.00883692 0.01 72 72 0 0 0
14434 -0.163489 -0.00854382 0.01 97 97 0 0 0
14449 -0.160062 -0.00854382 0.01 96 96 0 0 0
14470 -0.146371 -0.00948819 0.01 72 72 0 0 0
14471 -0.171883 -0.00836778 0.01 72 72 0 0 0
14482 -0.170294 -0.00854382 0.01 96 96 0 0 0
14506 -0.184557 -0.00906856 0.01 72 72 0 0 0
14510 -0.136955 -0.00990097 0.01 72 73 0 0 0
14514 -0.142553 -0.00921297 0.01 72 72 0 0 0
14524 -0.184557 -0.00892081 0.01 72 72 0 0 0
14544 -0.163489 -0.00854382 0.01 96 96 0 0 0
14563 -0.172916 -0.0091382 0.01 72 72 0 0 0
14577 -0.163489 -0.00854382 0.01 96 95 0 0 0
14580 -0.150926 -0.00892183 0.01 72 72 0.00186828 -0.00704765 0
14671 -0.163489 -0.00854382 0.01 97 97 0 0 0
14694 -0.133902 -0.0085555 0.01 53 53 0 0 0
14700 -0.184557 -0.00918116 0.01 72 72 0 0 0
14734 -0.163489 -0.00854382 0.01 96 96 0 0 0
14751 -0.143878 -0.00892183 0.01 72 73 0 0 0
14771 -0.163489 -0.00854382 0.01 97 97 0 0 0
14775 -0.10603 -0.00968513 0.01 72 72 0 0 0
14776 -0.159668 -0.00854382 0.01 96 96 0 0 0
14778 -0.164832 -0.008834 0.01 72 72 0 0 0
14783 -0.163489 -0.00854382 0.01 96 96 0 0 0
14797 -0.133902 -0.00860386 0.01 53 53 0 0 0
14803 -0.141228 -0.00869279 0.01 72 72 0 0 0
14816 -0.160587 -0.00854382 0.01 97 97 0 0 0
14821 -0.163489 -0.00854382 0.01 96 96 0 0 0
14824 -0.142978 -0.00872232 0.01 72 72 0 0 0
14825 -0.142978 -0.00903135 0.01 72 72 0 0 0
14828 -0.162835 -0.00915005 0.01 72 72 0 0 0
14851 -0.141942 -0.00870661 0.01 72 72 0 0 0
14865 -0.146371 -0.00948819 0.01 72 72 0 0 0
14874 -0.163489 -0.00854382 0.01 96 96 0 0 0
14887 -0.160587 -0.00833268 0.01 96 96 0 0 0
14893 -0.157173 -0.00948819 0.01 72 72 0 0 0
14929 -0.163489 -0.00854382 0.01 96 96 0 0 0
14934 -0.159668 -0.00854382 0.01 97 97 0 0 0
14939 -0.163489 -0.00854382 0.01 96 96 0 0 0
14941 -0.133902 -0.0085555 0.01 53 53 0 0 0
14949 -0.17674 -0.00906832 0.01 72 72 0 0 0
14959 -0.164832 -0.008834 0.01 72 72 0 0 0
14975 -0.158944 -0.00854382 0.01 96 96 0 0 0
14977 -0.125872 -0.0083351 0.01 72 72 0 0 0
14985 -0.133902 -0.00871887 0.01 53 53 4.32879e-06 0 -0.000163368
14991 -0.163489 -0.0084368 0.01 96 96 0 0 0
14994 -0.142031 -0.00912328 0.01 72 73 0 0 0
15017 -0.180815 -0.0091382 0.01 72 71 0.000607818 -0.0078993 0
15027 -0.219098 -0.00872407 0.01 72 72 0 0 0
15060 -0.163489 -0.00854382 0.01 96 96 0 0 0
15084 -0.133902 -0.00860386 0.01 53 53 0 0 0
15106 -0.15925 -0.00854382 0.01 96 96 -0.0246098 0.00423899 0
15118 -0.160587 -0.00854382 0.01 97 97 0 0 0
15120 -0.160587 -0.00860396 0.01 96 96 0 0 0
15151 -0.160587 -0.00854382 0.01 97 97 0 0 0
15164 -0.139978 -0.00971503 0.01 72 72 0 0 0
15191 -0.158944 -0.00843505 0.01 96 96 0 0 0
15203 -0.168793 -0.00874936 0.01 72 72 0 0 0
15245 -0.159288 -0.00800392 0.01 72 72 0 0 0
15262 -0.138693 -0.0089946 0.01 72 73 0 0 0
15264 -0.163489 -0.00835099 0.01 97 97 0 0 0
15291 -0.163489 -0.00854382 0.01 96 96 0 0 0
15311 -0.164236 -0.00854382 0.01 96 96 0 0 0
15327 -0.163489 -0.00854382 0.01 96 96 0 0 0
15361 -0.159668 -0.00854382 0.01 97 97 0 0 0
15409 -0.139961 -0.00816632 0.01 72 72 0 0 0
15430 -0.165171 -0.00854382 0.01 98 98 0 0 0
15452 -0.14842 -0.00914081 0.01 72 72 0 0 0
15460 -0.135625 -0.00842018 0.01 72 72 -0.000517234 0.0014748 0
15464 -0.145513 -0.00975448 0.01 72 72 0 0 0
15474 -0.163489 -0.00854382 0.01 96 96 0 0 0
15498 -0.136955 -0.00990097 0.01 72 72 0 0 0
15522 -0.160587 -0.00854382 0.01 96 97 0 0 0
15525 -0.155001 -0.0101298 0.01 72 73 0 0 0
15526 -0.160587 -0.00854382 0.01 97 97 0 0 0
15547 -0.172916 -0.0091382 0.01 72 72 0 0 0
15553 -0.159668 -0.00854382 0.01 97 97 0 0 0
15574 -0.219098 -0.00872407 0.01 72 72 0 0 0
15605 -0.163489 -0.00854382 0.01 96 96 0 0 0
15637 -0.163489 -0.00854382 0.01 97 97 0 0 0
15646 -0.133902 -0.0085555 0.01 53 53 0 0 0
15698 -0.142978 -0.00872232 0.01 72 72 0 0 0
15705 -0.163489 -0.00854382 0.01 98 98 0 0 0
15710 -0.158944 -0.00854382 0.01 72 73 0 0 0
15758 -0.168793 -0.00874936 0.01 72 71 0 0 0
15761 -0.160587 -0.00854382 0.01 96 96 0 0 0
15766 -0.165171 -0.00854382 0.01 98 98 0 0 0
15790 -0.161295 -0.00836778 0.01 72 72 0 0 0
15815 -0.170294 -0.00854382 0.01 96 96 0 0 0
15816 -0.1371 -0.00811909 0.01 72 72 0 0 0
15834 -0.128799 -0.00816632 0.01 72 71 0 0 0
15851 -0.172916 -0.0091382 0.01 72 72 0 0 0
15869 -0.142269 -0.00960984 0.01 72 72 0 0 0
15891 -0.159668 -0.00854382 0.01 97 97 0 0 0
15910 -0.163489 -0.00835596 0.01 96 96 0 0 0
15928 -0.145513 -0.00956695 0.01 72 72 0 0 0
15931 -0.133902 -0.0085555 0.01 53 54 0 0 0
15936 -0.158585 -0.008834 0.01 72 72 0 0 0
15966 -0.158944 -0.00843505 0.01 96 96 0 0 0
15989 -0.163489 -0.00854382 0.01 97 97 0 0 0
16000 -0.165171 -0.00854382 0.01 97 97 0 0 0
16004 -0.160559 -0.00966833 0.01 72 72 0 0 0
16026 -0.163489 -0.00854382 0.01 96 96 0 0 0
16040 -0.165171 -0.00854382 0.01 98 98 0 0 0
16071 -0.188164 -0.00923034 0.01 72 72 0 0 0
16094 -0.133902 -0.0085555 0.01 53 53 0 0 0
16101 -0.202952 -0.00883692 0.01 72 72 0 0 0
16149 -0.163489 -0.00854382 0.01 96 96 0 0 0
16193 -0.164832 -0.008834 0.01 72 72 0 0 0
16205 -0.163489 -0.00854382 0.01 96 95 0 0 0
16237 -0.158096 -0.00930505 0.01 72 72 0 0 0
16250 -0.163489 -0.00854382 0.01 96 96 0 0 0
16268 -0.133902 -0.0085555 0.01 53 53 0 0 0
16273 -0.164832 -0.008834 0.01 72 72 0 0 0
16294 -0.188337 -0.00854382 0.01 96 96 0 0 0
16300 -0.133902 -0.0085555 0.01 51 51 0 0 0
16322 -0.147738 -0.00936457 0.01 72 72 0 0 0
16335 -0.1371 -0.00842018 0.01 72 72 0 0 0
16337 -0.160587 -0.00854382 0.01 96 96 0 0 0
16340 -0.170294 -0.00854382 0.01 96 96 0 0 0
16341 -0.145194 -0.00960113 0.01 72 72 0.00101602 -0.00292484 0
16353 -0.139961 -0.00816632 0.01 72 72 0 0 0
16364 -0.165171 -0.00854382 0.01 98 98 0 0 0
16378 -0.138687 -0.00859595 0.01 72 72 0 0 0
16389 -0.158944 -0.00854382 0.01 97 97 0 0 0
16402 -0.165171 -0.00854382 0.01 98 98 0 0 0
16410 -0.163489 -0.00854382 0.01 96 96 0 0 0
16416 -0.133902 -0.00860386 0.01 53 53 0 0 0
16421 -0.164236 -0.00854382 0.01 96 96 0.00428194 -0.000747859 0
16424 -0.158944 -0.00854382 0.01 96 96 0 0 0
16452 -0.163489 -0.00854382 0.01 97 97 0 0 0
16454 -0.160587 -0.00860396 0.01 96 96 0 0 0
16468 -0.188164 -0.00947293 0.01 72 72 0 0 0
16478 -0.158944 -0.00854382 0.01 97 97 0 0 0
16500 -0.165171 -0.00854382 0.01 98 98 0 0 0
16509 -0.165171 -0.00854382 0.01 98 98 0 0 0
16512 -0.159668 -0.00854382 0.01 97 97 0 0 0
16532 -0.158944 -0.00854382 0.01 97 97 0 0 0
16552 -0.160587 -0.00854382 0.01 97 97 0 0 0
16555 -0.160587 -0.00854382 0.01 97 97 0 0 0
16584 -0.160587 -0.00854382 0.01 97 97 0 0 0
16594 -0.16065 -0.00935816 0.01 72 72 0 0 0
16601 -0.142269 -0.00960984 0.01 72 72 0 0 0
16606 -0.163489 -0.00854382 0.01 96 96 0 0 0
16611 -0.17445 -0.00906832 0.01 72 72 0 0 0
16624 -0.163489 -0.00854382 0.01 96 96 0 0 0
16647 -0.158944 -0.00854382 0.01 97 97 0 0 0
16683 -0.173964 -0.00869958 0.01 72 72 0.00054729 -0.005171 0
16687 -0.165171 -0.00854382 0.01 98 98 0 0 0
16719 -0.163489 -0.0084368 0.01 96 96 0 0 0
16741 -0.146371 -0.00948819 0.01 72 72 0 0 0
16756 -0.163489 -0.00854382 0.01 96 94 0 0 0
16785 -0.142978 -0.00992545 0.01 72 72 0 0 0
16793 -0.163489 -0.00835596 0.01 96 96 0 0 0
16806 -0.125872 -0.0083351 0.01 72 72 0 0 0
16858 -0.188164 -0.00923034 0.01 72 71 0 0 0
16914 -0.139961 -0.00816632 0.01 72 72 0 0 0
16920 -0.177822 -0.00859867 0.01 72 71 0 0 0
16929 -0.160559 -0.0094066 0.01 72 72 0.000295922 0 0.000261731
16933 -0.163489 -0.00854382 0.01 96 96 0 0 0
16936 -0.159668 -0.00854382 0.01 97 97 0 0 0
16963 -0.163489 -0.00854382 0.01 97 97 0 0 0
16967 -0.163489 -0.0084368 0.01 96 96 0 0 0
16974 -0.184557 -0.00907425 0.01 72 72 0 0 0
16994 -0.160587 -0.00860396 0.01 96 96 0 0 0
17011 -0.163489 -0.00854382 0.01 97 97 0 0 0
17017 -0.165171 -0.00854382 0.01 98 98 0 0 0
17033 -0.158944 -0.00854382 0.01 97 97 0 0 0
17034 -0.133902 -0.0085555 0.01 52 53 0 0 0
17044 -0.164832 -0.008834 0.01 72 72 0 0 0
17084 -0.138687 -0.00859595 0.01 72 72 0 0 0
17088 -0.159668 -0.00854382 0.01 96 97 0 0 0
17090 -0.163489 -0.00854382 0.01 96 96 0 0 0
17137 -0.184557 -0.00907425 0.01 72 72 0 0 0
17143 -0.165171 -0.00847931 0.01 97 97 0.00718316 0 6.45118e-05
17177 -0.133902 -0.00872597 0.01 53 54 0 0 0
17178 -0.173876 -0.0088919 0.01 72 72 0 0 0
17196 -0.133902 -0.0085555 0.01 51 51 0 0 0
17203 -0.158944 -0.00854382 0.01 97 97 0 0 0
17273 -0.163489 -0.00854382 0.01 97 97 0 0 0
17299 -0.158944 -0.00854382 0.01 97 97 0 0 0
17300 -0.163489 -0.00854382 0.01 96 96 0 0 0
17338 -0.160587 -0.00854382 0.01 97 97 0 0 0
17353 -0.157173 -0.00948819 0.01 72 72 0 0 0
17360 -0.183039 -0.00923034 0.01 72 72 0 0 0
17389 -0.188164 -0.00923034 0.01 72 73 0 0 0
17392 -0.159668 -0.00854382 0.01 96 96 0 0 0
17416 -0.165171 -0.00854382 0.01 98 98 0 0 0
17429 -0.158944 -0.00854382 0.01 97 97 0 0 0
17433 -0.163489 -0.00835596 0.01 96 96 0 0 0
17454 -0.159668 -0.00854382 0.01 96 96 0 0 0
17458 -0.128977 -0.00982388 0.01 72 72 0 0 0
17466 -0.142553 -0.00921297 0.01 72 72 0 0 0
17477 -0.136472 -0.00924565 0.01 72 72 0 0 0
17482 -0.159668 -0.00854382 0.01 97 97 0 0 0
17494 -0.160587 -0.00854382 0.01 97 97 0 0 0
17504 -0.170294 -0.00854382 0.01 96 96 0 0 0
17572 -0.159079 -0.00966833 0.01 72 72 0 0 0
17574 -0.133902 -0.0085555 0.01 52 52 0 0 0
17595 -0.160559 -0.00966833 0.01 72 72 0 0 0
17615 -0.159113 -0.00854382 0.01 97 97 -0.00340605 0.000555366 0
17626 -0.177822 -0.00859867 0.01 72 72 0 0 0
17628 -0.163489 -0.00854382 0.01 96 96 0 0 0
17638 -0.163489 -0.00854382 0.01 96 94 0 0 0
17648 -0.184557 -0.00918116 0.01 72 72 0 0 0
17657 -0.133902 -0.0085555 0.01 53 53 0 0 0
17661 -0.160587 -0.00860396 0.01 96 96 0 0 0
17676 -0.133902 -0.0085555 0.01 51 51 0 0 0
17690 -0.133902 -0.00860386 0.01 53 53 0 0 0
17703 -0.133902 -0.0085555 0.01 53 53 0 0 0
17705 -0.219098 -0.00872407 0.01 72 72 0 0 0
17720 -0.160559 -0.00966833 0.01 72 72 0 0 0
17723 -0.159668 -0.00854382 0.01 97 97 0 0 0
17730 -0.158806 -0.00858087 0.01 96 96 0 0 0
17733 -0.1371 -0.00842018 0.01 72 72 0 0 0
17738 -0.160587 -0.00854382 0.01 97 97 0 0 0
17746 -0.146873 -0.00960005 0.01 72 72 0 0 0
17759 -0.142269 -0.00960113 0.01 72 72 0 0 0
17789 -0.163489 -0.00854382 0.01 96 96 0 0 0
17798 -0.163489 -0.00854382 0.01 96 96 0 0 0
17813 -0.158944 -0.00854382 0.01 96 96 0 0 0
17829 -0.163489 -0.00854382 0.01 96 96 0 0 0
17854 -0.170294 -0.00854382 0.01 96 96 0 0 0
17864 -0.133902 -0.0085555 0.01 52 52 0 0 0
17881 -0.184557 -0.00883692 0.01 72 72 0 0 0
17897 -0.158944 -0.00854382 0.01 97 97 0 0 0
17911 -0.171883 -0.00836778 0.01 72 72 0 0 0
17926 -0.160587 -0.00854382 0.01 97 97 0 0 0
17938 -0.173876 -0.0088919 0.01 72 72 0 0 0
17955 -0.163489 -0.00854382 0.01 96 96 0 0 0
17975 -0.163489 -0.00854382 0.01 97 97 0 0 0
17982 -0.165171 -0.00854382 0.01 97 97 0 0 0
17999 -0.163489 -0.0084368 0.01 96 96 0 0 0
18030 -0.163489 -0.00837467 0.01 96 95 0 0 0
18031 -0.184557 -0.00892081 0.01 72 72 0 0 0
18037 -0.160587 -0.00860396 0.01 96 96 0 0 0
18051 -0.155562 -0.00854382 0.01 96 96 0 0 0
18071 -0.10603 -0.00968513 0.01 72 72 0 0 0
18087 -0.188164 -0.00947293 0.01 72 72 0 0 0
18100 -0.163489 -0.00854382 0.01 96 96 0 0 0
18120 -0.160587 -0.00854382 0.01 96 96 0 0 0
18123 -0.1371 -0.00842018 0.01 72 72 0 0 0
18129 -0.184557 -0.00918116 0.01 72 72 0 0 0
18139 -0.163489 -0.00854382 0.01 96 96 0 0 0
