max_pf 90 min_pf 60
individual dGr dSr disp_rate patch_no b_patch_no mut_eff DdGr DdSr
12 -0.167174 -0.00873579 0.01 72 72 0 0 0
15 -0.187029 -0.00846597 0.01 72 72 0 0 0
19 -0.155237 -0.00945845 0.01 72 72 0 0 0
21 -0.156909 -0.0088339 0.01 88 88 0 0 0
23 -0.168953 -0.0086936 0.01 62 62 0 0 0
32 -0.160848 -0.00919755 0.01 62 61 0 0 0
40 -0.160848 -0.00919755 0.01 61 61 0 0 0
41 -0.160848 -0.00919755 0.01 61 61 0 0 0
42 -0.147 -0.0089046 0.01 72 72 0 0 0
79 -0.167174 -0.00873579 0.01 72 72 0 0 0
91 -0.168953 -0.00894835 0.01 62 62 0 0 0
95 -0.149525 -0.00919755 0.01 61 61 -0.000218689 0.0113234 0
97 -0.111077 -0.00919364 0.01 61 61 0 0 0
101 -0.168953 -0.00894835 0.01 62 62 0 0 0
105 -0.156909 -0.0088339 0.01 88 88 0 0 0
106 -0.168964 -0.00894835 0.01 62 62 0 0 0
114 -0.168953 -0.00898312 0.01 61 61 0 0 0
129 -0.168953 -0.00894835 0.01 62 62 0 0 0
138 -0.156909 -0.0088339 0.01 89 89 0 0 0
141 -0.156909 -0.0088339 0.01 88 88 0 0 0
144 -0.138371 -0.00944474 0.01 72 72 0 0 0
150 -0.156909 -0.0088339 0.01 89 89 0 0 0
151 -0.168281 -0.00985104 0.01 72 72 0 0 0
156 -0.168953 -0.00894835 0.01 62 62 0 0 0
167 -0.156909 -0.0088339 0.01 89 89 0 0 0
168 -0.168953 -0.00885858 0.01 62 62 0 0 0
170 -0.168953 -0.00894835 0.01 61 61 0 0 0
175 -0.156909 -0.0088339 0.01 88 88 0 0 0
179 -0.172315 -0.00867972 0.01 72 72 0 0 0
186 -0.160848 -0.00919755 0.01 62 62 0 0 0
188 -0.168953 -0.00894835 0.01 61 61 0 0 0
191 -0.147549 -0.00885364 0.01 72 72 0 0 0
198 -0.155449 -0.00967094 0.01 72 72 0 0 0
203 -0.155237 -0.00967094 0.01 72 72 0 0 0
207 -0.151191 -0.00878599 0.01 72 72 0 0 0
212 -0.156909 -0.0088339 0.01 88 88 0 0 0
226 -0.169313 -0.0088339 0.01 88 88 0 0 0
235 -0.156909 -0.0088339 0.01 88 88 0 0 0
242 -0.156909 -0.0088339 0.01 88 88 0 0 0
243 -0.159816 -0.00829311 0.01 88 88 0 0 0
248 -0.168953 -0.00894835 0.01 61 61 0 0 0
250 -0.159816 -0.0088339 0.01 88 88 0 0 0
265 -0.156909 -0.0088339 0.01 88 88 0 0 0
270 -0.168953 -0.00898312 0.01 61 61 0 0 0
294 -0.168953 -0.00894835 0.01 62 62 0 0 0
298 -0.168953 -0.00894835 0.01 61 61 0 0 0
300 -0.168953 -0.00894835 0.01 61 61 0 0 0
302 -0.168388 -0.00894835 0.01 62 62 0 0 0
312 -0.147 -0.0089046 0.01 72 73 0 0 0
320 -0.156909 -0.0088339 0.01 89 89 0 0 0
322 -0.155237 -0.00985104 0.01 72 72 0 0 0
331 -0.174042 -0.00919755 0.01 62 62 0.000200704 -0.0131932 0
337 -0.168953 -0.00894835 0.01 61 61 0 0 0
352 -0.111077 -0.00919364 0.01 61 61 0 0 0
357 -0.168953 -0.00894835 0.01 60 60 0 0 0
361 -0.168953 -0.00894835 0.01 61 61 0 0 0
374 -0.175936 -0.00894835 0.01 61 61 6.91712e-05 -0.00698264 0
406 -0.168953 -0.0086936 0.01 60 60 0 0 0
416 -0.159816 -0.00829311 0.01 88 88 0 0 0
417 -0.155237 -0.009479 0.01 72 72 0 0 0
418 -0.111077 -0.00919364 0.01 61 61 0 0 0
421 -0.156909 -0.0088339 0.01 88 88 0 0 0
429 -0.156909 -0.0088339 0.01 88 88 0 0 0
449 -0.165728 -0.00894835 0.01 62 62 -4.83096e-05 0.00322486 0
456 -0.138371 -0.00944474 0.01 72 72 0 0 0
458 -0.168953 -0.00891865 0.01 61 62 0 0 0
460 -0.168953 -0.00894835 0.01 60 61 0 0 0
463 -0.168953 -0.00894835 0.01 61 61 0 0 0
473 -0.167174 -0.00873579 0.01 72 72 0 0 0
486 -0.168953 -0.0086936 0.01 62 62 0 0 0
488 -0.159949 -0.00917415 0.01 72 71 0 0 0
505 -0.138371 -0.00944474 0.01 72 72 0 0 0
513 -0.145898 -0.00877083 0.01 72 72 0 0 0
520 -0.156909 -0.0088339 0.01 88 88 0 0 0
523 -0.111077 -0.00919364 0.01 61 61 0 0 0
531 -0.156909 -0.0088339 0.01 89 89 0 0 0
540 -0.168953 -0.00885858 0.01 62 62 0 0 0
549 -0.14453 -0.0088339 0.01 88 88 -0.0430424 0.0123786 0
556 -0.156909 -0.00916846 0.01 88 88 0 0 0
566 -0.168953 -0.00894835 0.01 62 62 0 0 0
581 -0.156909 -0.0088339 0.01 89 89 0 0 0
582 -0.156909 -0.0088339 0.01 89 89 0 0 0
585 -0.151883 -0.00857376 0.01 72 72 0 0 0
598 -0.168953 -0.00894835 0.01 62 62 0 0 0
601 -0.168953 -0.0086936 0.01 62 62 0 0 0
602 -0.156909 -0.0088339 0.01 88 88 0 0 0
618 -0.160848 -0.00919755 0.01 61 61 0 0 0
628 -0.156909 -0.0088339 0.01 88 88 0 0 0
650 -0.156909 -0.0088339 0.01 88 88 0 0 0
655 -0.168953 -0.00894835 0.01 60 61 0 0 0
666 -0.158712 -0.0087254 0.01 72 72 0 0 0
669 -0.156909 -0.0088339 0.01 88 88 0 0 0
670 -0.156909 -0.0088339 0.01 88 88 0 0 0
671 -0.147 -0.0089046 0.01 72 72 0 0 0
676 -0.149133 -0.00932566 0.01 72 72 -0.000158966 0 -9.87845e-05
677 -0.168953 -0.00894835 0.01 61 61 0 0 0
685 -0.168953 -0.0086936 0.01 60 60 0 0 0
690 -0.174817 -0.0089621 0.01 72 74 0 0 0
693 -0.155237 -0.0096137 0.01 72 71 0 0 0
694 -0.156909 -0.0088339 0.01 89 89 0 0 0
697 -0.168953 -0.00894835 0.01 61 61 0 0 0
705 -0.119028 -0.00825432 0.01 72 71 0 0 0
711 -0.156909 -0.00887607 0.01 89 89 0 0 0
731 -0.135812 -0.0086354 0.01 72 71 0 0 0
736 -0.152938 -0.0088339 0.01 89 89 -0.0144123 0.00397108 0
743 -0.156909 -0.0088339 0.01 88 88 0 0 0
748 -0.149133 -0.00922687 0.01 72 72 0 0 0
756 -0.173545 -0.00890726 0.01 72 73 0 0 0
758 -0.156909 -0.0088339 0.01 88 88 0 0 0
759 -0.156909 -0.0088339 0.01 89 89 0 0 0
763 -0.151522 -0.0088339 0.01 88 88 0 0 0
774 -0.156909 -0.0088339 0.01 89 89 0 0 0
779 -0.168953 -0.00894835 0.01 62 62 0 0 0
787 -0.156909 -0.0088339 0.01 90 90 0 0 0
810 -0.168953 -0.00894835 0.01 60 60 0 0 0
845 -0.156909 -0.0088339 0.01 89 89 0 0 0
852 -0.156909 -0.0088339 0.01 88 88 0 0 0
867 -0.156909 -0.0088339 0.01 89 89 0 0 0
895 -0.156909 -0.00887607 0.01 89 89 0 0 0
896 -0.156909 -0.0088339 0.01 89 89 0 0 0
920 -0.156909 -0.0088339 0.01 88 88 0 0 0
921 -0.156909 -0.00870668 0.01 88 88 0 0 0
922 -0.158712 -0.00884437 0.01 72 72 0 0 0
926 -0.156909 -0.0088339 0.01 88 88 0 0 0
946 -0.151522 -0.0088339 0.01 88 88 -0.0176283 0.00538667 0
947 -0.159816 -0.00846527 0.01 88 88 0 0 0
951 -0.156909 -0.0087146 0.01 88 88 0 0 0
954 -0.168953 -0.00828346 0.01 60 60 0 0 0.000410133
961 -0.168953 -0.00894835 0.01 62 62 0 0 0
979 -0.165732 -0.00931903 0.01 72 72 0 0 0
989 -0.168953 -0.00923552 0.01 62 62 -4.03821e-06 0 -0.000287173
991 -0.160848 -0.00919755 0.01 61 61 0 0 0
996 -0.156909 -0.0088339 0.01 89 89 0 0 0
999 -0.111077 -0.00919364 0.01 61 61 0 0 0
1011 -0.156909 -0.0088339 0.01 89 89 0 0 0
1023 -0.168953 -0.00894835 0.01 61 61 0 0 0
1033 -0.15473 -0.00944474 0.01 72 72 0 0 0
1044 -0.168964 -0.00894835 0.01 62 62 0 0 0
1047 -0.165732 -0.00931903 0.01 72 72 0 0 0
1057 -0.155237 -0.009479 0.01 72 73 0 0 0
1063 -0.149525 -0.00919755 0.01 61 61 0 0 0
1066 -0.168953 -0.00894835 0.01 61 61 0 0 0
1067 -0.143879 -0.00982 0.01 72 72 -0.000318423 0 -0.000149058
1073 -0.111077 -0.00919364 0.01 61 61 0 0 0
1084 -0.168953 -0.00894835 0.01 61 61 0 0 0
1091 -0.151819 -0.00894835 0.01 62 62 0 0 0
1117 -0.168953 -0.00894835 0.01 60 60 0 0 0
1127 -0.143879 -0.0097119 0.01 72 72 0 0 0
1134 -0.128524 -0.00902398 0.01 72 72 0 0 0
1147 -0.156909 -0.0088339 0.01 89 89 0 0 0
1148 -0.178653 -0.00895544 0.01 72 72 0 0 0
1158 -0.156909 -0.0088339 0.01 88 88 0 0 0
1159 -0.170767 -0.00888597 0.01 72 72 0 0 0
1164 -0.168953 -0.00894835 0.01 61 61 0 0 0
1166 -0.165732 -0.00931903 0.01 72 71 0 0 0
1175 -0.156909 -0.0088339 0.01 89 89 0 0 0
1184 -0.155237 -0.00943418 0.01 72 72 0 0 0
1186 -0.168953 -0.00894835 0.01 61 61 0 0 0
1216 -0.156909 -0.0088339 0.01 88 88 0 0 0
1218 -0.148815 -0.0092002 0.01 72 72 0 0 0
1242 -0.148647 -0.00908064 0.01 72 72 0 0 0
1250 -0.168964 -0.00894835 0.01 62 62 0 0 0
1257 -0.156909 -0.0088339 0.01 88 88 0 0 0
1278 -0.156909 -0.0088339 0.01 88 88 0 0 0
1293 -0.168953 -0.00894835 0.01 62 62 0 0 0
1300 -0.168953 -0.00894835 0.01 61 61 0 0 0
1301 -0.168953 -0.00894835 0.01 62 62 0 0 0
1305 -0.168953 -0.00894835 0.01 62 62 0 0 0
1308 -0.156909 -0.0088339 0.01 88 88 0 0 0
1313 -0.162278 -0.0095461 0.01 72 72 0 0 0
1331 -0.156909 -0.00870668 0.01 88 88 0 0 0
1332 -0.13752 -0.00944474 0.01 72 72 0 0 0
1333 -0.158024 -0.0095181 0.01 72 72 0 0 0
1348 -0.168953 -0.0086936 0.01 60 60 0 0 0
1355 -0.168953 -0.00894835 0.01 61 61 0 0 0
1375 -0.168953 -0.00894835 0.01 62 62 0 0 0
1410 -0.111077 -0.00919364 0.01 61 61 0 0 0
1416 -0.156909 -0.0088339 0.01 89 89 0 0 0
1449 -0.156909 -0.0088339 0.01 88 87 0 0 0
1452 -0.156909 -0.00867128 0.01 88 88 0 0 0
1453 -0.143879 -0.00982 0.01 72 72 0 0 0
1456 -0.168953 -0.00894835 0.01 62 64 0 0 0
1471 -0.145297 -0.00956099 0.01 72 72 0 0 0
1481 -0.168964 -0.00894835 0.01 62 62 0 0 0
1485 -0.156909 -0.0088339 0.01 88 88 0 0 0
1503 -0.132217 -0.00849476 0.01 72 72 0 0 0
1521 -0.151819 -0.00894835 0.01 62 62 0 0 0
1527 -0.134926 -0.0085089 0.01 72 72 0 0 0
1536 -0.160848 -0.00919755 0.01 61 61 0 0 0
1542 -0.156909 -0.0088339 0.01 88 88 0 0 0
1546 -0.111077 -0.00919364 0.01 62 62 0 0 0
1558 -0.156909 -0.0088339 0.01 88 88 0 0 0
1559 -0.151819 -0.00896594 0.01 62 62 0 0 0
1566 -0.156909 -0.0088339 0.01 89 89 0 0 0
1570 -0.168953 -0.00894835 0.01 61 61 0 0 0
1572 -0.150607 -0.00887607 0.01 89 89 -0.0235326 0.00630215 0
1579 -0.156909 -0.0088339 0.01 88 88 0 0 0
1580 -0.156909 -0.0088339 0.01 88 88 0 0 0
1588 -0.156909 -0.0088339 0.01 88 88 0 0 0
1590 -0.156909 -0.0088339 0.01 89 89 0 0 0
1598 -0.159816 -0.0088339 0.01 88 88 0 0 0
1615 -0.15829 -0.00894835 0.01 62 62 0 0 0
1619 -0.156909 -0.00866832 0.01 89 89 0 0 0
1620 -0.156909 -0.0088339 0.01 88 88 0 0 0
1635 -0.156909 -0.0088339 0.01 88 88 0 0 0
1650 -0.168953 -0.00894835 0.01 62 62 0 0 0
1653 -0.168953 -0.00894835 0.01 61 61 0 0 0
1657 -0.180654 -0.00903944 0.01 72 72 0.000140041 0 0.000279584
1660 -0.159816 -0.00829311 0.01 88 88 0 0 0
1677 -0.151191 -0.00878599 0.01 72 73 0 0 0
1679 -0.151819 -0.00894835 0.01 62 62 0 0 0
1682 -0.176573 -0.00836183 0.01 72 72 0 0 0
1693 -0.156909 -0.0088339 0.01 88 88 0 0 0
1697 -0.136966 -0.0090782 0.01 72 72 -0.000201836 0 -8.62125e-05
1706 -0.176826 -0.0086936 0.01 62 62 0 0 0
1724 -0.156909 -0.0088339 0.01 88 87 0 0 0
1727 -0.168953 -0.0086936 0.01 60 60 0 0 0
1748 -0.156909 -0.0088339 0.01 88 88 0 0 0
1758 -0.165133 -0.0095461 0.01 72 72 0 0 0
1782 -0.166782 -0.00894835 0.01 62 62 0 0 0
1788 -0.136966 -0.00899199 0.01 72 72 -0.000334963 0 -0.00014656
1798 -0.169313 -0.0088339 0.01 88 88 0 0 0
1826 -0.168953 -0.00894835 0.01 62 62 0 0 0
1833 -0.156909 -0.0088339 0.01 88 88 0 0 0
1854 -0.168953 -0.00894835 0.01 62 61 0 0 0
1860 -0.159816 -0.00846527 0.01 88 88 0 0 0
1904 -0.168953 -0.00894835 0.01 62 62 0 0 0
1905 -0.128086 -0.0089046 0.01 72 72 -0.00715578 0.0189142 0
1906 -0.155237 -0.00943418 0.01 72 72 0 0 0
1929 -0.156909 -0.0088339 0.01 90 90 0 0 0
1934 -0.15145 -0.00894835 0.01 62 62 0 0 0
1944 -0.168953 -0.00898312 0.01 61 61 0 0 0
1953 -0.156909 -0.0088339 0.01 89 89 0 0 0
1958 -0.187029 -0.00846597 0.01 72 72 0 0 0
1965 -0.168953 -0.00894835 0.01 61 61 0 0 0
1976 -0.155237 -0.0096137 0.01 72 72 0 0 0
1995 -0.168953 -0.00894835 0.01 61 63 0 0 0
2016 -0.168953 -0.00894835 0.01 60 61 0 0 0
2018 -0.148647 -0.00908064 0.01 72 72 0 0 0
2019 -0.156909 -0.0088339 0.01 89 88 0 0 0
2021 -0.168953 -0.00894835 0.01 61 61 0 0 0
2032 -0.168953 -0.00894835 0.01 62 62 0 0 0
2034 -0.166782 -0.00894835 0.01 62 62 0 0 0
2036 -0.156909 -0.0088339 0.01 89 89 0 0 0
2039 -0.151883 -0.00857376 0.01 72 72 0 0 0
2048 -0.168953 -0.00894835 0.01 61 61 0 0 0
2051 -0.118451 -0.00920884 0.01 72 71 0 0 0
2058 -0.159072 -0.00885364 0.01 72 72 0 0 0
2068 -0.168953 -0.00894835 0.01 61 61 0 0 0
2077 -0.111077 -0.00919364 0.01 61 61 0 0 0
2078 -0.164772 -0.00946487 0.01 72 72 0 0 0
2102 -0.165009 -0.00870668 0.01 88 88 0.0222379 -0.00809962 0
2106 -0.168953 -0.00894835 0.01 61 61 0 0 0
2112 -0.111077 -0.00919364 0.01 61 61 0 0 0
2116 -0.156909 -0.0088339 0.01 88 88 0 0 0
2122 -0.168388 -0.00894835 0.01 62 61 -6.4522e-06 0.000565365 0
2132 -0.168953 -0.00894835 0.01 61 61 0 0 0
2138 -0.111077 -0.00919364 0.01 61 61 0 0 0
2139 -0.154839 -0.00873387 0.01 72 72 0 0 0
2151 -0.155237 -0.0096137 0.01 72 71 0 0 0
2155 -0.168953 -0.00894835 0.01 60 60 0 0 0
2177 -0.169313 -0.0088339 0.01 88 88 0 0 0
2183 -0.174042 -0.00919755 0.01 62 62 0 0 0
2190 -0.156909 -0.00889482 0.01 88 88 0 0 0
2199 -0.159816 -0.0088339 0.01 88 88 0 0 0
2231 -0.155237 -0.00943418 0.01 72 71 0 0 0
2233 -0.168953 -0.00894835 0.01 61 61 0 0 0
2244 -0.162278 -0.0095461 0.01 72 72 0 0 0
2254 -0.160848 -0.00919755 0.01 61 61 0 0 0
2257 -0.180654 -0.00931903 0.01 72 72 0 0 0
2263 -0.156909 -0.0088339 0.01 88 87 0 0 0
2294 -0.155756 -0.00910352 0.01 72 72 0 0 0
2299 -0.155237 -0.00943418 0.01 72 72 0 0 0
2314 -0.168953 -0.00894835 0.01 62 62 0 0 0
2322 -0.156909 -0.0088339 0.01 88 88 0 0 0
2330 -0.156909 -0.0088339 0.01 89 89 0 0 0
2351 -0.167174 -0.00873579 0.01 72 72 0 0 0
2352 -0.156909 -0.0088339 0.01 89 89 0 0 0
2354 -0.187029 -0.00846597 0.01 72 72 0 0 0
2376 -0.168953 -0.00894835 0.01 62 62 0 0 0
2379 -0.168953 -0.00894835 0.01 62 61 0 0 0
2391 -0.165009 -0.00870668 0.01 89 88 0 0 0
2398 -0.156909 -0.0088339 0.01 88 88 0 0 0
2399 -0.155237 -0.00945845 0.01 72 72 0 0 0
2414 -0.165732 -0.00931903 0.01 72 72 0 0 0
2415 -0.168953 -0.00894835 0.01 62 63 0 0 0
2437 -0.164772 -0.00946487 0.01 72 72 0 0 0
2440 -0.156909 -0.0088339 0.01 88 88 0 0 0
2444 -0.160848 -0.00919755 0.01 61 61 0 0 0
2455 -0.15473 -0.00944474 0.01 72 72 0 0 0
2467 -0.168964 -0.00894835 0.01 62 62 0 0 0
2478 -0.15473 -0.00944474 0.01 72 72 0 0 0
2479 -0.166782 -0.00894835 0.01 62 62 0 0 0
2484 -0.160848 -0.00919755 0.01 61 61 0 0 0
2491 -0.164182 -0.00829919 0.01 72 73 0 0 0
2500 -0.160848 -0.00919755 0.01 62 63 0 0 0
2526 -0.159663 -0.00836183 0.01 72 72 0 0 0
2527 -0.168953 -0.00894835 0.01 62 62 0 0 0
2529 -0.134926 -0.00860139 0.01 72 72 0 0 0
2537 -0.160848 -0.00919755 0.01 62 62 0 0 0
2539 -0.168953 -0.00894835 0.01 62 62 0 0 0
2545 -0.164772 -0.00946487 0.01 72 72 0 0 0
2546 -0.169358 -0.00836183 0.01 72 72 0 0 0
2550 -0.149133 -0.00922687 0.01 72 72 0 0 0
2561 -0.158024 -0.0095181 0.01 72 72 0 0 0
2583 -0.168953 -0.00888553 0.01 60 60 0 0 6.28214e-05
2612 -0.165374 -0.009062 0.01 72 69 0 0 0
2627 -0.156909 -0.0088339 0.01 88 88 0 0 0
2628 -0.156909 -0.0088339 0.01 90 90 0 0 0
2646 -0.159663 -0.00836183 0.01 72 72 0 0 0
2651 -0.168953 -0.00894835 0.01 60 60 0 0 0
2652 -0.168953 -0.00894835 0.01 61 61 0 0 0
2657 -0.156909 -0.0088339 0.01 88 87 0 0 0
2667 -0.156909 -0.0088339 0.01 88 88 0 0 0
2670 -0.168953 -0.00894835 0.01 61 61 0 0 0
2674 -0.143879 -0.0097119 0.01 72 72 0 0 0
2688 -0.180654 -0.00931903 0.01 72 72 0 0 0
2689 -0.168953 -0.00894835 0.01 61 61 0 0 0
2690 -0.168953 -0.00894835 0.01 61 61 0 0 0
2699 -0.156909 -0.00889482 0.01 88 88 0 0 0
2718 -0.176826 -0.0086936 0.01 61 62 0 0 0
2720 -0.156909 -0.0088339 0.01 89 89 0 0 0
2737 -0.156909 -0.0088339 0.01 88 88 0 0 0
2745 -0.168953 -0.00894835 0.01 62 62 0 0 0
2749 -0.168953 -0.00894835 0.01 61 61 0 0 0
2768 -0.145898 -0.00877083 0.01 72 72 0 0 0
2773 -0.156909 -0.0088339 0.01 88 88 0 0 0
2774 -0.156909 -0.0088339 0.01 88 87 0 0 0
2785 -0.159816 -0.00846527 0.01 88 88 0 0 0
2786 -0.168964 -0.00894835 0.01 62 62 0 0 0
2792 -0.111077 -0.00919364 0.01 61 61 0 0 0
2794 -0.155237 -0.00967094 0.01 72 72 0 0 0
2801 -0.156909 -0.0088339 0.01 88 88 0 0 0
2809 -0.168953 -0.00894835 0.01 62 63 0 0 0
2820 -0.111077 -0.00919364 0.01 61 61 0 0 0
2821 -0.168953 -0.0086936 0.01 62 62 0 0 0
2831 -0.168953 -0.00894835 0.01 62 62 0 0 0
2838 -0.15145 -0.00894835 0.01 62 62 0 0 0
2868 -0.156909 -0.0088339 0.01 89 89 0 0 0
2872 -0.158712 -0.00884437 0.01 72 72 0 0 0
2874 -0.168953 -0.00894835 0.01 60 61 0 0 0
2878 -0.168953 -0.0086936 0.01 60 60 0 0 0
2881 -0.168671 -0.00836183 0.01 72 72 -0.000742823 0.00790145 0
2893 -0.156909 -0.0088339 0.01 88 88 0 0 0
2944 -0.136364 -0.00923663 0.01 72 73 0 0 0
2945 -0.168953 -0.00891865 0.01 61 61 0 0 0
2948 -0.159663 -0.00836183 0.01 72 72 0 0 0
2958 -0.15473 -0.00944474 0.01 72 72 0 0 0
2959 -0.168953 -0.0086936 0.01 62 62 0 0 0
2969 -0.168953 -0.0086936 0.01 62 62 0 0 0
2979 -0.176826 -0.0086936 0.01 62 62 0 0 0
2980 -0.156909 -0.0088339 0.01 88 88 0 0 0
2983 -0.156909 -0.0088339 0.01 90 90 0 0 0
2987 -0.156909 -0.00840893 0.01 72 72 0 0 0
3003 -0.111077 -0.00919364 0.01 60 61 0 0 0
3011 -0.168953 -0.00894835 0.01 61 61 0 0 0
3018 -0.133856 -0.00882816 0.01 72 72 0 0 0
3034 -0.156909 -0.0088339 0.01 90 90 0 0 0
3043 -0.176826 -0.0086936 0.01 62 62 0 0 0
3047 -0.145297 -0.00956099 0.01 72 72 0 0 0
3057 -0.156909 -0.0088339 0.01 89 89 0 0 0
3062 -0.168953 -0.00894835 0.01 62 62 0 0 0
3092 -0.168953 -0.0086936 0.01 62 63 0 0 0
3095 -0.160848 -0.00919755 0.01 61 61 0 0 0
3107 -0.136966 -0.00884543 0.01 72 72 0 0 0
3123 -0.155237 -0.0096137 0.01 72 72 0 0 0
3129 -0.156909 -0.0088339 0.01 88 88 0 0 0
3143 -0.178653 -0.00895544 0.01 72 73 0 0 0
3146 -0.156909 -0.0088339 0.01 88 88 0 0 0
3155 -0.136966 -0.00884543 0.01 72 72 0 0 0
3156 -0.187029 -0.00846597 0.01 72 72 0 0 0
3160 -0.156909 -0.0088339 0.01 88 88 0 0 0
3185 -0.149133 -0.00922687 0.01 72 72 0 0 0
3206 -0.156909 -0.0088339 0.01 88 88 0 0 0
3210 -0.156909 -0.0088339 0.01 88 87 0 0 0
3221 -0.111077 -0.00918925 0.01 60 60 0 0 0
3228 -0.15145 -0.00894835 0.01 62 62 0 0 0
3232 -0.134827 -0.00944474 0.01 72 72 0 0 0
3239 -0.176826 -0.0086936 0.01 62 62 0 0 0
3250 -0.156909 -0.0088339 0.01 88 87 0 0 0
3253 -0.155237 -0.0096137 0.01 72 72 0 0 0
3258 -0.147 -0.0089046 0.01 72 73 0 0 0
3260 -0.159816 -0.00846527 0.01 88 88 0 0 0
3261 -0.168953 -0.00894835 0.01 62 62 0 0 0
3264 -0.165396 -0.00985104 0.01 72 72 -0.000463724 0.00288528 0
3267 -0.142349 -0.00874555 0.01 72 72 0 0 0
3268 -0.15311 -0.00894902 0.01 72 72 0 0 0
3276 -0.160848 -0.00919755 0.01 61 61 0 0 0
3292 -0.168964 -0.00894835 0.01 62 62 0 0 0
3303 -0.168964 -0.00894835 0.01 62 62 0 0 0
3304 -0.168953 -0.0086936 0.01 62 62 0 0 0
3318 -0.167174 -0.00873579 0.01 72 72 0 0 0
3333 -0.111077 -0.00919364 0.01 61 61 0 0 0
3341 -0.156909 -0.0088339 0.01 88 88 0 0 0
3344 -0.169313 -0.0088339 0.01 88 88 0 0 0
3348 -0.156909 -0.0088339 0.01 88 88 0 0 0
3352 -0.160848 -0.00919755 0.01 61 61 0 0 0
3360 -0.168953 -0.00894835 0.01 62 62 0 0 0
3368 -0.156909 -0.0088339 0.01 88 88 0 0 0
3387 -0.168953 -0.00894835 0.01 60 60 0 0 0
3388 -0.168964 -0.00894835 0.01 62 62 0 0 0
3392 -0.156909 -0.0088339 0.01 88 88 0 0 0
3394 -0.180654 -0.00931903 0.01 72 72 0 0 0
3403 -0.169313 -0.0088339 0.01 88 88 0 0 0
3406 -0.156909 -0.0088339 0.01 88 88 0 0 0
3416 -0.165732 -0.00931903 0.01 72 72 0 0 0
3421 -0.15311 -0.00894902 0.01 72 72 0 0 0
3431 -0.156909 -0.0088339 0.01 88 88 0 0 0
3435 -0.168953 -0.00894835 0.01 62 62 0 0 0
3442 -0.156909 -0.0088339 0.01 90 90 0 0 0
3450 -0.156909 -0.0088339 0.01 88 88 0 0 0
3475 -0.15473 -0.00944474 0.01 72 72 0 0 0
3476 -0.168953 -0.00893697 0.01 62 62 0 0 0
3479 -0.14453 -0.0088339 0.01 88 88 0 0 0
3483 -0.168953 -0.00891865 0.01 61 61 0 0 0
3487 -0.156909 -0.0088339 0.01 89 89 0 0 0
3524 -0.156909 -0.0088339 0.01 88 88 0 0 0
3534 -0.136966 -0.00884543 0.01 72 72 0 0 0
3545 -0.147549 -0.00885364 0.01 72 72 0 0 0
3546 -0.168953 -0.00894835 0.01 62 62 0 0 0
3551 -0.156909 -0.0088339 0.01 88 88 0 0 0
3553 -0.165732 -0.00931903 0.01 72 72 0 0 0
3556 -0.155237 -0.00980909 0.01 72 72 0 0 0
3585 -0.168953 -0.0086936 0.01 62 62 0 0 0
3597 -0.156909 -0.0088339 0.01 88 88 0 0 0
3598 -0.156909 -0.0088339 0.01 89 89 0 0 0
3607 -0.187006 -0.00919755 0.01 62 63 0.000401542 -0.0261573 0
3608 -0.180521 -0.00846597 0.01 72 72 0 0 0
3609 -0.149133 -0.00922687 0.01 72 72 0 0 0
3616 -0.120637 -0.00908064 0.01 72 72 0 0 0
3622 -0.180654 -0.00941002 0.01 72 71 0 0 0
3627 -0.156909 -0.0088339 0.01 89 89 0 0 0
3630 -0.15311 -0.00894902 0.01 72 72 0 0 0
3639 -0.159663 -0.00836183 0.01 72 73 0 0 0
3646 -0.145898 -0.00877083 0.01 72 72 0 0 0
3648 -0.156909 -0.00878323 0.01 72 72 0 0 0
3654 -0.168953 -0.00894835 0.01 62 62 0 0 0
3663 -0.155237 -0.00895811 0.01 72 73 0 0 0
3664 -0.158024 -0.0095181 0.01 72 72 0 0 0
3666 -0.162278 -0.0095461 0.01 72 72 0 0 0
3674 -0.156909 -0.0088339 0.01 88 88 0 0 0
3687 -0.168953 -0.00889695 0.01 62 62 7.30157e-07 0 5.13988e-05
3718 -0.156909 -0.0088339 0.01 88 88 0 0 0
3719 -0.168953 -0.00894835 0.01 61 61 0 0 0
3720 -0.156909 -0.0088339 0.01 89 89 0 0 0
3724 -0.171286 -0.00943418 0.01 72 72 0 0 0
3731 -0.176742 -0.00991864 0.01 72 72 0 0 0
3750 -0.156909 -0.0088339 0.01 88 88 0 0 0
3762 -0.168953 -0.0086936 0.01 60 60 0 0 0
3767 -0.111077 -0.00919364 0.01 61 61 0 0 0
3768 -0.156909 -0.0088339 0.01 89 89 0 0 0
3782 -0.156909 -0.00870668 0.01 88 87 0.00459251 0 0.000127218
3786 -0.16188 -0.00895085 0.01 72 72 0 0 0
3801 -0.143879 -0.0097119 0.01 72 72 0 0 0
3807 -0.169313 -0.0088339 0.01 88 88 0 0 0
3813 -0.160848 -0.00919755 0.01 61 61 0 0 0
3815 -0.156909 -0.0088339 0.01 88 88 0 0 0
3840 -0.174042 -0.00919755 0.01 62 62 0 0 0
3841 -0.160848 -0.00919755 0.01 62 62 0 0 0
3846 -0.168953 -0.00894835 0.01 61 61 0 0 0
3852 -0.156909 -0.0088339 0.01 88 88 0 0 0
3857 -0.156909 -0.0088339 0.01 89 89 0 0 0
3863 -0.156909 -0.00889482 0.01 88 88 0 0 0
3864 -0.172315 -0.00867972 0.01 72 72 0 0 0
3872 -0.168953 -0.00894835 0.01 62 62 0 0 0
3877 -0.156909 -0.0088339 0.01 88 88 0 0 0
3888 -0.169313 -0.0088339 0.01 88 88 0 0 0
3902 -0.156909 -0.0088339 0.01 88 88 0 0 0
3904 -0.134926 -0.0085089 0.01 72 72 0 0 0
3906 -0.168953 -0.00894835 0.01 62 63 0 0 0
3910 -0.168964 -0.00894835 0.01 62 62 0 0 0
3914 -0.156909 -0.0088339 0.01 89 89 0 0 0
3915 -0.168953 -0.00880713 0.01 61 61 8.04663e-07 0 0.000141215
3916 -0.156909 -0.00878323 0.01 72 72 0 0 0
3940 -0.145898 -0.00877083 0.01 72 72 0 0 0
3944 -0.168953 -0.00894835 0.01 60 60 0 0 0
3959 -0.167301 -0.0088339 0.01 88 88 0 0 0
3963 -0.156909 -0.0088339 0.01 89 89 0 0 0
3967 -0.168953 -0.00894835 0.01 62 62 0 0 0
3968 -0.173545 -0.00890726 0.01 72 72 0 0 0
3981 -0.168953 -0.00894835 0.01 61 61 0 0 0
3985 -0.133079 -0.0095607 0.01 72 71 0 0 0
3989 -0.151883 -0.00857376 0.01 72 72 0 0 0
4019 -0.137564 -0.00908064 0.01 72 71 0 0 0
4023 -0.158024 -0.0095181 0.01 72 72 0 0 0
4030 -0.165732 -0.00931903 0.01 72 72 0 0 0
4034 -0.161428 -0.00943418 0.01 72 72 0 0 0
4045 -0.167301 -0.00919755 0.01 61 61 8.8349e-05 -0.00645252 0
4046 -0.1618 -0.00851844 0.01 72 72 0 0 0
4054 -0.187029 -0.00846597 0.01 72 72 0 0 0
4055 -0.168953 -0.00894835 0.01 61 63 0 0 0
4060 -0.168953 -0.00894835 0.01 61 62 0 0 0
4072 -0.168953 -0.0086936 0.01 62 62 0 0 0
4100 -0.160848 -0.00919755 0.01 62 63 0 0 0
4114 -0.151819 -0.00896594 0.01 62 62 0 0 0
4126 -0.159072 -0.00885364 0.01 72 72 0 0 0
4134 -0.15473 -0.00944474 0.01 72 72 0 0 0
4144 -0.156909 -0.0088339 0.01 88 87 0 0 0
4157 -0.168953 -0.00894835 0.01 60 62 0 0 0
4172 -0.168953 -0.00894835 0.01 61 61 0 0 0
4192 -0.170767 -0.00919909 0.01 72 72 -0.000219047 0 -0.000313119
4202 -0.111077 -0.00919364 0.01 61 61 0 0 0
4216 -0.156909 -0.0088339 0.01 88 88 0 0 0
4220 -0.169313 -0.0088339 0.01 88 87 0 0 0
4237 -0.168964 -0.00894835 0.01 61 62 0 0 0
4249 -0.169313 -0.00897276 0.01 89 88 0 0 0
4278 -0.151522 -0.0088339 0.01 88 88 0 0 0
4279 -0.134827 -0.00944474 0.01 72 72 0 0 0
4289 -0.111077 -0.00919364 0.01 62 62 0 0 0
4293 -0.167174 -0.00873579 0.01 72 72 0 0 0
4305 -0.156909 -0.0088339 0.01 88 88 0 0 0
4309 -0.156909 -0.0088339 0.01 88 88 0 0 0
4313 -0.148647 -0.00908064 0.01 72 72 0 0 0
4314 -0.135634 -0.00880732 0.01 72 71 0 0 0
4316 -0.156617 -0.00877525 0.01 72 72 0 0 0
4317 -0.156909 -0.0088339 0.01 89 89 0 0 0
4322 -0.156909 -0.0088339 0.01 89 89 0 0 0
4323 -0.168953 -0.00894835 0.01 62 62 0 0 0
4327 -0.168953 -0.0086936 0.01 62 61 0 0 0
4337 -0.159663 -0.00836183 0.01 72 72 0 0 0
4356 -0.176573 -0.00836183 0.01 72 72 0 0 0
4358 -0.168953 -0.00894835 0.01 61 61 0 0 0
4369 -0.168953 -0.00894835 0.01 62 62 0 0 0
4373 -0.168953 -0.00894835 0.01 61 61 0 0 0
4389 -0.168281 -0.00985104 0.01 72 72 0 0 0
4390 -0.168953 -0.00894835 0.01 62 62 0 0 0
4394 -0.156909 -0.0088339 0.01 88 88 0 0 0
4395 -0.168964 -0.00894835 0.01 62 62 0 0 0
4405 -0.167174 -0.00873579 0.01 72 72 0 0 0
4406 -0.168953 -0.00891865 0.01 62 62 0 0 0
4408 -0.168953 -0.00894835 0.01 60 60 0 0 0
4410 -0.168953 -0.00894835 0.01 60 60 0 0 0
4413 -0.156909 -0.0088339 0.01 88 88 0 0 0
4419 -0.168953 -0.00894835 0.01 62 62 0 0 0
4427 -0.176573 -0.00836183 0.01 72 71 0 0 0
4428 -0.156909 -0.0088339 0.01 88 88 0 0 0
4435 -0.156909 -0.0088339 0.01 88 88 0 0 0
4481 -0.111077 -0.00919364 0.01 60 61 0 0 0
4486 -0.155449 -0.00967094 0.01 72 72 0 0 0
4487 -0.160848 -0.00919755 0.01 61 61 0 0 0
4488 -0.177251 -0.00878619 0.01 72 73 0 0 0
4490 -0.160848 -0.00919755 0.01 62 62 0 0 0
4501 -0.155237 -0.00943418 0.01 72 72 0 0 0
4506 -0.168953 -0.00894835 0.01 61 61 0 0 0
4530 -0.168953 -0.00894835 0.01 61 61 0 0 0
4540 -0.156909 -0.0088339 0.01 88 88 0 0 0
4542 -0.155237 -0.00943418 0.01 72 72 0 0 0
4554 -0.168953 -0.00894835 0.01 61 61 0 0 0
4558 -0.168953 -0.00894835 0.01 61 61 0 0 0
4559 -0.168953 -0.00894835 0.01 60 60 0 0 0
4566 -0.143435 -0.00923663 0.01 72 72 0 0 0
4572 -0.167174 -0.00873579 0.01 72 72 0 0 0
4581 -0.168953 -0.00894835 0.01 61 61 0 0 0
4600 -0.164866 -0.00985104 0.01 72 71 -0.000442415 0.00341487 0
4607 -0.168953 -0.00894835 0.01 62 62 0 0 0
4608 -0.169313 -0.0088339 0.01 88 88 0 0 0
4655 -0.156909 -0.0088339 0.01 88 88 0 0 0
4660 -0.156909 -0.0088339 0.01 88 88 0 0 0
4662 -0.169313 -0.0088339 0.01 88 88 0 0 0
4670 -0.168953 -0.00894835 0.01 62 62 0 0 0
4675 -0.155372 -0.0088339 0.01 88 88 -0.00484771 0.00153656 0
4684 -0.15473 -0.00944474 0.01 72 72 0 0 0
4688 -0.168964 -0.00894835 0.01 62 62 0 0 0
4697 -0.151819 -0.00894835 0.01 62 62 0 0 0
4699 -0.160848 -0.00919755 0.01 61 61 0 0 0
4701 -0.160848 -0.00919755 0.01 62 63 0 0 0
4702 -0.168953 -0.00894835 0.01 62 62 0 0 0
4719 -0.160848 -0.00919755 0.01 61 61 0 0 0
4722 -0.145297 -0.00956099 0.01 72 72 0 0 0
4734 -0.156617 -0.00877525 0.01 72 72 0 0 0
4735 -0.168953 -0.00894835 0.01 62 62 0 0 0
4737 -0.133856 -0.00882816 0.01 72 72 0 0 0
4744 -0.162278 -0.0095461 0.01 72 72 0 0 0
4746 -0.151819 -0.00894835 0.01 62 62 0 0 0
4747 -0.145297 -0.00956099 0.01 72 72 0 0 0
4752 -0.160848 -0.00919755 0.01 61 61 0 0 0
4753 -0.180654 -0.00941002 0.01 72 72 0 0 0
4761 -0.168953 -0.00894835 0.01 60 60 0 0 0
4773 -0.168953 -0.00894835 0.01 62 62 0 0 0
4776 -0.168953 -0.00894835 0.01 61 61 0 0 0
4778 -0.143435 -0.00923663 0.01 72 72 0 0 0
4796 -0.149525 -0.00919755 0.01 61 61 0 0 0
4816 -0.160848 -0.00919755 0.01 62 62 0 0 0
4819 -0.156909 -0.0088339 0.01 89 89 0 0 0
4829 -0.145898 -0.00877083 0.01 72 72 0 0 0
4832 -0.156909 -0.0088339 0.01 88 88 0 0 0
4837 -0.156909 -0.0088339 0.01 89 89 0 0 0
4838 -0.156909 -0.0088339 0.01 88 88 0 0 0
4839 -0.161428 -0.00943418 0.01 72 72 0 0 0
4861 -0.156909 -0.0088339 0.01 89 89 0 0 0
4863 -0.168953 -0.00894835 0.01 62 62 0 0 0
4866 -0.145297 -0.00956099 0.01 72 72 0 0 0
4882 -0.168281 -0.00985104 0.01 72 72 0 0 0
4890 -0.156909 -0.00866832 0.01 89 89 0 0 0
4896 -0.168953 -0.00894835 0.01 62 62 0 0 0
4915 -0.168953 -0.00894835 0.01 61 61 0 0 0
4932 -0.135812 -0.0086354 0.01 72 72 0 0 0
4933 -0.156909 -0.0088339 0.01 88 88 0 0 0
4938 -0.156909 -0.0088339 0.01 88 88 0 0 0
4944 -0.176573 -0.00836183 0.01 72 72 0 0 0
4953 -0.168388 -0.00894835 0.01 62 62 0 0 0
4956 -0.156909 -0.0088339 0.01 88 88 0 0 0
4961 -0.168953 -0.00894835 0.01 61 61 0 0 0
4982 -0.168953 -0.00894835 0.01 62 62 0 0 0
4987 -0.174042 -0.00919755 0.01 62 62 0 0 0
4998 -0.156909 -0.00867128 0.01 88 88 0 0 0
5000 -0.111077 -0.00918925 0.01 61 61 0 0 0
5012 -0.156909 -0.0088339 0.01 88 88 0 0 0
5048 -0.145898 -0.00877083 0.01 72 71 0 0 0
5049 -0.156909 -0.0088339 0.01 90 89 0 0 0
5054 -0.156909 -0.0088339 0.01 89 89 0 0 0
5062 -0.187029 -0.00846597 0.01 72 72 0 0 0
5070 -0.180654 -0.00931903 0.01 72 72 0 0 0
5076 -0.168953 -0.00894835 0.01 62 62 0 0 0
5086 -0.165374 -0.009062 0.01 72 71 0 0 0
5091 -0.127335 -0.0082189 0.01 72 72 0 0 0
5108 -0.145297 -0.00956099 0.01 72 72 0 0 0
5121 -0.160848 -0.00919755 0.01 62 62 0 0 0
5126 -0.168953 -0.00894835 0.01 60 60 0 0 0
5132 -0.156909 -0.0088339 0.01 89 89 0 0 0
5142 -0.151819 -0.00894835 0.01 62 62 0 0 0
5148 -0.180654 -0.00931903 0.01 72 72 0 0 0
5170 -0.156909 -0.0088339 0.01 88 88 0 0 0
5174 -0.156909 -0.0088339 0.01 89 87 0 0 0
5177 -0.155237 -0.00943418 0.01 72 72 0 0 0
5200 -0.180531 -0.00846597 0.01 72 72 0 0 0
5201 -0.156909 -0.0088339 0.01 88 88 0 0 0
5203 -0.13752 -0.00944474 0.01 72 72 0 0 0
5221 -0.156909 -0.0088339 0.01 88 88 0 0 0
5233 -0.168964 -0.00894835 0.01 62 62 0 0 0
5239 -0.168953 -0.00894835 0.01 61 61 0 0 0
5247 -0.168953 -0.00891651 0.01 61 61 0 0 0
5251 -0.156909 -0.0088339 0.01 88 88 0 0 0
5256 -0.160848 -0.00919755 0.01 61 62 0 0 0
5275 -0.169358 -0.00836183 0.01 72 72 0 0 0
5276 -0.15829 -0.00894835 0.01 62 62 0 0 0
5279 -0.176573 -0.00836183 0.01 72 72 0 0 0
5285 -0.156909 -0.0088339 0.01 89 89 0 0 0
5286 -0.134926 -0.00860139 0.01 72 72 0 0 0
5312 -0.168953 -0.00894835 0.01 62 62 0 0 0
5318 -0.158945 -0.00936344 0.01 72 72 0 0 0
5321 -0.168953 -0.00894835 0.01 61 61 0 0 0
5322 -0.178137 -0.00868191 0.01 72 72 0 0 0
5329 -0.156909 -0.0088339 0.01 88 88 0 0 0
5330 -0.153637 -0.00868191 0.01 72 73 0 0 0
5333 -0.15473 -0.00944474 0.01 72 72 0 0 0
5334 -0.168953 -0.00891651 0.01 61 61 0 0 0
5342 -0.168953 -0.00894835 0.01 62 62 0 0 0
5371 -0.156909 -0.0088339 0.01 89 89 0 0 0
5382 -0.151883 -0.00846469 0.01 72 72 0.000135258 0 0.000109075
5386 -0.156909 -0.0088339 0.01 88 88 0 0 0
5388 -0.145898 -0.00877083 0.01 72 72 0 0 0
5390 -0.168964 -0.00894835 0.01 62 62 0 0 0
5393 -0.173545 -0.00890726 0.01 72 72 0 0 0
5412 -0.169313 -0.0088339 0.01 88 88 0 0 0
5416 -0.168953 -0.00891651 0.01 62 62 0 0 0
5428 -0.156909 -0.0088339 0.01 88 88 0 0 0
5468 -0.155237 -0.0096137 0.01 72 72 0 0 0
5474 -0.160848 -0.00919755 0.01 62 62 0 0 0
5478 -0.156909 -0.0088339 0.01 90 90 0 0 0
5483 -0.160223 -0.00943418 0.01 72 72 -0.0003566 0.00198165 0
5502 -0.165374 -0.00892474 0.01 72 71 0 0 0
5524 -0.168953 -0.0086936 0.01 62 62 0 0 0
5543 -0.156909 -0.0088339 0.01 88 88 0 0 0
5544 -0.14453 -0.0088339 0.01 88 88 0 0 0
5550 -0.149133 -0.00922687 0.01 72 72 0 0 0
5552 -0.168953 -0.00894835 0.01 61 61 0 0 0
5556 -0.156909 -0.0088339 0.01 88 88 0 0 0
5577 -0.155237 -0.0096137 0.01 72 72 0 0 0
5586 -0.167174 -0.00873579 0.01 72 72 0 0 0
5587 -0.180654 -0.00931903 0.01 72 72 0 0 0
5592 -0.168953 -0.00894835 0.01 61 61 0 0 0
5598 -0.150607 -0.00887607 0.01 89 89 0 0 0
5602 -0.156909 -0.0088339 0.01 88 88 0 0 0
5607 -0.160848 -0.00919755 0.01 62 62 0 0 0
5608 -0.168953 -0.00894835 0.01 62 62 0 0 0
5610 -0.187488 -0.00894835 0.01 72 73 0 0 0
5629 -0.111077 -0.00919364 0.01 61 61 0 0 0
5633 -0.148647 -0.00908064 0.01 72 72 0 0 0
5645 -0.168953 -0.0086936 0.01 60 60 0 0 0
5662 -0.156909 -0.0088339 0.01 88 88 0 0 0
5683 -0.166782 -0.00894835 0.01 62 62 0 0 0
5689 -0.155237 -0.00943418 0.01 72 72 0 0 0
5695 -0.160223 -0.00943418 0.01 72 72 0 0 0
5710 -0.168953 -0.00894835 0.01 62 62 0 0 0
5720 -0.168953 -0.00894835 0.01 61 61 0 0 0
5748 -0.14453 -0.0088339 0.01 88 88 0 0 0
5763 -0.156909 -0.0088339 0.01 89 89 0 0 0
5770 -0.168953 -0.00894835 0.01 62 62 0 0 0
5773 -0.156909 -0.00887607 0.01 89 89 0 0 0
5776 -0.156909 -0.0088339 0.01 90 90 0 0 0
5781 -0.151819 -0.00894835 0.01 62 62 0 0 0
5786 -0.132217 -0.00821065 0.01 72 71 0 0 0
5807 -0.168953 -0.00894835 0.01 61 61 0 0 0
5809 -0.167174 -0.00873579 0.01 72 72 0 0 0
5820 -0.151819 -0.00896594 0.01 62 62 -4.76837e-07 0 -1.75964e-05
5827 -0.168953 -0.00894835 0.01 62 62 0 0 0
5830 -0.155237 -0.00943418 0.01 72 72 0 0 0
5832 -0.154839 -0.00873387 0.01 72 72 0 0 0
5839 -0.168953 -0.00894835 0.01 61 61 0 0 0
5850 -0.14198 -0.00902684 0.01 72 72 0.00241591 -0.00976332 -0.000532079
5859 -0.168964 -0.00894835 0.01 62 62 0 0 0
5865 -0.165133 -0.0095461 0.01 72 72 0 0 0
5868 -0.156909 -0.00866832 0.01 89 89 0.00824216 0 0.000165583
5876 -0.156909 -0.0088339 0.01 88 88 0 0 0
5893 -0.168953 -0.00894835 0.01 62 62 0 0 0
5909 -0.168953 -0.00894835 0.01 62 62 0 0 0
5911 -0.168953 -0.00894835 0.01 62 62 0 0 0
5916 -0.143879 -0.00967094 0.01 72 72 0 0 0
5930 -0.159816 -0.00829311 0.01 88 88 0.00610709 0 0.000172154
5940 -0.138371 -0.00944474 0.01 72 72 0 0 0
5942 -0.168953 -0.00894835 0.01 62 62 0 0 0
5944 -0.168953 -0.00894835 0.01 62 62 0 0 0
5953 -0.128524 -0.00902398 0.01 72 72 0 0 0
5972 -0.15291 -0.00873387 0.01 72 72 -0.000388771 0.00192899 0
5973 -0.153837 -0.0088339 0.01 88 88 -0.00983539 0.00307153 0
5974 -0.111077 -0.00919364 0.01 62 62 0 0 0
5975 -0.156909 -0.0088339 0.01 88 88 0 0 0
6001 -0.149133 -0.00922687 0.01 72 72 0 0 0
6002 -0.168953 -0.00894835 0.01 60 60 0 0 0
6004 -0.169313 -0.0088339 0.01 88 88 0 0 0
6022 -0.156909 -0.0088339 0.01 90 88 0 0 0
6031 -0.156909 -0.00889482 0.01 88 88 0 0 0
6032 -0.157166 -0.00945845 0.01 72 72 0 0 0
6042 -0.156909 -0.0088339 0.01 88 88 0 0 0
6057 -0.156909 -0.0088339 0.01 88 88 0 0 0
6060 -0.16188 -0.00895085 0.01 72 72 0 0 0
6074 -0.168953 -0.00888553 0.01 60 60 0 0 0
6088 -0.15016 -0.00885364 0.01 72 73 0 0 0
6092 -0.168953 -0.0086936 0.01 60 60 0 0 0
6097 -0.132217 -0.00821065 0.01 72 72 0 0 0
6100 -0.160848 -0.00919755 0.01 61 61 0 0 0
6106 -0.158024 -0.0095181 0.01 72 72 0 0 0
6108 -0.168953 -0.00894835 0.01 61 61 0 0 0
6118 -0.174817 -0.0089621 0.01 72 72 0 0 0
6120 -0.168953 -0.00894835 0.01 61 61 0 0 0
6123 -0.187488 -0.00894835 0.01 72 72 0 0 0
6136 -0.168953 -0.00894835 0.01 61 61 0 0 0
6140 -0.128086 -0.0089046 0.01 72 72 0 0 0
6153 -0.170767 -0.00888597 0.01 72 72 0 0 0
6162 -0.168281 -0.00985104 0.01 72 72 0 0 0
6166 -0.142349 -0.00874555 0.01 72 72 0 0 0
6177 -0.168953 -0.00894835 0.01 62 62 0 0 0
6193 -0.156909 -0.00889482 0.01 88 88 0 0 0
6194 -0.172315 -0.00867972 0.01 72 72 0 0 0
6215 -0.143879 -0.0097119 0.01 72 72 0 0 0
6234 -0.111077 -0.00919364 0.01 61 62 0 0 0
6247 -0.156909 -0.0088339 0.01 88 88 0 0 0
6273 -0.168964 -0.00894835 0.01 62 62 0 0 0
6275 -0.156909 -0.0088339 0.01 88 89 0 0 0
6277 -0.168964 -0.00894835 0.01 62 62 0 0 0
6295 -0.176826 -0.0086936 0.01 62 62 9.48608e-05 -0.00787295 0
6298 -0.134827 -0.00944474 0.01 72 72 0 0 0
6305 -0.162278 -0.0095461 0.01 72 72 0 0 0
6307 -0.159816 -0.0088339 0.01 88 88 0 0 0
6309 -0.152555 -0.00888197 0.01 72 72 0 0 0
6317 -0.135634 -0.00880732 0.01 72 71 -0.00343582 0.013499 0
6323 -0.111077 -0.00919364 0.01 62 61 0 0 0
6327 -0.168953 -0.00894835 0.01 62 62 0 0 0
6328 -0.172315 -0.00867972 0.01 72 72 0 0 0
6329 -0.156909 -0.0088339 0.01 89 88 0 0 0
6369 -0.156909 -0.00867128 0.01 88 88 0 0 0
6378 -0.14395 -0.00943381 0.01 72 72 0 0 0
6381 -0.156909 -0.0088339 0.01 88 88 0 0 0
6388 -0.174042 -0.00919755 0.01 62 62 0 0 0
6396 -0.166782 -0.00894835 0.01 62 62 0 0 0
6398 -0.111077 -0.00919364 0.01 61 61 0 0 0
6429 -0.134926 -0.00897936 0.01 72 73 0 0 0
6430 -0.168953 -0.00894835 0.01 61 61 0 0 0
6437 -0.156909 -0.0088339 0.01 88 88 0 0 0
6443 -0.168953 -0.00894835 0.01 62 62 0 0 0
6467 -0.156909 -0.0088339 0.01 89 89 0 0 0
6469 -0.168953 -0.00894835 0.01 61 61 0 0 0
6475 -0.111077 -0.00919364 0.01 61 61 0 0 0
6476 -0.168953 -0.00894835 0.01 61 61 0 0 0
6477 -0.166782 -0.00894835 0.01 62 62 0 0 0
6481 -0.156909 -0.0088339 0.01 88 88 0 0 0
6485 -0.174042 -0.00919755 0.01 62 62 0 0 0
6497 -0.165732 -0.00931903 0.01 72 71 0 0 0
6498 -0.168953 -0.00894835 0.01 62 62 0 0 0
6511 -0.135812 -0.0086354 0.01 72 71 0 0 0
6513 -0.168953 -0.00894835 0.01 62 62 0 0 0
6529 -0.155449 -0.00967094 0.01 72 72 0 0 0
6543 -0.156909 -0.0088339 0.01 88 88 0 0 0
6552 -0.156909 -0.0088339 0.01 89 89 0 0 0
6555 -0.151819 -0.00894835 0.01 62 62 0 0 0
6556 -0.136364 -0.00910352 0.01 72 73 0 0 0
6559 -0.156909 -0.00865095 0.01 88 86 0 0 0
6563 -0.164772 -0.00946487 0.01 72 72 0 0 0
6572 -0.168953 -0.00894835 0.01 61 61 0 0 0
6577 -0.156909 -0.0088339 0.01 88 88 0 0 0
6579 -0.168953 -0.00894835 0.01 61 61 0 0 0
6592 -0.111077 -0.00919364 0.01 61 61 0 0 0
6594 -0.166782 -0.00894835 0.01 62 62 0 0 0
6598 -0.142349 -0.00874555 0.01 72 72 0 0 0
6599 -0.118451 -0.00903163 0.01 72 71 0 0 0
6612 -0.156909 -0.0088339 0.01 88 88 0 0 0
6623 -0.187029 -0.00846597 0.01 72 72 0 0 0
6628 -0.145898 -0.00877083 0.01 72 72 0 0 0
6659 -0.168953 -0.00891651 0.01 62 62 0 0 0
6666 -0.156909 -0.0088339 0.01 88 87 0 0 0
6682 -0.168953 -0.00894835 0.01 61 61 0 0 0
6687 -0.156909 -0.0088339 0.01 89 89 0 0 0
6688 -0.168953 -0.00894835 0.01 62 62 0 0 0
6701 -0.168953 -0.00891865 0.01 62 62 0 0 0
6717 -0.143879 -0.00967094 0.01 72 72 0 0 0
6736 -0.168953 -0.00894835 0.01 61 61 0 0 0
6739 -0.111077 -0.00919364 0.01 60 61 0 0 0
6740 -0.156909 -0.0088339 0.01 89 89 0 0 0
6742 -0.159816 -0.00846527 0.01 88 88 0 0 0
6745 -0.128829 -0.00850393 0.01 72 72 0 0 0
6747 -0.168953 -0.00894835 0.01 61 61 0 0 0
6778 -0.168953 -0.00894835 0.01 61 61 0 0 0
6822 -0.168964 -0.00894835 0.01 62 62 0 0 0
6841 -0.152428 -0.00945108 0.01 72 71 0 0 0
6851 -0.168953 -0.0086936 0.01 62 62 0 0 0
6852 -0.134926 -0.00860139 0.01 72 72 0 0 0
6862 -0.156909 -0.00878323 0.01 72 72 0 0 0
6864 -0.145898 -0.00877083 0.01 72 72 0 0 0
6867 -0.168953 -0.00894835 0.01 61 61 0 0 0
6872 -0.156909 -0.0088339 0.01 88 87 0 0 0
6879 -0.151191 -0.00878599 0.01 72 73 0 0 0
6895 -0.111077 -0.00919364 0.01 61 61 0 0 0
6904 -0.111077 -0.00918925 0.01 61 61 2.23517e-07 0 4.38467e-06
6923 -0.167174 -0.00873579 0.01 72 72 0 0 0
6945 -0.168953 -0.00894835 0.01 61 61 0 0 0
6948 -0.168964 -0.00894835 0.01 62 62 0 0 0
6961 -0.168953 -0.00893697 0.01 62 62 1.63913e-07 0 1.13742e-05
6970 -0.156909 -0.0088339 0.01 89 89 0 0 0
6972 -0.151191 -0.00878599 0.01 72 72 0 0 0
6997 -0.180654 -0.00903944 0.01 72 72 0 0 0
7008 -0.187488 -0.00894835 0.01 72 72 0 0 0
7012 -0.168953 -0.00894835 0.01 62 62 0 0 0
7013 -0.143879 -0.00982 0.01 72 72 0 0 0
7015 -0.168953 -0.00894835 0.01 61 61 0 0 0
7025 -0.158945 -0.00936344 0.01 72 72 0 0 0
7027 -0.168964 -0.00894835 0.01 62 62 0 0 0
7029 -0.160848 -0.00919755 0.01 61 61 0 0 0
7032 -0.168953 -0.00894835 0.01 61 61 0 0 0
7033 -0.168964 -0.00894835 0.01 62 62 0 0 0
7042 -0.156909 -0.0088339 0.01 90 90 0 0 0
7050 -0.129311 -0.00910375 0.01 72 73 0 0 0
7064 -0.166782 -0.00894835 0.01 62 62 0 0 0
7073 -0.143879 -0.0097119 0.01 72 72 0 0 0
7075 -0.111077 -0.00919364 0.01 61 61 0 0 0
7076 -0.168953 -0.00894835 0.01 62 62 0 0 0
7077 -0.160848 -0.00919755 0.01 61 61 0 0 0
7091 -0.156909 -0.00887607 0.01 89 89 -0.0103989 0 -0.000207755
7109 -0.160848 -0.00919755 0.01 62 63 0 0 0
7116 -0.168953 -0.00894835 0.01 61 61 0 0 0
7117 -0.156909 -0.0088339 0.01 88 88 0 0 0
7121 -0.168953 -0.00894835 0.01 62 62 0 0 0
7129 -0.156909 -0.0088339 0.01 90 90 0 0 0
7137 -0.156909 -0.0088339 0.01 88 88 0 0 0
7144 -0.156909 -0.0088339 0.01 88 88 0 0 0
7146 -0.156909 -0.0088339 0.01 88 87 0 0 0
7147 -0.111077 -0.00919364 0.01 61 61 0 0 0
7155 -0.168953 -0.0086936 0.01 62 62 0 0 0
7158 -0.168953 -0.00898312 0.01 61 61 0 0 0
7172 -0.156909 -0.0088339 0.01 88 88 0 0 0
7175 -0.160848 -0.00919755 0.01 61 61 0 0 0
7177 -0.168953 -0.00894835 0.01 61 62 0 0 0
7202 -0.151819 -0.00894835 0.01 62 62 0 0 0
7203 -0.155237 -0.00967094 0.01 72 72 0 0 0
7205 -0.111077 -0.00919364 0.01 61 61 0 0 0
7219 -0.151819 -0.00894835 0.01 62 64 0 0 0
7238 -0.157166 -0.00945845 0.01 72 72 0 0 0
7252 -0.156909 -0.0088339 0.01 89 89 0 0 0
7258 -0.168953 -0.00894835 0.01 61 61 0 0 0
7268 -0.159663 -0.00836183 0.01 72 72 0 0 0
7277 -0.168953 -0.00894835 0.01 62 62 0 0 0
7280 -0.168953 -0.00894835 0.01 62 62 0 0 0
7282 -0.156909 -0.0088339 0.01 88 88 0 0 0
7292 -0.164772 -0.00946487 0.01 72 73 0.00435773 -0.0162623 0
7301 -0.151819 -0.00894835 0.01 62 62 0 0 0
7302 -0.168953 -0.00894835 0.01 61 61 0 0 0
7306 -0.155237 -0.00943418 0.01 72 72 0 0 0
7307 -0.155237 -0.00967094 0.01 72 72 0 0 0
7311 -0.180654 -0.00903944 0.01 72 72 0 0 0
7332 -0.191433 -0.00950662 0.01 72 71 0 0 0
7335 -0.156909 -0.0088339 0.01 88 88 0 0 0
7341 -0.168953 -0.00894835 0.01 60 60 0 0 0
7343 -0.157506 -0.00944474 0.01 72 72 0.000601739 -0.00277573 0
7352 -0.168953 -0.00894835 0.01 62 62 0 0 0
7358 -0.156909 -0.0088339 0.01 89 89 0 0 0
7360 -0.156909 -0.0088339 0.01 88 88 0 0 0
7363 -0.143879 -0.00967094 0.01 72 72 0 0 0
7389 -0.16188 -0.00914309 0.01 72 72 0 0 0
7421 -0.169313 -0.0088339 0.01 88 88 0 0 0
7434 -0.167383 -0.0088339 0.01 88 88 0.0291458 -0.0104744 0
7440 -0.162204 -0.00943418 0.01 72 72 0 0 0
7444 -0.168953 -0.00894835 0.01 62 62 0 0 0
7447 -0.168953 -0.00894835 0.01 61 61 0 0 0
7460 -0.168953 -0.00894835 0.01 61 61 0 0 0
7476 -0.168953 -0.0086936 0.01 62 62 0 0 0
7481 -0.168953 -0.00894835 0.01 61 61 0 0 0
7483 -0.156909 -0.0088339 0.01 88 88 0 0 0
7484 -0.168964 -0.00894835 0.01 62 62 0 0 0
7491 -0.160848 -0.00919755 0.01 62 63 0 0 0
7499 -0.151819 -0.00894835 0.01 62 62 0 0 0
7511 -0.156909 -0.0088339 0.01 88 87 0 0 0
7515 -0.175936 -0.00894835 0.01 61 61 0 0 0
7521 -0.136966 -0.00884543 0.01 72 72 0.000409469 0 0.000178556
7525 -0.168953 -0.0086936 0.01 60 60 0 0 0
7527 -0.156909 -0.00916846 0.01 88 88 0 0 0
7528 -0.168953 -0.0086936 0.01 62 62 0 0 0
7531 -0.170767 -0.00888597 0.01 72 71 0 0 0
7535 -0.155237 -0.00967094 0.01 72 72 0 0 0
7543 -0.151819 -0.00894835 0.01 62 62 0 0 0
7544 -0.180654 -0.00931903 0.01 72 72 0 0 0
7572 -0.151819 -0.00894835 0.01 62 62 0 0 0
7584 -0.151819 -0.00894835 0.01 62 62 0 0 0
7586 -0.168953 -0.00894835 0.01 61 61 0 0 0
7587 -0.156909 -0.0088339 0.01 89 89 0 0 0
7608 -0.177251 -0.00878619 0.01 72 73 0 0 0
7612 -0.111077 -0.00919364 0.01 61 61 0 0 0
7616 -0.111077 -0.00918925 0.01 61 61 0 0 0
7619 -0.156909 -0.0088339 0.01 89 89 0 0 0
7620 -0.168953 -0.00894835 0.01 61 61 0 0 0
7622 -0.156909 -0.00887607 0.01 89 89 0 0 0
7625 -0.168964 -0.00894835 0.01 62 62 0 0 0
7631 -0.156909 -0.0088339 0.01 89 89 0 0 0
7637 -0.156909 -0.0088339 0.01 89 89 0 0 0
7652 -0.168964 -0.00894835 0.01 62 62 0 0 0
7657 -0.168953 -0.0086936 0.01 60 60 0 0 0
7659 -0.159663 -0.00836183 0.01 72 72 0 0 0
7660 -0.156909 -0.0088339 0.01 88 88 0 0 0
7695 -0.171286 -0.00943418 0.01 72 72 0 0 0
7699 -0.148815 -0.0092002 0.01 72 72 0 0 0
7705 -0.168953 -0.0086936 0.01 60 60 0 0 0
7725 -0.156617 -0.00877525 0.01 72 72 0 0 0
7727 -0.169313 -0.0088339 0.01 88 88 0 0 0
7728 -0.167174 -0.00888597 0.01 72 72 0 0 0
7752 -0.111077 -0.00919364 0.01 61 61 0 0 0
7757 -0.168953 -0.00894835 0.01 62 62 0 0 0
7759 -0.157046 -0.00859189 0.01 72 71 0 0 0
7763 -0.129311 -0.00910375 0.01 72 73 0 0 0
7764 -0.168953 -0.00894835 0.01 62 62 0 0 0
7765 -0.159663 -0.00836183 0.01 72 72 0 0 0
7773 -0.111077 -0.00919364 0.01 61 61 0 0 0
7774 -0.168953 -0.00894835 0.01 62 62 0 0 0
7786 -0.156909 -0.0088339 0.01 89 89 0 0 0
7798 -0.158024 -0.0095181 0.01 72 72 0 0 0
7800 -0.156909 -0.0088339 0.01 88 88 0 0 0
7804 -0.168953 -0.00894835 0.01 62 62 0 0 0
7806 -0.159816 -0.0088339 0.01 88 88 0 0 0
7811 -0.168964 -0.00894835 0.01 62 62 0 0 0
7815 -0.168953 -0.00894835 0.01 60 60 0 0 0
7871 -0.167301 -0.0088339 0.01 88 88 0.0289436 -0.0103924 0
7872 -0.156909 -0.0088339 0.01 89 89 0 0 0
7873 -0.160848 -0.00919755 0.01 61 61 0 0 0
7880 -0.156909 -0.0088339 0.01 88 88 0 0 0
7891 -0.168671 -0.00836183 0.01 72 72 0 0 0
7902 -0.142349 -0.00874555 0.01 72 72 0 0 0
7904 -0.168281 -0.00985104 0.01 72 72 0 0 0
7920 -0.168953 -0.00894835 0.01 62 62 0 0 0
7921 -0.111077 -0.00918925 0.01 61 61 0 0 0
7923 -0.168953 -0.00894835 0.01 62 62 0 0 0
7926 -0.162422 -0.0086936 0.01 62 62 -0.000103384 0.00653097 0
7931 -0.156909 -0.0088339 0.01 89 89 0 0 0
7942 -0.149133 -0.00922687 0.01 72 72 0 0 0
7954 -0.156909 -0.0088339 0.01 88 88 0 0 0
7955 -0.173545 -0.00890726 0.01 72 72 0 0 0
7978 -0.168953 -0.00894835 0.01 61 61 0 0 0
7987 -0.180654 -0.00931903 0.01 72 72 0 0 0
8004 -0.151883 -0.00857376 0.01 72 72 0 0 0
8008 -0.168953 -0.00894835 0.01 61 61 0 0 0
8025 -0.168953 -0.00891865 0.01 62 62 0 0 0
8050 -0.168953 -0.00894835 0.01 60 61 0 0 0
8052 -0.168964 -0.00894835 0.01 62 62 0 0 0
8053 -0.168964 -0.00894835 0.01 62 62 0 0 0
8057 -0.168953 -0.00939081 0.01 62 62 -6.27339e-06 0 -0.000442459
8058 -0.187488 -0.00894835 0.01 72 72 0 0 0
8073 -0.168953 -0.00894835 0.01 62 62 0 0 0
8090 -0.168953 -0.00894835 0.01 62 62 0 0 0
8102 -0.16188 -0.00895085 0.01 72 72 0 0 0
8110 -0.159816 -0.0088339 0.01 88 88 0 0 0
8116 -0.159816 -0.0088339 0.01 88 88 0 0 0
8126 -0.156909 -0.0088339 0.01 88 88 0 0 0
8144 -0.168953 -0.00894835 0.01 61 61 0 0 0
8148 -0.156909 -0.0088339 0.01 89 89 0 0 0
8155 -0.172315 -0.00867972 0.01 72 72 0 0 0
8159 -0.168953 -0.0086936 0.01 62 62 0 0 0
8186 -0.124396 -0.00795395 0.01 72 72 0 0 0
8187 -0.111077 -0.00919364 0.01 61 61 0 0 0
8200 -0.159816 -0.0088339 0.01 88 88 0.0087699 -0.00290674 0
8201 -0.168953 -0.00894835 0.01 62 63 0 0 0
8207 -0.118451 -0.00903163 0.01 72 72 0 0 0
8219 -0.134294 -0.00873387 0.01 72 71 0 0 0
8237 -0.152428 -0.00945108 0.01 72 72 0 0 0
8247 -0.156909 -0.0088339 0.01 89 89 0 0 0
8257 -0.148815 -0.0092002 0.01 72 72 0 0 0
8260 -0.159949 -0.00917415 0.01 72 72 0 0 0
8276 -0.118451 -0.00903163 0.01 72 72 0 0 0
8285 -0.156909 -0.00878323 0.01 72 72 0 0 0
8290 -0.168953 -0.00891651 0.01 61 62 0 0 0
8294 -0.151819 -0.00896594 0.01 62 62 0 0 0
8304 -0.156909 -0.00888921 0.01 89 89 -0.00283363 0 -5.53159e-05
8307 -0.155237 -0.00943418 0.01 72 72 0 0 0
8309 -0.168953 -0.00894835 0.01 61 61 0 0 0
8320 -0.167174 -0.00873579 0.01 72 72 0 0 0
8321 -0.168953 -0.00894835 0.01 61 61 0 0 0
8322 -0.158945 -0.00936344 0.01 72 71 0 0 0
8325 -0.159816 -0.0088339 0.01 88 88 0 0 0
8330 -0.15473 -0.00944474 0.01 72 72 0 0 0
8336 -0.156909 -0.00878323 0.01 72 72 0 0 0
8339 -0.160848 -0.00919755 0.01 60 61 0 0 0
8340 -0.151819 -0.00894835 0.01 62 62 0 0 0
8353 -0.168953 -0.00894835 0.01 62 62 0 0 0
8354 -0.145045 -0.00878323 0.01 72 72 -0.00270021 0.0118636 0
8357 -0.168953 -0.00894835 0.01 62 62 0 0 0
8371 -0.111077 -0.00918925 0.01 61 61 0 0 0
8372 -0.168953 -0.00894835 0.01 61 61 0 0 0
8385 -0.156909 -0.0088339 0.01 88 88 0 0 0
8390 -0.127688 -0.00916207 0.01 72 73 0 0 0
8396 -0.160848 -0.00919755 0.01 61 61 0 0 0
8402 -0.156909 -0.0088339 0.01 88 88 0 0 0
8408 -0.156909 -0.0088339 0.01 88 88 0 0 0
8412 -0.152555 -0.00888197 0.01 72 73 0 0 0
8414 -0.156909 -0.0088339 0.01 88 87 0 0 0
8420 -0.15291 -0.00873387 0.01 72 72 0 0 0
8422 -0.156909 -0.0088339 0.01 88 88 0 0 0
8430 -0.159816 -0.0088339 0.01 88 88 0 0 0
8441 -0.168953 -0.00894835 0.01 61 61 0 0 0
8451 -0.151819 -0.00894835 0.01 62 62 0 0 0
8453 -0.156909 -0.0088339 0.01 88 88 0 0 0
8460 -0.156909 -0.0088339 0.01 88 88 0 0 0
8461 -0.168964 -0.00894835 0.01 62 62 0 0 0
8466 -0.154872 -0.0088339 0.01 88 88 0 0 0
8478 -0.168953 -0.00894835 0.01 62 62 0 0 0
8498 -0.168953 -0.00894835 0.01 62 62 0 0 0
8499 -0.168953 -0.00894835 0.01 62 62 0 0 0
8516 -0.138371 -0.00944474 0.01 72 72 0 0 0
8519 -0.160848 -0.00919755 0.01 62 62 0 0 0
8527 -0.168953 -0.00894835 0.01 62 62 0 0 0
8540 -0.168953 -0.00894835 0.01 60 60 0 0 0
8546 -0.156909 -0.0088339 0.01 88 88 0 0 0
8548 -0.158945 -0.00936344 0.01 72 72 0 0 0
8568 -0.111077 -0.00919364 0.01 61 61 0 0 0
8572 -0.156909 -0.0088339 0.01 88 87 0 0 0
8584 -0.156909 -0.0088339 0.01 88 88 0 0 0
8585 -0.156909 -0.0088339 0.01 88 88 0 0 0
8595 -0.151819 -0.00896594 0.01 62 62 0 0 0
8602 -0.168953 -0.00893697 0.01 62 62 0 0 0
8616 -0.156909 -0.0088339 0.01 88 87 0 0 0
8628 -0.169313 -0.00855812 0.01 88 88 0 0 0
8658 -0.151819 -0.00894835 0.01 62 62 0 0 0
8670 -0.168953 -0.00894835 0.01 60 60 0 0 0
8683 -0.168964 -0.00894835 0.01 62 62 0 0 0
8691 -0.180654 -0.00931903 0.01 72 72 0 0 0
8699 -0.160848 -0.00919755 0.01 62 62 0 0 0
8701 -0.156909 -0.0088339 0.01 88 86 0 0 0
8706 -0.156909 -0.0088339 0.01 88 88 0 0 0
8724 -0.151819 -0.00894835 0.01 62 62 0 0 0
8734 -0.168953 -0.00894835 0.01 61 61 0 0 0
8746 -0.156909 -0.0088339 0.01 88 88 0 0 0
8758 -0.168953 -0.00894835 0.01 62 62 0 0 0
8765 -0.168953 -0.00894835 0.01 61 61 0 0 0
8784 -0.168953 -0.00894835 0.01 61 61 0 0 0
8791 -0.168953 -0.00894835 0.01 61 61 0 0 0
8792 -0.168953 -0.00898312 0.01 61 61 0 0 0
8804 -0.156909 -0.0088339 0.01 89 89 0 0 0
8807 -0.167174 -0.00873579 0.01 72 72 0 0 0
8810 -0.155756 -0.00910352 0.01 72 72 0.00569107 -0.0193924 0
8814 -0.160848 -0.00919755 0.01 61 61 0 0 0
8845 -0.168953 -0.00894835 0.01 62 62 0 0 0
8858 -0.155237 -0.0096137 0.01 72 72 0 0 0
8862 -0.168964 -0.00894835 0.01 62 62 0 0 0
8867 -0.174817 -0.0089621 0.01 72 72 0 0 0
8871 -0.167174 -0.00888597 0.01 72 72 0 0 0
8872 -0.168953 -0.00894835 0.01 61 61 0 0 0
8891 -0.156909 -0.0088339 0.01 88 88 0 0 0
8908 -0.115514 -0.00827456 0.01 72 71 0 0 0
8921 -0.156909 -0.0088339 0.01 90 90 0 0 0
8932 -0.156909 -0.0088339 0.01 88 88 0 0 0
8945 -0.168953 -0.00891651 0.01 61 61 0 0 0
8956 -0.145898 -0.00852575 0.01 72 72 0 0 0
8965 -0.168953 -0.00894835 0.01 62 63 0 0 0
8967 -0.149133 -0.00922687 0.01 72 72 0 0 0
8978 -0.157046 -0.00859189 0.01 72 71 0 0 0
8984 -0.15473 -0.00944474 0.01 72 72 0 0 0
8993 -0.151819 -0.00894835 0.01 62 62 0 0 0
9022 -0.168953 -0.00894835 0.01 61 61 0 0 0
9041 -0.156909 -0.0088339 0.01 89 89 0 0 0
9047 -0.156909 -0.0088339 0.01 88 88 0 0 0
9061 -0.167174 -0.00888597 0.01 72 73 0 0 0
9064 -0.158712 -0.0087254 0.01 72 72 0 0 0
9079 -0.176742 -0.00991864 0.01 72 72 0 0 0
9084 -0.166782 -0.00894835 0.01 62 62 0 0 0
9087 -0.168953 -0.00894835 0.01 62 62 0 0 0
9098 -0.176573 -0.00836183 0.01 72 72 0 0 0
9106 -0.180654 -0.00931903 0.01 72 72 0 0 0
9115 -0.165732 -0.00931903 0.01 72 72 0 0 0
9118 -0.156909 -0.0088339 0.01 88 88 0 0 0
9123 -0.168953 -0.00894835 0.01 62 62 0 0 0
9127 -0.148815 -0.0092002 0.01 72 72 0 0 0
9133 -0.13752 -0.00944474 0.01 72 72 0 0 0
9134 -0.160848 -0.00919755 0.01 62 62 0 0 0
9136 -0.156909 -0.0088339 0.01 89 89 0 0 0
9141 -0.165133 -0.0095461 0.01 72 72 0 0 0
9142 -0.145898 -0.00877083 0.01 72 72 0 0 0
9150 -0.156909 -0.0088339 0.01 88 88 0 0 0
9163 -0.160848 -0.00919755 0.01 61 61 0 0 0
9178 -0.11446 -0.00827456 0.01 72 71 0 0 0
9187 -0.149525 -0.00919755 0.01 61 61 0 0 0
9196 -0.168953 -0.00894835 0.01 62 63 0 0 0
9201 -0.156909 -0.0088339 0.01 88 87 0 0 0
9205 -0.168953 -0.00894835 0.01 61 61 0 0 0
9211 -0.156909 -0.0088339 0.01 88 88 0 0 0
9221 -0.15145 -0.00894835 0.01 62 62 0 0 0
9223 -0.156909 -0.0088339 0.01 89 89 0 0 0
9245 -0.174042 -0.00919755 0.01 62 62 0 0 0
9251 -0.168953 -0.00898312 0.01 61 61 0 0 0
9252 -0.168953 -0.0086936 0.01 62 62 0 0 0
9256 -0.168281 -0.00985104 0.01 72 72 0 0 0
9259 -0.168388 -0.00894835 0.01 61 61 0 0 0
9264 -0.170654 -0.00931903 0.01 72 72 0 0 0
9274 -0.145898 -0.00852575 0.01 72 72 0 0 0
9295 -0.158945 -0.00936344 0.01 72 72 0 0 0
9322 -0.160848 -0.00919755 0.01 62 63 0 0 0
9323 -0.14395 -0.00943381 0.01 72 72 0 0 0
9328 -0.168953 -0.00894835 0.01 61 61 0 0 0
9336 -0.168953 -0.00894835 0.01 61 62 0 0 0
9337 -0.168953 -0.00894835 0.01 61 61 0 0 0
9352 -0.148647 -0.00908064 0.01 72 72 0 0 0
9358 -0.156909 -0.0088339 0.01 88 88 0 0 0
9364 -0.155237 -0.00943418 0.01 72 72 0 0 0
9366 -0.155237 -0.00967094 0.01 72 72 0 0 0
9370 -0.168953 -0.00894835 0.01 62 62 0 0 0
9372 -0.16809 -0.00894835 0.01 62 62 -1.23233e-05 0.000862733 0
9379 -0.168953 -0.00894835 0.01 62 62 0 0 0
9400 -0.156617 -0.00877525 0.01 72 72 0 0 0
9405 -0.168953 -0.00894835 0.01 61 61 0 0 0
9417 -0.180654 -0.00903944 0.01 72 72 0 0 0
9418 -0.168953 -0.00894835 0.01 61 61 0 0 0
9420 -0.15473 -0.00944474 0.01 72 72 0 0 0
9428 -0.168953 -0.00894835 0.01 62 62 0 0 0
9429 -0.111077 -0.00918925 0.01 60 61 0 0 0
9436 -0.159663 -0.00836183 0.01 72 72 0 0 0
9443 -0.160848 -0.00919755 0.01 62 63 0 0 0
9445 -0.168953 -0.00885858 0.01 62 62 0 0 0
9447 -0.156909 -0.0088339 0.01 88 88 0 0 0
9449 -0.151819 -0.00894835 0.01 62 62 0 0 0
9452 -0.168281 -0.00985104 0.01 72 71 0 0 0
9456 -0.156909 -0.0088339 0.01 88 88 0 0 0
9461 -0.168953 -0.00894835 0.01 62 62 0 0 0
9468 -0.168953 -0.00894835 0.01 62 62 0 0 0
9472 -0.118451 -0.00903163 0.01 72 72 0 0 0
9476 -0.168953 -0.00923979 0.01 61 61 -1.65403e-06 0 -0.000291443
9479 -0.166782 -0.00894835 0.01 62 62 0 0 0
9486 -0.156909 -0.0088339 0.01 89 89 0 0 0
9501 -0.167466 -0.00931903 0.01 72 73 0 0 0
9515 -0.160848 -0.00919755 0.01 62 62 0 0 0
9521 -0.168953 -0.00894835 0.01 61 61 0 0 0
9525 -0.168953 -0.00894835 0.01 62 62 0 0 0
9550 -0.147 -0.0089046 0.01 72 73 0 0 0
9560 -0.162278 -0.0095461 0.01 72 72 0 0 0
9566 -0.161428 -0.00943418 0.01 72 72 0 0 0
9568 -0.156909 -0.0088339 0.01 88 88 0 0 0
9573 -0.160848 -0.00919755 0.01 61 61 0 0 0
9576 -0.160848 -0.00919755 0.01 62 62 0 0 0
9592 -0.151819 -0.00894835 0.01 62 62 0 0 0
9622 -0.167174 -0.00873579 0.01 72 72 0 0 0
9626 -0.180654 -0.00931903 0.01 72 72 0 0 0
9632 -0.156909 -0.0088339 0.01 89 89 0 0 0
9646 -0.156909 -0.0088339 0.01 89 89 0 0 0
9647 -0.156909 -0.0088339 0.01 88 87 0 0 0
9655 -0.145898 -0.00871283 0.01 72 71 -0.000109211 0 -9.17502e-05
9661 -0.14453 -0.0088339 0.01 88 88 0 0 0
9696 -0.180654 -0.00931903 0.01 72 72 0 0 0
9697 -0.166782 -0.00894835 0.01 62 62 0 0 0
9698 -0.156909 -0.0088339 0.01 88 88 0 0 0
9703 -0.162204 -0.00943418 0.01 72 72 0.0013752 -0.00696753 0
9740 -0.169358 -0.00836183 0.01 72 72 0 0 0
9741 -0.156909 -0.0088339 0.01 90 90 0 0 0
9790 -0.168953 -0.00885858 0.01 62 62 1.2815e-06 0 8.97693e-05
9801 -0.168953 -0.00891865 0.01 62 62 0 0 0
9819 -0.168953 -0.00894835 0.01 62 62 0 0 0
9827 -0.168953 -0.00894835 0.01 61 62 0 0 0
9828 -0.111077 -0.00919364 0.01 61 61 0 0 0
9837 -0.118451 -0.00920884 0.01 72 72 0 0 0
9864 -0.169313 -0.00897276 0.01 88 88 0 0 0
9881 -0.160848 -0.00919755 0.01 62 62 0 0 0
9885 -0.168953 -0.00885858 0.01 62 62 0 0 0
9887 -0.15145 -0.00894835 0.01 62 62 -0.000318289 0.015332 0
9892 -0.145898 -0.00877083 0.01 72 72 0 0 0
9902 -0.168953 -0.00885858 0.01 61 62 0 0 0
9904 -0.168953 -0.00894835 0.01 62 62 0 0 0
9905 -0.148647 -0.00908064 0.01 72 72 0 0 0
9907 -0.16188 -0.00914309 0.01 72 72 0 0 0
9908 -0.111077 -0.00919364 0.01 62 61 0 0 0
9909 -0.156909 -0.0087146 0.01 88 88 0.00510344 0 0.000119301
9916 -0.156909 -0.0088339 0.01 89 89 0 0 0
9919 -0.166782 -0.00894835 0.01 62 62 -3.18587e-05 0.00217044 0
9929 -0.156909 -0.0088339 0.01 89 89 0 0 0
9942 -0.178653 -0.00895544 0.01 72 72 0 0 0
9944 -0.165732 -0.00931903 0.01 72 72 0 0 0
9950 -0.156909 -0.0088339 0.01 88 88 0 0 0
9955 -0.176826 -0.0086936 0.01 62 62 0 0 0
9968 -0.168953 -0.00894835 0.01 61 61 0 0 0
9971 -0.158712 -0.00884437 0.01 72 72 0 0 0
9989 -0.156909 -0.0088339 0.01 89 89 0 0 0
9999 -0.168281 -0.00985104 0.01 72 71 0 0 0
10000 -0.156909 -0.0088339 0.01 90 90 0 0 0
10006 -0.162278 -0.0095461 0.01 72 72 0 0 0
10007 -0.155237 -0.00967094 0.01 72 72 0 0 0
10010 -0.162278 -0.0095461 0.01 72 72 0 0 0
10029 -0.156909 -0.0088339 0.01 88 87 0 0 0
10032 -0.156909 -0.0088339 0.01 88 88 0 0 0
10033 -0.158945 -0.00936344 0.01 72 72 0 0 0
10049 -0.169313 -0.0088339 0.01 88 88 0 0 0
10053 -0.15473 -0.00944474 0.01 72 72 0 0 0
10056 -0.111077 -0.00918925 0.01 60 60 0 0 0
10064 -0.162204 -0.00943418 0.01 72 72 0 0 0
10067 -0.156909 -0.0088339 0.01 89 88 0 0 0
10068 -0.151819 -0.00894835 0.01 62 62 0 0 0
10071 -0.168953 -0.00894835 0.01 61 61 0 0 0
10105 -0.147549 -0.00885364 0.01 72 72 0 0 0
10116 -0.168671 -0.00836183 0.01 72 72 0 0 0
10147 -0.168953 -0.00894835 0.01 62 62 0 0 0
10158 -0.156909 -0.0088339 0.01 89 89 0 0 0
10171 -0.149133 -0.00922687 0.01 72 72 0 0 0
10174 -0.16188 -0.00895085 0.01 72 72 0 0 0
10197 -0.180654 -0.00931903 0.01 72 72 0 0 0
10203 -0.168953 -0.00870953 0.01 62 62 3.35276e-06 0 0.00023882
10207 -0.168953 -0.00894835 0.01 61 61 0 0 0
10209 -0.143879 -0.00982 0.01 72 72 0 0 0
10220 -0.155237 -0.00943418 0.01 72 72 0 0 0
10224 -0.168964 -0.00894835 0.01 62 62 0 0 0
10243 -0.167174 -0.00888597 0.01 72 72 0 0 0
10252 -0.168558 -0.00877086 0.01 72 72 0.000120938 0 0.000166211
10257 -0.168953 -0.00885858 0.01 62 62 0 0 0
10267 -0.149525 -0.00919755 0.01 61 61 0 0 0
10277 -0.157447 -0.00937986 0.01 72 72 0 0 0
10286 -0.168953 -0.00894835 0.01 62 62 0 0 0
10289 -0.156909 -0.0088339 0.01 88 88 0 0 0
10294 -0.187029 -0.00846597 0.01 72 72 0 0 0
10297 -0.168953 -0.00894835 0.01 61 61 0 0 0
10302 -0.168953 -0.00894835 0.01 62 62 0 0 0
10306 -0.151883 -0.00857376 0.01 72 72 0 0 0
10313 -0.160848 -0.00919755 0.01 61 61 0 0 0
10314 -0.156909 -0.0088339 0.01 88 88 0 0 0
10316 -0.155237 -0.00967094 0.01 72 72 0 0 0
10326 -0.180654 -0.00931903 0.01 72 72 0 0 0
10338 -0.168953 -0.00894835 0.01 62 62 0 0 0
10339 -0.168953 -0.00894835 0.01 62 63 0 0 0
10349 -0.166782 -0.00894835 0.01 62 62 0 0 0
10353 -0.156909 -0.0088339 0.01 89 89 0 0 0
10364 -0.168953 -0.00894835 0.01 61 61 0 0 0
10368 -0.160848 -0.00919755 0.01 62 62 0 0 0
10371 -0.156909 -0.00889482 0.01 88 88 0 0 0
10372 -0.167174 -0.00873579 0.01 72 72 0 0 0
10383 -0.156909 -0.0088339 0.01 88 88 0 0 0
10429 -0.156909 -0.0088339 0.01 89 88 0 0 0
10430 -0.151819 -0.00894835 0.01 62 62 0 0 0
10434 -0.168953 -0.00885858 0.01 62 62 0 0 0
10451 -0.156909 -0.0088339 0.01 88 87 0 0 0
10455 -0.155237 -0.00945845 0.01 72 72 0 0 0
10459 -0.151819 -0.00894835 0.01 62 62 0 0 0
10463 -0.162278 -0.0095461 0.01 72 72 0 0 0
10466 -0.155237 -0.00943418 0.01 72 72 0 0 0
10468 -0.145898 -0.00852575 0.01 72 72 0 0 0
10478 -0.156909 -0.0088339 0.01 88 88 0 0 0
10482 -0.143435 -0.00911474 0.01 72 73 0 0 0
10492 -0.168953 -0.00894835 0.01 62 62 0 0 0
10499 -0.147 -0.0089046 0.01 72 72 0 0 0
10505 -0.168953 -0.00894835 0.01 61 61 0 0 0
10509 -0.168953 -0.00894835 0.01 62 62 0 0 0
10519 -0.160848 -0.00919755 0.01 62 63 0 0 0
10531 -0.156909 -0.0088339 0.01 89 89 0 0 0
10533 -0.168953 -0.00894835 0.01 62 62 0 0 0
10534 -0.156909 -0.0088339 0.01 88 88 0 0 0
10543 -0.168953 -0.00894835 0.01 61 61 0 0 0
10549 -0.168953 -0.00894835 0.01 62 62 0 0 0
10551 -0.168953 -0.00885858 0.01 61 62 0 0 0
10567 -0.156909 -0.0088339 0.01 88 88 0 0 0
10578 -0.160848 -0.00919755 0.01 62 62 0 0 0
10612 -0.156909 -0.0088339 0.01 88 88 0 0 0
10614 -0.168953 -0.00894835 0.01 61 61 0 0 0
10616 -0.167301 -0.0088339 0.01 88 88 0 0 0
10618 -0.159816 -0.0088339 0.01 88 88 0 0 0
10631 -0.13752 -0.00944474 0.01 72 71 0 0 0
10632 -0.156909 -0.0088339 0.01 88 88 0 0 0
10633 -0.168953 -0.00894835 0.01 62 62 0 0 0
10639 -0.174042 -0.00919755 0.01 61 61 0 0 0
10646 -0.168953 -0.00894835 0.01 62 62 0 0 0
10656 -0.168953 -0.00894835 0.01 61 61 0 0 0
10657 -0.156909 -0.0088339 0.01 89 89 0 0 0
10663 -0.156909 -0.0088339 0.01 89 89 0 0 0
10672 -0.156909 -0.0088339 0.01 89 89 0 0 0
10676 -0.156909 -0.0088339 0.01 89 89 0 0 0
10679 -0.168953 -0.00894835 0.01 62 62 0 0 0
10703 -0.156909 -0.0088339 0.01 88 88 0 0 0
10714 -0.176573 -0.00836183 0.01 72 72 0 0 0
10718 -0.159816 -0.00846527 0.01 88 88 0 0 0
10728 -0.155237 -0.00985104 0.01 72 72 0 0 0
10744 -0.167174 -0.00888597 0.01 72 72 0 0 0
10752 -0.171286 -0.00943418 0.01 72 72 0 0 0
10757 -0.151819 -0.00894835 0.01 62 63 0 0 0
10770 -0.168953 -0.00894835 0.01 60 60 0 0 0
10785 -0.150771 -0.00894835 0.01 62 62 -2.88486e-05 0.00104761 0
10789 -0.168953 -0.00894835 0.01 62 62 0 0 0
10796 -0.168953 -0.00894835 0.01 61 61 0 0 0
10803 -0.111077 -0.00918925 0.01 61 61 0 0 0
10825 -0.168964 -0.00894835 0.01 62 62 0 0 0
10830 -0.111077 -0.00918925 0.01 61 61 0 0 0
10835 -0.175936 -0.00894835 0.01 61 61 0 0 0
10855 -0.156909 -0.00852412 0.01 88 88 0.00745583 0 0.000182562
10857 -0.136966 -0.00884543 0.01 72 72 0 0 0
10860 -0.168953 -0.0086936 0.01 60 60 0 0 0
10861 -0.156909 -0.0088339 0.01 88 88 0 0 0
10868 -0.156909 -0.0088339 0.01 88 88 0 0 0
10874 -0.174042 -0.00919755 0.01 62 62 0 0 0
10880 -0.158024 -0.0095181 0.01 72 72 0 0 0
10882 -0.168953 -0.00894835 0.01 61 61 0 0 0
10883 -0.162278 -0.0095461 0.01 72 72 0 0 0
10888 -0.156909 -0.0088339 0.01 88 88 0 0 0
10898 -0.156909 -0.0088339 0.01 88 88 0 0 0
10902 -0.156909 -0.008575 0.01 88 88 0.0108545 0 0.000258896
10903 -0.149133 -0.00922687 0.01 72 72 0 0 0
10922 -0.155237 -0.00943418 0.01 72 72 0 0 0
10927 -0.156909 -0.0088339 0.01 88 88 0 0 0
10929 -0.168953 -0.00885858 0.01 62 62 0 0 0
10930 -0.187029 -0.00846597 0.01 72 72 0 0 0
10934 -0.168953 -0.00894835 0.01 61 61 0 0 0
10938 -0.176573 -0.00836183 0.01 72 72 0 0 0
10939 -0.111077 -0.00919364 0.01 61 61 0 0 0
10941 -0.156909 -0.0088339 0.01 88 88 0 0 0
10969 -0.168953 -0.00894835 0.01 62 62 0 0 0
10995 -0.156909 -0.0088339 0.01 89 89 0 0 0
11001 -0.159375 -0.00894835 0.01 60 60 -0.000104517 0.0095783 0
11004 -0.170767 -0.00888597 0.01 72 72 0 0 0
11009 -0.160848 -0.00919755 0.01 62 62 0 0 0
11010 -0.148647 -0.00908064 0.01 72 72 0 0 0
11011 -0.156909 -0.00866832 0.01 89 89 0 0 0
11012 -0.156909 -0.0088339 0.01 88 88 0 0 0
11022 -0.156909 -0.0088339 0.01 89 89 0 0 0
11023 -0.169313 -0.0088339 0.01 88 87 0 0 0
11027 -0.156909 -0.0088339 0.01 89 89 0 0 0
11030 -0.156909 -0.00863847 0.01 88 88 0.0013558 0 3.28105e-05
11035 -0.150762 -0.00878323 0.01 72 72 -0.00125608 0.00614683 0
11048 -0.169313 -0.0088339 0.01 88 88 0 0 0
11050 -0.151191 -0.00878599 0.01 72 72 0 0 0
11057 -0.168953 -0.00894835 0.01 62 62 0 0 0
11058 -0.156909 -0.0088339 0.01 88 88 0 0 0
11061 -0.151819 -0.00894835 0.01 62 62 0 0 0
11064 -0.155237 -0.0096137 0.01 72 72 0 0 0
11068 -0.168953 -0.00894835 0.01 61 61 0 0 0
11069 -0.156909 -0.0088339 0.01 88 88 0 0 0
11073 -0.156909 -0.0088339 0.01 88 88 0 0 0
11074 -0.156909 -0.0088339 0.01 90 90 0 0 0
11090 -0.156909 -0.0088339 0.01 88 88 0 0 0
11100 -0.156909 -0.0088339 0.01 89 89 0 0 0
11107 -0.165732 -0.00931903 0.01 72 72 0 0 0
11108 -0.15829 -0.00894835 0.01 62 62 0 0 0
11110 -0.156909 -0.0088339 0.01 88 88 0 0 0
11127 -0.156909 -0.0088339 0.01 88 88 0 0 0
11138 -0.168953 -0.00894835 0.01 62 62 0 0 0
11148 -0.156909 -0.0088339 0.01 90 90 0 0 0
11155 -0.15473 -0.00944474 0.01 72 72 0 0 0
11172 -0.156909 -0.0088339 0.01 88 88 0 0 0
11173 -0.143879 -0.00982 0.01 72 72 0 0 0
11176 -0.156909 -0.0088339 0.01 89 89 0 0 0
11180 -0.156909 -0.0088339 0.01 89 89 0 0 0
11184 -0.168953 -0.00894835 0.01 61 61 0 0 0
11188 -0.156909 -0.0088339 0.01 89 89 0 0 0
11190 -0.174042 -0.00919755 0.01 62 62 0 0 0
11198 -0.156909 -0.0088339 0.01 88 88 0 0 0
11202 -0.156909 -0.0088339 0.01 88 88 0 0 0
11208 -0.168953 -0.00894835 0.01 60 60 0 0 0
11217 -0.156909 -0.0088339 0.01 89 89 0 0 0
11221 -0.165009 -0.00870668 0.01 88 88 0 0 0
11225 -0.168953 -0.00894835 0.01 62 62 0 0 0
11227 -0.156909 -0.0088339 0.01 89 89 0 0 0
11232 -0.155237 -0.00943418 0.01 72 72 0 0 0
11240 -0.157506 -0.00944474 0.01 72 72 0 0 0
11246 -0.168671 -0.00852318 0.01 72 72 -0.000106782 0 -0.000161349
11247 -0.175611 -0.00870668 0.01 88 88 0.0454459 -0.0187015 0
11261 -0.168953 -0.00894835 0.01 62 62 0 0 0
11268 -0.168953 -0.0086936 0.01 62 62 0 0 0
11294 -0.156909 -0.0088339 0.01 88 88 0 0 0
11301 -0.156909 -0.0088339 0.01 88 88 0 0 0
11305 -0.111077 -0.00919364 0.01 61 61 0 0 0
11308 -0.156909 -0.0088339 0.01 90 90 0 0 0
11317 -0.156909 -0.0088339 0.01 88 88 0 0 0
11320 -0.111077 -0.00919364 0.01 61 61 0 0 0
11332 -0.111077 -0.00919364 0.01 61 61 0 0 0
11336 -0.142349 -0.00874555 0.01 72 72 0 0 0
