max_pf 114 min_pf 43
individual dGr dSr disp_rate patch_no b_patch_no mut_eff DdGr DdSr
20 -0.126679 -0.00909818 0.01 44 44 0 0 0
22 -0.130887 -0.00948435 0.01 44 44 0 0 0
45 -0.177682 -0.00906408 0.01 72 72 0 0 0
86 -0.126679 -0.00909818 0.01 45 45 0 0 0
106 -0.11715 -0.00910547 0.01 45 45 0 0 0
131 -0.147268 -0.00904188 0.01 72 72 0 0 0
187 -0.202359 -0.00709887 0.01 112 112 0 0 0
200 -0.128325 -0.00948435 0.01 44 44 0 0 0
205 -0.147268 -0.00904188 0.01 72 72 0 0 0
248 -0.19675 -0.00737322 0.01 112 112 0 0 0
267 -0.114078 -0.00847252 0.01 72 72 0 0 0
270 -0.11715 -0.00948435 0.01 45 45 0 0 0
272 -0.11715 -0.00948435 0.01 45 45 0 0 0
293 -0.19675 -0.00737322 0.01 113 113 0 0 0
344 -0.126679 -0.00952759 0.01 45 45 0 0 0
347 -0.147268 -0.00904188 0.01 72 72 0 0 0
414 -0.19675 -0.00737322 0.01 113 113 0 0 0
425 -0.1879 -0.00870986 0.01 72 72 0 0 0
514 -0.19675 -0.00737322 0.01 112 113 0 0 0
519 -0.19675 -0.00737322 0.01 112 112 0 0 0
540 -0.126679 -0.00948435 0.01 45 45 0 0 0
556 -0.11715 -0.00910547 0.01 44 44 0 0 0
598 -0.112874 -0.00948435 0.01 45 45 0 0 0
627 -0.2104 -0.00695401 0.01 114 114 0 0 0
633 -0.19675 -0.00737322 0.01 112 112 0 0 0
640 -0.19675 -0.0073993 0.01 113 113 0 0 0
645 -0.158495 -0.00863326 0.01 72 72 0 0 0
671 -0.19675 -0.00737322 0.01 113 113 0 0 0
737 -0.11715 -0.00910547 0.01 45 45 0 0 0
738 -0.126679 -0.00948435 0.01 45 45 0 0 0
748 -0.158232 -0.00851902 0.01 72 73 0 0 0
788 -0.199538 -0.00692116 0.01 114 114 0 0 0
800 -0.126679 -0.00934367 0.01 72 72 0 0 0
815 -0.19675 -0.00737322 0.01 112 112 0 0 0
821 -0.11715 -0.00948435 0.01 45 45 0 0 0
837 -0.199538 -0.00710874 0.01 114 114 0 0 0
850 -0.19675 -0.00737322 0.01 112 112 0 0 0
854 -0.207499 -0.00870986 0.01 72 72 0 0 0
877 -0.172796 -0.00866362 0.01 72 72 0 0 0
899 -0.19675 -0.00737322 0.01 113 113 0 0 0
902 -0.126679 -0.00948435 0.01 43 44 0 0 0
921 -0.11715 -0.00948435 0.01 45 45 0 0 0
923 -0.19675 -0.00737322 0.01 113 113 0 0 0
997 -0.11715 -0.00948435 0.01 45 45 0 0 0
998 -0.114078 -0.00864796 0.01 72 72 0 0 0
1003 -0.130887 -0.00948435 0.01 45 46 0 0 0
1007 -0.202359 -0.00737322 0.01 112 112 0 0 0
1023 -0.147268 -0.00904188 0.01 72 72 0 0 0
1031 -0.19675 -0.00737322 0.01 113 113 0 0 0
1048 -0.19675 -0.00737322 0.01 112 112 0 0 0
1054 -0.11715 -0.00910547 0.01 43 43 0 0 0
1063 -0.126679 -0.00909818 0.01 44 44 0 0 0
1081 -0.128706 -0.00864796 0.01 72 72 0 0 0
1160 -0.199538 -0.00737322 0.01 114 114 0 0 0
1176 -0.11715 -0.00966159 0.01 45 45 0 0 0
1185 -0.173027 -0.0090026 0.01 72 72 0 0 0
1213 -0.19675 -0.00737322 0.01 112 112 0 0 0
1216 -0.19675 -0.00756234 0.01 112 112 0 0 0
1253 -0.205565 -0.00737322 0.01 113 113 0 0 0
1329 -0.19675 -0.00737322 0.01 112 112 0 0 0
1334 -0.133782 -0.00889045 0.01 72 71 0 0 0
1340 -0.19675 -0.00737322 0.01 112 112 0 0 0
1348 -0.19675 -0.00737322 0.01 113 113 0 0 0
1368 -0.138491 -0.00895965 0.01 72 72 0 0 0
1394 -0.19675 -0.00737322 0.01 112 112 0 0 0
1415 -0.11715 -0.00910547 0.01 45 45 0 0 0
1423 -0.19675 -0.00737322 0.01 113 113 0 0 0
1427 -0.19675 -0.00732356 0.01 112 112 0 0 0
1472 -0.19675 -0.00737322 0.01 113 113 0 0 0
1503 -0.183225 -0.00847278 0.01 72 72 0 0 0
1551 -0.126679 -0.00950016 0.01 44 44 0 0 0
1561 -0.19675 -0.00732356 0.01 112 112 0 0 0
1576 -0.19675 -0.00737322 0.01 113 113 0 0 0
1619 -0.126679 -0.00950016 0.01 44 44 0 0 0
1629 -0.138491 -0.00895965 0.01 72 72 0 0 0
1630 -0.126679 -0.00909818 0.01 45 45 0 0 0
1715 -0.19675 -0.00737322 0.01 112 112 0 0 0
1720 -0.128325 -0.00948435 0.01 44 44 0 0 0
1747 -0.199538 -0.00710874 0.01 114 114 0 0 0
1750 -0.19675 -0.00737322 0.01 112 113 0 0 0
1779 -0.199538 -0.00710874 0.01 114 114 0 0 0
1785 -0.177843 -0.0092675 0.01 72 72 0 0 0
1786 -0.124758 -0.00894408 0.01 72 72 0 0 0
1794 -0.19675 -0.00737322 0.01 113 113 0 0 0
1818 -0.215346 -0.00737322 0.01 113 113 0 0 0
1840 -0.19675 -0.00737322 0.01 112 112 0 0 0
1853 -0.199538 -0.00710874 0.01 114 114 0 0 0
1866 -0.194837 -0.00737322 0.01 112 112 0 0 0
1985 -0.19675 -0.00737322 0.01 113 113 0 0 0
1986 -0.126679 -0.00948435 0.01 45 46 0 0 0
1992 -0.178951 -0.0090873 0.01 72 72 0 0 0
2007 -0.156401 -0.0083034 0.01 72 71 0 0 0
2013 -0.19675 -0.00737322 0.01 113 113 0 0 0
2035 -0.134104 -0.00883591 0.01 72 72 0 0 0
2043 -0.202359 -0.00729457 0.01 112 112 0.0204223 0 7.86535e-05
2052 -0.126679 -0.00952759 0.01 44 44 0 0 0
2102 -0.134633 -0.00948435 0.01 44 44 0 0 0
2107 -0.156819 -0.00875132 0.01 72 72 0 0 0
2116 -0.199538 -0.00695401 0.01 114 114 0 0 0
2123 -0.19675 -0.00737322 0.01 113 113 0 0 0
2163 -0.167209 -0.00878771 0.01 72 72 0 0 0
2165 -0.19675 -0.00737322 0.01 112 112 0 0 0
2185 -0.19675 -0.00737322 0.01 112 112 0 0 0
2219 -0.160483 -0.00899912 0.01 72 72 0 0 0
2288 -0.19675 -0.00756234 0.01 112 112 0 0 0
2290 -0.11715 -0.00948435 0.01 45 45 0 0 0
2307 -0.126679 -0.00948435 0.01 45 45 0 0 0
2312 -0.167209 -0.00878771 0.01 72 72 0 0 0
2351 -0.19675 -0.00737322 0.01 112 112 0 0 0
2362 -0.126679 -0.00948435 0.01 45 45 0 0 0
2370 -0.126679 -0.00948435 0.01 45 45 0 0 0
2395 -0.177098 -0.00853384 0.01 72 72 0 0 0
2409 -0.112874 -0.00948435 0.01 45 45 0 0 0
2412 -0.126873 -0.00948435 0.01 44 44 0 0 0
2415 -0.19675 -0.00737322 0.01 112 112 0 0 0
2441 -0.19675 -0.00737322 0.01 112 112 0 0 0
2453 -0.183225 -0.00870986 0.01 72 72 0 0 0
2500 -0.19675 -0.00737322 0.01 113 113 0 0 0
2504 -0.126679 -0.00948435 0.01 45 45 0 0 0
2520 -0.202359 -0.00737322 0.01 113 113 0 0 0
2561 -0.19675 -0.00737322 0.01 112 112 0 0 0
2566 -0.19675 -0.00737322 0.01 113 113 0 0 0
2584 -0.199538 -0.00737322 0.01 114 114 0 0 0
2595 -0.158495 -0.00863326 0.01 72 72 0 0 0
2611 -0.159163 -0.00933414 0.01 72 72 0 0 0
2616 -0.126679 -0.00922839 0.01 44 44 0 0 0
2623 -0.126679 -0.00948435 0.01 45 45 0 0 0
2650 -0.126679 -0.00948435 0.01 44 44 0 0 0
2660 -0.11715 -0.00910547 0.01 44 44 0 0 0
2662 -0.19675 -0.0072295 0.01 113 113 0.0409209 0 0.000143726
2663 -0.205565 -0.00737322 0.01 113 113 0 0 0
2665 -0.180997 -0.00929501 0.01 72 72 0 0 0
2682 -0.177843 -0.0092675 0.01 72 72 0 0 0
2706 -0.199538 -0.00710874 0.01 114 114 0 0 0
2724 -0.177843 -0.0092675 0.01 72 72 0 0 0
2734 -0.147268 -0.00904188 0.01 72 72 0 0 0
2772 -0.156819 -0.00875132 0.01 72 72 0 0 0
2781 -0.147268 -0.00904188 0.01 72 72 0 0 0
2802 -0.126679 -0.00952759 0.01 45 45 0 0 0
2853 -0.199538 -0.00692116 0.01 114 114 0 0 0
2936 -0.202359 -0.00737322 0.01 112 112 0 0 0
2997 -0.20692 -0.00737322 0.01 113 113 0 0 0
3087 -0.128325 -0.00948435 0.01 44 44 0 0 0
3128 -0.156177 -0.00970841 0.01 72 72 0 0 0
3143 -0.126679 -0.00948435 0.01 45 45 0 0 0
3149 -0.19675 -0.00737322 0.01 112 113 0 0 0
3193 -0.19675 -0.00737322 0.01 113 113 0 0 0
3205 -0.199538 -0.00737322 0.01 114 114 0 0 0
3233 -0.147268 -0.009121 0.01 72 72 0 0 0
3246 -0.159163 -0.00933414 0.01 72 72 0 0 0
3248 -0.145236 -0.00940678 0.01 72 72 0 0 0
3273 -0.184071 -0.00885363 0.01 72 72 0 0 0
3313 -0.126679 -0.00950016 0.01 44 44 0 0 0
3337 -0.199538 -0.00710874 0.01 114 114 0 0 0
3350 -0.11715 -0.00910547 0.01 45 45 0 0 0
3355 -0.19675 -0.00737322 0.01 113 113 0 0 0
3370 -0.19675 -0.00737322 0.01 113 113 0 0 0
3382 -0.126679 -0.00988274 0.01 45 45 0 0 0
3405 -0.128325 -0.00948435 0.01 44 44 0 0 0
3424 -0.126679 -0.00909818 0.01 45 45 0 0 0
3432 -0.126679 -0.0093096 0.01 45 45 0 0 0
3446 -0.172796 -0.00866362 0.01 72 73 0 0 0
3485 -0.19675 -0.00737322 0.01 113 113 0 0 0
3508 -0.126679 -0.00909818 0.01 44 44 0 0 0
3512 -0.19675 -0.00737322 0.01 112 113 0 0 0
3554 -0.157303 -0.00895817 0.01 72 72 0 0 0
3560 -0.19675 -0.00746048 0.01 112 112 0 0 0
3617 -0.126679 -0.00948435 0.01 45 45 0 0 0
3635 -0.2194 -0.00859639 0.01 72 73 0 0 0
3661 -0.158495 -0.00863326 0.01 72 72 0 0 0
3665 -0.178951 -0.00885363 0.01 72 72 0 0 0
3672 -0.126679 -0.00952759 0.01 44 44 0 0 0
3675 -0.126679 -0.00948435 0.01 45 45 0 0 0
3712 -0.124758 -0.00894408 0.01 72 72 0 0 0
3714 -0.19675 -0.00737322 0.01 112 112 0 0 0
3725 -0.202889 -0.00737322 0.01 112 112 0.0626109 -0.00613952 0
3729 -0.19675 -0.00737322 0.01 113 113 0 0 0
3799 -0.160483 -0.00899912 0.01 72 72 0 0 0
3802 -0.19675 -0.00737322 0.01 112 112 0 0 0
3805 -0.134434 -0.00940678 0.01 72 71 0 0 0
3830 -0.19675 -0.00737322 0.01 112 113 0 0 0
3835 -0.160824 -0.00882965 0.01 72 72 0 0 0
3843 -0.124045 -0.00948435 0.01 45 45 -3.64333e-06 0.00263327 0
3874 -0.126679 -0.00909818 0.01 45 45 -4.4629e-06 0 0.000429407
3884 -0.157843 -0.00877266 0.01 72 72 0 0 0
3890 -0.205565 -0.00737322 0.01 113 113 0 0 0
3928 -0.146306 -0.00847444 0.01 72 72 0 0 0
3929 -0.142243 -0.00919726 0.01 72 71 0 0 0
3930 -0.11715 -0.00948435 0.01 45 45 0 0 0
3944 -0.11715 -0.00948435 0.01 45 45 0 0 0
3955 -0.130887 -0.00948435 0.01 44 44 0 0 0
3972 -0.19675 -0.00737322 0.01 113 113 0 0 0
3984 -0.19675 -0.00737322 0.01 112 112 0 0 0
3991 -0.126679 -0.00909818 0.01 45 45 0 0 0
3994 -0.126679 -0.00948435 0.01 45 47 0 0 0
4006 -0.126679 -0.00988274 0.01 45 45 0 0 0
4007 -0.19675 -0.00737322 0.01 113 113 0 0 0
4028 -0.19675 -0.00737322 0.01 112 112 0 0 0
4044 -0.177682 -0.00906408 0.01 72 72 0 0 0
4046 -0.19675 -0.00737322 0.01 112 112 0 0 0
4113 -0.134434 -0.00940678 0.01 72 71 0 0 0
4140 -0.19675 -0.00737322 0.01 113 113 0 0 0
4186 -0.11715 -0.00966159 0.01 45 45 0 0 0
4199 -0.157843 -0.00877266 0.01 72 72 0 0 0
4227 -0.11715 -0.00910547 0.01 45 45 0 0 0
4229 -0.1975 -0.00737322 0.01 112 112 0 0 0
4252 -0.19675 -0.00737322 0.01 113 113 0 0 0
4256 -0.199538 -0.00710874 0.01 114 114 0 0 0
4275 -0.199538 -0.00737322 0.01 113 113 0 0 0
4287 -0.19675 -0.00737322 0.01 113 113 0 0 0
4288 -0.181382 -0.0088799 0.01 72 72 0 0 0
4334 -0.19675 -0.00737322 0.01 113 113 0 0 0
4346 -0.19675 -0.00737322 0.01 112 112 0 0 0
4367 -0.13724 -0.00895965 0.01 72 72 -0.000466079 0.00125143 0
4372 -0.136517 -0.00919732 0.01 72 72 0 0 0
4415 -0.11715 -0.00896612 0.01 45 45 0 0 0
4428 -0.162212 -0.00917636 0.01 72 72 0 0 0
4461 -0.145146 -0.00901971 0.01 72 71 0 0 0
4464 -0.19675 -0.00737322 0.01 112 112 0 0 0
4488 -0.177682 -0.00906408 0.01 72 72 0 0 0
4515 -0.126679 -0.00909818 0.01 44 44 0 0 0
4524 -0.126679 -0.00948435 0.01 45 45 0 0 0
4567 -0.2194 -0.00864161 0.01 72 72 0 0 0
4582 -0.154429 -0.00833849 0.01 72 72 0 0 0
4607 -0.11715 -0.00910547 0.01 44 44 0 0 0
4613 -0.19675 -0.00737322 0.01 112 112 0 0 0
4628 -0.19675 -0.00737322 0.01 112 112 0 0 0
4636 -0.204456 -0.00695401 0.01 114 114 0.0515506 -0.00491859 0
4640 -0.11715 -0.00948435 0.01 45 45 0 0 0
4650 -0.11715 -0.00948435 0.01 45 45 0 0 0
4677 -0.19675 -0.00737322 0.01 112 112 0 0 0
4681 -0.19675 -0.00737322 0.01 112 113 0 0 0
4712 -0.19675 -0.00737322 0.01 113 113 0 0 0
4713 -0.19675 -0.0072295 0.01 113 113 0 0 0
4733 -0.177843 -0.0092675 0.01 72 72 0 0 0
4738 -0.158495 -0.00863326 0.01 72 72 0 0 0
4757 -0.159163 -0.00933414 0.01 72 72 0 0 0
4771 -0.202359 -0.00737322 0.01 112 112 0 0 0
4840 -0.19675 -0.00737322 0.01 113 113 0 0 0
4852 -0.19675 -0.00737322 0.01 113 113 0 0 0
4904 -0.11715 -0.00910547 0.01 45 45 0 0 0
4929 -0.19675 -0.00737322 0.01 112 112 0 0 0
4971 -0.11715 -0.00948435 0.01 45 45 0 0 0
4986 -0.126679 -0.00948435 0.01 44 44 0 0 0
5061 -0.103378 -0.00910547 0.01 45 45 0 0 0
5074 -0.167209 -0.00878771 0.01 72 72 0 0 0
5078 -0.202359 -0.00737322 0.01 112 112 0 0 0
5083 -0.130887 -0.00948435 0.01 45 46 0 0 0
5087 -0.19675 -0.00737322 0.01 113 113 0 0 0
5091 -0.165669 -0.00884156 0.01 72 72 0 0 0
5142 -0.11715 -0.00910547 0.01 45 45 0 0 0
5149 -0.19675 -0.00737322 0.01 112 112 0 0 0
5156 -0.126679 -0.00909818 0.01 44 45 0 0 0
5198 -0.126679 -0.00948435 0.01 45 45 0 0 0
5226 -0.199538 -0.00696524 0.01 114 114 0 0 0
5271 -0.205581 -0.00878079 0.01 72 72 0 0 0
5301 -0.11715 -0.00910547 0.01 44 46 0 0 0
5303 -0.126679 -0.00909818 0.01 45 45 0 0 0
5347 -0.130887 -0.00965418 0.01 45 46 1.65403e-06 0 -0.000169829
5362 -0.126679 -0.00909818 0.01 45 45 0 0 0
5363 -0.130887 -0.00948435 0.01 44 45 0 0 0
5387 -0.136141 -0.00864796 0.01 72 72 0 0 0
5418 -0.19675 -0.00737322 0.01 112 112 0 0 0
5419 -0.126679 -0.00909818 0.01 45 45 0 0 0
5429 -0.199538 -0.00710874 0.01 114 114 0 0 0
5431 -0.126679 -0.00952759 0.01 45 45 0 0 0
5434 -0.148085 -0.00891804 0.01 72 70 0 0 0
5445 -0.11715 -0.00910547 0.01 45 45 0 0 0
5473 -0.143207 -0.00904084 0.01 72 72 0 0 0
5487 -0.167209 -0.00878771 0.01 72 72 0 0 0
5520 -0.17811 -0.00875136 0.01 72 72 0 0 0
5532 -0.194326 -0.00871143 0.01 72 72 0 0 0
5573 -0.146306 -0.00847444 0.01 72 72 0 0 0
5576 -0.11715 -0.00948435 0.01 45 45 0 0 0
5638 -0.170114 -0.00863326 0.01 72 72 0 0 0
5663 -0.205565 -0.00737322 0.01 113 113 0 0 0
5696 -0.19675 -0.00737322 0.01 112 112 0 0 0
5698 -0.125681 -0.00970748 0.01 45 45 0 0 0
5717 -0.156177 -0.008866 0.01 72 72 0 0 0
5721 -0.202359 -0.00737322 0.01 112 112 0 0 0
5749 -0.142969 -0.00904188 0.01 72 72 0 0 0
5751 -0.19675 -0.00737322 0.01 114 113 0 0 0
5758 -0.19675 -0.00737322 0.01 112 112 0 0 0
5759 -0.178951 -0.00885363 0.01 72 72 0 0 0
5763 -0.126679 -0.00922839 0.01 44 44 1.19954e-06 0 -0.000130204
5828 -0.19675 -0.00737322 0.01 113 113 0 0 0
5842 -0.158495 -0.00863326 0.01 72 72 0 0 0
5858 -0.144886 -0.00896302 0.01 72 72 0 0 0
5876 -0.126679 -0.00948435 0.01 44 44 0 0 0
5885 -0.142969 -0.00904188 0.01 72 72 0 0 0
5912 -0.19675 -0.00737322 0.01 112 112 0 0 0
5934 -0.19675 -0.00737322 0.01 112 112 0 0 0
5955 -0.177843 -0.00931783 0.01 72 72 0 0 0
5982 -0.148739 -0.00952208 0.01 72 72 0 0 0
6013 -0.126679 -0.00948435 0.01 45 45 0 0 0
6020 -0.136517 -0.00901971 0.01 72 74 0 0 0
6051 -0.19675 -0.00737322 0.01 113 113 0 0 0
6093 -0.19675 -0.00737322 0.01 113 113 0 0 0
6095 -0.19675 -0.00737322 0.01 113 113 0 0 0
6127 -0.11715 -0.00948435 0.01 43 43 0 0 0
6162 -0.177843 -0.0092675 0.01 72 72 0 0 0
6173 -0.202359 -0.00709887 0.01 112 112 0 0 0
6189 -0.19675 -0.00737322 0.01 112 112 0 0 0
6219 -0.132191 -0.0089305 0.01 72 72 0 0 0
6226 -0.19675 -0.00737322 0.01 112 112 0 0 0
6229 -0.126679 -0.00952759 0.01 45 45 0 0 0
6236 -0.202359 -0.00737322 0.01 112 112 0 0 0
6242 -0.135709 -0.00831427 0.01 72 72 0 0 0
6257 -0.19675 -0.00737322 0.01 113 113 0 0 0
6266 -0.181382 -0.0088799 0.01 72 72 0 0 0
6270 -0.199538 -0.00695401 0.01 114 114 0 0 0
6324 -0.19675 -0.00737322 0.01 112 112 0 0 0
6366 -0.183225 -0.00847278 0.01 72 72 0 0 0
6394 -0.11715 -0.00948435 0.01 45 45 0 0 0
6406 -0.19675 -0.00737322 0.01 112 112 0 0 0
6410 -0.199538 -0.00710874 0.01 114 114 0 0 0
6432 -0.202359 -0.00737322 0.01 112 112 0 0 0
6451 -0.19675 -0.00737322 0.01 112 113 0 0 0
6454 -0.19675 -0.00737322 0.01 112 112 0 0 0
6464 -0.19675 -0.00737322 0.01 113 113 0 0 0
6465 -0.177843 -0.00931783 0.01 72 72 0 0 0
6485 -0.142969 -0.00904188 0.01 72 72 0 0 0
6522 -0.19675 -0.00737322 0.01 113 113 0 0 0
6551 -0.138491 -0.00895965 0.01 72 72 0 0 0
6553 -0.202359 -0.00737322 0.01 112 112 0 0 0
6579 -0.138491 -0.00895965 0.01 72 72 0 0 0
6586 -0.11715 -0.00910547 0.01 45 45 0 0 0
6592 -0.126679 -0.00948435 0.01 45 45 0 0 0
6600 -0.19675 -0.00737322 0.01 112 112 0 0 0
6623 -0.11715 -0.00910547 0.01 45 45 0 0 0
6628 -0.1975 -0.00737322 0.01 112 112 0 0 0
6630 -0.126679 -0.00948435 0.01 43 44 0 0 0
6641 -0.143207 -0.00904084 0.01 72 72 0 0 0
6667 -0.163883 -0.00882965 0.01 72 72 0 0 0
6721 -0.199538 -0.00710874 0.01 114 114 0 0 0
6727 -0.19675 -0.00737322 0.01 112 112 0 0 0
6749 -0.145992 -0.00904188 0.01 72 72 0 0 0
6758 -0.114078 -0.00864796 0.01 72 72 0 0 0
6765 -0.19675 -0.00737322 0.01 113 113 0 0 0
6788 -0.11715 -0.00910547 0.01 45 45 0 0 0
6799 -0.1879 -0.00879031 0.01 72 72 -2.80142e-05 0 -8.0443e-05
6815 -0.199538 -0.00710874 0.01 114 114 0 0 0
6860 -0.19675 -0.00737322 0.01 113 113 0 0 0
6875 -0.147268 -0.00904188 0.01 72 73 0 0 0
6886 -0.11715 -0.00910547 0.01 45 45 0 0 0
6933 -0.11715 -0.00896612 0.01 45 45 -2.29478e-06 0 0.000139347
6939 -0.199538 -0.00692116 0.01 114 114 0 0 0
6953 -0.167209 -0.00878771 0.01 72 72 0 0 0
6955 -0.163883 -0.00882965 0.01 72 72 0 0 0
6962 -0.19675 -0.00737322 0.01 112 112 0 0 0
6982 -0.19675 -0.00737322 0.01 112 112 0 0 0
6995 -0.158016 -0.00863326 0.01 72 73 0 0 0
7023 -0.11715 -0.00948435 0.01 45 45 0 0 0
7048 -0.126679 -0.00988274 0.01 44 45 0 0 0
7100 -0.202359 -0.00737322 0.01 112 112 0 0 0
7116 -0.126679 -0.00948435 0.01 45 45 0 0 0
7150 -0.19675 -0.00737322 0.01 113 113 0 0 0
7161 -0.19675 -0.00737322 0.01 112 112 0 0 0
7166 -0.112874 -0.00948435 0.01 45 45 0 0 0
7184 -0.11715 -0.00948435 0.01 45 45 0 0 0
7196 -0.202359 -0.00737322 0.01 112 112 0 0 0
7200 -0.158495 -0.00863326 0.01 72 72 0 0 0
7209 -0.177682 -0.00906408 0.01 72 73 0 0 0
7243 -0.19675 -0.00737322 0.01 113 113 0 0 0
7247 -0.199538 -0.00710874 0.01 114 114 0 0 0
7257 -0.11715 -0.00948435 0.01 45 45 0 0 0
7259 -0.199538 -0.00710874 0.01 114 114 0 0 0
7262 -0.194326 -0.00859639 0.01 72 72 0 0 0
7263 -0.202359 -0.00737322 0.01 113 112 0 0 0
7280 -0.160824 -0.00882965 0.01 72 72 0 0 0
7311 -0.11715 -0.00948435 0.01 45 45 0 0 0
7324 -0.19675 -0.00737322 0.01 112 112 0 0 0
7337 -0.132635 -0.00919129 0.01 72 72 0 0 0
7378 -0.146306 -0.00847444 0.01 72 72 0 0 0
7393 -0.19675 -0.00737322 0.01 112 112 0 0 0
7425 -0.19675 -0.00737322 0.01 112 112 0 0 0
7432 -0.167209 -0.00878771 0.01 72 72 0 0 0
7440 -0.199538 -0.00692116 0.01 114 114 0 0 0
7446 -0.159163 -0.00933414 0.01 72 72 0 0 0
7449 -0.158495 -0.00824655 0.01 72 72 0 0 0
7492 -0.11715 -0.00948435 0.01 45 45 0 0 0
7513 -0.158495 -0.00863326 0.01 72 72 0 0 0
7530 -0.19675 -0.00737322 0.01 112 112 0 0 0
7542 -0.215346 -0.00737322 0.01 113 113 0 0 0
7552 -0.204513 -0.00724596 0.01 112 112 0.0771088 -0.00776291 0
7586 -0.126679 -0.00948435 0.01 45 45 0 0 0
7610 -0.19675 -0.00737322 0.01 112 112 0 0 0
7671 -0.157843 -0.00877266 0.01 72 72 0 0 0
7740 -0.19675 -0.00737322 0.01 112 112 0 0 0
7776 -0.19675 -0.00737322 0.01 112 112 0 0 0
7779 -0.156819 -0.00875132 0.01 72 72 0 0 0
7793 -0.164678 -0.00863326 0.01 72 72 0 0 0
7801 -0.19675 -0.00737322 0.01 112 112 0 0 0
7819 -0.202359 -0.00737322 0.01 112 112 0 0 0
7858 -0.146306 -0.00847444 0.01 72 73 0 0 0
7872 -0.19675 -0.00737322 0.01 113 113 0 0 0
7968 -0.126679 -0.00952759 0.01 45 45 0 0 0
7983 -0.159163 -0.00933414 0.01 72 72 0 0 0
8015 -0.199538 -0.00710874 0.01 114 114 0 0 0
8028 -0.128325 -0.00948435 0.01 44 44 0 0 0
8032 -0.19675 -0.00737322 0.01 112 112 0 0 0
8053 -0.199538 -0.00696524 0.01 114 114 0 0 0
8058 -0.126679 -0.00948435 0.01 45 45 0 0 0
8079 -0.202359 -0.00737322 0.01 112 112 0 0 0
8094 -0.199538 -0.00710874 0.01 114 114 0 0 0
8124 -0.205581 -0.00878079 0.01 72 72 0 0 0
8136 -0.11715 -0.00948435 0.01 45 45 0 0 0
8162 -0.147268 -0.00901759 0.01 72 72 0 0 0
8163 -0.11715 -0.00910547 0.01 45 45 0 0 0
8189 -0.126679 -0.00948435 0.01 44 45 0 0 0
8237 -0.199538 -0.00710874 0.01 114 114 0 0 0
8243 -0.132635 -0.00919129 0.01 72 72 0 0 0
8263 -0.126679 -0.00948435 0.01 44 44 0 0 0
8327 -0.138491 -0.00895965 0.01 72 72 0 0 0
8334 -0.19675 -0.00737322 0.01 113 113 0 0 0
8368 -0.19675 -0.00737322 0.01 112 112 0 0 0
8378 -0.19675 -0.00737322 0.01 112 112 0 0 0
8436 -0.11715 -0.00948435 0.01 45 45 0 0 0
8458 -0.160483 -0.00899912 0.01 72 72 0 0 0
8505 -0.19675 -0.00737322 0.01 112 112 0 0 0
8507 -0.11715 -0.00910547 0.01 45 45 0 0 0
8533 -0.189787 -0.00878079 0.01 72 72 0 0 0
8585 -0.156819 -0.00875132 0.01 72 72 0 0 0
8598 -0.213307 -0.00737322 0.01 113 113 0 0 0
8646 -0.157303 -0.00895817 0.01 72 72 0 0 0
8656 -0.19675 -0.00737322 0.01 113 113 0 0 0
8661 -0.126679 -0.0093096 0.01 45 45 0 0 0
8686 -0.199538 -0.0069307 0.01 114 114 0.0519844 0 0.000178036
8719 -0.213307 -0.00737322 0.01 113 113 0.172358 -0.016557 0
8773 -0.19675 -0.00737322 0.01 112 112 0 0 0
8803 -0.130887 -0.00948435 0.01 45 46 0 0 0
8812 -0.141876 -0.00883591 0.01 72 72 0 0 0
8822 -0.121712 -0.00909818 0.01 44 44 -6.3926e-06 0.00496635 0
8833 -0.126679 -0.00909818 0.01 45 45 0 0 0
8835 -0.125681 -0.00966296 0.01 45 45 0 0 0
8840 -0.11715 -0.00910547 0.01 45 45 0 0 0
8844 -0.147268 -0.00904188 0.01 72 72 0 0 0
8870 -0.138491 -0.00895965 0.01 72 72 0 0 0
8875 -0.124045 -0.00948435 0.01 45 45 0 0 0
8891 -0.126679 -0.00948435 0.01 44 44 0 0 0
8894 -0.165669 -0.00884156 0.01 72 72 0 0 0
8904 -0.158495 -0.00863326 0.01 72 72 0 0 0
8907 -0.147268 -0.00904188 0.01 72 72 0 0 0
8986 -0.145236 -0.00940678 0.01 72 72 0 0 0
8987 -0.160824 -0.00874119 0.01 72 72 0 0 0
9006 -0.11715 -0.00910547 0.01 45 45 0 0 0
9020 -0.151883 -0.00904084 0.01 72 72 0 0 0
9024 -0.199538 -0.00710874 0.01 114 114 0 0 0
9048 -0.193799 -0.00929501 0.01 72 72 0 0 0
9057 -0.19675 -0.0073993 0.01 113 113 0 0 0
9059 -0.194326 -0.00835604 0.01 72 72 0 0 0
9071 -0.177843 -0.0092675 0.01 72 72 0 0 0
9073 -0.11715 -0.00896612 0.01 45 45 0 0 0
9074 -0.19675 -0.00737322 0.01 113 113 0 0 0
9080 -0.158495 -0.00863326 0.01 72 72 0 0 0
9125 -0.11715 -0.00910547 0.01 45 45 0 0 0
9132 -0.11715 -0.00948435 0.01 44 45 0 0 0
9134 -0.189787 -0.00888369 0.01 72 72 -3.39746e-05 0 -0.000102896
9204 -0.126679 -0.00909818 0.01 44 44 0 0 0
9218 -0.155643 -0.0083954 0.01 72 72 0 0 0
9219 -0.202359 -0.00737322 0.01 113 112 0 0 0
9232 -0.19675 -0.00737322 0.01 113 113 0 0 0
9233 -0.19675 -0.00737322 0.01 113 113 0 0 0
9239 -0.126679 -0.00948435 0.01 45 46 0 0 0
9251 -0.126679 -0.00909818 0.01 45 45 0 0 0
9254 -0.126679 -0.00948435 0.01 44 44 0 0 0
9291 -0.128325 -0.00948435 0.01 44 44 0 0 0
9304 -0.138491 -0.00895965 0.01 72 72 0 0 0
9322 -0.138491 -0.00895965 0.01 72 72 0 0 0
9372 -0.202352 -0.00929501 0.01 72 72 0 0 0
9381 -0.181382 -0.0088799 0.01 72 72 0 0 0
9386 -0.184071 -0.00864677 0.01 72 72 8.30293e-05 0 0.000206864
9388 -0.19675 -0.00737322 0.01 112 112 0 0 0
9400 -0.126679 -0.00909818 0.01 44 44 0 0 0
9406 -0.180997 -0.00929501 0.01 72 72 0 0 0
9415 -0.138491 -0.00895965 0.01 72 72 0 0 0
9445 -0.19675 -0.00737322 0.01 112 112 0 0 0
9468 -0.202359 -0.00737322 0.01 112 112 0 0 0
9501 -0.162212 -0.00917636 0.01 72 72 0 0 0
9532 -0.202352 -0.00929501 0.01 72 72 0 0 0
9567 -0.19675 -0.00737322 0.01 113 113 0 0 0
9577 -0.19675 -0.00737322 0.01 113 113 0 0 0
9620 -0.159163 -0.00933414 0.01 72 72 0 0 0
9633 -0.19675 -0.00737322 0.01 113 113 0 0 0
9637 -0.127514 -0.0089305 0.01 72 72 0 0 0
9648 -0.11715 -0.00948435 0.01 45 46 0 0 0
9651 -0.11715 -0.00910547 0.01 45 45 0 0 0
9668 -0.147268 -0.00904188 0.01 72 72 0 0 0
9692 -0.147268 -0.00904188 0.01 72 72 0 0 0
9702 -0.126679 -0.0093096 0.01 45 45 0 0 0
9714 -0.136141 -0.00864796 0.01 72 72 0 0 0
9748 -0.19675 -0.00737322 0.01 113 113 0 0 0
9751 -0.138491 -0.00895965 0.01 72 72 0 0 0
9813 -0.202359 -0.00737322 0.01 112 112 0 0 0
9814 -0.11715 -0.00910547 0.01 44 44 0 0 0
9826 -0.19675 -0.00737322 0.01 113 113 0 0 0
9827 -0.126679 -0.0094127 0.01 44 44 -7.30157e-07 0 8.74549e-05
9870 -0.171202 -0.00863326 0.01 72 71 0 0 0
9899 -0.156819 -0.00875132 0.01 72 72 0 0 0
9917 -0.126679 -0.00948435 0.01 45 45 0 0 0
9942 -0.199538 -0.00710874 0.01 114 114 0 0 0
9963 -0.126679 -0.00958396 0.01 44 44 6.78003e-07 0 -8.38041e-05
9965 -0.136141 -0.00864796 0.01 72 71 0 0 0
9984 -0.183225 -0.00847278 0.01 72 72 0 0 0
10100 -0.156819 -0.00875132 0.01 72 72 0 0 0
10178 -0.135709 -0.00891804 0.01 72 72 0 0 0
10209 -0.134104 -0.00883591 0.01 72 72 -0.00281672 0.0077727 0
10210 -0.11715 -0.00948435 0.01 45 45 0 0 0
10235 -0.146306 -0.00847444 0.01 72 72 0 0 0
10260 -0.19675 -0.00732356 0.01 112 112 0 0 0
10277 -0.126679 -0.00948435 0.01 44 44 0 0 0
10325 -0.126679 -0.0093096 0.01 45 45 0 0 0
10333 -0.203907 -0.00732356 0.01 112 112 0 0 0
10334 -0.19675 -0.00737322 0.01 112 112 0 0 0
10383 -0.19675 -0.00737322 0.01 113 113 0 0 0
10394 -0.215346 -0.00737322 0.01 113 113 0 0 0
10427 -0.19675 -0.00746048 0.01 112 112 0 0 0
10435 -0.127514 -0.0089305 0.01 72 72 0 0 0
10495 -0.160483 -0.00899912 0.01 72 72 0 0 0
10513 -0.165669 -0.00884156 0.01 72 72 0 0 0
10518 -0.189787 -0.00873008 0.01 72 71 0 0 0
10527 -0.183225 -0.00870986 0.01 72 72 0 0 0
10530 -0.19675 -0.00737322 0.01 112 112 0 0 0
10542 -0.199538 -0.00695401 0.01 114 114 0 0 0
10583 -0.145992 -0.00904188 0.01 72 72 0 0 0
10584 -0.194326 -0.00898912 0.01 72 73 -0.000104159 0 -0.000277683
10593 -0.154429 -0.00833849 0.01 72 72 0 0 0
10655 -0.127514 -0.0089305 0.01 72 72 0 0 0
10684 -0.124758 -0.00894408 0.01 72 72 0 0 0
10778 -0.19675 -0.00737322 0.01 113 113 0 0 0
10803 -0.126679 -0.00950016 0.01 44 44 1.3411e-07 0 -1.58045e-05
10859 -0.202359 -0.00737322 0.01 112 112 0 0 0
10862 -0.19675 -0.00737322 0.01 112 112 0 0 0
10873 -0.144886 -0.00896302 0.01 72 71 0 0 0
10882 -0.156819 -0.00875132 0.01 72 72 0 0 0
10891 -0.2104 -0.00695401 0.01 114 114 0 0 0
10973 -0.126679 -0.00948435 0.01 45 44 0 0 0
10991 -0.172713 -0.00906408 0.01 72 72 0 0 0
10992 -0.199538 -0.00710874 0.01 114 114 0 0 0
10994 -0.199538 -0.00710874 0.01 114 114 0 0 0
11011 -0.19675 -0.00737322 0.01 112 112 0 0 0
11017 -0.163883 -0.00882965 0.01 72 72 0 0 0
11031 -0.114957 -0.00948435 0.01 45 46 0 0 0
11060 -0.11715 -0.00905681 0.01 44 44 -6.70552e-07 0 4.86542e-05
11103 -0.171171 -0.00878771 0.01 72 72 0 0 0
11125 -0.126679 -0.00948435 0.01 45 45 0 0 0
11132 -0.207712 -0.00737322 0.01 112 112 0.110035 -0.0109616 0
11170 -0.199538 -0.00737322 0.01 113 113 0 0 0
11209 -0.19675 -0.00746048 0.01 112 112 0 0 0
11225 -0.19675 -0.00737322 0.01 112 112 0 0 0
11245 -0.162212 -0.0090122 0.01 72 72 0 0 0
11247 -0.11715 -0.00910547 0.01 45 45 0 0 0
11256 -0.126679 -0.00948435 0.01 45 45 0 0 0
11259 -0.136517 -0.00919732 0.01 72 72 0 0 0
11263 -0.199538 -0.00710874 0.01 114 114 0 0 0
11275 -0.17811 -0.00875136 0.01 72 72 0 0 0
11282 -0.19675 -0.00737322 0.01 113 113 0 0 0
11286 -0.11715 -0.00910547 0.01 45 45 0 0 0
11299 -0.130887 -0.00966296 0.01 44 44 0 0 0
11305 -0.136517 -0.00919732 0.01 72 72 0 0 0
11321 -0.147268 -0.00904188 0.01 72 72 0 0 0
11364 -0.126679 -0.00948435 0.01 44 44 0 0 0
11389 -0.11715 -0.00948435 0.01 45 45 0 0 0
11416 -0.19675 -0.00737322 0.01 112 112 0 0 0
11424 -0.103378 -0.00910547 0.01 45 45 -3.91603e-05 0.0137721 0
11438 -0.19675 -0.00737322 0.01 113 113 0 0 0
11462 -0.11715 -0.00948435 0.01 45 45 0 0 0
11464 -0.19675 -0.00737322 0.01 113 113 0 0 0
11481 -0.112874 -0.00948435 0.01 45 45 0 0 0
11487 -0.126679 -0.00948435 0.01 44 44 0 0 0
11494 -0.147268 -0.00904188 0.01 72 72 0 0 0
11512 -0.19675 -0.00737322 0.01 112 112 0 0 0
11530 -0.19675 -0.0073993 0.01 113 113 0 0 0
11548 -0.199538 -0.00692116 0.01 114 114 0.0547251 0 0.000187582
11570 -0.177843 -0.0092675 0.01 72 72 0 0 0
11597 -0.128325 -0.00948435 0.01 44 44 0 0 0
11605 -0.126679 -0.00909818 0.01 45 45 0 0 0
11607 -0.159163 -0.00933414 0.01 72 72 0 0 0
11620 -0.156819 -0.00872363 0.01 72 72 3.0145e-05 0 2.76901e-05
11621 -0.19675 -0.00737322 0.01 113 113 0 0 0
11629 -0.199538 -0.00710874 0.01 114 114 0 0 0
11656 -0.11715 -0.00948435 0.01 45 45 0 0 0
11657 -0.126679 -0.00948435 0.01 45 45 0 0 0
11665 -0.11715 -0.00896612 0.01 45 45 0 0 0
11700 -0.180997 -0.00929501 0.01 72 71 0 0 0
11725 -0.126679 -0.00988274 0.01 44 45 0 0 0
11737 -0.126679 -0.00909818 0.01 44 44 0 0 0
11738 -0.215346 -0.00716965 0.01 113 113 0 0 0
11739 -0.156177 -0.00970841 0.01 72 72 0 0 0
11756 -0.199538 -0.00710874 0.01 114 114 0 0 0
11785 -0.132191 -0.0089305 0.01 72 72 0 0 0
11793 -0.11715 -0.00948435 0.01 45 45 0 0 0
11801 -0.19675 -0.00737322 0.01 113 113 0 0 0
11896 -0.136141 -0.00864796 0.01 72 71 0 0 0
11900 -0.125681 -0.00970748 0.01 45 45 0 0 0
11902 -0.19675 -0.00737322 0.01 113 113 0 0 0
11927 -0.215346 -0.00737322 0.01 113 113 0 0 0
11996 -0.143207 -0.00904084 0.01 72 72 0 0 0
12023 -0.19675 -0.00737322 0.01 112 112 0 0 0
12025 -0.194326 -0.00871143 0.01 72 73 0 0 0
12066 -0.19675 -0.00737322 0.01 113 113 0 0 0
12104 -0.11715 -0.00948435 0.01 45 45 0 0 0
12204 -0.173027 -0.0090026 0.01 72 72 0 0 0
12220 -0.128706 -0.00864796 0.01 72 72 0 0 0
12307 -0.19675 -0.00737322 0.01 112 112 0 0 0
12321 -0.126679 -0.00948435 0.01 45 45 0 0 0
12323 -0.147268 -0.009121 0.01 72 72 0 0 0
12357 -0.126679 -0.00948435 0.01 45 45 0 0 0
12377 -0.126679 -0.00948435 0.01 45 45 0 0 0
12381 -0.194326 -0.00835604 0.01 72 71 0 0 0
12389 -0.144886 -0.00896302 0.01 72 71 0 0 0
12390 -0.134226 -0.00948435 0.01 45 46 0 0 0
12395 -0.19675 -0.00737322 0.01 112 112 0 0 0
12405 -0.19675 -0.00737322 0.01 113 113 0 0 0
12406 -0.147268 -0.00904188 0.01 72 72 0 0 0
12407 -0.19675 -0.00737322 0.01 112 112 0 0 0
12455 -0.126679 -0.00914203 0.01 44 44 0 0 0
12467 -0.11715 -0.00948435 0.01 45 48 0 0 0
12505 -0.19675 -0.00737322 0.01 113 113 0 0 0
12533 -0.19675 -0.00737322 0.01 112 112 0 0 0
12539 -0.19675 -0.00737322 0.01 112 112 0 0 0
12558 -0.126861 -0.00918906 0.01 72 73 0 0 0
12561 -0.126679 -0.00988274 0.01 45 45 0 0 0
12586 -0.19675 -0.00737322 0.01 112 112 0 0 0
12609 -0.126679 -0.00909818 0.01 44 44 0 0 0
12637 -0.127514 -0.0089305 0.01 72 73 0 0 0
12657 -0.19675 -0.00737322 0.01 112 112 0 0 0
12710 -0.126679 -0.00948435 0.01 45 45 0 0 0
12729 -0.160483 -0.00899912 0.01 72 72 0 0 0
12754 -0.193799 -0.00913544 0.01 72 71 0 0 0
12783 -0.19675 -0.00737322 0.01 113 113 0 0 0
12786 -0.19675 -0.00737322 0.01 113 113 0 0 0
12801 -0.130272 -0.00948435 0.01 44 45 4.42564e-06 -0.00359361 0
12805 -0.130272 -0.00948435 0.01 44 44 0 0 0
12840 -0.136141 -0.00864796 0.01 72 71 0 0 0
12894 -0.19675 -0.00732356 0.01 112 112 0 0 0
12937 -0.112874 -0.00948435 0.01 44 45 0 0 0
12996 -0.11715 -0.00910547 0.01 45 45 0 0 0
13058 -0.19675 -0.00737322 0.01 113 113 0 0 0
13069 -0.194326 -0.00859639 0.01 72 72 0 0 0
13141 -0.126679 -0.00948435 0.01 44 44 0 0 0
13145 -0.114078 -0.00864796 0.01 72 72 0 0 0
13201 -0.19675 -0.00737322 0.01 113 113 0 0 0
13206 -0.143207 -0.00904084 0.01 72 72 0 0 0
13207 -0.126679 -0.00952759 0.01 45 46 0 0 0
13244 -0.172713 -0.00906408 0.01 72 72 0 0 0
13266 -0.126679 -0.00948435 0.01 44 45 0 0 0
13281 -0.155422 -0.00911865 0.01 72 71 0 0 0
13292 -0.178951 -0.00885363 0.01 72 72 0 0 0
13295 -0.11715 -0.00948435 0.01 44 45 0 0 0
13297 -0.19675 -0.00737322 0.01 112 112 0 0 0
13306 -0.11715 -0.00910547 0.01 44 44 0 0 0
13375 -0.156177 -0.0090099 0.01 72 73 0 0 0
13377 -0.19675 -0.00737322 0.01 112 112 0 0 0
13384 -0.11715 -0.00948435 0.01 45 45 0 0 0
13400 -0.189787 -0.00878079 0.01 72 72 0 0 0
13414 -0.19675 -0.00737322 0.01 112 112 0 0 0
13436 -0.189787 -0.00878079 0.01 72 72 0 0 0
13468 -0.199538 -0.00737322 0.01 114 114 0 0 0
13473 -0.19675 -0.00756234 0.01 112 112 0 0 0
13494 -0.126679 -0.00948435 0.01 45 45 0 0 0
13517 -0.146049 -0.00878771 0.01 72 72 0 0 0
13521 -0.11715 -0.00948435 0.01 45 45 0 0 0
13545 -0.202359 -0.00737322 0.01 112 112 0 0 0
13549 -0.11715 -0.00948435 0.01 45 45 0 0 0
13573 -0.199538 -0.00695401 0.01 114 114 0 0 0
13597 -0.160483 -0.00904084 0.01 72 71 0 0 0
13609 -0.11715 -0.00948435 0.01 45 45 0 0 0
13625 -0.199538 -0.00710874 0.01 114 114 0 0 0
13628 -0.19675 -0.00737322 0.01 112 112 0 0 0
13648 -0.19675 -0.00737322 0.01 112 112 0 0 0
13654 -0.199538 -0.00696524 0.01 114 114 0 0 0
13655 -0.147268 -0.0093097 0.01 72 72 -0.000450701 0 -0.000267817
13658 -0.19675 -0.00737322 0.01 113 113 0 0 0
13681 -0.130272 -0.00948435 0.01 44 44 0 0 0
13684 -0.112874 -0.00948435 0.01 45 45 -8.9258e-06 0.00427579 0
13718 -0.176052 -0.00883498 0.01 72 72 0 0 0
13796 -0.19675 -0.00737322 0.01 112 112 0 0 0
13851 -0.184071 -0.00864677 0.01 72 72 0 0 0
13854 -0.177843 -0.00931783 0.01 72 72 0 0 0
13871 -0.177682 -0.00906408 0.01 72 72 0 0 0
13881 -0.126679 -0.00948435 0.01 44 44 0 0 0
13894 -0.19675 -0.00737322 0.01 113 113 0 0 0
13896 -0.16841 -0.00878771 0.01 72 72 -0.000315517 0.00276117 0
13900 -0.194326 -0.00871143 0.01 72 72 0 0 0
13907 -0.126679 -0.00948435 0.01 45 45 0 0 0
13920 -0.19675 -0.00737322 0.01 113 113 0 0 0
13939 -0.194326 -0.00859639 0.01 72 72 0 0 0
13944 -0.11715 -0.00918933 0.01 44 44 1.11759e-06 0 -8.38581e-05
13968 -0.130272 -0.00948435 0.01 44 44 0 0 0
13979 -0.141876 -0.00883591 0.01 72 72 0 0 0
13994 -0.126679 -0.00914203 0.01 44 44 0 0 0
13995 -0.148739 -0.00952208 0.01 72 72 0 0 0
14010 -0.199538 -0.00710874 0.01 114 114 0 0 0
14045 -0.199538 -0.00695401 0.01 114 114 0 0 0
14060 -0.126679 -0.00909818 0.01 44 44 0 0 0
14072 -0.11715 -0.00948435 0.01 43 45 0 0 0
14112 -0.162212 -0.00917636 0.01 72 72 0 0 0
14117 -0.177682 -0.00906408 0.01 72 72 0 0 0
14171 -0.193799 -0.00936635 0.01 72 72 0 0 0
14198 -0.148819 -0.00895965 0.01 72 72 0.00315882 -0.0103279 0
14205 -0.19675 -0.00737322 0.01 112 112 0 0 0
14232 -0.199538 -0.00692116 0.01 114 114 0 0 0
14234 -0.183225 -0.00847278 0.01 72 72 0 0 0
14269 -0.19675 -0.00737322 0.01 113 113 0 0 0
14276 -0.178951 -0.00885363 0.01 72 72 0 0 0
14277 -0.144398 -0.00875132 0.01 72 72 0 0 0
14296 -0.19675 -0.00737322 0.01 113 113 0 0 0
14345 -0.19675 -0.00737322 0.01 113 113 0 0 0
14413 -0.126679 -0.00948435 0.01 45 45 0 0 0
14415 -0.202359 -0.00737322 0.01 112 113 0 0 0
14428 -0.130887 -0.00966296 0.01 44 44 0 0 0
14440 -0.19675 -0.00737322 0.01 112 113 0 0 0
14473 -0.199538 -0.00710874 0.01 114 114 0 0 0
14495 -0.199538 -0.00710874 0.01 114 114 0 0 0
14508 -0.184071 -0.00885363 0.01 72 73 0 0 0
14544 -0.210589 -0.00929501 0.01 72 72 0 0 0
14550 -0.199538 -0.00710874 0.01 114 114 0 0 0
14562 -0.172713 -0.00896866 0.01 72 72 0 0 0
14595 -0.19675 -0.00737322 0.01 112 112 0 0 0
14605 -0.199538 -0.00737322 0.01 113 114 0 0 0
14629 -0.167209 -0.00878771 0.01 72 72 0 0 0
14635 -0.194326 -0.00870986 0.01 72 73 0 0 0
14639 -0.19675 -0.00732356 0.01 112 112 0 0 0
14648 -0.114078 -0.00864796 0.01 72 72 0 0 0
14684 -0.199538 -0.00710874 0.01 114 114 0 0 0
14726 -0.19675 -0.00737322 0.01 113 113 0 0 0
14728 -0.19675 -0.00737322 0.01 114 113 0 0 0
14754 -0.172713 -0.00906408 0.01 72 72 0 0 0
14755 -0.19675 -0.0073993 0.01 113 113 0 0 0
14792 -0.193799 -0.00929501 0.01 72 72 0 0 0
14821 -0.19675 -0.00737322 0.01 113 113 0 0 0
14897 -0.126679 -0.00952759 0.01 45 45 0 0 0
14909 -0.19675 -0.00737322 0.01 113 113 0 0 0
14925 -0.130887 -0.00948435 0.01 44 44 0 0 0
14928 -0.2194 -0.00859639 0.01 72 73 0 0 0
14954 -0.19675 -0.00737322 0.01 112 112 0 0 0
14959 -0.154429 -0.00833849 0.01 72 72 0 0 0
14990 -0.177843 -0.0092675 0.01 72 72 0 0 0
15006 -0.19675 -0.00737322 0.01 113 113 0 0 0
15011 -0.183225 -0.00847278 0.01 72 72 0 0 0
15016 -0.126679 -0.00948435 0.01 45 45 0 0 0
15064 -0.194326 -0.00858905 0.01 72 72 1.96695e-06 0 7.3351e-06
15077 -0.199538 -0.00695401 0.01 114 114 0 0 0
15110 -0.114078 -0.00847252 0.01 72 72 0 0 0
15144 -0.158495 -0.00824655 0.01 72 72 0 0 0
15162 -0.158819 -0.00851902 0.01 72 72 0 0 0
15177 -0.19675 -0.00737322 0.01 112 112 0 0 0
15211 -0.19675 -0.00737322 0.01 112 112 0 0 0
15231 -0.11715 -0.00910547 0.01 45 45 0 0 0
15234 -0.19675 -0.00737322 0.01 112 112 0 0 0
15265 -0.178951 -0.00885363 0.01 72 72 0 0 0
15272 -0.11715 -0.00910547 0.01 45 46 0 0 0
15278 -0.133782 -0.00889045 0.01 72 72 0 0 0
15298 -0.199538 -0.00710874 0.01 114 114 0 0 0
15313 -0.202359 -0.00737322 0.01 112 112 0 0 0
15357 -0.126679 -0.00948435 0.01 45 45 0 0 0
15362 -0.19675 -0.00724596 0.01 113 113 0 0 0
15370 -0.158495 -0.00824655 0.01 72 72 0.000371188 0 0.000386706
15383 -0.177682 -0.00906408 0.01 72 72 0 0 0
15407 -0.19675 -0.00737322 0.01 113 113 0 0 0
15417 -0.19675 -0.00737322 0.01 112 112 0 0 0
15445 -0.19675 -0.00737322 0.01 112 112 0 0 0
15473 -0.177682 -0.00906408 0.01 72 72 0 0 0
15476 -0.11715 -0.00910547 0.01 45 45 0 0 0
15501 -0.146306 -0.00847444 0.01 72 73 0 0 0
15509 -0.11715 -0.00948435 0.01 45 45 0 0 0
15510 -0.146054 -0.00952549 0.01 72 72 0 0 0
15518 -0.19675 -0.00737322 0.01 112 112 0 0 0
15523 -0.126679 -0.00988274 0.01 45 45 0 0 0
15547 -0.1879 -0.00870986 0.01 72 72 0 0 0
15552 -0.19675 -0.00737322 0.01 112 112 0 0 0
15553 -0.19675 -0.00737322 0.01 112 112 0 0 0
15628 -0.19675 -0.00737322 0.01 113 113 0 0 0
15654 -0.11715 -0.00948435 0.01 44 44 0 0 0
15661 -0.199538 -0.00695401 0.01 114 114 0 0 0
15674 -0.199538 -0.00710874 0.01 114 114 0 0 0
15686 -0.19675 -0.00737322 0.01 113 113 0 0 0
15693 -0.145236 -0.00940678 0.01 72 72 0 0 0
15698 -0.19675 -0.00737322 0.01 112 112 0 0 0
15720 -0.162212 -0.00917636 0.01 72 72 0 0 0
15747 -0.176052 -0.00883498 0.01 72 72 0 0 0
15783 -0.160483 -0.00904084 0.01 72 72 0 0 0
15788 -0.19675 -0.00737322 0.01 113 113 0 0 0
15792 -0.126679 -0.0093096 0.01 45 45 0 0 0
15811 -0.126679 -0.00952759 0.01 45 45 0 0 0
15814 -0.160483 -0.00904084 0.01 72 72 0 0 0
15882 -0.19675 -0.00737322 0.01 113 112 0 0 0
15933 -0.126679 -0.00948435 0.01 45 45 0 0 0
15937 -0.19675 -0.00737322 0.01 112 112 0 0 0
15955 -0.158495 -0.00850206 0.01 72 72 0 0 0
15956 -0.135709 -0.00831427 0.01 72 72 0 0 0
15971 -0.183225 -0.00854053 0.01 72 73 -3.52859e-05 0 -6.77556e-05
16019 -0.180997 -0.00929501 0.01 72 72 0 0 0
16025 -0.199538 -0.00710874 0.01 114 114 0 0 0
16026 -0.11715 -0.00948435 0.01 45 45 0 0 0
16046 -0.126679 -0.00948435 0.01 44 44 0 0 0
16050 -0.19675 -0.00737322 0.01 112 112 0 0 0
16064 -0.194326 -0.00859639 0.01 72 72 0 0 0
16091 -0.11715 -0.00948435 0.01 45 45 0 0 0
16097 -0.11715 -0.00910547 0.01 43 45 0 0 0
16105 -0.199538 -0.00692116 0.01 114 114 0 0 0
16132 -0.128142 -0.00948435 0.01 45 46 0 0 0
16158 -0.19675 -0.00737322 0.01 113 112 0 0 0
16209 -0.126679 -0.00948435 0.01 44 45 0 0 0
16216 -0.173953 -0.00863326 0.01 72 71 0 0 0
16225 -0.128706 -0.00864796 0.01 72 72 0 0 0
16237 -0.202359 -0.00737322 0.01 112 112 0 0 0
16253 -0.180997 -0.00929501 0.01 72 72 0 0 0
16295 -0.128325 -0.00948435 0.01 44 44 0 0 0
16312 -0.11715 -0.00910547 0.01 45 45 0 0 0
16335 -0.11715 -0.00910547 0.01 44 44 0 0 0
16339 -0.133782 -0.00889045 0.01 72 71 0 0 0
16389 -0.177098 -0.00853384 0.01 72 72 0 0 0
16402 -0.19675 -0.00737322 0.01 114 113 0 0 0
16417 -0.199538 -0.00692116 0.01 114 114 0 0 0
16434 -0.157843 -0.00877266 0.01 72 72 0 0 0
16467 -0.156819 -0.00872363 0.01 72 72 0 0 0
16489 -0.11715 -0.00896612 0.01 45 45 0 0 0
16583 -0.199538 -0.00710874 0.01 114 114 0 0 0
16586 -0.189787 -0.00878079 0.01 72 72 0 0 0
16596 -0.126679 -0.00909818 0.01 45 45 0 0 0
16600 -0.193799 -0.009445 0.01 72 72 0 0 0
16635 -0.19675 -0.00737322 0.01 112 112 0 0 0
16646 -0.160483 -0.00899912 0.01 72 72 0 0 0
16661 -0.156819 -0.00875132 0.01 72 72 0 0 0
16664 -0.183225 -0.00870986 0.01 72 72 0 0 0
16671 -0.19675 -0.00737322 0.01 112 112 0 0 0
16672 -0.199538 -0.00710874 0.01 114 114 0 0 0
16686 -0.215346 -0.00716965 0.01 113 113 0 0 0
16688 -0.160483 -0.00904084 0.01 72 72 0 0 0
16722 -0.126679 -0.00909818 0.01 45 45 0 0 0
16725 -0.165061 -0.00899518 0.01 72 72 0 0 0
16763 -0.19675 -0.00737322 0.01 113 113 0 0 0
16805 -0.19675 -0.00737322 0.01 113 113 0 0 0
16818 -0.112874 -0.00948435 0.01 45 45 0 0 0
16836 -0.19675 -0.00737322 0.01 113 113 0 0 0
16890 -0.202359 -0.00737322 0.01 112 112 0 0 0
16894 -0.126679 -0.00948435 0.01 45 45 0 0 0
16905 -0.199538 -0.00710874 0.01 114 114 0 0 0
16914 -0.154429 -0.00833849 0.01 72 72 0 0 0
16978 -0.162212 -0.00917636 0.01 72 72 0 0 0
16984 -0.199538 -0.00710874 0.01 114 114 0 0 0
17003 -0.19675 -0.00737322 0.01 112 112 0 0 0
17057 -0.126679 -0.00948435 0.01 45 46 0 0 0
17068 -0.19675 -0.00737322 0.01 112 112 0 0 0
17073 -0.114078 -0.00864796 0.01 72 72 0 0 0
17081 -0.202359 -0.00737322 0.01 112 112 0 0 0
17136 -0.126679 -0.00948435 0.01 45 45 0 0 0
17145 -0.19675 -0.00737322 0.01 113 113 0 0 0
17152 -0.129437 -0.00909987 0.01 45 45 0 0 0
17219 -0.184071 -0.00885363 0.01 72 72 0 0 0
17224 -0.19675 -0.00737322 0.01 113 113 0 0 0
17225 -0.156819 -0.00875132 0.01 72 72 0 0 0
17250 -0.167209 -0.00878771 0.01 72 72 0 0 0
17275 -0.2104 -0.00695401 0.01 114 114 0.110478 -0.0108624 0
17285 -0.17811 -0.00875136 0.01 72 72 0 0 0
17325 -0.125681 -0.00966296 0.01 45 45 0 0 0
17338 -0.19675 -0.00737322 0.01 112 112 0 0 0
17341 -0.19675 -0.00737322 0.01 113 113 0 0 0
17370 -0.11715 -0.00948435 0.01 45 45 0 0 0
17377 -0.138491 -0.00895965 0.01 72 72 0 0 0
17382 -0.20692 -0.00737322 0.01 113 113 0.107982 -0.0101697 0
17386 -0.126679 -0.00948435 0.01 44 44 0 0 0
17413 -0.147268 -0.00904188 0.01 72 72 0 0 0
17418 -0.126679 -0.00914203 0.01 44 45 0 0 0
17435 -0.206757 -0.00719928 0.01 112 112 0.143752 -0.0100067 0.000173943
17470 -0.19675 -0.00737322 0.01 113 113 0 0 0
17489 -0.19675 -0.00737322 0.01 112 112 0 0 0
17529 -0.19675 -0.00737322 0.01 113 113 0 0 0
17631 -0.126679 -0.00988943 0.01 45 45 3.77744e-06 0 -0.000405073
17637 -0.147268 -0.00904188 0.01 72 72 0 0 0
17676 -0.112874 -0.00948435 0.01 45 45 0 0 0
17679 -0.194706 -0.00878079 0.01 72 72 0 0 0
17737 -0.19675 -0.00737322 0.01 112 113 0 0 0
17751 -0.157303 -0.00895817 0.01 72 72 0 0 0
17758 -0.19675 -0.00746048 0.01 112 112 0 0 0
17776 -0.19675 -0.00737322 0.01 113 113 0 0 0
17796 -0.11715 -0.00910547 0.01 43 44 0 0 0
17851 -0.19675 -0.00737322 0.01 112 112 0 0 0
17892 -0.138491 -0.00895965 0.01 72 72 0 0 0
17930 -0.171171 -0.00878771 0.01 72 72 0 0 0
17931 -0.126679 -0.00948435 0.01 44 44 0 0 0
17971 -0.11715 -0.00948435 0.01 45 45 0 0 0
18011 -0.19675 -0.00722492 0.01 113 113 0.0422173 0 0.000148301
18036 -0.132191 -0.00898773 0.01 72 72 0 0 0
18037 -0.126679 -0.00948435 0.01 44 44 0 0 0
18047 -0.2194 -0.00864161 0.01 72 72 -4.73857e-06 0 -4.52185e-05
18078 -0.11715 -0.00910547 0.01 45 45 0 0 0
18125 -0.177682 -0.00906408 0.01 72 72 0 0 0
18152 -0.199538 -0.00710874 0.01 114 114 0 0 0
18165 -0.19675 -0.00737322 0.01 112 111 0 0 0
18216 -0.126679 -0.00952759 0.01 44 45 0 0 0
18232 -0.147268 -0.00904188 0.01 72 72 0 0 0
18244 -0.202359 -0.00737322 0.01 112 112 0 0 0
18249 -0.126679 -0.00948435 0.01 45 45 0 0 0
18258 -0.112874 -0.00948435 0.01 45 45 0 0 0
18263 -0.183225 -0.00847278 0.01 72 72 0 0 0
18334 -0.138491 -0.00895965 0.01 72 72 0 0 0
18342 -0.126679 -0.00988274 0.01 44 44 0 0 0
18346 -0.128325 -0.00948435 0.01 44 44 0 0 0
18360 -0.189787 -0.00878079 0.01 72 72 0 0 0
18372 -0.138491 -0.00895965 0.01 72 72 0 0 0
18389 -0.19675 -0.00737322 0.01 112 112 0 0 0
18397 -0.199538 -0.00692116 0.01 114 114 0 0 0
18459 -0.128325 -0.00948435 0.01 44 44 0 0 0
18530 -0.19675 -0.00737322 0.01 113 113 0 0 0
18549 -0.126679 -0.00909818 0.01 45 45 0 0 0
18559 -0.19675 -0.00737322 0.01 112 112 0 0 0
18560 -0.126679 -0.00909818 0.01 44 44 0 0 0
18579 -0.126679 -0.00948435 0.01 44 44 0 0 0
18609 -0.183225 -0.00870986 0.01 72 73 0 0 0
18619 -0.19675 -0.00713602 0.01 113 113 0.0672902 0 0.000237201
18643 -0.19675 -0.00737322 0.01 112 112 0 0 0
18650 -0.177843 -0.0092675 0.01 72 72 0 0 0
18669 -0.19675 -0.0073993 0.01 113 113 0 0 0
18682 -0.130887 -0.00948435 0.01 45 48 0 0 0
18700 -0.158495 -0.00863326 0.01 72 72 0 0 0
18718 -0.181861 -0.00878771 0.01 72 72 0 0 0
18762 -0.11715 -0.00910547 0.01 45 45 0 0 0
18828 -0.177682 -0.00906408 0.01 72 72 0 0 0
18844 -0.19675 -0.00737322 0.01 113 113 0 0 0
18847 -0.19675 -0.0073993 0.01 113 113 0 0 0
18862 -0.205581 -0.00878079 0.01 72 72 0 0 0
18876 -0.130887 -0.00948435 0.01 44 44 0 0 0
18906 -0.162212 -0.00917636 0.01 72 73 0 0 0
18967 -0.199538 -0.00710874 0.01 114 114 0 0 0
18974 -0.112874 -0.00948435 0.01 45 45 0 0 0
19001 -0.199538 -0.00710874 0.01 114 114 0 0 0
19067 -0.126679 -0.00909818 0.01 44 44 0 0 0
19068 -0.19675 -0.00737322 0.01 113 113 0 0 0
19070 -0.164678 -0.00863326 0.01 72 72 0 0 0
19085 -0.126679 -0.0105813 0.01 45 46 0 0 0
19098 -0.130887 -0.00966296 0.01 44 47 0 0 0
19104 -0.147268 -0.00904188 0.01 72 72 0 0 0
19113 -0.177682 -0.00906408 0.01 72 72 0 0 0
19141 -0.2194 -0.00864161 0.01 72 72 0 0 0
19149 -0.158495 -0.00863326 0.01 72 72 0 0 0
19171 -0.19675 -0.00737322 0.01 113 113 0 0 0
19174 -0.157843 -0.00877266 0.01 72 72 0 0 0
19186 -0.19675 -0.00737322 0.01 113 113 0 0 0
19199 -0.128325 -0.00948435 0.01 45 44 0 0 0
19244 -0.177682 -0.00906408 0.01 72 72 0 0 0
19247 -0.19675 -0.00737322 0.01 113 113 0 0 0
19273 -0.19675 -0.00737322 0.01 112 112 0 0 0
19289 -0.19675 -0.00737322 0.01 113 113 0 0 0
19380 -0.178951 -0.00885363 0.01 72 72 0 0 0
19391 -0.215346 -0.00716965 0.01 113 113 0 0 0
19400 -0.19675 -0.00737322 0.01 112 113 0 0 0
19404 -0.19675 -0.00737322 0.01 112 112 0 0 0
19424 -0.19675 -0.00737322 0.01 112 112 0 0 0
19450 -0.176052 -0.00883498 0.01 72 72 0 0 0
19452 -0.11715 -0.00948435 0.01 45 45 0 0 0
19506 -0.199538 -0.00710874 0.01 114 114 0 0 0
19519 -0.125681 -0.00970748 0.01 45 45 0 0 0
19539 -0.19675 -0.00737322 0.01 112 112 0 0 0
19551 -0.193799 -0.009445 0.01 72 72 0 0 0
19556 -0.11715 -0.00948435 0.01 45 45 0 0 0
19578 -0.134104 -0.00883591 0.01 72 72 0 0 0
19630 -0.205565 -0.00737322 0.01 113 113 0 0 0
19635 -0.112874 -0.00948435 0.01 45 45 0 0 0
19642 -0.157843 -0.00877266 0.01 72 72 0 0 0
19647 -0.163883 -0.00882965 0.01 72 72 0 0 0
19667 -0.178951 -0.00941882 0.01 72 72 0 0 0
19668 -0.126679 -0.00948435 0.01 44 44 0 0 0
19675 -0.136517 -0.00901971 0.01 72 72 0 0 0
19684 -0.199538 -0.00710874 0.01 114 114 0 0 0
19687 -0.202359 -0.00737322 0.01 113 112 0 0 0
19712 -0.152389 -0.00891804 0.01 72 70 0 0 0
19728 -0.19675 -0.00737322 0.01 112 112 0 0 0
19762 -0.162212 -0.00917636 0.01 72 72 0 0 0
19771 -0.19675 -0.00737322 0.01 113 113 0 0 0
19784 -0.199538 -0.00737322 0.01 113 113 0 0 0
19818 -0.11715 -0.00910547 0.01 44 45 0 0 0
19825 -0.193799 -0.00936635 0.01 72 72 0 0 0
19842 -0.19675 -0.00737322 0.01 112 112 0 0 0
19852 -0.167209 -0.00878771 0.01 72 73 0 0 0
19857 -0.126679 -0.00952759 0.01 45 45 0 0 0
19861 -0.182963 -0.00943756 0.01 72 72 0 0 0
19885 -0.126679 -0.00909818 0.01 44 44 0 0 0
19911 -0.158495 -0.00863326 0.01 72 72 0 0 0
19946 -0.171202 -0.00863326 0.01 72 72 0 0 0
20042 -0.19675 -0.00746048 0.01 112 112 0 0 0
20062 -0.130887 -0.00948435 0.01 45 45 0 0 0
20067 -0.19675 -0.00737322 0.01 113 113 0 0 0
20096 -0.144398 -0.00875132 0.01 72 72 0 0 0
20114 -0.183225 -0.00870986 0.01 72 72 0 0 0
20123 -0.162212 -0.0090122 0.01 72 72 0 0 0
20137 -0.126679 -0.00948435 0.01 45 45 0 0 0
20163 -0.126679 -0.00948435 0.01 45 46 0 0 0
20184 -0.19675 -0.00737322 0.01 113 113 0 0 0
20206 -0.202359 -0.00737322 0.01 112 112 0 0 0
20226 -0.1464 -0.00883591 0.01 72 72 0 0 0
20232 -0.128325 -0.00948435 0.01 44 44 0 0 0
20256 -0.19675 -0.00737322 0.01 113 113 0 0 0
20295 -0.199538 -0.00710874 0.01 114 114 0 0 0
20320 -0.11715 -0.00948435 0.01 45 45 0 0 0
20330 -0.158495 -0.00863326 0.01 72 72 0 0 0
20341 -0.19675 -0.00737322 0.01 112 112 0 0 0
20378 -0.19675 -0.00737322 0.01 112 111 0 0 0
20380 -0.11715 -0.00910547 0.01 45 45 0 0 0
20386 -0.128325 -0.00948435 0.01 44 44 0 0 0
20409 -0.19675 -0.00737322 0.01 113 113 0 0 0
20443 -0.189787 -0.00817533 0.01 72 72 0 0 0
20468 -0.11715 -0.00966159 0.01 45 45 0 0 0
20482 -0.126679 -0.00948435 0.01 45 45 0 0 0
20483 -0.196855 -0.00737322 0.01 113 113 0.00113469 -0.000105292 0
20487 -0.11715 -0.00910547 0.01 45 45 0 0 0
20509 -0.215346 -0.00716965 0.01 113 113 0.0497655 0 0.000203572
20535 -0.202359 -0.00737322 0.01 112 112 0 0 0
20538 -0.156177 -0.0090099 0.01 72 72 0 0 0
20562 -0.19675 -0.00737322 0.01 112 112 0 0 0
20566 -0.199538 -0.00692116 0.01 114 114 0 0 0
20602 -0.11715 -0.00910547 0.01 44 44 0 0 0
20651 -0.199538 -0.00692116 0.01 114 114 0 0 0
20679 -0.194326 -0.00859639 0.01 72 72 0 0 0
20685 -0.132635 -0.00919129 0.01 72 72 0 0 0
20705 -0.19675 -0.00737322 0.01 113 113 0 0 0
20710 -0.213307 -0.00737322 0.01 113 113 0 0 0
20728 -0.205565 -0.00737322 0.01 113 113 0.0938944 -0.00881478 0
20775 -0.11715 -0.00948435 0.01 45 45 0 0 0
20820 -0.19675 -0.00737322 0.01 112 112 0 0 0
20847 -0.19675 -0.00737322 0.01 113 113 0 0 0
20853 -0.163883 -0.00882965 0.01 72 72 0 0 0
20856 -0.126679 -0.00950016 0.01 44 44 0 0 0
20870 -0.19675 -0.00737322 0.01 113 113 0 0 0
20890 -0.126679 -0.0093096 0.01 45 45 0 0 0
20898 -0.194326 -0.00871143 0.01 72 73 0 0 0
20915 -0.19675 -0.00737322 0.01 112 112 0 0 0
20935 -0.19675 -0.00737322 0.01 113 112 0 0 0
20959 -0.126679 -0.00988274 0.01 45 45 0 0 0
21000 -0.19675 -0.00737322 0.01 112 112 0 0 0
21011 -0.19675 -0.00737322 0.01 112 112 0 0 0
21020 -0.1975 -0.00737322 0.01 112 112 0 0 0
21028 -0.19675 -0.00737322 0.01 113 113 0 0 0
21052 -0.11715 -0.00910547 0.01 45 45 0 0 0
21060 -0.19675 -0.00737322 0.01 112 112 0 0 0
21062 -0.199538 -0.00710874 0.01 114 114 0 0 0
21074 -0.126679 -0.00909818 0.01 44 44 0 0 0
21083 -0.19675 -0.00737322 0.01 112 112 0 0 0
21087 -0.178951 -0.0090873 0.01 72 72 0 0 0
21103 -0.199538 -0.00710874 0.01 114 114 0 0 0
21112 -0.136517 -0.00919732 0.01 72 71 0 0 0
21123 -0.124132 -0.00948435 0.01 44 45 -3.52412e-06 0.00254645 0
21135 -0.199538 -0.00710874 0.01 114 114 0 0 0
21165 -0.126679 -0.00952759 0.01 45 45 0 0 0
21179 -0.199538 -0.00692116 0.01 114 114 0 0 0
21181 -0.202359 -0.00737322 0.01 112 112 0 0 0
21190 -0.157843 -0.00877266 0.01 72 72 0 0 0
21195 -0.199538 -0.00737322 0.01 114 114 0 0 0
21196 -0.162212 -0.00917636 0.01 72 72 0 0 0
21214 -0.19675 -0.00737322 0.01 113 113 0 0 0
21229 -0.19675 -0.00737322 0.01 112 112 0 0 0
21266 -0.199538 -0.00696524 0.01 114 114 0 0 0
21278 -0.144886 -0.00896302 0.01 72 71 0 0 0
21310 -0.199538 -0.00737322 0.01 113 113 0 0 0
21312 -0.19675 -0.00716082 0.01 113 113 0 0 0
21314 -0.19675 -0.00737322 0.01 112 112 0 0 0
21343 -0.19675 -0.00737322 0.01 113 113 0 0 0
21345 -0.11715 -0.00948435 0.01 45 45 0 0 0
21352 -0.126679 -0.00948435 0.01 44 44 0 0 0
21359 -0.19675 -0.00737322 0.01 112 112 0 0 0
21362 -0.199538 -0.00710874 0.01 114 114 0 0 0
21374 -0.11715 -0.00948435 0.01 45 45 0 0 0
21379 -0.156819 -0.00875132 0.01 72 72 0 0 0
21393 -0.19675 -0.00737322 0.01 114 113 0 0 0
21398 -0.168304 -0.00902617 0.01 72 73 0 0 0
21403 -0.126679 -0.00988274 0.01 45 45 0 0 0
21415 -0.128325 -0.00948435 0.01 44 44 0 0 0
21417 -0.19675 -0.00737322 0.01 113 113 0 0 0
21421 -0.19675 -0.0073993 0.01 113 113 0 0 0
21428 -0.11715 -0.00910547 0.01 44 44 0 0 0
21469 -0.126679 -0.00948435 0.01 44 44 0 0 0
21485 -0.199538 -0.00710874 0.01 114 114 0 0 0
21490 -0.202359 -0.00737322 0.01 112 112 0 0 0
21494 -0.19675 -0.00737322 0.01 113 113 0 0 0
21518 -0.157303 -0.00895817 0.01 72 72 0 0 0
21530 -0.19675 -0.00737322 0.01 112 112 0 0 0
21543 -0.199538 -0.00710874 0.01 114 114 0 0 0
21546 -0.19675 -0.00737322 0.01 112 112 0 0 0
21601 -0.19675 -0.00732356 0.01 112 112 0 0 0
21610 -0.147601 -0.0093619 0.01 72 72 0 0 0
21619 -0.19675 -0.00737322 0.01 112 112 0 0 0
21631 -0.19675 -0.00737322 0.01 112 112 0 0 0
21663 -0.19675 -0.00732356 0.01 112 112 0 0 0
21665 -0.11715 -0.00910547 0.01 45 44 0 0 0
21687 -0.199538 -0.00737322 0.01 113 113 0 0 0
21720 -0.19675 -0.00737322 0.01 113 113 0 0 0
21739 -0.199538 -0.00710874 0.01 114 114 0 0 0
21751 -0.126679 -0.00948435 0.01 45 46 0 0 0
21796 -0.19675 -0.00737322 0.01 113 113 0 0 0
21816 -0.19675 -0.00724596 0.01 112 112 0 0 0
21853 -0.19675 -0.00737322 0.01 113 113 0 0 0
21915 -0.126679 -0.00948435 0.01 44 45 0 0 0
21928 -0.19675 -0.00737322 0.01 112 112 0 0 0
21947 -0.154429 -0.00833849 0.01 72 72 0 0 0
21994 -0.126679 -0.00988274 0.01 45 45 0 0 0
22002 -0.126679 -0.0093096 0.01 45 45 0 0 0
22013 -0.141876 -0.00883591 0.01 72 72 0 0 0
22023 -0.19675 -0.00737322 0.01 113 113 0 0 0
22047 -0.184071 -0.00885363 0.01 72 72 0 0 0
22062 -0.11715 -0.00948435 0.01 45 45 0 0 0
22066 -0.126679 -0.00948435 0.01 45 45 0 0 0
22081 -0.147268 -0.00901759 0.01 72 72 0 0 0
22103 -0.11715 -0.00910547 0.01 45 45 0 0 0
22112 -0.158495 -0.00850206 0.01 72 72 0 0 0
22127 -0.128706 -0.00864796 0.01 72 71 0 0 0
22161 -0.199538 -0.00695401 0.01 114 114 0 0 0
22166 -0.194706 -0.00878079 0.01 72 72 0 0 0
22168 -0.19675 -0.00737322 0.01 113 112 0 0 0
22186 -0.215346 -0.00737322 0.01 113 113 0 0 0
22225 -0.128325 -0.00948435 0.01 44 44 0 0 0
22252 -0.160824 -0.00882965 0.01 72 72 0 0 0
22263 -0.19675 -0.00737322 0.01 113 113 0 0 0
22281 -0.19675 -0.00737322 0.01 113 113 0 0 0
22304 -0.126679 -0.00948435 0.01 45 45 0 0 0
22312 -0.160483 -0.00904084 0.01 72 72 0 0 0
22317 -0.178951 -0.00885363 0.01 72 72 0 0 0
22323 -0.126679 -0.00948435 0.01 44 44 0 0 0
22328 -0.11715 -0.00966159 0.01 45 45 0 0 0
22331 -0.177682 -0.00906408 0.01 72 72 0 0 0
22354 -0.19675 -0.00737322 0.01 112 112 0 0 0
22366 -0.19675 -0.00737322 0.01 112 112 0 0 0
22370 -0.194837 -0.00737322 0.01 112 112 0 0 0
22373 -0.126679 -0.00988274 0.01 45 45 0 0 0
22407 -0.126679 -0.00948435 0.01 44 44 0 0 0
22412 -0.19675 -0.00737322 0.01 113 113 0 0 0
22436 -0.19675 -0.00737322 0.01 112 112 0 0 0
22469 -0.19675 -0.00737322 0.01 112 112 0 0 0
22470 -0.19675 -0.00737322 0.01 113 113 0 0 0
22488 -0.17811 -0.00875136 0.01 72 71 0 0 0
22492 -0.124758 -0.00894408 0.01 72 72 0 0 0
22563 -0.165061 -0.00899518 0.01 72 72 0 0 0
22583 -0.147268 -0.009121 0.01 72 72 -0.000130489 0 -7.91205e-05
22607 -0.126679 -0.00948435 0.01 45 45 0 0 0
22622 -0.11715 -0.00910547 0.01 45 45 0 0 0
22627 -0.156177 -0.00970841 0.01 72 72 0 0 0
22634 -0.19675 -0.00737322 0.01 113 113 0 0 0
22655 -0.19675 -0.00737322 0.01 112 112 0 0 0
22714 -0.199538 -0.00696524 0.01 114 114 0 0 0
22720 -0.17811 -0.00875136 0.01 72 72 0 0 0
22741 -0.164678 -0.00863326 0.01 72 72 0 0 0
22750 -0.177682 -0.00906408 0.01 72 72 0 0 0
22763 -0.202359 -0.00737322 0.01 112 112 0 0 0
22767 -0.19675 -0.00737322 0.01 112 112 0 0 0
22775 -0.136141 -0.0087315 0.01 72 70 0 0 0
22806 -0.199538 -0.00710874 0.01 114 114 0 0 0
22820 -0.19675 -0.00737322 0.01 113 113 0 0 0
22846 -0.199538 -0.00695401 0.01 114 114 0 0 0
22901 -0.177682 -0.00906408 0.01 72 72 0 0 0
22907 -0.145606 -0.00904188 0.01 72 72 -0.000466585 0.00166185 0
22908 -0.126679 -0.00948435 0.01 44 45 0 0 0
22912 -0.11715 -0.00948435 0.01 44 45 0 0 0
22976 -0.11715 -0.00948435 0.01 45 45 0 0 0
22992 -0.162212 -0.00917636 0.01 72 72 0 0 0
23005 -0.11715 -0.00948435 0.01 43 44 0 0 0
23033 -0.19675 -0.00737322 0.01 113 113 0 0 0
23054 -0.190424 -0.00879217 0.01 72 74 0 0 0
23061 -0.144398 -0.00875132 0.01 72 72 0 0 0
23083 -0.19675 -0.00737322 0.01 113 112 0 0 0
23090 -0.194326 -0.00859639 0.01 72 72 0 0 0
23099 -0.130887 -0.00948435 0.01 45 45 0 0 0
23151 -0.11715 -0.00948435 0.01 45 45 0 0 0
23165 -0.134434 -0.00940678 0.01 72 73 0 0 0
23176 -0.11715 -0.00910547 0.01 44 44 0 0 0
23192 -0.11715 -0.00948435 0.01 43 45 0 0 0
23258 -0.199538 -0.00710874 0.01 114 114 0 0 0
23261 -0.178951 -0.0089387 0.01 72 72 0 0 0
23272 -0.19675 -0.00737322 0.01 113 113 0 0 0
23309 -0.11715 -0.00948435 0.01 45 45 0 0 0
23310 -0.11715 -0.00948435 0.01 45 46 0 0 0
23315 -0.172713 -0.00896866 0.01 72 72 0 0 0
23316 -0.178951 -0.00885363 0.01 72 72 0 0 0
23335 -0.205565 -0.00737322 0.01 113 113 0 0 0
23336 -0.126679 -0.00948435 0.01 45 45 0 0 0
23355 -0.11715 -0.00948435 0.01 43 43 0 0 0
23358 -0.11715 -0.00910547 0.01 45 45 0 0 0
23364 -0.19675 -0.00724596 0.01 113 113 0 0 0
23368 -0.19675 -0.00737322 0.01 113 113 0 0 0
23370 -0.19675 -0.00737322 0.01 113 113 0 0 0
23381 -0.19675 -0.00737322 0.01 113 113 0 0 0
23423 -0.11715 -0.00948435 0.01 45 45 0 0 0
23425 -0.126679 -0.00988274 0.01 45 45 0 0 0
23464 -0.132191 -0.0089305 0.01 72 72 0 0 0
23466 -0.126679 -0.00948435 0.01 44 44 0 0 0
23491 -0.126679 -0.00909818 0.01 45 45 0 0 0
23515 -0.199173 -0.00737322 0.01 113 113 0.0260765 -0.00242351 0
23524 -0.19675 -0.00737322 0.01 113 113 0 0 0
23546 -0.19675 -0.00737322 0.01 112 112 0 0 0
23583 -0.19675 -0.00737322 0.01 113 113 0 0 0
23635 -0.11715 -0.00910547 0.01 45 45 0 0 0
23645 -0.126679 -0.00948435 0.01 45 45 0 0 0
23655 -0.19675 -0.00737322 0.01 113 113 0 0 0
23727 -0.19675 -0.00737322 0.01 112 112 0 0 0
23753 -0.19675 -0.00756234 0.01 112 112 0 0 0
23761 -0.126679 -0.00948435 0.01 44 44 0 0 0
23786 -0.126679 -0.00948435 0.01 45 45 0 0 0
23788 -0.19675 -0.0073993 0.01 113 113 0 0 0
23809 -0.202359 -0.00737322 0.01 112 112 0 0 0
23839 -0.19675 -0.00737322 0.01 112 112 0 0 0
23846 -0.180997 -0.00929501 0.01 72 72 0 0 0
23847 -0.215346 -0.00737322 0.01 113 113 0 0 0
23852 -0.199538 -0.00710874 0.01 114 114 0 0 0
23854 -0.19675 -0.00737322 0.01 112 112 0 0 0
23857 -0.126679 -0.00948435 0.01 45 45 0 0 0
23890 -0.171171 -0.00878771 0.01 72 74 0 0 0
23901 -0.19675 -0.00737322 0.01 113 113 0 0 0
23946 -0.19675 -0.00737322 0.01 112 112 0 0 0
23948 -0.19675 -0.00737322 0.01 112 112 0 0 0
23973 -0.134633 -0.00948435 0.01 44 45 9.00775e-06 -0.007954 0
23974 -0.140488 -0.00931385 0.01 72 72 0 0 0
23988 -0.148052 -0.00895817 0.01 72 72 -0.00205134 0.009251 0
24000 -0.157303 -0.00895817 0.01 72 72 0 0 0
24004 -0.19675 -0.00737322 0.01 113 113 0 0 0
24007 -0.17811 -0.00875136 0.01 72 73 0 0 0
24048 -0.215346 -0.00737322 0.01 113 113 0 0 0
24077 -0.177682 -0.00906408 0.01 72 73 0 0 0
24105 -0.154429 -0.00833849 0.01 72 72 0 0 0
24141 -0.146306 -0.00847444 0.01 72 72 0 0 0
24196 -0.11715 -0.00948435 0.01 45 45 0 0 0
24209 -0.19675 -0.00737322 0.01 113 113 0 0 0
24216 -0.136141 -0.0087315 0.01 72 72 0 0 0
24280 -0.126679 -0.00948435 0.01 44 44 0 0 0
24285 -0.11715 -0.00910547 0.01 44 44 0 0 0
24287 -0.126679 -0.00988274 0.01 45 45 0 0 0
24289 -0.19675 -0.00737322 0.01 112 112 0 0 0
24290 -0.128325 -0.00948435 0.01 44 44 0 0 0
24316 -0.126679 -0.00948435 0.01 44 44 0 0 0
24359 -0.19675 -0.00737322 0.01 113 113 0 0 0
24364 -0.145236 -0.00940678 0.01 72 72 0 0 0
24406 -0.19675 -0.00737322 0.01 112 112 0 0 0
24438 -0.162212 -0.00914802 0.01 72 72 2.78056e-05 0 2.83383e-05
24455 -0.11715 -0.00910547 0.01 45 45 0 0 0
24466 -0.171859 -0.00944451 0.01 72 73 0 0 0
24479 -0.19675 -0.00737322 0.01 113 113 0 0 0
24488 -0.19675 -0.00737322 0.01 112 111 0 0 0
24532 -0.130887 -0.00948435 0.01 45 45 0 0 0
24576 -0.126679 -0.00948435 0.01 44 45 0 0 0
24597 -0.177843 -0.0092675 0.01 72 72 0 0 0
24618 -0.11715 -0.00910547 0.01 45 45 0 0 0
24634 -0.19675 -0.00737322 0.01 113 113 0 0 0
24636 -0.202352 -0.00958134 0.01 72 72 -6.78301e-05 0 -0.00028633
24643 -0.202359 -0.00709887 0.01 112 112 0 0 0
24652 -0.163883 -0.00882965 0.01 72 72 0 0 0
24683 -0.126679 -0.00952759 0.01 45 45 0 0 0
24691 -0.202359 -0.00737322 0.01 112 112 0 0 0
24694 -0.19675 -0.00737322 0.01 112 112 0 0 0
24699 -0.19675 -0.00737322 0.01 113 113 0 0 0
24736 -0.19675 -0.00737322 0.01 113 113 0 0 0
24738 -0.146306 -0.00850024 0.01 72 72 -3.88026e-05 0 -2.5806e-05
24754 -0.126679 -0.00950016 0.01 43 44 0 0 0
24770 -0.19675 -0.00737322 0.01 113 113 0 0 0
24814 -0.126679 -0.00948435 0.01 44 44 0 0 0
24830 -0.19675 -0.00737322 0.01 113 113 0 0 0
24872 -0.156819 -0.00875132 0.01 72 72 0 0 0
24925 -0.146306 -0.00847444 0.01 72 72 0 0 0
24926 -0.202359 -0.00737322 0.01 113 112 0 0 0
24927 -0.158016 -0.00863326 0.01 72 72 0 0 0
24950 -0.141876 -0.00883591 0.01 72 72 0 0 0
24957 -0.11715 -0.00910547 0.01 45 45 0 0 0
24979 -0.202359 -0.00737322 0.01 112 112 0 0 0
24990 -0.144398 -0.00875132 0.01 72 72 0 0 0
25019 -0.19675 -0.00737322 0.01 113 113 0 0 0
25020 -0.156819 -0.00875132 0.01 72 72 0 0 0
25023 -0.158819 -0.00851902 0.01 72 72 0 0 0
25036 -0.178951 -0.0089387 0.01 72 72 0 0 0
25055 -0.126679 -0.00909818 0.01 44 44 0 0 0
25066 -0.181861 -0.00878771 0.01 72 72 0.00142235 -0.0146522 0
25067 -0.180997 -0.00929501 0.01 72 72 0 0 0
25079 -0.146054 -0.00952549 0.01 72 72 0 0 0
25095 -0.158495 -0.00863326 0.01 72 72 0 0 0
25109 -0.11715 -0.00948435 0.01 45 45 0 0 0
25126 -0.19675 -0.00737322 0.01 112 112 0 0 0
25148 -0.163883 -0.00882965 0.01 72 72 0 0 0
25181 -0.189787 -0.00901295 0.01 72 72 -7.78139e-05 0 -0.000232158
25184 -0.156819 -0.00875132 0.01 72 72 0 0 0
25191 -0.19675 -0.00737322 0.01 112 112 0 0 0
25202 -0.112874 -0.00948435 0.01 44 45 0 0 0
25204 -0.159163 -0.00933414 0.01 72 72 0 0 0
25206 -0.160483 -0.00899912 0.01 72 72 0 0 0
25213 -0.134633 -0.00948435 0.01 44 44 0 0 0
25220 -0.19675 -0.00737322 0.01 113 113 0 0 0
25227 -0.147268 -0.00904188 0.01 72 72 0 0 0
25290 -0.114957 -0.00948435 0.01 45 46 0 0 0
25307 -0.19675 -0.00737322 0.01 113 113 0 0 0
25331 -0.126679 -0.00952759 0.01 45 45 0 0 0
25361 -0.19675 -0.00737322 0.01 112 112 0 0 0
25408 -0.19675 -0.00737322 0.01 113 113 0 0 0
25451 -0.124758 -0.00894408 0.01 72 72 0 0 0
25496 -0.11715 -0.00966159 0.01 45 45 0 0 0
25558 -0.158495 -0.00863326 0.01 72 72 0 0 0
25559 -0.19675 -0.00737322 0.01 113 113 0 0 0
25568 -0.19675 -0.00737322 0.01 112 112 0 0 0
25598 -0.11715 -0.00910547 0.01 45 45 0 0 0
25616 -0.126679 -0.00952759 0.01 44 45 0 0 0
25645 -0.143207 -0.00904084 0.01 72 72 0 0 0
25663 -0.158495 -0.00863326 0.01 72 72 0 0 0
25664 -0.193799 -0.00936635 0.01 72 72 0 0 0
25672 -0.126679 -0.00988274 0.01 45 45 0 0 0
25685 -0.130887 -0.00948435 0.01 45 45 0 0 0
25739 -0.19675 -0.00737322 0.01 113 113 0 0 0
25745 -0.145992 -0.00904188 0.01 72 72 0 0 0
25754 -0.158495 -0.00863326 0.01 72 72 0 0 0
25784 -0.11715 -0.00910547 0.01 45 45 0 0 0
25797 -0.11715 -0.00910547 0.01 44 44 0 0 0
25806 -0.199538 -0.00710874 0.01 114 114 0 0 0
25831 -0.127514 -0.0089305 0.01 72 72 0 0 0
25850 -0.193799 -0.00929501 0.01 72 72 0 0 0
25869 -0.19675 -0.00737322 0.01 113 113 0 0 0
25886 -0.199538 -0.00710874 0.01 114 114 0 0 0
25971 -0.19675 -0.00737322 0.01 113 113 0 0 0
25986 -0.199538 -0.00710874 0.01 114 114 0 0 0
26036 -0.19675 -0.00732356 0.01 112 112 0 0 0
26037 -0.19675 -0.00737322 0.01 112 112 0 0 0
26052 -0.215346 -0.00716965 0.01 113 113 0 0 0
26065 -0.202359 -0.00737322 0.01 112 112 0 0 0
26087 -0.19675 -0.00737322 0.01 112 112 0 0 0
26150 -0.147268 -0.00904188 0.01 72 72 0 0 0
26165 -0.156819 -0.00875132 0.01 72 72 0 0 0
26167 -0.162212 -0.00917636 0.01 72 72 0 0 0
26236 -0.19675 -0.00737322 0.01 112 112 0 0 0
26244 -0.199538 -0.00710874 0.01 114 114 0 0 0
26256 -0.19675 -0.00737322 0.01 113 113 0 0 0
26320 -0.199538 -0.00692116 0.01 114 114 0 0 0
26322 -0.193799 -0.009445 0.01 72 72 0 0 0
26340 -0.126679 -0.00948435 0.01 44 45 0 0 0
26353 -0.199538 -0.00695401 0.01 114 114 0 0 0
26360 -0.19675 -0.00737322 0.01 112 112 0 0 0
26393 -0.207169 -0.00929501 0.01 72 72 0 0 0
26398 -0.125681 -0.00966296 0.01 45 45 0 0 0
26399 -0.126679 -0.00948435 0.01 45 46 0 0 0
26404 -0.180997 -0.00929501 0.01 72 73 0 0 0
26412 -0.128325 -0.00948435 0.01 44 44 0 0 0
26422 -0.19675 -0.00737322 0.01 112 112 0 0 0
26439 -0.160824 -0.00874119 0.01 72 72 0 0 0
26465 -0.180997 -0.00929501 0.01 72 72 0 0 0
26489 -0.11715 -0.00910547 0.01 45 45 0 0 0
26490 -0.126679 -0.00948435 0.01 44 44 0 0 0
26495 -0.181382 -0.0088799 0.01 72 72 0 0 0
26523 -0.180997 -0.00929501 0.01 72 72 0 0 0
26546 -0.19675 -0.00737322 0.01 113 113 0 0 0
26557 -0.19675 -0.00737322 0.01 112 113 0 0 0
26573 -0.19675 -0.00737322 0.01 113 113 0 0 0
26582 -0.19675 -0.00737322 0.01 112 112 0 0 0
26591 -0.215346 -0.00737322 0.01 113 113 0 0 0
26636 -0.19675 -0.00737322 0.01 113 113 0 0 0
26675 -0.19675 -0.00737322 0.01 112 112 0 0 0
26722 -0.144886 -0.00896302 0.01 72 72 0 0 0
26744 -0.19675 -0.00737322 0.01 112 113 0 0 0
26774 -0.19675 -0.00737322 0.01 113 113 0 0 0
26794 -0.172713 -0.00906408 0.01 72 72 0 0 0
26825 -0.19675 -0.00737322 0.01 112 112 0 0 0
26836 -0.19675 -0.00737322 0.01 113 113 0 0 0
26841 -0.126679 -0.00950016 0.01 44 44 0 0 0
26864 -0.19675 -0.00737322 0.01 113 113 0 0 0
26896 -0.19675 -0.00737322 0.01 112 112 0 0 0
26958 -0.19675 -0.00737322 0.01 112 112 0 0 0
26983 -0.19675 -0.0072295 0.01 113 113 0 0 0
27004 -0.216 -0.00741786 0.01 112 111 0.164342 -0.0192496 -4.46355e-05
27021 -0.183225 -0.00870986 0.01 72 72 0 0 0
27048 -0.202359 -0.00709887 0.01 112 112 0.0697398 0 0.000274349
27079 -0.135709 -0.00891804 0.01 72 72 0 0 0
27085 -0.19675 -0.00737322 0.01 112 112 0 0 0
27109 -0.19675 -0.00737322 0.01 113 113 0 0 0
27120 -0.19675 -0.00737322 0.01 112 113 0 0 0
27123 -0.126679 -0.00988943 0.01 45 45 0 0 0
27129 -0.19675 -0.00737322 0.01 112 112 0 0 0
27132 -0.19675 -0.00737322 0.01 113 113 0 0 0
27139 -0.215346 -0.00716965 0.01 113 113 0 0 0
27149 -0.177098 -0.00853384 0.01 72 72 0 0 0
27158 -0.199538 -0.00695401 0.01 114 114 0 0 0
27174 -0.126873 -0.00948435 0.01 44 44 -1.44541e-06 0.00145116 0
27183 -0.126679 -0.00948435 0.01 45 45 0 0 0
27204 -0.19675 -0.00737322 0.01 112 112 0 0 0
27212 -0.19675 -0.00737322 0.01 112 112 0 0 0
27213 -0.143207 -0.00904084 0.01 72 72 0 0 0
27218 -0.138491 -0.00895965 0.01 72 72 0 0 0
27221 -0.199538 -0.00710874 0.01 114 114 0 0 0
27266 -0.11715 -0.00910547 0.01 45 45 0 0 0
27269 -0.199538 -0.00710874 0.01 114 114 0 0 0
27270 -0.126679 -0.00948435 0.01 45 45 0 0 0
27273 -0.19675 -0.00737322 0.01 112 112 0 0 0
27279 -0.11715 -0.00948435 0.01 44 45 0 0 0
27294 -0.11715 -0.00910547 0.01 45 45 0 0 0
27297 -0.19675 -0.00737322 0.01 113 113 0 0 0
27308 -0.19675 -0.00737322 0.01 113 113 0 0 0
27330 -0.11715 -0.00948435 0.01 43 43 0 0 0
27355 -0.207499 -0.00870986 0.01 72 72 0 0 0
27357 -0.202359 -0.00737322 0.01 112 112 0 0 0
27359 -0.11715 -0.00910547 0.01 44 44 0 0 0
27367 -0.126679 -0.00952759 0.01 45 45 0 0 0
27373 -0.19675 -0.00737322 0.01 112 112 0 0 0
27411 -0.202359 -0.00737322 0.01 112 112 0 0 0
27413 -0.199538 -0.00737322 0.01 114 114 0 0 0
27415 -0.199538 -0.00710874 0.01 114 114 0 0 0
27419 -0.193799 -0.00929501 0.01 72 72 0 0 0
27421 -0.19675 -0.00737322 0.01 112 112 0 0 0
27432 -0.19675 -0.00737322 0.01 112 112 0 0 0
27453 -0.130887 -0.00966296 0.01 44 44 0 0 0
27460 -0.126679 -0.00938878 0.01 45 45 0 0 0
27482 -0.139451 -0.00901971 0.01 72 72 0.00110218 -0.00293382 0
27491 -0.199538 -0.00710874 0.01 114 114 0 0 0
27504 -0.215346 -0.00737322 0.01 113 113 0 0 0
27505 -0.199538 -0.00710874 0.01 114 114 0 0 0
27516 -0.154429 -0.00833849 0.01 72 72 0 0 0
27518 -0.193799 -0.009445 0.01 72 72 0 0 0
27544 -0.124132 -0.00965016 0.01 44 44 1.47521e-06 0 -0.000165806
27554 -0.19675 -0.00756234 0.01 113 112 0 0 0
27570 -0.199538 -0.00710874 0.01 114 114 0 0 0
27603 -0.114078 -0.00864796 0.01 72 72 0 0 0
27609 -0.19675 -0.00737322 0.01 112 112 0 0 0
