max_pf 83 min_pf 64
individual dGr dSr disp_rate patch_no b_patch_no mut_eff DdGr DdSr
3 -0.160916 -0.00828524 0.01 81 81 0 0 0
9 -0.160916 -0.0084499 0.01 82 82 0 0 0
10 -0.136291 -0.00900412 0.01 66 66 0 0 0
35 -0.18124 -0.00908861 0.01 72 72 0 0 0
40 -0.169946 -0.00871965 0.01 65 65 0 0 0
42 -0.169946 -0.00871965 0.01 65 66 0 0 0
43 -0.160916 -0.00828524 0.01 81 81 0 0 0
49 -0.160916 -0.00828524 0.01 82 82 0 0 0
56 -0.129538 -0.00879445 0.01 65 66 0 0 0
60 -0.160916 -0.00828524 0.01 81 81 0 0 0
66 -0.160916 -0.0084499 0.01 81 81 0 0 0
67 -0.136291 -0.00900412 0.01 66 67 0 0 0
69 -0.160916 -0.00828524 0.01 81 81 0 0 0
72 -0.170264 -0.00893102 0.01 72 72 0 0 0
74 -0.160916 -0.00828524 0.01 81 81 0 0 0
82 -0.136291 -0.00900412 0.01 66 66 0 0 0
87 -0.146221 -0.00883749 0.01 65 65 0 0 0
90 -0.128059 -0.00920437 0.01 72 72 0 0 0
95 -0.136291 -0.00900412 0.01 66 66 0 0 0
100 -0.159601 -0.0086516 0.01 72 74 0 0 0
102 -0.12712 -0.00909929 0.01 72 72 0 0 0
103 -0.172442 -0.00915133 0.01 72 72 5.78761e-05 0 8.51033e-05
108 -0.160916 -0.00828524 0.01 82 82 0 0 0
109 -0.136291 -0.00900412 0.01 65 65 0 0 0
110 -0.123329 -0.00860251 0.01 72 72 0 0 0
125 -0.149426 -0.00838386 0.01 72 72 0 0 0
127 -0.120118 -0.00938311 0.01 65 65 0 0 0
135 -0.148105 -0.00842866 0.01 65 65 0 0 0
137 -0.160916 -0.00828524 0.01 81 81 0 0 0
148 -0.107575 -0.00820861 0.01 66 66 0 0 0
151 -0.161037 -0.00920368 0.01 72 72 0 0 0
154 -0.160916 -0.00828524 0.01 81 81 0 0 0
158 -0.160916 -0.00828524 0.01 81 81 0 0 0
168 -0.120756 -0.00927578 0.01 65 65 0 0 0
170 -0.122967 -0.00908861 0.01 72 72 0 0 0
171 -0.13198 -0.00827202 0.01 66 66 0 0 0
173 -0.120118 -0.00938311 0.01 65 64 0 0 0
175 -0.149426 -0.00838386 0.01 72 72 0 0 0
179 -0.13198 -0.00827202 0.01 64 64 0 0 0
184 -0.159314 -0.00886224 0.01 66 66 -1.58697e-05 0 -0.000110494
186 -0.120118 -0.00938311 0.01 64 64 0 0 0
194 -0.160916 -0.00828524 0.01 81 81 0 0 0
201 -0.113977 -0.00842279 0.01 66 66 0 0 0
202 -0.160916 -0.00828524 0.01 81 80 0 0 0
204 -0.1818 -0.00897844 0.01 72 72 0 0 0
210 -0.127954 -0.00900412 0.01 66 66 0 0 0
213 -0.157009 -0.00828524 0.01 82 82 0 0 0
216 -0.146537 -0.00929128 0.01 72 72 0 0 0
218 -0.120118 -0.00938311 0.01 65 65 0 0 0
221 -0.160916 -0.00828524 0.01 82 82 0 0 0
226 -0.125785 -0.00876271 0.01 72 71 0 0 0
248 -0.171646 -0.00879355 0.01 72 72 -0.00028339 0.00279139 0
255 -0.148105 -0.00842866 0.01 65 65 0 0 0
260 -0.130752 -0.00900412 0.01 65 65 0 0 0
261 -0.131804 -0.00840509 0.01 64 64 0 0 0
263 -0.160916 -0.00828524 0.01 81 81 0 0 0
283 -0.144368 -0.00932183 0.01 72 72 0 0 0
284 -0.160916 -0.0084499 0.01 82 82 0 0 0
285 -0.139745 -0.00907896 0.01 72 72 0 0 0
289 -0.160916 -0.0084499 0.01 82 82 0 0 0
290 -0.130752 -0.00900412 0.01 66 66 0 0 0
291 -0.160916 -0.00828524 0.01 81 81 0 0 0
292 -0.125167 -0.00920053 0.01 66 66 0 0 0
293 -0.163267 -0.00858958 0.01 72 72 0 0 0
294 -0.142704 -0.00920596 0.01 72 72 0 0 0
297 -0.160916 -0.0084499 0.01 82 82 0 0 0
298 -0.137119 -0.00855919 0.01 72 72 0 0 0
299 -0.167018 -0.00887907 0.01 72 72 0 0 0
306 -0.136291 -0.00900412 0.01 65 66 0 0 0
309 -0.160916 -0.00824439 0.01 82 82 0.00212404 0 0.000205515
311 -0.160916 -0.00828524 0.01 81 81 0 0 0
312 -0.120118 -0.00938311 0.01 64 64 0 0 0
317 -0.160916 -0.00828524 0.01 81 81 0 0 0
319 -0.143737 -0.00874208 0.01 66 67 -2.30968e-05 0 -6.32787e-05
322 -0.160916 -0.00828524 0.01 82 82 0 0 0
326 -0.174546 -0.0083219 0.01 81 81 0 0 0
331 -0.18124 -0.00888149 0.01 72 72 0 0 0
333 -0.156083 -0.00875175 0.01 65 66 -0.000163287 0.00323123 0
334 -0.174546 -0.0083219 0.01 81 81 0 0 0
338 -0.160916 -0.00828524 0.01 81 81 0 0 0
341 -0.136291 -0.00906 0.01 72 72 0 0 0
349 -0.129538 -0.00879445 0.01 66 66 0 0 0
355 -0.148105 -0.00842866 0.01 65 65 0 0 0
356 -0.107575 -0.00820861 0.01 65 65 0 0 0
363 -0.13198 -0.00827202 0.01 64 64 0 0 0
370 -0.120118 -0.00938311 0.01 64 64 0 0 0
387 -0.13716 -0.00965826 0.01 66 66 0 0 0
390 -0.137932 -0.00900412 0.01 66 66 0 0 0
391 -0.168604 -0.00961646 0.01 72 72 0 0 0
392 -0.116033 -0.00927578 0.01 66 66 0 0 0
394 -0.160916 -0.00828524 0.01 81 81 0 0 0
396 -0.136291 -0.00906 0.01 72 72 0 0 0
398 -0.125167 -0.00920053 0.01 66 67 0 0 0
402 -0.136291 -0.00900412 0.01 66 66 0 0 0
406 -0.160916 -0.00828524 0.01 83 83 0 0 0
411 -0.174546 -0.0083219 0.01 81 81 0 0 0
414 -0.140285 -0.00918741 0.01 72 72 0 0 0
418 -0.151837 -0.00879445 0.01 66 66 0 0 0
419 -0.148105 -0.00871965 0.01 65 65 0 0 0
424 -0.120756 -0.00927578 0.01 66 65 0 0 0
433 -0.120756 -0.00927578 0.01 65 65 0 0 0
434 -0.160916 -0.00902821 0.01 82 82 0 0 0
435 -0.160916 -0.00828524 0.01 82 82 0 0 0
437 -0.120118 -0.00938311 0.01 65 65 0 0 0
438 -0.160916 -0.00828524 0.01 82 81 0 0 0
439 -0.130752 -0.00900412 0.01 66 66 0 0 0
440 -0.1818 -0.00897844 0.01 72 72 0 0 0
443 -0.160916 -0.00828524 0.01 82 82 0 0 0
448 -0.160916 -0.00828524 0.01 81 80 0 0 0
449 -0.160916 -0.00828524 0.01 81 81 0 0 0
450 -0.160916 -0.0082158 0.01 81 81 0 0 0
452 -0.142771 -0.00932183 0.01 72 72 0 0 0
458 -0.136291 -0.00900412 0.01 66 66 0 0 0
470 -0.160916 -0.00828524 0.01 82 82 0 0 0
472 -0.13716 -0.00965826 0.01 66 66 0 0 0
474 -0.148105 -0.00842866 0.01 66 66 0 0 0
482 -0.160916 -0.00828524 0.01 81 81 0 0 0
486 -0.13198 -0.00827202 0.01 64 64 0 0 0
487 -0.160916 -0.00828524 0.01 81 81 0 0 0
493 -0.143737 -0.0086788 0.01 66 66 0 0 0
505 -0.120118 -0.00938311 0.01 66 66 0 0 0
506 -0.150052 -0.00943521 0.01 72 71 0 0 0
508 -0.159314 -0.00875175 0.01 66 66 0 0 0
513 -0.120756 -0.00927578 0.01 65 65 0 0 0
514 -0.168604 -0.00961646 0.01 72 72 0 0 0
523 -0.120756 -0.00927578 0.01 65 65 0 0 0
524 -0.136291 -0.00900412 0.01 66 67 0 0 0
528 -0.136291 -0.00906 0.01 72 72 0 0 0
530 -0.160916 -0.0084499 0.01 82 82 0 0 0
533 -0.172384 -0.00858958 0.01 72 72 0 0 0
538 -0.144368 -0.00932183 0.01 72 72 0 0 0
545 -0.161037 -0.00920368 0.01 72 72 0 0 0
552 -0.120118 -0.00938311 0.01 64 64 0 0 0
557 -0.160916 -0.00828524 0.01 81 81 0 0 0
560 -0.174546 -0.0083219 0.01 81 81 0 0 0
572 -0.169946 -0.00889659 0.01 65 66 0 0 0
577 -0.143737 -0.00879445 0.01 66 66 0 0 0
578 -0.127954 -0.00900412 0.01 66 66 0 0 0
580 -0.153781 -0.00902618 0.01 66 66 0 0 0
586 -0.138614 -0.00874811 0.01 72 72 0 0 0
590 -0.136291 -0.00900412 0.01 66 66 0 0 0
591 -0.139791 -0.0089307 0.01 72 72 0 0 0
593 -0.130187 -0.00847165 0.01 66 66 0 0 0
604 -0.160916 -0.0082158 0.01 81 81 0 0 0
610 -0.148105 -0.00871965 0.01 65 65 0 0 0
614 -0.148105 -0.00871965 0.01 65 65 0 0 0
616 -0.138614 -0.00874811 0.01 72 72 0 0 0
620 -0.148105 -0.00871965 0.01 65 65 0 0 0
625 -0.107575 -0.00820861 0.01 64 64 0 0 0
629 -0.160916 -0.00828524 0.01 83 83 0 0 0
637 -0.125167 -0.00920053 0.01 66 66 0 0 0
640 -0.160916 -0.00828524 0.01 81 80 0 0 0
645 -0.107575 -0.00821522 0.01 66 66 0 0 0
660 -0.148105 -0.00871965 0.01 65 65 0 0 0
661 -0.174438 -0.00879355 0.01 72 72 0 0 0
665 -0.159314 -0.00886224 0.01 66 66 0 0 0
672 -0.148105 -0.00842866 0.01 64 65 0 0 0
674 -0.136291 -0.00900412 0.01 65 66 0 0 0
677 -0.150052 -0.00951646 0.01 65 65 0 0 0
686 -0.172552 -0.00957967 0.01 72 72 0 0 0
687 -0.120756 -0.00927578 0.01 66 66 0 0 0
692 -0.133669 -0.00931288 0.01 72 72 0 0 0
695 -0.120118 -0.00938311 0.01 64 64 0 0 0
701 -0.172442 -0.00923644 0.01 72 72 0 0 0
708 -0.127954 -0.00900412 0.01 66 66 0 0 0
709 -0.148105 -0.00871965 0.01 65 65 0 0 0
710 -0.157457 -0.00839822 0.01 72 72 0 0 0
713 -0.160916 -0.00828524 0.01 81 81 0 0 0
727 -0.107575 -0.00820861 0.01 64 64 0 0 0
744 -0.160916 -0.00895768 0.01 72 72 0 0 0
746 -0.148105 -0.00879659 0.01 65 65 -1.12653e-05 0 -7.69421e-05
755 -0.107575 -0.00820861 0.01 66 66 0 0 0
756 -0.146263 -0.0085581 0.01 72 72 0 0 0
757 -0.143737 -0.0086788 0.01 66 66 0 0 0
758 -0.160916 -0.00828524 0.01 81 81 0 0 0
771 -0.130752 -0.00900412 0.01 65 65 0 0 0
772 -0.107575 -0.00821522 0.01 66 66 0 0 0
775 -0.14001 -0.00895811 0.01 66 67 0 0 0
785 -0.131804 -0.00840509 0.01 64 64 0 0 0
786 -0.131126 -0.00938311 0.01 66 67 0 0 0
788 -0.160916 -0.00828524 0.01 81 81 0 0 0
789 -0.174843 -0.00854496 0.01 72 72 0 0 0
791 -0.159314 -0.00875175 0.01 66 66 0 0 0
793 -0.130752 -0.00900412 0.01 66 66 0 0 0
794 -0.159314 -0.00875175 0.01 66 67 0 0 0
819 -0.160916 -0.00828524 0.01 81 82 0 0 0
828 -0.170101 -0.00861475 0.01 72 72 0 0 0
830 -0.120118 -0.00938311 0.01 64 64 0 0 0
831 -0.120756 -0.00927578 0.01 65 65 0 0 0
834 -0.136709 -0.00903242 0.01 66 66 0 0 0
838 -0.15559 -0.00940793 0.01 72 72 0 0 0
846 -0.159314 -0.00905868 0.01 66 66 0 0 0
848 -0.146221 -0.00883749 0.01 66 66 0 0 0
850 -0.120118 -0.00938311 0.01 66 66 0 0 0
859 -0.174546 -0.0083219 0.01 81 81 0 0 0
871 -0.159314 -0.00875175 0.01 66 66 0 0 0
873 -0.160916 -0.0084499 0.01 82 82 0 0 0
876 -0.169286 -0.00829955 0.01 72 73 0 0 0
882 -0.137119 -0.00855919 0.01 72 71 0 0 0
883 -0.131804 -0.00840509 0.01 64 64 0 0 0
884 -0.144368 -0.00932183 0.01 72 71 0 0 0
886 -0.148105 -0.00842866 0.01 65 65 0 0 0
888 -0.159618 -0.00828524 0.01 81 81 0 0 0
896 -0.160916 -0.00828524 0.01 82 82 0 0 0
901 -0.127954 -0.00900412 0.01 66 66 0 0 0
906 -0.156173 -0.00871965 0.01 65 65 0 0 0
907 -0.127954 -0.00900412 0.01 66 66 0 0 0
916 -0.124528 -0.00852768 0.01 65 65 0 0 0
924 -0.160916 -0.00828524 0.01 82 81 0 0 0
925 -0.180403 -0.00887376 0.01 72 72 0 0 0
926 -0.120118 -0.00938311 0.01 64 65 0 0 0
929 -0.160916 -0.00828524 0.01 81 81 0 0 0
935 -0.120118 -0.00938311 0.01 64 64 0 0 0
936 -0.181181 -0.00828524 0.01 81 81 0 0 0
937 -0.168637 -0.00899145 0.01 66 67 0 0 0
939 -0.136291 -0.00900412 0.01 66 66 0 0 0
942 -0.142053 -0.00880488 0.01 65 65 -0.000399426 0.00605138 0
944 -0.13198 -0.00827202 0.01 66 66 0 0 0
950 -0.148105 -0.00871965 0.01 65 65 0 0 0
959 -0.107575 -0.00820861 0.01 65 65 0 0 0
964 -0.113977 -0.00821764 0.01 66 68 0 0 0
966 -0.125785 -0.00876271 0.01 72 72 0 0 0
977 -0.125549 -0.00840509 0.01 64 64 -0.000597581 0.00625497 0
980 -0.136291 -0.00900412 0.01 66 66 0 0 0
986 -0.171892 -0.00879355 0.01 72 72 0 0 0
992 -0.160916 -0.00828524 0.01 81 81 0 0 0
994 -0.160916 -0.00828524 0.01 81 81 0 0 0
995 -0.137119 -0.00855919 0.01 72 72 0 0 0
996 -0.107575 -0.00821522 0.01 66 66 0 0 0
1001 -0.113977 -0.00821764 0.01 66 66 0 0 0
1003 -0.160916 -0.00828524 0.01 81 81 0 0 0
1013 -0.172384 -0.00858958 0.01 72 72 0 0 0
1029 -0.160916 -0.00828524 0.01 82 82 0 0 0
1036 -0.160916 -0.0084499 0.01 82 82 0 0 0
1038 -0.120118 -0.00938311 0.01 65 65 0 0 0
1042 -0.159572 -0.00876392 0.01 72 72 0 0 0
1050 -0.120118 -0.00938311 0.01 64 64 0 0 0
1052 -0.136291 -0.00900412 0.01 65 65 0 0 0
1059 -0.172384 -0.00858958 0.01 72 72 0 0 0
1073 -0.137932 -0.00900412 0.01 66 66 0 0 0
1080 -0.168604 -0.00961646 0.01 72 72 0 0 0
1081 -0.148105 -0.00895716 0.01 66 66 -5.202e-05 0 -0.000237509
1083 -0.160916 -0.00828524 0.01 82 82 0 0 0
1093 -0.142704 -0.00920596 0.01 72 73 0 0 0
1094 -0.159314 -0.00875175 0.01 65 65 0 0 0
1095 -0.136291 -0.00900412 0.01 66 66 0 0 0
1099 -0.144368 -0.00913534 0.01 72 72 0 0 0
1100 -0.148105 -0.00871965 0.01 65 65 0 0 0
1104 -0.107575 -0.00820861 0.01 66 66 0 0 0
1106 -0.14001 -0.00895811 0.01 66 66 0 0 0
1108 -0.146221 -0.00883749 0.01 65 65 0 0 0
1111 -0.149426 -0.00821834 0.01 72 72 0.000213936 0 0.000165521
1112 -0.1818 -0.00897844 0.01 72 72 0 0 0
1118 -0.148105 -0.00871965 0.01 65 65 0 0 0
1122 -0.165294 -0.0083219 0.01 81 81 0 0 0
1132 -0.136291 -0.00900412 0.01 66 66 0 0 0
1135 -0.171596 -0.00923088 0.01 72 72 0 0 0
1136 -0.130752 -0.00900412 0.01 65 65 0 0 0
1141 -0.168637 -0.00933835 0.01 72 71 0 0 0
1145 -0.13198 -0.00827202 0.01 66 66 0 0 0
1154 -0.149426 -0.00838386 0.01 72 72 0 0 0
1157 -0.160916 -0.0084499 0.01 82 82 0 0 0
1168 -0.120118 -0.00938311 0.01 65 66 0 0 0
1175 -0.174546 -0.0083219 0.01 81 81 0 0 0
1176 -0.157009 -0.00828524 0.01 82 82 0 0 0
1177 -0.16154 -0.00843338 0.01 65 65 0 0 0
1181 -0.159314 -0.00875175 0.01 66 67 0 0 0
1188 -0.124528 -0.00852768 0.01 65 67 0 0 0
1193 -0.146263 -0.0085581 0.01 72 72 0 0 0
1198 -0.136291 -0.00906 0.01 72 72 0 0 0
1204 -0.149426 -0.00838386 0.01 72 72 0 0 0
1207 -0.148105 -0.00871965 0.01 66 66 0 0 0
1214 -0.136291 -0.00900412 0.01 66 66 0 0 0
1216 -0.191489 -0.0083219 0.01 81 81 0 0 0
1217 -0.174438 -0.00874676 0.01 72 72 0 0 0
1221 -0.160916 -0.00828524 0.01 83 83 0 0 0
1223 -0.160916 -0.00828524 0.01 81 81 0 0 0
1224 -0.160916 -0.0084499 0.01 82 82 0 0 0
1225 -0.15559 -0.00940793 0.01 72 72 0 0 0
1226 -0.120118 -0.00938311 0.01 66 66 0 0 0
1233 -0.13716 -0.00965826 0.01 66 67 0 0 0
1242 -0.148105 -0.00842866 0.01 66 67 0 0 0
1256 -0.165294 -0.0083219 0.01 81 81 0 0 0
1262 -0.143737 -0.00879445 0.01 66 66 0 0 0
1263 -0.136291 -0.00900412 0.01 66 66 0 0 0
1265 -0.170266 -0.00828524 0.01 81 81 0.00620666 -0.00935039 0
1275 -0.160916 -0.00828524 0.01 81 81 0 0 0
1291 -0.144368 -0.00932183 0.01 72 72 0 0 0
1292 -0.120118 -0.00938311 0.01 64 64 0 0 0
1300 -0.137119 -0.00855919 0.01 72 70 0 0 0
1302 -0.169946 -0.00871965 0.01 66 66 0 0 0
1307 -0.160509 -0.00871965 0.01 66 66 -0.000359774 0.00943778 0
1308 -0.160916 -0.00828524 0.01 81 81 0 0 0
1314 -0.148105 -0.00842866 0.01 65 65 0 0 0
1318 -0.149426 -0.00838386 0.01 72 72 0 0 0
1320 -0.157009 -0.00828524 0.01 82 82 0 0 0
1324 -0.16117 -0.00879445 0.01 66 66 0 0 0
1325 -0.148105 -0.00871965 0.01 65 65 0 0 0
1344 -0.150484 -0.00932045 0.01 72 72 0 0 0
1348 -0.120118 -0.00945178 0.01 66 66 0 0 0
1356 -0.120118 -0.00938311 0.01 64 64 0 0 0
1360 -0.141759 -0.00838386 0.01 72 72 0 0 0
1368 -0.148292 -0.00839822 0.01 66 67 0 0 0
1371 -0.119967 -0.00938311 0.01 66 66 0 0 0
1373 -0.120118 -0.00938311 0.01 64 64 0 0 0
1380 -0.120118 -0.00938311 0.01 66 66 0 0 0
1383 -0.133272 -0.00918741 0.01 72 72 0 0 0
1386 -0.142704 -0.00920596 0.01 72 72 0 0 0
1390 -0.160916 -0.00828524 0.01 81 81 0 0 0
1396 -0.136291 -0.00900412 0.01 66 66 0 0 0
1399 -0.126661 -0.00900412 0.01 65 66 -0.00062272 0.00409107 0
1401 -0.120118 -0.00938311 0.01 65 65 0 0 0
1402 -0.136291 -0.00906 0.01 72 72 0 0 0
1404 -0.16117 -0.00879445 0.01 66 66 0 0 0
1409 -0.143737 -0.00879445 0.01 66 66 0 0 0
1410 -0.160916 -0.00828524 0.01 82 82 0 0 0
1414 -0.148105 -0.00842866 0.01 66 66 0 0 0
1426 -0.160916 -0.00828524 0.01 81 81 0 0 0
1429 -0.148105 -0.00871965 0.01 65 65 0 0 0
1430 -0.169946 -0.00871965 0.01 65 65 0 0 0
1437 -0.143737 -0.00879445 0.01 66 66 0 0 0
1440 -0.150052 -0.00943521 0.01 72 71 0 0 0
1441 -0.174438 -0.00879355 0.01 72 72 0 0 0
1444 -0.160916 -0.00828524 0.01 81 81 0 0 0
1466 -0.160916 -0.0084499 0.01 82 82 0 0 0
1469 -0.160916 -0.0084499 0.01 82 82 0 0 0
1473 -0.169474 -0.00828524 0.01 82 82 0 0 0
1475 -0.120756 -0.00927578 0.01 65 65 0 0 0
1480 -0.13198 -0.00827202 0.01 66 66 0 0 0
1484 -0.160916 -0.00828524 0.01 81 81 0 0 0
1485 -0.120118 -0.00938311 0.01 65 65 0 0 0
1486 -0.125167 -0.00920053 0.01 66 66 0 0 0
1488 -0.148105 -0.00871965 0.01 65 65 0 0 0
1492 -0.129538 -0.00879445 0.01 65 66 0 0 0
1495 -0.136291 -0.00900412 0.01 66 67 0 0 0
1498 -0.13198 -0.00827202 0.01 66 66 0 0 0
1501 -0.120756 -0.00927578 0.01 65 65 0 0 0
1502 -0.148105 -0.00871965 0.01 66 66 0 0 0
1503 -0.159572 -0.00876392 0.01 72 72 0 0 0
1506 -0.147347 -0.00828524 0.01 81 81 0 0 0
1513 -0.172442 -0.00923644 0.01 72 72 0 0 0
1515 -0.160916 -0.00828524 0.01 81 81 0 0 0
1516 -0.172552 -0.00957967 0.01 72 72 0 0 0
1517 -0.169946 -0.00871965 0.01 65 65 0 0 0
1519 -0.148105 -0.00871965 0.01 65 65 0 0 0
1532 -0.146221 -0.00883749 0.01 66 67 0 0 0
1533 -0.16154 -0.00843338 0.01 66 68 0 0 0
1534 -0.181181 -0.00828524 0.01 81 80 0 0 0
1535 -0.136291 -0.00900412 0.01 65 65 0 0 0
1539 -0.174843 -0.00854496 0.01 72 72 0 0 0
1548 -0.167018 -0.00887907 0.01 72 72 0 0 0
1558 -0.141368 -0.00842866 0.01 66 65 -0.000435024 0.00673667 0
1564 -0.174843 -0.00854496 0.01 72 72 0 0 0
1572 -0.168604 -0.00961646 0.01 72 72 0 0 0
1573 -0.174438 -0.00879355 0.01 72 72 0 0 0
1575 -0.130752 -0.00900412 0.01 66 66 0 0 0
1576 -0.161037 -0.00920368 0.01 72 72 0 0 0
1580 -0.13198 -0.00843486 0.01 65 65 0 0 0
1581 -0.132433 -0.00932045 0.01 72 72 0 0 0
1586 -0.139791 -0.00874811 0.01 72 73 0 0 0
1591 -0.172442 -0.00886486 0.01 72 72 -1.82986e-05 0 -2.90489e-05
1596 -0.148105 -0.00871965 0.01 65 65 0 0 0
1597 -0.107575 -0.00820861 0.01 65 65 0 0 0
1598 -0.150484 -0.00932045 0.01 72 72 0 0 0
1601 -0.160916 -0.00828524 0.01 83 83 0 0 0
1604 -0.160916 -0.00828524 0.01 81 81 0 0 0
1614 -0.174438 -0.00879355 0.01 72 72 0 0 0
1616 -0.159314 -0.00875175 0.01 66 66 0 0 0
1627 -0.132433 -0.00932045 0.01 72 71 0 0 0
1634 -0.169946 -0.00931975 0.01 65 66 0 0 0
1636 -0.157009 -0.00828524 0.01 82 82 0 0 0
1642 -0.155718 -0.00986884 0.01 72 72 0 0 0
1645 -0.153454 -0.00828524 0.01 81 81 0 0 0
1654 -0.151213 -0.00974771 0.01 81 81 0 0 0
1658 -0.16154 -0.00843338 0.01 65 65 0 0 0
1659 -0.148105 -0.00871965 0.01 65 65 0 0 0
1662 -0.107575 -0.00820861 0.01 65 65 0 0 0
1665 -0.149426 -0.00838386 0.01 72 72 0 0 0
1667 -0.160916 -0.00828524 0.01 82 82 0 0 0
1669 -0.148105 -0.00871965 0.01 65 65 0 0 0
1671 -0.160916 -0.00828524 0.01 81 81 0 0 0
1675 -0.129538 -0.00879445 0.01 66 66 0 0 0
1678 -0.167972 -0.00905868 0.01 72 72 0 0 0
1685 -0.136709 -0.00904185 0.01 66 66 0 0 0
1686 -0.159314 -0.00875175 0.01 65 66 0 0 0
1693 -0.130187 -0.00868708 0.01 66 66 0 0 0
1711 -0.128059 -0.00920437 0.01 72 72 0 0 0
1714 -0.160916 -0.00828524 0.01 81 81 0 0 0
1734 -0.148105 -0.00842866 0.01 65 65 0 0 0
1735 -0.130752 -0.00895457 0.01 65 65 0 0 0
1737 -0.161037 -0.00916041 0.01 72 72 4.448e-05 0 4.32702e-05
1738 -0.160916 -0.00828524 0.01 82 82 0 0 0
1743 -0.136291 -0.00900412 0.01 65 65 0 0 0
1745 -0.159314 -0.00875175 0.01 65 65 0 0 0
1751 -0.174546 -0.0083219 0.01 81 81 0 0 0
1756 -0.159572 -0.00876392 0.01 72 72 0 0 0
1763 -0.120118 -0.00938311 0.01 66 66 0 0 0
1769 -0.129538 -0.00879445 0.01 66 66 0 0 0
1772 -0.155239 -0.00881496 0.01 72 72 0 0 0
1776 -0.174546 -0.0083219 0.01 81 81 0 0 0
1781 -0.148105 -0.00842866 0.01 65 65 0 0 0
1783 -0.113977 -0.00820861 0.01 66 66 0 0 0
1788 -0.157009 -0.00828524 0.01 82 82 0 0 0
1790 -0.160916 -0.00828524 0.01 82 81 0 0 0
1798 -0.177219 -0.00858958 0.01 72 72 0 0 0
1799 -0.136291 -0.00900412 0.01 66 66 0 0 0
1803 -0.168637 -0.00933835 0.01 72 72 0 0 0
1807 -0.120118 -0.00938311 0.01 65 65 0 0 0
1821 -0.145394 -0.00843338 0.01 66 66 0 0 0
1826 -0.151213 -0.00974771 0.01 81 81 0 0 0
1827 -0.160916 -0.0084499 0.01 82 82 0 0 0
1828 -0.136291 -0.00906 0.01 72 72 0 0 0
1846 -0.130752 -0.00895457 0.01 65 65 0 0 0
1848 -0.120118 -0.00938311 0.01 64 64 0 0 0
1855 -0.139791 -0.0089307 0.01 72 72 0 0 0
1863 -0.160916 -0.00828524 0.01 81 81 0 0 0
1865 -0.120756 -0.00927578 0.01 65 65 0 0 0
1868 -0.155718 -0.00986884 0.01 72 73 0 0 0
1869 -0.120118 -0.00938311 0.01 65 66 0 0 0
1871 -0.119525 -0.00927578 0.01 65 65 -0.000212327 0.00123048 0
1876 -0.137932 -0.00900412 0.01 66 66 0 0 0
1877 -0.116877 -0.00927578 0.01 65 65 -0.000702679 0.00387865 0
1880 -0.107575 -0.00820861 0.01 66 66 0 0 0
1883 -0.107575 -0.00820861 0.01 66 66 0 0 0
1886 -0.133669 -0.00931288 0.01 72 72 0 0 0
1887 -0.160916 -0.00828524 0.01 81 81 0 0 0
1889 -0.134925 -0.0085779 0.01 66 67 0 0 0
1902 -0.124528 -0.00868132 0.01 65 65 0 0 0
1912 -0.120756 -0.00927578 0.01 65 65 0 0 0
1913 -0.191489 -0.0083219 0.01 81 81 0 0 0
1915 -0.15559 -0.00940793 0.01 72 72 0 0 0
1916 -0.143737 -0.0086788 0.01 66 66 0 0 0
1923 -0.13198 -0.00827202 0.01 65 65 0 0 0
1927 -0.124528 -0.00852768 0.01 66 66 0 0 0
1930 -0.155718 -0.00986884 0.01 72 72 0 0 0
1932 -0.120756 -0.00927578 0.01 65 65 0 0 0
1938 -0.120756 -0.00927578 0.01 65 65 0 0 0
1944 -0.148105 -0.00871965 0.01 66 66 0 0 0
1947 -0.130752 -0.00900412 0.01 65 66 0 0 0
1954 -0.107575 -0.00821522 0.01 66 66 0 0 0
1958 -0.146221 -0.00883749 0.01 66 67 0 0 0
1961 -0.120756 -0.00927578 0.01 66 66 0 0 0
1964 -0.160916 -0.00828524 0.01 81 81 0 0 0
1966 -0.107575 -0.00820861 0.01 65 65 0 0 0
1971 -0.122422 -0.00905893 0.01 72 72 0 0 0
1973 -0.150052 -0.00943521 0.01 72 72 0 0 0
1979 -0.160916 -0.00902821 0.01 82 82 0 0 0
1982 -0.160916 -0.0084499 0.01 82 82 0 0 0
1989 -0.149426 -0.00838386 0.01 72 72 0 0 0
1996 -0.107575 -0.00820861 0.01 66 66 0 0 0
2005 -0.174438 -0.00879355 0.01 72 72 0 0 0
2008 -0.168604 -0.00961646 0.01 72 72 0 0 0
2014 -0.148105 -0.00871965 0.01 66 67 0 0 0
2028 -0.120756 -0.00927578 0.01 66 66 0 0 0
2039 -0.16154 -0.00843338 0.01 66 66 0 0 0
2044 -0.120118 -0.00938311 0.01 64 64 0 0 0
2062 -0.170264 -0.00893102 0.01 72 72 0 0 0
2067 -0.160916 -0.00828524 0.01 81 81 0 0 0
2072 -0.160916 -0.00828524 0.01 81 81 0 0 0
2073 -0.160916 -0.00828524 0.01 82 82 0 0 0
2075 -0.137875 -0.00922977 0.01 72 72 0 0 0
2077 -0.167018 -0.00875831 0.01 72 72 0 0 0
2086 -0.160916 -0.00828524 0.01 81 81 0 0 0
2089 -0.160916 -0.00828524 0.01 81 81 0 0 0
2094 -0.148105 -0.00871965 0.01 66 66 0 0 0
2095 -0.154634 -0.00828524 0.01 81 81 0 0 0
2096 -0.160916 -0.00828524 0.01 82 82 0 0 0
2112 -0.148105 -0.00842866 0.01 66 66 0 0 0
2114 -0.148105 -0.00842866 0.01 65 65 0 0 0
2118 -0.18124 -0.00908861 0.01 72 72 0 0 0
2122 -0.160916 -0.00828524 0.01 81 80 0 0 0
2123 -0.136291 -0.00900412 0.01 66 66 0 0 0
2134 -0.150052 -0.00951646 0.01 66 67 0 0 0
2143 -0.133061 -0.00900412 0.01 72 71 0 0 0
2154 -0.120118 -0.00938311 0.01 65 65 0 0 0
2156 -0.142704 -0.00920596 0.01 72 72 0 0 0
2159 -0.160916 -0.00828524 0.01 81 80 0 0 0
2162 -0.160916 -0.00828524 0.01 81 80 0 0 0
2170 -0.120756 -0.00927578 0.01 65 65 0 0 0
2177 -0.160916 -0.00828524 0.01 81 81 0 0 0
2180 -0.120118 -0.00938311 0.01 65 65 0 0 0
2181 -0.130752 -0.00900412 0.01 65 65 0 0 0
2189 -0.160916 -0.00895768 0.01 72 71 0 0 0
2191 -0.120118 -0.00938311 0.01 66 66 0 0 0
2192 -0.148105 -0.00842866 0.01 65 65 0 0 0
2201 -0.14001 -0.00895811 0.01 66 66 0 0 0
2207 -0.169946 -0.00931975 0.01 65 65 0 0 0
2209 -0.167972 -0.00905868 0.01 72 72 0 0 0
2212 -0.141759 -0.00838386 0.01 72 72 0 0 0
2215 -0.120118 -0.00938311 0.01 66 66 0 0 0
2216 -0.167018 -0.00894857 0.01 72 72 0 0 0
2217 -0.160916 -0.00828524 0.01 81 81 0 0 0
2223 -0.169946 -0.00871965 0.01 65 65 0 0 0
2224 -0.160916 -0.00828524 0.01 82 82 0 0 0
2227 -0.137875 -0.00922977 0.01 72 72 0 0 0
2233 -0.160916 -0.00828524 0.01 81 81 0 0 0
2234 -0.160916 -0.00828524 0.01 81 81 0 0 0
2242 -0.160916 -0.0084499 0.01 82 82 0 0 0
2243 -0.160916 -0.00828524 0.01 81 81 0 0 0
2252 -0.159314 -0.00875175 0.01 66 66 0 0 0
2253 -0.160916 -0.00828524 0.01 81 81 0 0 0
2256 -0.161037 -0.00920368 0.01 72 72 0 0 0
2263 -0.148105 -0.00871965 0.01 65 65 0 0 0
2267 -0.148105 -0.00871965 0.01 65 65 0 0 0
2270 -0.13198 -0.00827202 0.01 64 64 0 0 0
2277 -0.116033 -0.00927578 0.01 66 66 0 0 0
2280 -0.172384 -0.00858958 0.01 72 73 0 0 0
2284 -0.142704 -0.00920596 0.01 72 72 0 0 0
2292 -0.160916 -0.00828524 0.01 82 82 0 0 0
2296 -0.125167 -0.00920053 0.01 66 66 0 0 0
2301 -0.107575 -0.00820861 0.01 64 64 0 0 0
2302 -0.172384 -0.00858958 0.01 72 72 0 0 0
2304 -0.157009 -0.00828524 0.01 82 82 0 0 0
2307 -0.120118 -0.00938311 0.01 66 66 0 0 0
2308 -0.160916 -0.0084499 0.01 82 82 0 0 0
2310 -0.183011 -0.00879355 0.01 72 72 0 0 0
2312 -0.120756 -0.00927578 0.01 65 65 0 0 0
2313 -0.159572 -0.00876392 0.01 72 72 0 0 0
2316 -0.143737 -0.00879445 0.01 66 66 0 0 0
2317 -0.15559 -0.00940793 0.01 72 72 0 0 0
2322 -0.145857 -0.00860535 0.01 72 72 0 0 0
2331 -0.136291 -0.00900412 0.01 66 66 0 0 0
2335 -0.13198 -0.00827202 0.01 65 65 0 0 0
2340 -0.120118 -0.00938311 0.01 64 64 0 0 0
2343 -0.160916 -0.0084499 0.01 82 82 0 0 0
2344 -0.160916 -0.00828524 0.01 82 82 0 0 0
2355 -0.174438 -0.00879355 0.01 72 72 0 0 0
2356 -0.13198 -0.00827202 0.01 65 66 0 0 0
2358 -0.122967 -0.00908861 0.01 72 72 0 0 0
2364 -0.157009 -0.00828524 0.01 82 82 0 0 0
2369 -0.160916 -0.0084499 0.01 82 82 0 0 0
2372 -0.174546 -0.0083219 0.01 81 81 0 0 0
2374 -0.170101 -0.00861475 0.01 72 73 0 0 0
2375 -0.174438 -0.00879355 0.01 72 72 0 0 0
2376 -0.151722 -0.00893662 0.01 72 72 0 0 0
2377 -0.135234 -0.00900412 0.01 72 71 0 0 0
2378 -0.1186 -0.00884715 0.01 72 72 0 0 0
2380 -0.160916 -0.00828524 0.01 81 81 0 0 0
2383 -0.14679 -0.00857786 0.01 72 72 0 0 0
2385 -0.160916 -0.0084499 0.01 82 82 0 0 0
2387 -0.120756 -0.00926966 0.01 66 66 0 0 0
2388 -0.149426 -0.00838386 0.01 72 72 0 0 0
2389 -0.116033 -0.00927578 0.01 66 66 0 0 0
2393 -0.172384 -0.00858958 0.01 72 72 0 0 0
2407 -0.146527 -0.00842866 0.01 64 65 0 0 0
2427 -0.160916 -0.00828524 0.01 81 81 0 0 0
2436 -0.160916 -0.00828524 0.01 81 81 0 0 0
2454 -0.160916 -0.00828524 0.01 81 81 0 0 0
2455 -0.13198 -0.00827202 0.01 65 65 0 0 0
2459 -0.174546 -0.0083219 0.01 81 81 0 0 0
2461 -0.165294 -0.0083219 0.01 81 81 0 0 0
2462 -0.160916 -0.00828524 0.01 81 81 0 0 0
2463 -0.160916 -0.00828524 0.01 81 81 0 0 0
2469 -0.136291 -0.00900412 0.01 66 66 0 0 0
2471 -0.174546 -0.0083219 0.01 81 81 0 0 0
2472 -0.157576 -0.00951132 0.01 66 67 0 0 0
2477 -0.160916 -0.00828524 0.01 81 81 0 0 0
2478 -0.160916 -0.0084499 0.01 82 82 0 0 0
2479 -0.113977 -0.00821764 0.01 66 66 0 0 0
2488 -0.171646 -0.00879355 0.01 72 72 0 0 0
2494 -0.160916 -0.00828524 0.01 83 82 0 0 0
2498 -0.160916 -0.00828524 0.01 81 81 0 0 0
2500 -0.148105 -0.00842866 0.01 65 65 0 0 0
2505 -0.174546 -0.0083219 0.01 81 81 0 0 0
2510 -0.155718 -0.00986884 0.01 72 72 0 0 0
2521 -0.169946 -0.00871965 0.01 66 66 0 0 0
2529 -0.113977 -0.00821764 0.01 66 66 0 0 0
2531 -0.160916 -0.0084499 0.01 82 82 0 0 0
2540 -0.180403 -0.00887376 0.01 72 72 0.000728607 -0.00796109 0
2541 -0.160916 -0.00828524 0.01 82 82 0 0 0
2542 -0.151213 -0.00974771 0.01 81 81 0 0 0
2545 -0.174546 -0.0083219 0.01 81 81 0 0 0
2548 -0.141241 -0.00839822 0.01 72 72 0 0 0
2549 -0.160916 -0.00828524 0.01 81 81 0 0 0
2555 -0.1818 -0.00897844 0.01 72 72 0 0 0
2559 -0.160916 -0.00828524 0.01 81 81 0 0 0
2566 -0.165294 -0.0083219 0.01 81 81 0 0 0
2567 -0.160916 -0.00828524 0.01 81 81 0 0 0
2569 -0.110484 -0.00820861 0.01 66 67 0 0 0
2583 -0.120118 -0.00938311 0.01 65 66 0 0 0
2589 -0.185484 -0.00828524 0.01 81 81 0.00155112 -0.00430278 0
2590 -0.113977 -0.00805829 0.01 66 66 0 0 0
2595 -0.146263 -0.0085581 0.01 72 72 0 0 0
2599 -0.128059 -0.00920437 0.01 72 72 0 0 0
2601 -0.160916 -0.00828524 0.01 81 81 0 0 0
2603 -0.160916 -0.00828524 0.01 82 82 0 0 0
2608 -0.167972 -0.00905868 0.01 72 72 0 0 0
2612 -0.173449 -0.00901044 0.01 72 72 0 0 0
2617 -0.174843 -0.00854496 0.01 72 72 0 0 0
2621 -0.155718 -0.00986884 0.01 72 72 0 0 0
2622 -0.160916 -0.00828524 0.01 81 82 0 0 0
2626 -0.167972 -0.00905868 0.01 72 72 0 0 0
2637 -0.163267 -0.00858958 0.01 72 72 0 0 0
2645 -0.15559 -0.00940793 0.01 72 73 0 0 0
2646 -0.174546 -0.0083219 0.01 81 81 0 0 0
2651 -0.159314 -0.00875175 0.01 65 65 0 0 0
2660 -0.1186 -0.00884715 0.01 72 72 0 0 0
2670 -0.13716 -0.00965826 0.01 66 67 0 0 0
2678 -0.14679 -0.00857786 0.01 72 72 0 0 0
2679 -0.148105 -0.00842866 0.01 65 65 0 0 0
2684 -0.145857 -0.00875815 0.01 72 72 0 0 0
2694 -0.148105 -0.00871965 0.01 65 65 0 0 0
2696 -0.160916 -0.00828524 0.01 83 83 0 0 0
2704 -0.160916 -0.00828524 0.01 82 82 0 0 0
2707 -0.168604 -0.00961646 0.01 72 72 0 0 0
2708 -0.120118 -0.00938311 0.01 64 64 0 0 0
2714 -0.160916 -0.0084499 0.01 82 82 0 0 0
2730 -0.153454 -0.00828524 0.01 81 81 -0.00650716 0.00746152 0
2731 -0.143612 -0.00827202 0.01 66 66 0 0 0
2734 -0.119967 -0.00938311 0.01 66 66 0 0 0
2735 -0.174438 -0.00879355 0.01 72 72 0 0 0
2737 -0.168604 -0.00953695 0.01 72 72 6.76513e-05 0 7.95098e-05
2744 -0.169474 -0.00828524 0.01 82 82 0.00687394 -0.00855836 0
2745 -0.130752 -0.00900412 0.01 65 65 0 0 0
2747 -0.166133 -0.00899141 0.01 72 72 0 0 0
2759 -0.169946 -0.00871965 0.01 66 66 0 0 0
2761 -0.148105 -0.00871965 0.01 65 65 0 0 0
2765 -0.138614 -0.00874811 0.01 72 73 -0.000486434 0.00117633 0
2766 -0.131804 -0.00840509 0.01 64 64 0 0 0
2771 -0.120118 -0.00913903 0.01 64 64 0 0 0
2773 -0.107575 -0.00820861 0.01 64 64 0 0 0
2784 -0.125167 -0.00920053 0.01 66 66 0 0 0
2786 -0.157697 -0.00908861 0.01 72 71 0 0 0
2791 -0.157009 -0.00828524 0.01 82 82 0 0 0
2795 -0.148105 -0.00842866 0.01 65 65 0 0 0
2799 -0.13198 -0.00827202 0.01 66 66 0 0 0
2800 -0.174546 -0.0083219 0.01 81 81 0 0 0
2807 -0.160916 -0.00828524 0.01 81 81 0 0 0
2811 -0.146263 -0.0085581 0.01 72 74 0 0 0
2815 -0.13198 -0.00827202 0.01 66 66 0 0 0
2819 -0.143737 -0.00879445 0.01 66 66 0 0 0
2820 -0.122273 -0.00871965 0.01 64 64 -0.00205408 0.0258316 0
2822 -0.159601 -0.00854794 0.01 72 73 0 0 0
2824 -0.13198 -0.00827202 0.01 65 65 0 0 0
2825 -0.13198 -0.00827202 0.01 65 65 0 0 0
2833 -0.172552 -0.00957967 0.01 72 72 0 0 0
2835 -0.13198 -0.00825663 0.01 65 65 3.91901e-06 0 1.53864e-05
2837 -0.146221 -0.00883749 0.01 65 65 0 0 0
2841 -0.125167 -0.0090454 0.01 72 70 0 0 0
2843 -0.147347 -0.00828524 0.01 81 81 0 0 0
2846 -0.167018 -0.00887907 0.01 72 72 0 0 0
2847 -0.160916 -0.00828524 0.01 81 81 0 0 0
2849 -0.107575 -0.00820861 0.01 65 65 0 0 0
2852 -0.148105 -0.00871965 0.01 66 66 0 0 0
2853 -0.148105 -0.00842866 0.01 65 65 0 0 0
2857 -0.142704 -0.00920596 0.01 72 72 0 0 0
2859 -0.148105 -0.00871965 0.01 65 65 0 0 0
2861 -0.107575 -0.00821522 0.01 66 66 0 0 0
2865 -0.15559 -0.00940793 0.01 72 72 0 0 0
2873 -0.160916 -0.0084499 0.01 82 82 0 0 0
2880 -0.149426 -0.00812378 0.01 72 72 0.000332743 0 0.000260075
2884 -0.136291 -0.00900412 0.01 66 66 0 0 0
2892 -0.127954 -0.00900412 0.01 66 66 0 0 0
2900 -0.120118 -0.00938311 0.01 66 66 0 0 0
2903 -0.155718 -0.00986884 0.01 72 72 0 0 0
2905 -0.150484 -0.00957986 0.01 72 72 0 0 0
2907 -0.166133 -0.00899141 0.01 72 73 0 0 0
2911 -0.120118 -0.00938311 0.01 66 65 0 0 0
2930 -0.169474 -0.00828524 0.01 83 83 0 0 0
2932 -0.176122 -0.00934259 0.01 72 72 0 0 0
2936 -0.170264 -0.00893102 0.01 72 72 0 0 0
2938 -0.107575 -0.00820861 0.01 66 66 0 0 0
2940 -0.129538 -0.00879445 0.01 66 66 0 0 0
2941 -0.157009 -0.00828524 0.01 82 82 0 0 0
2942 -0.120118 -0.00938311 0.01 65 65 0 0 0
2949 -0.169946 -0.00931975 0.01 66 66 0 0 0
2950 -0.167018 -0.00887907 0.01 72 72 0 0 0
2951 -0.160916 -0.00828524 0.01 81 81 0 0 0
2960 -0.131804 -0.00840509 0.01 64 64 0 0 0
2962 -0.172384 -0.00858958 0.01 72 72 0 0 0
2963 -0.148105 -0.00871965 0.01 66 66 0 0 0
2966 -0.122422 -0.00905893 0.01 72 73 0 0 0
2968 -0.160916 -0.00828524 0.01 81 81 0 0 0
2970 -0.148105 -0.00842866 0.01 66 66 0 0 0
2981 -0.120756 -0.00927578 0.01 65 65 0 0 0
2986 -0.107575 -0.00820861 0.01 66 66 0 0 0
2987 -0.150484 -0.00932045 0.01 72 72 0 0 0
2992 -0.120756 -0.00927578 0.01 66 67 0 0 0
3011 -0.160916 -0.00828524 0.01 81 81 0 0 0
3020 -0.130752 -0.00900412 0.01 65 65 0 0 0
3030 -0.191908 -0.0084499 0.01 82 82 0 0 0
3031 -0.120756 -0.00927578 0.01 65 65 0 0 0
3032 -0.136291 -0.00900412 0.01 66 66 0 0 0
3036 -0.120118 -0.00938311 0.01 65 65 0 0 0
3040 -0.136291 -0.00906 0.01 72 72 0 0 0
3043 -0.120118 -0.00938311 0.01 64 64 0 0 0
3065 -0.16117 -0.00879445 0.01 66 66 0 0 0
3069 -0.146221 -0.00883749 0.01 66 67 0 0 0
3071 -0.160916 -0.00828524 0.01 81 81 0 0 0
3073 -0.161037 -0.00920368 0.01 72 72 0 0 0
3078 -0.16154 -0.00843338 0.01 65 66 0 0 0
3087 -0.159572 -0.00876392 0.01 72 72 0 0 0
3095 -0.119437 -0.00870571 0.01 66 66 0 0 0
3098 -0.160916 -0.00828524 0.01 81 81 0 0 0
3102 -0.107575 -0.00821522 0.01 66 66 0 0 0
3106 -0.160916 -0.00828524 0.01 81 81 0 0 0
3109 -0.160916 -0.00828524 0.01 82 82 0 0 0
3110 -0.18124 -0.00908861 0.01 72 72 0 0 0
3111 -0.107575 -0.00820861 0.01 66 66 0 0 0
3114 -0.160916 -0.00828524 0.01 82 82 0 0 0
3120 -0.170101 -0.00861475 0.01 72 72 0 0 0
3130 -0.151213 -0.00974771 0.01 81 81 0 0 0
3133 -0.148105 -0.00871965 0.01 65 65 0 0 0
3135 -0.160916 -0.00828524 0.01 83 82 0 0 0
3139 -0.169946 -0.00871965 0.01 66 66 0 0 0
3141 -0.155829 -0.00928166 0.01 66 66 0 0 0
3143 -0.149426 -0.00838386 0.01 72 72 0 0 0
3144 -0.160916 -0.00828524 0.01 81 81 0 0 0
3147 -0.1186 -0.00884715 0.01 72 72 0 0 0
3149 -0.113977 -0.00821764 0.01 66 68 0 0 0
3150 -0.125167 -0.00920053 0.01 66 66 0 0 0
3151 -0.120756 -0.00927578 0.01 66 66 0 0 0
3153 -0.160916 -0.00828524 0.01 81 81 0 0 0
3156 -0.148105 -0.00842866 0.01 65 65 0 0 0
3161 -0.127954 -0.00900412 0.01 66 66 0 0 0
3162 -0.127954 -0.00900412 0.01 66 66 0 0 0
3165 -0.159314 -0.00875175 0.01 66 67 0 0 0
3189 -0.120756 -0.00927578 0.01 66 66 0 0 0
3193 -0.160916 -0.00828524 0.01 81 81 0 0 0
3197 -0.169946 -0.00931975 0.01 65 65 0 0 0
3200 -0.191489 -0.0083219 0.01 81 81 0 0 0
3202 -0.107575 -0.00821522 0.01 66 66 0 0 0
3203 -0.160916 -0.00828524 0.01 81 81 0 0 0
3204 -0.172552 -0.00957967 0.01 72 72 0 0 0
3207 -0.107575 -0.00820861 0.01 66 66 0 0 0
3218 -0.113977 -0.00820861 0.01 66 67 0 0 0
3219 -0.174438 -0.00879355 0.01 72 72 0 0 0
3223 -0.130752 -0.00900412 0.01 65 65 0 0 0
3236 -0.160916 -0.00828524 0.01 82 82 0 0 0
3249 -0.161037 -0.00920368 0.01 72 72 0 0 0
3255 -0.160916 -0.00828524 0.01 82 82 0 0 0
3256 -0.165294 -0.0083219 0.01 81 81 0 0 0
3268 -0.160916 -0.00828524 0.01 81 81 0 0 0
3270 -0.172384 -0.00858958 0.01 72 72 0 0 0
3275 -0.1818 -0.00897844 0.01 72 72 0 0 0
3276 -0.119967 -0.00938311 0.01 66 66 0 0 0
3280 -0.141241 -0.00869655 0.01 72 71 0 0 0
3289 -0.172442 -0.00876401 0.01 72 72 0 0 0
3302 -0.145394 -0.00843338 0.01 66 66 0 0 0
3303 -0.136291 -0.00900412 0.01 66 67 0 0 0
3306 -0.155239 -0.00881496 0.01 72 72 0 0 0
3310 -0.149426 -0.00838386 0.01 72 72 0 0 0
3314 -0.128234 -0.00920053 0.01 66 66 0 0 0
3315 -0.138614 -0.00874811 0.01 72 72 0 0 0
3316 -0.136291 -0.00900412 0.01 66 66 0 0 0
3329 -0.160916 -0.00828524 0.01 81 81 0 0 0
3330 -0.160916 -0.00828524 0.01 81 81 0 0 0
3334 -0.107575 -0.00821522 0.01 66 66 0 0 0
3337 -0.129538 -0.00879445 0.01 66 66 0 0 0
3340 -0.122422 -0.00905893 0.01 72 72 0 0 0
3341 -0.107575 -0.00821522 0.01 66 66 0 0 0
3343 -0.148105 -0.00871965 0.01 65 65 0 0 0
3345 -0.171596 -0.00878883 0.01 72 73 0 0 0
3348 -0.120118 -0.00938311 0.01 66 66 0 0 0
3352 -0.160916 -0.00828524 0.01 81 81 0 0 0
3363 -0.160916 -0.00828524 0.01 83 83 0 0 0
3364 -0.120118 -0.00938311 0.01 64 64 0 0 0
3370 -0.148105 -0.00842866 0.01 65 65 0 0 0
3375 -0.160916 -0.00828524 0.01 81 81 0 0 0
3376 -0.142771 -0.00932183 0.01 72 72 0 0 0
3377 -0.120118 -0.00938311 0.01 66 66 0 0 0
3378 -0.159002 -0.00893684 0.01 72 72 0 0 0
3379 -0.136291 -0.00900412 0.01 66 66 0 0 0
3389 -0.157576 -0.00951132 0.01 66 67 0 0 0
3395 -0.125167 -0.00920053 0.01 66 66 0 0 0
3398 -0.155718 -0.00986884 0.01 72 72 0 0 0
3410 -0.14679 -0.00857786 0.01 72 72 0 0 0
3413 -0.169946 -0.00871965 0.01 66 66 0 0 0
3419 -0.167018 -0.00894857 0.01 72 72 0 0 0
3422 -0.160916 -0.00828524 0.01 81 81 0 0 0
3428 -0.160916 -0.00828524 0.01 81 81 0 0 0
3437 -0.120756 -0.00927578 0.01 65 65 0 0 0
3440 -0.159002 -0.00893684 0.01 72 72 0 0 0
3441 -0.174546 -0.0083219 0.01 81 81 0 0 0
3460 -0.136291 -0.00900412 0.01 66 66 0 0 0
3464 -0.160916 -0.00848964 0.01 81 81 0 0 0
3484 -0.157009 -0.00828524 0.01 82 82 0 0 0
3494 -0.155239 -0.00881496 0.01 72 72 0 0 0
3499 -0.160916 -0.00828524 0.01 81 81 0 0 0
3504 -0.137932 -0.00900412 0.01 66 66 0 0 0
3505 -0.120118 -0.00938311 0.01 64 64 0 0 0
3507 -0.160916 -0.00828524 0.01 81 81 0 0 0
3510 -0.137932 -0.00900412 0.01 66 66 0 0 0
3511 -0.107575 -0.00820861 0.01 65 65 0 0 0
3514 -0.113977 -0.00820861 0.01 66 66 0 0 0
3515 -0.139791 -0.00874811 0.01 72 72 0 0 0
3517 -0.147114 -0.00843338 0.01 66 66 0 0 0
3524 -0.119437 -0.00870571 0.01 66 68 0 0 0
3531 -0.145537 -0.00890733 0.01 72 72 0 0 0
3533 -0.160916 -0.00828524 0.01 82 82 0 0 0
3534 -0.13198 -0.00827202 0.01 64 64 0 0 0
3538 -0.174438 -0.00879355 0.01 72 72 0 0 0
3545 -0.159314 -0.00875175 0.01 65 66 0 0 0
3549 -0.160916 -0.00848964 0.01 81 81 0 0 0
3557 -0.148105 -0.00871965 0.01 65 65 0 0 0
3564 -0.145537 -0.00874811 0.01 72 72 0 0 0
3570 -0.148105 -0.00871965 0.01 66 66 0 0 0
3575 -0.138614 -0.00874811 0.01 72 72 0 0 0
3577 -0.160916 -0.00828524 0.01 81 81 0 0 0
3584 -0.13198 -0.00827202 0.01 66 66 0 0 0
3587 -0.160916 -0.00828524 0.01 81 81 0 0 0
3592 -0.160916 -0.00828524 0.01 81 81 0 0 0
3595 -0.148105 -0.00871965 0.01 65 65 0 0 0
3600 -0.159618 -0.00828524 0.01 81 81 -0.00102273 0.00129767 0
3603 -0.150484 -0.00932045 0.01 72 72 0 0 0
3614 -0.172552 -0.00957967 0.01 72 72 0 0 0
3615 -0.162047 -0.00828524 0.01 82 82 0.00102144 -0.00113127 0
3626 -0.134925 -0.0085779 0.01 66 66 0 0 0
3629 -0.160916 -0.00828524 0.01 81 81 0 0 0
3630 -0.128234 -0.00917106 0.01 66 66 1.39624e-05 0 2.94698e-05
3631 -0.169946 -0.00871965 0.01 65 65 0 0 0
3635 -0.137932 -0.00900412 0.01 66 66 0 0 0
3636 -0.150484 -0.00943369 0.01 72 72 -0.000177458 0 -0.000113243
3637 -0.149426 -0.00838386 0.01 72 72 0 0 0
3638 -0.148105 -0.00842866 0.01 66 66 0 0 0
3639 -0.160916 -0.00828524 0.01 81 81 0 0 0
3640 -0.18124 -0.00888149 0.01 72 72 0 0 0
3644 -0.172552 -0.00957967 0.01 72 72 0 0 0
3655 -0.15466 -0.00904175 0.01 81 79 0 0 0
3656 -0.160916 -0.00828524 0.01 81 81 0 0 0
3658 -0.148105 -0.00871965 0.01 65 65 0 0 0
3661 -0.13198 -0.00827202 0.01 65 65 0 0 0
3667 -0.13198 -0.00827202 0.01 66 66 0 0 0
3670 -0.120118 -0.00938311 0.01 65 65 0 0 0
3674 -0.160916 -0.0084499 0.01 82 82 0 0 0
3675 -0.151213 -0.00974771 0.01 81 80 0 0 0
3685 -0.160916 -0.00828524 0.01 81 81 0 0 0
3693 -0.159572 -0.00876392 0.01 72 73 0 0 0
3696 -0.146221 -0.00883749 0.01 65 65 0 0 0
3697 -0.159314 -0.00875175 0.01 66 66 0 0 0
3704 -0.160916 -0.00828524 0.01 82 82 0 0 0
3705 -0.160916 -0.00828524 0.01 81 81 0 0 0
3707 -0.167018 -0.00887907 0.01 72 72 0 0 0
3708 -0.129538 -0.00879445 0.01 65 65 0 0 0
3710 -0.160916 -0.00828524 0.01 82 82 0 0 0
3717 -0.148105 -0.00858983 0.01 65 65 -2.30223e-05 0 -0.00016117
3718 -0.160916 -0.00828524 0.01 82 82 0 0 0
3719 -0.148105 -0.00871965 0.01 65 65 0 0 0
3720 -0.107575 -0.00821522 0.01 66 66 0 0 0
3721 -0.183011 -0.00879355 0.01 72 72 0 0 0
3732 -0.1818 -0.00897844 0.01 72 72 0 0 0
3740 -0.174546 -0.0083219 0.01 81 81 0 0 0
3744 -0.146888 -0.00883755 0.01 72 71 0 0 0
3754 -0.130752 -0.00900412 0.01 65 65 0 0 0
3755 -0.172442 -0.00883582 0.01 72 72 0 0 0
3756 -0.130752 -0.00895457 0.01 65 66 0 0 0
3757 -0.13198 -0.00827202 0.01 66 66 0 0 0
3758 -0.160916 -0.00828524 0.01 81 81 0 0 0
3759 -0.148105 -0.00871965 0.01 66 66 0 0 0
3760 -0.120118 -0.00938311 0.01 65 65 0 0 0
3762 -0.160916 -0.00828524 0.01 82 82 0 0 0
3764 -0.174546 -0.0083219 0.01 81 81 0 0 0
3765 -0.163267 -0.00858958 0.01 72 72 -0.00107646 0.00911762 0
3768 -0.16154 -0.00843338 0.01 65 65 0 0 0
3777 -0.136291 -0.00900412 0.01 66 66 0 0 0
3779 -0.160916 -0.0084499 0.01 82 82 0 0 0
3781 -0.14679 -0.00857786 0.01 72 72 0 0 0
3787 -0.120118 -0.00938311 0.01 65 65 0 0 0
3796 -0.165294 -0.0083219 0.01 81 81 0 0 0
3805 -0.155239 -0.00881496 0.01 72 72 0 0 0
3811 -0.160916 -0.0084499 0.01 82 82 0 0 0
3817 -0.160916 -0.00828524 0.01 82 82 0 0 0
3818 -0.148105 -0.00871965 0.01 65 65 0 0 0
3831 -0.120118 -0.00938311 0.01 64 64 0 0 0
3835 -0.160916 -0.00828524 0.01 81 81 0 0 0
3853 -0.160916 -0.00828524 0.01 81 81 0 0 0
3857 -0.157009 -0.00828524 0.01 82 82 0 0 0
3859 -0.120118 -0.00938311 0.01 65 65 0 0 0
3868 -0.148049 -0.00914203 0.01 72 72 0 0 0
3870 -0.167972 -0.00905868 0.01 72 72 0 0 0
3871 -0.120118 -0.00938311 0.01 64 64 0 0 0
3878 -0.14679 -0.00867662 0.01 72 72 0 0 0
3881 -0.160916 -0.00828524 0.01 82 82 0 0 0
3889 -0.169946 -0.00931975 0.01 66 66 0 0 0
3893 -0.145537 -0.00874811 0.01 72 72 0 0 0
3896 -0.107575 -0.00820861 0.01 64 64 0 0 0
3899 -0.174843 -0.00854496 0.01 72 72 0 0 0
3902 -0.160916 -0.0084499 0.01 82 82 0 0 0
3907 -0.160916 -0.00828524 0.01 81 81 0 0 0
3911 -0.160916 -0.00828524 0.01 81 81 0 0 0
3913 -0.145616 -0.00901293 0.01 72 71 0 0 0
3914 -0.160916 -0.00828524 0.01 81 81 0 0 0
3923 -0.160916 -0.00828524 0.01 82 82 0 0 0
3925 -0.136291 -0.00900412 0.01 66 66 0 0 0
3926 -0.137932 -0.00900412 0.01 66 66 0 0 0
3938 -0.144368 -0.00932183 0.01 72 72 0 0 0
3944 -0.130752 -0.00900412 0.01 66 66 0 0 0
3950 -0.136291 -0.00906 0.01 72 72 0 0 0
3951 -0.149426 -0.00838386 0.01 72 72 0 0 0
3960 -0.148105 -0.00871965 0.01 66 66 0 0 0
3962 -0.169946 -0.00871965 0.01 66 66 0 0 0
3966 -0.160916 -0.00828524 0.01 82 82 0 0 0
3969 -0.120118 -0.00938311 0.01 65 65 0 0 0
3970 -0.119967 -0.00938311 0.01 66 66 0 0 0
3974 -0.107575 -0.00820861 0.01 64 64 0 0 0
3979 -0.160916 -0.00828524 0.01 82 82 0 0 0
3985 -0.168637 -0.00943822 0.01 72 72 -8.14497e-05 0 -9.98741e-05
3990 -0.120118 -0.00938311 0.01 64 64 0 0 0
3991 -0.107575 -0.00821522 0.01 66 66 0 0 0
3994 -0.160916 -0.00902821 0.01 82 82 0 0 0
3995 -0.13198 -0.00827202 0.01 66 66 0 0 0
3997 -0.130774 -0.00951816 0.01 72 72 0 0 0
4006 -0.120118 -0.00938311 0.01 65 65 0 0 0
4012 -0.139791 -0.00874811 0.01 72 72 0 0 0
4015 -0.160916 -0.0084499 0.01 81 82 0 0 0
4017 -0.169946 -0.00871965 0.01 66 66 0 0 0
4022 -0.129538 -0.00879445 0.01 65 65 0 0 0
4023 -0.16117 -0.00879445 0.01 66 66 0 0 0
4031 -0.120118 -0.00938311 0.01 65 65 0 0 0
4032 -0.130752 -0.00900412 0.01 65 66 0 0 0
4034 -0.169286 -0.00829955 0.01 72 72 0 0 0
4036 -0.171889 -0.00858958 0.01 81 80 0 0 0
4041 -0.148105 -0.00842866 0.01 65 65 0 0 0
4043 -0.122422 -0.00905893 0.01 72 72 0 0 0
4046 -0.120756 -0.00927578 0.01 65 65 0 0 0
4062 -0.120118 -0.00938311 0.01 64 64 0 0 0
4063 -0.170264 -0.00893102 0.01 72 71 0 0 0
4067 -0.120118 -0.00938311 0.01 66 66 0 0 0
4071 -0.137932 -0.00900412 0.01 65 66 0 0 0
4072 -0.137932 -0.00900412 0.01 66 66 0 0 0
4075 -0.13198 -0.00827202 0.01 65 65 0 0 0
4076 -0.171596 -0.00923088 0.01 72 72 0 0 0
4080 -0.167972 -0.00905868 0.01 72 72 0 0 0
4095 -0.136709 -0.00903242 0.01 66 66 0 0 0
4097 -0.136709 -0.00903242 0.01 66 67 0 0 0
4101 -0.168604 -0.00961646 0.01 72 72 0 0 0
4106 -0.160916 -0.0084499 0.01 82 82 0 0 0
4114 -0.107575 -0.00820861 0.01 65 65 0 0 0
4116 -0.160916 -0.00828524 0.01 81 81 0 0 0
4120 -0.181181 -0.00828524 0.01 81 80 0 0 0
4124 -0.107575 -0.00821522 0.01 66 66 0 0 0
4134 -0.146221 -0.00883749 0.01 66 66 0 0 0
4147 -0.157457 -0.00839822 0.01 72 72 0 0 0
4150 -0.160916 -0.00828524 0.01 82 82 0 0 0
4157 -0.145857 -0.00860535 0.01 72 72 0 0 0
4166 -0.123329 -0.00860251 0.01 72 71 0 0 0
4175 -0.148105 -0.00871965 0.01 65 65 0 0 0
4177 -0.148105 -0.00871965 0.01 65 65 0 0 0
4189 -0.157009 -0.00828524 0.01 82 82 0 0 0
4195 -0.160916 -0.00828524 0.01 81 81 0 0 0
4196 -0.160916 -0.0084499 0.01 82 82 0 0 0
4202 -0.159314 -0.00875175 0.01 66 66 0 0 0
4207 -0.172442 -0.00883582 0.01 72 72 0 0 0
4215 -0.174438 -0.00879355 0.01 72 72 0 0 0
4218 -0.141759 -0.00838386 0.01 72 72 0 0 0
4221 -0.170264 -0.00893102 0.01 72 72 0 0 0
4222 -0.120118 -0.00938311 0.01 64 64 0 0 0
4224 -0.150052 -0.00951646 0.01 66 67 0 0 0
4225 -0.160916 -0.00828524 0.01 81 81 0 0 0
4238 -0.160916 -0.00848964 0.01 81 81 0 0 0
4240 -0.143737 -0.0086788 0.01 66 66 0 0 0
4242 -0.148105 -0.00871965 0.01 66 66 0 0 0
4244 -0.159002 -0.00893684 0.01 72 72 0 0 0
4247 -0.142704 -0.00920596 0.01 72 72 0 0 0
4248 -0.148105 -0.00842866 0.01 65 65 0 0 0
4251 -0.107575 -0.00820861 0.01 65 65 0 0 0
4256 -0.148105 -0.00871965 0.01 66 66 0 0 0
4261 -0.148105 -0.00842866 0.01 65 65 0 0 0
4264 -0.107575 -0.00820861 0.01 65 66 0 0 0
4271 -0.120118 -0.00938311 0.01 64 64 0 0 0
4274 -0.160916 -0.0084499 0.01 82 82 0 0 0
4276 -0.160916 -0.00828524 0.01 81 80 0 0 0
4277 -0.136291 -0.00900412 0.01 66 66 0 0 0
4284 -0.159314 -0.00875175 0.01 66 66 0 0 0
4287 -0.13198 -0.00827202 0.01 65 66 0 0 0
4291 -0.160916 -0.00828524 0.01 83 83 0 0 0
4294 -0.149426 -0.00838386 0.01 72 72 0 0 0
4306 -0.13198 -0.00827202 0.01 64 64 0 0 0
4311 -0.155829 -0.00928166 0.01 66 66 0 0 0
4318 -0.174438 -0.00874676 0.01 72 72 0 0 0
4319 -0.174438 -0.00879355 0.01 72 72 0 0 0
4322 -0.169946 -0.00889659 0.01 65 65 0 0 0
4331 -0.160916 -0.00828524 0.01 81 81 0 0 0
4334 -0.125167 -0.00920053 0.01 66 67 0 0 0
4339 -0.16154 -0.00843338 0.01 66 66 0 0 0
4343 -0.148105 -0.00842866 0.01 65 65 0 0 0
4344 -0.136291 -0.00900412 0.01 66 66 0 0 0
4346 -0.120118 -0.00938311 0.01 66 66 0 0 0
4357 -0.120118 -0.00938311 0.01 65 64 0 0 0
4361 -0.160916 -0.00828524 0.01 81 81 0 0 0
4364 -0.13198 -0.00827202 0.01 66 66 0 0 0
4370 -0.144368 -0.00932183 0.01 72 72 0 0 0
4372 -0.150052 -0.00968687 0.01 72 71 0 0 0
4373 -0.160916 -0.00828524 0.01 81 81 0 0 0
4383 -0.160916 -0.0084499 0.01 82 82 0 0 0
4387 -0.151837 -0.00879445 0.01 66 66 0.000597507 -0.00809982 0
4397 -0.169946 -0.00871965 0.01 66 66 0 0 0
4400 -0.13198 -0.00827202 0.01 66 65 0 0 0
4403 -0.160916 -0.00902821 0.01 82 82 -0.0009152 0 -7.1058e-05
4413 -0.160916 -0.00828524 0.01 82 82 0 0 0
4420 -0.160916 -0.00828524 0.01 81 81 0 0 0
4421 -0.120118 -0.00938311 0.01 66 66 0 0 0
4425 -0.119967 -0.00938311 0.01 66 66 0 0 0
4441 -0.137119 -0.00855919 0.01 72 72 0 0 0
4443 -0.130752 -0.00900412 0.01 66 66 0 0 0
4444 -0.144368 -0.00932183 0.01 72 73 0 0 0
4445 -0.131126 -0.00938311 0.01 66 66 0 0 0
4458 -0.107575 -0.00820861 0.01 65 65 0 0 0
4465 -0.151197 -0.00939989 0.01 66 66 0 0 0
4469 -0.120118 -0.00938311 0.01 65 65 0 0 0
4476 -0.120756 -0.00927578 0.01 65 65 0 0 0
4482 -0.160916 -0.00828524 0.01 81 81 0 0 0
4490 -0.153781 -0.00884636 0.01 66 69 0 0 0
4498 -0.148105 -0.00871965 0.01 65 65 0 0 0
4500 -0.165294 -0.0083219 0.01 81 81 0 0 0
4503 -0.169946 -0.00871965 0.01 66 66 0 0 0
4506 -0.120118 -0.00938311 0.01 65 65 0 0 0
4510 -0.136709 -0.00903242 0.01 66 66 0 0 0
4516 -0.148105 -0.00871965 0.01 65 65 0 0 0
4519 -0.120118 -0.00938311 0.01 66 66 0 0 0
4534 -0.160916 -0.0084499 0.01 82 82 0 0 0
4538 -0.107575 -0.00821522 0.01 66 66 0 0 0
4540 -0.120118 -0.00945178 0.01 66 67 0 0 0
4542 -0.146221 -0.00883749 0.01 66 67 0 0 0
4552 -0.160916 -0.00828524 0.01 81 81 0 0 0
4566 -0.150052 -0.00943521 0.01 72 72 0 0 0
4569 -0.148105 -0.00842866 0.01 66 67 0 0 0
4579 -0.148105 -0.00842866 0.01 65 65 0 0 0
4587 -0.124528 -0.00868132 0.01 65 65 0 0 0
4588 -0.160916 -0.00828524 0.01 81 81 0 0 0
4589 -0.120118 -0.00938311 0.01 66 66 0 0 0
4591 -0.160916 -0.0084499 0.01 81 81 0 0 0
4594 -0.172384 -0.00858958 0.01 72 72 0 0 0
4597 -0.160916 -0.00828524 0.01 82 82 0 0 0
4601 -0.151638 -0.00843338 0.01 65 65 0 0 0
4605 -0.159314 -0.00875175 0.01 66 66 0 0 0
4606 -0.169946 -0.00931975 0.01 66 66 0 0 0
4618 -0.171596 -0.00878883 0.01 72 73 0 0 0
4625 -0.160916 -0.00828524 0.01 81 81 0 0 0
4631 -0.160916 -0.00828524 0.01 82 82 0 0 0
4633 -0.160916 -0.00828524 0.01 82 82 0 0 0
4635 -0.183011 -0.00879355 0.01 72 72 0 0 0
4641 -0.141147 -0.00842866 0.01 65 65 -0.000451252 0.00695778 0
4655 -0.169286 -0.00828392 0.01 72 72 9.77516e-06 0 1.56304e-05
4656 -0.160916 -0.00828524 0.01 82 81 0 0 0
4659 -0.120118 -0.00938311 0.01 65 65 0 0 0
4661 -0.136291 -0.00900412 0.01 72 73 0 0 0
4664 -0.160916 -0.00828524 0.01 81 81 0 0 0
4666 -0.150052 -0.00951646 0.01 65 65 0 0 0
4674 -0.16154 -0.00843338 0.01 66 66 0 0 0
4678 -0.155718 -0.00986884 0.01 72 72 0 0 0
4683 -0.120118 -0.00938311 0.01 65 65 0 0 0
4686 -0.148105 -0.00871965 0.01 65 65 0 0 0
4692 -0.168604 -0.00961646 0.01 72 72 0 0 0
4694 -0.1818 -0.00897844 0.01 72 72 0 0 0
4701 -0.120756 -0.00927578 0.01 66 66 0 0 0
4702 -0.120756 -0.00927578 0.01 65 65 0 0 0
4706 -0.160916 -0.00828524 0.01 82 82 0 0 0
4711 -0.125167 -0.00920053 0.01 66 66 0 0 0
4714 -0.129538 -0.00879445 0.01 66 66 0 0 0
4717 -0.167018 -0.00875831 0.01 72 72 0 0 0
4718 -0.113977 -0.00805829 0.01 66 68 0 0 0
4720 -0.136709 -0.00903242 0.01 66 66 0 0 0
4727 -0.160916 -0.00828524 0.01 81 81 0 0 0
4728 -0.160916 -0.00828524 0.01 82 82 0 0 0
4731 -0.148105 -0.00842866 0.01 64 65 0 0 0
4736 -0.160916 -0.00828524 0.01 81 81 0 0 0
4737 -0.113977 -0.00842279 0.01 66 66 -0.000154167 0 -0.000214186
4748 -0.120118 -0.00938311 0.01 64 64 0 0 0
4750 -0.174546 -0.0083219 0.01 81 81 0 0 0
4756 -0.120118 -0.00938311 0.01 65 65 0 0 0
4757 -0.120118 -0.00938311 0.01 64 64 0 0 0
4763 -0.141368 -0.00842866 0.01 65 65 0 0 0
4770 -0.149426 -0.00838386 0.01 72 72 0 0 0
4773 -0.160916 -0.00828524 0.01 82 82 0 0 0
4775 -0.148105 -0.00871965 0.01 65 65 0 0 0
4776 -0.13198 -0.00827202 0.01 64 64 0 0 0
4780 -0.160916 -0.00828524 0.01 81 81 0 0 0
4790 -0.163267 -0.00858958 0.01 72 72 0 0 0
4791 -0.159002 -0.00893684 0.01 72 72 0 0 0
4796 -0.174438 -0.00879355 0.01 72 72 0 0 0
4812 -0.172384 -0.00858958 0.01 72 72 0 0 0
4818 -0.16117 -0.00879445 0.01 66 66 0 0 0
4821 -0.172442 -0.00876401 0.01 72 73 0 0 0
4823 -0.136291 -0.00900412 0.01 66 66 0 0 0
4825 -0.148105 -0.00871965 0.01 65 65 0 0 0
4831 -0.160916 -0.00828524 0.01 82 82 0 0 0
4832 -0.159002 -0.00897039 0.01 72 72 -3.53605e-05 0 -3.35472e-05
4841 -0.172442 -0.00883582 0.01 72 72 0 0 0
4850 -0.120756 -0.00927578 0.01 65 65 0 0 0
4855 -0.157009 -0.00828524 0.01 82 82 -0.00382271 0.00390695 0
4857 -0.13198 -0.00827202 0.01 65 65 0 0 0
4860 -0.176122 -0.00934259 0.01 72 72 0.000369132 -0.00585787 -0.000411566
4864 -0.148105 -0.00842866 0.01 65 65 0 0 0
4867 -0.125167 -0.00920053 0.01 66 66 0 0 0
4876 -0.146759 -0.00839822 0.01 66 66 0 0 0
4879 -0.159314 -0.00875175 0.01 66 66 0 0 0
4888 -0.130752 -0.00900412 0.01 66 66 0 0 0
4895 -0.160916 -0.00828524 0.01 81 81 0 0 0
4896 -0.159314 -0.00875175 0.01 66 66 0 0 0
4899 -0.148105 -0.00842866 0.01 65 65 0 0 0
4904 -0.134925 -0.0085779 0.01 66 67 0 0 0
4909 -0.160916 -0.00828524 0.01 81 81 0 0 0
4911 -0.157009 -0.00828524 0.01 82 82 0 0 0
4916 -0.136291 -0.00879203 0.01 66 66 0 0 0
4917 -0.145857 -0.00860535 0.01 72 72 0 0 0
4920 -0.159314 -0.00875175 0.01 66 66 0 0 0
4930 -0.156742 -0.00871965 0.01 65 65 0.000430509 -0.00863685 0
4933 -0.161037 -0.00920368 0.01 72 72 0 0 0
4934 -0.165294 -0.0083219 0.01 81 81 0 0 0
4937 -0.149426 -0.00838386 0.01 72 72 0 0 0
4965 -0.142704 -0.00920596 0.01 72 72 0 0 0
4968 -0.107575 -0.00821522 0.01 66 66 0 0 0
4971 -0.120118 -0.00938311 0.01 66 66 0 0 0
4972 -0.160916 -0.00828524 0.01 81 81 0 0 0
4975 -0.160916 -0.00828524 0.01 81 81 0 0 0
4976 -0.160916 -0.00828524 0.01 81 81 0 0 0
4978 -0.120118 -0.00938311 0.01 64 65 0 0 0
4982 -0.120118 -0.00938311 0.01 65 65 0 0 0
4986 -0.176916 -0.00883582 0.01 72 72 0 0 0
4988 -0.172442 -0.00883582 0.01 72 72 0 0 0
4989 -0.146888 -0.00899145 0.01 72 71 0 0 0
4990 -0.160916 -0.00828524 0.01 82 82 0 0 0
5002 -0.145252 -0.00888375 0.01 72 72 0 0 0
5004 -0.124528 -0.00860074 0.01 66 67 0 0 0
5008 -0.107575 -0.00820861 0.01 65 65 0 0 0
5011 -0.160916 -0.00828524 0.01 82 82 0 0 0
5014 -0.150052 -0.00951646 0.01 66 66 0 0 0
5017 -0.14278 -0.00912764 0.01 66 67 -0.00103003 0.0110008 0
5026 -0.148105 -0.00871965 0.01 65 65 0 0 0
5031 -0.148105 -0.00871965 0.01 66 66 0 0 0
5035 -0.160916 -0.00828524 0.01 81 81 0 0 0
5037 -0.160916 -0.00828524 0.01 81 81 0 0 0
5041 -0.174843 -0.00854496 0.01 72 72 0 0 0
5044 -0.120118 -0.00938311 0.01 64 64 0 0 0
5048 -0.169946 -0.00871965 0.01 66 66 0 0 0
5052 -0.160916 -0.00828524 0.01 82 82 0 0 0
5061 -0.155239 -0.00881496 0.01 72 71 0 0 0
5063 -0.160916 -0.0082158 0.01 81 81 0.000555992 0 6.94459e-05
5066 -0.160916 -0.00828524 0.01 81 81 0 0 0
5069 -0.136291 -0.00900412 0.01 66 66 0 0 0
5071 -0.139791 -0.0089307 0.01 72 72 0 0 0
5072 -0.160916 -0.00828524 0.01 83 83 0 0 0
5073 -0.130752 -0.00900412 0.01 65 65 0 0 0
5074 -0.120756 -0.00927578 0.01 65 65 0 0 0
5075 -0.151638 -0.00843338 0.01 66 66 0 0 0
5078 -0.136291 -0.00900412 0.01 66 66 0 0 0
5088 -0.160916 -0.00828524 0.01 82 82 0 0 0
5098 -0.13198 -0.00827202 0.01 66 66 0 0 0
5100 -0.172552 -0.00957967 0.01 72 72 0 0 0
5103 -0.177219 -0.00858958 0.01 72 72 0 0 0
5106 -0.160916 -0.00828524 0.01 82 82 0 0 0
5108 -0.160916 -0.00828524 0.01 81 81 0 0 0
5111 -0.137119 -0.00855919 0.01 72 72 0 0 0
5123 -0.157009 -0.00828524 0.01 82 82 0 0 0
5126 -0.113192 -0.00938311 0.01 66 66 -0.00169699 0.00692606 0
5127 -0.149426 -0.00838386 0.01 72 72 0 0 0
5134 -0.159002 -0.00893684 0.01 72 72 0 0 0
5140 -0.131804 -0.00840509 0.01 64 64 0 0 0
5151 -0.161037 -0.00920368 0.01 72 72 0 0 0
5152 -0.136291 -0.00900412 0.01 65 65 0 0 0
5153 -0.160916 -0.00828524 0.01 82 82 0 0 0
5160 -0.165294 -0.0083219 0.01 81 81 0 0 0
5169 -0.157009 -0.00828524 0.01 82 82 0 0 0
5171 -0.180403 -0.00887376 0.01 72 72 0 0 0
5174 -0.160916 -0.00828524 0.01 81 82 0 0 0
5175 -0.13198 -0.00827202 0.01 66 66 0 0 0
5178 -0.153781 -0.00884636 0.01 66 66 0 0 0
5179 -0.167018 -0.00887907 0.01 72 72 0 0 0
5182 -0.155718 -0.00986884 0.01 72 72 0 0 0
5187 -0.159618 -0.00828524 0.01 81 80 0 0 0
5189 -0.148105 -0.00871965 0.01 65 65 0 0 0
5194 -0.147214 -0.00883755 0.01 72 72 0 0 0
5198 -0.176916 -0.00883582 0.01 72 72 0 0 0
5210 -0.14679 -0.00893662 0.01 72 72 0 0 0
5215 -0.146263 -0.0085581 0.01 72 72 0 0 0
5222 -0.120756 -0.00927578 0.01 66 66 0 0 0
5226 -0.1818 -0.00897844 0.01 72 72 0 0 0
5228 -0.145857 -0.0084062 0.01 72 72 0.000532433 0 0.000341797
5230 -0.174438 -0.00879355 0.01 72 72 0 0 0
5233 -0.161037 -0.00920368 0.01 72 72 0 0 0
5238 -0.160916 -0.00828524 0.01 82 82 0 0 0
5241 -0.155548 -0.00883749 0.01 66 66 0 0 0
5242 -0.160916 -0.00828524 0.01 81 81 0 0 0
5244 -0.172384 -0.00858958 0.01 72 73 0 0 0
5248 -0.151213 -0.00974771 0.01 81 81 0 0 0
5257 -0.107575 -0.00820861 0.01 64 65 0 0 0
5258 -0.160916 -0.00828524 0.01 81 81 0 0 0
5267 -0.120756 -0.00927578 0.01 66 66 0 0 0
5274 -0.148105 -0.00842866 0.01 65 65 0 0 0
5281 -0.159314 -0.00875175 0.01 66 66 0 0 0
5284 -0.169946 -0.00871965 0.01 66 66 0 0 0
5285 -0.160916 -0.0084499 0.01 82 82 0 0 0
5287 -0.141241 -0.00839822 0.01 72 72 0 0 0
5305 -0.136291 -0.00900412 0.01 65 65 0 0 0
5307 -0.107575 -0.00820861 0.01 64 64 0 0 0
5314 -0.174843 -0.00854496 0.01 72 72 0 0 0
5316 -0.175353 -0.00878883 0.01 72 72 0.000375152 -0.00375696 0
5317 -0.125167 -0.00920053 0.01 66 66 0 0 0
5322 -0.120118 -0.00938311 0.01 65 65 0 0 0
5329 -0.153781 -0.00902618 0.01 66 66 0 0 0
5330 -0.173449 -0.00901044 0.01 72 72 0 0 0
5337 -0.157009 -0.00828524 0.01 82 82 0 0 0
5340 -0.136291 -0.00906 0.01 72 72 0 0 0
5344 -0.165294 -0.0083219 0.01 81 81 0 0 0
5347 -0.120756 -0.00927578 0.01 65 65 0 0 0
5356 -0.107575 -0.00820861 0.01 65 65 0 0 0
5357 -0.156173 -0.00871965 0.01 65 65 0 0 0
5359 -0.148105 -0.00842866 0.01 66 65 0 0 0
5362 -0.160916 -0.00828524 0.01 81 81 0 0 0
5363 -0.120118 -0.00938311 0.01 65 66 0 0 0
5366 -0.183011 -0.00879355 0.01 72 72 0 0 0
5368 -0.144368 -0.00932183 0.01 72 72 0 0 0
5369 -0.148105 -0.00871965 0.01 65 66 0 0 0
5370 -0.160509 -0.00871965 0.01 66 66 0 0 0
5371 -0.13198 -0.00827202 0.01 66 67 0 0 0
5377 -0.120118 -0.00938311 0.01 65 65 0 0 0
5379 -0.155239 -0.00881496 0.01 72 72 0 0 0
5380 -0.14679 -0.00857786 0.01 72 72 0 0 0
5384 -0.171892 -0.00879355 0.01 72 72 0 0 0
5390 -0.150484 -0.00957986 0.01 72 72 0 0 0
5393 -0.148105 -0.00871965 0.01 66 66 0 0 0
5394 -0.137932 -0.00900412 0.01 66 66 0 0 0
5400 -0.160916 -0.00828524 0.01 81 81 0 0 0
5402 -0.150052 -0.00943521 0.01 72 72 0 0 0
5407 -0.160916 -0.00828524 0.01 82 82 0 0 0
5409 -0.160916 -0.0084499 0.01 82 82 0 0 0
5421 -0.142704 -0.00920596 0.01 72 72 0 0 0
5422 -0.160916 -0.00828524 0.01 82 81 0 0 0
5423 -0.1818 -0.00897844 0.01 72 72 0 0 0
5424 -0.160916 -0.00828524 0.01 81 81 0 0 0
5426 -0.160916 -0.0084499 0.01 82 82 0 0 0
5439 -0.148105 -0.00871965 0.01 65 65 0 0 0
5441 -0.136709 -0.00903242 0.01 66 66 0 0 0
5456 -0.160916 -0.00828524 0.01 82 82 0 0 0
5465 -0.160509 -0.00871965 0.01 66 66 0 0 0
5466 -0.163267 -0.00858958 0.01 72 72 0 0 0
5471 -0.1818 -0.00897844 0.01 72 72 0 0 0
5481 -0.16117 -0.00879445 0.01 66 67 0 0 0
5482 -0.160916 -0.00828524 0.01 81 81 0 0 0
5485 -0.177219 -0.00858958 0.01 72 72 0 0 0
5487 -0.136291 -0.00900412 0.01 65 65 0 0 0
5490 -0.145857 -0.00875815 0.01 72 72 -1.64062e-05 0 -1.0144e-05
5498 -0.146221 -0.00883749 0.01 66 66 0 0 0
5508 -0.160916 -0.00828524 0.01 81 81 0 0 0
5509 -0.144368 -0.00932183 0.01 72 73 0 0 0
5514 -0.174843 -0.00854496 0.01 72 72 0 0 0
5519 -0.156173 -0.00871965 0.01 65 65 0 0 0
5522 -0.137119 -0.00855919 0.01 72 71 0 0 0
5525 -0.107575 -0.00820861 0.01 66 66 0 0 0
5533 -0.160916 -0.00828524 0.01 81 81 0 0 0
5534 -0.160916 -0.00828524 0.01 81 81 0 0 0
5535 -0.141759 -0.00838386 0.01 72 72 0 0 0
5541 -0.148105 -0.00871965 0.01 65 65 0 0 0
5548 -0.155959 -0.00838432 0.01 82 82 -0.00440824 0.00495656 6.55847e-05
5551 -0.160916 -0.00828524 0.01 82 82 0 0 0
5556 -0.148105 -0.00871965 0.01 65 65 0 0 0
5563 -0.160916 -0.0084499 0.01 82 82 0 0 0
5572 -0.156173 -0.00871965 0.01 65 65 0 0 0
5588 -0.145252 -0.00888375 0.01 72 71 -0.000605255 0 -0.000499896
5589 -0.148105 -0.00871965 0.01 65 65 0 0 0
5592 -0.151213 -0.00974771 0.01 81 80 0 0 0
5597 -0.137119 -0.00855919 0.01 72 71 0 0 0
5610 -0.160677 -0.00953695 0.01 72 72 -0.00129229 0.00792648 0
5611 -0.160916 -0.0084499 0.01 82 82 0 0 0
5628 -0.155959 -0.00838432 0.01 82 82 0 0 0
5629 -0.136291 -0.00900412 0.01 66 66 0 0 0
5640 -0.159314 -0.00875175 0.01 66 66 0 0 0
5643 -0.120118 -0.00938311 0.01 66 66 0 0 0
5645 -0.136291 -0.00906 0.01 72 72 0 0 0
5646 -0.193262 -0.0083219 0.01 81 81 0.000470251 -0.00177315 0
5654 -0.148105 -0.00871965 0.01 65 65 0 0 0
5659 -0.148105 -0.00871965 0.01 66 66 0 0 0
5661 -0.137932 -0.00900412 0.01 66 66 0 0 0
5662 -0.148105 -0.00871965 0.01 65 65 0 0 0
5665 -0.160916 -0.00828524 0.01 81 81 0 0 0
5666 -0.159572 -0.00876392 0.01 72 72 0 0 0
5667 -0.113977 -0.00820861 0.01 66 66 0 0 0
5668 -0.125167 -0.00920053 0.01 66 66 0 0 0
5672 -0.160916 -0.00827221 0.01 81 81 0.000105321 0 1.30283e-05
5676 -0.14679 -0.00857786 0.01 72 72 0 0 0
5677 -0.160916 -0.00828524 0.01 82 82 0 0 0
5679 -0.174438 -0.00874676 0.01 72 72 0 0 0
5687 -0.148105 -0.00871965 0.01 66 65 0 0 0
5689 -0.160916 -0.00828524 0.01 82 82 0 0 0
5690 -0.160916 -0.00828524 0.01 82 82 0 0 0
5693 -0.148105 -0.00842866 0.01 65 65 0 0 0
5703 -0.148105 -0.00842866 0.01 65 65 0 0 0
5709 -0.151213 -0.00974771 0.01 81 81 0 0 0
5710 -0.120756 -0.00927578 0.01 65 65 0 0 0
5712 -0.160916 -0.00828524 0.01 81 81 0 0 0
5720 -0.120756 -0.00927578 0.01 64 65 0 0 0
5729 -0.150484 -0.00932045 0.01 72 72 0 0 0
5733 -0.155829 -0.00928166 0.01 66 66 0 0 0
5737 -0.153781 -0.00902618 0.01 66 66 0 0 0
5741 -0.148105 -0.00871965 0.01 66 65 0 0 0
5748 -0.151213 -0.00974771 0.01 81 81 0 0 0
5749 -0.169946 -0.00871965 0.01 66 66 0 0 0
5758 -0.120756 -0.00927578 0.01 66 65 0 0 0
5766 -0.148105 -0.00842866 0.01 65 65 0 0 0
5776 -0.160916 -0.00828524 0.01 83 83 0 0 0
5780 -0.160916 -0.00828524 0.01 81 81 0 0 0
5786 -0.160916 -0.0084499 0.01 82 82 0 0 0
5792 -0.161037 -0.00920368 0.01 72 72 0 0 0
5805 -0.172442 -0.00883582 0.01 72 72 0 0 0
5806 -0.168604 -0.00961646 0.01 72 72 0 0 0
5812 -0.169474 -0.00828524 0.01 83 82 0 0 0
5816 -0.1818 -0.00897844 0.01 72 72 0 0 0
5822 -0.160916 -0.00828524 0.01 81 81 0 0 0
5824 -0.136291 -0.00906 0.01 72 71 0 0 0
5828 -0.130752 -0.00895457 0.01 66 66 0 0 0
5833 -0.136291 -0.00906 0.01 72 72 0 0 0
5845 -0.107575 -0.00820861 0.01 66 65 0 0 0
5849 -0.162047 -0.00828524 0.01 82 82 0 0 0
5856 -0.160916 -0.00828524 0.01 82 82 0 0 0
5859 -0.18124 -0.00888149 0.01 72 72 9.72152e-05 0 0.000207117
5868 -0.146221 -0.00883749 0.01 65 66 0 0 0
5874 -0.18124 -0.00908861 0.01 72 72 0 0 0
5877 -0.148105 -0.00871965 0.01 64 65 0 0 0
5880 -0.107575 -0.00821522 0.01 66 66 0 0 0
5882 -0.160916 -0.00828524 0.01 83 83 0 0 0
5885 -0.160916 -0.0084499 0.01 83 82 0 0 0
5888 -0.120118 -0.00938311 0.01 65 65 0 0 0
5893 -0.148105 -0.00842866 0.01 65 65 0 0 0
5895 -0.160916 -0.0084499 0.01 82 82 0 0 0
5900 -0.136291 -0.00900412 0.01 65 66 0 0 0
5902 -0.146221 -0.00883749 0.01 66 67 0 0 0
5906 -0.156173 -0.00871965 0.01 65 65 0.000406235 -0.00806785 0
5908 -0.159314 -0.00875175 0.01 66 66 0 0 0
5910 -0.13198 -0.00827202 0.01 64 64 0 0 0
5922 -0.174438 -0.00874676 0.01 72 72 0 0 0
5924 -0.13198 -0.00827202 0.01 65 65 0 0 0
5938 -0.143737 -0.00879445 0.01 66 66 0 0 0
5946 -0.159572 -0.00876392 0.01 72 72 0 0 0
5947 -0.18124 -0.00908861 0.01 72 72 0 0 0
5952 -0.160916 -0.0082158 0.01 81 81 0 0 0
5962 -0.131126 -0.00938311 0.01 66 66 0 0 0
5965 -0.130752 -0.00900412 0.01 65 65 0 0 0
5980 -0.169946 -0.00871965 0.01 66 66 0 0 0
5987 -0.151638 -0.00843338 0.01 65 65 0 0 0
5989 -0.120118 -0.00938311 0.01 66 66 0 0 0
5992 -0.120118 -0.00938311 0.01 66 65 0 0 0
5995 -0.113977 -0.00848006 0.01 66 67 0 0 0
6008 -0.167972 -0.00905868 0.01 72 72 0 0 0
6010 -0.157576 -0.00951132 0.01 66 67 0 0 0
6012 -0.160916 -0.00828524 0.01 81 81 0 0 0
6013 -0.148105 -0.00842866 0.01 65 65 0 0 0
6017 -0.160916 -0.00828524 0.01 82 82 0 0 0
6019 -0.130752 -0.00895457 0.01 66 66 0 0 0
6021 -0.146221 -0.0083587 0.01 72 72 0 0 0
6023 -0.160916 -0.00828524 0.01 81 81 0 0 0
6024 -0.107575 -0.00820861 0.01 65 65 0 0 0
6025 -0.191489 -0.0083219 0.01 81 81 0 0 0
6033 -0.148105 -0.00842866 0.01 66 67 0 0 0
6034 -0.107575 -0.00820861 0.01 65 65 0 0 0
6038 -0.107575 -0.00820861 0.01 65 65 0 0 0
6041 -0.148105 -0.00842866 0.01 65 65 0 0 0
6044 -0.127954 -0.00900412 0.01 66 66 0 0 0
6050 -0.131126 -0.00938311 0.01 66 66 0 0 0
6051 -0.130752 -0.00900412 0.01 66 66 0 0 0
6057 -0.148105 -0.00842866 0.01 66 66 0 0 0
6064 -0.136291 -0.00900412 0.01 66 66 0 0 0
6069 -0.116033 -0.00927578 0.01 66 67 -0.00132374 0.0047224 0
6072 -0.160916 -0.00828524 0.01 81 81 0 0 0
6080 -0.122422 -0.00905893 0.01 72 72 0 0 0
6085 -0.172442 -0.00923644 0.01 72 72 0 0 0
6087 -0.148105 -0.00842866 0.01 65 65 0 0 0
6090 -0.160916 -0.0084499 0.01 82 82 0 0 0
6092 -0.160916 -0.00828524 0.01 81 81 0 0 0
6094 -0.160916 -0.00828524 0.01 82 82 0 0 0
6095 -0.160916 -0.00848964 0.01 81 81 0 0 0
6097 -0.120118 -0.00938311 0.01 66 65 0 0 0
6098 -0.160916 -0.00828524 0.01 81 81 0 0 0
6099 -0.160916 -0.00828524 0.01 81 81 0 0 0
6105 -0.128939 -0.00891653 0.01 66 67 0 0 0
6106 -0.169946 -0.00871965 0.01 66 66 0 0 0
6108 -0.150484 -0.00957986 0.01 72 72 0 0 0
6111 -0.150484 -0.00957986 0.01 72 72 0 0 0
6113 -0.13198 -0.00827202 0.01 66 66 0 0 0
6116 -0.145537 -0.00890733 0.01 72 73 0 0 0
6121 -0.148105 -0.00871965 0.01 65 65 0 0 0
6123 -0.160916 -0.00828524 0.01 81 81 0 0 0
6125 -0.146221 -0.00883749 0.01 64 65 0 0 0
6152 -0.120756 -0.00927578 0.01 65 65 0 0 0
6155 -0.127954 -0.00900412 0.01 66 66 0 0 0
6159 -0.146221 -0.00863214 0.01 65 65 3.22014e-05 0 0.000205349
6162 -0.125167 -0.00920053 0.01 66 66 0 0 0
6163 -0.169946 -0.00871965 0.01 66 66 0 0 0
6171 -0.146221 -0.0083587 0.01 72 72 0 0 0
6173 -0.160916 -0.0084499 0.01 82 82 0 0 0
6180 -0.174438 -0.00879355 0.01 72 72 0 0 0
6182 -0.160916 -0.00828524 0.01 81 81 0 0 0
6186 -0.120756 -0.00927578 0.01 65 65 0 0 0
6192 -0.160916 -0.0084499 0.01 82 82 0 0 0
6198 -0.132433 -0.00932045 0.01 72 72 0 0 0
6200 -0.169286 -0.00829955 0.01 72 72 0 0 0
6201 -0.127954 -0.00900412 0.01 66 66 0 0 0
6203 -0.137932 -0.00900412 0.01 66 66 0 0 0
6204 -0.148105 -0.00842866 0.01 66 66 0 0 0
6207 -0.136291 -0.00879203 0.01 66 66 0 0 0
6212 -0.172442 -0.00883582 0.01 72 73 0 0 0
6214 -0.148105 -0.00868224 0.01 65 65 5.43892e-06 0 3.74066e-05
6216 -0.141368 -0.00842866 0.01 65 65 0 0 0
6222 -0.144074 -0.00934738 0.01 66 67 0 0 0
6226 -0.120118 -0.00938311 0.01 64 64 0 0 0
6235 -0.13198 -0.00827202 0.01 66 66 0 0 0
6242 -0.148105 -0.00871965 0.01 65 65 0 0 0
6243 -0.150484 -0.00957986 0.01 72 72 0 0 0
6246 -0.136291 -0.00900412 0.01 66 66 0 0 0
6261 -0.160916 -0.00828524 0.01 82 82 0 0 0
6263 -0.113977 -0.00820861 0.01 66 66 0 0 0
6271 -0.137932 -0.00900412 0.01 66 66 0 0 0
6281 -0.120756 -0.00927578 0.01 65 65 0 0 0
6285 -0.18124 -0.00908861 0.01 72 72 0 0 0
6286 -0.161037 -0.00920368 0.01 72 72 0 0 0
6297 -0.148105 -0.00871965 0.01 66 66 0 0 0
6301 -0.159314 -0.00875175 0.01 65 66 0 0 0
6304 -0.136291 -0.00900412 0.01 65 65 0 0 0
6308 -0.148105 -0.00842866 0.01 66 66 0 0 0
6309 -0.148105 -0.00871965 0.01 65 65 0 0 0
6311 -0.181181 -0.00828524 0.01 81 80 0 0 0
6313 -0.148105 -0.00871965 0.01 66 66 0 0 0
6316 -0.160916 -0.00844114 0.01 81 81 -0.00129727 0 -0.000155902
6317 -0.167018 -0.00894857 0.01 72 72 0 0 0
6323 -0.148105 -0.00842866 0.01 65 65 0 0 0
6331 -0.136291 -0.00900412 0.01 66 66 0 0 0
6334 -0.136291 -0.00900412 0.01 66 66 0 0 0
6335 -0.160916 -0.00828524 0.01 82 82 0 0 0
6343 -0.120118 -0.00938311 0.01 64 64 0 0 0
6355 -0.148105 -0.00871965 0.01 65 65 0 0 0
6356 -0.160916 -0.00895768 0.01 72 71 0 0 0
6357 -0.120756 -0.00927578 0.01 64 64 0 0 0
6360 -0.160916 -0.0084499 0.01 81 81 0 0 0
6367 -0.160916 -0.00828524 0.01 81 81 0 0 0
6368 -0.148105 -0.00871965 0.01 65 65 0 0 0
6374 -0.149426 -0.00838386 0.01 72 72 0 0 0
6377 -0.124528 -0.00868132 0.01 65 65 0 0 0
6386 -0.148105 -0.00842866 0.01 65 65 0 0 0
6387 -0.148105 -0.00871965 0.01 65 65 0 0 0
6395 -0.155239 -0.00881496 0.01 72 72 0 0 0
6398 -0.160916 -0.00828524 0.01 81 81 0 0 0
6399 -0.160916 -0.00828524 0.01 81 81 0 0 0
6401 -0.160916 -0.00828524 0.01 82 82 0 0 0
6403 -0.120756 -0.00927578 0.01 65 65 0 0 0
6422 -0.160916 -0.00828524 0.01 82 82 0 0 0
6431 -0.160916 -0.00828524 0.01 82 82 0 0 0
6435 -0.161767 -0.0085278 0.01 72 73 7.15256e-05 0 6.17802e-05
6444 -0.160916 -0.00828524 0.01 81 81 0 0 0
6445 -0.159572 -0.00876392 0.01 72 72 0 0 0
6449 -0.148105 -0.00842866 0.01 65 65 0 0 0
6475 -0.157457 -0.00839822 0.01 72 72 0 0 0
6476 -0.127954 -0.00900412 0.01 65 66 0 0 0
6477 -0.160916 -0.00828524 0.01 81 81 0 0 0
6482 -0.159572 -0.00876392 0.01 72 72 0 0 0
6490 -0.136291 -0.00900412 0.01 66 66 0 0 0
6491 -0.143737 -0.00879445 0.01 66 66 0 0 0
6493 -0.155239 -0.00881496 0.01 72 72 0 0 0
6498 -0.147114 -0.00843338 0.01 65 66 -0.000807121 0.0144261 0
6499 -0.148105 -0.00871965 0.01 65 65 0 0 0
6503 -0.120118 -0.00938311 0.01 64 64 0 0 0
6523 -0.160916 -0.00828524 0.01 81 81 0 0 0
6529 -0.159314 -0.00875175 0.01 66 66 0 0 0
6530 -0.160916 -0.00828524 0.01 81 81 0 0 0
6533 -0.136291 -0.00906 0.01 72 72 0 0 0
6534 -0.14679 -0.00857786 0.01 72 72 0 0 0
6537 -0.130752 -0.00900412 0.01 66 66 0 0 0
6539 -0.107575 -0.00821522 0.01 66 66 0 0 0
6540 -0.15559 -0.00940793 0.01 72 73 0 0 0
6541 -0.139791 -0.00874811 0.01 72 72 0 0 0
6548 -0.144368 -0.00932183 0.01 72 72 0 0 0
6554 -0.116033 -0.00927578 0.01 66 66 0 0 0
6557 -0.150484 -0.00932045 0.01 72 72 0 0 0
6562 -0.120118 -0.00938311 0.01 66 66 0 0 0
6570 -0.148105 -0.00871965 0.01 65 65 0 0 0
6581 -0.107575 -0.00820861 0.01 64 65 0 0 0
6594 -0.120756 -0.00927578 0.01 66 67 0 0 0
6600 -0.127954 -0.00900412 0.01 66 66 0 0 0
6605 -0.148105 -0.00842866 0.01 65 65 0 0 0
6606 -0.129538 -0.00879445 0.01 66 66 0 0 0
6609 -0.147114 -0.00856855 0.01 66 66 -2.95937e-05 0 -0.00013517
6611 -0.148105 -0.00871965 0.01 65 65 0 0 0
6612 -0.160916 -0.00828524 0.01 82 82 0 0 0
6614 -0.148105 -0.00871965 0.01 65 65 0 0 0
6617 -0.160916 -0.0084499 0.01 82 82 0 0 0
6623 -0.160916 -0.00828524 0.01 81 81 0 0 0
6627 -0.120118 -0.0090865 0.01 66 66 0 0 0
6630 -0.148105 -0.00842866 0.01 65 65 0 0 0
6632 -0.16154 -0.00843338 0.01 66 66 0 0 0
6633 -0.136709 -0.00903242 0.01 66 66 0 0 0
6650 -0.148105 -0.00871965 0.01 65 65 0 0 0
6651 -0.131804 -0.00840509 0.01 64 64 0 0 0
6652 -0.120118 -0.00938311 0.01 65 65 0 0 0
6654 -0.130752 -0.00895457 0.01 65 65 0 0 0
6660 -0.14679 -0.00857786 0.01 72 72 0 0 0
6661 -0.120118 -0.00938311 0.01 64 64 0 0 0
6667 -0.142771 -0.00932183 0.01 72 72 0 0 0
6668 -0.143737 -0.00879445 0.01 66 66 0 0 0
6673 -0.120756 -0.00927578 0.01 65 65 0 0 0
6674 -0.174438 -0.00874676 0.01 72 72 0 0 0
6675 -0.150052 -0.00951646 0.01 66 66 0 0 0
6676 -0.174546 -0.0083219 0.01 81 81 0 0 0
6677 -0.140285 -0.00918741 0.01 72 72 0 0 0
6682 -0.160916 -0.00828524 0.01 81 81 0 0 0
6685 -0.160916 -0.00828524 0.01 81 81 0 0 0
6698 -0.124528 -0.00852768 0.01 66 65 0 0 0
6702 -0.142704 -0.00920596 0.01 72 72 0 0 0
6709 -0.154634 -0.00828524 0.01 81 81 -0.00537241 0.00628136 0
6712 -0.129538 -0.00879445 0.01 65 65 0 0 0
6724 -0.160916 -0.0084499 0.01 82 82 0 0 0
6727 -0.120756 -0.00927578 0.01 65 65 0 0 0
6728 -0.136291 -0.00900412 0.01 66 66 0 0 0
6738 -0.160916 -0.00828524 0.01 81 81 0 0 0
6740 -0.146221 -0.00883749 0.01 65 65 0 0 0
6741 -0.172384 -0.00858958 0.01 72 72 0 0 0
6742 -0.143737 -0.00879445 0.01 66 66 0 0 0
6743 -0.107575 -0.00820861 0.01 66 66 0 0 0
6764 -0.142113 -0.00908578 0.01 72 72 3.53158e-06 0 1.77789e-06
6774 -0.160916 -0.00828524 0.01 81 81 0 0 0
6776 -0.160916 -0.00828524 0.01 82 81 0 0 0
6788 -0.120756 -0.00927578 0.01 65 65 0 0 0
6789 -0.16134 -0.00842866 0.01 66 66 0.000727892 -0.0132354 0
6794 -0.160916 -0.00828524 0.01 81 81 0 0 0
6796 -0.107575 -0.00820861 0.01 65 65 0 0 0
6807 -0.159572 -0.00876392 0.01 72 72 0 0 0
6808 -0.136291 -0.00900412 0.01 66 66 0 0 0
6814 -0.120118 -0.00938311 0.01 65 65 0 0 0
6815 -0.168604 -0.00959102 0.01 72 72 -4.58956e-05 0 -5.40791e-05
6819 -0.169946 -0.00931975 0.01 65 65 0 0 0
6824 -0.116033 -0.00927578 0.01 66 66 0 0 0
6826 -0.160916 -0.00828524 0.01 81 81 0 0 0
6840 -0.160916 -0.00828524 0.01 81 81 0 0 0
6847 -0.120756 -0.00927578 0.01 65 65 0 0 0
6849 -0.107575 -0.00820861 0.01 65 65 0 0 0
6858 -0.160916 -0.00826772 0.01 81 81 0.000141531 0 1.75219e-05
6873 -0.14647 -0.00961646 0.01 72 72 0 0 0
6876 -0.167018 -0.00875831 0.01 72 72 0 0 0
6880 -0.137932 -0.00900412 0.01 65 65 0 0 0
6881 -0.148105 -0.00871965 0.01 64 64 0 0 0
6882 -0.130752 -0.00900412 0.01 66 66 0 0 0
6883 -0.144368 -0.00932183 0.01 72 72 0 0 0
6886 -0.120118 -0.00938311 0.01 64 64 0 0 0
6888 -0.169946 -0.00871965 0.01 66 66 0 0 0
6889 -0.120756 -0.00927578 0.01 66 66 0 0 0
6895 -0.149426 -0.00838386 0.01 72 72 0 0 0
6901 -0.145537 -0.00890733 0.01 72 72 0 0 0
6902 -0.124528 -0.00852768 0.01 65 65 0 0 0
6906 -0.152841 -0.0085474 0.01 72 72 0 0 0
6907 -0.160916 -0.00828524 0.01 82 82 0 0 0
6910 -0.160916 -0.00828524 0.01 81 81 0 0 0
6911 -0.119437 -0.00870571 0.01 66 66 0 0 0
6915 -0.160916 -0.00828524 0.01 81 81 0 0 0
6917 -0.129538 -0.00879445 0.01 65 65 0 0 0
6919 -0.170264 -0.00897844 0.01 72 73 0 0 0
6921 -0.160916 -0.00828524 0.01 82 82 0 0 0
6922 -0.148105 -0.00871965 0.01 64 64 0 0 0
6924 -0.160916 -0.00828524 0.01 81 81 0 0 0
6929 -0.148105 -0.00871965 0.01 65 65 0 0 0
6934 -0.147114 -0.00856855 0.01 66 66 0 0 0
6936 -0.120756 -0.00927578 0.01 65 65 0 0 0
6937 -0.160916 -0.00828524 0.01 81 81 0 0 0
6949 -0.160916 -0.00828524 0.01 82 82 0 0 0
6950 -0.16117 -0.00879445 0.01 66 66 0 0 0
6953 -0.176916 -0.00883582 0.01 72 72 0 0 0
6956 -0.136291 -0.00900412 0.01 66 66 0 0 0
6962 -0.160916 -0.00895715 0.01 82 82 0 0 0
6963 -0.159618 -0.00828524 0.01 81 81 0 0 0
6966 -0.120118 -0.00938311 0.01 64 64 0 0 0
6984 -0.150484 -0.00957986 0.01 72 72 0 0 0
6990 -0.119967 -0.00918718 0.01 66 66 0.000126362 0 0.000195924
6991 -0.175353 -0.00878883 0.01 72 72 0 0 0
6994 -0.160234 -0.00828524 0.01 81 81 -0.00053212 0.000682011 0
6995 -0.160916 -0.00848964 0.01 81 81 0 0 0
6996 -0.167972 -0.00905868 0.01 72 72 0 0 0
7001 -0.149426 -0.00838386 0.01 72 72 0 0 0
7002 -0.120118 -0.00938311 0.01 66 66 0 0 0
7004 -0.120756 -0.00927578 0.01 66 66 0 0 0
7005 -0.161037 -0.00920368 0.01 72 72 0 0 0
7006 -0.16117 -0.00879445 0.01 66 66 0 0 0
7010 -0.15559 -0.00940793 0.01 72 72 0 0 0
7011 -0.148105 -0.00871965 0.01 66 66 0 0 0
7013 -0.160916 -0.00828524 0.01 81 81 0 0 0
7022 -0.159314 -0.00893748 0.01 66 66 -2.67625e-05 0 -0.000185733
7023 -0.13198 -0.00827202 0.01 64 64 0 0 0
7025 -0.120118 -0.00938311 0.01 66 66 0 0 0
7030 -0.116208 -0.00900412 0.01 65 65 -0.002193 0.0145436 0
7031 -0.148292 -0.00839822 0.01 66 66 0 0 0
7033 -0.137932 -0.00900412 0.01 66 66 0 0 0
7035 -0.172384 -0.00858958 0.01 72 72 0 0 0
7043 -0.160916 -0.00828524 0.01 81 81 0 0 0
7047 -0.160916 -0.00828524 0.01 81 81 0 0 0
7052 -0.159002 -0.00893684 0.01 72 72 0 0 0
7056 -0.159002 -0.00893684 0.01 72 72 0 0 0
7058 -0.122422 -0.00905893 0.01 72 72 0 0 0
7061 -0.162047 -0.00828524 0.01 82 82 0 0 0
7063 -0.160916 -0.0084499 0.01 82 82 0 0 0
7064 -0.137932 -0.00900412 0.01 66 66 0 0 0
7065 -0.129538 -0.00879445 0.01 65 65 0 0 0
7067 -0.160916 -0.00895715 0.01 82 82 0 0 0
7071 -0.148105 -0.00871965 0.01 65 65 0 0 0
7076 -0.160916 -0.0084499 0.01 82 82 0 0 0
7077 -0.120756 -0.00927578 0.01 66 66 0 0 0
7078 -0.160916 -0.00828524 0.01 81 81 0 0 0
7090 -0.120756 -0.00927578 0.01 65 65 0 0 0
7091 -0.160916 -0.00828524 0.01 82 82 0 0 0
7094 -0.160916 -0.00828524 0.01 82 82 0 0 0
7098 -0.159572 -0.00876392 0.01 72 72 0 0 0
7100 -0.147347 -0.00828524 0.01 81 81 0 0 0
7101 -0.160916 -0.00828524 0.01 82 82 0 0 0
7103 -0.165294 -0.0083219 0.01 81 81 0 0 0
7114 -0.160916 -0.00828524 0.01 83 83 0 0 0
7120 -0.171646 -0.00879355 0.01 72 72 0 0 0
7126 -0.160916 -0.00828524 0.01 82 82 0 0 0
7129 -0.160916 -0.0084499 0.01 82 82 0 0 0
7131 -0.160916 -0.00828524 0.01 81 81 0 0 0
7138 -0.131804 -0.00840509 0.01 64 64 0 0 0
7140 -0.176916 -0.00883582 0.01 72 72 0 0 0
7142 -0.130752 -0.00900412 0.01 66 66 0 0 0
7146 -0.146527 -0.00842866 0.01 64 64 0 0 0
7159 -0.168604 -0.00961646 0.01 72 72 0 0 0
7162 -0.157009 -0.00828524 0.01 82 82 0 0 0
7166 -0.148105 -0.00871965 0.01 65 65 0 0 0
7168 -0.160916 -0.0084499 0.01 81 81 0 0 0
7175 -0.120118 -0.00938311 0.01 65 65 0 0 0
7184 -0.169946 -0.00871965 0.01 66 66 0 0 0
7187 -0.174546 -0.0083219 0.01 81 81 0 0 0
7190 -0.107575 -0.00820861 0.01 65 65 0 0 0
7191 -0.174438 -0.00879355 0.01 72 72 0 0 0
7192 -0.148105 -0.00871965 0.01 65 65 0 0 0
7196 -0.160916 -0.0084499 0.01 82 82 0 0 0
7202 -0.159002 -0.00893684 0.01 72 72 0 0 0
7204 -0.174843 -0.00854496 0.01 72 72 0 0 0
7209 -0.160916 -0.0084499 0.01 82 82 0 0 0
7214 -0.148105 -0.00871965 0.01 66 66 0 0 0
7216 -0.160916 -0.00828524 0.01 81 81 0 0 0
