max_pf 78 min_pf 66
individual dGr dSr disp_rate patch_no b_patch_no mut_eff DdGr DdSr
1 -0.182451 -0.00902094 0.01 77 76 0 0 0
2 -0.142799 -0.0094699 0.01 77 77 0 0 0
4 -0.13152 -0.00878523 0.01 67 68 1.12355e-05 -5.55217e-05 0
8 -0.163639 -0.00968198 0.01 76 76 0 0 0
10 -0.175269 -0.00932876 0.01 76 76 0 0 0
14 -0.179942 -0.00902094 0.01 76 76 -0.000461131 0.00250931 0
15 -0.138286 -0.00940523 0.01 68 68 0 0 0
17 -0.104173 -0.0092775 0.01 68 68 0 0 0
18 -0.125813 -0.00932863 0.01 67 67 0 0 0
19 -0.139586 -0.0089522 0.01 67 67 0 0 0
20 -0.139586 -0.00893922 0.01 68 68 0 0 0
21 -0.153808 -0.00961221 0.01 77 77 0 0 0
22 -0.157886 -0.00906754 0.01 76 75 0 0 0
24 -0.141622 -0.00906408 0.01 72 72 0 0 0
28 -0.182434 -0.00858212 0.01 72 74 0 0 0
36 -0.14289 -0.0089774 0.01 68 68 0 0 0
37 -0.175151 -0.00942146 0.01 72 72 0 0 0
41 -0.186295 -0.00932876 0.01 72 72 0.000290632 -0.00386092 0
44 -0.175151 -0.00942146 0.01 72 72 0 0 0
46 -0.138041 -0.00978729 0.01 72 72 0 0 0
48 -0.155717 -0.00943216 0.01 76 76 0 0 0
49 -0.142799 -0.0094699 0.01 77 77 0 0 0
52 -0.114263 -0.00908431 0.01 68 68 0 0 0
57 -0.15332 -0.00917544 0.01 77 77 0 0 0
60 -0.147783 -0.00900847 0.01 72 72 0 0 0
61 -0.127287 -0.0094874 0.01 68 68 0 0 0
65 -0.16374 -0.00906476 0.01 72 72 0 0 0
70 -0.152064 -0.00910099 0.01 76 76 0 0 0
71 -0.143678 -0.00907137 0.01 68 68 0 0 0
72 -0.139586 -0.00901867 0.01 68 67 0 0 0
73 -0.114864 -0.00974238 0.01 67 67 0 0 0
74 -0.143678 -0.00907137 0.01 68 68 0 0 0
75 -0.139443 -0.00987357 0.01 72 72 0 0 0
77 -0.12158 -0.00919356 0.01 67 67 0 0 0
79 -0.121207 -0.00912352 0.01 72 71 0 0 0
80 -0.139586 -0.0089522 0.01 67 67 0 0 0
85 -0.140476 -0.00939688 0.01 68 68 0 0 0
86 -0.16032 -0.00917899 0.01 78 78 0 0 0
87 -0.144671 -0.00886608 0.01 68 68 0 0 0
93 -0.105659 -0.00888036 0.01 66 66 0 0 0
94 -0.182451 -0.00902094 0.01 76 76 0 0 0
95 -0.16465 -0.00969444 0.01 78 78 0 0 0
96 -0.110136 -0.00909075 0.01 67 67 0 0 0
97 -0.151823 -0.00987357 0.01 72 72 0 0 0
100 -0.18919 -0.00932876 0.01 76 76 0 0 0
103 -0.110403 -0.00891246 0.01 67 67 0 0 0
107 -0.166344 -0.0090121 0.01 76 76 0 0 0
109 -0.1733 -0.00925202 0.01 77 77 0 0 0
110 -0.0996146 -0.00954777 0.01 68 68 0 0 0
113 -0.128084 -0.00993942 0.01 66 66 0 0 0
116 -0.170898 -0.00917899 0.01 76 76 0 0 0
120 -0.138258 -0.00891609 0.01 68 68 0 0 0
123 -0.159081 -0.00972982 0.01 72 72 0 0 0
127 -0.18919 -0.00911856 0.01 77 77 0 0 0
138 -0.167717 -0.00929016 0.01 72 72 0 0 0
145 -0.14686 -0.0090565 0.01 76 76 0 0 0
151 -0.14289 -0.0090121 0.01 77 77 0 0 0
152 -0.153808 -0.00961221 0.01 77 77 0 0 0
154 -0.127287 -0.00936696 0.01 67 67 0 0 0
155 -0.155717 -0.00938259 0.01 77 77 0 0 0
157 -0.127287 -0.0094874 0.01 68 68 0 0 0
158 -0.115287 -0.00891246 0.01 68 67 0 0 0
159 -0.183984 -0.00932876 0.01 76 76 0 0 0
160 -0.163284 -0.0097932 0.01 78 78 0 0 0
163 -0.0882604 -0.00916587 0.01 68 68 0 0 0
166 -0.113937 -0.00950158 0.01 67 67 0 0 0
170 -0.14686 -0.0090565 0.01 76 75 0 0 0
173 -0.115381 -0.00908431 0.01 68 68 0 0 0
175 -0.167717 -0.00929016 0.01 72 72 0 0 0
176 -0.182434 -0.00923363 0.01 76 76 0 0 0
178 -0.185355 -0.00932876 0.01 76 76 0 0 0
179 -0.121207 -0.00888036 0.01 68 68 0 0 0
183 -0.167817 -0.00930419 0.01 77 77 -0.000333637 0.000857949 0
184 -0.18919 -0.00932876 0.01 77 77 0 0 0
187 -0.14289 -0.0090121 0.01 76 76 0 0 0
188 -0.127287 -0.00953877 0.01 67 67 0 0 0
192 -0.139586 -0.0089522 0.01 67 67 0 0 0
193 -0.125813 -0.00932863 0.01 67 67 0 0 0
194 -0.139586 -0.0089522 0.01 68 68 0 0 0
195 -0.139586 -0.0089522 0.01 68 68 0 0 0
196 -0.114496 -0.00915709 0.01 67 67 0 0 0
197 -0.144538 -0.0083878 0.01 72 72 0 0 0
199 -0.106605 -0.00888036 0.01 67 67 0 0 0
200 -0.185355 -0.00932876 0.01 76 77 0 0 0
201 -0.161493 -0.00920626 0.01 72 72 0 0 0
202 -0.173632 -0.00941064 0.01 77 77 0 0 0
206 -0.166717 -0.00981006 0.01 72 73 0 0 0
207 -0.163015 -0.00886275 0.01 76 76 0 0 0
209 -0.182434 -0.00924452 0.01 72 72 0 0 0
211 -0.139586 -0.00867985 0.01 72 72 0 0 0
212 -0.182434 -0.00858212 0.01 72 72 0 0 0
217 -0.0991555 -0.00925902 0.01 67 67 0 0 0
218 -0.136213 -0.0086079 0.01 76 76 0 0 0
219 -0.144671 -0.00886608 0.01 67 67 0 0 0
225 -0.150106 -0.00918471 0.01 77 77 0 0 0
228 -0.104173 -0.0092775 0.01 68 68 0 0 0
229 -0.173172 -0.00932876 0.01 76 76 0 0 0
230 -0.173172 -0.00932876 0.01 76 76 0 0 0
233 -0.139443 -0.00987357 0.01 72 72 -0.00428934 0.0123803 0
235 -0.143678 -0.00907137 0.01 68 68 0 0 0
236 -0.166344 -0.00878135 0.01 76 76 0 0 0
238 -0.152064 -0.00937701 0.01 68 69 0 0 0
240 -0.171003 -0.00942146 0.01 72 72 0 0 0
243 -0.15332 -0.00917544 0.01 78 78 0 0 0
245 -0.113937 -0.00950158 0.01 67 67 0 0 0
248 -0.114263 -0.00908431 0.01 68 68 0 0 0
249 -0.114496 -0.00925257 0.01 68 69 0 0 0
250 -0.168675 -0.00930419 0.01 77 77 0 0 0
251 -0.175151 -0.00942146 0.01 72 72 0 0 0
254 -0.110393 -0.00914238 0.01 68 68 -0.00569229 0.0168936 0
255 -0.181318 -0.00901212 0.01 67 67 -1.78963e-05 0.00068149 0
256 -0.124087 -0.00935748 0.01 68 68 0 0 0
263 -0.13119 -0.00936696 0.01 67 67 0.000751942 -0.00390324 0
264 -0.136659 -0.00908291 0.01 68 68 0 0 0
265 -0.131884 -0.00858936 0.01 72 72 0 0 0
271 -0.166344 -0.00878135 0.01 76 76 0 0 0
273 -0.157886 -0.00924247 0.01 78 78 0 0 0
274 -0.124084 -0.0086464 0.01 72 73 0 0 0
275 -0.139586 -0.0089522 0.01 67 67 0 0 0
276 -0.152064 -0.00937701 0.01 68 68 0 0 0
277 -0.146883 -0.00889768 0.01 77 77 -0.00338897 0.00518045 0
280 -0.161493 -0.00920626 0.01 76 75 0 0 0
283 -0.166344 -0.0090121 0.01 76 76 0 0 0
289 -0.183489 -0.00890595 0.01 68 68 0 0 0
290 -0.177045 -0.00897931 0.01 72 72 0.000497967 -0.00497295 0
294 -0.185355 -0.00932876 0.01 76 76 0 0 0
295 -0.114864 -0.00974238 0.01 67 67 0 0 0
297 -0.127287 -0.00943047 0.01 67 67 0 0 0
299 -0.153808 -0.00961221 0.01 77 77 0 0 0
301 -0.143951 -0.00878523 0.01 67 67 0 0 0
303 -0.14289 -0.0089774 0.01 67 67 0 0 0
305 -0.155717 -0.00961221 0.01 77 77 0 0 0
306 -0.157886 -0.00924247 0.01 77 78 0 0 0
307 -0.142799 -0.00942517 0.01 76 76 0 0 0
308 -0.155717 -0.00961221 0.01 76 76 0 0 0
309 -0.183489 -0.00890595 0.01 68 68 0 0 0
312 -0.115381 -0.00970421 0.01 67 67 0 0 0
313 -0.170898 -0.00917899 0.01 77 77 0 0 0
314 -0.166221 -0.00924458 0.01 76 76 0 0 0
315 -0.1733 -0.00925202 0.01 77 77 0 0 0
316 -0.187094 -0.00896081 0.01 68 68 0 0 0
320 -0.136104 -0.00874781 0.01 67 67 0 0 0
325 -0.123759 -0.00879267 0.01 67 67 0 0 0
326 -0.151823 -0.00987357 0.01 72 72 0 0 0
327 -0.178384 -0.00890595 0.01 68 67 0 0 0
330 -0.159587 -0.00922594 0.01 76 76 0 0 0
331 -0.114496 -0.00922639 0.01 68 68 0 0 0
333 -0.155717 -0.00961221 0.01 77 77 0 0 0
337 -0.106605 -0.00888036 0.01 67 67 0 0 0
339 -0.127287 -0.00935748 0.01 68 68 0 0 0
346 -0.131884 -0.00858936 0.01 72 72 0 0 0
347 -0.15196 -0.00846271 0.01 76 76 0 0 0
348 -0.127287 -0.00886608 0.01 67 67 0 0 0
349 -0.163015 -0.00886275 0.01 76 76 0 0 0
352 -0.139586 -0.00909759 0.01 68 68 0 0 0
355 -0.15196 -0.00846271 0.01 76 76 0 0 0
361 -0.144783 -0.00826507 0.01 67 67 0 0 0
362 -0.131641 -0.00972469 0.01 76 76 0 0 0
363 -0.181318 -0.00901212 0.01 67 67 0 0 0
367 -0.140476 -0.00963052 0.01 72 73 0 0 0
368 -0.166344 -0.00878135 0.01 76 76 0 0 0
369 -0.177045 -0.00897931 0.01 72 72 0 0 0
371 -0.127287 -0.00936069 0.01 67 67 0 0 0
376 -0.168675 -0.00924988 0.01 76 77 0 0 0
377 -0.182434 -0.00923363 0.01 76 76 0 0 0
379 -0.155717 -0.00943216 0.01 76 76 0 0 0
381 -0.14289 -0.00907137 0.01 66 66 0 0 0
384 -0.139586 -0.0089522 0.01 67 67 0 0 0
385 -0.136104 -0.00874781 0.01 67 67 0 0 0
387 -0.153505 -0.0091766 0.01 72 72 0 0 0
391 -0.127287 -0.00914238 0.01 68 68 0 0 0
392 -0.170918 -0.00925202 0.01 76 76 0 0 0
394 -0.155717 -0.00961221 0.01 76 76 0 0 0
396 -0.178679 -0.00889978 0.01 72 72 0 0 0
401 -0.159587 -0.00915796 0.01 72 71 0 0 0
402 -0.159081 -0.00972982 0.01 72 72 0 0 0
406 -0.161945 -0.00916028 0.01 76 76 0 0 0
407 -0.175269 -0.00932876 0.01 77 77 0 0 0
408 -0.131464 -0.00878523 0.01 67 67 0 0 0
413 -0.163284 -0.00991402 0.01 72 72 0 0 0
415 -0.127287 -0.0094874 0.01 68 68 0 0 0
417 -0.152064 -0.00926907 0.01 76 76 0 0 0
418 -0.14289 -0.00907137 0.01 68 68 0 0 0
421 -0.146883 -0.00889768 0.01 77 77 0 0 0
423 -0.180254 -0.00907875 0.01 72 73 0 0 0
424 -0.151928 -0.0090121 0.01 76 76 0 0 0
426 -0.158159 -0.00943216 0.01 77 77 0.00144887 -0.00244159 0
428 -0.182434 -0.00918203 0.01 76 76 0 0 0
429 -0.13543 -0.00909759 0.01 67 67 0 0 0
432 -0.169965 -0.00924988 0.01 77 77 0 0 0
435 -0.12485 -0.00935187 0.01 68 68 0 0 0
437 -0.18919 -0.00932876 0.01 78 78 0 0 0
439 -0.153539 -0.00830887 0.01 77 77 0 0 0
442 -0.114496 -0.00938508 0.01 68 68 0 0 0
443 -0.113937 -0.00950158 0.01 67 67 0 0 0
444 -0.15332 -0.00910492 0.01 77 77 0 0 0
449 -0.163284 -0.00991402 0.01 78 78 0 0 0
450 -0.143678 -0.00907137 0.01 68 68 0 0 0
451 -0.152064 -0.00910099 0.01 76 76 0 0 0
452 -0.170191 -0.00886275 0.01 76 76 0 0 0
454 -0.113937 -0.00928127 0.01 68 67 0 0 0
455 -0.127287 -0.00943047 0.01 67 67 0 0 0
458 -0.114496 -0.00922639 0.01 68 68 0 0 0
459 -0.122295 -0.00993942 0.01 67 67 0 0 0
463 -0.151666 -0.00924458 0.01 76 76 0 0 0
464 -0.127287 -0.00892542 0.01 66 66 0 0 0
465 -0.146052 -0.00807162 0.01 77 77 0 0 0
466 -0.148039 -0.00950875 0.01 68 68 0 0 0
468 -0.127287 -0.00935748 0.01 67 68 0 0 0
474 -0.1733 -0.00925202 0.01 77 77 0 0 0
480 -0.173172 -0.00932876 0.01 76 76 0 0 0
484 -0.163284 -0.00954785 0.01 68 69 0 0 0
485 -0.157886 -0.00924247 0.01 78 78 0 0 0
486 -0.139586 -0.0089522 0.01 67 67 0 0 0
487 -0.147984 -0.00930762 0.01 68 68 0 0 0
488 -0.161376 -0.009693 0.01 68 69 0 0 0
490 -0.140476 -0.0093132 0.01 67 67 0 0 0
491 -0.127287 -0.00916126 0.01 68 68 0 0 0
492 -0.182434 -0.00942974 0.01 77 77 0 0 0
496 -0.159081 -0.00972982 0.01 72 72 0 0 0
500 -0.151823 -0.00987357 0.01 72 72 0 0 0
503 -0.115381 -0.00908431 0.01 66 66 0 0 0
505 -0.153539 -0.00830887 0.01 77 77 0 0 0
508 -0.115381 -0.00905954 0.01 68 68 0 0 0
512 -0.142191 -0.00937723 0.01 67 68 0 0 0
519 -0.151823 -0.00987357 0.01 72 70 0 0 0
522 -0.143678 -0.00921755 0.01 68 68 -8.00341e-05 0 -0.000146178
523 -0.136104 -0.00874781 0.01 67 67 0 0 0
525 -0.178384 -0.00890595 0.01 67 69 0 0 0
527 -0.14289 -0.00907137 0.01 68 68 0 0 0
528 -0.127287 -0.0094874 0.01 68 67 0 0 0
529 -0.139586 -0.00909759 0.01 68 68 0 0 0
531 -0.163284 -0.00991402 0.01 72 72 0 0 0
537 -0.17755 -0.00890595 0.01 67 67 0 0 0
538 -0.152064 -0.00910099 0.01 77 76 0 0 0
542 -0.116225 -0.00856417 0.01 67 68 0 0 0
543 -0.127287 -0.00886608 0.01 67 67 0 0 0
545 -0.185131 -0.00932876 0.01 78 78 -0.00100601 0.00405899 0
551 -0.163639 -0.00968198 0.01 76 76 0 0 0
552 -0.125403 -0.00914238 0.01 68 68 0 0 0
553 -0.152064 -0.00924988 0.01 76 76 0 0 0
554 -0.115381 -0.00908431 0.01 68 68 0 0 0
556 -0.114263 -0.00908431 0.01 68 69 0 0 0
557 -0.14289 -0.00914102 0.01 68 68 -3.90559e-05 0 -6.96499e-05
558 -0.159827 -0.00941064 0.01 77 77 0 0 0
559 -0.121207 -0.00888036 0.01 66 66 0 0 0
563 -0.178384 -0.00890595 0.01 67 67 0 0 0
564 -0.15332 -0.00910492 0.01 77 77 -3.62992e-05 0 -7.00634e-06
567 -0.153808 -0.00961221 0.01 78 78 0 0 0
568 -0.202198 -0.00932876 0.01 78 78 0.00650597 -0.0268406 0
571 -0.151823 -0.00987357 0.01 72 72 0 0 0
573 -0.14289 -0.00907137 0.01 67 67 0 0 0
577 -0.128084 -0.00993942 0.01 67 67 0 0 0
579 -0.17183 -0.00909791 0.01 77 77 0 0 0
580 -0.139586 -0.0089522 0.01 67 68 0 0 0
582 -0.143951 -0.00878523 0.01 67 67 0 0 0
585 -0.143678 -0.00907137 0.01 68 68 0 0 0
587 -0.163284 -0.00970933 0.01 72 72 0 0 0
589 -0.130232 -0.0094699 0.01 77 77 0 0 0
590 -0.139586 -0.00901867 0.01 67 67 0 0 0
593 -0.121207 -0.00888036 0.01 66 66 0 0 0
594 -0.142799 -0.00964146 0.01 72 72 0 0 0
599 -0.115381 -0.00908431 0.01 68 68 0 0 0
601 -0.121207 -0.00888036 0.01 66 67 0 0 0
605 -0.13107 -0.00893289 0.01 68 68 0 0 0
606 -0.185355 -0.00932876 0.01 76 76 0 0 0
610 -0.173172 -0.00932876 0.01 76 76 0 0 0
611 -0.153505 -0.0090434 0.01 72 72 0 0 0
612 -0.155717 -0.00943216 0.01 77 76 0 0 0
615 -0.163343 -0.00886275 0.01 77 76 0 0 0
616 -0.16465 -0.00969444 0.01 78 78 0 0 0
617 -0.159081 -0.00972982 0.01 72 72 0 0 0
618 -0.159587 -0.0091002 0.01 72 72 0 0 0
619 -0.163708 -0.00969444 0.01 76 76 0 0 0
621 -0.131464 -0.00878523 0.01 67 67 0 0 0
626 -0.139586 -0.00909759 0.01 68 68 0 0 0
628 -0.153808 -0.00961221 0.01 76 77 0 0 0
630 -0.166344 -0.00878135 0.01 76 76 0 0 0
635 -0.114496 -0.00928052 0.01 67 67 0 0 0
637 -0.142799 -0.00964146 0.01 72 72 0 0 0
638 -0.173172 -0.00932876 0.01 76 76 0 0 0
639 -0.136659 -0.00908291 0.01 68 68 0 0 0
642 -0.127287 -0.00886608 0.01 67 67 0 0 0
643 -0.127287 -0.00935748 0.01 67 67 0 0 0
644 -0.147783 -0.00879536 0.01 72 73 0 0 0
645 -0.114263 -0.00908431 0.01 68 68 0 0 0
646 -0.12158 -0.00919356 0.01 67 67 0 0 0
648 -0.114496 -0.00938508 0.01 68 68 0 0 0
649 -0.139102 -0.00902219 0.01 72 72 0 0 0
655 -0.182097 -0.00885017 0.01 72 72 0 0 0
656 -0.133951 -0.00879194 0.01 72 72 0 0 0
657 -0.14706 -0.00933687 0.01 77 77 0 0 0
660 -0.150106 -0.00918471 0.01 77 77 0 0 0
663 -0.157886 -0.00906754 0.01 76 76 0 0 0
664 -0.1733 -0.00925202 0.01 77 77 0 0 0
666 -0.175358 -0.00932876 0.01 78 78 0 0 0
667 -0.163284 -0.00953194 0.01 72 72 0 0 0
668 -0.155717 -0.00961221 0.01 76 76 0 0 0
669 -0.128084 -0.00993942 0.01 67 67 0 0 0
670 -0.175123 -0.00961221 0.01 72 72 0 0 0
672 -0.161945 -0.00916028 0.01 76 76 0 0 0
673 -0.127287 -0.00936696 0.01 67 67 0 0 0
674 -0.1733 -0.00925202 0.01 76 77 0 0 0
676 -0.16465 -0.00969444 0.01 78 78 0 0 0
677 -0.183796 -0.00927296 0.01 76 76 0 0 0
678 -0.178384 -0.00890595 0.01 67 67 0 0 0
679 -0.183984 -0.00932876 0.01 76 76 0 0 0
684 -0.175151 -0.00942146 0.01 72 72 0 0 0
686 -0.178384 -0.00890595 0.01 68 68 0 0 0
688 -0.155717 -0.00943216 0.01 77 77 0 0 0
692 -0.152064 -0.00910099 0.01 76 76 0 0 0
693 -0.142799 -0.00964146 0.01 72 72 0 0 0
694 -0.136659 -0.00908291 0.01 67 67 0 0 0
695 -0.12158 -0.00919356 0.01 67 67 0 0 0
699 -0.182434 -0.00858212 0.01 72 73 0 0 0
703 -0.141622 -0.00908197 0.01 72 71 0 0 0
709 -0.130232 -0.0094699 0.01 77 77 0 0 0
710 -0.159827 -0.00941064 0.01 77 77 0 0 0
711 -0.142799 -0.00964146 0.01 72 73 0 0 0
712 -0.121207 -0.00888036 0.01 66 66 0 0 0
714 -0.127287 -0.00914238 0.01 68 68 0 0 0
719 -0.163343 -0.00873094 0.01 77 77 0.0004448 0 0.000131816
720 -0.114496 -0.00922639 0.01 68 68 0 0 0
721 -0.168675 -0.00930419 0.01 77 77 0 0 0
731 -0.139586 -0.00909759 0.01 68 68 0 0 0
733 -0.127287 -0.00909894 0.01 68 68 0 0 0
742 -0.158159 -0.00943216 0.01 77 77 0 0 0
743 -0.15602 -0.00947927 0.01 76 76 0 0 0
753 -0.181318 -0.00901212 0.01 67 67 0 0 0
755 -0.127287 -0.00886608 0.01 67 67 0 0 0
756 -0.163639 -0.00968198 0.01 76 76 0 0 0
757 -0.180254 -0.00907875 0.01 72 72 0 0 0
761 -0.144783 -0.00826507 0.01 67 67 0 0 0
763 -0.176115 -0.00896406 0.01 72 72 0 0 0
764 -0.124084 -0.0086464 0.01 72 72 0 0 0
767 -0.14289 -0.0090121 0.01 76 77 0 0 0
768 -0.142799 -0.0094699 0.01 77 77 0 0 0
770 -0.159587 -0.00886174 0.01 72 72 0 0 0
771 -0.127287 -0.00935748 0.01 67 68 0 0 0
773 -0.148357 -0.0090121 0.01 76 75 0 0 0
775 -0.14289 -0.00907137 0.01 67 67 0 0 0
777 -0.138157 -0.0083878 0.01 72 73 0 0 0
781 -0.163284 -0.00973552 0.01 72 72 0.000194624 0 0.000178506
783 -0.170898 -0.00917899 0.01 77 77 0 0 0
784 -0.142799 -0.0094699 0.01 77 77 0 0 0
785 -0.13107 -0.00893289 0.01 67 67 0 0 0
786 -0.143678 -0.00907137 0.01 68 68 0 0 0
788 -0.159081 -0.00972982 0.01 72 72 0 0 0
794 -0.176115 -0.00904054 0.01 72 72 0 0 0
798 -0.159081 -0.00972982 0.01 72 72 0 0 0
799 -0.127287 -0.00943047 0.01 68 67 0 0 0
801 -0.175269 -0.00932876 0.01 76 76 0 0 0
805 -0.182434 -0.00942974 0.01 77 77 0 0 0
808 -0.127287 -0.00943047 0.01 68 68 0 0 0
809 -0.13727 -0.00885044 0.01 77 77 0 0 0
816 -0.170898 -0.00917899 0.01 76 76 0 0 0
817 -0.170898 -0.00917899 0.01 76 77 0 0 0
818 -0.139586 -0.00909759 0.01 68 68 0 0 0
820 -0.138258 -0.00891609 0.01 68 68 0 0 0
824 -0.139586 -0.00901867 0.01 68 68 0 0 0
827 -0.173134 -0.00961221 0.01 76 76 0 0 0
828 -0.146052 -0.00846271 0.01 76 75 0 0 0
829 -0.166344 -0.00878135 0.01 76 76 0 0 0
832 -0.175269 -0.00932876 0.01 76 76 0 0 0
837 -0.142191 -0.00937723 0.01 67 67 0 0 0
848 -0.12158 -0.00919356 0.01 67 67 0 0 0
852 -0.152064 -0.00910099 0.01 76 76 0 0 0
854 -0.14706 -0.00933687 0.01 77 77 0 0 0
855 -0.155717 -0.00938259 0.01 77 77 0 0 0
861 -0.150106 -0.00918471 0.01 77 77 0 0 0
862 -0.131464 -0.00878523 0.01 67 67 0 0 0
863 -0.140476 -0.00951604 0.01 72 70 0 0 0
864 -0.115381 -0.00908431 0.01 68 68 0 0 0
866 -0.116406 -0.00929736 0.01 68 68 0 0 0
868 -0.139586 -0.00920795 0.01 68 68 0 0 0
869 -0.153085 -0.00870988 0.01 77 77 0 0 0
874 -0.177799 -0.00920626 0.01 72 72 0 0 0
875 -0.146589 -0.00868557 0.01 72 72 0 0 0
876 -0.181999 -0.00901212 0.01 68 68 0 0 0
878 -0.114994 -0.00929736 0.01 68 69 0 0 0
881 -0.143678 -0.00907137 0.01 68 68 0 0 0
882 -0.166344 -0.0090121 0.01 76 76 0 0 0
883 -0.161077 -0.00919989 0.01 68 68 0 0 0
884 -0.169599 -0.00972477 0.01 76 76 0 0 0
886 -0.170898 -0.00917899 0.01 76 76 0 0 0
888 -0.147783 -0.00900847 0.01 72 72 0 0 0
889 -0.175269 -0.00932876 0.01 76 76 0 0 0
894 -0.114496 -0.00922639 0.01 67 67 0 0 0
895 -0.173134 -0.00961221 0.01 76 76 0 0 0
896 -0.166344 -0.00878135 0.01 76 76 0 0 0
898 -0.175269 -0.00932876 0.01 76 76 0 0 0
899 -0.157886 -0.0086658 0.01 77 77 0 0 0
903 -0.116034 -0.0091169 0.01 67 67 0 0 0
904 -0.0983561 -0.00938193 0.01 68 68 0 0 0
905 -0.149528 -0.0091308 0.01 72 72 0 0 0
907 -0.146052 -0.00807162 0.01 77 77 0 0 0
908 -0.163284 -0.0097932 0.01 78 78 0 0 0
911 -0.163284 -0.00929016 0.01 72 72 0 0 0
922 -0.16032 -0.00917899 0.01 78 78 0 0 0
923 -0.139586 -0.00879194 0.01 72 71 0 0 0
924 -0.14686 -0.00912106 0.01 77 77 0 0 0
926 -0.114496 -0.00922639 0.01 67 67 0 0 0
927 -0.15332 -0.00917544 0.01 77 77 0 0 0
928 -0.166344 -0.0090121 0.01 76 76 0 0 0
934 -0.114263 -0.00908431 0.01 67 68 0 0 0
936 -0.16374 -0.00906476 0.01 72 72 0 0 0
937 -0.183796 -0.00919354 0.01 76 76 0 0 0
940 -0.155717 -0.00961221 0.01 78 77 0 0 0
943 -0.121207 -0.00888036 0.01 67 67 0 0 0
945 -0.175151 -0.00942146 0.01 72 72 0 0 0
946 -0.166344 -0.0090121 0.01 76 76 0 0 0
948 -0.150106 -0.00918471 0.01 77 77 0 0 0
950 -0.136354 -0.00886608 0.01 68 68 0 0 0
952 -0.153808 -0.00961221 0.01 78 77 0 0 0
955 -0.14289 -0.00907137 0.01 67 68 0 0 0
959 -0.126528 -0.00893289 0.01 67 67 0 0 0
963 -0.170898 -0.00888094 0.01 77 77 0 0 0
964 -0.143678 -0.00907137 0.01 68 68 0 0 0
966 -0.124084 -0.0086464 0.01 72 72 0 0 0
967 -0.125813 -0.00932863 0.01 67 67 0 0 0
968 -0.158646 -0.00949977 0.01 76 76 0 0 0
969 -0.12485 -0.00938129 0.01 68 68 0 0 0
970 -0.127287 -0.00886608 0.01 67 67 0 0 0
975 -0.172073 -0.00932364 0.01 72 72 0 0 0
976 -0.185131 -0.00932876 0.01 78 78 0 0 0
980 -0.127287 -0.00892542 0.01 67 67 0 0 0
981 -0.13107 -0.00893289 0.01 67 68 0 0 0
983 -0.155717 -0.00961221 0.01 77 77 0 0 0
984 -0.175269 -0.00932876 0.01 77 76 0 0 0
985 -0.182434 -0.00924452 0.01 72 72 0 0 0
988 -0.151823 -0.00987357 0.01 72 72 0 0 0
990 -0.140476 -0.00951604 0.01 72 71 0 0 0
991 -0.182451 -0.00902094 0.01 76 76 0 0 0
992 -0.170898 -0.00917899 0.01 77 77 0 0 0
993 -0.120124 -0.00933618 0.01 68 69 0 0 0
999 -0.142799 -0.0094699 0.01 76 77 0 0 0
1000 -0.163343 -0.00886275 0.01 77 77 0 0 0
1002 -0.147783 -0.00900847 0.01 72 72 0 0 0
1008 -0.157886 -0.00924247 0.01 77 77 0 0 0
1010 -0.142191 -0.00937723 0.01 68 69 0 0 0
1011 -0.131464 -0.00878523 0.01 67 67 0 0 0
1012 -0.172073 -0.00902687 0.01 72 73 0 0 0
1013 -0.152064 -0.00914333 0.01 76 76 0 0 0
1017 -0.175269 -0.00932876 0.01 76 76 0 0 0
1018 -0.175151 -0.00942146 0.01 68 68 0 0 0
1019 -0.166344 -0.0090121 0.01 72 72 0 0 0
1021 -0.138157 -0.00839652 0.01 72 72 0 0 0
1022 -0.181999 -0.00901212 0.01 66 66 0 0 0
1024 -0.114496 -0.00922639 0.01 67 67 0 0 0
1026 -0.18919 -0.00932876 0.01 78 78 0 0 0
1027 -0.166344 -0.0090121 0.01 72 72 0 0 0
1028 -0.159519 -0.00942146 0.01 72 72 0 0 0
1030 -0.18919 -0.00932876 0.01 78 78 0 0 0
1031 -0.114496 -0.00938508 0.01 68 68 0 0 0
1033 -0.155717 -0.00961221 0.01 76 77 0 0 0
1034 -0.155717 -0.00961221 0.01 78 78 0 0 0
1035 -0.145072 -0.0091766 0.01 72 72 0 0 0
1037 -0.114496 -0.00915709 0.01 67 67 0 0 0
1038 -0.168675 -0.00924988 0.01 77 77 0 0 0
1039 -0.127287 -0.00892542 0.01 66 67 0 0 0
1041 -0.166123 -0.0094699 0.01 77 77 0 0 0
1042 -0.163343 -0.00886275 0.01 77 77 0 0 0
1045 -0.161077 -0.00919989 0.01 68 68 0 0 0
1046 -0.18919 -0.00932876 0.01 78 78 0 0 0
1048 -0.178384 -0.00890595 0.01 67 67 0 0 0
1049 -0.181999 -0.00901212 0.01 67 67 0 0 0
1051 -0.151666 -0.00924458 0.01 76 76 0 0 0
1052 -0.179308 -0.00873553 0.01 72 72 0 0 0
1054 -0.139586 -0.00909759 0.01 68 68 0 0 0
1056 -0.130621 -0.0086464 0.01 76 77 0 0 0
1057 -0.170898 -0.00896272 0.01 77 77 0 0 0
1060 -0.161306 -0.00943216 0.01 76 76 0 0 0
1065 -0.110527 -0.00937313 0.01 72 72 0 0 0
1067 -0.175269 -0.00932876 0.01 77 77 0 0 0
1068 -0.166344 -0.0090121 0.01 76 77 0 0 0
1069 -0.172603 -0.0097286 0.01 77 77 0 0 0
1072 -0.147783 -0.00887545 0.01 68 68 0 0 0
1073 -0.113937 -0.00950158 0.01 67 68 0 0 0
1079 -0.144343 -0.00902219 0.01 72 72 0 0 0
1080 -0.161376 -0.009693 0.01 68 68 0 0 0
1085 -0.139586 -0.00875058 0.01 72 72 0 0 0
1088 -0.153539 -0.00830887 0.01 77 77 0 0 0
1094 -0.166133 -0.00929016 0.01 72 72 0 0 0
1095 -0.136354 -0.00886608 0.01 67 67 0 0 0
1096 -0.183796 -0.00927296 0.01 76 75 0 0 0
1097 -0.177115 -0.00886275 0.01 76 76 0 0 0
1099 -0.203737 -0.00893063 0.01 68 68 -1.38581e-06 0 -2.46763e-05
1103 -0.16465 -0.00969444 0.01 78 78 0 0 0
1105 -0.142799 -0.0094699 0.01 77 77 0 0 0
1106 -0.160489 -0.00970933 0.01 72 72 0 0 0
1107 -0.169274 -0.00991402 0.01 76 76 0 0 0
1109 -0.185355 -0.00932876 0.01 77 77 0 0 0
1113 -0.203737 -0.00890595 0.01 68 68 0 0 0
1114 -0.182451 -0.00902094 0.01 77 77 0 0 0
1118 -0.15332 -0.00909791 0.01 76 76 0 0 0
1119 -0.203737 -0.00890595 0.01 67 68 0.000425383 -0.0202477 0
1120 -0.153808 -0.00961221 0.01 77 77 0 0 0
1121 -0.124084 -0.0086464 0.01 72 72 0 0 0
1127 -0.168675 -0.00924988 0.01 77 77 0 0 0
1128 -0.17755 -0.00890595 0.01 67 67 0 0 0
1129 -0.169599 -0.00972477 0.01 76 76 0 0 0
1130 -0.114864 -0.00974238 0.01 67 67 0 0 0
1134 -0.159081 -0.00972982 0.01 72 72 0 0 0
1135 -0.159827 -0.00941064 0.01 77 77 0 0 0
1136 -0.163343 -0.00886275 0.01 77 77 0 0 0
1139 -0.127246 -0.0084446 0.01 72 72 0 0 0
1140 -0.139586 -0.0089522 0.01 67 67 0 0 0
1141 -0.118856 -0.00908291 0.01 68 68 0 0 0
1147 -0.158602 -0.00907137 0.01 66 66 0 0 0
1151 -0.114263 -0.00908431 0.01 68 68 0 0 0
1153 -0.127287 -0.00936069 0.01 67 67 0 0 0
1155 -0.115381 -0.00970421 0.01 67 67 0 0 0
1158 -0.168675 -0.00924988 0.01 76 76 0 0 0
1160 -0.147783 -0.00900847 0.01 72 72 0 0 0
1161 -0.163284 -0.00929016 0.01 72 72 0 0 0
1163 -0.139586 -0.00909759 0.01 68 68 0 0 0
1165 -0.0983561 -0.00908431 0.01 68 68 0 0 0
1170 -0.14686 -0.00912106 0.01 76 75 0 0 0
1171 -0.15332 -0.00954162 0.01 76 76 0 0 0
1175 -0.116225 -0.00820229 0.01 68 68 0.000474572 0 0.00036188
1179 -0.152064 -0.00924988 0.01 76 76 0 0 0
1181 -0.122295 -0.00993942 0.01 67 67 0 0 0
1185 -0.114496 -0.00915709 0.01 68 68 0 0 0
1186 -0.121207 -0.00888036 0.01 68 68 0 0 0
1187 -0.166206 -0.00885493 0.01 76 75 0 0 0
1188 -0.183796 -0.00927296 0.01 76 76 0 0 0
1190 -0.173172 -0.00932876 0.01 76 76 0 0 0
1191 -0.172073 -0.00907875 0.01 72 72 0 0 0
1194 -0.151823 -0.00987357 0.01 72 72 0 0 0
1205 -0.141913 -0.00921854 0.01 72 72 0 0 0
1206 -0.166344 -0.0090121 0.01 76 76 0 0 0
1207 -0.116034 -0.0091169 0.01 67 67 0 0 0
1209 -0.166344 -0.0090121 0.01 76 76 0 0 0
1214 -0.126528 -0.00893289 0.01 67 67 0 0 0
1215 -0.136659 -0.00908291 0.01 66 67 0 0 0
1219 -0.185355 -0.00932876 0.01 76 76 0 0 0
1220 -0.175358 -0.00932876 0.01 78 78 0 0 0
1223 -0.150327 -0.00856417 0.01 68 69 0 0 0
1224 -0.125813 -0.00932863 0.01 67 67 0 0 0
1225 -0.182434 -0.00932876 0.01 72 72 0 0 0
1226 -0.186834 -0.00927296 0.01 77 76 0 0 0
1229 -0.173172 -0.00932876 0.01 76 76 0 0 0
1230 -0.147709 -0.00888036 0.01 72 71 0 0 0
1231 -0.171003 -0.00942146 0.01 72 72 0 0 0
1232 -0.175269 -0.00932876 0.01 76 76 0 0 0
1236 -0.155226 -0.00910611 0.01 68 68 0 0 0
1237 -0.157886 -0.00924247 0.01 76 76 0 0 0
1238 -0.121207 -0.00888036 0.01 68 68 0 0 0
1239 -0.152064 -0.00924988 0.01 76 76 0 0 0
1240 -0.185355 -0.00932876 0.01 77 77 0 0 0
1242 -0.148525 -0.00910099 0.01 76 76 -0.00196478 0.0035388 0
1243 -0.161376 -0.009693 0.01 68 68 0 0 0
1247 -0.16032 -0.00917899 0.01 77 77 0 0 0
1249 -0.157023 -0.00991402 0.01 72 72 0 0 0
1252 -0.177799 -0.00920626 0.01 72 72 0 0 0
1254 -0.110136 -0.00909075 0.01 67 67 0 0 0
1259 -0.127287 -0.00936069 0.01 68 68 0 0 0
1262 -0.12485 -0.00938129 0.01 68 68 0 0 0
1263 -0.142799 -0.0094699 0.01 76 77 0 0 0
1264 -0.154205 -0.00917899 0.01 78 78 -0.00406572 0.0061149 0
1271 -0.142799 -0.00964146 0.01 72 72 0 0 0
1275 -0.114496 -0.00925257 0.01 68 68 0 0 0
1277 -0.142799 -0.0094699 0.01 77 77 0 0 0
1279 -0.15196 -0.00846271 0.01 76 76 0 0 0
1280 -0.114496 -0.00915709 0.01 68 67 0 0 0
1283 -0.152064 -0.00910099 0.01 76 76 0 0 0
1284 -0.122295 -0.00978365 0.01 67 67 0 0 0
1285 -0.173632 -0.00941064 0.01 77 77 0 0 0
1286 -0.177076 -0.00924988 0.01 77 77 0.0027436 -0.00840093 0
1287 -0.178384 -0.00890595 0.01 67 67 0 0 0
1290 -0.183984 -0.00932876 0.01 77 77 0 0 0
1292 -0.114496 -0.00915709 0.01 67 67 0 0 0
1293 -0.142799 -0.0094699 0.01 77 77 0 0 0
1299 -0.113937 -0.00950158 0.01 67 67 0 0 0
1301 -0.110403 -0.00891246 0.01 67 67 0 0 0
1304 -0.114496 -0.00922639 0.01 68 68 0 0 0
1308 -0.144343 -0.00902219 0.01 72 72 0 0 0
1310 -0.127287 -0.00935748 0.01 67 67 0 0 0
1313 -0.104794 -0.00964266 0.01 66 66 0 0 0
1318 -0.1733 -0.00925202 0.01 77 77 0 0 0
1319 -0.14706 -0.00933687 0.01 77 77 0 0 0
1320 -0.142799 -0.0094699 0.01 77 77 0 0 0
1323 -0.136104 -0.00874781 0.01 66 67 0 0 0
1327 -0.180254 -0.00907875 0.01 72 72 0 0 0
1328 -0.147783 -0.00900847 0.01 72 71 0 0 0
1331 -0.182035 -0.00937928 0.01 67 67 0 0 0
1333 -0.113937 -0.00928127 0.01 67 67 0 0 0
1335 -0.116406 -0.00929736 0.01 68 68 0 0 0
1338 -0.163284 -0.0097932 0.01 78 78 0 0 0
1340 -0.16032 -0.00917899 0.01 78 78 0 0 0
1342 -0.144671 -0.00886608 0.01 67 67 0 0 0
1344 -0.142799 -0.0094699 0.01 76 76 0 0 0
1345 -0.17755 -0.00890595 0.01 67 67 0 0 0
1347 -0.139586 -0.0089522 0.01 67 67 0 0 0
1348 -0.166221 -0.00924458 0.01 77 76 0 0 0
1349 -0.14289 -0.0090121 0.01 76 76 0 0 0
1350 -0.152064 -0.00889357 0.01 77 77 0 0 0
1356 -0.185355 -0.00932876 0.01 77 77 0 0 0
1360 -0.127287 -0.00936696 0.01 67 67 0 0 0
1363 -0.178384 -0.00890595 0.01 67 67 0 0 0
1367 -0.121207 -0.00912352 0.01 68 70 0 0 0
1368 -0.152064 -0.00910524 0.01 77 77 0 0 0
1372 -0.161945 -0.00916028 0.01 76 76 0 0 0
1374 -0.150106 -0.00918471 0.01 77 77 0 0 0
1375 -0.155717 -0.00961221 0.01 78 78 0 0 0
1376 -0.178384 -0.00890595 0.01 67 67 0 0 0
1378 -0.139586 -0.00901867 0.01 68 67 0 0 0
1380 -0.153295 -0.00892199 0.01 72 72 0 0 0
1381 -0.127287 -0.00916126 0.01 68 68 0 0 0
1382 -0.185355 -0.00932876 0.01 76 77 0 0 0
1385 -0.165933 -0.00878135 0.01 76 75 0 0 0
1386 -0.159587 -0.00922594 0.01 76 76 0 0 0
1387 -0.114496 -0.00915709 0.01 67 67 0 0 0
1388 -0.189948 -0.00910446 0.01 68 70 0 0 0
1389 -0.140476 -0.00963052 0.01 72 72 0 0 0
1390 -0.182451 -0.00934522 0.01 77 77 0 0 0
1393 -0.127287 -0.00916126 0.01 67 68 0 0 0
1396 -0.178384 -0.00890595 0.01 67 67 0 0 0
1397 -0.151823 -0.00951394 0.01 72 72 0.000575006 0 0.00035963
1398 -0.105659 -0.00888036 0.01 66 66 -0.00408471 0.0155476 0
1402 -0.122295 -0.00993942 0.01 67 67 0 0 0
1403 -0.170898 -0.00917899 0.01 76 76 0 0 0
1405 -0.143518 -0.00907137 0.01 67 67 0 0 0
1407 -0.153808 -0.00961221 0.01 76 76 0 0 0
1408 -0.142799 -0.0094699 0.01 77 77 0 0 0
1411 -0.157886 -0.00924247 0.01 78 78 0 0 0
1412 -0.114496 -0.00915709 0.01 66 67 0 0 0
1413 -0.175151 -0.00942146 0.01 68 68 0 0 0
1414 -0.175269 -0.00932876 0.01 77 77 0 0 0
1416 -0.142799 -0.00959548 0.01 72 72 0 0 0
1422 -0.182434 -0.00923363 0.01 76 76 0 0 0
1427 -0.167097 -0.00983152 0.01 76 76 0 0 0
1428 -0.116225 -0.00856417 0.01 68 68 0 0 0
1429 -0.121952 -0.00853721 0.01 72 72 0 0 0
1430 -0.136354 -0.00886608 0.01 68 68 0 0 0
1432 -0.161376 -0.009693 0.01 68 68 0 0 0
1433 -0.15332 -0.00909791 0.01 76 76 0 0 0
1434 -0.17183 -0.00909791 0.01 77 77 0 0 0
1435 -0.127287 -0.0094874 0.01 68 67 0 0 0
1438 -0.127287 -0.00886608 0.01 67 67 0 0 0
1440 -0.136104 -0.00863098 0.01 68 67 0 0 0
1441 -0.125813 -0.00932863 0.01 67 67 0 0 0
1444 -0.171003 -0.00942146 0.01 72 72 0 0 0
1447 -0.152064 -0.00910099 0.01 76 76 0 0 0
1449 -0.139586 -0.00920795 0.01 68 68 0 0 0
1452 -0.153505 -0.0090434 0.01 72 72 0 0 0
1455 -0.151754 -0.00942146 0.01 72 72 0 0 0
1456 -0.168675 -0.00930419 0.01 77 77 0 0 0
1457 -0.125813 -0.00932863 0.01 67 67 0 0 0
1460 -0.182035 -0.00937928 0.01 67 67 0 0 0
1461 -0.136659 -0.00908291 0.01 68 68 0 0 0
1464 -0.127287 -0.00936069 0.01 68 67 0 0 0
1468 -0.153025 -0.00910611 0.01 76 76 0.0129462 -0.0185431 0
1473 -0.17755 -0.00890595 0.01 68 68 0 0 0
1474 -0.121207 -0.00888036 0.01 66 66 0 0 0
1475 -0.145072 -0.00926204 0.01 72 72 0 0 0
1480 -0.157886 -0.00924247 0.01 77 77 0 0 0
1482 -0.127287 -0.00936069 0.01 67 67 0 0 0
1484 -0.121207 -0.00888036 0.01 68 68 0 0 0
1490 -0.160026 -0.00963358 0.01 68 69 0 0 0
1491 -0.153539 -0.00830887 0.01 77 77 0 0 0
1493 -0.150106 -0.00918471 0.01 77 77 0 0 0
1494 -0.152064 -0.00925218 0.01 72 72 0 0 0
1496 -0.14686 -0.0090565 0.01 76 76 0 0 0
1498 -0.157886 -0.00906754 0.01 76 76 0 0 0
1501 -0.178384 -0.00890595 0.01 68 68 0 0 0
1504 -0.138286 -0.00940523 0.01 68 69 0 0 0
1505 -0.166221 -0.00924458 0.01 76 76 0 0 0
1508 -0.178384 -0.00890595 0.01 67 67 0 0 0
1510 -0.130621 -0.0086464 0.01 76 76 0 0 0
1514 -0.106212 -0.00888036 0.01 67 67 -0.00476082 0.014995 0
1517 -0.127287 -0.00914238 0.01 67 67 0 0 0
1518 -0.170898 -0.00917899 0.01 77 76 0 0 0
1519 -0.18919 -0.00911856 0.01 77 77 0 0 0
1520 -0.127287 -0.00935748 0.01 72 72 0 0 0
1523 -0.152064 -0.00910099 0.01 76 76 0 0 0
1524 -0.118856 -0.00908291 0.01 68 68 0 0 0
1528 -0.168569 -0.00925202 0.01 78 76 0 0 0
1529 -0.152064 -0.00944343 0.01 76 76 -0.00132239 0 -0.000300108
1531 -0.153505 -0.0091766 0.01 76 75 0 0 0
1532 -0.136113 -0.0089522 0.01 68 68 -0.000571892 0.00347205 0
1533 -0.157886 -0.00924247 0.01 78 77 0 0 0
1534 -0.120622 -0.00861129 0.01 68 68 0 0 0
1537 -0.159953 -0.00924988 0.01 77 77 -0.0038372 0.00872156 0
1538 -0.127287 -0.00916126 0.01 68 67 0 0 0
1542 -0.181999 -0.00890595 0.01 67 67 0 0 0
1544 -0.139586 -0.0089522 0.01 68 68 0 0 0
1545 -0.145072 -0.0091766 0.01 72 72 0 0 0
1546 -0.116034 -0.0091169 0.01 68 68 0 0 0
1548 -0.177045 -0.00897931 0.01 72 72 0 0 0
1549 -0.152064 -0.00910099 0.01 76 75 0 0 0
1552 -0.114496 -0.00922639 0.01 67 67 0 0 0
1556 -0.180356 -0.00917899 0.01 76 76 0 0 0
1557 -0.142799 -0.0094699 0.01 77 77 0 0 0
1558 -0.131915 -0.00888036 0.01 68 68 0 0 0
1559 -0.166344 -0.0090121 0.01 76 76 0 0 0
1563 -0.173813 -0.00933298 0.01 72 73 0 0 0
1566 -0.152064 -0.00910099 0.01 76 76 0 0 0
1567 -0.155717 -0.00929371 0.01 77 77 0.00071305 0 0.000138445
1568 -0.183984 -0.00932876 0.01 77 77 0 0 0
1570 -0.166344 -0.0090121 0.01 76 76 0 0 0
1573 -0.17755 -0.00890595 0.01 67 67 0 0 0
1574 -0.143358 -0.00943047 0.01 67 67 0 0 0
1578 -0.138258 -0.00891609 0.01 68 68 0 0 0
1584 -0.139586 -0.0089522 0.01 66 66 0 0 0
1586 -0.168675 -0.00924988 0.01 77 77 0 0 0
1587 -0.155717 -0.00943216 0.01 76 76 0 0 0
1589 -0.127287 -0.00936069 0.01 67 67 0 0 0
1590 -0.162909 -0.00961221 0.01 76 75 0 0 0
1594 -0.126528 -0.00893289 0.01 67 67 0 0 0
1602 -0.103883 -0.00954777 0.01 68 68 0 0 0
1605 -0.152504 -0.00930762 0.01 68 68 4.50164e-05 -0.0004403 0
1606 -0.18919 -0.00932876 0.01 78 78 0 0 0
1607 -0.147783 -0.00900847 0.01 72 72 0 0 0
1608 -0.140476 -0.0093132 0.01 67 67 0 0 0
1609 -0.16374 -0.00906476 0.01 72 72 0 0 0
1612 -0.142799 -0.0094699 0.01 77 77 0 0 0
1613 -0.126528 -0.00960334 0.01 67 67 -0.000203058 0 -0.000269926
1614 -0.110136 -0.00886608 0.01 68 68 0 0 0
1615 -0.142191 -0.00937723 0.01 67 67 0 0 0
1621 -0.161077 -0.00919989 0.01 67 68 0 0 0
1622 -0.175269 -0.00932876 0.01 77 77 0 0 0
1623 -0.175151 -0.00928472 0.01 72 72 0 0 0
1626 -0.136354 -0.00904577 0.01 68 68 -0.000124991 0 -0.000179687
1628 -0.157886 -0.00924247 0.01 76 77 0 0 0
1629 -0.139586 -0.0089522 0.01 67 67 0 0 0
1632 -0.175358 -0.00932876 0.01 78 78 0 0 0
1635 -0.178384 -0.00890595 0.01 67 67 0 0 0
1638 -0.175151 -0.00942146 0.01 67 68 0 0 0
1639 -0.152064 -0.00889357 0.01 77 77 0 0 0
1640 -0.120622 -0.00861129 0.01 67 68 0 0 0
1642 -0.142799 -0.0094699 0.01 78 78 0 0 0
1643 -0.181999 -0.00890595 0.01 67 67 0 0 0
1649 -0.141622 -0.00906408 0.01 72 72 0 0 0
1650 -0.127287 -0.00947043 0.01 67 67 0 0 0
1651 -0.166717 -0.00960765 0.01 72 73 0 0 0
1652 -0.143678 -0.00907137 0.01 68 68 0 0 0
1653 -0.114496 -0.00938508 0.01 67 68 0 0 0
1657 -0.121207 -0.00888036 0.01 67 67 0 0 0
1658 -0.139586 -0.00875058 0.01 68 69 0 0 0
1661 -0.171003 -0.00942146 0.01 72 72 0 0 0
1662 -0.18919 -0.00932876 0.01 78 78 0 0 0
1663 -0.124084 -0.0086464 0.01 72 72 0 0 0
1664 -0.14289 -0.00907137 0.01 68 68 0 0 0
1666 -0.103883 -0.00954777 0.01 67 68 0 0 0
1667 -0.151928 -0.0090121 0.01 76 76 0 0 0
1668 -0.178384 -0.00890595 0.01 68 68 0 0 0
1672 -0.166344 -0.0090121 0.01 77 77 0 0 0
1675 -0.151928 -0.0090121 0.01 77 76 0 0 0
1677 -0.121207 -0.00888036 0.01 66 66 0 0 0
1678 -0.13107 -0.00893289 0.01 68 68 0 0 0
1680 -0.126142 -0.00927408 0.01 72 71 0 0 0
1683 -0.16465 -0.00969444 0.01 78 78 0 0 0
1685 -0.126528 -0.00893289 0.01 66 66 0 0 0
1686 -0.150106 -0.00918471 0.01 77 77 0 0 0
1687 -0.207101 -0.0093908 0.01 78 78 0.00297031 -0.017911 -6.20456e-05
1689 -0.161077 -0.00919989 0.01 68 68 0 0 0
1693 -0.111963 -0.00908431 0.01 72 71 0 0 0
1694 -0.142799 -0.0094699 0.01 76 76 0 0 0
1695 -0.14706 -0.00933687 0.01 77 77 0 0 0
1699 -0.139586 -0.00879194 0.01 72 72 0 0 0
1701 -0.123668 -0.00920511 0.01 68 68 0 0 0
1702 -0.175269 -0.00932876 0.01 76 76 0 0 0
1703 -0.127287 -0.00935748 0.01 67 68 0 0 0
1704 -0.146052 -0.00839103 0.01 76 76 0.000306159 0 7.16718e-05
1706 -0.18919 -0.00932876 0.01 78 78 0 0 0
1708 -0.127287 -0.0094874 0.01 67 67 0 0 0
1709 -0.170456 -0.00928996 0.01 72 71 0 0 0
1712 -0.12158 -0.00919356 0.01 68 68 0 0 0
1713 -0.183796 -0.00927296 0.01 76 76 0 0 0
1714 -0.175151 -0.00942146 0.01 72 72 0 0 0
1715 -0.125813 -0.00932863 0.01 67 67 0 0 0
1724 -0.124084 -0.0086464 0.01 72 72 0 0 0
1725 -0.163284 -0.0097932 0.01 78 78 0 0 0
1726 -0.170191 -0.00886275 0.01 76 76 0 0 0
1728 -0.114496 -0.00922639 0.01 68 68 0 0 0
1730 -0.142191 -0.00937723 0.01 66 68 0 0 0
1735 -0.172073 -0.00932364 0.01 72 72 0 0 0
1737 -0.12485 -0.00938129 0.01 67 68 0 0 0
1739 -0.179308 -0.00873553 0.01 72 72 0 0 0
1741 -0.168675 -0.00924988 0.01 76 76 0 0 0
1742 -0.136354 -0.00860899 0.01 68 68 0 0 0
1743 -0.18919 -0.00911856 0.01 76 77 0 0 0
1745 -0.153505 -0.0091766 0.01 72 71 0 0 0
1747 -0.14706 -0.00933687 0.01 77 77 0 0 0
1748 -0.139586 -0.00875058 0.01 72 72 0 0 0
1749 -0.14289 -0.0090121 0.01 77 77 0 0 0
1750 -0.178384 -0.00890595 0.01 68 68 0 0 0
1751 -0.139586 -0.0089522 0.01 67 67 0 0 0
1752 -0.182035 -0.00937928 0.01 67 67 0 0 0
1754 -0.149474 -0.00881067 0.01 68 70 0 0 0
1755 -0.159587 -0.0091002 0.01 72 72 0 0 0
1757 -0.139586 -0.0089522 0.01 66 67 0 0 0
1764 -0.113937 -0.00928127 0.01 66 66 0 0 0
1765 -0.181999 -0.00901212 0.01 67 67 0 0 0
1766 -0.163284 -0.00946012 0.01 72 72 0 0 0
1767 -0.153505 -0.0091766 0.01 72 72 0 0 0
1770 -0.126265 -0.0091169 0.01 66 66 0 0 0
1772 -0.185355 -0.00932876 0.01 77 77 0 0 0
1775 -0.183796 -0.00927296 0.01 76 76 0 0 0
1777 -0.0983561 -0.00908431 0.01 68 68 0 0 0
1778 -0.185355 -0.00932876 0.01 77 77 0 0 0
1780 -0.15332 -0.00909791 0.01 77 77 0 0 0
1781 -0.131464 -0.00878523 0.01 67 67 0 0 0
1782 -0.153808 -0.00961221 0.01 76 76 0 0 0
1783 -0.114864 -0.00974238 0.01 67 67 0 0 0
1785 -0.143678 -0.00907137 0.01 68 68 0 0 0
1788 -0.139586 -0.00875058 0.01 72 72 0 0 0
1790 -0.159519 -0.00942146 0.01 72 72 0 0 0
1793 -0.139102 -0.00902219 0.01 72 72 0 0 0
1794 -0.127287 -0.00886608 0.01 67 67 0 0 0
1795 -0.123668 -0.00920511 0.01 67 68 0 0 0
1796 -0.13727 -0.00885044 0.01 77 77 0 0 0
1797 -0.182035 -0.00890595 0.01 67 67 0 0 0
1799 -0.114496 -0.00922639 0.01 67 67 0 0 0
1800 -0.153808 -0.00961221 0.01 77 77 0 0 0
1801 -0.127287 -0.00886608 0.01 67 67 0 0 0
1802 -0.168675 -0.00930419 0.01 77 77 0 0 0
1803 -0.12158 -0.00919356 0.01 68 68 0 0 0
1807 -0.159081 -0.00972982 0.01 72 72 0 0 0
1811 -0.136659 -0.00908291 0.01 68 68 0 0 0
1813 -0.15332 -0.00917473 0.01 76 76 -0.000310987 0 -7.68229e-05
1816 -0.151928 -0.0093943 0.01 76 75 0 0 0
1822 -0.138157 -0.0083878 0.01 72 72 0 0 0
1823 -0.175269 -0.00932876 0.01 76 76 0 0 0
1824 -0.103883 -0.00954777 0.01 68 68 0 0 0
1827 -0.171003 -0.00942146 0.01 72 72 0 0 0
1832 -0.114864 -0.00974238 0.01 67 67 0 0 0
1833 -0.144671 -0.00886608 0.01 67 67 0 0 0
1837 -0.18919 -0.00932876 0.01 78 78 0 0 0
1838 -0.182434 -0.00932876 0.01 72 72 0 0 0
1842 -0.168675 -0.00930419 0.01 77 77 0 0 0
1844 -0.168675 -0.00924988 0.01 76 76 0 0 0
1845 -0.166344 -0.0090121 0.01 72 72 0 0 0
1847 -0.167717 -0.00929016 0.01 72 72 0 0 0
1849 -0.139586 -0.00909759 0.01 68 68 0 0 0
1851 -0.139102 -0.00902219 0.01 72 72 0 0 0
1853 -0.142799 -0.0094699 0.01 77 77 0 0 0
1854 -0.168675 -0.00924988 0.01 77 77 0 0 0
1857 -0.15332 -0.00909791 0.01 77 77 0 0 0
1858 -0.15332 -0.00910492 0.01 78 77 0 0 0
1859 -0.114496 -0.00915709 0.01 67 67 0 0 0
1861 -0.121207 -0.00912352 0.01 68 68 0 0 0
1862 -0.104794 -0.00964266 0.01 66 68 0 0 0
1864 -0.114496 -0.00915709 0.01 68 68 0 0 0
1868 -0.14706 -0.00933687 0.01 77 77 0 0 0
1870 -0.143358 -0.00943047 0.01 67 67 0 0 0
1881 -0.117542 -0.00919356 0.01 67 67 0 0 0
1888 -0.155717 -0.00961221 0.01 77 77 0 0 0
1892 -0.182434 -0.00913315 0.01 72 72 0 0 0
1893 -0.139586 -0.0089522 0.01 67 67 0 0 0
1894 -0.139586 -0.0089522 0.01 67 67 0 0 0
1895 -0.181999 -0.00901212 0.01 66 67 0 0 0
1896 -0.159827 -0.00941064 0.01 77 77 0 0 0
1897 -0.180356 -0.00917899 0.01 76 75 0 0 0
1901 -0.202198 -0.00932876 0.01 78 78 0 0 0
1903 -0.150106 -0.00918471 0.01 77 77 0 0 0
1904 -0.114496 -0.00922639 0.01 67 67 0 0 0
1905 -0.157886 -0.00924247 0.01 78 78 0 0 0
1906 -0.14289 -0.00907137 0.01 67 67 0 0 0
1908 -0.127287 -0.00914238 0.01 68 68 0 0 0
1909 -0.155717 -0.00961221 0.01 76 76 0 0 0
1912 -0.163284 -0.00970933 0.01 72 73 0 0 0
1917 -0.182451 -0.00902094 0.01 77 77 0 0 0
1918 -0.142799 -0.0094699 0.01 76 77 0 0 0
1922 -0.12485 -0.00938129 0.01 68 69 0 0 0
1923 -0.14289 -0.00907137 0.01 68 68 0 0 0
1926 -0.183796 -0.00927296 0.01 77 77 0 0 0
1928 -0.139586 -0.00920795 0.01 68 68 0 0 0
1929 -0.139243 -0.0081894 0.01 76 76 0.00298381 0 0.000551517
1933 -0.159827 -0.00941064 0.01 77 77 0 0 0
1936 -0.139102 -0.00881 0.01 72 72 0.000450179 0 0.000212193
1941 -0.159081 -0.00972982 0.01 72 72 0 0 0
1942 -0.0983561 -0.00938193 0.01 68 68 0 0 0
1943 -0.103883 -0.00954777 0.01 68 68 0 0 0
1945 -0.0868345 -0.0092775 0.01 68 68 0 0 0
1948 -0.154553 -0.00906537 0.01 67 67 0.00146218 -0.0149674 0
1960 -0.121207 -0.00888036 0.01 66 66 0 0 0
1965 -0.172073 -0.00907875 0.01 72 72 0 0 0
1966 -0.151823 -0.00987357 0.01 72 72 0 0 0
1968 -0.163343 -0.00886275 0.01 77 77 0 0 0
1970 -0.166123 -0.0094699 0.01 77 77 0 0 0
1972 -0.170918 -0.00925202 0.01 76 76 0 0 0
1974 -0.146052 -0.00846271 0.01 77 77 0 0 0
1979 -0.116406 -0.00929736 0.01 68 68 0 0 0
1980 -0.127287 -0.00935748 0.01 67 67 0 0 0
1982 -0.141622 -0.00906408 0.01 72 72 0 0 0
1984 -0.142799 -0.0094699 0.01 76 76 0 0 0
1985 -0.116034 -0.0091169 0.01 67 67 0 0 0
1986 -0.175151 -0.00942146 0.01 72 72 0 0 0
1989 -0.156768 -0.0090565 0.01 72 73 0 0 0
1990 -0.182434 -0.00858212 0.01 72 72 0 0 0
1992 -0.168675 -0.00930419 0.01 77 77 0 0 0
1998 -0.152064 -0.00889768 0.01 77 77 0 0 0
1999 -0.139586 -0.00893922 0.01 68 68 0 0 0
2000 -0.137965 -0.00900847 0.01 72 72 0 0 0
2001 -0.115381 -0.00908431 0.01 68 68 0 0 0
2004 -0.16465 -0.00971264 0.01 78 78 0 0 0
2006 -0.114496 -0.00922639 0.01 68 68 0 0 0
2008 -0.122295 -0.00993942 0.01 67 67 0 0 0
2012 -0.109598 -0.00929481 0.01 66 66 -0.0015043 0.0048987 -0.000137724
2019 -0.121207 -0.00888036 0.01 66 66 0 0 0
2020 -0.116225 -0.00856417 0.01 68 68 0 0 0
2023 -0.180254 -0.00907875 0.01 72 72 0 0 0
2024 -0.13107 -0.00893289 0.01 68 68 0 0 0
2025 -0.159175 -0.00971748 0.01 72 73 0 0 0
2026 -0.159827 -0.00941064 0.01 77 77 0 0 0
2027 -0.13727 -0.00885044 0.01 76 76 0 0 0
2034 -0.163343 -0.00886275 0.01 77 77 0 0 0
2037 -0.161945 -0.00916028 0.01 76 76 0 0 0
2038 -0.114496 -0.00915709 0.01 67 68 0 0 0
2039 -0.115381 -0.00970421 0.01 67 67 0 0 0
2044 -0.117671 -0.00956646 0.01 68 68 0 0 0
2045 -0.163284 -0.00954785 0.01 72 72 0 0 0
2046 -0.158646 -0.00949977 0.01 76 76 0 0 0
2047 -0.141622 -0.00906408 0.01 72 72 0 0 0
2050 -0.203737 -0.00890595 0.01 68 68 0 0 0
2056 -0.147116 -0.00963052 0.01 72 73 0.0010325 -0.00257395 0
2057 -0.151823 -0.00987357 0.01 72 72 0 0 0
2059 -0.136354 -0.00860899 0.01 68 68 0.000173241 0 0.000257097
2060 -0.165933 -0.00878135 0.01 76 76 0 0 0
2063 -0.175358 -0.00932876 0.01 78 78 0 0 0
2065 -0.147783 -0.00900847 0.01 72 72 0 0 0
2066 -0.157886 -0.00924247 0.01 77 77 0 0 0
2068 -0.144783 -0.00826507 0.01 68 67 0 0 0
2071 -0.163639 -0.00968198 0.01 77 77 0 0 0
2072 -0.151666 -0.0095124 0.01 76 76 0 0 0
2073 -0.13727 -0.00885044 0.01 77 77 0 0 0
2074 -0.16465 -0.00969444 0.01 78 77 0 0 0
2075 -0.127287 -0.00935748 0.01 67 67 0 0 0
2076 -0.122295 -0.00978365 0.01 67 67 0 0 0
2077 -0.139586 -0.00879194 0.01 72 72 0 0 0
2078 -0.139586 -0.00867985 0.01 72 71 0 0 0
2079 -0.182035 -0.00937928 0.01 67 67 -4.36455e-05 0 -0.000473324
2080 -0.1733 -0.00925202 0.01 76 76 0 0 0
2081 -0.170898 -0.00888094 0.01 77 77 0 0 0
2084 -0.1733 -0.00925202 0.01 78 77 0 0 0
2090 -0.157886 -0.00924247 0.01 77 77 0 0 0
2092 -0.151823 -0.00987357 0.01 72 72 0 0 0
2093 -0.163343 -0.00886275 0.01 77 77 0 0 0
2095 -0.152064 -0.00910099 0.01 76 75 0 0 0
2105 -0.127287 -0.0094874 0.01 67 67 0 0 0
2106 -0.164259 -0.00969444 0.01 76 76 0 0 0
2107 -0.153539 -0.00830887 0.01 77 77 0 0 0
2109 -0.15332 -0.00954162 0.01 76 76 0 0 0
2110 -0.182035 -0.00890595 0.01 67 67 0 0 0
2112 -0.139586 -0.00879194 0.01 72 72 0 0 0
2117 -0.155717 -0.00943216 0.01 76 76 0 0 0
2120 -0.15602 -0.00947927 0.01 76 76 0 0 0
2121 -0.182434 -0.00924452 0.01 72 72 0 0 0
2123 -0.127287 -0.00886608 0.01 67 67 0 0 0
2125 -0.139586 -0.0089522 0.01 67 67 0 0 0
2126 -0.159081 -0.00972982 0.01 72 72 0 0 0
2133 -0.151928 -0.0090121 0.01 77 76 0 0 0
2134 -0.139586 -0.0089522 0.01 67 67 0 0 0
2135 -0.12485 -0.00938129 0.01 68 68 0 0 0
2137 -0.18919 -0.00932876 0.01 78 78 0 0 0
2138 -0.181999 -0.00901212 0.01 67 67 0 0 0
2143 -0.163639 -0.00968198 0.01 77 77 0 0 0
2146 -0.178384 -0.00890595 0.01 68 68 0 0 0
2147 -0.126528 -0.00893289 0.01 68 67 0 0 0
2150 -0.16465 -0.00969444 0.01 78 78 0 0 0
2153 -0.162264 -0.00910099 0.01 76 75 0 0 0
2154 -0.172603 -0.0097286 0.01 77 77 0 0 0
2155 -0.17755 -0.00890595 0.01 67 67 0 0 0
2156 -0.140476 -0.00946518 0.01 72 72 0.000381365 0 0.000165338
2157 -0.139732 -0.00927408 0.01 68 68 0.00282498 -0.0135905 0
2158 -0.1733 -0.00925202 0.01 77 77 0 0 0
2160 -0.157886 -0.00924247 0.01 78 78 0 0 0
2161 -0.120622 -0.00861129 0.01 68 68 0 0 0
2162 -0.172073 -0.00907875 0.01 72 72 0 0 0
2164 -0.127287 -0.00936696 0.01 67 67 0 0 0
2166 -0.15558 -0.00910611 0.01 72 72 0 0 0
2167 -0.182434 -0.00924452 0.01 72 72 0 0 0
2168 -0.151666 -0.00924458 0.01 76 76 0 0 0
2169 -0.159081 -0.00972982 0.01 72 72 0 0 0
2171 -0.155443 -0.00846271 0.01 76 76 0 0 0
2172 -0.18919 -0.00932876 0.01 78 78 0 0 0
2173 -0.178384 -0.00890595 0.01 67 67 0 0 0
2174 -0.13152 -0.00878523 0.01 68 68 0 0 0
2178 -0.114496 -0.00915709 0.01 67 67 0 0 0
2181 -0.137844 -0.00911261 0.01 76 76 0 0 0
2185 -0.152064 -0.00910099 0.01 76 76 0 0 0
2186 -0.134978 -0.00890049 0.01 76 76 0 0 0
2188 -0.163343 -0.00886275 0.01 76 77 0 0 0
2190 -0.152064 -0.00851197 0.01 76 76 0 0 0
2191 -0.178384 -0.00890595 0.01 68 69 0 0 0
2193 -0.155717 -0.00938259 0.01 77 77 0 0 0
2194 -0.153295 -0.00892199 0.01 72 72 0 0 0
2195 -0.175269 -0.00932876 0.01 77 77 0 0 0
2197 -0.163284 -0.00946012 0.01 72 72 0 0 0
2199 -0.127287 -0.00886608 0.01 67 67 0 0 0
2201 -0.17755 -0.00890595 0.01 68 68 0 0 0
2202 -0.137844 -0.00911261 0.01 76 76 0 0 0
2206 -0.175269 -0.00932876 0.01 77 77 0 0 0
2207 -0.143678 -0.00907137 0.01 68 68 0 0 0
2209 -0.159081 -0.00972982 0.01 72 72 0 0 0
2210 -0.139586 -0.0089522 0.01 68 67 0 0 0
2211 -0.175151 -0.00942146 0.01 72 71 0 0 0
2212 -0.14706 -0.00933687 0.01 77 76 0 0 0
2213 -0.15332 -0.00917544 0.01 77 77 0 0 0
2214 -0.175151 -0.00928472 0.01 72 72 0 0 0
2216 -0.185355 -0.00932876 0.01 76 76 0 0 0
2218 -0.12485 -0.00935187 0.01 67 68 0 0 0
2220 -0.178384 -0.00890595 0.01 68 68 0 0 0
2221 -0.127287 -0.00936069 0.01 67 67 0 0 0
2222 -0.113937 -0.00950158 0.01 67 67 0 0 0
2226 -0.178384 -0.00890595 0.01 68 69 0 0 0
2229 -0.127287 -0.00936069 0.01 67 67 0 0 0
2235 -0.14289 -0.00854844 0.01 72 72 0 0 0
2238 -0.182434 -0.00918203 0.01 76 76 0 0 0
2241 -0.145072 -0.0091766 0.01 72 72 0 0 0
2242 -0.116225 -0.00856417 0.01 68 68 0 0 0
2244 -0.141622 -0.00906408 0.01 72 72 0 0 0
2245 -0.145072 -0.0091766 0.01 72 72 0 0 0
2246 -0.175269 -0.00932876 0.01 77 77 0 0 0
2247 -0.157886 -0.0086658 0.01 77 77 0 0 0
2249 -0.203737 -0.00890595 0.01 68 68 0 0 0
2250 -0.114496 -0.00925257 0.01 68 68 0 0 0
2251 -0.142191 -0.00937723 0.01 68 68 0 0 0
2252 -0.139586 -0.0089522 0.01 67 67 0 0 0
2253 -0.134978 -0.00890049 0.01 76 75 0 0 0
2255 -0.126528 -0.00893289 0.01 67 67 0 0 0
2257 -0.144048 -0.00895614 0.01 72 72 0.00861138 -0.0199637 0
2258 -0.15332 -0.00917544 0.01 77 77 0 0 0
2260 -0.152064 -0.00910099 0.01 76 76 0 0 0
2261 -0.163284 -0.00970933 0.01 72 72 0 0 0
2262 -0.183796 -0.00919354 0.01 76 76 0 0 0
2264 -0.159081 -0.00972982 0.01 72 72 0 0 0
2265 -0.147783 -0.00853738 0.01 76 76 0 0 0
2268 -0.152064 -0.00889768 0.01 77 77 0 0 0
2271 -0.15332 -0.00910492 0.01 77 77 0 0 0
2274 -0.14289 -0.0090121 0.01 76 76 0 0 0
2275 -0.162735 -0.009693 0.01 68 68 0 0 0
2276 -0.121207 -0.00888036 0.01 67 67 0 0 0
2277 -0.159081 -0.00972982 0.01 72 72 0 0 0
2285 -0.113937 -0.00928127 0.01 67 67 0 0 0
2286 -0.113937 -0.00950158 0.01 66 67 0 0 0
2287 -0.172073 -0.00907875 0.01 72 72 0 0 0
2289 -0.122295 -0.00978365 0.01 67 67 0 0 0
2290 -0.127287 -0.00943047 0.01 68 68 0 0 0
2293 -0.142799 -0.0094699 0.01 77 77 0 0 0
2294 -0.178384 -0.00890595 0.01 67 67 0 0 0
2295 -0.143951 -0.00878523 0.01 67 67 0 0 0
2296 -0.131884 -0.00858936 0.01 72 72 0 0 0
2299 -0.182035 -0.00890595 0.01 67 67 0 0 0
2300 -0.137654 -0.00911261 0.01 76 75 0 0 0
2301 -0.14289 -0.0090121 0.01 77 77 0 0 0
2302 -0.145072 -0.0091766 0.01 72 72 0 0 0
2307 -0.155717 -0.00943216 0.01 76 76 0 0 0
2308 -0.172073 -0.00932364 0.01 72 72 0 0 0
2309 -0.181999 -0.00901212 0.01 68 67 0 0 0
2310 -0.151823 -0.00987357 0.01 72 72 0 0 0
2314 -0.140476 -0.0093132 0.01 67 67 0 0 0
2315 -0.152064 -0.00937701 0.01 68 69 0 0 0
2318 -0.155717 -0.00943216 0.01 77 77 0 0 0
2319 -0.161945 -0.00916028 0.01 77 76 0 0 0
2320 -0.157886 -0.00924247 0.01 77 77 0 0 0
2321 -0.163343 -0.00886275 0.01 77 77 0 0 0
2323 -0.16374 -0.00924866 0.01 72 72 -0.000170559 0 -0.0001839
2326 -0.18919 -0.00932876 0.01 78 78 0 0 0
2331 -0.140476 -0.00939688 0.01 68 68 0 0 0
2335 -0.142799 -0.0094699 0.01 76 77 0 0 0
2337 -0.153295 -0.00892199 0.01 72 72 0 0 0
2338 -0.179543 -0.00907875 0.01 72 72 0.000731558 -0.00747097 0
2339 -0.178384 -0.00890595 0.01 68 68 0 0 0
2347 -0.16465 -0.00969444 0.01 77 77 0 0 0
2348 -0.140354 -0.00906408 0.01 72 72 0 0 0
2351 -0.136354 -0.00886608 0.01 68 68 0 0 0
2352 -0.114496 -0.00922639 0.01 67 67 0 0 0
2354 -0.138041 -0.00971562 0.01 72 72 0.000187352 0 7.16662e-05
2364 -0.163639 -0.00968198 0.01 77 77 0 0 0
2366 -0.176115 -0.00896406 0.01 72 72 0 0 0
2371 -0.136104 -0.00874781 0.01 67 67 0 0 0
2378 -0.124084 -0.00860785 0.01 76 75 0 0 0
2382 -0.152064 -0.00910099 0.01 76 77 0 0 0
2386 -0.161945 -0.00916028 0.01 76 77 0 0 0
2388 -0.14686 -0.00885181 0.01 76 76 0.0013001 0 0.00026925
2389 -0.110136 -0.00886608 0.01 67 67 0 0 0
2390 -0.170191 -0.00886275 0.01 76 76 0 0 0
2396 -0.151823 -0.00987357 0.01 72 72 0 0 0
2397 -0.139756 -0.00842464 0.01 72 70 0 0 0
2400 -0.183984 -0.00932876 0.01 77 77 0 0 0
2402 -0.167097 -0.00983152 0.01 76 76 0 0 0
2404 -0.139586 -0.00867985 0.01 72 72 0 0 0
2408 -0.127287 -0.00943047 0.01 68 68 0 0 0
2410 -0.139586 -0.00875058 0.01 72 72 0 0 0
2416 -0.178679 -0.00836486 0.01 72 72 0 0 0
2418 -0.163284 -0.00946012 0.01 72 72 0 0 0
2421 -0.173172 -0.00932876 0.01 76 76 0 0 0
2428 -0.182434 -0.00923363 0.01 76 76 0 0 0
2429 -0.138157 -0.0083878 0.01 72 71 0 0 0
2430 -0.136104 -0.00874781 0.01 67 67 0 0 0
2431 -0.127287 -0.00935748 0.01 72 70 0 0 0
2435 -0.149474 -0.00881067 0.01 68 69 0 0 0
2437 -0.142799 -0.00959548 0.01 72 72 0 0 0
2438 -0.115381 -0.00908431 0.01 68 68 0 0 0
2442 -0.14706 -0.00933687 0.01 77 77 0 0 0
2447 -0.163284 -0.00953194 0.01 72 72 0 0 0
2449 -0.139586 -0.0089522 0.01 68 68 0 0 0
2450 -0.18919 -0.00932876 0.01 78 78 0 0 0
2451 -0.155717 -0.00938259 0.01 77 77 0 0 0
2452 -0.14289 -0.0089774 0.01 67 67 0 0 0
2453 -0.152064 -0.00911761 0.01 77 77 0 0 0
2454 -0.139586 -0.00879194 0.01 72 71 0 0 0
2457 -0.161376 -0.009693 0.01 68 69 0 0 0
2460 -0.131464 -0.00878523 0.01 67 67 0 0 0
2462 -0.173632 -0.00941064 0.01 77 77 0 0 0
2463 -0.14484 -0.00987357 0.01 68 68 0 0 0
2464 -0.152064 -0.00910648 0.01 76 76 0 0 0
2466 -0.139756 -0.00842464 0.01 72 72 0 0 0
2467 -0.152064 -0.00926907 0.01 76 76 0 0 0
2468 -0.161945 -0.00916028 0.01 76 76 0 0 0
2471 -0.18919 -0.00932876 0.01 78 78 0 0 0
2475 -0.181999 -0.00871077 0.01 68 68 0 0 0
2476 -0.14686 -0.00912106 0.01 77 77 0 0 0
2478 -0.183984 -0.00932876 0.01 77 77 0 0 0
2479 -0.172073 -0.00902687 0.01 76 76 0 0 0
2481 -0.142799 -0.0094699 0.01 78 77 0 0 0
2484 -0.175358 -0.00932876 0.01 78 78 0 0 0
2486 -0.163284 -0.0097932 0.01 76 76 0 0 0
2487 -0.127287 -0.00886608 0.01 67 67 0 0 0
2489 -0.127287 -0.00914238 0.01 68 68 0 0 0
2490 -0.165933 -0.00878135 0.01 76 76 0 0 0
2492 -0.12158 -0.00919356 0.01 68 68 0 0 0
2493 -0.115381 -0.00905954 0.01 68 68 3.67463e-05 0 2.47704e-05
2497 -0.167867 -0.00953018 0.01 77 77 0 0 0
2499 -0.114496 -0.00915709 0.01 68 68 0 0 0
2501 -0.121207 -0.00888036 0.01 66 66 0 0 0
2502 -0.15332 -0.00909791 0.01 76 76 0 0 0
2504 -0.152064 -0.00925218 0.01 72 72 0 0 0
2505 -0.181999 -0.00901212 0.01 67 67 0 0 0
2506 -0.139586 -0.00920795 0.01 68 68 0 0 0
2507 -0.127287 -0.00886608 0.01 67 67 0 0 0
2509 -0.13107 -0.00893289 0.01 67 68 0 0 0
2510 -0.124084 -0.00860785 0.01 76 76 0 0 0
2511 -0.136104 -0.00863098 0.01 67 67 0 0 0
2512 -0.182434 -0.00932876 0.01 76 75 0 0 0
2513 -0.114496 -0.00922639 0.01 67 67 0 0 0
2516 -0.155226 -0.00910611 0.01 68 68 0 0 0
2521 -0.178679 -0.00889978 0.01 72 72 0 0 0
2522 -0.183984 -0.00932876 0.01 77 77 0 0 0
2525 -0.170898 -0.00917899 0.01 77 77 0 0 0
2526 -0.118856 -0.00908291 0.01 68 68 0 0 0
2528 -0.139586 -0.0089522 0.01 67 67 0 0 0
2532 -0.145364 -0.0089522 0.01 68 68 0 0 0
2533 -0.175151 -0.00942146 0.01 72 72 0 0 0
2534 -0.114496 -0.00915709 0.01 68 68 0 0 0
2535 -0.170898 -0.00917899 0.01 77 77 0 0 0
2536 -0.175151 -0.00942146 0.01 72 72 0 0 0
2537 -0.114496 -0.00922639 0.01 67 67 0 0 0
2538 -0.16465 -0.00969444 0.01 78 78 0 0 0
2539 -0.166344 -0.0090121 0.01 76 76 0 0 0
2545 -0.18919 -0.00911856 0.01 77 77 0 0 0
2546 -0.139586 -0.00875058 0.01 72 72 0 0 0
2547 -0.139586 -0.00875058 0.01 68 68 0 0 0
2550 -0.182434 -0.00858212 0.01 72 72 0 0 0
2553 -0.153808 -0.00961221 0.01 78 78 0 0 0
2554 -0.127287 -0.00914238 0.01 68 68 0 0 0
2556 -0.172073 -0.00902687 0.01 76 76 0 0 0
2557 -0.114496 -0.00938508 0.01 67 67 0 0 0
2558 -0.175269 -0.00932876 0.01 76 76 0 0 0
2559 -0.163343 -0.00886275 0.01 77 77 0 0 0
2561 -0.110527 -0.00937313 0.01 72 71 -0.0036635 0.00485424 0
2562 -0.114496 -0.00938508 0.01 67 67 0 0 0
2563 -0.142799 -0.00964146 0.01 72 72 0 0 0
2564 -0.182434 -0.00924452 0.01 72 72 0 0 0
2565 -0.142191 -0.00937723 0.01 68 68 0 0 0
2566 -0.1733 -0.00925202 0.01 77 77 0 0 0
2572 -0.125813 -0.00932863 0.01 67 67 0 0 0
2577 -0.153539 -0.00830887 0.01 77 77 0 0 0
2578 -0.168675 -0.00924988 0.01 77 77 0 0 0
2581 -0.15332 -0.00917544 0.01 77 77 0 0 0
2584 -0.143678 -0.00907137 0.01 68 68 0 0 0
2585 -0.170191 -0.00886275 0.01 76 76 0.0020197 -0.00684868 0
2586 -0.163708 -0.00969444 0.01 76 76 0 0 0
2589 -0.166344 -0.0090121 0.01 72 72 0 0 0
2590 -0.163284 -0.0097932 0.01 78 78 0 0 0
2591 -0.114496 -0.00915709 0.01 68 68 0 0 0
2592 -0.127287 -0.00916126 0.01 68 68 0 0 0
2595 -0.136659 -0.00908291 0.01 68 68 0 0 0
2597 -0.185355 -0.00932876 0.01 76 77 0 0 0
2598 -0.18919 -0.00932876 0.01 78 78 0 0 0
2604 -0.183796 -0.00919354 0.01 76 76 0 0 0
2605 -0.175151 -0.00942146 0.01 72 72 0 0 0
2607 -0.116225 -0.00856417 0.01 68 68 0 0 0
2611 -0.114496 -0.00922639 0.01 67 67 0 0 0
2613 -0.110403 -0.00903476 0.01 68 68 0 0 0
2614 -0.146832 -0.00878523 0.01 67 67 0 0 0
2615 -0.14289 -0.0090121 0.01 76 76 0 0 0
2616 -0.139586 -0.0089522 0.01 68 67 0 0 0
2619 -0.116034 -0.0091169 0.01 68 67 0 0 0
2620 -0.126528 -0.00893289 0.01 67 67 0 0 0
2621 -0.14289 -0.00907137 0.01 67 67 0 0 0
2622 -0.151666 -0.00924458 0.01 76 76 0 0 0
2623 -0.139586 -0.0089522 0.01 67 67 0 0 0
2625 -0.147783 -0.00900847 0.01 72 72 0 0 0
2628 -0.152064 -0.00928932 0.01 77 76 -0.00080812 0 -0.000188326
2629 -0.166123 -0.00992396 0.01 77 77 -0.00181296 0 -0.000454057
2631 -0.17755 -0.00890595 0.01 67 67 0 0 0
2632 -0.15332 -0.00917473 0.01 76 76 0 0 0
2633 -0.136659 -0.00908291 0.01 68 68 0 0 0
2634 -0.139586 -0.00901867 0.01 67 67 0 0 0
2637 -0.175151 -0.00945612 0.01 68 68 0 0 0
2638 -0.150106 -0.00918471 0.01 77 77 0 0 0
2639 -0.152064 -0.00910648 0.01 76 76 0 0 0
2640 -0.131464 -0.00878523 0.01 67 67 0 0 0
2641 -0.113937 -0.00928127 0.01 67 67 0 0 0
2646 -0.152064 -0.00924988 0.01 76 76 0 0 0
2649 -0.164259 -0.00969444 0.01 76 76 0 0 0
2650 -0.152064 -0.0092189 0.01 76 76 0 0 0
2651 -0.14289 -0.00907137 0.01 68 68 0 0 0
2652 -0.1733 -0.00925202 0.01 77 77 0 0 0
2657 -0.139586 -0.00875058 0.01 72 72 0 0 0
2659 -0.140476 -0.0093132 0.01 67 67 0 0 0
2661 -0.139586 -0.00875058 0.01 72 72 0 0 0
2662 -0.181999 -0.00901212 0.01 68 67 0 0 0
2667 -0.18919 -0.00932876 0.01 78 78 0 0 0
2671 -0.161376 -0.009693 0.01 68 68 0 0 0
2672 -0.175269 -0.00932876 0.01 76 76 0 0 0
2673 -0.173172 -0.00912367 0.01 76 76 0 0 0
2674 -0.16374 -0.00906476 0.01 72 72 0 0 0
2675 -0.113937 -0.00928127 0.01 67 67 0 0 0
2676 -0.116398 -0.00915709 0.01 68 67 0 0 0
2677 -0.16374 -0.00906476 0.01 72 70 0 0 0
2681 -0.143358 -0.00943047 0.01 67 67 0 0 0
2682 -0.153085 -0.00886275 0.01 76 75 0 0 0
2686 -0.15332 -0.00910492 0.01 77 77 0 0 0
2692 -0.185355 -0.00932876 0.01 77 77 0 0 0
2694 -0.114496 -0.00925257 0.01 68 68 0 0 0
2696 -0.155717 -0.00961221 0.01 77 77 0 0 0
2697 -0.113937 -0.00950158 0.01 67 67 0 0 0
2699 -0.155717 -0.00961221 0.01 76 76 0 0 0
2700 -0.18919 -0.00911856 0.01 77 77 0 0 0
2702 -0.168675 -0.00930419 0.01 77 77 0 0 0
2704 -0.141913 -0.00921854 0.01 72 72 0 0 0
2705 -0.173172 -0.00932876 0.01 76 76 0 0 0
2706 -0.157067 -0.00941064 0.01 77 77 0 0 0
2707 -0.182434 -0.00932876 0.01 72 72 0 0 0
2709 -0.121207 -0.00888036 0.01 67 67 0 0 0
2712 -0.126142 -0.00927408 0.01 68 68 0 0 0
2713 -0.124355 -0.00886608 0.01 67 67 -0.000599444 0.00293189 0
2714 -0.13107 -0.00893289 0.01 68 68 0 0 0
2719 -0.151875 -0.00853738 0.01 76 75 0 0 0
2721 -0.175358 -0.00932876 0.01 78 78 0 0 0
2723 -0.157886 -0.00924247 0.01 77 77 0 0 0
2724 -0.15332 -0.00954162 0.01 76 76 0 0 0
2725 -0.148357 -0.0090121 0.01 76 76 0 0 0
2727 -0.155717 -0.00961221 0.01 76 76 0 0 0
2728 -0.136104 -0.00874781 0.01 67 67 0 0 0
2729 -0.162264 -0.00910099 0.01 76 76 0 0 0
2732 -0.13543 -0.00909759 0.01 67 67 0 0 0
2735 -0.15196 -0.00846271 0.01 76 76 0 0 0
2737 -0.15332 -0.00917544 0.01 76 76 0 0 0
2738 -0.178384 -0.00890595 0.01 67 67 0 0 0
2739 -0.115287 -0.00891246 0.01 67 67 0.00158955 -0.00488398 0
2743 -0.157886 -0.00924247 0.01 78 78 0 0 0
2744 -0.159827 -0.00941064 0.01 77 77 0 0 0
2746 -0.125813 -0.00932863 0.01 68 68 0 0 0
2747 -0.163284 -0.00991402 0.01 76 75 0 0 0
2748 -0.175269 -0.00932876 0.01 76 76 0 0 0
2751 -0.14706 -0.00933687 0.01 77 77 0 0 0
2752 -0.152064 -0.00851197 0.01 76 76 0 0 0
2755 -0.137844 -0.00911261 0.01 76 76 0 0 0
2757 -0.159587 -0.00922594 0.01 76 76 0 0 0
2758 -0.163708 -0.00969444 0.01 77 77 0 0 0
2759 -0.155717 -0.00961221 0.01 77 77 0 0 0
2766 -0.133951 -0.00879194 0.01 72 72 0 0 0
2767 -0.16032 -0.00917899 0.01 78 78 0 0 0
2771 -0.121952 -0.00853721 0.01 72 72 0 0 0
2773 -0.127287 -0.00916126 0.01 68 68 0 0 0
2777 -0.183796 -0.00927296 0.01 76 77 0 0 0
2778 -0.166344 -0.0090121 0.01 76 76 0 0 0
2780 -0.139586 -0.00901867 0.01 67 67 0 0 0
2783 -0.134482 -0.00910611 0.01 76 76 0 0 0
2786 -0.139586 -0.00867985 0.01 72 72 0 0 0
2789 -0.163639 -0.00968198 0.01 77 77 0 0 0
2790 -0.15332 -0.00909791 0.01 77 77 0 0 0
2794 -0.114496 -0.00922639 0.01 67 67 0 0 0
2796 -0.188737 -0.00897931 0.01 72 72 0.00136384 -0.0166644 0
2797 -0.182434 -0.00923363 0.01 76 76 0 0 0
2800 -0.152064 -0.00889357 0.01 77 77 0 0 0
2803 -0.136959 -0.00841313 0.01 77 77 0 0 0
2806 -0.127287 -0.00943047 0.01 68 68 0 0 0
2808 -0.153808 -0.00961221 0.01 78 78 0 0 0
2809 -0.15332 -0.00910492 0.01 78 78 0 0 0
2810 -0.182434 -0.00924452 0.01 72 72 0 0 0
2811 -0.126528 -0.00893289 0.01 67 67 0 0 0
2812 -0.159827 -0.00941064 0.01 77 77 0 0 0
2813 -0.173172 -0.00932876 0.01 76 76 0 0 0
2814 -0.128084 -0.00993942 0.01 66 67 0 0 0
2819 -0.182434 -0.00858212 0.01 72 72 0 0 0
2820 -0.167097 -0.00983152 0.01 76 76 0 0 0
2824 -0.146052 -0.00841313 0.01 77 77 0 0 0
2825 -0.114496 -0.00925257 0.01 68 68 0 0 0
2826 -0.155717 -0.00943216 0.01 77 77 0 0 0
2828 -0.136104 -0.00863098 0.01 67 68 0 0 0
2829 -0.136104 -0.00874781 0.01 68 67 0 0 0
2830 -0.182035 -0.00890595 0.01 67 67 0 0 0
2833 -0.144671 -0.00886608 0.01 68 68 0 0 0
2834 -0.152064 -0.00910099 0.01 76 76 0 0 0
2835 -0.16374 -0.00906476 0.01 72 72 0 0 0
2841 -0.127287 -0.00916126 0.01 68 68 0 0 0
2843 -0.104794 -0.00964266 0.01 66 66 0 0 0
2845 -0.138041 -0.00971562 0.01 72 72 0 0 0
2847 -0.127287 -0.00892542 0.01 67 67 0 0 0
2849 -0.183984 -0.00932876 0.01 77 77 0 0 0
2850 -0.168675 -0.00924988 0.01 77 77 0 0 0
2855 -0.182434 -0.00848624 0.01 72 72 3.89516e-05 0 9.58759e-05
2856 -0.163639 -0.00968198 0.01 76 76 0 0 0
2857 -0.182434 -0.00923363 0.01 76 76 0 0 0
2858 -0.146052 -0.00846271 0.01 77 77 0 0 0
2860 -0.0991555 -0.00925902 0.01 67 67 0 0 0
2861 -0.161376 -0.009693 0.01 68 68 0 0 0
2863 -0.144671 -0.00886608 0.01 67 67 0 0 0
2866 -0.161306 -0.00943216 0.01 76 76 0 0 0
2868 -0.136659 -0.00908291 0.01 66 68 0 0 0
2870 -0.126528 -0.00893289 0.01 67 67 0 0 0
2871 -0.143518 -0.00907137 0.01 67 68 0 0 0
2873 -0.182434 -0.00923363 0.01 76 76 0 0 0
2875 -0.139586 -0.0089522 0.01 68 68 0 0 0
2876 -0.12678 -0.00874781 0.01 67 67 0 0 0
2877 -0.171003 -0.00942146 0.01 72 72 0 0 0
2879 -0.124811 -0.00910611 0.01 72 72 0 0 0
2880 -0.131464 -0.00878523 0.01 67 67 0 0 0
2883 -0.114496 -0.00906155 0.01 67 67 0.000182196 0 0.000164838
2890 -0.143678 -0.00907137 0.01 68 68 0 0 0
2893 -0.139586 -0.0089522 0.01 68 68 0 0 0
2894 -0.151823 -0.00987357 0.01 72 72 0 0 0
2896 -0.136354 -0.00886608 0.01 68 68 0 0 0
2899 -0.138157 -0.0083878 0.01 72 72 0 0 0
2901 -0.150106 -0.00918471 0.01 77 77 0 0 0
2903 -0.114496 -0.00896159 0.01 67 69 0 0 0
2905 -0.168675 -0.00924988 0.01 77 77 0 0 0
2907 -0.127287 -0.00914238 0.01 68 68 0 0 0
2910 -0.140476 -0.00951604 0.01 72 72 0 0 0
2913 -0.137844 -0.00911261 0.01 76 76 0 0 0
2915 -0.168675 -0.00924988 0.01 76 76 0 0 0
2916 -0.18919 -0.00932876 0.01 76 76 0 0 0
2921 -0.14686 -0.00912106 0.01 77 77 0 0 0
2922 -0.152064 -0.00911761 0.01 77 77 0 0 0
2927 -0.185355 -0.00932876 0.01 77 77 0 0 0
2929 -0.178384 -0.00890595 0.01 68 68 0 0 0
2930 -0.182434 -0.00923363 0.01 76 76 0 0 0
2932 -0.155717 -0.00961221 0.01 78 78 0 0 0
2934 -0.115885 -0.00943047 0.01 68 68 -0.00360984 0.0114013 0
2935 -0.138157 -0.0083878 0.01 72 72 0 0 0
2937 -0.139586 -0.00909759 0.01 68 68 0 0 0
2939 -0.127287 -0.00935748 0.01 67 67 0 0 0
2945 -0.170456 -0.00928996 0.01 72 72 0 0 0
2952 -0.127287 -0.00943047 0.01 67 67 0 0 0
2955 -0.114864 -0.00974238 0.01 67 67 0 0 0
2956 -0.147783 -0.00900847 0.01 72 71 0 0 0
2957 -0.116406 -0.00929736 0.01 68 68 0 0 0
2958 -0.136104 -0.00874781 0.01 67 67 0 0 0
2962 -0.178384 -0.00890595 0.01 67 67 0 0 0
2964 -0.190957 -0.00934522 0.01 77 76 0.00141147 -0.00850585 0
2966 -0.159827 -0.00941064 0.01 77 77 0 0 0
2967 -0.137844 -0.00911261 0.01 76 76 0 0 0
2968 -0.163284 -0.00991402 0.01 76 76 0 0 0
2969 -0.182434 -0.00932876 0.01 72 72 0 0 0
2970 -0.121207 -0.00888036 0.01 66 66 0 0 0
2972 -0.127287 -0.00909894 0.01 68 68 0 0 0
2981 -0.152064 -0.00851197 0.01 76 76 0.00245529 0 0.000631354
2985 -0.118059 -0.00919356 0.01 68 68 0 0 0
2988 -0.121207 -0.00888036 0.01 68 68 0 0 0
2990 -0.177799 -0.00920626 0.01 72 72 0 0 0
2992 -0.182451 -0.00902094 0.01 77 77 0 0 0
2994 -0.170898 -0.00917899 0.01 76 76 0 0 0
2995 -0.116225 -0.00846347 0.01 68 68 0.000134483 0 0.000100708
2996 -0.122295 -0.00978365 0.01 67 67 0.000143051 0 0.000155771
2997 -0.152064 -0.00889357 0.01 77 77 0 0 0
3003 -0.16465 -0.00969444 0.01 76 76 0 0 0
3006 -0.127287 -0.00914238 0.01 68 68 0 0 0
3008 -0.138157 -0.0083878 0.01 72 72 0 0 0
3009 -0.143678 -0.00907137 0.01 68 68 0 0 0
3014 -0.127287 -0.00936069 0.01 68 67 0 0 0
3017 -0.152064 -0.00924988 0.01 76 76 0 0 0
3018 -0.180254 -0.00907875 0.01 72 72 0 0 0
3019 -0.166221 -0.00924458 0.01 76 76 0 0 0
3022 -0.182434 -0.00932876 0.01 72 72 0 0 0
3023 -0.127287 -0.00886608 0.01 67 67 0 0 0
3025 -0.143678 -0.00907137 0.01 68 68 0 0 0
3026 -0.138157 -0.0083878 0.01 72 72 0 0 0
3029 -0.142799 -0.0094699 0.01 77 77 0 0 0
3031 -0.153539 -0.00830887 0.01 77 77 0 0 0
3033 -0.155717 -0.00961221 0.01 76 76 0 0 0
3034 -0.14289 -0.00854844 0.01 72 72 0 0 0
3035 -0.152064 -0.0092189 0.01 76 76 0 0 0
3036 -0.178384 -0.00890595 0.01 67 67 0 0 0
3041 -0.142191 -0.00937723 0.01 67 68 0 0 0
3043 -0.142799 -0.00964146 0.01 72 72 0 0 0
3044 -0.121207 -0.00888036 0.01 68 68 0 0 0
3045 -0.139586 -0.00909759 0.01 68 68 0 0 0
3046 -0.182434 -0.00924452 0.01 72 72 0 0 0
3047 -0.16465 -0.00969444 0.01 78 78 0 0 0
3050 -0.159081 -0.00972982 0.01 72 72 0 0 0
3051 -0.138157 -0.0083878 0.01 72 72 0 0 0
3052 -0.163284 -0.00970933 0.01 72 72 0 0 0
3053 -0.139586 -0.00867985 0.01 72 72 0 0 0
3055 -0.161493 -0.00949525 0.01 72 72 0 0 0
3057 -0.178384 -0.00890595 0.01 67 67 0 0 0
3059 -0.175151 -0.00942146 0.01 68 68 0 0 0
3061 -0.184632 -0.00932364 0.01 72 72 0 0 0
3062 -0.136104 -0.00874781 0.01 67 67 0 0 0
3066 -0.155717 -0.00969905 0.01 76 76 -0.00111911 0 -0.000266897
3069 -0.131464 -0.00878523 0.01 67 67 0 0 0
3070 -0.163284 -0.00954785 0.01 72 72 0 0 0
3071 -0.179304 -0.00890595 0.01 67 67 0 0 0
3073 -0.127287 -0.00936069 0.01 67 67 0 0 0
3074 -0.139586 -0.00909759 0.01 68 68 0 0 0
3075 -0.182434 -0.00942974 0.01 77 77 0 0 0
3076 -0.144671 -0.00886608 0.01 67 67 0 0 0
3077 -0.182434 -0.00924452 0.01 72 72 0 0 0
3080 -0.175358 -0.00932876 0.01 78 78 0 0 0
3083 -0.153808 -0.00961221 0.01 77 77 0 0 0
3085 -0.127287 -0.00936696 0.01 68 69 0 0 0
3086 -0.163639 -0.00979537 0.01 76 76 0 0 0
3087 -0.14289 -0.0090121 0.01 76 76 0 0 0
3089 -0.155717 -0.00961221 0.01 77 77 0 0 0
3090 -0.178384 -0.00890595 0.01 68 68 0 0 0
3091 -0.171003 -0.00942146 0.01 72 72 0 0 0
3095 -0.145072 -0.0091766 0.01 72 72 0 0 0
3099 -0.147783 -0.00900847 0.01 72 72 0 0 0
3101 -0.1733 -0.00925202 0.01 78 78 0 0 0
3103 -0.15332 -0.00954162 0.01 76 76 0 0 0
3104 -0.139586 -0.00879194 0.01 72 72 0 0 0
3105 -0.0939627 -0.00915709 0.01 67 67 0 0 0
3106 -0.181999 -0.00901212 0.01 67 67 0 0 0
3107 -0.15332 -0.00917473 0.01 76 76 0 0 0
3113 -0.173391 -0.00911261 0.01 72 72 0 0 0
3114 -0.139756 -0.00842464 0.01 72 72 0 0 0
3116 -0.152064 -0.00910099 0.01 76 76 0 0 0
3118 -0.124084 -0.0086464 0.01 72 72 0 0 0
3121 -0.175151 -0.00942146 0.01 67 69 0 0 0
3124 -0.163284 -0.00991583 0.01 78 78 -1.10269e-05 0 -1.80677e-06
3125 -0.0991555 -0.00925902 0.01 67 67 0 0 0
3126 -0.155717 -0.00961221 0.01 76 76 0 0 0
3127 -0.146052 -0.00846271 0.01 77 77 0 0 0
3128 -0.183796 -0.00927296 0.01 76 76 0 0 0
3130 -0.149528 -0.0091308 0.01 72 72 0 0 0
3136 -0.151666 -0.00924458 0.01 76 76 0 0 0
3144 -0.17755 -0.00890595 0.01 67 67 0 0 0
3146 -0.16465 -0.00971264 0.01 76 76 0 0 0
3149 -0.127287 -0.00947043 0.01 66 66 0 0 0
3151 -0.16032 -0.00917899 0.01 77 77 0 0 0
3152 -0.0983561 -0.00908431 0.01 68 68 0 0 0
3155 -0.139586 -0.00909759 0.01 68 68 0 0 0
3156 -0.157067 -0.00941064 0.01 77 77 0 0 0
3157 -0.153539 -0.00830887 0.01 78 78 0 0 0
3158 -0.175269 -0.00932876 0.01 76 76 0 0 0
3165 -0.182434 -0.00932876 0.01 72 73 0 0 0
3169 -0.121207 -0.00912352 0.01 72 72 0 0 0
3170 -0.115381 -0.00908431 0.01 68 68 0 0 0
3178 -0.166344 -0.0090121 0.01 76 76 0 0 0
3182 -0.12158 -0.00919356 0.01 68 68 0 0 0
3185 -0.14706 -0.00933687 0.01 77 77 0 0 0
3186 -0.114864 -0.00974238 0.01 67 67 0 0 0
3189 -0.163284 -0.00929016 0.01 72 72 0 0 0
3192 -0.185355 -0.00932876 0.01 76 76 0 0 0
3193 -0.18919 -0.00932876 0.01 78 78 0 0 0
3196 -0.155717 -0.00961221 0.01 78 78 0 0 0
3197 -0.178384 -0.00890595 0.01 67 67 0 0 0
3198 -0.165234 -0.00942974 0.01 77 77 0 0 0
3199 -0.14484 -0.00987357 0.01 68 68 0 0 0
3204 -0.142191 -0.00937723 0.01 67 67 0 0 0
3205 -0.114496 -0.00896159 0.01 67 67 0 0 0
3206 -0.136354 -0.00886608 0.01 68 68 0 0 0
3207 -0.15332 -0.00909791 0.01 76 76 0 0 0
3208 -0.163343 -0.00886275 0.01 76 77 0 0 0
3211 -0.151823 -0.00987357 0.01 72 72 0 0 0
3212 -0.143358 -0.00943047 0.01 67 67 0 0 0
3216 -0.157886 -0.00906754 0.01 76 76 0 0 0
3217 -0.139586 -0.0089522 0.01 68 68 0 0 0
3221 -0.178384 -0.00890595 0.01 68 68 0 0 0
3223 -0.136354 -0.00886608 0.01 68 68 0 0 0
3228 -0.181033 -0.0097932 0.01 76 76 0 0 0
3232 -0.158602 -0.00907137 0.01 66 67 0.00134239 -0.0157127 0
3233 -0.168569 -0.00925202 0.01 77 77 0 0 0
3235 -0.140476 -0.00958671 0.01 68 69 0 0 0
3236 -0.142191 -0.00937723 0.01 67 67 0 0 0
3237 -0.152064 -0.00924988 0.01 76 76 0 0 0
3239 -0.144343 -0.00902219 0.01 72 72 0 0 0
3242 -0.177115 -0.00886275 0.01 76 76 0.00361779 -0.0137723 0
3249 -0.113937 -0.00928127 0.01 66 67 0 0 0
3250 -0.142799 -0.00959548 0.01 72 73 0.00013262 0 4.59831e-05
3252 -0.151928 -0.0090121 0.01 76 76 0 0 0
3254 -0.182434 -0.00924452 0.01 72 72 0 0 0
3258 -0.151928 -0.0090121 0.01 76 75 0 0 0
3259 -0.14289 -0.00907137 0.01 68 68 0 0 0
3263 -0.183984 -0.00932876 0.01 77 77 0 0 0
3267 -0.139586 -0.00909759 0.01 68 68 0 0 0
3271 -0.115381 -0.00908431 0.01 68 68 0 0 0
3272 -0.110403 -0.00903476 0.01 67 67 0 0 0
3273 -0.110136 -0.00886608 0.01 67 67 0 0 0
3275 -0.152064 -0.00889357 0.01 77 77 0 0 0
3278 -0.181999 -0.00901212 0.01 67 68 0 0 0
3279 -0.121952 -0.00853721 0.01 72 72 0 0 0
3280 -0.113937 -0.00950158 0.01 67 68 0 0 0
3281 -0.185355 -0.00932876 0.01 78 78 0 0 0
3282 -0.113937 -0.00928127 0.01 66 66 0 0 0
3283 -0.182451 -0.00934522 0.01 76 76 0 0 0
3285 -0.152064 -0.00910099 0.01 76 76 0 0 0
3286 -0.143678 -0.00907137 0.01 67 68 0 0 0
3288 -0.113937 -0.00928127 0.01 67 67 0 0 0
3290 -0.153808 -0.00961221 0.01 77 77 0 0 0
3291 -0.139586 -0.00875058 0.01 72 71 0 0 0
3294 -0.131464 -0.00878523 0.01 67 67 0 0 0
3297 -0.170918 -0.00925202 0.01 76 76 0 0 0
3299 -0.127287 -0.00943047 0.01 67 67 0 0 0
3300 -0.159587 -0.00922594 0.01 76 76 0 0 0
3301 -0.127287 -0.00917671 0.01 68 68 0.000191659 0 0.000190242
3304 -0.151823 -0.00987357 0.01 72 72 0 0 0
3306 -0.114496 -0.00922639 0.01 66 67 0 0 0
3308 -0.155717 -0.00943216 0.01 76 77 0 0 0
3310 -0.115499 -0.00993942 0.01 67 67 0 0 0
3312 -0.121207 -0.00888036 0.01 67 67 0 0 0
3313 -0.163284 -0.00953194 0.01 72 72 0 0 0
3314 -0.127287 -0.00892542 0.01 68 67 0 0 0
3320 -0.113937 -0.00928127 0.01 68 67 0 0 0
3321 -0.183796 -0.00927296 0.01 76 76 0 0 0
3322 -0.114496 -0.00922639 0.01 67 67 0 0 0
3323 -0.182434 -0.00858212 0.01 72 72 0 0 0
3324 -0.15602 -0.00951323 0.01 76 76 -0.000138313 0 -3.39607e-05
3326 -0.127287 -0.00972848 0.01 67 67 -0.000192031 0 -0.000258046
3330 -0.172073 -0.00902687 0.01 76 76 0 0 0
3331 -0.127287 -0.00936069 0.01 67 67 0 0 0
3334 -0.14289 -0.00907137 0.01 68 68 0 0 0
3336 -0.173172 -0.00932876 0.01 76 76 0 0 0
3338 -0.155717 -0.00943216 0.01 77 77 0 0 0
3339 -0.136104 -0.00863098 0.01 68 68 0 0 0
3341 -0.155717 -0.00943216 0.01 77 77 0 0 0
3344 -0.159587 -0.00919577 0.01 76 75 0 0 0
3345 -0.104794 -0.00964266 0.01 66 66 0 0 0
3352 -0.182434 -0.00924452 0.01 72 72 0 0 0
3353 -0.181999 -0.00901212 0.01 67 67 0 0 0
3356 -0.124811 -0.00910611 0.01 72 72 0 0 0
3363 -0.136354 -0.00886608 0.01 68 68 0 0 0
3370 -0.139586 -0.00879194 0.01 72 72 0 0 0
3371 -0.16032 -0.00917899 0.01 77 77 0 0 0
3373 -0.134978 -0.00890049 0.01 76 76 0 0 0
3375 -0.147783 -0.00900847 0.01 72 72 0 0 0
3377 -0.14289 -0.00907137 0.01 67 67 0 0 0
3378 -0.163639 -0.00968198 0.01 77 77 0 0 0
3379 -0.116225 -0.00856417 0.01 67 67 0 0 0
3380 -0.144542 -0.00963052 0.01 72 73 0 0 0
3384 -0.143951 -0.00878523 0.01 67 67 0 0 0
3390 -0.127287 -0.00935748 0.01 67 67 0 0 0
3400 -0.113937 -0.00928127 0.01 67 67 0 0 0
3403 -0.125813 -0.00932863 0.01 68 67 0 0 0
3404 -0.116225 -0.00856417 0.01 68 68 0 0 0
3406 -0.141622 -0.00906408 0.01 72 72 0 0 0
3408 -0.163284 -0.00970933 0.01 76 75 0 0 0
3409 -0.142799 -0.00964146 0.01 72 72 0 0 0
3411 -0.175269 -0.00932876 0.01 76 76 0 0 0
3413 -0.168675 -0.00924988 0.01 76 76 0 0 0
3415 -0.139586 -0.00909759 0.01 68 68 0 0 0
3418 -0.166344 -0.0090121 0.01 77 77 0 0 0
3425 -0.155717 -0.00943216 0.01 77 77 0 0 0
3426 -0.177045 -0.00897931 0.01 72 72 0 0 0
3428 -0.17755 -0.00890595 0.01 67 67 0 0 0
3431 -0.18919 -0.00932876 0.01 76 76 0 0 0
3432 -0.127287 -0.00886608 0.01 67 67 0 0 0
3433 -0.165933 -0.00878135 0.01 76 76 0 0 0
3437 -0.157886 -0.00924247 0.01 77 77 0 0 0
3440 -0.15332 -0.00909791 0.01 76 76 0 0 0
3444 -0.16032 -0.00917899 0.01 78 78 0 0 0
3447 -0.145072 -0.0091766 0.01 72 72 0 0 0
3449 -0.116034 -0.0091169 0.01 67 67 0 0 0
3451 -0.115287 -0.00891246 0.01 68 68 0 0 0
3452 -0.127287 -0.00916126 0.01 68 68 0 0 0
3453 -0.177799 -0.00920626 0.01 72 72 0 0 0
3455 -0.146829 -0.00964441 0.01 72 71 0 0 0
3456 -0.0868345 -0.0092775 0.01 68 68 0 0 0
3458 -0.120622 -0.00861129 0.01 68 68 0 0 0
3460 -0.113937 -0.00950158 0.01 66 66 0 0 0
3462 -0.159587 -0.00920728 0.01 76 75 0 0 0
3463 -0.115287 -0.00891246 0.01 67 67 0 0 0
3464 -0.185355 -0.00932876 0.01 77 77 0 0 0
3465 -0.152064 -0.00910099 0.01 76 76 0 0 0
3466 -0.170898 -0.00917899 0.01 77 77 0 0 0
3473 -0.138258 -0.00891609 0.01 68 68 0 0 0
3474 -0.116225 -0.00856417 0.01 68 69 0 0 0
3475 -0.163284 -0.00970933 0.01 72 72 0 0 0
3480 -0.182035 -0.00890595 0.01 67 67 0 0 0
3481 -0.0868345 -0.0092775 0.01 68 68 0 0 0
3482 -0.153505 -0.0091766 0.01 72 72 0 0 0
3483 -0.140476 -0.0093132 0.01 67 67 0 0 0
3484 -0.151666 -0.00924458 0.01 76 76 0 0 0
3485 -0.14289 -0.0090121 0.01 77 77 0 0 0
3488 -0.153808 -0.00961221 0.01 77 77 0 0 0
3489 -0.163639 -0.00968198 0.01 76 76 0 0 0
3491 -0.110403 -0.00891246 0.01 67 67 0 0 0
3493 -0.124084 -0.00895614 0.01 72 72 0 0 0
3497 -0.182434 -0.00924452 0.01 72 72 0 0 0
3500 -0.151823 -0.00990379 0.01 72 72 0 0 0
3501 -0.127287 -0.00886608 0.01 67 67 0 0 0
3502 -0.139586 -0.00901867 0.01 67 67 0 0 0
3506 -0.116406 -0.00929736 0.01 68 68 0 0 0
3507 -0.178384 -0.00890595 0.01 68 68 0 0 0
3512 -0.152064 -0.00926907 0.01 76 76 0 0 0
3513 -0.157886 -0.00924247 0.01 77 77 0 0 0
3514 -0.127287 -0.00886608 0.01 67 67 0 0 0
3515 -0.14289 -0.00907137 0.01 66 67 0 0 0
3516 -0.175358 -0.00932876 0.01 78 78 0 0 0
3518 -0.138041 -0.00971562 0.01 72 72 0 0 0
3519 -0.110403 -0.00903476 0.01 67 67 0 0 0
3520 -0.141622 -0.00906408 0.01 72 72 0 0 0
3521 -0.173813 -0.00970314 0.01 72 72 0 0 0
3525 -0.163015 -0.00886275 0.01 76 76 0 0 0
3526 -0.127287 -0.00886608 0.01 67 67 0 0 0
3527 -0.110136 -0.00886608 0.01 67 67 0 0 0
3529 -0.160489 -0.00970933 0.01 72 72 0 0 0
3530 -0.139586 -0.00875058 0.01 72 71 0 0 0
3531 -0.127287 -0.00936069 0.01 67 67 0 0 0
3533 -0.139586 -0.00875058 0.01 72 72 0 0 0
3537 -0.170918 -0.00925202 0.01 76 76 0 0 0
3538 -0.175269 -0.00932876 0.01 76 76 0 0 0
3540 -0.1733 -0.00925202 0.01 77 77 0 0 0
3541 -0.14289 -0.00907137 0.01 67 67 0 0 0
3542 -0.104794 -0.00964266 0.01 66 66 0 0 0
3543 -0.178384 -0.00890595 0.01 67 67 0 0 0
3544 -0.142799 -0.0094699 0.01 76 76 0 0 0
3545 -0.136659 -0.00908291 0.01 67 67 0 0 0
3547 -0.182035 -0.00890595 0.01 67 67 0 0 0
3548 -0.183489 -0.00890595 0.01 68 68 0 0 0
3551 -0.166344 -0.0090121 0.01 76 76 0 0 0
3553 -0.155717 -0.00961221 0.01 77 77 0 0 0
3555 -0.124084 -0.0086464 0.01 72 72 0 0 0
3556 -0.115381 -0.00908431 0.01 68 68 0 0 0
3561 -0.183796 -0.00927296 0.01 76 76 0 0 0
3564 -0.127287 -0.00914238 0.01 67 67 0 0 0
3565 -0.114864 -0.00974238 0.01 67 67 0 0 0
3570 -0.1733 -0.00925202 0.01 76 77 0 0 0
3573 -0.146052 -0.00841313 0.01 77 77 0 0 0
3574 -0.159081 -0.00972982 0.01 72 72 0 0 0
3579 -0.124084 -0.0086464 0.01 72 72 0 0 0
3583 -0.153505 -0.0090434 0.01 72 72 0 0 0
3585 -0.143678 -0.00907137 0.01 68 68 0 0 0
3586 -0.113937 -0.00950158 0.01 67 67 0 0 0
3587 -0.172073 -0.00902687 0.01 76 76 0 0 0
3588 -0.151666 -0.00924458 0.01 76 76 0 0 0
3589 -0.15332 -0.00909791 0.01 77 77 0 0 0
3591 -0.139586 -0.0089522 0.01 67 67 0 0 0
3596 -0.14289 -0.00854844 0.01 72 72 0 0 0
3598 -0.181999 -0.00890595 0.01 66 67 0 0 0
3600 -0.152064 -0.00937701 0.01 68 68 0 0 0
3601 -0.139586 -0.0089522 0.01 67 67 0 0 0
3604 -0.127287 -0.00916126 0.01 68 69 0 0 0
3605 -0.114496 -0.00922639 0.01 67 67 0 0 0
3607 -0.161493 -0.00920626 0.01 72 72 0 0 0
3608 -0.122295 -0.00993942 0.01 68 68 0 0 0
3611 -0.142191 -0.00937723 0.01 68 68 0 0 0
3613 -0.142799 -0.0094699 0.01 77 77 0 0 0
3614 -0.14484 -0.00987357 0.01 68 69 0 0 0
3615 -0.15332 -0.00917544 0.01 78 77 0 0 0
3617 -0.136104 -0.00874781 0.01 68 68 0 0 0
3618 -0.178384 -0.00890595 0.01 67 67 0 0 0
3619 -0.153808 -0.00961221 0.01 78 78 0 0 0
3621 -0.14289 -0.0089774 0.01 68 68 0 0 0
3622 -0.16465 -0.00969444 0.01 78 78 0 0 0
3624 -0.126528 -0.00893289 0.01 67 67 0 0 0
3627 -0.14289 -0.0089774 0.01 68 68 0 0 0
3628 -0.181999 -0.00871077 0.01 68 68 0 0 0
3629 -0.181999 -0.00871077 0.01 68 68 0 0 0
3630 -0.166344 -0.0090121 0.01 76 76 0 0 0
3633 -0.152064 -0.00928932 0.01 78 77 0 0 0
3634 -0.0996146 -0.00954777 0.01 68 68 0 0 0
3635 -0.150106 -0.00918471 0.01 77 77 0 0 0
3636 -0.127287 -0.00886608 0.01 67 67 0 0 0
3640 -0.155717 -0.00961221 0.01 77 76 0 0 0
3643 -0.152064 -0.00889357 0.01 77 77 0 0 0
3645 -0.176115 -0.00904054 0.01 72 72 -4.35114e-05 0 -7.64746e-05
3646 -0.160489 -0.00970933 0.01 72 72 0 0 0
3651 -0.114496 -0.00915709 0.01 67 68 0 0 0
3652 -0.183796 -0.00927296 0.01 76 76 0 0 0
3653 -0.178384 -0.00890595 0.01 68 68 0 0 0
3654 -0.0882604 -0.00916587 0.01 68 68 0 0 0
3655 -0.141622 -0.00906408 0.01 72 72 0 0 0
3656 -0.114864 -0.00974238 0.01 67 67 0 0 0
3659 -0.158646 -0.00949977 0.01 76 76 0 0 0
3660 -0.114496 -0.00915709 0.01 67 67 0 0 0
3662 -0.136659 -0.00908291 0.01 68 68 0 0 0
3669 -0.163708 -0.00969444 0.01 76 76 0 0 0
3670 -0.152064 -0.00910099 0.01 77 77 0 0 0
3671 -0.166344 -0.0090121 0.01 76 76 0 0 0
3673 -0.114496 -0.00922639 0.01 67 67 0 0 0
3675 -0.173172 -0.00932876 0.01 76 76 0 0 0
3676 -0.110136 -0.00886608 0.01 67 67 0 0 0
3681 -0.12158 -0.00919356 0.01 67 67 0 0 0
3682 -0.18919 -0.00932876 0.01 78 78 0 0 0
3685 -0.151666 -0.00924458 0.01 76 76 0 0 0
3687 -0.0983561 -0.00908431 0.01 68 68 0 0 0
3690 -0.144538 -0.0083878 0.01 72 73 0 0 0
3692 -0.121952 -0.00853721 0.01 72 72 0 0 0
3693 -0.163343 -0.00886275 0.01 76 76 0 0 0
3699 -0.182434 -0.00924452 0.01 72 72 0 0 0
3702 -0.163708 -0.00969444 0.01 76 76 0 0 0
3703 -0.134482 -0.00910611 0.01 76 75 0 0 0
3705 -0.139586 -0.0089522 0.01 68 68 0 0 0
3706 -0.136213 -0.0086079 0.01 76 76 0 0 0
3709 -0.140354 -0.00906408 0.01 72 72 0 0 0
3710 -0.151666 -0.00924458 0.01 76 76 0 0 0
3711 -0.17755 -0.00890595 0.01 67 67 0 0 0
3712 -0.121952 -0.00853721 0.01 72 72 0 0 0
3716 -0.139586 -0.00879194 0.01 72 72 0 0 0
3717 -0.163639 -0.00979537 0.01 76 76 0 0 0
3721 -0.155717 -0.00961221 0.01 77 77 0 0 0
3722 -0.121207 -0.00888036 0.01 66 66 0 0 0
3724 -0.182434 -0.00932876 0.01 72 72 0 0 0
3725 -0.16465 -0.00969444 0.01 78 78 0 0 0
3727 -0.136354 -0.00886608 0.01 68 68 0 0 0
3730 -0.121207 -0.00888036 0.01 67 67 0 0 0
3731 -0.127287 -0.00943047 0.01 67 67 0 0 0
3735 -0.121207 -0.00888036 0.01 67 67 0 0 0
3736 -0.131464 -0.00878523 0.01 67 67 0 0 0
3739 -0.171003 -0.00942146 0.01 72 72 0 0 0
3742 -0.104794 -0.00964266 0.01 68 68 0 0 0
3745 -0.124087 -0.00935748 0.01 68 68 0 0 0
3746 -0.153505 -0.0091766 0.01 72 72 0 0 0
3750 -0.137949 -0.00927408 0.01 68 68 0.00252829 -0.0118076 0
3753 -0.116406 -0.00929736 0.01 68 69 0 0 0
3757 -0.127287 -0.00914238 0.01 68 68 0 0 0
3759 -0.128084 -0.00993942 0.01 67 67 0 0 0
3762 -0.16374 -0.00906476 0.01 72 72 0 0 0
3763 -0.127287 -0.00892542 0.01 66 66 0 0 0
3764 -0.1733 -0.00925202 0.01 77 77 0 0 0
3766 -0.193541 -0.00911261 0.01 72 71 0 0 0
3769 -0.121952 -0.00853721 0.01 72 72 0 0 0
3772 -0.135032 -0.0083878 0.01 72 72 0 0 0
3775 -0.168675 -0.00924988 0.01 77 77 0 0 0
3777 -0.18919 -0.00932876 0.01 76 77 0 0 0
3780 -0.127287 -0.00892542 0.01 67 67 0 0 0
3781 -0.175358 -0.00932876 0.01 78 78 0 0 0
3782 -0.170898 -0.00896272 0.01 77 77 0.000608027 0 0.000216265
3783 -0.170898 -0.00917899 0.01 76 76 0 0 0
3784 -0.152064 -0.00889357 0.01 77 77 0 0 0
3786 -0.185355 -0.00932876 0.01 78 77 0 0 0
3787 -0.172073 -0.00902687 0.01 77 76 0 0 0
3790 -0.150106 -0.00918471 0.01 77 77 0 0 0
3793 -0.124084 -0.00895614 0.01 72 72 0 0 0
3794 -0.175151 -0.00942146 0.01 72 72 0 0 0
3796 -0.185355 -0.00932876 0.01 77 77 0 0 0
3797 -0.150106 -0.00918471 0.01 77 77 0 0 0
3798 -0.15332 -0.00917544 0.01 77 77 0 0 0
3805 -0.121207 -0.00888036 0.01 66 66 0 0 0
3806 -0.175269 -0.00932876 0.01 76 76 0 0 0
3807 -0.173134 -0.00961221 0.01 76 76 0 0 0
3808 -0.155717 -0.00938259 0.01 77 76 0.000945151 0 0.000229615
3811 -0.124084 -0.0086464 0.01 72 72 0 0 0
3812 -0.127287 -0.00892542 0.01 67 67 0 0 0
3813 -0.137844 -0.00911261 0.01 76 75 0 0 0
3814 -0.147783 -0.00900847 0.01 72 71 0 0 0
3816 -0.182451 -0.00902094 0.01 76 76 0 0 0
3818 -0.0983561 -0.00908431 0.01 68 68 0 0 0
3819 -0.182434 -0.00918203 0.01 76 76 0 0 0
3821 -0.139586 -0.0089522 0.01 68 68 0 0 0
3822 -0.14289 -0.0090121 0.01 77 77 0 0 0
3823 -0.136104 -0.00874781 0.01 67 68 0 0 0
3826 -0.152064 -0.00944343 0.01 76 76 0 0 0
3827 -0.135032 -0.0083878 0.01 72 72 0 0 0
3828 -0.114864 -0.00974238 0.01 67 67 0 0 0
3831 -0.15332 -0.00909791 0.01 77 77 0 0 0
3832 -0.152373 -0.00904528 0.01 68 68 0 0 0
3833 -0.175269 -0.00932876 0.01 77 77 0 0 0
3834 -0.172073 -0.00902687 0.01 76 76 0 0 0
3836 -0.139586 -0.00893922 0.01 68 68 0 0 0
3840 -0.163343 -0.00886275 0.01 77 77 0 0 0
3842 -0.175269 -0.00932876 0.01 77 77 0 0 0
3845 -0.151823 -0.00987357 0.01 72 71 0 0 0
3848 -0.127287 -0.00935748 0.01 67 67 0 0 0
3849 -0.138157 -0.0083878 0.01 72 72 0 0 0
3850 -0.161945 -0.00916028 0.01 76 76 0 0 0
3853 -0.15332 -0.00909791 0.01 76 76 0 0 0
3854 -0.104173 -0.0092775 0.01 68 68 0 0 0
3859 -0.131915 -0.00888036 0.01 68 68 0 0 0
3860 -0.114263 -0.00908431 0.01 68 68 0 0 0
3864 -0.127287 -0.00886608 0.01 67 67 0 0 0
3868 -0.127287 -0.00943047 0.01 68 68 0 0 0
3869 -0.153808 -0.00961221 0.01 78 78 0 0 0
3870 -0.138258 -0.00891609 0.01 68 68 0 0 0
3871 -0.167726 -0.00920577 0.01 72 72 0 0 0
3872 -0.185355 -0.00932876 0.01 76 76 0 0 0
3875 -0.155717 -0.00943216 0.01 77 77 0 0 0
3876 -0.114263 -0.00908431 0.01 68 68 0 0 0
3879 -0.181999 -0.00871077 0.01 68 68 0 0 0
3883 -0.13727 -0.00885044 0.01 76 76 0 0 0
3884 -0.163284 -0.00970933 0.01 72 71 0 0 0
3892 -0.0882604 -0.00944987 0.01 68 68 0 0 0
3894 -0.116225 -0.00856417 0.01 67 67 0 0 0
3895 -0.143678 -0.00907137 0.01 68 68 0 0 0
3896 -0.172073 -0.00902687 0.01 76 76 0 0 0
3899 -0.170898 -0.00888094 0.01 77 77 0 0 0
3900 -0.185355 -0.00932876 0.01 77 77 0 0 0
3902 -0.117542 -0.00919356 0.01 67 67 -0.00107504 0.00403761 0
3905 -0.139586 -0.00932155 0.01 67 67 -0.000136584 0 -0.000302888
3907 -0.166344 -0.0090121 0.01 76 76 0 0 0
3908 -0.144538 -0.0083878 0.01 72 72 0 0 0
3910 -0.166133 -0.00929016 0.01 72 72 0 0 0
3912 -0.138157 -0.00839652 0.01 72 72 0 0 0
3915 -0.146832 -0.00878523 0.01 67 67 0.00193968 -0.0153674 0
3918 -0.175269 -0.00932876 0.01 77 77 0 0 0
3919 -0.126528 -0.00893289 0.01 67 67 0 0 0
3921 -0.144671 -0.00886608 0.01 67 67 0 0 0
3922 -0.114496 -0.00915709 0.01 67 67 0 0 0
3927 -0.157886 -0.00924247 0.01 76 76 0 0 0
3930 -0.179152 -0.00934532 0.01 76 75 0 0 0
3931 -0.157886 -0.00924247 0.01 76 76 0 0 0
3932 -0.155717 -0.00961221 0.01 77 76 0 0 0
3934 -0.165933 -0.00878135 0.01 76 76 0 0 0
3936 -0.115381 -0.00908431 0.01 66 66 0 0 0
3939 -0.172073 -0.00907875 0.01 72 72 0 0 0
3942 -0.170898 -0.00888094 0.01 77 77 0 0 0
3943 -0.144343 -0.00902219 0.01 72 72 0 0 0
3945 -0.177799 -0.00920626 0.01 72 72 0 0 0
3946 -0.15332 -0.00909791 0.01 76 76 0 0 0
3948 -0.161945 -0.00916028 0.01 76 76 0 0 0
3956 -0.121207 -0.00888036 0.01 66 66 0 0 0
3958 -0.14706 -0.00933687 0.01 76 76 0 0 0
3959 -0.124087 -0.00935748 0.01 68 68 0 0 0
3961 -0.163639 -0.00968198 0.01 76 76 0 0 0
3962 -0.16032 -0.00917899 0.01 78 78 0 0 0
3964 -0.145364 -0.0089522 0.01 68 68 0 0 0
3965 -0.14289 -0.0089774 0.01 68 69 0 0 0
3967 -0.15332 -0.00910492 0.01 77 77 0 0 0
3970 -0.136659 -0.00874463 0.01 68 68 0 0 0
3972 -0.136659 -0.00874463 0.01 68 68 0 0 0
3973 -0.143951 -0.00878523 0.01 67 67 0 0 0
3974 -0.166344 -0.0090121 0.01 77 77 0 0 0
3978 -0.185355 -0.00932876 0.01 76 77 0 0 0
3979 -0.142191 -0.00937723 0.01 68 68 0 0 0
3983 -0.182434 -0.00942974 0.01 77 77 0 0 0
3984 -0.175269 -0.00932876 0.01 77 77 0 0 0
3986 -0.178384 -0.00890595 0.01 67 67 0 0 0
3989 -0.175269 -0.00932876 0.01 76 76 0 0 0
3991 -0.151928 -0.0090121 0.01 76 76 0 0 0
3992 -0.163284 -0.00946012 0.01 72 72 0 0 0
3993 -0.177799 -0.00920626 0.01 72 72 0 0 0
3994 -0.158646 -0.00949977 0.01 76 76 0 0 0
3996 -0.113937 -0.00928127 0.01 68 68 0 0 0
3999 -0.157886 -0.00924247 0.01 76 76 0 0 0
4001 -0.152064 -0.00910099 0.01 76 76 0 0 0
4004 -0.15332 -0.00917544 0.01 77 77 0 0 0
4007 -0.139586 -0.00875058 0.01 72 71 0 0 0
4008 -0.139586 -0.0089522 0.01 68 68 0 0 0
4009 -0.175269 -0.00932876 0.01 77 77 0 0 0
4010 -0.182434 -0.00924452 0.01 72 72 0 0 0
4011 -0.127287 -0.00947043 0.01 68 68 0 0 0
4012 -0.121952 -0.00853721 0.01 72 72 0 0 0
4014 -0.151823 -0.00987357 0.01 72 72 0 0 0
4017 -0.168675 -0.00924988 0.01 77 77 0 0 0
4019 -0.155717 -0.00961221 0.01 77 77 0 0 0
4023 -0.113937 -0.00942076 0.01 67 67 9.46373e-05 0 8.08211e-05
4024 -0.158777 -0.0090121 0.01 76 75 0 0 0
4031 -0.168675 -0.00897098 0.01 77 77 0.00085783 0 0.0002789
4032 -0.145072 -0.0091766 0.01 72 72 0 0 0
4033 -0.153808 -0.00961221 0.01 77 77 0 0 0
4036 -0.15332 -0.00917544 0.01 78 78 0 0 0
4037 -0.164161 -0.00902219 0.01 67 69 0.00228207 -0.0198172 0
4039 -0.172073 -0.00902687 0.01 76 76 0 0 0
4040 -0.15248 -0.00869854 0.01 72 72 0 0 0
4041 -0.18919 -0.00932876 0.01 77 77 0 0 0
4045 -0.163343 -0.00886275 0.01 77 77 0 0 0
4047 -0.111963 -0.00908431 0.01 72 72 0 0 0
4049 -0.14706 -0.00933687 0.01 77 77 0 0 0
4052 -0.127287 -0.00943047 0.01 67 67 0 0 0
4053 -0.122295 -0.00993942 0.01 68 68 0 0 0
4054 -0.110403 -0.00891246 0.01 66 67 0 0 0
4055 -0.124087 -0.00935748 0.01 68 68 0 0 0
4056 -0.139586 -0.00875058 0.01 72 72 0 0 0
4057 -0.114496 -0.00938508 0.01 68 68 0 0 0
4059 -0.166221 -0.00924458 0.01 76 76 0 0 0
4062 -0.18919 -0.00932876 0.01 78 78 0 0 0
4065 -0.175151 -0.00942146 0.01 72 72 0 0 0
4066 -0.151823 -0.00987357 0.01 72 72 0 0 0
4067 -0.139586 -0.00875058 0.01 72 72 0 0 0
4068 -0.175269 -0.00932876 0.01 77 77 0 0 0
4070 -0.127287 -0.00892542 0.01 66 66 0 0 0
4072 -0.152064 -0.00889768 0.01 77 77 0 0 0
4075 -0.14289 -0.0090121 0.01 76 76 0 0 0
4078 -0.127287 -0.00886608 0.01 67 67 0 0 0
4079 -0.127287 -0.00886608 0.01 67 67 0 0 0
4081 -0.137965 -0.00900847 0.01 72 71 0 0 0
4082 -0.172073 -0.00932364 0.01 72 72 0 0 0
4083 -0.126265 -0.0091169 0.01 66 66 0 0 0
4084 -0.175269 -0.00932876 0.01 76 76 0 0 0
4085 -0.13152 -0.00878523 0.01 67 67 0 0 0
4086 -0.12158 -0.00919356 0.01 68 69 0 0 0
4089 -0.12678 -0.00874781 0.01 67 67 -0.00153945 0.00932477 0
4093 -0.13107 -0.00893289 0.01 68 68 0 0 0
4098 -0.127287 -0.00909894 0.01 68 68 0 0 0
4102 -0.127287 -0.00947043 0.01 66 67 0 0 0
4103 -0.177045 -0.00897931 0.01 72 72 0 0 0
4114 -0.155717 -0.00943216 0.01 77 77 0 0 0
4117 -0.169599 -0.00972477 0.01 76 76 0 0 0
4121 -0.116034 -0.0091169 0.01 67 67 0 0 0
4122 -0.152064 -0.00910099 0.01 76 76 0 0 0
4123 -0.155717 -0.00961221 0.01 77 76 0 0 0
4124 -0.163639 -0.00968198 0.01 78 76 0 0 0
4126 -0.15332 -0.00909791 0.01 77 77 0 0 0
4127 -0.152064 -0.00914333 0.01 76 76 0 0 0
4129 -0.14289 -0.00907137 0.01 67 68 0 0 0
4131 -0.153085 -0.00870988 0.01 77 77 0 0 0
4135 -0.142191 -0.00937723 0.01 68 68 0 0 0
4136 -0.168675 -0.00924988 0.01 77 77 0 0 0
4137 -0.151823 -0.00987357 0.01 72 72 0 0 0
4139 -0.145072 -0.00926204 0.01 72 72 0 0 0
4140 -0.176115 -0.00911261 0.01 72 72 0 0 0
4142 -0.138041 -0.00978729 0.01 72 72 0 0 0
4143 -0.15332 -0.00917544 0.01 77 77 0 0 0
4144 -0.185355 -0.00932876 0.01 77 77 0 0 0
4145 -0.18919 -0.00932876 0.01 78 78 0 0 0
4148 -0.136104 -0.00863098 0.01 68 68 0 0 0
4155 -0.163639 -0.00968198 0.01 77 77 0 0 0
4156 -0.116225 -0.00856417 0.01 68 68 0 0 0
4160 -0.136213 -0.0086079 0.01 76 76 0 0 0
4161 -0.136104 -0.00874781 0.01 67 67 0 0 0
4166 -0.136104 -0.00863098 0.01 67 67 0 0 0
4168 -0.183796 -0.00927296 0.01 76 76 0 0 0
4169 -0.116225 -0.00856417 0.01 68 68 0 0 0
4171 -0.181999 -0.00871077 0.01 68 68 0 0 0
4173 -0.14289 -0.00907137 0.01 67 68 0 0 0
4174 -0.137099 -0.00923162 0.01 68 68 0 0 0
4175 -0.163284 -0.00970933 0.01 72 72 0 0 0
4176 -0.178384 -0.00890595 0.01 67 67 0 0 0
4177 -0.147783 -0.00881748 0.01 76 76 -0.00120765 0 -0.000280098
4178 -0.139586 -0.0089522 0.01 67 67 0 0 0
4180 -0.139586 -0.00909759 0.01 68 68 0 0 0
4181 -0.157886 -0.00924247 0.01 76 77 0 0 0
4182 -0.163639 -0.00968198 0.01 76 76 0 0 0
4185 -0.18919 -0.00932876 0.01 78 78 0 0 0
4186 -0.176115 -0.00911261 0.01 72 72 0 0 0
4188 -0.157886 -0.00924247 0.01 78 78 0 0 0
4189 -0.163015 -0.00886275 0.01 78 78 0 0 0
4191 -0.127287 -0.00936069 0.01 67 67 0 0 0
4192 -0.125414 -0.00903476 0.01 68 69 0 0 0
4193 -0.114263 -0.00908431 0.01 68 68 0 0 0
4194 -0.14289 -0.0090121 0.01 77 76 0 0 0
4197 -0.127287 -0.00943047 0.01 67 67 0 0 0
4200 -0.152064 -0.00910099 0.01 76 76 0 0 0
4201 -0.114496 -0.00915709 0.01 68 68 0 0 0
4203 -0.122295 -0.00993942 0.01 68 68 0 0 0
4204 -0.142191 -0.00937723 0.01 67 67 0 0 0
4205 -0.182451 -0.009032 0.01 77 77 0 0 0
4207 -0.177045 -0.00897931 0.01 72 72 0 0 0
4209 -0.181999 -0.00924497 0.01 68 68 -3.05772e-05 0 -0.000232849
4211 -0.15196 -0.00846271 0.01 76 76 0 0 0
4214 -0.178679 -0.00889978 0.01 72 72 0 0 0
4215 -0.124087 -0.00935748 0.01 68 68 0 0 0
4216 -0.167867 -0.00953018 0.01 77 77 0 0 0
4218 -0.127287 -0.00943047 0.01 67 67 0 0 0
4220 -0.175151 -0.00942146 0.01 72 72 0 0 0
4221 -0.176115 -0.00896406 0.01 72 72 0 0 0
4222 -0.110403 -0.00891246 0.01 67 67 0 0 0
4224 -0.127287 -0.00914238 0.01 67 68 0 0 0
4225 -0.175269 -0.00932876 0.01 77 77 0 0 0
4226 -0.125403 -0.00914238 0.01 68 68 -0.000481814 0.00188406 0
4227 -0.136354 -0.00858072 0.01 68 68 0 0 0
4230 -0.114496 -0.00896159 0.01 68 69 0 0 0
4231 -0.178384 -0.00890595 0.01 68 68 0 0 0
4232 -0.127287 -0.0094874 0.01 68 68 0 0 0
4235 -0.127287 -0.00936696 0.01 68 68 0 0 0
4238 -0.166344 -0.0090121 0.01 76 76 0 0 0
4244 -0.168675 -0.00930419 0.01 77 77 0 0 0
4245 -0.153505 -0.0091766 0.01 68 69 0 0 0
4248 -0.137965 -0.00900847 0.01 72 71 0 0 0
4250 -0.163284 -0.0097932 0.01 78 78 0 0 0
4251 -0.16032 -0.00917899 0.01 77 77 0 0 0
4255 -0.163284 -0.00991402 0.01 78 78 0 0 0
4257 -0.157886 -0.00924247 0.01 77 77 0 0 0
4258 -0.15332 -0.00909791 0.01 76 77 0 0 0
4259 -0.146052 -0.00846271 0.01 76 76 0 0 0
4260 -0.16374 -0.00906476 0.01 67 70 0 0 0
4261 -0.153808 -0.00961221 0.01 78 78 0 0 0
4263 -0.175269 -0.00932876 0.01 77 77 0 0 0
4265 -0.168675 -0.00924988 0.01 77 76 0 0 0
4266 -0.139586 -0.00920795 0.01 68 68 0 0 0
4267 -0.139586 -0.0089522 0.01 67 67 0 0 0
4268 -0.127287 -0.00943047 0.01 68 68 0 0 0
4271 -0.170898 -0.00917899 0.01 76 76 0 0 0
4272 -0.121952 -0.00853721 0.01 72 72 0 0 0
4274 -0.0983561 -0.00908431 0.01 68 68 0 0 0
4275 -0.13727 -0.00885044 0.01 76 75 0 0 0
4276 -0.145072 -0.0091766 0.01 72 72 0 0 0
4278 -0.136354 -0.00886608 0.01 68 68 0 0 0
4289 -0.141622 -0.00906408 0.01 72 72 0 0 0
4291 -0.163015 -0.00886275 0.01 78 76 0 0 0
4292 -0.163343 -0.00886275 0.01 77 77 0 0 0
4294 -0.178384 -0.00890595 0.01 68 68 0 0 0
4296 -0.157886 -0.00924247 0.01 77 77 0 0 0
4299 -0.138258 -0.00891609 0.01 68 68 0 0 0
4303 -0.163639 -0.00968198 0.01 76 77 0 0 0
4304 -0.127287 -0.00929151 0.01 67 67 0 0 0
4306 -0.127287 -0.00943047 0.01 68 68 0 0 0
4309 -0.153808 -0.00961221 0.01 78 78 0 0 0
4312 -0.127287 -0.00914238 0.01 67 68 0 0 0
4313 -0.178384 -0.00890595 0.01 68 69 0 0 0
4314 -0.167867 -0.00953018 0.01 77 77 0 0 0
4316 -0.142799 -0.00964146 0.01 72 72 0 0 0
4321 -0.152504 -0.00930762 0.01 68 68 0 0 0
4324 -0.175151 -0.00942146 0.01 67 67 0 0 0
4329 -0.14289 -0.0089774 0.01 67 67 0 0 0
4332 -0.117671 -0.00956646 0.01 68 68 0 0 0
4336 -0.163284 -0.00970933 0.01 72 72 0 0 0
4337 -0.15332 -0.00954162 0.01 76 76 0 0 0
4338 -0.175151 -0.00942146 0.01 72 71 0 0 0
4342 -0.139586 -0.00879194 0.01 72 72 0 0 0
4343 -0.115381 -0.00908431 0.01 68 68 0 0 0
4346 -0.114864 -0.00974238 0.01 67 67 0 0 0
4349 -0.150106 -0.00918471 0.01 78 77 0 0 0
4352 -0.182035 -0.00890595 0.01 67 67 0 0 0
4355 -0.127287 -0.00916126 0.01 68 68 0 0 0
4357 -0.116225 -0.00856417 0.01 68 68 0 0 0
4358 -0.139586 -0.0089522 0.01 67 67 0 0 0
4361 -0.118856 -0.00908291 0.01 68 68 0 0 0
4363 -0.114263 -0.00908431 0.01 68 68 0 0 0
4372 -0.116406 -0.00929736 0.01 68 68 0 0 0
4373 -0.179304 -0.00890595 0.01 67 67 0 0 0
4375 -0.163284 -0.00953194 0.01 72 72 0 0 0
4376 -0.114496 -0.00915709 0.01 67 67 0 0 0
4378 -0.127287 -0.00951753 0.01 68 68 0 0 0
4379 -0.166344 -0.0090121 0.01 76 76 0 0 0
4380 -0.15196 -0.00846271 0.01 76 76 0 0 0
4386 -0.140476 -0.00963052 0.01 72 73 0 0 0
4389 -0.127287 -0.00943047 0.01 67 67 0 0 0
4390 -0.182434 -0.00923363 0.01 76 76 0 0 0
4391 -0.178679 -0.00889978 0.01 72 72 0 0 0
4393 -0.155717 -0.00938259 0.01 77 77 0 0 0
4397 -0.152064 -0.00911761 0.01 77 77 0 0 0
4399 -0.140476 -0.0093132 0.01 67 67 0 0 0
4400 -0.182097 -0.00885017 0.01 72 72 0 0 0
4402 -0.148357 -0.0090121 0.01 76 76 0 0 0
4405 -0.152064 -0.00889768 0.01 77 77 0 0 0
4406 -0.152064 -0.00925218 0.01 72 72 0 0 0
4408 -0.177115 -0.00887827 0.01 76 76 -2.53022e-05 0 -1.55205e-05
4409 -0.142191 -0.00937723 0.01 68 68 0 0 0
4410 -0.114496 -0.00928052 0.01 67 67 0 0 0
4411 -0.12158 -0.00919356 0.01 66 66 0 0 0
4415 -0.122295 -0.00993942 0.01 68 68 0 0 0
4416 -0.161493 -0.00920626 0.01 72 72 0 0 0
4417 -0.124084 -0.0086464 0.01 72 72 0 0 0
4418 -0.163284 -0.00991402 0.01 78 77 0 0 0
4421 -0.168675 -0.00924988 0.01 77 77 0 0 0
4422 -0.127287 -0.00943047 0.01 68 68 0 0 0
4426 -0.167867 -0.00953018 0.01 77 77 0 0 0
4427 -0.138258 -0.00891609 0.01 68 68 0 0 0
4428 -0.115381 -0.00908431 0.01 67 68 0 0 0
4431 -0.114496 -0.00922639 0.01 67 67 0 0 0
4432 -0.115381 -0.00908431 0.01 68 68 0 0 0
4433 -0.121207 -0.00888036 0.01 67 67 0 0 0
4434 -0.163639 -0.00968198 0.01 77 77 0 0 0
4438 -0.121952 -0.00853721 0.01 72 72 0 0 0
4439 -0.153539 -0.00830887 0.01 78 77 0 0 0
4442 -0.159175 -0.00971748 0.01 72 72 0 0 0
4444 -0.141622 -0.00906408 0.01 72 71 0 0 0
4455 -0.116406 -0.00929736 0.01 68 68 0 0 0
4460 -0.127287 -0.00935748 0.01 67 67 0 0 0
4462 -0.155717 -0.00961221 0.01 76 76 0 0 0
4463 -0.114496 -0.00915709 0.01 67 67 0 0 0
4464 -0.161493 -0.00949525 0.01 72 72 0 0 0
4465 -0.183984 -0.00932876 0.01 76 76 0 0 0
4468 -0.127287 -0.00914238 0.01 68 68 0 0 0
4469 -0.153808 -0.00961221 0.01 77 77 0 0 0
4470 -0.182451 -0.00902094 0.01 76 76 0 0 0
4472 -0.155717 -0.00961221 0.01 76 76 0 0 0
4473 -0.116225 -0.00856417 0.01 68 68 0 0 0
4477 -0.175269 -0.00932876 0.01 76 76 0 0 0
4480 -0.146013 -0.00853738 0.01 76 75 0 0 0
4481 -0.140476 -0.0093132 0.01 67 67 0 0 0
4484 -0.113937 -0.00950158 0.01 68 68 0 0 0
4487 -0.139586 -0.00909759 0.01 68 68 0 0 0
4488 -0.163284 -0.00954785 0.01 72 72 0 0 0
4489 -0.184632 -0.00932364 0.01 72 72 0 0 0
4490 -0.121207 -0.00912352 0.01 72 72 0 0 0
4491 -0.126528 -0.00893289 0.01 66 67 0 0 0
4492 -0.142799 -0.0094699 0.01 77 77 0 0 0
4494 -0.153808 -0.00961221 0.01 77 77 0 0 0
4496 -0.177115 -0.00886275 0.01 76 76 0 0 0
4498 -0.1733 -0.00925202 0.01 77 77 0 0 0
4503 -0.153808 -0.00961221 0.01 77 77 0 0 0
4504 -0.147783 -0.00853738 0.01 77 76 0 0 0
4505 -0.163708 -0.00969444 0.01 76 76 0 0 0
4508 -0.114263 -0.00908431 0.01 68 68 0 0 0
4511 -0.121207 -0.00888036 0.01 67 67 0 0 0
4513 -0.136659 -0.00874463 0.01 68 68 0 0 0
4514 -0.115381 -0.0094048 0.01 68 68 -0.00052397 0 -0.000345258
4515 -0.153808 -0.00961221 0.01 78 78 0 0 0
4518 -0.142799 -0.0094699 0.01 77 77 0 0 0
4522 -0.127287 -0.00914238 0.01 68 68 0 0 0
4523 -0.185355 -0.00932876 0.01 77 77 0 0 0
4525 -0.183796 -0.00927296 0.01 76 76 0 0 0
4529 -0.175151 -0.00942146 0.01 67 67 0 0 0
4530 -0.191478 -0.00890595 0.01 68 68 0 0 0
4531 -0.173172 -0.00932876 0.01 76 76 0 0 0
4536 -0.170898 -0.00917899 0.01 76 76 0 0 0
4537 -0.144671 -0.00886608 0.01 67 67 0 0 0
4538 -0.178384 -0.00890595 0.01 67 67 0 0 0
4539 -0.163284 -0.00970933 0.01 72 72 0 0 0
4540 -0.136354 -0.00886608 0.01 68 68 0 0 0
4541 -0.144048 -0.00895614 0.01 72 72 0 0 0
4543 -0.13727 -0.00885044 0.01 76 76 0 0 0
4545 -0.179942 -0.00902094 0.01 76 76 0 0 0
4546 -0.139586 -0.00875058 0.01 72 72 0 0 0
4548 -0.139586 -0.00867985 0.01 72 72 0 0 0
4550 -0.169965 -0.00924988 0.01 77 77 0 0 0
4551 -0.14289 -0.0089774 0.01 67 67 0 0 0
4552 -0.167717 -0.00929016 0.01 72 72 0.000662297 -0.0044338 0
4553 -0.181999 -0.00871077 0.01 68 68 0 0 0
4554 -0.163639 -0.00968198 0.01 76 76 0 0 0
4555 -0.127287 -0.00916126 0.01 68 69 0 0 0
4556 -0.163639 -0.00968198 0.01 76 76 0 0 0
4557 -0.143678 -0.00907137 0.01 68 68 0 0 0
4560 -0.167867 -0.00953018 0.01 77 77 0 0 0
4562 -0.166344 -0.0090121 0.01 76 76 0 0 0
4563 -0.114496 -0.00922639 0.01 68 68 0 0 0
4565 -0.178384 -0.00890595 0.01 67 67 0 0 0
4566 -0.159081 -0.00972982 0.01 72 72 0 0 0
4569 -0.141913 -0.00921854 0.01 72 72 0 0 0
4570 -0.15332 -0.00909791 0.01 77 77 0 0 0
4571 -0.136659 -0.00908291 0.01 68 68 0 0 0
4572 -0.113937 -0.00928127 0.01 67 67 0 0 0
4574 -0.151823 -0.00987357 0.01 72 72 0 0 0
4575 -0.113212 -0.00925902 0.01 67 67 0.00602758 -0.0140567 0
4576 -0.124084 -0.00895614 0.01 72 72 0 0 0
4577 -0.156768 -0.0090565 0.01 72 72 0 0 0
4582 -0.128084 -0.00993942 0.01 67 67 0 0 0
4584 -0.16465 -0.00971264 0.01 76 76 0 0 0
4587 -0.14706 -0.00933687 0.01 77 77 0 0 0
4589 -0.147783 -0.00887545 0.01 68 68 0 0 0
4590 -0.142799 -0.00964146 0.01 72 72 0 0 0
4591 -0.13727 -0.00885044 0.01 77 77 0 0 0
4592 -0.127287 -0.00936696 0.01 67 67 0 0 0
4593 -0.113937 -0.00928127 0.01 66 67 0 0 0
4594 -0.141622 -0.00906408 0.01 72 72 0 0 0
4596 -0.182434 -0.00932876 0.01 72 72 0 0 0
4598 -0.183796 -0.00911022 0.01 76 76 0 0 0
4601 -0.142191 -0.00937723 0.01 67 67 0 0 0
4604 -0.127287 -0.00916126 0.01 67 67 0 0 0
4605 -0.126142 -0.00927408 0.01 68 69 0 0 0
4607 -0.182434 -0.00942974 0.01 77 77 0 0 0
4608 -0.139586 -0.00879194 0.01 72 72 0 0 0
4609 -0.139586 -0.00893922 0.01 68 68 0 0 0
4611 -0.110403 -0.00903476 0.01 67 68 0 0 0
4612 -0.185355 -0.00932876 0.01 76 76 0 0 0
4616 -0.153085 -0.00870988 0.01 77 76 0 0 0
4617 -0.182035 -0.00890595 0.01 68 68 0 0 0
4618 -0.143358 -0.00943047 0.01 67 67 0 0 0
4619 -0.163284 -0.00970933 0.01 72 72 0 0 0
4621 -0.128971 -0.00879267 0.01 67 68 0 0 0
4623 -0.153808 -0.00961221 0.01 76 76 0 0 0
4624 -0.110136 -0.00886608 0.01 67 67 0 0 0
4626 -0.163708 -0.00969444 0.01 76 76 0 0 0
4627 -0.147783 -0.00900847 0.01 72 73 0 0 0
4628 -0.151754 -0.00942146 0.01 72 72 0 0 0
4631 -0.127287 -0.00935748 0.01 67 67 0 0 0
4637 -0.182035 -0.00890595 0.01 67 67 0 0 0
4641 -0.175269 -0.00932876 0.01 77 77 0 0 0
4642 -0.136959 -0.00841313 0.01 77 77 0 0 0
4646 -0.152064 -0.00911761 0.01 77 77 0 0 0
4647 -0.175269 -0.00932876 0.01 77 77 0 0 0
4648 -0.133172 -0.00886608 0.01 67 67 0.00102778 -0.00588492 0
4651 -0.150106 -0.00918471 0.01 77 77 0 0 0
4654 -0.14289 -0.00907137 0.01 68 68 0 0 0
4655 -0.125813 -0.00932863 0.01 67 67 0 0 0
4656 -0.116225 -0.00856417 0.01 68 68 0 0 0
4657 -0.127287 -0.0094874 0.01 67 67 0 0 0
4658 -0.127287 -0.00936069 0.01 67 67 0 0 0
4662 -0.148039 -0.00950875 0.01 68 68 0 0 0
4664 -0.139102 -0.00876181 0.01 72 72 0 0 0
4665 -0.16374 -0.00906476 0.01 72 72 0 0 0
4666 -0.140476 -0.00951604 0.01 72 71 0 0 0
4671 -0.166123 -0.0094699 0.01 77 77 0 0 0
4672 -0.172603 -0.0097286 0.01 78 77 0 0 0
4673 -0.157886 -0.00909791 0.01 76 75 0 0 0
4675 -0.182451 -0.00902094 0.01 77 77 0 0 0
4677 -0.163639 -0.00968198 0.01 76 76 0 0 0
4680 -0.127287 -0.00947043 0.01 68 67 0 0 0
4681 -0.182434 -0.00932876 0.01 72 72 0 0 0
4683 -0.161376 -0.009693 0.01 68 70 0 0 0
4684 -0.123759 -0.0088178 0.01 68 67 -1.91927e-05 0 -2.51262e-05
4686 -0.142799 -0.00964146 0.01 72 72 0 0 0
4687 -0.172858 -0.00890595 0.01 67 67 -0.000279024 0.00914085 0
4691 -0.116225 -0.00856417 0.01 68 68 0 0 0
4695 -0.143678 -0.00907137 0.01 68 68 0 0 0
4696 -0.147783 -0.00900847 0.01 72 72 0 0 0
4697 -0.161077 -0.00919989 0.01 68 69 0 0 0
4701 -0.153808 -0.00961221 0.01 77 77 0 0 0
4702 -0.142799 -0.0094699 0.01 77 77 0 0 0
4703 -0.176115 -0.00894416 0.01 72 72 0 0 0
4707 -0.159587 -0.0091002 0.01 72 72 0 0 0
4708 -0.139586 -0.0089522 0.01 66 66 0 0 0
4711 -0.159827 -0.00941064 0.01 77 77 0 0 0
4717 -0.127287 -0.00886608 0.01 67 67 0 0 0
4718 -0.166123 -0.0094699 0.01 77 77 0 0 0
4720 -0.1733 -0.00925202 0.01 76 76 0 0 0
4724 -0.139586 -0.0089522 0.01 68 67 0 0 0
4726 -0.157886 -0.00924247 0.01 78 78 0 0 0
4728 -0.14289 -0.0090121 0.01 77 77 0 0 0
4731 -0.140476 -0.0093132 0.01 67 67 0 0 0
4733 -0.139586 -0.00901867 0.01 67 67 0 0 0
4734 -0.138157 -0.0083878 0.01 72 71 0 0 0
4735 -0.14706 -0.00933687 0.01 76 76 0 0 0
4737 -0.15332 -0.00910492 0.01 77 77 0 0 0
4739 -0.16032 -0.00917899 0.01 77 77 0 0 0
4740 -0.140476 -0.0093132 0.01 68 68 0 0 0
4742 -0.15332 -0.00917544 0.01 77 77 0 0 0
4745 -0.182035 -0.00890595 0.01 67 67 0 0 0
4747 -0.139586 -0.0089522 0.01 68 68 0 0 0
4749 -0.114496 -0.00915709 0.01 66 66 0 0 0
4750 -0.136104 -0.00874781 0.01 67 67 0 0 0
4751 -0.161668 -0.00954785 0.01 72 72 -0.000284687 0.00161548 0
4754 -0.134978 -0.00890049 0.01 77 76 0 0 0
4755 -0.163639 -0.00968198 0.01 78 77 0 0 0
4758 -0.152064 -0.00910099 0.01 76 76 0 0 0
4760 -0.155717 -0.00961221 0.01 77 77 0 0 0
4764 -0.168675 -0.00924988 0.01 77 77 0 0 0
4771 -0.166344 -0.0090121 0.01 77 77 0 0 0
4775 -0.148357 -0.0090121 0.01 77 76 0 0 0
4777 -0.0939627 -0.00915709 0.01 67 67 0 0 0
4779 -0.120499 -0.0094992 0.01 72 71 0 0 0
4781 -0.163284 -0.00954785 0.01 72 72 0 0 0
4783 -0.172073 -0.00932364 0.01 72 72 0 0 0
4785 -0.153808 -0.00961221 0.01 78 78 0 0 0
4786 -0.163343 -0.00886275 0.01 77 77 0 0 0
4793 -0.138157 -0.0083878 0.01 72 71 0 0 0
4794 -0.14706 -0.00933687 0.01 77 77 0 0 0
4795 -0.137844 -0.00911261 0.01 76 76 0 0 0
4796 -0.15196 -0.00846271 0.01 77 76 0 0 0
4800 -0.128084 -0.00993942 0.01 66 67 0 0 0
4802 -0.13727 -0.00885044 0.01 77 77 0 0 0
4806 -0.138258 -0.00891609 0.01 68 68 0 0 0
4809 -0.152064 -0.00889357 0.01 77 77 0 0 0
4811 -0.120622 -0.00861129 0.01 68 68 0 0 0
4812 -0.142799 -0.0094699 0.01 76 76 0 0 0
4813 -0.114864 -0.00974238 0.01 67 67 0 0 0
4814 -0.0983561 -0.00908431 0.01 68 68 0 0 0
4815 -0.114496 -0.00915709 0.01 68 68 0 0 0
4816 -0.183796 -0.00927296 0.01 76 76 0 0 0
4818 -0.170898 -0.00917899 0.01 76 76 0 0 0
4821 -0.15196 -0.00846271 0.01 76 76 0 0 0
4825 -0.126528 -0.00893289 0.01 66 66 0 0 0
4826 -0.127287 -0.00929151 0.01 67 67 0.000100359 0 0.000138962
4828 -0.166344 -0.0090121 0.01 77 76 0 0 0
4830 -0.155717 -0.00961221 0.01 77 77 0 0 0
4831 -0.161077 -0.00919989 0.01 68 68 0 0 0
4833 -0.152064 -0.00910099 0.01 77 77 0 0 0
4834 -0.159827 -0.00941064 0.01 77 77 0 0 0
4836 -0.175151 -0.00942146 0.01 68 68 0 0 0
4839 -0.127287 -0.00892542 0.01 67 67 0 0 0
4840 -0.1733 -0.00925202 0.01 77 77 0 0 0
4845 -0.142799 -0.0094699 0.01 77 77 0 0 0
4846 -0.179308 -0.00873553 0.01 72 72 0 0 0
4848 -0.172073 -0.00907875 0.01 72 73 0 0 0
4849 -0.155717 -0.00943216 0.01 76 76 0 0 0
4850 -0.163284 -0.00954785 0.01 72 72 0 0 0
4852 -0.163639 -0.00968198 0.01 76 76 0 0 0
4853 -0.155717 -0.00943216 0.01 77 77 0 0 0
4859 -0.178384 -0.00890595 0.01 67 67 0 0 0
4862 -0.152064 -0.00926907 0.01 76 76 0 0 0
4863 -0.144671 -0.00886608 0.01 67 67 0 0 0
4864 -0.156768 -0.0090565 0.01 72 72 0 0 0
4865 -0.173813 -0.00970314 0.01 72 73 0 0 0
4866 -0.185355 -0.00932876 0.01 77 77 0 0 0
4868 -0.175269 -0.00932876 0.01 77 77 0 0 0
4870 -0.175269 -0.00932876 0.01 76 76 0 0 0
4874 -0.126142 -0.00927408 0.01 68 68 0 0 0
4875 -0.163284 -0.00991402 0.01 76 75 0 0 0
4876 -0.152064 -0.00889768 0.01 77 77 0 0 0
4877 -0.147783 -0.00900847 0.01 72 72 0 0 0
4878 -0.182434 -0.00932876 0.01 72 72 0 0 0
4881 -0.114496 -0.00896159 0.01 67 67 0 0 0
4882 -0.143678 -0.00907137 0.01 68 68 0 0 0
4883 -0.137099 -0.00923162 0.01 68 68 0 0 0
4884 -0.127287 -0.00892542 0.01 67 67 0 0 0
4885 -0.136213 -0.0086079 0.01 76 76 0 0 0
4887 -0.138041 -0.00978729 0.01 72 72 0 0 0
4889 -0.173977 -0.00929016 0.01 72 72 0.000769943 -0.00625977 0
4890 -0.15332 -0.00910492 0.01 77 77 0 0 0
4891 -0.187094 -0.00896081 0.01 68 68 0 0 0
4892 -0.139586 -0.0089522 0.01 66 66 0 0 0
4893 -0.18919 -0.00932876 0.01 78 78 0 0 0
4896 -0.16032 -0.00917899 0.01 77 77 0 0 0
4898 -0.151823 -0.00987357 0.01 72 72 0 0 0
4900 -0.175269 -0.00932876 0.01 76 76 0 0 0
4901 -0.127287 -0.00943047 0.01 68 68 0 0 0
4902 -0.127287 -0.00916126 0.01 67 67 0 0 0
4913 -0.139586 -0.00909759 0.01 68 68 0 0 0
4914 -0.114496 -0.00896159 0.01 68 69 0 0 0
4915 -0.151823 -0.00987357 0.01 72 72 0 0 0
4916 -0.172073 -0.00932364 0.01 72 72 0 0 0
4918 -0.177311 -0.00925202 0.01 76 76 0.00097388 -0.00401078 0
4919 -0.160489 -0.00970933 0.01 72 72 0 0 0
4924 -0.182035 -0.00890595 0.01 67 67 0 0 0
4925 -0.16465 -0.00969444 0.01 78 78 0 0 0
4926 -0.127287 -0.00914238 0.01 67 67 0 0 0
4930 -0.114496 -0.00922639 0.01 67 67 0 0 0
4931 -0.166717 -0.00981006 0.01 72 72 0 0 0
4933 -0.138286 -0.00940523 0.01 68 68 0 0 0
4937 -0.1733 -0.00925202 0.01 78 78 0 0 0
4938 -0.121207 -0.00888036 0.01 66 66 0 0 0
4940 -0.127287 -0.00936069 0.01 67 67 0 0 0
4941 -0.182035 -0.00890595 0.01 67 67 0 0 0
4942 -0.13152 -0.00878523 0.01 67 67 0 0 0
4943 -0.133567 -0.00863098 0.01 67 67 -0.000363216 0.00253756 0
4945 -0.157948 -0.00969444 0.01 77 78 -0.0045464 0.00670198 0
4947 -0.142799 -0.0094699 0.01 76 76 0 0 0
4950 -0.124084 -0.0086464 0.01 72 72 0 0 0
4953 -0.109598 -0.00929481 0.01 66 66 0 0 0
4954 -0.163639 -0.00968198 0.01 77 77 0 0 0
4956 -0.114496 -0.00928052 0.01 67 67 0 0 0
4957 -0.140476 -0.0093132 0.01 68 68 0 0 0
4961 -0.181318 -0.00901212 0.01 67 67 0 0 0
4962 -0.168675 -0.00924988 0.01 77 77 0 0 0
4964 -0.122295 -0.00978365 0.01 67 67 0 0 0
4965 -0.114496 -0.00922639 0.01 67 67 0 0 0
4968 -0.1733 -0.00925202 0.01 77 77 0 0 0
4969 -0.157886 -0.0086658 0.01 77 77 0 0 0
4970 -0.136354 -0.00886608 0.01 68 68 0 0 0
4972 -0.18919 -0.00932876 0.01 78 78 0 0 0
4973 -0.151823 -0.00987357 0.01 72 72 0 0 0
4974 -0.175151 -0.00942146 0.01 72 72 0 0 0
4975 -0.175269 -0.00932876 0.01 76 76 0 0 0
4976 -0.136213 -0.0086079 0.01 76 76 0 0 0
4977 -0.157886 -0.00924247 0.01 77 77 0 0 0
4979 -0.13727 -0.00885044 0.01 77 77 0 0 0
4981 -0.127287 -0.00914238 0.01 68 68 0 0 0
4984 -0.166344 -0.0090121 0.01 76 76 0 0 0
4986 -0.163343 -0.00873094 0.01 77 77 0 0 0
4987 -0.153808 -0.00961221 0.01 78 78 0 0 0
4988 -0.151666 -0.00924458 0.01 76 76 0 0 0
4989 -0.15602 -0.00947927 0.01 76 76 0 0 0
4990 -0.127287 -0.00917671 0.01 68 68 0 0 0
4991 -0.175269 -0.00932876 0.01 77 77 0 0 0
4993 -0.152064 -0.00914333 0.01 76 76 0 0 0
4994 -0.136104 -0.00874781 0.01 67 67 0 0 0
4995 -0.157886 -0.00924247 0.01 78 78 0 0 0
4996 -0.175151 -0.00942146 0.01 67 67 0 0 0
4998 -0.165839 -0.00897931 0.01 72 72 -0.00126541 0.0112067 0
5000 -0.163639 -0.00968198 0.01 76 76 0 0 0
