max_pf 98 min_pf 52
individual dGr dSr disp_rate patch_no b_patch_no mut_eff DdGr DdSr
9 -0.153934 -0.00899819 0.01 54 54 0 0 0
17 -0.177765 -0.0097631 0.01 72 72 0 0 0
30 -0.170666 -0.00919142 0.01 96 96 0 0 0
34 -0.165064 -0.00864285 0.01 72 72 0 0 0
39 -0.182576 -0.00912117 0.01 97 97 0 0 0
43 -0.159141 -0.00845416 0.01 72 72 0 0 0
67 -0.170666 -0.00912117 0.01 96 96 0 0 0
69 -0.170666 -0.00912117 0.01 96 96 0 0 0
74 -0.158514 -0.00899819 0.01 54 54 0 0 0
75 -0.169301 -0.00927503 0.01 72 72 0 0 0
76 -0.182576 -0.00912117 0.01 96 96 0 0 0
79 -0.166782 -0.00851354 0.01 72 73 0 0 0
80 -0.170666 -0.00851043 0.01 96 96 0 0 0
85 -0.170132 -0.00889804 0.01 72 72 -7.25389e-05 0.000635073 0
86 -0.170666 -0.00912117 0.01 96 96 0 0 0
88 -0.176406 -0.00912117 0.01 97 97 0 0 0
97 -0.170666 -0.00912117 0.01 96 96 0 0 0
109 -0.158514 -0.00899819 0.01 54 54 0 0 0
122 -0.182576 -0.00948756 0.01 98 98 0 0 0
123 -0.182576 -0.00912117 0.01 96 96 0 0 0
149 -0.158514 -0.00899819 0.01 52 52 0 0 0
153 -0.153934 -0.00899819 0.01 54 54 0 0 0
166 -0.158514 -0.00899819 0.01 54 55 0 0 0
188 -0.170666 -0.00912117 0.01 96 97 0 0 0
193 -0.19675 -0.00902206 0.01 72 72 0 0 0
194 -0.170666 -0.00886441 0.01 96 96 0 0 0
195 -0.158514 -0.00899819 0.01 54 54 0 0 0
198 -0.127675 -0.00895406 0.01 72 72 0 0 0
206 -0.149465 -0.00864285 0.01 72 72 0 0 0
208 -0.182576 -0.00912117 0.01 98 98 0 0 0
228 -0.170965 -0.00855742 0.01 72 72 0 0 0
233 -0.138163 -0.00800213 0.01 72 72 0 0 0
237 -0.170663 -0.00887141 0.01 72 72 0 0 0
253 -0.170666 -0.00919142 0.01 96 96 0 0 0
258 -0.139223 -0.00865434 0.01 72 72 0 0 0
270 -0.182576 -0.00912117 0.01 97 97 0 0 0
296 -0.158514 -0.00899819 0.01 54 54 0 0 0
297 -0.158514 -0.00886256 0.01 53 53 0 0 0
305 -0.158514 -0.00899819 0.01 54 54 0 0 0
313 -0.158514 -0.00911286 0.01 53 54 0 0 0
324 -0.149465 -0.00862978 0.01 72 72 1.81347e-05 0 1.30739e-05
329 -0.182576 -0.00912117 0.01 98 98 0 0 0
331 -0.144279 -0.00903567 0.01 72 72 0 0 0
349 -0.182576 -0.00912117 0.01 97 97 0 0 0
367 -0.195392 -0.00912117 0.01 97 97 0 0 0
377 -0.151299 -0.00896898 0.01 54 54 0 0 0
381 -0.127675 -0.00895406 0.01 72 72 0 0 0
409 -0.195392 -0.00912117 0.01 98 98 0 0 0
411 -0.182576 -0.00912117 0.01 97 97 0 0 0
412 -0.158514 -0.00899819 0.01 54 54 0 0 0
427 -0.170666 -0.00912117 0.01 97 96 0 0 0
457 -0.190955 -0.00965842 0.01 72 72 0 0 0
506 -0.164434 -0.00889391 0.01 72 72 0.000109851 0 0.000126938
520 -0.127675 -0.00895406 0.01 72 72 0 0 0
525 -0.182576 -0.00910833 0.01 96 97 0 0 0
540 -0.177765 -0.0097631 0.01 72 72 0 0 0
542 -0.158514 -0.00899819 0.01 53 54 0 0 0
543 -0.170965 -0.00855742 0.01 72 72 0 0 0
547 -0.139484 -0.00905846 0.01 72 72 0 0 0
548 -0.158514 -0.00886765 0.01 54 54 0 0 0
549 -0.179335 -0.00904708 0.01 72 73 0.000148892 -0.00137809 0
552 -0.169745 -0.00887296 0.01 72 72 0 0 0
556 -0.170666 -0.00912117 0.01 96 96 0 0 0
567 -0.153934 -0.00899819 0.01 54 54 0 0 0
576 -0.158514 -0.00870914 0.01 54 54 0 0 0
585 -0.170666 -0.00912117 0.01 96 96 0 0 0
593 -0.192367 -0.0086481 0.01 72 72 0 0 0
612 -0.170663 -0.00957347 0.01 72 72 0 0 0
614 -0.175604 -0.00912117 0.01 96 96 0 0 0
664 -0.152771 -0.0086611 0.01 72 72 0 0 0
673 -0.177287 -0.00993802 0.01 72 72 0 0 0
678 -0.147977 -0.00907617 0.01 72 72 0 0 0
681 -0.170666 -0.00919142 0.01 96 96 0 0 0
690 -0.139223 -0.00850896 0.01 72 72 0 0 0
696 -0.123445 -0.00905846 0.01 72 72 0 0 0
702 -0.176164 -0.00884886 0.01 72 72 0 0 0
703 -0.158514 -0.00899819 0.01 52 52 0 0 0
718 -0.182576 -0.00926069 0.01 98 98 0 0 0
721 -0.158514 -0.00899819 0.01 54 54 0 0 0
732 -0.170666 -0.00912117 0.01 96 96 0 0 0
735 -0.182576 -0.00926069 0.01 97 97 0 0 0
746 -0.155752 -0.00870914 0.01 54 54 0 0 0
749 -0.182576 -0.00948756 0.01 98 98 0 0 0
755 -0.164434 -0.00902085 0.01 72 72 0 0 0
756 -0.139484 -0.00904741 0.01 72 71 0 0 0
774 -0.170666 -0.00912117 0.01 96 96 0 0 0
793 -0.182576 -0.00912117 0.01 97 97 0 0 0
803 -0.182576 -0.00926069 0.01 97 97 0 0 0
816 -0.182576 -0.00948756 0.01 98 98 0 0 0
846 -0.182576 -0.00926069 0.01 97 97 0 0 0
869 -0.158514 -0.00899819 0.01 53 53 0 0 0
876 -0.169301 -0.00897037 0.01 72 72 0 0 0
888 -0.170666 -0.00886441 0.01 96 96 0 0 0
891 -0.169301 -0.00897037 0.01 72 72 0 0 0
902 -0.165064 -0.0086464 0.01 72 72 0 0 0
940 -0.182576 -0.00912117 0.01 97 97 0 0 0
955 -0.146856 -0.009721 0.01 72 71 0 0 0
963 -0.154428 -0.00899819 0.01 53 53 0 0 0
974 -0.139223 -0.00865434 0.01 72 72 0 0 0
980 -0.170666 -0.00912117 0.01 96 96 0 0 0
983 -0.166805 -0.00899819 0.01 54 54 2.47285e-05 -0.0082909 0
984 -0.144956 -0.00899819 0.01 54 56 0 0 0
1034 -0.158514 -0.00870914 0.01 53 53 0 0 0
1040 -0.170666 -0.00912117 0.01 96 96 0 0 0
1053 -0.182576 -0.00912117 0.01 97 97 0 0 0
1068 -0.179837 -0.00912117 0.01 97 97 0 0 0
1098 -0.182576 -0.00912117 0.01 97 97 0 0 0
1151 -0.177705 -0.00851354 0.01 72 73 0 0 0
1168 -0.161378 -0.00889386 0.01 72 73 0 0 0
1176 -0.177252 -0.00910805 0.01 72 72 0 0 0
1177 -0.170965 -0.00855742 0.01 72 73 0 0 0
1185 -0.158514 -0.00899819 0.01 54 54 0 0 0
1189 -0.170666 -0.00912117 0.01 96 96 0 0 0
1197 -0.170663 -0.00887425 0.01 72 72 0 0 0
1221 -0.182576 -0.00912117 0.01 97 97 0 0 0
1222 -0.154428 -0.00899819 0.01 53 53 0 0 0
1238 -0.170663 -0.00911942 0.01 72 72 0 0 0
1240 -0.15862 -0.00887425 0.01 72 72 -0.00170626 0.0120431 0
1251 -0.139667 -0.00800213 0.01 72 72 0 0 0
1264 -0.153327 -0.00899819 0.01 53 53 0 0 0
1265 -0.170666 -0.00912117 0.01 96 96 0 0 0
1270 -0.170666 -0.00912117 0.01 97 96 0 0 0
1282 -0.158514 -0.00899819 0.01 54 54 0 0 0
1290 -0.177252 -0.00910805 0.01 72 72 0 0 0
1311 -0.182576 -0.00926069 0.01 98 98 0 0 0
1313 -0.153327 -0.00899819 0.01 53 53 0 0 0
1319 -0.170666 -0.00912117 0.01 96 96 0 0 0
1370 -0.153934 -0.00898105 0.01 54 54 0 0 0
1382 -0.170666 -0.00886441 0.01 96 96 0 0 0
1393 -0.171484 -0.00912117 0.01 96 96 0 0 0
1397 -0.154428 -0.00899819 0.01 54 53 0 0 0
1413 -0.170965 -0.00855742 0.01 72 73 0 0 0
1423 -0.158514 -0.00899819 0.01 54 54 0 0 0
1430 -0.170663 -0.00911942 0.01 72 72 0 0 0
1444 -0.182576 -0.00912117 0.01 97 97 0 0 0
1449 -0.176164 -0.00884886 0.01 72 72 0 0 0
1457 -0.158514 -0.00911286 0.01 54 54 0 0 0
1471 -0.175572 -0.00900006 0.01 72 71 0 0 0
1502 -0.170666 -0.00921213 0.01 96 96 -0.00958851 0 -9.09641e-05
1511 -0.170666 -0.00912117 0.01 97 97 0 0 0
1532 -0.170666 -0.00912117 0.01 96 96 0 0 0
1568 -0.177973 -0.00965842 0.01 72 72 0 0 0
1584 -0.177287 -0.00993802 0.01 72 72 0 0 0
1585 -0.19675 -0.00907618 0.01 72 72 0 0 0
1607 -0.170666 -0.00919142 0.01 96 96 0 0 0
1615 -0.182576 -0.00912117 0.01 97 97 0 0 0
1653 -0.158514 -0.00899819 0.01 52 54 0 0 0
1661 -0.150877 -0.00872649 0.01 72 72 0 0 0
1693 -0.182576 -0.00912117 0.01 97 97 0 0 0
1709 -0.168927 -0.00825883 0.01 72 72 0 0 0
1725 -0.182576 -0.00912117 0.01 97 97 0 0 0
1737 -0.158514 -0.00899819 0.01 54 55 0 0 0
1745 -0.182576 -0.00912117 0.01 97 97 0 0 0
1755 -0.158514 -0.00899819 0.01 54 54 0 0 0
1769 -0.170666 -0.00912117 0.01 96 96 0 0 0
1775 -0.182576 -0.00926069 0.01 97 97 0 0 0
1779 -0.158514 -0.00911286 0.01 54 54 0 0 0
1806 -0.158514 -0.00870914 0.01 54 54 0 0 0
1823 -0.136011 -0.00896305 0.01 72 72 0 0 0
1845 -0.186829 -0.00931389 0.01 72 72 0 0 0
1867 -0.177973 -0.00965842 0.01 72 72 0 0 0
1874 -0.158514 -0.00870914 0.01 53 53 0 0 0
1878 -0.187511 -0.00912117 0.01 97 97 0.0277793 -0.00493427 0
1885 -0.170965 -0.00855742 0.01 72 73 0 0 0
1891 -0.153934 -0.00899819 0.01 54 54 0 0 0
1915 -0.153934 -0.00899819 0.01 54 54 0 0 0
1918 -0.170666 -0.00919142 0.01 96 96 0 0 0
1925 -0.18456 -0.00900006 0.01 72 72 0 0 0
1934 -0.182576 -0.00926069 0.01 97 97 0 0 0
1947 -0.182576 -0.00926069 0.01 98 98 0 0 0
1954 -0.183391 -0.00900006 0.01 72 72 0 0 0
1959 -0.170666 -0.00885628 0.01 96 96 0 0 0
1960 -0.127675 -0.00895406 0.01 72 72 0 0 0
1962 -0.149465 -0.00864285 0.01 72 72 0 0 0
1965 -0.175315 -0.00965842 0.01 72 72 0 0 0
1989 -0.119407 -0.00867389 0.01 72 73 0 0 0
1992 -0.182576 -0.00912117 0.01 97 97 0 0 0
1995 -0.170666 -0.00919142 0.01 96 96 0 0 0
2015 -0.158514 -0.00899819 0.01 54 54 0 0 0
2025 -0.182576 -0.00948756 0.01 98 98 0 0 0
2056 -0.153228 -0.00993802 0.01 72 72 0 0 0
2068 -0.158514 -0.00899819 0.01 53 53 0 0 0
2086 -0.183513 -0.00983317 0.01 72 72 0 0 0
2125 -0.158346 -0.00899819 0.01 54 54 -5.81145e-07 0.000167981 0
2131 -0.187511 -0.00912117 0.01 97 97 0 0 0
2132 -0.144956 -0.00899819 0.01 54 54 0 0 0
2133 -0.158514 -0.00899819 0.01 54 54 0 0 0
2142 -0.182576 -0.00948756 0.01 98 98 0 0 0
2143 -0.158514 -0.00899819 0.01 53 53 0 0 0
2150 -0.182576 -0.00912117 0.01 98 98 0 0 0
2164 -0.158514 -0.00911286 0.01 54 54 0 0 0
2165 -0.158514 -0.00911286 0.01 54 54 0 0 0
2168 -0.154428 -0.00899819 0.01 54 54 0 0 0
2182 -0.170666 -0.00912117 0.01 96 95 0 0 0
2186 -0.182576 -0.00912117 0.01 97 97 0 0 0
2206 -0.158514 -0.00920572 0.01 54 54 0 0 0
2207 -0.182576 -0.00912117 0.01 97 97 0 0 0
2227 -0.136011 -0.00896305 0.01 72 72 0 0 0
2232 -0.158514 -0.00899819 0.01 54 55 0 0 0
2237 -0.134787 -0.00805901 0.01 72 72 -0.00176693 0.00567105 0
2239 -0.170666 -0.00912117 0.01 96 96 0 0 0
2264 -0.165064 -0.00864285 0.01 72 72 0 0 0
2265 -0.170666 -0.00919142 0.01 96 96 0 0 0
2299 -0.158514 -0.00899819 0.01 54 54 0 0 0
2301 -0.170666 -0.00919142 0.01 96 96 0 0 0
2314 -0.182576 -0.00912117 0.01 97 97 0 0 0
2321 -0.170666 -0.00912117 0.01 96 96 0 0 0
2337 -0.153934 -0.00899819 0.01 54 54 0 0 0
2349 -0.171861 -0.00947952 0.01 72 72 0 0 0
2359 -0.13874 -0.00906389 0.01 72 72 0 0 0
2381 -0.158514 -0.00899819 0.01 54 54 0 0 0
2382 -0.158514 -0.00886256 0.01 53 53 0 0 0
2386 -0.170663 -0.00957347 0.01 72 71 0 0 0
2409 -0.153877 -0.00927467 0.01 72 73 0 0 0
2426 -0.158514 -0.00899819 0.01 54 54 0 0 0
2434 -0.177252 -0.00910805 0.01 72 72 0 0 0
2450 -0.169301 -0.00927503 0.01 72 72 -0.000228912 0 -0.000304655
2453 -0.158514 -0.00911286 0.01 53 53 0 0 0
2454 -0.158514 -0.00899819 0.01 54 54 0 0 0
2466 -0.170666 -0.00912117 0.01 96 96 0 0 0
2508 -0.151299 -0.00888411 0.01 53 53 0 0 0
2517 -0.177765 -0.0097631 0.01 72 72 0 0 0
2522 -0.182576 -0.00912117 0.01 96 97 0 0 0
2530 -0.170666 -0.00912117 0.01 96 96 0 0 0
2532 -0.153934 -0.00899819 0.01 54 54 0 0 0
2549 -0.138652 -0.008951 0.01 72 71 0 0 0
2555 -0.170666 -0.00912117 0.01 96 97 0 0 0
2564 -0.170666 -0.00912117 0.01 96 96 0 0 0
2573 -0.170663 -0.00911942 0.01 72 72 0 0 0
2585 -0.182576 -0.00912117 0.01 97 97 0 0 0
2610 -0.182576 -0.00912117 0.01 97 97 0 0 0
2616 -0.170666 -0.00912117 0.01 96 96 0 0 0
2622 -0.170663 -0.00957347 0.01 72 72 0 0 0
2625 -0.13907 -0.00933554 0.01 72 73 0.000406265 0 0.000130248
2632 -0.158514 -0.00899819 0.01 54 54 0 0 0
2647 -0.170666 -0.00886441 0.01 96 96 0 0 0
2649 -0.153228 -0.00993802 0.01 72 72 0 0 0
2651 -0.153228 -0.00993802 0.01 72 72 0 0 0
2659 -0.153934 -0.00902147 0.01 54 54 0 0 0
2661 -0.136011 -0.00932076 0.01 72 72 -0.000884801 0 -0.00035771
2662 -0.179186 -0.00915257 0.01 72 72 0 0 0
2720 -0.187511 -0.00912117 0.01 97 97 0 0 0
2729 -0.154428 -0.00899819 0.01 53 53 0 0 0
2750 -0.170965 -0.00855742 0.01 72 72 0 0 0
2755 -0.170663 -0.00957347 0.01 72 73 0 0 0
2757 -0.182576 -0.00912117 0.01 97 97 0 0 0
2763 -0.195392 -0.00912117 0.01 97 97 0 0 0
2766 -0.149269 -0.00879543 0.01 72 72 0 0 0
2784 -0.182576 -0.00963769 0.01 97 97 0 0 0
2797 -0.182576 -0.00926069 0.01 98 98 0 0 0
2816 -0.170666 -0.00919142 0.01 96 96 0 0 0
2824 -0.158514 -0.00899819 0.01 54 54 0 0 0
2856 -0.140458 -0.00805901 0.01 72 72 0 0 0
2880 -0.158514 -0.00886256 0.01 53 53 0 0 0
2888 -0.183513 -0.00983317 0.01 72 72 0 0 0
2906 -0.182576 -0.00912117 0.01 96 96 0 0 0
2946 -0.170666 -0.00946298 0.01 96 96 -0.0140083 0 -0.000131613
2952 -0.158514 -0.00886256 0.01 53 53 0 0 0
2956 -0.158514 -0.00911286 0.01 54 54 0 0 0
2964 -0.182576 -0.00912117 0.01 96 96 0 0 0
2975 -0.154906 -0.00845416 0.01 72 72 0 0 0
3011 -0.150877 -0.00872649 0.01 72 72 0 0 0
3031 -0.158514 -0.00886765 0.01 54 54 0 0 0
3060 -0.136011 -0.00896305 0.01 72 72 0 0 0
3069 -0.173777 -0.00906116 0.01 72 72 0 0 0
3071 -0.170663 -0.00911942 0.01 72 72 0 0 0
3076 -0.153934 -0.00902147 0.01 54 54 0 0 0
3091 -0.158514 -0.00899819 0.01 52 53 0 0 0
3093 -0.158514 -0.00911286 0.01 52 52 0 0 0
3113 -0.151299 -0.00888411 0.01 54 54 0 0 0
3130 -0.158514 -0.00899819 0.01 54 54 0 0 0
3133 -0.158514 -0.00911286 0.01 54 54 0 0 0
3142 -0.182576 -0.00926069 0.01 97 97 0 0 0
3151 -0.158514 -0.00911286 0.01 54 54 0 0 0
3166 -0.182576 -0.00926069 0.01 97 97 0 0 0
3169 -0.169104 -0.00899819 0.01 53 53 0 0 0
3173 -0.154428 -0.00899819 0.01 53 53 0 0 0
3179 -0.158514 -0.00899819 0.01 54 54 0 0 0
3206 -0.158514 -0.00911286 0.01 54 54 0 0 0
3210 -0.158514 -0.00870914 0.01 53 53 0 0 0
3221 -0.127159 -0.00903567 0.01 72 72 0 0 0
3235 -0.150825 -0.00901461 0.01 53 53 -1.25542e-05 0.00360349 0
3238 -0.175315 -0.00965842 0.01 72 72 0 0 0
3240 -0.153934 -0.00899819 0.01 54 54 0 0 0
3281 -0.170666 -0.00912117 0.01 96 96 0 0 0
3287 -0.170666 -0.00912117 0.01 96 96 0 0 0
3302 -0.169104 -0.00899819 0.01 54 54 0 0 0
3312 -0.165064 -0.00864285 0.01 72 72 0 0 0
3317 -0.199475 -0.00961843 0.01 72 72 0 0 0
3329 -0.153327 -0.00899819 0.01 53 53 0 0 0
3336 -0.158514 -0.00899819 0.01 54 55 0 0 0
3351 -0.170666 -0.00912117 0.01 96 96 0 0 0
3354 -0.137285 -0.00896305 0.01 72 72 0 0 0
3368 -0.182576 -0.00926069 0.01 97 97 0 0 0
3369 -0.154428 -0.00899819 0.01 54 54 0 0 0
3382 -0.158514 -0.00899819 0.01 54 54 0 0 0
3398 -0.182576 -0.00912117 0.01 97 97 0 0 0
3409 -0.127159 -0.00903567 0.01 72 72 0 0 0
3422 -0.170663 -0.00911942 0.01 72 73 0 0 0
3434 -0.182576 -0.00912117 0.01 97 97 0 0 0
3487 -0.182576 -0.00912117 0.01 97 97 0 0 0
3490 -0.182576 -0.00926069 0.01 97 97 0 0 0
3523 -0.123445 -0.00905846 0.01 72 72 0 0 0
3535 -0.170666 -0.00912117 0.01 96 96 0 0 0
3544 -0.170666 -0.00892765 0.01 97 97 0 0 0
3545 -0.147977 -0.00907617 0.01 72 72 0 0 0
3577 -0.158514 -0.00899819 0.01 53 53 0 0 0
3579 -0.174229 -0.00938584 0.01 72 72 0 0 0
3584 -0.174096 -0.00871736 0.01 72 72 -0.000833005 0.010464 0
3587 -0.158514 -0.00899819 0.01 54 54 0 0 0
3593 -0.158514 -0.00886256 0.01 53 53 0 0 0
3601 -0.182576 -0.00912117 0.01 97 97 0 0 0
3606 -0.187417 -0.00912117 0.01 96 96 0.0917321 -0.0167509 0
3613 -0.158514 -0.00899819 0.01 54 54 0 0 0
3658 -0.136731 -0.00863439 0.01 72 73 0 0 0
3674 -0.170666 -0.00886441 0.01 96 96 0 0 0
3680 -0.170965 -0.00855742 0.01 72 72 0 0 0
3686 -0.170666 -0.00906683 0.01 96 96 0.00307304 0 2.93395e-05
3704 -0.139484 -0.00904741 0.01 72 72 0 0 0
3706 -0.158514 -0.00899819 0.01 54 54 0 0 0
3714 -0.170666 -0.00912117 0.01 96 96 0 0 0
3715 -0.182576 -0.00912117 0.01 97 97 0 0 0
3738 -0.182576 -0.00912117 0.01 98 98 0 0 0
3754 -0.195392 -0.00912117 0.01 97 97 0 0 0
3768 -0.158514 -0.00899819 0.01 53 53 0 0 0
3777 -0.170666 -0.00866605 0.01 96 96 0 0 0
3780 -0.158514 -0.00892097 0.01 53 53 -7.45058e-07 0 7.72187e-05
3782 -0.170666 -0.00863726 0.01 96 96 0 0 0
3787 -0.171861 -0.00947952 0.01 72 72 0 0 0
3796 -0.139484 -0.00904741 0.01 72 72 0 0 0
3802 -0.180414 -0.00950304 0.01 72 72 0 0 0
3813 -0.182576 -0.00926069 0.01 98 98 0 0 0
3842 -0.153934 -0.00899819 0.01 54 55 0 0 0
3846 -0.158514 -0.00886765 0.01 54 54 0 0 0
3849 -0.153934 -0.00899819 0.01 53 53 0 0 0
3859 -0.170666 -0.00912117 0.01 96 96 0 0 0
3888 -0.182576 -0.00912117 0.01 97 97 0 0 0
3899 -0.168238 -0.00938584 0.01 72 71 0 0 0
3901 -0.170767 -0.00889804 0.01 72 72 0 0 0
3911 -0.180414 -0.00950304 0.01 72 72 0 0 0
3918 -0.153934 -0.00899819 0.01 54 54 0 0 0
3964 -0.169104 -0.00899819 0.01 53 54 0 0 0
3993 -0.182576 -0.00912117 0.01 97 97 0 0 0
3998 -0.158514 -0.00899819 0.01 54 54 0 0 0
4007 -0.182576 -0.00926069 0.01 98 98 0 0 0
4010 -0.170132 -0.00881178 0.01 72 72 5.9247e-05 0 8.62554e-05
4015 -0.158514 -0.00899819 0.01 54 54 0 0 0
4020 -0.1576 -0.00934158 0.01 72 72 0 0 0
4034 -0.171861 -0.00947952 0.01 72 72 0 0 0
4048 -0.182576 -0.00948756 0.01 98 98 0 0 0
4056 -0.171484 -0.00912117 0.01 96 95 0 0 0
4062 -0.158514 -0.00870914 0.01 54 54 0 0 0
4073 -0.170663 -0.00911942 0.01 72 72 0 0 0
4093 -0.158514 -0.00899819 0.01 54 54 0 0 0
4112 -0.190041 -0.00902011 0.01 72 72 0 0 0
4131 -0.158514 -0.00899819 0.01 54 55 0 0 0
4137 -0.177252 -0.00910805 0.01 72 72 0 0 0
4140 -0.170666 -0.00912117 0.01 96 96 0 0 0
4145 -0.134787 -0.00805901 0.01 72 72 0 0 0
4161 -0.158514 -0.00886256 0.01 53 53 0 0 0
4176 -0.187511 -0.00912117 0.01 97 97 0 0 0
4206 -0.158514 -0.00899819 0.01 54 54 0 0 0
4212 -0.170666 -0.00885049 0.01 96 96 0 0 0
4219 -0.139223 -0.00865434 0.01 72 72 0 0 0
4223 -0.158514 -0.00899819 0.01 54 55 0 0 0
4241 -0.170663 -0.00911942 0.01 72 72 0 0 0
4258 -0.165064 -0.0086464 0.01 72 72 0 0 0
4266 -0.182576 -0.00926069 0.01 97 97 0 0 0
4314 -0.165064 -0.00864285 0.01 72 73 0 0 0
4317 -0.170767 -0.00889804 0.01 72 72 0 0 0
4340 -0.158514 -0.00911286 0.01 54 53 0 0 0
4355 -0.153934 -0.00899819 0.01 54 54 0 0 0
4363 -0.18211 -0.00912117 0.01 97 96 0 0 0
4372 -0.170666 -0.00912117 0.01 96 96 0 0 0
4373 -0.170666 -0.00892765 0.01 97 97 0 0 0
4382 -0.170666 -0.00886441 0.01 96 96 0 0 0
4432 -0.175572 -0.00900006 0.01 72 72 0 0 0
4472 -0.154428 -0.00899819 0.01 53 53 0 0 0
4480 -0.170666 -0.00912117 0.01 96 96 0 0 0
4493 -0.158514 -0.00899819 0.01 54 54 0 0 0
4516 -0.177957 -0.00904708 0.01 72 73 0 0 0
4533 -0.170666 -0.00946298 0.01 96 96 0 0 0
4535 -0.182576 -0.00912117 0.01 97 97 0 0 0
4537 -0.170666 -0.00912117 0.01 96 96 0 0 0
4544 -0.182576 -0.00946367 0.01 97 97 0 0 0
4561 -0.176126 -0.00911942 0.01 72 72 0 0 0
4565 -0.158514 -0.00886765 0.01 54 54 0 0 0
4609 -0.182576 -0.00912117 0.01 97 97 0 0 0
4611 -0.191362 -0.00912117 0.01 98 98 0 0 0
4616 -0.177973 -0.00965842 0.01 72 72 0 0 0
4651 -0.170666 -0.00892765 0.01 97 97 0 0 0
4653 -0.170666 -0.00912117 0.01 96 96 0 0 0
4654 -0.139667 -0.00800213 0.01 72 72 0 0 0
4675 -0.182576 -0.00912117 0.01 97 97 0 0 0
4678 -0.182576 -0.00912117 0.01 97 97 0 0 0
4683 -0.154428 -0.00899819 0.01 53 53 0 0 0
4685 -0.139747 -0.00905846 0.01 72 72 0.00776023 -0.0163023 0
4703 -0.158514 -0.00899819 0.01 54 54 0 0 0
4721 -0.170666 -0.00912117 0.01 96 96 0 0 0
4737 -0.153934 -0.00899819 0.01 54 54 0 0 0
4740 -0.19675 -0.00907618 0.01 72 72 0 0 0
4742 -0.177973 -0.00965842 0.01 72 72 0 0 0
4764 -0.158514 -0.00899819 0.01 54 54 0 0 0
4800 -0.158514 -0.00899819 0.01 54 54 0 0 0
4824 -0.139223 -0.00865434 0.01 72 72 0 0 0
4826 -0.175604 -0.00912117 0.01 96 96 0 0 0
4860 -0.182576 -0.00948756 0.01 98 98 0 0 0
4890 -0.134133 -0.00865434 0.01 72 71 0 0 0
4897 -0.182576 -0.00912117 0.01 97 97 0 0 0
4899 -0.132908 -0.00923532 0.01 72 71 0 0 0
4965 -0.182576 -0.00912117 0.01 98 98 0 0 0
4973 -0.182576 -0.00926069 0.01 97 97 0 0 0
4974 -0.182576 -0.00912117 0.01 97 97 0 0 0
5003 -0.138163 -0.00800213 0.01 72 72 0 0 0
5009 -0.158514 -0.00886256 0.01 53 53 0 0 0
5015 -0.158514 -0.00899819 0.01 54 54 0 0 0
5021 -0.153934 -0.00899819 0.01 54 54 0 0 0
5025 -0.158514 -0.00899819 0.01 54 54 0 0 0
5028 -0.158514 -0.00870914 0.01 54 54 0 0 0
5036 -0.190041 -0.00886777 0.01 72 72 0 0 0
5045 -0.150635 -0.00936225 0.01 72 73 0 0 0
5052 -0.170666 -0.00933137 0.01 96 96 0 0 0
5065 -0.164827 -0.00898594 0.01 54 54 0 0 0
5094 -0.182576 -0.00926069 0.01 97 97 0 0 0
5097 -0.170663 -0.00887425 0.01 72 72 0 0 0
5142 -0.182576 -0.00912117 0.01 98 98 0 0 0
5154 -0.158514 -0.00899819 0.01 54 55 0 0 0
5174 -0.170666 -0.00912117 0.01 96 96 0 0 0
5195 -0.182576 -0.00912117 0.01 98 98 0 0 0
5207 -0.177973 -0.00965842 0.01 72 72 0 0 0
5208 -0.138163 -0.00800213 0.01 72 72 0 0 0
5218 -0.182576 -0.00926069 0.01 97 97 0 0 0
5227 -0.176406 -0.00912117 0.01 96 96 0 0 0
5253 -0.190955 -0.00965842 0.01 72 72 0 0 0
5279 -0.182499 -0.00983317 0.01 72 72 0 0 0
5293 -0.182576 -0.00912117 0.01 98 98 0 0 0
5342 -0.154428 -0.00901461 0.01 53 53 0 0 0
5348 -0.170663 -0.00957347 0.01 72 72 0 0 0
5357 -0.158514 -0.00899819 0.01 54 54 0 0 0
5367 -0.158514 -0.00886765 0.01 54 54 0 0 0
5368 -0.182576 -0.00926069 0.01 97 97 0 0 0
5400 -0.158514 -0.00886256 0.01 53 53 0 0 0
5446 -0.170666 -0.00909617 0.01 96 96 0 0 0
5468 -0.158514 -0.00899819 0.01 54 54 0 0 0
5483 -0.158514 -0.00899819 0.01 54 54 0 0 0
5485 -0.182576 -0.00912117 0.01 97 97 0 0 0
5500 -0.158514 -0.00886256 0.01 54 53 0 0 0
5570 -0.182576 -0.00926069 0.01 97 97 0 0 0
5587 -0.170666 -0.00919142 0.01 96 96 0 0 0
5588 -0.160966 -0.00899819 0.01 54 54 0 0 0
5612 -0.158514 -0.00899819 0.01 54 54 0 0 0
5646 -0.158514 -0.00919633 0.01 54 54 0 0 0
5704 -0.18456 -0.00900006 0.01 72 72 0 0 0
5705 -0.158514 -0.00899819 0.01 54 54 0 0 0
5722 -0.153934 -0.00899819 0.01 53 53 0 0 0
5727 -0.153934 -0.00899819 0.01 54 54 0 0 0
5732 -0.156105 -0.00899819 0.01 54 54 5.33685e-05 -0.0111495 0
5736 -0.175604 -0.00912117 0.01 96 96 0 0 0
5741 -0.180414 -0.00894313 0.01 72 71 0 0 0
5769 -0.18456 -0.00900006 0.01 72 72 0 0 0
5782 -0.151299 -0.00888411 0.01 54 54 0 0 0
5790 -0.158514 -0.00899819 0.01 54 54 0 0 0
5817 -0.170663 -0.00887425 0.01 72 71 0 0 0
5822 -0.170666 -0.00886441 0.01 96 96 0 0 0
5837 -0.182576 -0.00912117 0.01 96 96 0 0 0
5840 -0.159909 -0.00912117 0.01 96 95 0 0 0
5852 -0.170663 -0.00887141 0.01 72 72 0 0 0
5853 -0.187511 -0.00912117 0.01 97 97 0 0 0
5857 -0.175604 -0.00912117 0.01 96 96 0 0 0
5858 -0.138163 -0.00800213 0.01 72 72 0 0 0
5878 -0.169301 -0.00897037 0.01 72 72 0 0 0
5889 -0.170666 -0.00919142 0.01 96 96 0 0 0
5890 -0.153934 -0.00899819 0.01 54 54 0 0 0
5897 -0.182576 -0.00912117 0.01 97 97 0 0 0
5908 -0.147977 -0.00907617 0.01 72 72 0 0 0
5926 -0.170666 -0.00909617 0.01 96 96 0 0 0
5934 -0.182576 -0.00948756 0.01 98 98 0 0 0
5948 -0.158514 -0.00899819 0.01 54 54 0 0 0
5956 -0.177705 -0.00851354 0.01 72 72 0 0 0
5966 -0.158514 -0.00899819 0.01 54 54 0 0 0
5970 -0.170666 -0.00919142 0.01 96 96 0 0 0
5985 -0.158514 -0.00911286 0.01 53 53 0 0 0
5996 -0.170666 -0.00919142 0.01 96 96 0 0 0
5998 -0.153934 -0.00899819 0.01 54 54 0 0 0
6009 -0.182576 -0.00912117 0.01 97 97 0 0 0
6015 -0.158402 -0.00866035 0.01 53 53 -2.35438e-06 0.000112414 0.00020221
6017 -0.170666 -0.00919142 0.01 96 96 0 0 0
6027 -0.179704 -0.00878497 0.01 72 72 0 0 0
6054 -0.158514 -0.00899819 0.01 54 54 0 0 0
6069 -0.152276 -0.00855825 0.01 72 72 0.00024502 0 0.000194595
6071 -0.176126 -0.00911942 0.01 72 72 0 0 0
6077 -0.170666 -0.00912117 0.01 96 96 0 0 0
6092 -0.158514 -0.00911286 0.01 54 55 0 0 0
6093 -0.174229 -0.00938584 0.01 72 72 0 0 0
6096 -0.170666 -0.00919142 0.01 96 96 0 0 0
6098 -0.158514 -0.00899819 0.01 54 54 0 0 0
6105 -0.182576 -0.00912117 0.01 98 98 0 0 0
6109 -0.182576 -0.00912117 0.01 97 97 0 0 0
6110 -0.158514 -0.00899819 0.01 54 54 0 0 0
6120 -0.154428 -0.00899819 0.01 54 54 0 0 0
6126 -0.154428 -0.00899819 0.01 54 54 0 0 0
6131 -0.170666 -0.00912117 0.01 97 97 0 0 0
6158 -0.170666 -0.00912117 0.01 96 96 0 0 0
6191 -0.182576 -0.00912117 0.01 97 97 0 0 0
6224 -0.181478 -0.0094759 0.01 72 71 0 0 0
6229 -0.170767 -0.00889804 0.01 72 72 0 0 0
6249 -0.152771 -0.0086611 0.01 72 72 0 0 0
6251 -0.158514 -0.00899819 0.01 54 54 0 0 0
6256 -0.182576 -0.00912117 0.01 97 97 0 0 0
6277 -0.182576 -0.00912117 0.01 96 96 0 0 0
6306 -0.182576 -0.00926069 0.01 97 97 0 0 0
6320 -0.136011 -0.00896382 0.01 72 72 0 0 0
6323 -0.172027 -0.00854027 0.01 72 72 0 0 0
6335 -0.190041 -0.00902011 0.01 72 72 0 0 0
6349 -0.158514 -0.00899819 0.01 54 54 0 0 0
6357 -0.161378 -0.00884886 0.01 72 72 0 0 0
6358 -0.170666 -0.00886441 0.01 96 96 0 0 0
6374 -0.158514 -0.00899819 0.01 54 54 0 0 0
6381 -0.182576 -0.00912117 0.01 98 98 0 0 0
6394 -0.176126 -0.00911942 0.01 72 72 0 0 0
6403 -0.169301 -0.00897037 0.01 72 72 0 0 0
6405 -0.149269 -0.00879543 0.01 72 72 0 0 0
6425 -0.127675 -0.00895406 0.01 72 72 0 0 0
6447 -0.158514 -0.00899819 0.01 54 54 0 0 0
6451 -0.182576 -0.00912117 0.01 97 97 0 0 0
6459 -0.158514 -0.00870914 0.01 53 53 0 0 0
6460 -0.165064 -0.00864285 0.01 72 72 0 0 0
6490 -0.182576 -0.00912117 0.01 97 97 0 0 0
6495 -0.170666 -0.00912117 0.01 96 96 0 0 0
6500 -0.176126 -0.00902308 0.01 72 72 0 0 0
6508 -0.182576 -0.00912117 0.01 97 97 0 0 0
6521 -0.153934 -0.00902147 0.01 54 54 0 0 0
6527 -0.158514 -0.00899819 0.01 54 54 0 0 0
6535 -0.195392 -0.00912117 0.01 97 97 0 0 0
6541 -0.182576 -0.00912117 0.01 97 97 0 0 0
6542 -0.177973 -0.00965842 0.01 72 71 0 0 0
6544 -0.174229 -0.00938584 0.01 72 72 0 0 0
6545 -0.170666 -0.00912117 0.01 96 96 0 0 0
6552 -0.158514 -0.00899819 0.01 54 54 0 0 0
6556 -0.1839 -0.00956308 0.01 72 72 0 0 0
6578 -0.170666 -0.00912117 0.01 97 96 0 0 0
6592 -0.132908 -0.00903682 0.01 72 72 0 0 0
6620 -0.169745 -0.00887296 0.01 72 72 -0.00101283 0.0104683 0
6625 -0.182576 -0.00948756 0.01 98 98 0 0 0
6628 -0.158514 -0.00899819 0.01 54 54 0 0 0
6679 -0.182576 -0.00912117 0.01 96 96 0 0 0
6685 -0.170666 -0.00912117 0.01 97 97 0 0 0
6698 -0.158514 -0.00899819 0.01 54 54 0 0 0
6711 -0.167904 -0.00899819 0.01 54 54 4.4927e-05 -0.0139705 0
6722 -0.170666 -0.00912117 0.01 96 96 0 0 0
6725 -0.123445 -0.00905846 0.01 72 72 0 0 0
6747 -0.170666 -0.00912117 0.01 96 96 0 0 0
6756 -0.158514 -0.00911286 0.01 52 52 0 0 0
6766 -0.177252 -0.00910805 0.01 72 72 0 0 0
6796 -0.182576 -0.00912117 0.01 97 97 0 0 0
6797 -0.170666 -0.00912117 0.01 96 96 0 0 0
6805 -0.15079 -0.00881049 0.01 72 72 0 0 0
6809 -0.182576 -0.00926069 0.01 97 98 0 0 0
6855 -0.160237 -0.00899819 0.01 54 54 2.32831e-05 -0.00630318 0
6872 -0.164434 -0.00902085 0.01 72 72 0 0 0
6877 -0.158514 -0.00899819 0.01 54 54 0 0 0
6916 -0.168238 -0.00938584 0.01 72 71 0 0 0
6919 -0.158514 -0.00911286 0.01 54 55 0 0 0
6930 -0.170666 -0.00912117 0.01 96 96 0 0 0
6937 -0.127675 -0.00894017 0.01 72 72 4.37498e-05 0 1.38888e-05
6951 -0.158514 -0.00870914 0.01 53 53 0 0 0
6961 -0.164434 -0.00902085 0.01 72 71 0 0 0
6968 -0.170666 -0.00912117 0.01 96 96 0 0 0
6969 -0.158514 -0.00911286 0.01 54 54 0 0 0
6971 -0.176905 -0.00917002 0.01 72 72 0 0 0
7014 -0.17105 -0.00912117 0.01 96 96 0 0 0
7038 -0.158514 -0.00886256 0.01 53 53 0 0 0
7046 -0.164434 -0.00902085 0.01 72 72 0 0 0
7052 -0.164434 -0.00889391 0.01 72 72 0 0 0
7061 -0.170666 -0.00912117 0.01 96 96 0 0 0
7062 -0.158514 -0.00870914 0.01 54 54 0 0 0
7109 -0.166805 -0.00899819 0.01 54 54 0 0 0
7135 -0.154428 -0.00899819 0.01 53 53 0 0 0
7145 -0.158514 -0.00899819 0.01 54 54 0 0 0
7147 -0.182576 -0.00912117 0.01 97 97 0 0 0
7173 -0.170666 -0.00912117 0.01 97 97 0 0 0
7174 -0.182576 -0.00926069 0.01 98 98 0 0 0
7188 -0.161378 -0.00889386 0.01 72 73 0 0 0
7195 -0.182576 -0.00912117 0.01 97 97 0 0 0
7209 -0.190041 -0.00902011 0.01 72 72 0 0 0
7211 -0.182576 -0.00912117 0.01 97 97 0 0 0
7220 -0.158514 -0.00886256 0.01 52 53 0 0 0
7239 -0.170965 -0.00855742 0.01 72 72 0 0 0
7245 -0.176406 -0.00912117 0.01 96 96 0 0 0
7287 -0.170666 -0.00912117 0.01 96 96 0 0 0
7301 -0.170666 -0.00912117 0.01 96 95 0 0 0
7312 -0.170666 -0.00912117 0.01 96 95 0 0 0
7333 -0.170663 -0.00911942 0.01 72 72 0 0 0
7339 -0.158514 -0.00899819 0.01 53 54 0 0 0
7373 -0.170666 -0.00906683 0.01 96 96 0 0 0
7414 -0.170666 -0.00912117 0.01 96 96 0 0 0
7427 -0.177187 -0.00911942 0.01 72 72 0 0 0
7443 -0.170767 -0.00889804 0.01 72 72 0 0 0
7448 -0.190041 -0.00886777 0.01 72 72 0 0 0
7458 -0.168238 -0.00938584 0.01 72 72 0 0 0
7461 -0.149419 -0.00873076 0.01 72 71 0 0 0
7487 -0.170666 -0.00912117 0.01 96 96 0 0 0
7503 -0.136731 -0.00862526 0.01 72 73 0 0 0
7507 -0.161378 -0.00884886 0.01 72 73 0 0 0
7508 -0.190041 -0.00902011 0.01 72 72 0 0 0
7509 -0.170666 -0.00912117 0.01 96 96 0 0 0
7516 -0.182576 -0.00948756 0.01 98 98 0 0 0
7522 -0.170666 -0.00912117 0.01 96 96 0 0 0
7541 -0.170663 -0.00957347 0.01 72 72 0 0 0
7581 -0.170666 -0.00933137 0.01 96 96 -0.0222304 0 -0.000210201
7586 -0.159909 -0.00912117 0.01 96 95 0 0 0
7608 -0.150877 -0.00872649 0.01 72 72 0 0 0
7609 -0.153934 -0.00899819 0.01 54 54 0 0 0
7623 -0.158514 -0.00886256 0.01 53 53 0 0 0
7634 -0.158514 -0.00899819 0.01 54 54 0 0 0
7647 -0.154428 -0.00899819 0.01 53 53 0 0 0
7661 -0.163487 -0.00899372 0.01 72 71 0 0 0
7671 -0.170663 -0.00887141 0.01 72 72 0 0 0
7677 -0.158514 -0.00911286 0.01 54 54 0 0 0
7698 -0.182576 -0.00912117 0.01 97 97 0 0 0
7747 -0.19675 -0.00907618 0.01 72 72 0 0 0
7750 -0.174887 -0.00878497 0.01 72 72 0.000199109 -0.00202607 0
7753 -0.123445 -0.00905846 0.01 72 72 0 0 0
7780 -0.153934 -0.00899819 0.01 54 56 0 0 0
7782 -0.159909 -0.00912117 0.01 96 95 0 0 0
7799 -0.191362 -0.00912117 0.01 98 98 0 0 0
7809 -0.182576 -0.00926069 0.01 98 98 0 0 0
7827 -0.158514 -0.00870914 0.01 54 54 0 0 0
7854 -0.158514 -0.00886765 0.01 54 54 0 0 0
7889 -0.175604 -0.00912117 0.01 96 96 0 0 0
7890 -0.182576 -0.00912117 0.01 97 97 0 0 0
7891 -0.154428 -0.00899819 0.01 53 53 0 0 0
7911 -0.153934 -0.0085982 0.01 54 54 -5.1111e-06 0 0.000399985
7914 -0.191362 -0.00912117 0.01 98 98 0 0 0
7921 -0.182576 -0.00912117 0.01 97 97 0 0 0
7924 -0.18456 -0.00900006 0.01 72 72 0 0 0
7927 -0.158514 -0.00911286 0.01 53 54 0 0 0
7932 -0.170666 -0.00912117 0.01 96 96 0 0 0
7973 -0.127159 -0.00903567 0.01 72 73 0 0 0
7976 -0.158514 -0.00899819 0.01 53 53 0 0 0
8020 -0.133321 -0.00872649 0.01 72 72 0 0 0
8026 -0.170666 -0.00912117 0.01 96 96 0 0 0
8031 -0.158514 -0.00899819 0.01 52 52 0 0 0
8032 -0.170663 -0.00957347 0.01 72 72 0 0 0
8037 -0.158514 -0.00911286 0.01 54 54 0 0 0
8038 -0.182576 -0.00912117 0.01 97 97 0 0 0
8050 -0.176126 -0.00911942 0.01 72 72 0 0 0
8069 -0.158514 -0.00886256 0.01 53 53 0 0 0
8097 -0.179704 -0.00878497 0.01 72 73 0 0 0
8110 -0.170663 -0.00887141 0.01 72 72 0 0 0
8113 -0.158514 -0.00870914 0.01 54 54 0 0 0
8149 -0.182576 -0.00926069 0.01 98 98 0 0 0
8150 -0.170666 -0.00912117 0.01 96 96 0 0 0
8156 -0.158514 -0.00899819 0.01 54 54 0 0 0
8164 -0.170666 -0.00912117 0.01 96 96 0 0 0
8184 -0.150877 -0.00872649 0.01 72 72 0 0 0
8192 -0.158514 -0.00911286 0.01 54 54 0 0 0
8205 -0.177973 -0.00965842 0.01 72 72 0 0 0
8218 -0.187511 -0.00912117 0.01 97 97 0 0 0
8220 -0.170666 -0.00912117 0.01 96 96 0 0 0
8234 -0.182576 -0.00948756 0.01 98 98 0 0 0
8239 -0.179704 -0.0089119 0.01 72 71 0 0 0
8256 -0.158514 -0.00899819 0.01 54 54 0 0 0
8270 -0.155752 -0.00870914 0.01 54 54 0 0 0
8284 -0.170666 -0.00912117 0.01 96 96 0 0 0
8298 -0.168238 -0.00938584 0.01 72 72 0 0 0
8326 -0.158514 -0.00899819 0.01 54 54 0 0 0
8358 -0.170666 -0.00886441 0.01 96 96 0 0 0
8366 -0.182576 -0.00926069 0.01 97 97 0 0 0
8380 -0.158514 -0.00911286 0.01 54 54 0 0 0
8388 -0.170666 -0.00912117 0.01 96 96 0 0 0
8397 -0.154428 -0.00901461 0.01 54 53 0 0 0
8407 -0.153934 -0.00899819 0.01 53 54 0 0 0
8414 -0.170663 -0.00911942 0.01 72 72 0 0 0
8420 -0.171484 -0.00912117 0.01 96 96 0 0 0
8421 -0.158514 -0.00886256 0.01 53 53 0 0 0
8436 -0.158514 -0.00899819 0.01 54 54 0 0 0
8444 -0.170666 -0.00912117 0.01 97 97 0 0 0
8471 -0.165064 -0.0086464 0.01 72 72 0 0 0
8518 -0.190041 -0.00886777 0.01 72 72 0 0 0
8525 -0.170666 -0.00912117 0.01 96 96 0 0 0
8528 -0.170666 -0.00912117 0.01 97 97 0 0 0
8533 -0.151862 -0.00911286 0.01 54 54 -2.61143e-05 0.00665227 0
8538 -0.168238 -0.00938584 0.01 72 72 0 0 0
8585 -0.182576 -0.00912117 0.01 97 97 0 0 0
8596 -0.180214 -0.00887296 0.01 72 72 0 0 0
8630 -0.178104 -0.00891413 0.01 72 71 0 0 0
8648 -0.170666 -0.00912117 0.01 96 96 0 0 0
8651 -0.170666 -0.00912117 0.01 96 96 0 0 0
8670 -0.158514 -0.00911286 0.01 53 53 0 0 0
8673 -0.170666 -0.00919142 0.01 96 96 0 0 0
8709 -0.182576 -0.00926069 0.01 98 98 0 0 0
8743 -0.153934 -0.00899819 0.01 54 54 0 0 0
8757 -0.170666 -0.00912117 0.01 96 96 0 0 0
8763 -0.182576 -0.00912117 0.01 97 97 0 0 0
8773 -0.190041 -0.00886777 0.01 72 72 0 0 0
8815 -0.182576 -0.00912117 0.01 97 97 0 0 0
8823 -0.170666 -0.00912117 0.01 97 97 0 0 0
8824 -0.183513 -0.00983317 0.01 72 72 0 0 0
8828 -0.180214 -0.00887296 0.01 72 72 0 0 0
8848 -0.195392 -0.00912117 0.01 98 98 0 0 0
8895 -0.172027 -0.00854027 0.01 72 72 0 0 0
8910 -0.13907 -0.00933554 0.01 72 72 0 0 0
8937 -0.153934 -0.00899819 0.01 54 54 0 0 0
8945 -0.158514 -0.00911286 0.01 52 52 0 0 0
8948 -0.170666 -0.00915334 0.01 96 96 0 0 0
8965 -0.153934 -0.00899819 0.01 54 54 0 0 0
8969 -0.125744 -0.00850569 0.01 72 71 0 0 0
8972 -0.158514 -0.00899819 0.01 54 54 0 0 0
9013 -0.158514 -0.00899819 0.01 54 54 0 0 0
9018 -0.17105 -0.00912117 0.01 96 96 0 0 0
9021 -0.153934 -0.0085982 0.01 54 54 0 0 0
9030 -0.170666 -0.00851043 0.01 96 96 0.0123927 0 0.000126828
9032 -0.168238 -0.00938584 0.01 72 72 0 0 0
9034 -0.158514 -0.00899819 0.01 54 54 0 0 0
9037 -0.167861 -0.00911942 0.01 72 72 0 0 0
9077 -0.136011 -0.00896305 0.01 72 72 0 0 0
9086 -0.170666 -0.00892765 0.01 98 97 0 0 0
9087 -0.161378 -0.00884886 0.01 72 73 0 0 0
9098 -0.153934 -0.00899819 0.01 53 53 0 0 0
9103 -0.170666 -0.00919142 0.01 96 96 0 0 0
9118 -0.182576 -0.00912117 0.01 97 97 0 0 0
9124 -0.158514 -0.00911286 0.01 54 54 0 0 0
9128 -0.170663 -0.00887425 0.01 72 72 0 0 0
9132 -0.153327 -0.00899819 0.01 53 53 0 0 0
9134 -0.170666 -0.00912117 0.01 96 96 0 0 0
9135 -0.136011 -0.00896382 0.01 72 72 -1.83284e-06 0 -7.68341e-07
9142 -0.182576 -0.00912117 0.01 97 97 0 0 0
9149 -0.182576 -0.00912117 0.01 98 98 0 0 0
9217 -0.170666 -0.00912117 0.01 96 96 0 0 0
9239 -0.182576 -0.00912117 0.01 97 97 0 0 0
9240 -0.154428 -0.00901461 0.01 53 53 0 0 0
9247 -0.158514 -0.00870914 0.01 53 54 0 0 0
9266 -0.172027 -0.00854027 0.01 72 72 0 0 0
9268 -0.183391 -0.00900006 0.01 72 72 0 0 0
9274 -0.182576 -0.00902065 0.01 97 97 0 0 0
9284 -0.13907 -0.00933554 0.01 72 72 0 0 0
9288 -0.165064 -0.0086464 0.01 72 73 0 0 0
9300 -0.158514 -0.00911286 0.01 54 54 0 0 0
9306 -0.172027 -0.00854027 0.01 72 72 0 0 0
9307 -0.153934 -0.00902147 0.01 54 54 0 0 0
9329 -0.158514 -0.00899819 0.01 54 54 0 0 0
9344 -0.158514 -0.00899819 0.01 54 54 0 0 0
9348 -0.158514 -0.00899819 0.01 54 54 0 0 0
9349 -0.153934 -0.00899819 0.01 54 54 0 0 0
9352 -0.158514 -0.00899819 0.01 52 52 0 0 0
9353 -0.158514 -0.00886256 0.01 53 53 0 0 0
9374 -0.158514 -0.00911286 0.01 52 52 0 0 0
9383 -0.183513 -0.00983317 0.01 72 72 0 0 0
9427 -0.182576 -0.00912117 0.01 98 98 0 0 0
9429 -0.158514 -0.00911286 0.01 53 53 0 0 0
9438 -0.158514 -0.00899819 0.01 54 54 0 0 0
9440 -0.158514 -0.00899819 0.01 54 54 0 0 0
9450 -0.127159 -0.00903567 0.01 72 72 0 0 0
9462 -0.182576 -0.00912117 0.01 97 97 0 0 0
9464 -0.175604 -0.00912117 0.01 96 96 0.0284489 -0.0049374 0
9503 -0.158514 -0.00886765 0.01 54 54 0 0 0
9505 -0.182576 -0.00948756 0.01 98 98 0 0 0
9521 -0.182576 -0.00926069 0.01 98 98 0 0 0
9538 -0.163919 -0.00864285 0.01 72 72 -0.00015384 0.00114492 0
9561 -0.18456 -0.00900006 0.01 72 72 0 0 0
9568 -0.153934 -0.00899819 0.01 54 54 0 0 0
9578 -0.168386 -0.00911286 0.01 54 54 2.82377e-05 -0.00987159 0
9591 -0.158514 -0.00899819 0.01 54 54 0 0 0
9601 -0.151299 -0.00888411 0.01 53 53 0 0 0
9605 -0.158514 -0.00899819 0.01 54 54 0 0 0
9623 -0.186829 -0.00931389 0.01 72 71 0 0 0
9624 -0.174229 -0.00938584 0.01 72 72 0 0 0
9629 -0.167861 -0.00911942 0.01 72 73 0 0 0
9635 -0.158514 -0.00899819 0.01 54 54 0 0 0
9656 -0.177252 -0.00910805 0.01 72 72 0 0 0
9658 -0.153228 -0.00993802 0.01 72 72 0 0 0
9684 -0.151299 -0.00899819 0.01 54 54 0 0 0
9692 -0.19675 -0.00907618 0.01 72 72 0 0 0
9693 -0.139484 -0.00905846 0.01 72 72 0 0 0
9709 -0.158514 -0.00899819 0.01 54 54 0 0 0
9718 -0.175604 -0.00912117 0.01 96 96 0 0 0
9721 -0.182576 -0.00912117 0.01 97 97 0 0 0
9731 -0.153934 -0.00895945 0.01 54 54 -4.91738e-07 0 3.87393e-05
9741 -0.182576 -0.00912117 0.01 97 97 0 0 0
9744 -0.18456 -0.00871736 0.01 72 72 0.000114113 0 0.000282708
9749 -0.170666 -0.00912117 0.01 96 96 0 0 0
9762 -0.175604 -0.00912117 0.01 96 96 0 0 0
9770 -0.170666 -0.00912117 0.01 96 96 0 0 0
9781 -0.158514 -0.00899819 0.01 52 52 0 0 0
9795 -0.158514 -0.00911286 0.01 54 54 0 0 0
9833 -0.18211 -0.00912117 0.01 97 97 0 0 0
9858 -0.170666 -0.00919142 0.01 96 96 0 0 0
9888 -0.158514 -0.00899819 0.01 54 54 0 0 0
9890 -0.174271 -0.00845416 0.01 72 73 0 0 0
9895 -0.158514 -0.00886765 0.01 54 54 0 0 0
9898 -0.170666 -0.00912117 0.01 96 96 0 0 0
9902 -0.144279 -0.00903567 0.01 72 72 0 0 0
9904 -0.182576 -0.00912117 0.01 97 97 0 0 0
9909 -0.158514 -0.00910983 0.01 54 54 0 0 0
9913 -0.154428 -0.00899819 0.01 54 54 0 0 0
9920 -0.182576 -0.00926069 0.01 97 97 0 0 0
9934 -0.158514 -0.00899819 0.01 54 54 0 0 0
9971 -0.182576 -0.00926069 0.01 98 98 0 0 0
9993 -0.158514 -0.00911286 0.01 54 54 0 0 0
10006 -0.177973 -0.00965842 0.01 72 72 0 0 0
10012 -0.158514 -0.00899819 0.01 52 54 0 0 0
10045 -0.158514 -0.00899819 0.01 54 54 0 0 0
10050 -0.170666 -0.00919142 0.01 96 96 0 0 0
10072 -0.164434 -0.00902085 0.01 72 72 0 0 0
10081 -0.170666 -0.00912117 0.01 96 96 0 0 0
10094 -0.158514 -0.00899819 0.01 53 53 0 0 0
10100 -0.170666 -0.00912117 0.01 96 96 0 0 0
10104 -0.182576 -0.00912117 0.01 97 97 0 0 0
10117 -0.182576 -0.00912117 0.01 96 96 0 0 0
10118 -0.158514 -0.00899819 0.01 54 54 0 0 0
10146 -0.158514 -0.00886256 0.01 53 53 0 0 0
10151 -0.158514 -0.00911286 0.01 54 54 0 0 0
10154 -0.182576 -0.00912117 0.01 97 97 0 0 0
10167 -0.182576 -0.00926069 0.01 98 98 0 0 0
10187 -0.170965 -0.00855742 0.01 72 72 0 0 0
10219 -0.158514 -0.00870914 0.01 54 54 0 0 0
10222 -0.151299 -0.00899819 0.01 54 54 0 0 0
10223 -0.182576 -0.00912117 0.01 97 97 0 0 0
10226 -0.170666 -0.00885628 0.01 96 96 0 0 0
10262 -0.182576 -0.00912117 0.01 97 97 0 0 0
10267 -0.170666 -0.00912117 0.01 96 96 0 0 0
10278 -0.182576 -0.00912117 0.01 97 97 0 0 0
10289 -0.195392 -0.00912117 0.01 97 97 0 0 0
10311 -0.170666 -0.00886441 0.01 97 96 0 0 0
10348 -0.158514 -0.00899819 0.01 53 54 0 0 0
10380 -0.154428 -0.00899819 0.01 53 53 0 0 0
10396 -0.182576 -0.00926069 0.01 97 97 0 0 0
10444 -0.158514 -0.00911286 0.01 54 54 0 0 0
10446 -0.170666 -0.00912117 0.01 96 96 0 0 0
10483 -0.173264 -0.00923893 0.01 97 97 -0.0687976 0.00931266 -0.000117765
10489 -0.158514 -0.00911286 0.01 54 55 0 0 0
10496 -0.174229 -0.00938584 0.01 72 72 0 0 0
10520 -0.154428 -0.00901461 0.01 53 53 0 0 0
10524 -0.153934 -0.00899819 0.01 53 53 0 0 0
10565 -0.182576 -0.00912117 0.01 97 97 0 0 0
10580 -0.170666 -0.00912117 0.01 96 96 0 0 0
10588 -0.182576 -0.00912117 0.01 98 98 0 0 0
10599 -0.158514 -0.00899819 0.01 54 54 0 0 0
10616 -0.182576 -0.00926069 0.01 98 98 0 0 0
10625 -0.154428 -0.00899819 0.01 54 54 0 0 0
10634 -0.170666 -0.00912117 0.01 97 97 0 0 0
10653 -0.158514 -0.00886256 0.01 53 53 0 0 0
10654 -0.158514 -0.00911286 0.01 54 54 0 0 0
10665 -0.186829 -0.00931389 0.01 72 71 0 0 0
10676 -0.179186 -0.00904505 0.01 72 72 8.67844e-05 0 0.000166056
10678 -0.158514 -0.0082689 0.01 54 54 0 0 0
10700 -0.182576 -0.00902065 0.01 97 97 0.0106348 0 0.000100522
10717 -0.182576 -0.00912117 0.01 97 97 0 0 0
10721 -0.18456 -0.00900006 0.01 72 72 0 0 0
10732 -0.158514 -0.00899819 0.01 54 54 0 0 0
10748 -0.170965 -0.00855742 0.01 72 72 0 0 0
10749 -0.170663 -0.00887425 0.01 72 72 0 0 0
10778 -0.182576 -0.00912117 0.01 97 97 0 0 0
10782 -0.170663 -0.00896155 0.01 72 72 0 0 0
10797 -0.182576 -0.00912117 0.01 97 97 0 0 0
10831 -0.182576 -0.00912117 0.01 96 97 0 0 0
10851 -0.176406 -0.00912117 0.01 96 96 0 0 0
10874 -0.158514 -0.00870914 0.01 54 54 0 0 0
10889 -0.165064 -0.0086464 0.01 72 72 0 0 0
10895 -0.171861 -0.00947952 0.01 72 72 0 0 0
10901 -0.170666 -0.00912117 0.01 96 96 0 0 0
10912 -0.164434 -0.00902085 0.01 72 72 0 0 0
10927 -0.153934 -0.00899819 0.01 54 54 0 0 0
10938 -0.182576 -0.00926069 0.01 98 98 0 0 0
10940 -0.158514 -0.00911286 0.01 54 54 0 0 0
10948 -0.1839 -0.00947952 0.01 72 72 0 0 0
10957 -0.182576 -0.00948756 0.01 98 98 0 0 0
10962 -0.182576 -0.00926069 0.01 98 98 0 0 0
10971 -0.158514 -0.00899819 0.01 54 54 0 0 0
10992 -0.164827 -0.00898594 0.01 54 55 0 0 0
10993 -0.182576 -0.00912117 0.01 97 97 0 0 0
11003 -0.183513 -0.00983317 0.01 72 72 0 0 0
11005 -0.182576 -0.00912117 0.01 97 97 0 0 0
11022 -0.182576 -0.00926069 0.01 97 97 0 0 0
11058 -0.176905 -0.00917002 0.01 72 73 0 0 0
11059 -0.158514 -0.00910983 0.01 54 54 0 0 0
11112 -0.158514 -0.00911286 0.01 54 54 0 0 0
11113 -0.170666 -0.00912117 0.01 96 96 0 0 0
11143 -0.170666 -0.00912117 0.01 96 96 0 0 0
11147 -0.169301 -0.00897037 0.01 72 72 0 0 0
11151 -0.185438 -0.00902206 0.01 72 71 -0.000502497 0.0113112 0
11153 -0.170666 -0.00912117 0.01 96 96 0 0 0
11178 -0.177187 -0.00911942 0.01 72 72 0 0 0
11189 -0.158514 -0.00899819 0.01 54 54 0 0 0
11192 -0.182576 -0.00946367 0.01 97 97 0 0 0
11217 -0.153327 -0.00899819 0.01 53 53 0 0 0
11225 -0.175604 -0.00912117 0.01 96 96 0 0 0
11229 -0.153934 -0.00899819 0.01 54 54 0 0 0
11230 -0.153934 -0.00899819 0.01 54 54 0 0 0
11238 -0.182576 -0.00926069 0.01 98 98 0 0 0
11265 -0.182576 -0.00926069 0.01 98 98 0 0 0
11282 -0.190041 -0.00886777 0.01 72 72 0 0 0
11286 -0.179704 -0.00868967 0.01 72 73 0 0 0
11293 -0.182576 -0.00926069 0.01 97 97 0 0 0
11307 -0.162534 -0.00875284 0.01 72 73 0 0 0
11343 -0.158514 -0.00897582 0.01 54 54 -1.43796e-06 0 0.000137043
11367 -0.182576 -0.00912117 0.01 97 97 0 0 0
11375 -0.191362 -0.00912117 0.01 98 98 0 0 0
11377 -0.163802 -0.0102849 0.01 72 72 0 0 0
11410 -0.176406 -0.00912117 0.01 96 96 0 0 0
11422 -0.127159 -0.00903567 0.01 72 72 0 0 0
11424 -0.1576 -0.00934158 0.01 72 74 0.00121877 -0.00372246 0
11433 -0.158514 -0.00911286 0.01 54 54 0 0 0
11438 -0.175604 -0.00912117 0.01 96 96 0 0 0
11439 -0.158514 -0.00870914 0.01 54 54 0 0 0
11440 -0.150877 -0.00872649 0.01 72 72 0 0 0
11445 -0.158514 -0.00899819 0.01 52 52 0 0 0
11480 -0.182576 -0.00926069 0.01 98 98 0 0 0
11483 -0.158514 -0.00899819 0.01 53 54 0 0 0
11494 -0.170666 -0.00912117 0.01 96 96 0 0 0
11497 -0.158514 -0.00911286 0.01 54 54 0 0 0
11536 -0.170666 -0.00912117 0.01 96 96 0 0 0
11543 -0.186967 -0.00856028 0.01 72 72 5.93066e-05 0 0.000168604
11545 -0.187007 -0.0086611 0.01 72 72 0 0 0
11554 -0.158514 -0.00899819 0.01 54 54 0 0 0
11557 -0.172027 -0.00854027 0.01 72 72 0 0 0
11559 -0.127159 -0.00903567 0.01 72 72 0 0 0
11573 -0.153327 -0.00899819 0.01 53 53 0 0 0
11577 -0.165175 -0.00957347 0.01 72 71 0 0 0
11581 -0.153934 -0.00899819 0.01 54 54 0 0 0
11593 -0.158514 -0.00899819 0.01 54 54 0 0 0
11604 -0.183513 -0.00983317 0.01 72 72 0 0 0
11609 -0.165064 -0.00864285 0.01 72 72 0 0 0
11618 -0.172861 -0.00878497 0.01 72 72 0 0 0
11646 -0.158514 -0.00899819 0.01 54 54 0 0 0
11660 -0.186967 -0.00872236 0.01 72 72 0 0 0
11691 -0.170666 -0.00919142 0.01 96 96 0 0 0
11715 -0.170666 -0.00912117 0.01 96 96 0 0 0
11721 -0.180414 -0.00950304 0.01 72 72 0 0 0
11722 -0.160663 -0.00845416 0.01 72 72 0 0 0
11724 -0.189788 -0.00866688 0.01 72 72 0.00011012 0 0.000333183
11739 -0.170965 -0.00855742 0.01 72 72 0 0 0
11770 -0.182576 -0.00912117 0.01 98 98 0 0 0
11774 -0.158514 -0.00899819 0.01 54 54 0 0 0
11777 -0.182576 -0.00912117 0.01 97 97 0 0 0
11781 -0.153228 -0.00993802 0.01 72 72 0 0 0
11790 -0.153228 -0.0100126 0.01 72 72 0 0 0
11793 -0.182576 -0.00926069 0.01 97 97 0 0 0
11802 -0.158514 -0.00899819 0.01 54 54 0 0 0
11808 -0.170663 -0.00887141 0.01 72 72 0 0 0
11810 -0.170666 -0.00912117 0.01 96 96 0 0 0
11821 -0.182576 -0.00926069 0.01 97 97 0 0 0
11824 -0.155752 -0.00870914 0.01 54 54 0 0 0
11828 -0.156746 -0.00920572 0.01 54 54 0 0 0
11836 -0.158514 -0.00899819 0.01 54 54 0 0 0
11843 -0.156746 -0.00920572 0.01 54 54 -6.22869e-06 0.00176826 0
11846 -0.182576 -0.00946367 0.01 97 97 0 0 0
11848 -0.153228 -0.00993802 0.01 72 72 0 0 0
11854 -0.158514 -0.00899819 0.01 54 54 0 0 0
11858 -0.158514 -0.00870914 0.01 54 54 0 0 0
11869 -0.170666 -0.00912117 0.01 97 97 0 0 0
11873 -0.158514 -0.00886256 0.01 53 53 0 0 0
11879 -0.175604 -0.00912117 0.01 96 96 0 0 0
11883 -0.177252 -0.00910805 0.01 72 72 0 0 0
11905 -0.182576 -0.00912117 0.01 97 97 0 0 0
11912 -0.144956 -0.00899819 0.01 54 54 0 0 0
11917 -0.182576 -0.00912117 0.01 98 98 0 0 0
11923 -0.165064 -0.00864285 0.01 72 73 0 0 0
11934 -0.158514 -0.00911286 0.01 54 54 0 0 0
11946 -0.182576 -0.00926069 0.01 97 97 0 0 0
11951 -0.182576 -0.00912117 0.01 97 97 0 0 0
11957 -0.158514 -0.00899819 0.01 52 52 0 0 0
11958 -0.170965 -0.00855742 0.01 72 72 0 0 0
11970 -0.153934 -0.00889288 0.01 54 54 -1.3262e-06 0 0.000105305
11972 -0.158514 -0.00899819 0.01 54 55 0 0 0
11973 -0.182576 -0.00912117 0.01 98 98 0 0 0
11982 -0.182576 -0.00912117 0.01 97 97 0 0 0
11992 -0.182576 -0.00912117 0.01 98 98 0 0 0
11993 -0.158514 -0.00920572 0.01 54 54 0 0 0
12016 -0.170666 -0.00894632 0.01 96 96 0 0 0
12021 -0.165064 -0.00864285 0.01 72 72 0 0 0
12067 -0.182576 -0.00912117 0.01 97 97 0 0 0
12077 -0.158514 -0.00870914 0.01 54 54 0 0 0
12082 -0.170666 -0.00901813 0.01 96 96 0.0181816 0 0.000173299
12091 -0.195392 -0.00912117 0.01 97 97 0 0 0
12092 -0.18456 -0.00900006 0.01 72 72 0 0 0
12093 -0.158514 -0.00899819 0.01 54 54 0 0 0
12113 -0.158514 -0.00899819 0.01 54 54 0 0 0
12128 -0.182576 -0.00912117 0.01 97 97 0 0 0
12137 -0.158514 -0.00886256 0.01 53 53 0 0 0
12188 -0.175315 -0.00965842 0.01 72 72 0 0 0
12203 -0.158514 -0.00911286 0.01 53 53 0 0 0
12237 -0.158514 -0.00899819 0.01 54 55 0 0 0
12244 -0.158514 -0.00899819 0.01 54 55 0 0 0
12293 -0.170666 -0.00885049 0.01 96 96 0.00984743 0 9.58238e-05
12299 -0.182576 -0.00912117 0.01 97 97 0 0 0
12305 -0.19675 -0.00902206 0.01 72 72 0 0 0
12307 -0.153228 -0.00993802 0.01 72 72 0 0 0
12309 -0.170666 -0.00919142 0.01 96 96 0 0 0
12323 -0.182576 -0.00926069 0.01 97 97 0 0 0
12330 -0.170666 -0.00912117 0.01 96 96 0 0 0
12366 -0.170965 -0.00855742 0.01 72 72 0 0 0
12378 -0.175572 -0.00900006 0.01 72 72 0 0 0
12398 -0.182576 -0.00912117 0.01 96 96 0 0 0
12404 -0.164434 -0.00902085 0.01 72 72 0 0 0
12418 -0.170666 -0.00851043 0.01 96 96 0 0 0
12428 -0.158514 -0.00886765 0.01 53 54 0 0 0
12446 -0.158514 -0.00911286 0.01 54 54 0 0 0
12455 -0.158514 -0.00899819 0.01 54 54 0 0 0
12461 -0.189788 -0.00866688 0.01 72 72 0 0 0
12465 -0.153934 -0.00898105 0.01 54 54 -2.16067e-07 0 1.71345e-05
12512 -0.153934 -0.0085982 0.01 54 54 0 0 0
12515 -0.153934 -0.00906118 0.01 54 55 0 0 0
12523 -0.153327 -0.00899819 0.01 54 53 0 0 0
12527 -0.158514 -0.00899819 0.01 54 54 0 0 0
12544 -0.158514 -0.00899819 0.01 54 54 0 0 0
12565 -0.154428 -0.00899819 0.01 54 54 0 0 0
12578 -0.155752 -0.00870914 0.01 54 54 -1.05128e-05 0.00276259 0
12596 -0.165175 -0.00957347 0.01 72 71 0 0 0
12597 -0.170666 -0.00886441 0.01 97 97 0 0 0
12619 -0.176406 -0.00912117 0.01 96 96 0 0 0
12640 -0.153934 -0.00899819 0.01 54 54 0 0 0
12642 -0.165064 -0.00864285 0.01 72 72 0 0 0
12643 -0.173777 -0.00906116 0.01 72 73 0 0 0
12653 -0.153934 -0.00899819 0.01 54 54 0 0 0
12654 -0.182576 -0.00912117 0.01 98 98 0 0 0
12659 -0.182576 -0.00926069 0.01 97 97 0 0 0
12661 -0.168927 -0.00825883 0.01 72 72 0 0 0
12664 -0.158514 -0.00899819 0.01 53 54 0 0 0
12668 -0.153934 -0.00899819 0.01 54 54 0 0 0
12692 -0.170666 -0.00912117 0.01 96 96 0 0 0
12713 -0.168927 -0.00825883 0.01 72 71 0 0 0
12722 -0.133321 -0.00872649 0.01 72 72 0 0 0
12751 -0.154428 -0.00899819 0.01 53 53 0 0 0
12767 -0.182576 -0.00912117 0.01 97 97 0 0 0
12775 -0.177187 -0.00911942 0.01 72 72 0 0 0
12776 -0.170666 -0.00912117 0.01 96 96 0 0 0
12794 -0.170767 -0.00889804 0.01 72 72 0 0 0
12796 -0.189788 -0.00866688 0.01 72 72 0 0 0
12819 -0.153934 -0.00899819 0.01 54 54 0 0 0
12836 -0.158514 -0.00911286 0.01 54 54 0 0 0
12867 -0.175604 -0.00912117 0.01 96 96 0 0 0
12876 -0.123445 -0.00905846 0.01 72 72 0 0 0
12900 -0.159909 -0.00912117 0.01 96 95 0 0 0
12903 -0.182576 -0.00912117 0.01 97 97 0 0 0
12915 -0.182576 -0.00912117 0.01 96 96 0 0 0
12921 -0.153934 -0.00899819 0.01 53 54 0 0 0
12931 -0.182576 -0.00926069 0.01 97 97 0 0 0
12952 -0.158514 -0.00880069 0.01 53 53 -6.10948e-07 0 6.1865e-05
12953 -0.170666 -0.00912117 0.01 96 96 0 0 0
12962 -0.153934 -0.00899819 0.01 54 54 0 0 0
12974 -0.144956 -0.00899819 0.01 54 54 0 0 0
12983 -0.170965 -0.00855742 0.01 72 72 0 0 0
12984 -0.158514 -0.00911286 0.01 53 53 0 0 0
12990 -0.140458 -0.00805901 0.01 72 72 0 0 0
13001 -0.182576 -0.00912117 0.01 96 97 0 0 0
13011 -0.174229 -0.00938584 0.01 72 72 0 0 0
13013 -0.182576 -0.00912117 0.01 98 97 0 0 0
13037 -0.170666 -0.00866605 0.01 96 96 0.0200135 0 0.000198353
13055 -0.154428 -0.00899819 0.01 53 53 0 0 0
13072 -0.182576 -0.00912117 0.01 97 97 0 0 0
13088 -0.170666 -0.00912117 0.01 96 96 0 0 0
13119 -0.18456 -0.00900006 0.01 72 72 0 0 0
13127 -0.169518 -0.00912117 0.01 97 97 -0.0784053 0.0130583 0
13129 -0.158514 -0.00899819 0.01 52 52 0 0 0
13135 -0.136011 -0.00896305 0.01 72 72 0 0 0
13136 -0.176164 -0.00884886 0.01 72 72 0 0 0
13142 -0.137285 -0.00896305 0.01 72 72 0 0 0
13175 -0.177973 -0.00965842 0.01 72 72 0 0 0
13180 -0.169301 -0.00897037 0.01 72 72 0 0 0
13188 -0.182576 -0.00963769 0.01 97 97 0 0 0
13214 -0.19675 -0.00907618 0.01 72 72 0 0 0
13217 -0.153934 -0.00899819 0.01 54 54 0 0 0
13221 -0.153438 -0.00921572 0.01 72 73 0 0 0
13233 -0.177973 -0.00965842 0.01 72 72 0 0 0
13243 -0.17105 -0.00912117 0.01 96 95 0 0 0
13263 -0.170666 -0.00892765 0.01 97 97 0 0 0
13277 -0.158514 -0.00911286 0.01 54 54 0 0 0
13286 -0.182576 -0.00912117 0.01 97 97 0 0 0
13292 -0.153934 -0.00899819 0.01 54 54 0 0 0
13300 -0.139223 -0.00865434 0.01 72 71 0 0 0
13301 -0.164434 -0.00902085 0.01 72 72 0 0 0
13318 -0.158514 -0.00899819 0.01 54 54 0 0 0
13323 -0.170666 -0.00912117 0.01 97 97 0 0 0
13343 -0.158514 -0.00886256 0.01 53 53 0 0 0
13347 -0.158514 -0.00911286 0.01 54 54 0 0 0
13369 -0.174229 -0.00938584 0.01 72 72 0 0 0
13374 -0.187511 -0.00912117 0.01 97 97 0 0 0
13404 -0.158514 -0.00911286 0.01 54 54 0 0 0
13417 -0.145185 -0.0087886 0.01 72 72 0 0 0
13421 -0.158514 -0.00870914 0.01 54 54 0 0 0
13424 -0.158514 -0.00899819 0.01 54 54 0 0 0
13426 -0.177252 -0.00910805 0.01 72 72 0 0 0
13434 -0.170663 -0.00887141 0.01 72 72 0 0 0
13437 -0.149269 -0.00879543 0.01 72 73 0 0 0
13443 -0.170663 -0.00907077 0.01 72 72 0 0 0
13445 -0.182576 -0.00912117 0.01 97 97 0 0 0
13451 -0.170663 -0.00957347 0.01 72 71 0 0 0
13455 -0.164434 -0.00902085 0.01 72 72 0 0 0
13467 -0.176406 -0.00912117 0.01 96 96 0 0 0
13486 -0.153228 -0.00993802 0.01 72 72 0 0 0
13490 -0.192799 -0.00912117 0.01 97 97 0.055802 -0.0102228 0
13495 -0.158514 -0.00899819 0.01 54 55 0 0 0
13515 -0.127159 -0.00903567 0.01 72 72 0 0 0
13516 -0.182576 -0.00926069 0.01 97 97 0 0 0
13521 -0.158514 -0.00870914 0.01 53 53 0 0 0
13522 -0.170666 -0.00912117 0.01 98 96 0 0 0
13534 -0.177287 -0.0097631 0.01 72 72 0 0 0
13539 -0.136011 -0.00896382 0.01 72 72 0 0 0
13545 -0.182576 -0.00912117 0.01 98 98 0 0 0
13564 -0.182576 -0.00948756 0.01 98 98 0 0 0
13571 -0.170666 -0.00912117 0.01 97 97 0 0 0
13596 -0.170666 -0.00919142 0.01 96 96 0 0 0
13597 -0.158514 -0.00886256 0.01 53 53 0 0 0
13614 -0.151299 -0.00899819 0.01 54 54 0 0 0
13624 -0.170666 -0.00912117 0.01 97 96 0 0 0
13636 -0.158514 -0.00877536 0.01 54 54 0 0 0
13649 -0.149419 -0.00873076 0.01 72 71 0 0 0
13665 -0.187007 -0.0086611 0.01 72 72 0 0 0
13676 -0.174229 -0.00938584 0.01 72 72 0 0 0
13678 -0.153228 -0.00993802 0.01 72 72 0 0 0
13691 -0.182576 -0.00912117 0.01 97 97 0 0 0
13695 -0.170666 -0.00912117 0.01 96 96 0 0 0
13725 -0.182576 -0.00948756 0.01 98 98 0 0 0
13734 -0.165064 -0.00864285 0.01 72 73 0 0 0
13741 -0.153934 -0.00906118 0.01 54 55 0 0 0
13769 -0.182576 -0.00912117 0.01 97 97 0 0 0
13771 -0.170666 -0.00866605 0.01 96 96 0 0 0
13786 -0.164434 -0.00889391 0.01 72 72 0 0 0
13821 -0.182576 -0.00912117 0.01 98 98 0 0 0
13833 -0.165064 -0.00864285 0.01 72 72 0 0 0
13843 -0.158514 -0.00886765 0.01 53 53 0 0 0
13866 -0.153934 -0.00899819 0.01 54 54 0 0 0
13879 -0.164434 -0.00902085 0.01 72 72 0 0 0
13923 -0.170666 -0.00851043 0.01 96 96 0 0 0
13928 -0.149269 -0.00879543 0.01 72 73 0 0 0
13946 -0.158514 -0.00870914 0.01 53 54 0 0 0
13952 -0.182576 -0.00948756 0.01 98 98 0 0 0
13953 -0.170666 -0.00915334 0.01 96 96 0 0 0
13961 -0.149269 -0.00879543 0.01 72 72 0 0 0
13963 -0.182576 -0.00946367 0.01 97 97 0 0 0
13991 -0.182576 -0.00926069 0.01 98 98 0 0 0
13992 -0.170663 -0.00911942 0.01 72 72 0 0 0
14020 -0.182576 -0.00912117 0.01 97 97 0 0 0
14031 -0.170666 -0.00892765 0.01 97 97 0 0 0
14032 -0.174271 -0.00845416 0.01 72 72 0 0 0
14053 -0.170666 -0.00894632 0.01 96 96 0 0 0
14054 -0.170666 -0.00912117 0.01 96 96 0 0 0
14068 -0.182576 -0.00912117 0.01 97 97 0 0 0
14070 -0.177287 -0.0097631 0.01 72 72 0 0 0
14079 -0.171861 -0.00947952 0.01 72 72 0 0 0
14088 -0.177252 -0.00910805 0.01 72 72 0 0 0
14094 -0.174229 -0.00938584 0.01 72 72 0 0 0
14098 -0.182576 -0.00912117 0.01 97 97 0 0 0
14111 -0.158514 -0.00899819 0.01 53 54 0 0 0
14134 -0.158514 -0.00870914 0.01 54 54 0 0 0
14135 -0.190041 -0.00902011 0.01 72 72 0 0 0
14138 -0.170666 -0.00912117 0.01 96 96 0 0 0
14160 -0.158514 -0.00886765 0.01 54 54 0 0 0
14179 -0.159909 -0.00912117 0.01 96 95 0 0 0
14187 -0.168238 -0.00938584 0.01 72 71 0 0 0
14209 -0.139667 -0.00800213 0.01 72 71 0 0 0
14253 -0.182576 -0.00912117 0.01 97 97 0 0 0
14270 -0.182576 -0.00912117 0.01 97 97 0 0 0
14292 -0.172861 -0.00878497 0.01 72 72 0 0 0
14309 -0.158514 -0.00911286 0.01 53 54 0 0 0
14341 -0.182576 -0.00912117 0.01 98 98 0 0 0
14348 -0.151299 -0.00899819 0.01 54 55 0 0 0
14356 -0.153228 -0.0100126 0.01 72 72 0 0 0
14357 -0.158514 -0.00899819 0.01 53 53 0 0 0
14360 -0.170666 -0.00885628 0.01 96 96 0.0274872 0 0.000264887
14380 -0.158514 -0.00899819 0.01 54 54 0 0 0
14381 -0.170666 -0.00892765 0.01 97 97 0 0 0
14383 -0.158514 -0.00911286 0.01 54 54 0 0 0
14397 -0.170666 -0.00909617 0.01 96 96 0 0 0
14418 -0.177252 -0.00910805 0.01 72 72 0 0 0
14428 -0.170663 -0.00887425 0.01 72 72 0 0 0
14438 -0.170666 -0.00912117 0.01 96 96 0 0 0
14458 -0.169301 -0.00897037 0.01 72 72 0 0 0
14461 -0.158514 -0.00911286 0.01 54 54 0 0 0
14466 -0.182576 -0.00912117 0.01 98 98 0 0 0
14477 -0.170666 -0.00866605 0.01 96 96 0 0 0
14478 -0.158514 -0.00899819 0.01 54 54 0 0 0
14483 -0.132908 -0.00903682 0.01 72 72 0.00054498 0 0.0001985
14487 -0.176164 -0.00884886 0.01 72 72 0 0 0
14515 -0.170666 -0.00912117 0.01 96 96 0 0 0
14528 -0.154428 -0.00899819 0.01 53 53 0 0 0
14529 -0.182576 -0.00912117 0.01 97 97 0 0 0
14542 -0.177973 -0.00961295 0.01 72 72 2.78354e-05 0 4.54681e-05
14549 -0.182576 -0.00963769 0.01 97 97 0 0 0
14562 -0.158514 -0.00899819 0.01 54 54 0 0 0
14568 -0.158514 -0.00899819 0.01 54 54 0 0 0
14571 -0.158514 -0.00886256 0.01 53 53 0 0 0
14575 -0.170666 -0.00912117 0.01 96 96 0 0 0
14582 -0.170666 -0.00912117 0.01 96 96 0 0 0
14587 -0.154428 -0.00901461 0.01 53 53 -2.16067e-06 0 0.00019232
14592 -0.154428 -0.00899819 0.01 53 53 0 0 0
14600 -0.178104 -0.00891413 0.01 72 71 0 0 0
14604 -0.154428 -0.00899819 0.01 53 53 0 0 0
14625 -0.170666 -0.00912117 0.01 96 96 0 0 0
14626 -0.170666 -0.00912117 0.01 96 96 0 0 0
14643 -0.177287 -0.00993802 0.01 72 72 0 0 0
14645 -0.170666 -0.00892765 0.01 97 97 0 0 0
14647 -0.158514 -0.00899819 0.01 54 54 0 0 0
14651 -0.170663 -0.00887141 0.01 72 72 0 0 0
14658 -0.153934 -0.00902147 0.01 54 54 0 0 0
14707 -0.182576 -0.00912117 0.01 96 97 0 0 0
14710 -0.154428 -0.00945244 0.01 53 53 4.82053e-06 0 -0.000437832
14742 -0.127675 -0.00895406 0.01 72 72 0 0 0
14765 -0.169301 -0.00927503 0.01 72 72 0 0 0
14777 -0.149419 -0.00873076 0.01 72 72 0 0 0
14804 -0.190717 -0.00872888 0.01 72 72 0.000209183 -0.00375047 0
14813 -0.170666 -0.00912117 0.01 96 96 0 0 0
14820 -0.136731 -0.00862526 0.01 72 72 0 0 0
14823 -0.170965 -0.00855742 0.01 72 72 0 0 0
14824 -0.151299 -0.00888411 0.01 54 54 0 0 0
14832 -0.170965 -0.00855742 0.01 72 72 0 0 0
14866 -0.158514 -0.00899819 0.01 53 53 0 0 0
14870 -0.158514 -0.00886256 0.01 53 53 0 0 0
14879 -0.170666 -0.00886441 0.01 96 96 0 0 0
14888 -0.170965 -0.00855742 0.01 72 72 0 0 0
14893 -0.149419 -0.00873076 0.01 72 72 0 0 0
14908 -0.153934 -0.00899819 0.01 54 55 0 0 0
14933 -0.159909 -0.00912117 0.01 96 95 0 0 0
14958 -0.158514 -0.00911286 0.01 53 53 0 0 0
14961 -0.186967 -0.00872888 0.01 72 72 0 0 0
14969 -0.170663 -0.00887425 0.01 72 72 0 0 0
14984 -0.16654 -0.00912117 0.01 96 96 -0.0242563 0.00412667 0
14997 -0.158514 -0.00870914 0.01 53 53 0 0 0
15008 -0.171484 -0.00912117 0.01 96 96 0 0 0
15016 -0.182576 -0.00926069 0.01 97 97 0 0 0
15029 -0.165064 -0.00864285 0.01 72 72 0 0 0
15049 -0.151299 -0.00899819 0.01 54 55 0 0 0
15050 -0.158514 -0.00910983 0.01 54 54 1.16974e-06 0 -0.00011164
15055 -0.158514 -0.00899819 0.01 54 54 0 0 0
15060 -0.170666 -0.00912117 0.01 97 97 0 0 0
15082 -0.182576 -0.00912117 0.01 97 97 0 0 0
15093 -0.182576 -0.00912117 0.01 96 97 0 0 0
15094 -0.170666 -0.00912117 0.01 96 96 0 0 0
15116 -0.158514 -0.00870914 0.01 54 54 0 0 0
15126 -0.158514 -0.00911286 0.01 54 54 0 0 0
15131 -0.153934 -0.00899819 0.01 54 54 0 0 0
15140 -0.1839 -0.00956308 0.01 72 72 0 0 0
15146 -0.170666 -0.00912117 0.01 96 96 0 0 0
15148 -0.182576 -0.00912117 0.01 97 97 0 0 0
15168 -0.158514 -0.00899819 0.01 54 54 0 0 0
15175 -0.158514 -0.00899819 0.01 54 54 0 0 0
15191 -0.158514 -0.00889983 0.01 53 53 0 0 0
15192 -0.182576 -0.00926069 0.01 97 97 0 0 0
15195 -0.154428 -0.00899819 0.01 53 53 0 0 0
15197 -0.170666 -0.00912117 0.01 97 97 0 0 0
15206 -0.182576 -0.00926069 0.01 98 98 0 0 0
15213 -0.170666 -0.00912117 0.01 96 96 0 0 0
15215 -0.182576 -0.00912117 0.01 97 97 0 0 0
15268 -0.158514 -0.00899819 0.01 54 54 0 0 0
15272 -0.18949 -0.00912117 0.01 97 97 0.0384996 -0.00691405 0
15276 -0.170666 -0.00912117 0.01 96 96 0 0 0
15293 -0.169301 -0.00897037 0.01 72 72 0 0 0
15305 -0.158514 -0.00899819 0.01 52 52 0 0 0
15308 -0.168238 -0.00938584 0.01 72 72 0 0 0
15310 -0.182576 -0.00910833 0.01 97 97 0.00136873 0 1.28411e-05
15330 -0.154906 -0.00845416 0.01 72 72 0 0 0
15332 -0.170666 -0.00912117 0.01 96 96 0 0 0
15333 -0.168238 -0.00938584 0.01 72 72 0 0 0
15373 -0.127675 -0.00895406 0.01 72 72 0 0 0
15374 -0.182576 -0.00948756 0.01 98 98 0 0 0
15377 -0.154906 -0.00845416 0.01 72 72 0 0 0
15383 -0.158514 -0.00886256 0.01 53 53 0 0 0
15408 -0.182576 -0.00912117 0.01 98 98 0 0 0
15414 -0.149269 -0.00879543 0.01 72 72 0 0 0
15418 -0.158514 -0.00886256 0.01 53 53 0 0 0
15446 -0.19675 -0.00907618 0.01 72 72 0 0 0
15447 -0.182576 -0.00926069 0.01 97 97 0 0 0
15464 -0.158514 -0.00911286 0.01 54 54 0 0 0
15480 -0.158514 -0.00899819 0.01 54 54 0 0 0
15493 -0.158514 -0.00911286 0.01 54 54 0 0 0
15523 -0.190717 -0.00872888 0.01 72 72 0 0 0
15538 -0.182576 -0.00926069 0.01 97 97 0 0 0
15541 -0.174229 -0.00938584 0.01 72 72 0 0 0
15542 -0.158514 -0.00911286 0.01 54 54 0 0 0
15564 -0.176905 -0.00917002 0.01 72 72 0 0 0
15579 -0.190041 -0.00902011 0.01 72 72 0 0 0
15602 -0.153934 -0.00927634 0.01 53 54 3.42727e-06 0 -0.000278158
15607 -0.158514 -0.00886765 0.01 54 54 0 0 0
15638 -0.153934 -0.00899819 0.01 54 54 0 0 0
15648 -0.170666 -0.00912117 0.01 96 96 0 0 0
15651 -0.158514 -0.00899819 0.01 54 54 0 0 0
15660 -0.158514 -0.00899819 0.01 54 54 0 0 0
15669 -0.158514 -0.00899819 0.01 54 54 0 0 0
15698 -0.153934 -0.00902147 0.01 53 55 0 0 0
15699 -0.15079 -0.00881049 0.01 72 72 0 0 0
15710 -0.149269 -0.00879543 0.01 72 72 0 0 0
15731 -0.18456 -0.00900006 0.01 72 72 0 0 0
15737 -0.174271 -0.00845416 0.01 72 72 0 0 0
15752 -0.174229 -0.00938584 0.01 72 72 0 0 0
15757 -0.203114 -0.00927978 0.01 72 74 0 0 0
15759 -0.182576 -0.00912117 0.01 97 97 0 0 0
15771 -0.170666 -0.00919142 0.01 96 96 0 0 0
15775 -0.158514 -0.00899819 0.01 54 55 0 0 0
15778 -0.186829 -0.00931389 0.01 72 72 0 0 0
15780 -0.182576 -0.00953191 0.01 98 98 -0.00535479 0 -4.43514e-05
15786 -0.170666 -0.00912117 0.01 96 96 0 0 0
15807 -0.158514 -0.00899819 0.01 54 54 0 0 0
15825 -0.195392 -0.00912117 0.01 98 98 0 0 0
15835 -0.158514 -0.00899819 0.01 53 53 0 0 0
15853 -0.158514 -0.00899819 0.01 53 53 0 0 0
15866 -0.161378 -0.00884886 0.01 72 73 0 0 0
15874 -0.134787 -0.00805901 0.01 72 72 0 0 0
15880 -0.170666 -0.00919142 0.01 96 95 0 0 0
15889 -0.158514 -0.00911286 0.01 54 54 0 0 0
15890 -0.149419 -0.00873076 0.01 72 72 0 0 0
15892 -0.19675 -0.00907618 0.01 72 72 0 0 0
15937 -0.170666 -0.00912117 0.01 97 96 0 0 0
15941 -0.153934 -0.00899819 0.01 54 54 0 0 0
15950 -0.158514 -0.00899819 0.01 54 54 0 0 0
15964 -0.158514 -0.00899819 0.01 54 54 0 0 0
15968 -0.170666 -0.00919142 0.01 96 96 0 0 0
15976 -0.168238 -0.00938584 0.01 72 73 0 0 0
15978 -0.136011 -0.00896305 0.01 72 72 0 0 0
15979 -0.165064 -0.00864285 0.01 72 72 0 0 0
15980 -0.153934 -0.00899819 0.01 54 54 0 0 0
15985 -0.158514 -0.00899819 0.01 54 54 0 0 0
15998 -0.170666 -0.00912117 0.01 96 96 0 0 0
16002 -0.177287 -0.00993802 0.01 72 73 0 0 0
16039 -0.170965 -0.00855742 0.01 72 72 0 0 0
16047 -0.158514 -0.00889983 0.01 53 53 -9.61125e-07 0 9.83542e-05
16052 -0.154906 -0.00845416 0.01 72 72 0 0 0
16053 -0.170666 -0.00912117 0.01 97 97 0 0 0
16055 -0.158514 -0.00899819 0.01 54 55 0 0 0
16062 -0.170666 -0.00912117 0.01 96 96 0 0 0
16065 -0.165064 -0.00864285 0.01 72 72 0 0 0
16081 -0.154428 -0.00899819 0.01 53 53 0 0 0
16088 -0.177366 -0.00851043 0.01 96 96 0.034479 -0.00669989 0
16095 -0.170666 -0.00912117 0.01 96 96 0 0 0
16135 -0.165064 -0.00864285 0.01 72 73 0 0 0
16150 -0.149419 -0.00873076 0.01 72 72 0 0 0
16161 -0.158514 -0.00899819 0.01 52 52 0 0 0
16165 -0.170666 -0.00912117 0.01 97 97 0 0 0
16172 -0.158514 -0.00899819 0.01 54 54 0 0 0
16180 -0.161378 -0.00884886 0.01 72 72 0 0 0
16196 -0.151299 -0.00896898 0.01 54 54 0 0 0
16201 -0.170666 -0.00919142 0.01 96 96 0 0 0
16203 -0.182576 -0.00926069 0.01 97 97 0 0 0
16206 -0.182576 -0.00926069 0.01 97 97 0 0 0
16207 -0.182576 -0.00948756 0.01 98 98 0 0 0
16210 -0.168927 -0.00825883 0.01 72 71 0 0 0
16230 -0.176126 -0.00902308 0.01 72 72 0 0 0
16235 -0.158514 -0.00911286 0.01 53 53 0 0 0
16236 -0.177287 -0.00994017 0.01 72 72 -1.46031e-06 0 -2.14297e-06
16241 -0.182576 -0.00912117 0.01 98 98 0 0 0
16242 -0.158514 -0.00899819 0.01 53 53 0 0 0
16258 -0.170666 -0.00921661 0.01 97 97 -0.0326942 0 -0.000288968
16265 -0.126491 -0.00887285 0.01 72 71 0 0 0
16269 -0.170666 -0.00912117 0.01 96 96 0 0 0
16283 -0.158514 -0.00911286 0.01 54 54 0 0 0
16301 -0.170179 -0.0086611 0.01 72 72 0 0 0
16303 -0.158514 -0.00886256 0.01 53 53 0 0 0
16313 -0.170666 -0.00919142 0.01 96 96 0 0 0
16343 -0.182576 -0.00912117 0.01 97 97 0 0 0
16357 -0.158514 -0.00899819 0.01 54 54 0 0 0
16383 -0.182576 -0.00912117 0.01 97 97 0 0 0
16395 -0.149269 -0.00879543 0.01 72 73 0 0 0
16407 -0.182576 -0.00901358 0.01 97 97 0.011375 0 0.000107587
16415 -0.182576 -0.00912117 0.01 97 97 0 0 0
16447 -0.166559 -0.00912117 0.01 96 96 -0.0571249 0.00984646 0
16448 -0.158514 -0.00899819 0.01 54 54 0 0 0
16450 -0.176406 -0.00912117 0.01 96 96 0 0 0
16462 -0.191362 -0.00912117 0.01 98 97 0 0 0
16467 -0.182576 -0.00912117 0.01 97 97 0 0 0
16488 -0.164434 -0.00902085 0.01 72 72 0 0 0
16502 -0.139667 -0.00800213 0.01 72 72 0 0 0
16535 -0.161378 -0.00882397 0.01 72 73 0 0 0
16551 -0.182576 -0.00912117 0.01 97 97 0 0 0
16555 -0.153934 -0.00902147 0.01 54 54 0 0 0
16568 -0.18162 -0.00942295 0.01 96 95 0 0 0
16572 -0.182576 -0.00912117 0.01 97 97 0 0 0
16578 -0.170666 -0.00912117 0.01 96 96 0 0 0
16583 -0.154428 -0.00899819 0.01 53 53 0 0 0
16591 -0.166782 -0.00851354 0.01 72 73 0 0 0
16593 -0.136731 -0.00862526 0.01 72 72 0 0 0
16596 -0.15862 -0.00887425 0.01 72 72 0 0 0
16605 -0.158514 -0.00899819 0.01 54 54 0 0 0
16629 -0.153934 -0.0085982 0.01 54 54 0 0 0
16636 -0.168238 -0.00938584 0.01 72 72 0 0 0
16637 -0.158514 -0.00911286 0.01 54 54 0 0 0
16638 -0.19675 -0.00907618 0.01 72 72 0 0 0
16640 -0.158514 -0.00899819 0.01 54 54 0 0 0
16643 -0.170666 -0.00919142 0.01 96 96 0 0 0
16666 -0.158514 -0.00899819 0.01 54 54 0 0 0
16700 -0.158514 -0.00911286 0.01 54 54 0 0 0
16706 -0.158514 -0.00870914 0.01 52 54 0 0 0
16735 -0.156746 -0.00920572 0.01 54 54 0 0 0
16775 -0.195392 -0.00912117 0.01 97 97 0 0 0
16778 -0.170666 -0.00912117 0.01 96 96 0 0 0
16788 -0.158514 -0.00899819 0.01 54 54 0 0 0
16793 -0.182576 -0.00926069 0.01 98 97 0 0 0
16804 -0.158514 -0.00910983 0.01 53 54 0 0 0
16814 -0.170666 -0.00912117 0.01 96 96 0 0 0
16822 -0.153934 -0.00899819 0.01 54 54 0 0 0
16830 -0.150877 -0.00872649 0.01 72 72 0 0 0
16873 -0.182576 -0.00912117 0.01 97 97 0 0 0
16882 -0.170666 -0.00912117 0.01 96 96 0 0 0
16894 -0.182576 -0.00912117 0.01 97 97 0 0 0
16904 -0.170666 -0.00863726 0.01 96 96 0 0 0
16912 -0.163802 -0.0102849 0.01 72 72 0 0 0
16932 -0.158514 -0.00899819 0.01 54 54 0 0 0
16937 -0.149269 -0.00879543 0.01 72 72 0 0 0
16938 -0.182576 -0.00963769 0.01 97 97 0 0 0
16958 -0.170666 -0.00935644 0.01 96 96 0 0 0
16982 -0.151299 -0.00888411 0.01 53 53 0 0 0
17019 -0.182576 -0.00912117 0.01 97 97 0 0 0
17021 -0.15079 -0.00881049 0.01 72 71 0 0 0
17022 -0.176164 -0.00884886 0.01 72 72 0 0 0
17035 -0.182576 -0.00912117 0.01 98 98 0 0 0
17051 -0.175315 -0.00957113 0.01 72 72 5.86212e-05 0 8.72854e-05
17093 -0.152276 -0.00875284 0.01 72 73 0 0 0
17095 -0.172027 -0.00854027 0.01 72 72 0 0 0
17098 -0.158514 -0.00899819 0.01 54 54 0 0 0
17105 -0.136011 -0.00896305 0.01 72 72 0 0 0
17118 -0.154906 -0.00845416 0.01 72 72 0 0 0
17142 -0.141491 -0.00855742 0.01 72 72 -0.00549187 0.0294748 0
17150 -0.170666 -0.00886441 0.01 98 97 0 0 0
17155 -0.158514 -0.00911286 0.01 54 54 0 0 0
17158 -0.174229 -0.00938584 0.01 72 72 0 0 0
17165 -0.170663 -0.00911942 0.01 72 72 0 0 0
17166 -0.190041 -0.00902011 0.01 72 72 0 0 0
17167 -0.182576 -0.00946367 0.01 97 97 0 0 0
17178 -0.158514 -0.00899819 0.01 54 54 0 0 0
17191 -0.177187 -0.00911942 0.01 72 72 0 0 0
17195 -0.182576 -0.00926069 0.01 98 98 0 0 0
17205 -0.182576 -0.00912117 0.01 97 97 0 0 0
17218 -0.182576 -0.00948756 0.01 98 98 0 0 0
17242 -0.179186 -0.00915257 0.01 72 72 0 0 0
17261 -0.170663 -0.00911942 0.01 72 72 0 0 0
17279 -0.158514 -0.00911286 0.01 54 54 0 0 0
17282 -0.182576 -0.00963769 0.01 97 97 0 0 0
17299 -0.182576 -0.00912117 0.01 97 97 0 0 0
17305 -0.182576 -0.00948756 0.01 98 98 0 0 0
17320 -0.153327 -0.00899819 0.01 53 53 0 0 0
17336 -0.153934 -0.00899819 0.01 54 54 0 0 0
17379 -0.136011 -0.00896305 0.01 72 72 0 0 0
17395 -0.127159 -0.00903567 0.01 72 73 0 0 0
17407 -0.182576 -0.00912117 0.01 98 98 0 0 0
17408 -0.170666 -0.00912117 0.01 96 96 0 0 0
17410 -0.170666 -0.00912117 0.01 96 96 0 0 0
17420 -0.186967 -0.00872888 0.01 72 72 0 0 0
17422 -0.182576 -0.00912117 0.01 96 96 0 0 0
17434 -0.170666 -0.00912117 0.01 96 96 0 0 0
17451 -0.153934 -0.0085982 0.01 54 54 0 0 0
17457 -0.174229 -0.00938584 0.01 72 72 0 0 0
17463 -0.170666 -0.00912117 0.01 97 97 0 0 0
17464 -0.180414 -0.00950304 0.01 72 72 0 0 0
17465 -0.182576 -0.00943757 0.01 97 97 0 0 0
17492 -0.170666 -0.00912117 0.01 96 96 0 0 0
17507 -0.170666 -0.00912117 0.01 96 96 0 0 0
17513 -0.136011 -0.00896305 0.01 72 72 0 0 0
17521 -0.158514 -0.00899819 0.01 54 54 0 0 0
17539 -0.155752 -0.00870914 0.01 54 54 0 0 0
17549 -0.149419 -0.00873076 0.01 72 72 0 0 0
17555 -0.182576 -0.00948756 0.01 98 98 0 0 0
17562 -0.174229 -0.00938584 0.01 72 72 0 0 0
17563 -0.139223 -0.00865434 0.01 72 71 0 0 0
17565 -0.158514 -0.00899819 0.01 54 54 0 0 0
17585 -0.158514 -0.00899819 0.01 54 54 0 0 0
17609 -0.179837 -0.00912117 0.01 97 97 -0.0159785 0.00273886 0
17617 -0.170666 -0.00912117 0.01 96 96 0 0 0
17633 -0.158514 -0.00899819 0.01 54 54 0 0 0
17643 -0.170666 -0.00919142 0.01 96 96 0 0 0
17652 -0.182576 -0.00926069 0.01 97 97 0 0 0
17653 -0.158514 -0.00870914 0.01 54 54 0 0 0
17656 -0.158514 -0.00899819 0.01 54 54 0 0 0
17663 -0.153934 -0.00899819 0.01 54 54 0 0 0
17704 -0.170666 -0.00886441 0.01 96 96 0 0 0
17711 -0.182576 -0.00912117 0.01 97 97 0 0 0
17728 -0.176406 -0.00912117 0.01 97 97 0 0 0
17729 -0.165064 -0.0086464 0.01 72 72 0 0 0
17732 -0.158514 -0.00899819 0.01 54 55 0 0 0
17743 -0.182576 -0.00912117 0.01 97 97 0 0 0
17764 -0.139667 -0.00800213 0.01 72 72 0 0 0
17786 -0.158514 -0.00899819 0.01 54 54 0 0 0
17832 -0.182576 -0.00948756 0.01 98 98 0 0 0
17839 -0.158514 -0.00870914 0.01 54 54 0 0 0
17846 -0.174229 -0.00938584 0.01 72 72 0 0 0
17858 -0.170666 -0.00946298 0.01 96 96 0 0 0
17864 -0.182576 -0.00912117 0.01 98 98 0 0 0
17871 -0.153934 -0.00913532 0.01 54 54 1.70618e-06 0 -0.000137133
17905 -0.170666 -0.00912117 0.01 97 97 0 0 0
