max_pf 82 min_pf 63
individual dGr dSr disp_rate patch_no b_patch_no mut_eff DdGr DdSr
1 -0.132062 -0.00921191 0.01 72 72 0 0 0
5 -0.162771 -0.0090694 0.01 80 80 0 0 0
18 -0.152604 -0.0088199 0.01 65 65 0 0 0
19 -0.119779 -0.00887462 0.01 65 65 0 0 0
21 -0.162786 -0.00800551 0.01 72 72 -7.77543e-05 0.000632837 0
28 -0.138995 -0.0088822 0.01 72 73 0 0 0
29 -0.112592 -0.00921042 0.01 65 65 0 0 0
30 -0.152114 -0.00919068 0.01 65 65 0 0 0
31 -0.180141 -0.00917875 0.01 72 72 0 0 0
35 -0.14079 -0.00851528 0.01 72 72 0.000512436 0 0.000270842
46 -0.119779 -0.00887462 0.01 65 65 0 0 0
55 -0.180141 -0.00917875 0.01 72 72 0 0 0
74 -0.164624 -0.0090694 0.01 80 80 0 0 0
77 -0.152604 -0.0088199 0.01 64 64 0 0 0
86 -0.132062 -0.00921191 0.01 72 72 0 0 0
89 -0.154362 -0.0088199 0.01 65 65 8.46535e-05 -0.00175752 0
100 -0.182313 -0.0090694 0.01 80 80 0 0 0
104 -0.154724 -0.00895379 0.01 72 72 0 0 0
106 -0.122017 -0.00921191 0.01 64 64 0 0 0
108 -0.152794 -0.00897794 0.01 81 81 0 0 0
121 -0.115966 -0.00788383 0.01 72 73 0 0 0
128 -0.174573 -0.00849681 0.01 72 71 0 0 0
131 -0.105074 -0.00921191 0.01 72 70 0 0 0
142 -0.152604 -0.0088199 0.01 64 64 0 0 0
153 -0.188213 -0.00849681 0.01 72 72 0 0 0
156 -0.142418 -0.00897794 0.01 81 81 0 0 0
157 -0.152533 -0.00882525 0.01 65 65 0 0 0
161 -0.184368 -0.00862006 0.01 80 80 0 0 0
165 -0.149538 -0.00897794 0.01 82 82 0 0 0
166 -0.135375 -0.00891807 0.01 72 72 0 0 0
169 -0.184368 -0.00828903 0.01 81 80 0 0 0
203 -0.152604 -0.0088199 0.01 65 65 0 0 0
214 -0.162771 -0.0090694 0.01 80 80 0 0 0
217 -0.119779 -0.00887462 0.01 64 64 0 0 0
218 -0.174573 -0.00855263 0.01 72 72 0 0 0
221 -0.167992 -0.00828903 0.01 80 79 0 0 0
230 -0.167992 -0.00828903 0.01 80 80 0 0 0
233 -0.152533 -0.00882525 0.01 65 65 0 0 0
235 -0.152533 -0.00882525 0.01 65 65 0 0 0
239 -0.152794 -0.00897794 0.01 82 82 0 0 0
250 -0.119779 -0.00887462 0.01 64 64 0 0 0
255 -0.152794 -0.00897794 0.01 81 81 0 0 0
264 -0.152604 -0.0088199 0.01 63 63 0 0 0
275 -0.112592 -0.00921042 0.01 65 65 0 0 0
281 -0.164624 -0.0090694 0.01 81 81 0 0 0
294 -0.152604 -0.0088199 0.01 63 64 0 0 0
296 -0.141264 -0.00829362 0.01 72 72 0 0 0
299 -0.169615 -0.0087505 0.01 72 72 0 0 0
301 -0.115966 -0.00859226 0.01 72 71 0 0 0
309 -0.112592 -0.00921042 0.01 65 65 0 0 0
315 -0.152794 -0.00897794 0.01 82 82 0 0 0
331 -0.184368 -0.00828903 0.01 80 80 0 0 0
333 -0.157802 -0.00895379 0.01 72 72 0 0 0
345 -0.152794 -0.00897794 0.01 81 81 0 0 0
348 -0.184368 -0.00828903 0.01 81 81 0 0 0
349 -0.164624 -0.0090694 0.01 80 80 0 0 0
355 -0.152114 -0.00919068 0.01 64 65 0 0 0
361 -0.182313 -0.0090694 0.01 80 80 0 0 0
362 -0.16795 -0.0090694 0.01 80 80 0.00233102 -0.00332677 0
365 -0.12755 -0.00937092 0.01 72 72 0 0 0
366 -0.139291 -0.00897388 0.01 72 71 0 0 0
375 -0.12755 -0.00937092 0.01 72 72 0 0 0
378 -0.168368 -0.0090694 0.01 80 80 0 0 0
389 -0.168368 -0.0090694 0.01 80 80 0 0 0
397 -0.122017 -0.00921191 0.01 64 64 0 0 0
405 -0.152533 -0.00882525 0.01 65 65 0 0 0
408 -0.161996 -0.00863514 0.01 72 72 0 0 0
414 -0.164624 -0.0090694 0.01 80 80 0 0 0
418 -0.152794 -0.00897794 0.01 81 81 0 0 0
424 -0.112592 -0.00930195 0.01 64 64 0 0 0
440 -0.152794 -0.00897794 0.01 80 80 0 0 0
445 -0.184368 -0.00828903 0.01 80 80 0 0 0
447 -0.112592 -0.00921042 0.01 65 65 0 0 0
460 -0.152604 -0.0088199 0.01 64 64 0 0 0
463 -0.184368 -0.00828903 0.01 80 80 0 0 0
472 -0.162771 -0.0090694 0.01 80 80 0 0 0
480 -0.162771 -0.0090694 0.01 81 81 0 0 0
483 -0.162771 -0.0090694 0.01 81 81 0 0 0
485 -0.119779 -0.00887462 0.01 65 65 0 0 0
491 -0.152794 -0.00897794 0.01 81 81 0 0 0
498 -0.152794 -0.00897794 0.01 82 82 0 0 0
500 -0.152604 -0.0088199 0.01 65 65 0 0 0
507 -0.152604 -0.0088199 0.01 65 64 0 0 0
512 -0.14079 -0.0088714 0.01 72 72 0 0 0
513 -0.152794 -0.00897794 0.01 82 82 0 0 0
516 -0.127906 -0.00908442 0.01 72 72 0 0 0
522 -0.164624 -0.0090694 0.01 80 80 0 0 0
524 -0.149749 -0.00895379 0.01 72 72 0 0 0
548 -0.164624 -0.0090694 0.01 80 80 0 0 0
550 -0.152794 -0.00897794 0.01 82 82 0 0 0
554 -0.168368 -0.0090694 0.01 80 80 0 0 0
564 -0.141264 -0.00834232 0.01 72 72 0 0 0
568 -0.135369 -0.00893279 0.01 72 71 0 0 0
571 -0.152604 -0.0088199 0.01 65 65 0 0 0
574 -0.179173 -0.00924492 0.01 80 80 0.00116184 -0.00231811 0
578 -0.152794 -0.00897794 0.01 81 81 0 0 0
584 -0.145474 -0.00900386 0.01 72 72 0 0 0
592 -0.119779 -0.00887462 0.01 65 65 0 0 0
593 -0.161996 -0.00863514 0.01 72 72 0 0 0
599 -0.152114 -0.00916503 0.01 65 65 0 0 0
603 -0.174573 -0.00849681 0.01 72 72 0 0 0
605 -0.164624 -0.009255 0.01 72 72 0 0 0
608 -0.145474 -0.00900386 0.01 72 72 0 0 0
621 -0.184368 -0.00862006 0.01 80 80 0 0 0
623 -0.162771 -0.0090694 0.01 81 81 0 0 0
626 -0.168368 -0.0090694 0.01 80 80 0 0 0
629 -0.119779 -0.00887462 0.01 65 65 0 0 0
638 -0.169615 -0.00886128 0.01 72 72 0 0 0
639 -0.152533 -0.00882525 0.01 65 65 0 0 0
645 -0.162771 -0.0090694 0.01 81 81 0 0 0
646 -0.150588 -0.00883119 0.01 72 73 0 0 0
648 -0.152794 -0.00897794 0.01 82 82 0 0 0
649 -0.132062 -0.00921191 0.01 72 72 0 0 0
652 -0.119779 -0.00887462 0.01 65 65 0 0 0
657 -0.112592 -0.00921042 0.01 65 65 0 0 0
661 -0.142401 -0.00937092 0.01 72 72 0.00249699 -0.00643262 0
665 -0.119779 -0.00887462 0.01 65 65 0 0 0
669 -0.180141 -0.00917875 0.01 72 72 0 0 0
685 -0.136673 -0.00893056 0.01 65 65 0 0 0
696 -0.169615 -0.0087505 0.01 72 72 0 0 0
706 -0.174573 -0.00849639 0.01 72 72 2.08616e-07 0 4.20026e-07
710 -0.138724 -0.00818732 0.01 72 72 0 0 0
713 -0.184368 -0.00862006 0.01 81 80 0 0 0
716 -0.184368 -0.00828903 0.01 80 80 0 0 0
731 -0.152604 -0.0088199 0.01 65 65 0 0 0
744 -0.163419 -0.00798877 0.01 72 72 0 0 0
745 -0.13203 -0.009203 0.01 72 71 0 0 0
754 -0.164624 -0.0090694 0.01 81 81 0 0 0
757 -0.162771 -0.0090694 0.01 80 80 0 0 0
764 -0.168368 -0.0090694 0.01 80 80 0 0 0
765 -0.168368 -0.0090694 0.01 80 80 0 0 0
767 -0.149749 -0.00895379 0.01 72 72 0 0 0
772 -0.164624 -0.00942841 0.01 72 72 -0.000162125 0 -0.000173407
775 -0.141264 -0.00834232 0.01 72 72 0 0 0
786 -0.167992 -0.00828903 0.01 80 80 0 0 0
794 -0.152604 -0.00887716 0.01 64 64 0 0 0
806 -0.152794 -0.00897794 0.01 81 81 0 0 0
809 -0.174573 -0.00860515 0.01 72 72 0 0 0
818 -0.152794 -0.00897794 0.01 82 82 0 0 0
822 -0.152794 -0.00897794 0.01 81 81 0 0 0
825 -0.152604 -0.00875505 0.01 65 65 0 0 0
829 -0.122017 -0.00921191 0.01 65 67 0 0 0
844 -0.153192 -0.00912286 0.01 72 72 0 0 0
855 -0.131219 -0.00973174 0.01 65 67 0 0 0
857 -0.112592 -0.00921042 0.01 65 65 0 0 0
860 -0.146049 -0.00928548 0.01 72 72 0 0 0
863 -0.174573 -0.00849681 0.01 72 72 0 0 0
868 -0.169615 -0.00886128 0.01 72 72 0 0 0
872 -0.152114 -0.00919068 0.01 64 64 0 0 0
876 -0.162771 -0.0090694 0.01 80 80 0 0 0
877 -0.136673 -0.00893453 0.01 65 65 0 0 0
883 -0.141264 -0.00829362 0.01 72 72 0 0 0
888 -0.141264 -0.00840114 0.01 72 72 -0.000187606 0 -0.000107515
890 -0.152604 -0.0088199 0.01 65 65 0 0 0
896 -0.184368 -0.00828903 0.01 80 80 0 0 0
897 -0.163419 -0.00800551 0.01 72 72 0 0 0
906 -0.14079 -0.00851528 0.01 72 72 0 0 0
909 -0.136673 -0.00893056 0.01 65 65 0 0 0
914 -0.184368 -0.00808894 0.01 80 80 0 0 0
916 -0.152794 -0.00897794 0.01 82 82 0 0 0
919 -0.152794 -0.00897794 0.01 81 81 0 0 0
923 -0.14975 -0.00829362 0.01 72 72 0 0 0
929 -0.184368 -0.00828903 0.01 81 81 0 0 0
930 -0.184368 -0.00796277 0.01 80 80 0.000885904 0 0.000326253
937 -0.152794 -0.00897794 0.01 81 81 0 0 0
948 -0.171643 -0.00887241 0.01 72 71 0 0 0
956 -0.171793 -0.00849681 0.01 72 73 0 0 0
965 -0.152604 -0.0088199 0.01 65 65 0 0 0
969 -0.164624 -0.0090694 0.01 80 79 0 0 0
970 -0.168368 -0.0090694 0.01 80 80 0 0 0
971 -0.149538 -0.00897794 0.01 82 82 0 0 0
976 -0.158458 -0.00895379 0.01 72 72 0 0 0
985 -0.162771 -0.0090694 0.01 80 80 0 0 0
994 -0.122017 -0.00921191 0.01 64 64 0 0 0
997 -0.152794 -0.00897794 0.01 81 81 0 0 0
1000 -0.147885 -0.0088714 0.01 72 72 0 0 0
1003 -0.164624 -0.0090694 0.01 81 81 0 0 0
1005 -0.151584 -0.00885363 0.01 72 72 0 0 0
1016 -0.184368 -0.00808894 0.01 80 80 0 0 0
1019 -0.132062 -0.00894256 0.01 72 72 0 0 0
1021 -0.112592 -0.00921042 0.01 65 65 0 0 0
1027 -0.152604 -0.0088199 0.01 64 64 0 0 0
1036 -0.152794 -0.00897794 0.01 82 82 0 0 0
1038 -0.162771 -0.0090694 0.01 80 80 0 0 0
1043 -0.151584 -0.00844839 0.01 72 71 0 0 0
1050 -0.136673 -0.00893453 0.01 65 65 0 0 0
1055 -0.162771 -0.0090694 0.01 80 80 0 0 0
1064 -0.152604 -0.0088199 0.01 65 65 0 0 0
1065 -0.152604 -0.00875505 0.01 65 65 0 0 0
1074 -0.14975 -0.00829362 0.01 72 72 0 0 0
1077 -0.14151 -0.00919322 0.01 65 66 0 0 0
1084 -0.133778 -0.00851163 0.01 72 72 0 0 0
1087 -0.184368 -0.00828903 0.01 81 81 0 0 0
1088 -0.156472 -0.00931562 0.01 72 72 0 0 0
1089 -0.152794 -0.00897794 0.01 80 80 0 0 0
1090 -0.168368 -0.0090694 0.01 80 80 0 0 0
1097 -0.153192 -0.00913438 0.01 72 72 0 0 0
1098 -0.171643 -0.00887241 0.01 72 72 0 0 0
1099 -0.149749 -0.00895379 0.01 72 72 0 0 0
1100 -0.149538 -0.00897794 0.01 82 82 0 0 0
1104 -0.152794 -0.00897794 0.01 81 81 0 0 0
1115 -0.138995 -0.0088822 0.01 72 72 0 0 0
1120 -0.141264 -0.00829362 0.01 72 72 0 0 0
1123 -0.152794 -0.0089121 0.01 80 80 0 0 0
1127 -0.164624 -0.0090694 0.01 80 80 0 0 0
1137 -0.162771 -0.0090694 0.01 80 80 0 0 0
1146 -0.117868 -0.00925435 0.01 72 72 0 0 0
1147 -0.112592 -0.00921042 0.01 65 65 0 0 0
1150 -0.112592 -0.00930195 0.01 65 64 0 0 0
1153 -0.150588 -0.00879789 0.01 72 72 0 0 0
1169 -0.119049 -0.00908442 0.01 72 72 0 0 0
1173 -0.184368 -0.00828903 0.01 80 80 0 0 0
1176 -0.152794 -0.0089733 0.01 81 81 0 0 0
1188 -0.152114 -0.00919068 0.01 65 65 0 0 0
1191 -0.151584 -0.00853211 0.01 72 72 0 0 0
1192 -0.112592 -0.00930195 0.01 63 64 0 0 0
1197 -0.152794 -0.00897794 0.01 82 82 0 0 0
1203 -0.152604 -0.0088199 0.01 64 64 0 0 0
1204 -0.169615 -0.00886128 0.01 72 72 0 0 0
1210 -0.154385 -0.00881745 0.01 72 72 0 0 0
1219 -0.112592 -0.00921042 0.01 65 65 0 0 0
1220 -0.164624 -0.009255 0.01 72 72 0 0 0
1223 -0.138021 -0.00897794 0.01 81 81 0 0 0
1224 -0.119779 -0.00887462 0.01 64 64 0 0 0
1233 -0.184368 -0.00800127 0.01 80 80 0 0 0
1234 -0.169615 -0.00857778 0.01 72 72 0 0 0
1246 -0.152604 -0.0088199 0.01 64 65 0 0 0
1247 -0.162771 -0.0090694 0.01 80 80 0 0 0
1251 -0.152604 -0.0088199 0.01 65 65 0 0 0
1265 -0.117868 -0.00925435 0.01 72 72 0 0 0
1267 -0.16013 -0.00882518 0.01 72 72 0 0 0
1271 -0.180141 -0.00917875 0.01 72 72 0 0 0
1275 -0.138021 -0.00897794 0.01 81 81 0 0 0
1276 -0.152794 -0.0089121 0.01 80 80 0 0 0
1278 -0.164624 -0.00918277 0.01 72 73 0 0 0
1279 -0.119779 -0.00887462 0.01 64 64 0 0 0
1281 -0.138995 -0.0088822 0.01 72 72 0 0 0
1290 -0.184368 -0.00808894 0.01 80 80 0 0 0
1298 -0.152604 -0.0088199 0.01 65 65 0 0 0
1304 -0.163419 -0.00800551 0.01 72 72 0 0 0
1305 -0.152794 -0.00897794 0.01 81 81 0 0 0
1306 -0.152533 -0.00882525 0.01 65 65 0 0 0
1308 -0.152533 -0.00882525 0.01 65 65 0 0 0
1313 -0.167992 -0.00828903 0.01 80 80 0 0 0
1321 -0.164624 -0.0090694 0.01 81 80 0 0 0
1327 -0.152794 -0.00897794 0.01 82 82 0 0 0
1330 -0.112592 -0.00930195 0.01 65 65 0 0 0
1337 -0.180141 -0.00917875 0.01 72 72 0 0 0
1339 -0.139291 -0.00897388 0.01 72 71 0 0 0
1341 -0.135197 -0.00818732 0.01 72 72 0 0 0
1343 -0.180141 -0.00917875 0.01 72 72 0 0 0
1353 -0.152794 -0.00897794 0.01 82 82 0 0 0
1354 -0.119049 -0.00908442 0.01 72 72 0 0 0
1377 -0.184368 -0.00828903 0.01 80 80 0 0 0
1380 -0.186563 -0.00828903 0.01 80 80 0.000607312 -0.00219509 0
1382 -0.14975 -0.00829362 0.01 72 72 0 0 0
1385 -0.119779 -0.00887462 0.01 65 65 0 0 0
1398 -0.159321 -0.00849681 0.01 72 73 0 0 0
1404 -0.152794 -0.00897794 0.01 82 82 0 0 0
1411 -0.152794 -0.00897794 0.01 81 81 0 0 0
1414 -0.174573 -0.00863688 0.01 72 72 0 0 0
1422 -0.132062 -0.00921191 0.01 72 72 0 0 0
1429 -0.174573 -0.00849681 0.01 72 72 0 0 0
1431 -0.164624 -0.0090694 0.01 81 80 0 0 0
1438 -0.152604 -0.0088199 0.01 65 65 0 0 0
1445 -0.152794 -0.00897794 0.01 80 80 0 0 0
1454 -0.138021 -0.00897794 0.01 81 81 0 0 0
1455 -0.152604 -0.00875505 0.01 65 65 8.06153e-06 0 6.48424e-05
1459 -0.164624 -0.0090694 0.01 80 80 0 0 0
1463 -0.157884 -0.00897794 0.01 81 81 0.00588596 -0.00508934 0
1468 -0.174573 -0.00849681 0.01 72 73 0 0 0
1470 -0.152794 -0.00897794 0.01 82 82 0 0 0
1472 -0.124472 -0.00867183 0.01 72 72 0 0 0
1480 -0.152794 -0.00897794 0.01 82 82 0 0 0
1482 -0.162771 -0.0090694 0.01 80 80 0 0 0
1486 -0.152604 -0.0088199 0.01 63 64 0 0 0
1489 -0.168368 -0.0090694 0.01 81 80 0 0 0
1496 -0.152794 -0.0089733 0.01 81 81 0 0 0
1497 -0.112592 -0.00921042 0.01 65 65 0 0 0
1501 -0.164624 -0.0090694 0.01 80 80 0 0 0
1504 -0.162771 -0.0090694 0.01 80 80 0 0 0
1521 -0.152114 -0.00919068 0.01 65 65 0 0 0
1527 -0.152794 -0.00897794 0.01 82 82 0 0 0
1543 -0.146363 -0.00919068 0.01 64 64 -0.000270128 0.00575051 0
1544 -0.152794 -0.00897794 0.01 81 81 0 0 0
1550 -0.149749 -0.00895379 0.01 72 72 0 0 0
1551 -0.187996 -0.00849681 0.01 72 72 0 0 0
1553 -0.152794 -0.00897794 0.01 80 80 0 0 0
1559 -0.16795 -0.0090694 0.01 80 80 0 0 0
1574 -0.119779 -0.00887462 0.01 65 65 0 0 0
1589 -0.152114 -0.00919068 0.01 65 65 0 0 0
1591 -0.176855 -0.0090694 0.01 80 80 -0.00244287 0.00545782 0
1597 -0.160129 -0.00886128 0.01 72 72 -0.00132507 0.00948632 0
1600 -0.152794 -0.00897794 0.01 80 80 0 0 0
1604 -0.152794 -0.00897794 0.01 80 79 0 0 0
1607 -0.152794 -0.00897794 0.01 80 79 0 0 0
1613 -0.122017 -0.00921191 0.01 65 65 0 0 0
1620 -0.122633 -0.00858016 0.01 72 72 0 0 0
1621 -0.149749 -0.00895379 0.01 72 72 0 0 0
1636 -0.152604 -0.0088199 0.01 65 64 0 0 0
1641 -0.152604 -0.0088199 0.01 65 65 0 0 0
1642 -0.187996 -0.00849681 0.01 72 72 0 0 0
1652 -0.122017 -0.00921191 0.01 65 65 0 0 0
1653 -0.162771 -0.0090694 0.01 80 80 0 0 0
1659 -0.152794 -0.00897794 0.01 81 81 0 0 0
1661 -0.152114 -0.00919068 0.01 64 65 0 0 0
1662 -0.152114 -0.00916503 0.01 65 65 0 0 0
1668 -0.152604 -0.0088199 0.01 64 64 0 0 0
1669 -0.152794 -0.00897794 0.01 81 81 0 0 0
1674 -0.152114 -0.00919068 0.01 65 65 0 0 0
1683 -0.152794 -0.00905426 0.01 80 79 0 0 0
1691 -0.184368 -0.00862006 0.01 80 80 0 0 0
1710 -0.162771 -0.0090694 0.01 80 80 0 0 0
1712 -0.168764 -0.0090522 0.01 72 72 0 0 0
1718 -0.164624 -0.009255 0.01 72 71 0 0 0
1722 -0.132062 -0.00921191 0.01 72 72 0 0 0
1725 -0.162771 -0.0090694 0.01 80 80 0 0 0
1727 -0.138995 -0.0088822 0.01 72 72 0 0 0
1734 -0.152604 -0.00875505 0.01 65 65 0 0 0
1736 -0.152794 -0.00897794 0.01 81 81 0 0 0
1745 -0.152794 -0.00897794 0.01 81 81 0 0 0
1747 -0.115966 -0.00788383 0.01 72 72 0 0 0
1748 -0.169615 -0.0087505 0.01 72 72 0 0 0
1755 -0.152604 -0.0088199 0.01 65 65 0 0 0
1758 -0.122633 -0.00858016 0.01 72 72 0 0 0
1761 -0.184368 -0.00828903 0.01 80 80 0 0 0
1773 -0.162771 -0.0090694 0.01 80 80 0 0 0
1780 -0.182313 -0.0090694 0.01 80 80 0 0 0
1784 -0.164624 -0.0090694 0.01 80 80 0 0 0
1785 -0.119779 -0.00887462 0.01 65 65 0 0 0
1788 -0.141264 -0.00829362 0.01 72 72 0 0 0
1797 -0.119779 -0.00887462 0.01 65 65 0 0 0
1800 -0.167992 -0.00828903 0.01 80 80 0 0 0
1810 -0.169615 -0.00886128 0.01 72 72 0 0 0
1812 -0.152604 -0.0088199 0.01 65 65 0 0 0
1817 -0.149538 -0.00897794 0.01 82 82 0 0 0
1818 -0.184514 -0.00849681 0.01 72 71 0.000608817 -0.00994149 0
1820 -0.174573 -0.00863688 0.01 72 72 0 0 0
1822 -0.147988 -0.00882525 0.01 65 65 0 0 0
1826 -0.112592 -0.00921042 0.01 65 65 0 0 0
1830 -0.152604 -0.0088199 0.01 65 65 0 0 0
1837 -0.152794 -0.00897794 0.01 81 80 0 0 0
1838 -0.122017 -0.00921191 0.01 64 64 0 0 0
1845 -0.151374 -0.0090694 0.01 80 80 0 0 0
1849 -0.152794 -0.00897794 0.01 81 81 0 0 0
1850 -0.152794 -0.00897794 0.01 81 81 0 0 0
1855 -0.152794 -0.00897794 0.01 82 82 0 0 0
1856 -0.152794 -0.00897794 0.01 81 81 0 0 0
1862 -0.163421 -0.00897794 0.01 80 80 0 0 0
1863 -0.152533 -0.00882525 0.01 65 65 0 0 0
1867 -0.130144 -0.00851163 0.01 72 72 0 0 0
1871 -0.162771 -0.0090694 0.01 80 80 0 0 0
1872 -0.152114 -0.00919068 0.01 65 65 0 0 0
1876 -0.149538 -0.00897794 0.01 82 82 0 0 0
1880 -0.152794 -0.00897794 0.01 80 80 0 0 0
1881 -0.168368 -0.0090694 0.01 80 80 0 0 0
1891 -0.127906 -0.00908442 0.01 72 72 0 0 0
1894 -0.136673 -0.00893056 0.01 65 66 0 0 0
1895 -0.152794 -0.00897794 0.01 82 82 0 0 0
1900 -0.119779 -0.00887462 0.01 65 65 0 0 0
1918 -0.169615 -0.0087505 0.01 72 72 0 0 0
1923 -0.152794 -0.00897794 0.01 81 81 0 0 0
1924 -0.152533 -0.00882525 0.01 65 66 0 0 0
1926 -0.122017 -0.00921191 0.01 64 64 0 0 0
1928 -0.136673 -0.00893056 0.01 65 65 0 0 0
1934 -0.152794 -0.00897794 0.01 82 82 0 0 0
1938 -0.184368 -0.00828903 0.01 80 80 0 0 0
1940 -0.146085 -0.00898306 0.01 72 72 0 0 0
1943 -0.164624 -0.0090694 0.01 81 81 0 0 0
1950 -0.152114 -0.00919068 0.01 64 64 0 0 0
1953 -0.169615 -0.0087505 0.01 72 72 0 0 0
1964 -0.168764 -0.0090522 0.01 72 72 0 0 0
1974 -0.152794 -0.00897794 0.01 81 81 0 0 0
1976 -0.152794 -0.00897794 0.01 82 82 0 0 0
1977 -0.152604 -0.0088199 0.01 65 65 0 0 0
1978 -0.169615 -0.0087505 0.01 72 72 0 0 0
1982 -0.16013 -0.00882518 0.01 72 72 0 0 0
1987 -0.184368 -0.00828903 0.01 80 79 0 0 0
1989 -0.135968 -0.00937092 0.01 72 73 0 0 0
1995 -0.176855 -0.00924492 0.01 80 80 -0.000888109 0 -0.000175517
2000 -0.163419 -0.00798877 0.01 72 72 0 0 0
2002 -0.152794 -0.00897794 0.01 81 81 0 0 0
2006 -0.137025 -0.00906923 0.01 72 72 0 0 0
2009 -0.184368 -0.00828903 0.01 80 80 0 0 0
2013 -0.152794 -0.00897794 0.01 81 81 0 0 0
2023 -0.152794 -0.00897794 0.01 81 81 0 0 0
2024 -0.149538 -0.00897794 0.01 82 82 0 0 0
2027 -0.150131 -0.00945604 0.01 65 66 0 0 0
2033 -0.112592 -0.00921042 0.01 65 65 0 0 0
2044 -0.184368 -0.00828903 0.01 80 80 0 0 0
2055 -0.152794 -0.00897794 0.01 81 81 0 0 0
2066 -0.152794 -0.00897794 0.01 82 82 0 0 0
2076 -0.168368 -0.0090694 0.01 80 80 0 0 0
2079 -0.136673 -0.00893056 0.01 65 65 0 0 0
2089 -0.174573 -0.00863688 0.01 72 72 0 0 0
2098 -0.184368 -0.00828903 0.01 81 81 0 0 0
2104 -0.10647 -0.00942038 0.01 63 63 0 0 0
2105 -0.15712 -0.0087627 0.01 72 72 0 0 0
2115 -0.158715 -0.00904838 0.01 72 72 0 0 0
2119 -0.112707 -0.00908442 0.01 72 72 0 0 0
2121 -0.164624 -0.0090694 0.01 80 80 0 0 0
2128 -0.164624 -0.0090694 0.01 80 80 0 0 0
2129 -0.152794 -0.00897794 0.01 81 81 0 0 0
2135 -0.187996 -0.00849681 0.01 72 72 0 0 0
2143 -0.145474 -0.00900386 0.01 72 72 0 0 0
2146 -0.163421 -0.00897794 0.01 80 80 0 0 0
2153 -0.184368 -0.00830844 0.01 80 80 -5.60284e-05 0 -1.94134e-05
2154 -0.152794 -0.00897794 0.01 82 82 0 0 0
2157 -0.13203 -0.009203 0.01 72 72 0 0 0
2160 -0.169615 -0.00886128 0.01 72 72 0 0 0
2167 -0.135968 -0.00937092 0.01 72 73 0 0 0
2170 -0.112592 -0.00921042 0.01 65 65 0 0 0
2171 -0.112592 -0.00921042 0.01 65 65 0 0 0
2183 -0.119779 -0.00887462 0.01 65 65 0 0 0
2191 -0.136673 -0.00893056 0.01 65 65 0 0 0
2197 -0.152794 -0.00897794 0.01 81 81 0 0 0
2202 -0.135369 -0.00893279 0.01 72 72 0 0 0
2205 -0.152794 -0.00897794 0.01 82 81 0 0 0
2215 -0.156472 -0.00931562 0.01 72 72 -0.000138879 0 -0.000112568
2216 -0.162771 -0.0090694 0.01 80 80 0 0 0
2223 -0.153192 -0.00912286 0.01 72 71 0 0 0
2228 -0.119779 -0.00887462 0.01 65 65 0 0 0
2230 -0.184368 -0.00828903 0.01 80 80 0 0 0
2244 -0.147885 -0.0088714 0.01 72 72 0 0 0
2247 -0.119779 -0.00887462 0.01 65 65 0 0 0
2251 -0.152794 -0.0089733 0.01 81 81 0 0 0
2255 -0.158715 -0.00904838 0.01 72 72 0 0 0
2256 -0.152794 -0.00897794 0.01 82 82 0 0 0
2261 -0.162771 -0.0090694 0.01 80 80 0 0 0
2265 -0.152604 -0.00875505 0.01 65 65 0 0 0
2266 -0.182313 -0.0090694 0.01 80 80 0 0 0
2267 -0.152604 -0.0088199 0.01 64 64 0 0 0
2269 -0.152794 -0.00897794 0.01 80 80 0 0 0
2270 -0.152794 -0.00897794 0.01 82 82 0 0 0
2274 -0.149749 -0.00895379 0.01 72 72 0 0 0
2279 -0.137903 -0.00854773 0.01 72 72 0 0 0
2287 -0.10647 -0.00942038 0.01 63 63 0 0 0
2288 -0.152604 -0.0088199 0.01 65 65 0 0 0
2291 -0.153192 -0.00896126 0.01 72 72 0 0 0
2292 -0.184368 -0.00828903 0.01 80 80 0 0 0
2299 -0.184368 -0.00862006 0.01 80 80 0 0 0
2301 -0.152794 -0.00897794 0.01 81 81 0 0 0
2304 -0.119779 -0.00887462 0.01 65 65 0 0 0
2307 -0.16013 -0.00882518 0.01 72 72 0 0 0
2312 -0.152114 -0.00919068 0.01 65 65 0 0 0
2321 -0.145474 -0.00900386 0.01 72 72 0 0 0
2325 -0.180141 -0.00917875 0.01 72 72 0 0 0
2328 -0.145474 -0.00936287 0.01 72 73 -0.000857055 0 -0.000359012
2344 -0.132062 -0.00921191 0.01 72 72 0 0 0
2349 -0.162771 -0.0090694 0.01 80 80 0 0 0
2353 -0.119779 -0.00887462 0.01 65 67 0 0 0
2366 -0.184368 -0.00828903 0.01 80 80 0 0 0
2367 -0.112592 -0.00921042 0.01 65 65 0 0 0
2368 -0.184368 -0.00828903 0.01 80 79 0 0 0
2374 -0.152604 -0.0088199 0.01 65 65 0 0 0
2376 -0.137903 -0.00854773 0.01 72 72 0 0 0
2387 -0.119779 -0.00887462 0.01 64 64 0 0 0
2388 -0.147988 -0.00882525 0.01 65 65 0 0 0
2389 -0.152069 -0.00937926 0.01 72 72 0 0 0
2392 -0.152794 -0.00897794 0.01 82 82 0 0 0
2401 -0.162771 -0.0090694 0.01 80 80 0 0 0
2402 -0.146049 -0.00928548 0.01 72 72 0 0 0
2411 -0.152604 -0.0088199 0.01 65 65 0 0 0
2418 -0.162771 -0.00897633 0.01 80 80 0.000720233 0 9.30708e-05
2421 -0.10647 -0.00942038 0.01 63 63 0 0 0
2423 -0.164624 -0.0090694 0.01 80 79 0 0 0
2428 -0.152604 -0.0088199 0.01 64 64 0 0 0
2439 -0.162771 -0.0090694 0.01 81 81 0 0 0
2442 -0.184368 -0.00828903 0.01 80 81 0 0 0
2449 -0.152794 -0.00897794 0.01 81 81 0 0 0
2453 -0.152604 -0.0088199 0.01 64 64 0 0 0
2465 -0.153192 -0.00896126 0.01 72 72 0.000229537 0 0.000173124
2474 -0.112592 -0.00921042 0.01 65 65 0 0 0
2476 -0.136673 -0.00893453 0.01 65 65 0 0 0
2478 -0.162771 -0.0090694 0.01 81 81 0 0 0
2485 -0.152114 -0.00916503 0.01 65 65 3.36766e-06 0 2.5644e-05
2486 -0.163419 -0.00800551 0.01 72 72 0 0 0
2487 -0.152114 -0.00919068 0.01 65 65 0 0 0
2488 -0.140306 -0.00882229 0.01 80 79 -0.0208644 0.0243173 0
2498 -0.135369 -0.00893279 0.01 72 72 0 0 0
2499 -0.152604 -0.0088199 0.01 64 65 0 0 0
2506 -0.112592 -0.00930195 0.01 65 65 0 0 0
2515 -0.146049 -0.00928548 0.01 72 72 0 0 0
2516 -0.164624 -0.00942841 0.01 72 72 0 0 0
2527 -0.168368 -0.0090694 0.01 80 80 0 0 0
2541 -0.149538 -0.00897794 0.01 82 82 0 0 0
2549 -0.152604 -0.00875505 0.01 65 65 0 0 0
2552 -0.187996 -0.00849681 0.01 72 72 0 0 0
2554 -0.152794 -0.00897794 0.01 82 82 0 0 0
2563 -0.163419 -0.00800551 0.01 72 72 0 0 0
2566 -0.152794 -0.00897794 0.01 80 80 0 0 0
2568 -0.162771 -0.0090694 0.01 81 80 0 0 0
2570 -0.176464 -0.00862006 0.01 80 80 0 0 0
2586 -0.164624 -0.0090694 0.01 80 80 0 0 0
2592 -0.152604 -0.0088199 0.01 64 64 0 0 0
2594 -0.162771 -0.0090694 0.01 80 80 0 0 0
2609 -0.152604 -0.0088199 0.01 64 64 0 0 0
2610 -0.132264 -0.00891902 0.01 72 72 0 0 0
2615 -0.152794 -0.00897794 0.01 81 81 0 0 0
2618 -0.119779 -0.00887462 0.01 65 65 0 0 0
2627 -0.164624 -0.0090694 0.01 81 81 0 0 0
2634 -0.119779 -0.00887462 0.01 65 65 0 0 0
2641 -0.150431 -0.00852743 0.01 72 72 0 0 0
2644 -0.187996 -0.00849681 0.01 72 72 0 0 0
2648 -0.122017 -0.00921191 0.01 64 64 0 0 0
2654 -0.162771 -0.0090694 0.01 80 80 0 0 0
2655 -0.152794 -0.00897794 0.01 81 81 0 0 0
2657 -0.152794 -0.00897794 0.01 81 81 0 0 0
2661 -0.152604 -0.0088199 0.01 65 65 0 0 0
2666 -0.152794 -0.0089733 0.01 81 81 0 0 0
2671 -0.125631 -0.00921042 0.01 65 65 0.00234187 -0.0130384 0
2673 -0.152604 -0.0088199 0.01 64 64 0 0 0
2681 -0.182313 -0.0090694 0.01 80 80 0 0 0
2692 -0.152604 -0.0088199 0.01 65 65 0 0 0
2693 -0.152794 -0.00897794 0.01 80 81 0 0 0
2696 -0.152794 -0.00897794 0.01 82 82 0 0 0
2698 -0.119049 -0.00908442 0.01 72 72 0 0 0
2700 -0.164624 -0.0090694 0.01 80 80 0 0 0
2704 -0.151584 -0.00853211 0.01 72 72 0 0 0
2712 -0.180141 -0.00917875 0.01 72 72 0 0 0
2719 -0.161099 -0.00800551 0.01 72 72 -0.000294209 0.00232039 0
2721 -0.152114 -0.00928541 0.01 64 64 -8.03173e-06 0 -9.47295e-05
2724 -0.162771 -0.0090694 0.01 80 80 0 0 0
2727 -0.135369 -0.00893279 0.01 72 72 0 0 0
2734 -0.141264 -0.00841213 0.01 72 72 0 0 0
2736 -0.153192 -0.00913438 0.01 72 72 0 0 0
2744 -0.169615 -0.00886128 0.01 72 72 0 0 0
2746 -0.164624 -0.0090694 0.01 80 80 0 0 0
2753 -0.138724 -0.00818732 0.01 72 72 0 0 0
2755 -0.163596 -0.00800551 0.01 72 72 0 0 0
2762 -0.152114 -0.00919068 0.01 65 65 0 0 0
2771 -0.112592 -0.00921042 0.01 65 65 0 0 0
2774 -0.151928 -0.00881449 0.01 72 72 0 0 0
2777 -0.12755 -0.00937092 0.01 72 72 0 0 0
2779 -0.134721 -0.00875555 0.01 72 72 0 0 0
2782 -0.122017 -0.00921191 0.01 64 64 0 0 0
2784 -0.119779 -0.00887462 0.01 64 64 0 0 0
2786 -0.174573 -0.00855263 0.01 72 72 0 0 0
2800 -0.157132 -0.00945054 0.01 72 72 0 0 0
2813 -0.152604 -0.0088199 0.01 65 65 0 0 0
2819 -0.152794 -0.00897794 0.01 81 81 0 0 0
2821 -0.147995 -0.00893056 0.01 65 65 0.00084205 -0.011322 0
2822 -0.152604 -0.0088199 0.01 65 65 0 0 0
2824 -0.184368 -0.00800127 0.01 80 80 0 0 0
2842 -0.152114 -0.00919068 0.01 65 65 0 0 0
2843 -0.150588 -0.00879789 0.01 72 73 0 0 0
2849 -0.136673 -0.00893056 0.01 65 65 0 0 0
2851 -0.184368 -0.00828903 0.01 80 80 0 0 0
2855 -0.152794 -0.00897794 0.01 80 80 0 0 0
2860 -0.146049 -0.00928548 0.01 72 72 0 0 0
2861 -0.152794 -0.00897794 0.01 82 82 0 0 0
2877 -0.119049 -0.00908442 0.01 72 72 0 0 0
2882 -0.136673 -0.00893056 0.01 65 65 0 0 0
2888 -0.152794 -0.0089733 0.01 81 81 0 0 0
2899 -0.152604 -0.0088199 0.01 64 64 0 0 0
2900 -0.133223 -0.00925594 0.01 72 72 0 0 0
2904 -0.152604 -0.0088199 0.01 65 65 0 0 0
2923 -0.122017 -0.00921191 0.01 65 65 0 0 0
2931 -0.119779 -0.00887462 0.01 65 65 0 0 0
2934 -0.119779 -0.00887462 0.01 64 65 0 0 0
2944 -0.152794 -0.00897794 0.01 80 80 0 0 0
2948 -0.132062 -0.00921191 0.01 72 72 0 0 0
2950 -0.152604 -0.0088199 0.01 65 65 0 0 0
2957 -0.149538 -0.00897794 0.01 82 81 -0.00425935 0.00325643 0
2962 -0.163419 -0.00800551 0.01 72 72 0 0 0
2963 -0.188213 -0.00849681 0.01 72 72 0 0 0
2967 -0.152794 -0.00897794 0.01 80 80 0 0 0
2970 -0.184368 -0.00828903 0.01 80 80 0 0 0
2981 -0.136673 -0.00893453 0.01 65 65 -9.08971e-07 0 -3.97675e-06
2989 -0.182313 -0.0090694 0.01 80 80 0 0 0
2991 -0.162771 -0.0090694 0.01 81 81 0 0 0
2994 -0.152794 -0.00897794 0.01 80 80 0 0 0
3000 -0.174573 -0.00855263 0.01 72 72 0 0 0
3015 -0.119049 -0.00908442 0.01 72 72 0 0 0
3026 -0.152604 -0.0088199 0.01 65 64 0 0 0
3031 -0.152604 -0.00875505 0.01 65 65 0 0 0
3037 -0.119779 -0.00887462 0.01 65 65 0 0 0
3041 -0.152604 -0.0088199 0.01 64 64 0 0 0
3043 -0.152604 -0.00922076 0.01 65 66 0 0 0
3044 -0.122017 -0.00921191 0.01 64 64 0 0 0
3050 -0.152794 -0.00897794 0.01 82 82 0 0 0
3065 -0.184368 -0.00796215 0.01 80 80 0.000887513 0 0.000326877
3066 -0.127906 -0.00908442 0.01 72 72 0 0 0
3078 -0.119779 -0.00887462 0.01 65 65 0 0 0
3083 -0.137903 -0.00854773 0.01 72 72 0 0 0
3086 -0.182313 -0.0090694 0.01 80 80 0 0 0
3087 -0.163419 -0.00800551 0.01 72 72 0 0 0
3089 -0.163419 -0.00798877 0.01 72 72 0 0 0
3095 -0.135175 -0.00916957 0.01 72 72 0 0 0
3101 -0.152794 -0.00897794 0.01 80 80 0 0 0
3114 -0.174573 -0.00860515 0.01 72 72 0 0 0
3116 -0.112592 -0.00930195 0.01 64 64 0 0 0
3118 -0.152604 -0.0088199 0.01 65 65 0 0 0
3125 -0.152794 -0.00897794 0.01 82 82 0 0 0
3132 -0.164624 -0.0090694 0.01 80 80 0 0 0
3133 -0.138724 -0.00818732 0.01 72 72 0 0 0
3137 -0.119049 -0.00908442 0.01 72 72 0 0 0
3146 -0.112707 -0.00908442 0.01 72 72 0 0 0
3154 -0.149749 -0.00895379 0.01 72 72 0 0 0
3162 -0.184368 -0.00828903 0.01 80 80 0 0 0
3171 -0.132264 -0.00891902 0.01 72 72 0 0 0
3172 -0.169615 -0.00886128 0.01 72 72 0 0 0
3186 -0.138021 -0.00897794 0.01 81 81 -0.0228225 0.0147732 0
3201 -0.188213 -0.00849681 0.01 72 72 0 0 0
3203 -0.112592 -0.00960991 0.01 65 66 -0.000262603 0 -0.000307958
3212 -0.152604 -0.0088199 0.01 64 64 0 0 0
3216 -0.152794 -0.00897794 0.01 81 81 0 0 0
3223 -0.132062 -0.00921191 0.01 72 72 0 0 0
3226 -0.152604 -0.0088199 0.01 64 64 0 0 0
3230 -0.184368 -0.00828903 0.01 80 80 0 0 0
3232 -0.152794 -0.00897794 0.01 82 82 0 0 0
3234 -0.138724 -0.00818732 0.01 72 72 0 0 0
3250 -0.164624 -0.0090694 0.01 80 80 0 0 0
3252 -0.184368 -0.00828903 0.01 80 80 0 0 0
3259 -0.184368 -0.00828903 0.01 80 80 0 0 0
3270 -0.182313 -0.0090694 0.01 80 80 0 0 0
3276 -0.138724 -0.00818732 0.01 72 72 0 0 0
3281 -0.163419 -0.00798877 0.01 72 72 0 0 0
3290 -0.168368 -0.0090694 0.01 80 80 0 0 0
3297 -0.119779 -0.00887462 0.01 65 65 0 0 0
3298 -0.162771 -0.0090694 0.01 80 80 0 0 0
3300 -0.127906 -0.00908442 0.01 72 72 0 0 0
3303 -0.164624 -0.00892691 0.01 72 72 0 0 0
3313 -0.149538 -0.00897794 0.01 82 82 0 0 0
3315 -0.147988 -0.00882525 0.01 65 65 0 0 0
3319 -0.164624 -0.009255 0.01 72 72 0 0 0
3329 -0.152794 -0.00897794 0.01 81 81 0 0 0
3335 -0.152794 -0.00897794 0.01 82 82 0 0 0
3347 -0.112592 -0.00921042 0.01 65 65 0 0 0
3348 -0.187996 -0.00849681 0.01 72 72 0 0 0
3354 -0.152794 -0.00897794 0.01 80 80 0 0 0
3371 -0.152794 -0.00897794 0.01 81 81 0 0 0
3377 -0.152604 -0.0088199 0.01 65 65 0 0 0
3380 -0.152114 -0.00919068 0.01 65 65 0 0 0
3383 -0.176464 -0.00862006 0.01 80 80 -0.00294471 0.00790364 0
3386 -0.145474 -0.00900386 0.01 72 72 0 0 0
3398 -0.164624 -0.0090694 0.01 81 81 0 0 0
3401 -0.152533 -0.00882525 0.01 65 66 0 0 0
3403 -0.119049 -0.00908442 0.01 72 72 0 0 0
3404 -0.180141 -0.00917875 0.01 72 72 0 0 0
3405 -0.112592 -0.00930195 0.01 65 66 0 0 0
3407 -0.152604 -0.0088199 0.01 64 64 0 0 0
3412 -0.14975 -0.00829362 0.01 72 72 0 0 0
3425 -0.164624 -0.0090694 0.01 81 81 0 0 0
3427 -0.184426 -0.0090694 0.01 80 80 0 0 0
3430 -0.151928 -0.00881449 0.01 72 71 0 0 0
3438 -0.163419 -0.00800551 0.01 72 72 0 0 0
3449 -0.149749 -0.00895379 0.01 72 72 0 0 0
3451 -0.164624 -0.009255 0.01 72 72 0 0 0
3453 -0.152604 -0.0088199 0.01 64 64 0 0 0
3454 -0.152604 -0.0088199 0.01 65 66 0 0 0
3457 -0.152794 -0.00889323 0.01 80 80 0.000874251 0 8.47075e-05
3475 -0.152794 -0.0089733 0.01 81 81 0 0 0
3477 -0.119779 -0.00887462 0.01 65 65 0 0 0
3489 -0.163421 -0.00897794 0.01 80 80 0 0 0
3494 -0.162771 -0.00897633 0.01 80 80 0 0 0
3512 -0.122017 -0.00921191 0.01 64 64 0 0 0
3514 -0.119779 -0.00887462 0.01 65 65 0 0 0
3520 -0.119779 -0.00887462 0.01 64 64 0 0 0
3523 -0.184368 -0.00828903 0.01 80 80 0 0 0
3524 -0.122017 -0.00921191 0.01 64 64 0 0 0
3528 -0.117526 -0.00872965 0.01 72 72 0 0 0
3537 -0.152794 -0.00897794 0.01 82 82 0 0 0
3545 -0.152604 -0.0088199 0.01 65 65 0 0 0
3548 -0.164624 -0.009255 0.01 72 72 0 0 0
3552 -0.184368 -0.00828903 0.01 80 80 0 0 0
3554 -0.174573 -0.00849681 0.01 72 73 0 0 0
3557 -0.184368 -0.00828903 0.01 80 80 0 0 0
3560 -0.112592 -0.00921042 0.01 65 65 0 0 0
3564 -0.127906 -0.00908442 0.01 72 72 0 0 0
3566 -0.152533 -0.00882525 0.01 65 65 0 0 0
3568 -0.152794 -0.00897794 0.01 81 81 0 0 0
3570 -0.141264 -0.00812928 0.01 72 72 0.000485748 0 0.000282845
3575 -0.152114 -0.00919068 0.01 64 65 0 0 0
3577 -0.152794 -0.00897794 0.01 80 80 0 0 0
3585 -0.180141 -0.00917875 0.01 72 72 0 0 0
3603 -0.112592 -0.00934533 0.01 65 65 -7.63535e-05 0 -0.000134911
3609 -0.169615 -0.0087505 0.01 72 72 0 0 0
3611 -0.152604 -0.0088199 0.01 64 65 0 0 0
3614 -0.174573 -0.00860515 0.01 72 72 0 0 0
3616 -0.152794 -0.00897794 0.01 80 80 0 0 0
3637 -0.162771 -0.0090694 0.01 81 80 0 0 0
3643 -0.126609 -0.00887462 0.01 65 65 0 0 0
3646 -0.136673 -0.00893056 0.01 65 65 0 0 0
3675 -0.162771 -0.0090694 0.01 80 80 0 0 0
3686 -0.138724 -0.00818732 0.01 72 72 0 0 0
3709 -0.147885 -0.0088714 0.01 72 72 0 0 0
3715 -0.152794 -0.00897794 0.01 81 81 0 0 0
3717 -0.152794 -0.00897794 0.01 80 80 0 0 0
3718 -0.112707 -0.00908442 0.01 72 72 -0.00500029 0.00634199 0
3721 -0.152604 -0.0088199 0.01 64 64 0 0 0
3731 -0.152794 -0.00897794 0.01 82 82 0 0 0
3735 -0.137903 -0.00854773 0.01 72 72 0 0 0
3739 -0.138995 -0.0088822 0.01 72 72 0 0 0
3745 -0.167992 -0.00828903 0.01 80 80 0 0 0
3746 -0.119779 -0.00887462 0.01 64 64 0 0 0
3748 -0.184368 -0.00828903 0.01 80 80 0 0 0
3755 -0.162771 -0.0090694 0.01 80 80 0 0 0
3762 -0.152604 -0.0088199 0.01 65 65 0 0 0
3763 -0.164624 -0.0090694 0.01 80 80 0 0 0
3765 -0.152604 -0.0088199 0.01 65 65 0 0 0
3769 -0.14975 -0.00829362 0.01 72 72 0 0 0
3775 -0.168764 -0.0090522 0.01 72 72 0 0 0
3780 -0.132062 -0.00921191 0.01 72 72 0 0 0
3794 -0.162771 -0.0090694 0.01 81 81 0 0 0
3802 -0.135968 -0.00937092 0.01 72 73 0 0 0
3805 -0.152794 -0.00897794 0.01 81 80 0 0 0
3809 -0.184368 -0.00800127 0.01 80 80 0.000786692 0 0.000287757
3815 -0.162771 -0.0090694 0.01 80 80 0 0 0
3819 -0.152604 -0.0088199 0.01 65 65 0 0 0
3825 -0.152794 -0.00897794 0.01 82 82 0 0 0
3826 -0.132062 -0.00894256 0.01 72 72 0 0 0
3833 -0.167992 -0.00828903 0.01 80 80 0 0 0
3839 -0.163979 -0.00884932 0.01 72 73 0.00147736 -0.00733005 0
3842 -0.162771 -0.0090694 0.01 80 80 0 0 0
3843 -0.158715 -0.00904838 0.01 72 72 0 0 0
3846 -0.132062 -0.00921191 0.01 72 72 0 0 0
3850 -0.122633 -0.00854344 0.01 72 72 0.000126615 0 3.67202e-05
3851 -0.168883 -0.00898306 0.01 72 72 0 0 0
3869 -0.152794 -0.00897794 0.01 82 82 0 0 0
3877 -0.163419 -0.00800551 0.01 72 72 0 0 0
3878 -0.164624 -0.0090694 0.01 81 81 0 0 0
3888 -0.162771 -0.0090694 0.01 81 81 0 0 0
3905 -0.152794 -0.00897794 0.01 81 81 0 0 0
3924 -0.152604 -0.0088199 0.01 65 66 0 0 0
3934 -0.119779 -0.00887462 0.01 65 65 0 0 0
3939 -0.152794 -0.00897794 0.01 81 81 0 0 0
3940 -0.173831 -0.00860571 0.01 72 72 0 0 0
3942 -0.152604 -0.0088199 0.01 65 65 0 0 0
3948 -0.152794 -0.00897794 0.01 82 82 0 0 0
3957 -0.152794 -0.00897794 0.01 82 82 0 0 0
3963 -0.152604 -0.0088199 0.01 65 65 0 0 0
3966 -0.142253 -0.00829362 0.01 72 72 0 0 0
3967 -0.119779 -0.00887462 0.01 65 66 0 0 0
3971 -0.152114 -0.00919068 0.01 65 65 0 0 0
3974 -0.184368 -0.00828903 0.01 80 80 0 0 0
3978 -0.138995 -0.0088822 0.01 72 72 0 0 0
3983 -0.137025 -0.00906923 0.01 72 72 0 0 0
3993 -0.152114 -0.00919068 0.01 65 65 0 0 0
3994 -0.182313 -0.0090694 0.01 80 80 0 0 0
3995 -0.168764 -0.0090522 0.01 72 72 0 0 0
3997 -0.150067 -0.00943216 0.01 72 72 0 0 0
3998 -0.112592 -0.00930195 0.01 65 64 0 0 0
4014 -0.152114 -0.00919068 0.01 65 65 0 0 0
4017 -0.162771 -0.0090694 0.01 80 80 0 0 0
4018 -0.153192 -0.00913438 0.01 72 71 0 0 0
4021 -0.115966 -0.00788383 0.01 72 72 0 0 0
4022 -0.187996 -0.00849681 0.01 72 72 0 0 0
4025 -0.119779 -0.00887462 0.01 64 64 0 0 0
4026 -0.119779 -0.00887462 0.01 65 65 0 0 0
4027 -0.151424 -0.00854127 0.01 72 72 0 0 0
4035 -0.165325 -0.00800551 0.01 72 72 0 0 0
4045 -0.188213 -0.00849681 0.01 72 72 0 0 0
4048 -0.174573 -0.00849639 0.01 72 72 0 0 0
4053 -0.112592 -0.00930195 0.01 65 65 0 0 0
4054 -0.152114 -0.00919068 0.01 64 64 0 0 0
4056 -0.119049 -0.00908442 0.01 72 72 0 0 0
4066 -0.127906 -0.00908442 0.01 72 72 0 0 0
4072 -0.152604 -0.0088199 0.01 65 65 0 0 0
4081 -0.119779 -0.00887462 0.01 65 65 0 0 0
4086 -0.152604 -0.0088199 0.01 64 64 0 0 0
4087 -0.152794 -0.00897794 0.01 80 80 0 0 0
4092 -0.157132 -0.00945054 0.01 72 72 0 0 0
4096 -0.180141 -0.00917875 0.01 72 72 0 0 0
4120 -0.173831 -0.00860571 0.01 72 72 0 0 0
4122 -0.146363 -0.00919068 0.01 64 64 0 0 0
4127 -0.154566 -0.00897794 0.01 80 79 0 0 0
4130 -0.184368 -0.00828903 0.01 80 80 0 0 0
4137 -0.112592 -0.00930195 0.01 64 64 0 0 0
4139 -0.162771 -0.0090694 0.01 81 81 0 0 0
4145 -0.163421 -0.00897794 0.01 80 80 0 0 0
4152 -0.174573 -0.00855263 0.01 72 72 0 0 0
4154 -0.119779 -0.00887462 0.01 65 65 0 0 0
4155 -0.184368 -0.00828903 0.01 80 80 0 0 0
4157 -0.162771 -0.0090694 0.01 80 80 0 0 0
4169 -0.152794 -0.00897794 0.01 82 82 0 0 0
4171 -0.152794 -0.00897794 0.01 80 81 0 0 0
4178 -0.164624 -0.00892691 0.01 72 72 0 0 0
4179 -0.152794 -0.00897794 0.01 81 81 0 0 0
4184 -0.168368 -0.0090694 0.01 80 80 0 0 0
4192 -0.187996 -0.00849681 0.01 72 72 0 0 0
4198 -0.163421 -0.00897794 0.01 80 80 0 0 0
4199 -0.119049 -0.00908442 0.01 72 72 0 0 0
4200 -0.126609 -0.00887462 0.01 65 65 0 0 0
4206 -0.142253 -0.00829362 0.01 72 72 0 0 0
4209 -0.174573 -0.00863688 0.01 72 72 0 0 0
4217 -0.164624 -0.009255 0.01 72 73 0 0 0
4218 -0.152794 -0.00897794 0.01 81 81 0 0 0
4224 -0.162771 -0.0090694 0.01 80 80 0 0 0
4227 -0.152604 -0.0088199 0.01 65 65 0 0 0
4233 -0.169615 -0.0087505 0.01 72 72 0 0 0
4243 -0.157132 -0.00945054 0.01 72 72 0 0 0
4248 -0.176855 -0.0090694 0.01 81 80 0 0 0
4250 -0.164624 -0.0090694 0.01 81 81 0 0 0
4265 -0.164624 -0.0090694 0.01 80 80 0 0 0
4266 -0.147988 -0.00882525 0.01 65 65 0 0 0
4273 -0.184368 -0.00828903 0.01 80 80 0 0 0
4286 -0.139291 -0.00897388 0.01 72 71 0 0 0
4302 -0.149749 -0.00895379 0.01 72 72 0 0 0
4308 -0.163421 -0.00897794 0.01 80 80 0 0 0
4319 -0.152604 -0.0088199 0.01 65 65 0 0 0
4320 -0.162771 -0.0090694 0.01 81 81 0 0 0
4340 -0.169615 -0.00933525 0.01 72 72 0 0 0
4347 -0.146769 -0.00900386 0.01 72 72 0.000364587 -0.00129469 0
4349 -0.119779 -0.00887462 0.01 64 64 0 0 0
4360 -0.151584 -0.00885363 0.01 72 72 0 0 0
4366 -0.137903 -0.00854773 0.01 72 72 0 0 0
4367 -0.188213 -0.00849681 0.01 72 72 0 0 0
4370 -0.146049 -0.00928548 0.01 72 72 0 0 0
4371 -0.162771 -0.0090694 0.01 80 80 0 0 0
4375 -0.141264 -0.00829362 0.01 72 72 0 0 0
4393 -0.150588 -0.00883119 0.01 72 72 0 0 0
4401 -0.171793 -0.00844308 0.01 72 72 0 0 0
4403 -0.152794 -0.00897794 0.01 81 81 0 0 0
4411 -0.184368 -0.00828903 0.01 80 80 0 0 0
4412 -0.184368 -0.00828903 0.01 80 80 0 0 0
4419 -0.184368 -0.00828903 0.01 80 80 0 0 0
4427 -0.164624 -0.0090694 0.01 80 80 0 0 0
4429 -0.135175 -0.00916957 0.01 72 72 0 0 0
4432 -0.171793 -0.00844308 0.01 72 72 -4.80413e-05 0 -8.21985e-05
4442 -0.152794 -0.00897794 0.01 80 80 0 0 0
4443 -0.173755 -0.0090088 0.01 72 73 0 0 0
4447 -0.162771 -0.0090694 0.01 80 80 0 0 0
4451 -0.138724 -0.00818732 0.01 72 72 0 0 0
4459 -0.136673 -0.00893056 0.01 65 66 0 0 0
4468 -0.132062 -0.00921191 0.01 72 72 0 0 0
4479 -0.162771 -0.0090694 0.01 80 80 0 0 0
4491 -0.168368 -0.0090694 0.01 80 80 0 0 0
4499 -0.152114 -0.00919068 0.01 65 65 0 0 0
4500 -0.152533 -0.00882525 0.01 65 65 0 0 0
4505 -0.176855 -0.00924492 0.01 80 80 0 0 0
4509 -0.112592 -0.00921042 0.01 65 65 0 0 0
4522 -0.138724 -0.00818732 0.01 72 72 0 0 0
4523 -0.152604 -0.0088199 0.01 65 65 0 0 0
4527 -0.119779 -0.00887462 0.01 64 64 0 0 0
4528 -0.136673 -0.00893056 0.01 65 65 0 0 0
4531 -0.112592 -0.00921042 0.01 65 65 0 0 0
4532 -0.167992 -0.00828903 0.01 80 80 0 0 0
4541 -0.164624 -0.0090694 0.01 80 80 0 0 0
4542 -0.151584 -0.00853211 0.01 72 72 0 0 0
4544 -0.119779 -0.00887462 0.01 64 64 0 0 0
4551 -0.16795 -0.0090694 0.01 80 80 0 0 0
4560 -0.151584 -0.00885363 0.01 72 72 0 0 0
4565 -0.152794 -0.00897794 0.01 82 82 0 0 0
4571 -0.152794 -0.00897794 0.01 82 82 0 0 0
4578 -0.138995 -0.0088822 0.01 72 72 0 0 0
4583 -0.184368 -0.00828903 0.01 81 81 0 0 0
4590 -0.184368 -0.00828903 0.01 80 80 0 0 0
4596 -0.154385 -0.00881745 0.01 72 72 7.88122e-05 0 6.47418e-05
4602 -0.158715 -0.00904838 0.01 72 72 0 0 0
4612 -0.16013 -0.00882518 0.01 72 72 0 0 0
4617 -0.112592 -0.00921042 0.01 65 65 0 0 0
4618 -0.112592 -0.00921042 0.01 65 65 0 0 0
4622 -0.150588 -0.00879789 0.01 72 73 0 0 0
4623 -0.164624 -0.0090694 0.01 81 81 0 0 0
4626 -0.119779 -0.00922031 0.01 72 70 0 0 0
4644 -0.152533 -0.00882525 0.01 65 65 0 0 0
4658 -0.162771 -0.0090694 0.01 80 80 0 0 0
4662 -0.122633 -0.00858016 0.01 72 72 0 0 0
4664 -0.112592 -0.00930195 0.01 65 65 0 0 0
4668 -0.142418 -0.00897794 0.01 80 81 0 0 0
4670 -0.164624 -0.0090694 0.01 80 80 0 0 0
4674 -0.153192 -0.00913438 0.01 72 72 0 0 0
4688 -0.136673 -0.00893453 0.01 65 65 0 0 0
4691 -0.168129 -0.00945054 0.01 72 72 0.00189835 -0.010997 0
4698 -0.141264 -0.00829362 0.01 72 72 0 0 0
4703 -0.152794 -0.00897794 0.01 81 81 0 0 0
4714 -0.152114 -0.00919068 0.01 65 66 0 0 0
4723 -0.151625 -0.00892691 0.01 72 72 -0.00236341 0.0129987 0
4727 -0.164624 -0.0090694 0.01 80 80 0 0 0
4728 -0.205309 -0.00919491 0.01 80 78 0 0 0
4729 -0.152604 -0.0088199 0.01 64 64 0 0 0
4733 -0.164624 -0.0090694 0.01 80 80 0 0 0
4735 -0.132062 -0.00921191 0.01 72 72 0 0 0
4738 -0.137248 -0.00930516 0.01 65 66 0 0 0
4745 -0.174573 -0.00863688 0.01 72 72 0 0 0
4757 -0.174573 -0.00855263 0.01 72 72 0 0 0
4759 -0.152604 -0.0088199 0.01 65 65 0 0 0
4760 -0.152114 -0.00919068 0.01 65 65 0 0 0
4761 -0.152794 -0.00926174 0.01 81 81 -0.0038819 0 -0.000283806
4764 -0.162771 -0.0090694 0.01 80 80 0 0 0
4765 -0.152794 -0.00897794 0.01 82 82 0 0 0
4768 -0.14079 -0.00851528 0.01 72 72 0 0 0
4771 -0.112592 -0.00921042 0.01 65 65 0 0 0
4774 -0.135375 -0.00925584 0.01 72 72 0 0 0
4775 -0.152794 -0.00897794 0.01 81 82 0 0 0
4778 -0.152794 -0.00897794 0.01 81 81 0 0 0
4789 -0.164624 -0.0090694 0.01 80 80 0 0 0
4790 -0.162771 -0.0090694 0.01 80 80 0 0 0
4793 -0.157802 -0.00895379 0.01 72 72 0 0 0
4803 -0.122017 -0.00921191 0.01 64 64 0 0 0
4804 -0.184368 -0.00828903 0.01 80 80 0 0 0
4807 -0.168764 -0.0090522 0.01 72 72 0 0 0
4817 -0.164624 -0.009255 0.01 72 71 0 0 0
4818 -0.112592 -0.00930195 0.01 65 65 0 0 0
4823 -0.119779 -0.00887462 0.01 65 65 0 0 0
4824 -0.168368 -0.0090694 0.01 80 80 0 0 0
4826 -0.164624 -0.0090694 0.01 81 81 0 0 0
4840 -0.132264 -0.00891902 0.01 72 72 0 0 0
4849 -0.174573 -0.00849681 0.01 72 72 0 0 0
4851 -0.16013 -0.00882518 0.01 72 73 0 0 0
4855 -0.124472 -0.00867183 0.01 72 72 0 0 0
4858 -0.145474 -0.00900386 0.01 72 72 0 0 0
4860 -0.164624 -0.0090694 0.01 82 81 0 0 0
4865 -0.152114 -0.00919068 0.01 65 65 0 0 0
4874 -0.164624 -0.0090694 0.01 81 81 0 0 0
4877 -0.162771 -0.0090694 0.01 81 81 0 0 0
4879 -0.169615 -0.00886128 0.01 72 72 0 0 0
4880 -0.152604 -0.00875505 0.01 65 65 0 0 0
4890 -0.152604 -0.0088199 0.01 65 65 0 0 0
4893 -0.149749 -0.00895379 0.01 72 72 0 0 0
4897 -0.112592 -0.00921042 0.01 65 65 0 0 0
4898 -0.152604 -0.00875505 0.01 65 65 0 0 0
4911 -0.182313 -0.0090694 0.01 80 80 0 0 0
4912 -0.112707 -0.00908442 0.01 72 72 0 0 0
4922 -0.168585 -0.00860571 0.01 72 74 0 0 0
4926 -0.119779 -0.00887462 0.01 65 65 0 0 0
4931 -0.152794 -0.00897794 0.01 80 79 0 0 0
4937 -0.152794 -0.00897794 0.01 81 82 0 0 0
4947 -0.152794 -0.00897794 0.01 82 82 0 0 0
4953 -0.184368 -0.00828903 0.01 80 80 0 0 0
4961 -0.162771 -0.0090694 0.01 80 80 0 0 0
4986 -0.152794 -0.00897794 0.01 80 79 0 0 0
4988 -0.152069 -0.00937926 0.01 72 71 0 0 0
4992 -0.152604 -0.0088199 0.01 65 65 0 0 0
4995 -0.152533 -0.00882525 0.01 65 65 0 0 0
5012 -0.174573 -0.00849681 0.01 72 72 0 0 0
5016 -0.201565 -0.00909864 0.01 72 73 0 0 0
5018 -0.152604 -0.0088199 0.01 65 65 0 0 0
5023 -0.184368 -0.00862006 0.01 80 80 0 0 0
5030 -0.152604 -0.0088199 0.01 65 65 0 0 0
5031 -0.162771 -0.0090694 0.01 80 80 0 0 0
5041 -0.152794 -0.00905426 0.01 80 80 0 0 0
5043 -0.152114 -0.00919068 0.01 65 65 0 0 0
5051 -0.164624 -0.0090694 0.01 80 80 0 0 0
5055 -0.135175 -0.00916957 0.01 72 73 0 0 0
5056 -0.119049 -0.00908442 0.01 72 72 0 0 0
5064 -0.152794 -0.00897794 0.01 82 82 0 0 0
5066 -0.184368 -0.00828903 0.01 80 80 0 0 0
5072 -0.133778 -0.00851163 0.01 72 72 0 0 0
5077 -0.151584 -0.00885363 0.01 72 72 0 0 0
5082 -0.152794 -0.00897794 0.01 82 82 0 0 0
5085 -0.152794 -0.00897794 0.01 82 82 0 0 0
5090 -0.184368 -0.00828903 0.01 80 80 0 0 0
5095 -0.119779 -0.00887462 0.01 65 65 0 0 0
5097 -0.138995 -0.0088822 0.01 72 72 0 0 0
5098 -0.142401 -0.00937092 0.01 72 72 0 0 0
5109 -0.10647 -0.00942038 0.01 63 63 0 0 0
5112 -0.187996 -0.00849681 0.01 72 72 0 0 0
5113 -0.152794 -0.00897794 0.01 82 82 0 0 0
5138 -0.152604 -0.0088199 0.01 65 65 0 0 0
5142 -0.152604 -0.0088199 0.01 64 64 0 0 0
5146 -0.152114 -0.00919068 0.01 65 65 0 0 0
5154 -0.182313 -0.0090694 0.01 80 80 0 0 0
5160 -0.184368 -0.00828903 0.01 80 80 0 0 0
5168 -0.184368 -0.00828903 0.01 80 80 0 0 0
5171 -0.147833 -0.00823132 0.01 72 72 0 0 0
5174 -0.152604 -0.0088199 0.01 65 65 0 0 0
5179 -0.162771 -0.0090694 0.01 81 81 0 0 0
5183 -0.184368 -0.00828903 0.01 80 80 0 0 0
5186 -0.191046 -0.00828903 0.01 81 80 0.00170943 -0.00667842 0
5187 -0.131219 -0.00973174 0.01 65 65 0 0 0
5189 -0.152794 -0.00897794 0.01 80 80 0 0 0
5202 -0.184368 -0.00828903 0.01 80 80 0 0 0
5209 -0.152794 -0.00897794 0.01 80 80 0 0 0
5215 -0.152604 -0.0088199 0.01 65 65 0 0 0
5216 -0.152604 -0.0088199 0.01 64 64 0 0 0
5217 -0.162771 -0.0090694 0.01 80 80 0 0 0
5223 -0.138995 -0.0088822 0.01 72 72 0 0 0
5240 -0.117526 -0.00872965 0.01 72 72 0 0 0
5247 -0.152604 -0.0088199 0.01 65 65 0 0 0
5250 -0.149749 -0.00895379 0.01 72 72 0 0 0
5257 -0.119779 -0.00887462 0.01 65 65 0 0 0
5258 -0.124472 -0.00867183 0.01 72 72 0 0 0
5260 -0.122017 -0.00921191 0.01 64 64 0 0 0
5266 -0.152114 -0.00919068 0.01 64 64 0 0 0
5273 -0.135175 -0.00916957 0.01 72 72 0 0 0
5274 -0.152604 -0.0088199 0.01 65 65 0 0 0
5277 -0.152794 -0.00897794 0.01 80 81 0 0 0
5284 -0.184368 -0.00828903 0.01 80 80 0 0 0
5285 -0.152794 -0.00897794 0.01 80 80 0 0 0
5289 -0.152604 -0.0088199 0.01 64 64 0 0 0
5290 -0.164624 -0.0090694 0.01 80 80 0 0 0
5297 -0.137274 -0.00897794 0.01 80 80 -0.0205435 0.0155201 0
5303 -0.174573 -0.00849681 0.01 72 72 0 0 0
5310 -0.180141 -0.00917875 0.01 72 72 0 0 0
5313 -0.152794 -0.00897794 0.01 81 81 0 0 0
5316 -0.138995 -0.0088822 0.01 72 72 0 0 0
5322 -0.122836 -0.00887462 0.01 65 65 0.000487849 -0.00305714 0
5324 -0.184368 -0.00828903 0.01 80 80 0 0 0
5332 -0.112592 -0.00921042 0.01 65 65 0 0 0
5333 -0.174573 -0.00855263 0.01 72 70 0 0 0
5338 -0.151584 -0.00885363 0.01 72 72 0 0 0
5342 -0.152794 -0.00897794 0.01 81 81 0 0 0
5345 -0.168368 -0.0090694 0.01 80 80 0 0 0
5348 -0.149749 -0.00895379 0.01 72 72 0 0 0
5349 -0.164624 -0.0090694 0.01 81 81 0 0 0
5350 -0.163419 -0.00798877 0.01 72 72 0 0 0
5351 -0.162771 -0.0090694 0.01 81 81 0 0 0
5363 -0.184368 -0.00828903 0.01 80 80 0 0 0
5364 -0.184368 -0.00828903 0.01 80 80 0 0 0
5367 -0.135175 -0.00916957 0.01 72 73 0 0 0
5377 -0.184426 -0.0090694 0.01 80 80 0.0121184 -0.0216552 0
5379 -0.174573 -0.00849639 0.01 72 72 0 0 0
5380 -0.152794 -0.00897794 0.01 80 79 0 0 0
5383 -0.152794 -0.00897794 0.01 81 81 0 0 0
5392 -0.168368 -0.0090694 0.01 80 80 0 0 0
5407 -0.162771 -0.0090694 0.01 80 80 0 0 0
5408 -0.149749 -0.00895379 0.01 72 72 0 0 0
5410 -0.112592 -0.00921042 0.01 65 65 0 0 0
5419 -0.14975 -0.00829362 0.01 72 72 0 0 0
5420 -0.112592 -0.00921042 0.01 65 65 0 0 0
5435 -0.152794 -0.00897794 0.01 82 82 0 0 0
5441 -0.152114 -0.00919068 0.01 65 65 0 0 0
5443 -0.175983 -0.00855263 0.01 72 72 0 0 0
5445 -0.205961 -0.00909864 0.01 72 73 0 0 0
5447 -0.152114 -0.00928541 0.01 64 64 0 0 0
5452 -0.152794 -0.0089121 0.01 80 80 0 0 0
5454 -0.152794 -0.00897794 0.01 82 82 0 0 0
5461 -0.162771 -0.0090694 0.01 80 80 0 0 0
5473 -0.152604 -0.0088199 0.01 65 65 0 0 0
5483 -0.168368 -0.0090694 0.01 80 80 0 0 0
5503 -0.152114 -0.00919068 0.01 65 65 0 0 0
5513 -0.174573 -0.00849681 0.01 72 72 0 0 0
5517 -0.138995 -0.0088822 0.01 72 72 0 0 0
5518 -0.152794 -0.00897794 0.01 81 81 0 0 0
5524 -0.14079 -0.00851528 0.01 72 72 0 0 0
5526 -0.152794 -0.0089733 0.01 81 81 0 0 0
5528 -0.162771 -0.0090694 0.01 80 80 0 0 0
5531 -0.152794 -0.00897794 0.01 81 81 0 0 0
5533 -0.162771 -0.0090694 0.01 80 80 0 0 0
5539 -0.119779 -0.00887462 0.01 65 65 0 0 0
5549 -0.119779 -0.00887462 0.01 65 65 0 0 0
5552 -0.152794 -0.00897794 0.01 81 81 0 0 0
5553 -0.176855 -0.0090694 0.01 80 80 0 0 0
5556 -0.184368 -0.00828903 0.01 80 80 0 0 0
5557 -0.174573 -0.00849681 0.01 72 71 0 0 0
5559 -0.161996 -0.00863514 0.01 72 72 0 0 0
5574 -0.167992 -0.00828903 0.01 80 79 0 0 0
5576 -0.122017 -0.00921191 0.01 64 64 0 0 0
5581 -0.122685 -0.00887462 0.01 65 65 0.000464991 -0.00290611 0
5583 -0.152604 -0.0088199 0.01 64 64 0 0 0
5587 -0.162771 -0.0090694 0.01 80 80 0 0 0
5595 -0.184368 -0.00828903 0.01 80 80 0 0 0
5599 -0.119779 -0.00887462 0.01 65 65 0 0 0
5601 -0.133778 -0.00851163 0.01 72 72 0 0 0
5602 -0.184368 -0.00828903 0.01 80 80 0 0 0
5604 -0.167992 -0.00828903 0.01 80 80 0 0 0
5611 -0.152604 -0.0088199 0.01 64 64 0 0 0
5618 -0.145474 -0.00900386 0.01 72 72 0 0 0
5629 -0.184368 -0.00828903 0.01 80 80 0 0 0
5636 -0.153192 -0.00913438 0.01 72 72 0 0 0
5637 -0.141289 -0.00893279 0.01 72 72 0.00216065 -0.00591935 0
5638 -0.112592 -0.00930195 0.01 64 64 0 0 0
5642 -0.152794 -0.00897794 0.01 82 82 0 0 0
5645 -0.135197 -0.00818732 0.01 72 72 0 0 0
5649 -0.187996 -0.00849681 0.01 72 72 0 0 0
5652 -0.164624 -0.0090694 0.01 80 80 0 0 0
5658 -0.152604 -0.0088199 0.01 65 65 0 0 0
5659 -0.186138 -0.0087627 0.01 72 72 0 0 0
5673 -0.164624 -0.0090694 0.01 81 81 0 0 0
5678 -0.184368 -0.00828903 0.01 80 80 0 0 0
5680 -0.135369 -0.00893279 0.01 72 72 0 0 0
5681 -0.151584 -0.00885363 0.01 72 72 0 0 0
5690 -0.152604 -0.0088199 0.01 65 65 0 0 0
5694 -0.10647 -0.00921042 0.01 63 65 -0.00153834 0.00612238 0
5695 -0.152604 -0.0088199 0.01 64 64 0 0 0
5700 -0.177803 -0.00882518 0.01 72 72 0 0 0
5704 -0.184368 -0.00828903 0.01 80 79 0 0 0
5707 -0.176855 -0.0090694 0.01 80 80 0 0 0
5718 -0.119779 -0.00887462 0.01 64 64 0 0 0
5724 -0.152794 -0.00897794 0.01 81 81 0 0 0
5725 -0.149538 -0.00897794 0.01 82 82 0 0 0
5728 -0.112592 -0.00930195 0.01 65 65 0 0 0
5729 -0.152114 -0.00919068 0.01 64 64 0 0 0
5730 -0.112592 -0.00930195 0.01 65 65 0 0 0
5731 -0.152604 -0.00875505 0.01 65 65 0 0 0
5736 -0.152604 -0.0088199 0.01 65 65 0 0 0
5737 -0.112707 -0.00908442 0.01 72 72 0 0 0
5741 -0.177803 -0.00882518 0.01 72 72 0.00213385 -0.0176727 0
5743 -0.164624 -0.0090694 0.01 81 81 0 0 0
5748 -0.119779 -0.00887462 0.01 65 65 0 0 0
5751 -0.162771 -0.0090694 0.01 80 80 0 0 0
5752 -0.162771 -0.0090694 0.01 80 80 0 0 0
5755 -0.138724 -0.00818732 0.01 72 72 0 0 0
5767 -0.153906 -0.0088199 0.01 64 64 5.10216e-05 -0.00130202 0
5768 -0.152794 -0.00897794 0.01 82 82 0 0 0
5769 -0.162771 -0.0090694 0.01 80 80 0 0 0
5771 -0.125631 -0.00921042 0.01 65 65 0 0 0
5786 -0.152533 -0.00882525 0.01 65 65 0 0 0
5788 -0.152604 -0.0088199 0.01 64 64 0 0 0
5789 -0.152794 -0.00897794 0.01 81 81 0 0 0
5793 -0.119779 -0.00887462 0.01 64 64 0 0 0
5796 -0.132062 -0.00921191 0.01 72 72 0 0 0
5804 -0.141264 -0.00834232 0.01 72 72 0 0 0
5810 -0.152794 -0.00897794 0.01 80 80 0 0 0
5813 -0.182313 -0.0090694 0.01 80 80 0 0 0
5815 -0.147833 -0.00829362 0.01 72 73 0 0 0
5819 -0.152794 -0.00897794 0.01 81 81 0 0 0
5824 -0.162771 -0.0090694 0.01 80 80 0 0 0
5828 -0.152794 -0.00897794 0.01 81 81 0 0 0
5835 -0.152794 -0.00897794 0.01 82 82 0 0 0
5842 -0.164624 -0.0090694 0.01 80 80 0 0 0
5849 -0.152794 -0.00897794 0.01 81 81 0 0 0
5850 -0.152794 -0.00897794 0.01 80 80 0 0 0
5851 -0.119779 -0.00887462 0.01 65 65 0 0 0
5862 -0.164624 -0.0090694 0.01 81 81 0 0 0
5865 -0.136673 -0.00893056 0.01 65 65 0 0 0
5879 -0.152794 -0.00897794 0.01 82 82 0 0 0
5883 -0.162771 -0.00897633 0.01 80 80 0 0 0
5889 -0.152114 -0.00919068 0.01 64 64 0 0 0
5890 -0.182313 -0.0090694 0.01 80 80 0 0 0
5898 -0.136673 -0.00893056 0.01 65 65 0 0 0
5899 -0.168368 -0.0090694 0.01 80 80 0 0 0
5900 -0.112592 -0.00921042 0.01 65 65 0 0 0
5902 -0.180141 -0.00917875 0.01 72 72 0 0 0
5904 -0.152794 -0.00897794 0.01 80 80 0 0 0
5906 -0.108484 -0.00917614 0.01 65 66 0 0 0
5907 -0.124472 -0.00867183 0.01 72 72 0 0 0
5908 -0.152794 -0.00897794 0.01 81 81 0 0 0
5910 -0.162771 -0.0090694 0.01 80 80 0 0 0
5911 -0.152794 -0.00897794 0.01 80 79 0 0 0
5913 -0.147988 -0.00882525 0.01 65 65 -0.000247359 0.00454466 0
5924 -0.152604 -0.0088199 0.01 64 64 0 0 0
5927 -0.149749 -0.00895379 0.01 72 72 0 0 0
5931 -0.112592 -0.00921042 0.01 65 65 0 0 0
5940 -0.152604 -0.00887716 0.01 64 64 0 0 0
5941 -0.119779 -0.00887462 0.01 65 65 0 0 0
5945 -0.138724 -0.00818732 0.01 72 72 0 0 0
5964 -0.119779 -0.00887462 0.01 65 65 0 0 0
5966 -0.184368 -0.00828903 0.01 80 80 0 0 0
5967 -0.182313 -0.0090694 0.01 80 80 0 0 0
5968 -0.157132 -0.00945054 0.01 72 72 0 0 0
5984 -0.152604 -0.0088199 0.01 65 65 0 0 0
6009 -0.152114 -0.00919068 0.01 64 64 0 0 0
6012 -0.119779 -0.00887462 0.01 64 64 0 0 0
6021 -0.152794 -0.00897794 0.01 80 79 0 0 0
6031 -0.152794 -0.00897794 0.01 81 81 0 0 0
6033 -0.119779 -0.00887462 0.01 65 65 0 0 0
6039 -0.152794 -0.00897794 0.01 82 82 0 0 0
6042 -0.169615 -0.00886128 0.01 72 72 0 0 0
6044 -0.162771 -0.0090694 0.01 80 80 0 0 0
6052 -0.187996 -0.00849681 0.01 72 71 0 0 0
6056 -0.152604 -0.0088199 0.01 64 64 0 0 0
6058 -0.162771 -0.0090694 0.01 80 80 0 0 0
6059 -0.112592 -0.00921042 0.01 65 65 0 0 0
6062 -0.162771 -0.0090694 0.01 81 81 0 0 0
6063 -0.152794 -0.00897794 0.01 81 81 0 0 0
6066 -0.152604 -0.0088199 0.01 65 65 0 0 0
6069 -0.152794 -0.00897794 0.01 82 82 0 0 0
6070 -0.152604 -0.0088199 0.01 65 65 0 0 0
6091 -0.152794 -0.00897794 0.01 82 82 0 0 0
6092 -0.141264 -0.00829362 0.01 72 72 0 0 0
6093 -0.14151 -0.00919322 0.01 65 65 0 0 0
6096 -0.152794 -0.0089121 0.01 80 80 0 0 0
6100 -0.152604 -0.0088199 0.01 65 65 0 0 0
6103 -0.165325 -0.00800551 0.01 72 72 0.000223577 -0.0019054 0
6106 -0.180141 -0.00917875 0.01 72 72 0 0 0
6108 -0.178154 -0.0090088 0.01 80 79 0 0 0
6110 -0.156209 -0.00919068 0.01 65 65 0.000199214 -0.00409546 0
6111 -0.112592 -0.00930195 0.01 65 65 0 0 0
6116 -0.122017 -0.00921191 0.01 64 64 0 0 0
6119 -0.184368 -0.00862006 0.01 80 80 0 0 0
6132 -0.168368 -0.0090694 0.01 80 80 0 0 0
6135 -0.149538 -0.00897794 0.01 82 82 0 0 0
6140 -0.184368 -0.00828903 0.01 80 80 0 0 0
6144 -0.180141 -0.00917875 0.01 72 72 0 0 0
6147 -0.152604 -0.0088199 0.01 64 64 0 0 0
6148 -0.184368 -0.00828903 0.01 80 80 0 0 0
6149 -0.152794 -0.00897794 0.01 82 82 0 0 0
6154 -0.119779 -0.00887462 0.01 65 65 0 0 0
6159 -0.184368 -0.00828903 0.01 81 81 0 0 0
6169 -0.152794 -0.00886835 0.01 82 82 0.00175163 0 0.000109588
6173 -0.184368 -0.00828903 0.01 80 80 0 0 0
6182 -0.122017 -0.00921191 0.01 65 65 0 0 0
6184 -0.174573 -0.00860515 0.01 72 72 0 0 0
6195 -0.152533 -0.00882525 0.01 65 65 0 0 0
6210 -0.152533 -0.00882525 0.01 65 65 0 0 0
6211 -0.151374 -0.0090694 0.01 80 80 -0.0107814 0.0113964 0
6218 -0.152114 -0.00919068 0.01 64 64 0 0 0
6219 -0.131219 -0.00973174 0.01 65 65 0 0 0
6223 -0.152114 -0.00919068 0.01 64 64 0 0 0
6225 -0.136673 -0.00893056 0.01 65 65 0 0 0
6228 -0.152794 -0.00897794 0.01 81 81 0 0 0
6229 -0.152604 -0.0088199 0.01 65 65 0 0 0
6231 -0.184368 -0.00828903 0.01 80 80 0 0 0
6232 -0.184368 -0.00828903 0.01 80 80 0 0 0
6235 -0.152604 -0.0088199 0.01 65 65 0 0 0
6239 -0.184368 -0.00828903 0.01 80 80 0 0 0
6250 -0.174573 -0.00855263 0.01 72 72 0 0 0
6262 -0.162771 -0.0090694 0.01 81 81 0 0 0
6267 -0.119049 -0.00908442 0.01 72 71 0 0 0
6278 -0.187996 -0.00849681 0.01 72 72 0 0 0
6279 -0.152794 -0.00897794 0.01 81 81 0 0 0
6280 -0.152794 -0.00897794 0.01 82 82 0 0 0
6283 -0.182313 -0.0090694 0.01 80 80 0 0 0
6285 -0.164624 -0.0090694 0.01 81 81 0 0 0
6293 -0.152604 -0.0088199 0.01 65 65 0 0 0
6298 -0.152794 -0.00897794 0.01 82 82 0 0 0
6299 -0.132062 -0.00921191 0.01 72 72 0 0 0
6309 -0.152794 -0.00897794 0.01 81 81 0 0 0
6312 -0.164624 -0.0090694 0.01 81 81 0 0 0
6318 -0.152604 -0.0088199 0.01 65 65 0 0 0
6325 -0.169615 -0.00886128 0.01 72 72 0 0 0
6335 -0.132062 -0.00921191 0.01 72 72 0 0 0
6337 -0.119779 -0.00887462 0.01 65 65 0 0 0
6341 -0.119779 -0.00887462 0.01 64 64 0 0 0
6343 -0.152794 -0.00897794 0.01 81 81 0 0 0
6344 -0.169615 -0.0087505 0.01 72 72 0 0 0
6345 -0.174573 -0.00863688 0.01 72 72 0 0 0
6346 -0.152794 -0.00897794 0.01 81 81 0 0 0
6360 -0.130432 -0.00934533 0.01 65 65 0.0029967 -0.0178394 0
6363 -0.152794 -0.00897794 0.01 81 81 0 0 0
6364 -0.153192 -0.00913438 0.01 72 72 0 0 0
6366 -0.168368 -0.0090694 0.01 80 80 0 0 0
6370 -0.152604 -0.0088199 0.01 64 64 0 0 0
6371 -0.119779 -0.00887462 0.01 64 64 0 0 0
6390 -0.152114 -0.00919068 0.01 65 65 0 0 0
6391 -0.146049 -0.00928548 0.01 72 72 0 0 0
6403 -0.10647 -0.00921042 0.01 63 63 0 0 0
6405 -0.152114 -0.00919068 0.01 65 65 0 0 0
6406 -0.152604 -0.00875505 0.01 65 65 0 0 0
6411 -0.162771 -0.0090694 0.01 81 81 0 0 0
6415 -0.151584 -0.00844839 0.01 72 72 0 0 0
6416 -0.137903 -0.00854773 0.01 72 72 0 0 0
6425 -0.162771 -0.0090694 0.01 81 81 0 0 0
6437 -0.176855 -0.00924492 0.01 80 80 0 0 0
6441 -0.13203 -0.009203 0.01 72 72 0 0 0
6443 -0.184368 -0.00828903 0.01 80 80 0 0 0
6466 -0.10647 -0.00942038 0.01 63 63 -5.82486e-05 0 -0.000209968
6467 -0.152604 -0.0088199 0.01 64 64 0 0 0
6468 -0.112592 -0.00921042 0.01 65 65 0 0 0
6477 -0.164624 -0.009255 0.01 72 72 0 0 0
6480 -0.136673 -0.00893056 0.01 65 65 0 0 0
6482 -0.112592 -0.00921042 0.01 65 65 0 0 0
6486 -0.138995 -0.0088822 0.01 72 72 0 0 0
6487 -0.131219 -0.00926377 0.01 65 66 0 0 0
6488 -0.142418 -0.00897794 0.01 81 81 0.00776821 -0.00439736 0
6492 -0.152604 -0.0088199 0.01 65 65 0 0 0
6497 -0.152604 -0.0088199 0.01 64 64 0 0 0
6507 -0.184368 -0.00828903 0.01 80 80 0 0 0
6511 -0.182806 -0.00917875 0.01 72 73 0 0 0
6514 -0.122017 -0.00921191 0.01 64 64 0 0 0
6519 -0.184368 -0.00828903 0.01 80 80 0 0 0
6520 -0.127906 -0.00908442 0.01 72 72 0 0 0
6523 -0.162771 -0.0090694 0.01 81 81 0 0 0
6528 -0.152794 -0.00897794 0.01 81 81 0 0 0
6529 -0.152604 -0.00875505 0.01 65 65 0 0 0
6533 -0.16013 -0.00882518 0.01 72 72 0 0 0
6536 -0.152794 -0.00897794 0.01 81 81 0 0 0
6539 -0.184368 -0.00828903 0.01 80 80 0 0 0
6540 -0.151584 -0.00885363 0.01 72 72 0 0 0
6544 -0.152114 -0.00919068 0.01 65 65 0 0 0
6547 -0.152114 -0.00919068 0.01 64 64 0 0 0
6552 -0.164624 -0.009255 0.01 72 72 0 0 0
6553 -0.168883 -0.00898306 0.01 72 72 0 0 0
6563 -0.152794 -0.00885523 0.01 82 82 0.00195727 0 0.000122703
6569 -0.152604 -0.0088199 0.01 64 64 0 0 0
6570 -0.149538 -0.00897794 0.01 82 82 0 0 0
6574 -0.10647 -0.00921042 0.01 63 63 0 0 0
6576 -0.162771 -0.0090694 0.01 80 80 0 0 0
6580 -0.152794 -0.00897794 0.01 81 81 0 0 0
6586 -0.176555 -0.00828903 0.01 80 80 -0.00258732 0.0078125 0
6589 -0.119049 -0.00896435 0.01 72 72 0.00050813 0 0.000120076
6598 -0.162771 -0.0090694 0.01 81 81 0 0 0
6599 -0.184368 -0.00862006 0.01 81 81 0 0 0
6601 -0.162771 -0.0090694 0.01 80 80 0 0 0
6602 -0.184368 -0.00828903 0.01 80 80 0 0 0
6603 -0.152604 -0.0088199 0.01 64 64 0 0 0
6605 -0.152794 -0.00897794 0.01 81 81 0 0 0
6615 -0.119779 -0.00887462 0.01 65 65 0 0 0
6616 -0.135175 -0.00916957 0.01 72 72 0 0 0
6617 -0.162771 -0.0090694 0.01 80 80 0 0 0
6623 -0.119779 -0.00887462 0.01 64 64 0 0 0
6626 -0.122017 -0.00921191 0.01 64 64 0 0 0
6629 -0.152794 -0.00897794 0.01 81 81 0 0 0
6638 -0.119779 -0.00887462 0.01 65 65 0 0 0
6640 -0.153986 -0.0088199 0.01 65 65 6.70254e-05 -0.00138205 0
6642 -0.152794 -0.00897794 0.01 80 80 0 0 0
6650 -0.152604 -0.0088199 0.01 65 65 0 0 0
6652 -0.152794 -0.00897794 0.01 81 81 0 0 0
6654 -0.16795 -0.0090694 0.01 80 80 0 0 0
6657 -0.119779 -0.00887462 0.01 64 64 0 0 0
6658 -0.169615 -0.00886128 0.01 72 72 0 0 0
6665 -0.146049 -0.00928548 0.01 72 72 0 0 0
6666 -0.152114 -0.00916503 0.01 65 65 0 0 0
6667 -0.152794 -0.00897794 0.01 82 81 0 0 0
6668 -0.152794 -0.00897794 0.01 82 82 0 0 0
6678 -0.152114 -0.00919068 0.01 64 64 0 0 0
6679 -0.152604 -0.0088199 0.01 64 64 0 0 0
6680 -0.112592 -0.00921042 0.01 65 65 0 0 0
6681 -0.157884 -0.00897794 0.01 81 81 0 0 0
6682 -0.187996 -0.00849681 0.01 72 72 0 0 0
6693 -0.152794 -0.00897794 0.01 80 80 0 0 0
6702 -0.152604 -0.0088199 0.01 64 64 0 0 0
6706 -0.152794 -0.00897794 0.01 81 81 0 0 0
6714 -0.152794 -0.00897794 0.01 81 81 0 0 0
6719 -0.152604 -0.00875505 0.01 65 65 0 0 0
