max_pf 77 min_pf 67
individual dGr dSr disp_rate patch_no b_patch_no mut_eff DdGr DdSr
0 -0.153371 -0.00905102 0.01 77 77 0 0 0
1 -0.166364 -0.0087378 0.01 68 68 0 0 0
2 -0.187513 -0.00864843 0.01 72 72 0 0 0
6 -0.173974 -0.00906924 0.01 72 73 0 0 0
7 -0.163938 -0.00880506 0.01 75 75 0 0 0
8 -0.149652 -0.00936704 0.01 68 69 0 0 0
10 -0.16017 -0.00856803 0.01 76 76 0 0 0
11 -0.203439 -0.00882788 0.01 72 72 0 0 0
13 -0.18897 -0.00849864 0.01 77 77 -5.24819e-05 0 -4.27486e-05
15 -0.105955 -0.00872345 0.01 68 68 0 0 0
16 -0.16017 -0.00845556 0.01 72 72 0 0 0
17 -0.0973426 -0.00906264 0.01 68 68 -0.000424072 0 -0.000159784
18 -0.195972 -0.00861781 0.01 77 77 0 0 0
20 -0.167884 -0.00865725 0.01 77 77 0 0 0
21 -0.13143 -0.00914587 0.01 69 69 0 0 0
24 -0.165798 -0.00899918 0.01 72 72 0 0 0
25 -0.0973426 -0.00890285 0.01 69 69 0 0 0
28 -0.140154 -0.00890179 0.01 72 72 0 0 0
30 -0.166469 -0.00858559 0.01 68 67 0 0 0
32 -0.143984 -0.00857579 0.01 75 75 0 0 0
34 -0.205015 -0.00926766 0.01 76 76 0 0 0
35 -0.166364 -0.00876511 0.01 67 67 0 0 0
36 -0.163341 -0.00906606 0.01 76 77 0 0 0
37 -0.179218 -0.00891637 0.01 76 76 0 0 0
38 -0.127108 -0.00919825 0.01 67 67 0 0 0
39 -0.186285 -0.00905036 0.01 77 77 0.000240117 0 0.000145473
42 -0.186285 -0.00890851 0.01 72 72 0 0 0
43 -0.187932 -0.00930757 0.01 75 75 0 0 0
44 -0.105955 -0.0083618 0.01 68 68 0.000687197 0 0.00036165
45 -0.140154 -0.0093197 0.01 68 68 0 0 0
46 -0.148039 -0.00928086 0.01 76 76 0 0 0
47 -0.117944 -0.0089562 0.01 67 67 0 0 0
48 -0.124562 -0.0093433 0.01 68 68 0 0 0
51 -0.140979 -0.0100564 0.01 68 68 0 0 0
52 -0.140762 -0.00903085 0.01 69 69 0 0 0
53 -0.153371 -0.00905102 0.01 77 77 0 0 0
54 -0.0973426 -0.00890285 0.01 68 68 0 0 0
55 -0.195972 -0.00861781 0.01 77 77 0 0 0
57 -0.129249 -0.00935211 0.01 69 69 0 0 0
58 -0.191282 -0.00898802 0.01 76 76 0 0 0
59 -0.16571 -0.00921111 0.01 72 71 0 0 0
60 -0.105955 -0.00872345 0.01 68 67 0 0 0
61 -0.150381 -0.00894602 0.01 72 72 0 0 0
62 -0.16571 -0.00910719 0.01 72 72 0 0 0
63 -0.121745 -0.00922771 0.01 69 69 0 0 0
67 -0.212151 -0.00861781 0.01 76 76 0.00033465 -0.00572951 0
68 -0.146729 -0.00841629 0.01 68 68 0 0 0
69 -0.195253 -0.00885928 0.01 69 69 0 0 0
70 -0.149652 -0.00936704 0.01 68 68 0 0 0
73 -0.178808 -0.00852961 0.01 75 74 0 0 0
74 -0.117944 -0.0089562 0.01 67 67 0 0 0
75 -0.185322 -0.00856693 0.01 75 75 0 0 0
76 -0.13896 -0.00925833 0.01 77 77 0 0 0
78 -0.187932 -0.00930757 0.01 69 69 0 0 0
79 -0.195972 -0.00907207 0.01 75 75 0 0 0
80 -0.105988 -0.00894602 0.01 67 67 0 0 0
81 -0.163341 -0.00906606 0.01 77 77 0 0 0
82 -0.213983 -0.00879541 0.01 76 77 0.000555426 -0.00756165 0
83 -0.140154 -0.00912381 0.01 68 68 0 0 0
86 -0.191602 -0.00912395 0.01 76 76 0 0 0
87 -0.166364 -0.0087378 0.01 67 67 0 0 0
88 -0.168839 -0.00927179 0.01 76 76 0 0 0
90 -0.153371 -0.00905102 0.01 75 75 0 0 0
91 -0.131902 -0.0092875 0.01 69 70 0 0 0
92 -0.105955 -0.00872345 0.01 68 68 0 0 0
93 -0.141118 -0.00890179 0.01 68 68 0 0 0
94 -0.195972 -0.00868912 0.01 76 76 0 0 0
96 -0.183291 -0.00890679 0.01 75 75 0 0 0
97 -0.231457 -0.00861781 0.01 77 77 0 0 0
98 -0.139052 -0.0095571 0.01 72 72 0 0 0
99 -0.139548 -0.00809982 0.01 68 68 0 0 0
100 -0.141683 -0.0101196 0.01 68 68 0 0 0
101 -0.182279 -0.00887276 0.01 77 77 0 0 0
102 -0.190893 -0.00871024 0.01 75 75 0 0 0
104 -0.141683 -0.0101196 0.01 68 68 0 0 0
105 -0.163938 -0.00880506 0.01 75 75 0 0 0
106 -0.139548 -0.00809982 0.01 69 69 0 0 0
107 -0.195623 -0.00909728 0.01 72 72 0 0 0
108 -0.150217 -0.00856719 0.01 68 68 0 0 0
109 -0.195972 -0.00878133 0.01 76 76 0 0 0
110 -0.195972 -0.00868912 0.01 76 76 0 0 0
112 -0.21781 -0.00857767 0.01 72 72 0 0 0
113 -0.186536 -0.00863335 0.01 77 77 0 0 0
114 -0.195972 -0.00868912 0.01 77 77 0 0 0
115 -0.129203 -0.00894602 0.01 68 68 0 0 0
116 -0.142874 -0.00846437 0.01 67 67 0 0 0
119 -0.105955 -0.00872345 0.01 67 67 0 0 0
120 -0.210053 -0.00885928 0.01 76 75 0 0 0
121 -0.134098 -0.00931878 0.01 67 67 0 0 0
122 -0.129203 -0.00894602 0.01 68 68 0 0 0
123 -0.139252 -0.00936704 0.01 68 68 0 0 0
124 -0.17902 -0.00890999 0.01 72 72 0 0 0
125 -0.0973426 -0.00890285 0.01 68 68 0 0 0
126 -0.134098 -0.00931878 0.01 68 67 0 0 0
127 -0.18897 -0.00845589 0.01 77 77 0 0 0
128 -0.206422 -0.00861781 0.01 77 77 0 0 0
129 -0.197917 -0.00878528 0.01 77 77 0.000917584 -0.00702348 0
130 -0.210562 -0.008815 0.01 77 77 0 0 0
131 -0.17902 -0.00890999 0.01 72 72 0 0 0
133 -0.195972 -0.00868912 0.01 76 76 0 0 0
134 -0.130103 -0.00890179 0.01 67 67 -0.00103655 0.00663015 0
136 -0.163938 -0.00880506 0.01 75 75 0 0 0
137 -0.18681 -0.00929874 0.01 68 68 0 0 0
138 -0.195972 -0.00868912 0.01 76 76 0 0 0
139 -0.159362 -0.00894602 0.01 72 72 0 0 0
140 -0.166364 -0.0087378 0.01 69 69 0 0 0
141 -0.195972 -0.00868912 0.01 76 76 0 0 0
142 -0.117944 -0.0089562 0.01 68 68 0 0 0
145 -0.171291 -0.0089377 0.01 77 77 0 0 0
146 -0.195623 -0.00930757 0.01 72 72 0 0 0
147 -0.145153 -0.00929081 0.01 72 72 0 0 0
148 -0.174298 -0.0089841 0.01 72 72 0 0 0
149 -0.139967 -0.00916999 0.01 72 72 0 0 0
153 -0.134098 -0.00917417 0.01 68 68 0 0 0
154 -0.190828 -0.00868912 0.01 76 76 -0.000550687 0.00514355 0
155 -0.119209 -0.00958036 0.01 75 75 0 0 0
158 -0.134098 -0.00958012 0.01 69 69 0 0 0
159 -0.190671 -0.00942228 0.01 76 76 0 0 0
160 -0.143828 -0.00910991 0.01 67 67 0 0 0
162 -0.143984 -0.00857579 0.01 75 75 0 0 0
163 -0.184181 -0.00907207 0.01 75 75 0 0 0
164 -0.175363 -0.00929874 0.01 68 68 0 0 0
165 -0.136733 -0.00927682 0.01 68 68 0 0 0
169 -0.165621 -0.00895248 0.01 72 72 0 0 0
170 -0.231457 -0.00861781 0.01 76 76 0 0 0
171 -0.143208 -0.00881412 0.01 72 71 -0.000165731 0 -0.000124369
172 -0.185322 -0.00844052 0.01 76 77 0 0 0
174 -0.122166 -0.00880221 0.01 68 68 0 0 0
176 -0.131612 -0.00920793 0.01 72 72 0 0 0
177 -0.125081 -0.00869049 0.01 67 67 0 0 0
178 -0.13143 -0.00914587 0.01 69 69 0 0 0
180 -0.163938 -0.00880506 0.01 75 75 0 0 0
182 -0.159713 -0.00890679 0.01 72 72 0 0 0
184 -0.151107 -0.00838153 0.01 75 75 0 0 0
187 -0.144799 -0.00852104 0.01 76 76 0 0 0
188 -0.14097 -0.00931217 0.01 68 67 0 0 0
189 -0.150381 -0.00894602 0.01 72 73 0 0 0
190 -0.13143 -0.00914587 0.01 69 69 0 0 0
191 -0.206202 -0.00869324 0.01 76 76 0 0 0
192 -0.205015 -0.00926766 0.01 77 76 0 0 0
193 -0.153811 -0.00909969 0.01 75 75 0 0 0
197 -0.205015 -0.00907582 0.01 75 75 0 0 0
198 -0.190828 -0.00868912 0.01 76 76 0 0 0
199 -0.117944 -0.0089562 0.01 67 67 0 0 0
200 -0.166469 -0.00855671 0.01 67 67 4.44055e-06 0 2.88878e-05
202 -0.13143 -0.00914587 0.01 69 69 0 0 0
204 -0.131902 -0.00909979 0.01 67 67 0 0 0
206 -0.195972 -0.00907207 0.01 75 75 0 0 0
209 -0.109537 -0.0086411 0.01 68 68 0 0 0
210 -0.16017 -0.00856803 0.01 75 75 0 0 0
212 -0.185322 -0.00844052 0.01 76 76 0 0 0
213 -0.174298 -0.0089841 0.01 72 72 0 0 0
214 -0.107168 -0.00873341 0.01 69 69 0 0 0
219 -0.143828 -0.00910991 0.01 67 67 0 0 0
220 -0.165621 -0.00895248 0.01 72 72 0 0 0
222 -0.16017 -0.00851972 0.01 69 69 0 0 0
223 -0.182279 -0.008895 0.01 68 68 0 0 0
225 -0.195972 -0.00861781 0.01 77 77 0 0 0
226 -0.195253 -0.00885928 0.01 72 73 0 0 0
228 -0.140154 -0.00890179 0.01 69 69 0 0 0
230 -0.19825 -0.008782 0.01 68 68 0 0 0
231 -0.182279 -0.008895 0.01 69 69 0 0 0
233 -0.178808 -0.00863986 0.01 75 75 0 0 0
235 -0.202488 -0.00925113 0.01 72 72 0 0 0
237 -0.187932 -0.00930757 0.01 72 73 0 0 0
238 -0.155428 -0.00935086 0.01 75 75 0 0 0
239 -0.164918 -0.00845088 0.01 72 72 0 0 0
240 -0.134098 -0.00931217 0.01 69 68 0 0 0
241 -0.134098 -0.00958012 0.01 69 69 0 0 0
242 -0.125081 -0.00869049 0.01 67 67 0 0 0
243 -0.125081 -0.00869049 0.01 67 67 0 0 0
245 -0.105955 -0.00872345 0.01 68 68 0 0 0
247 -0.163938 -0.00880506 0.01 75 75 0 0 0
248 -0.111369 -0.00890285 0.01 67 67 0 0 0
249 -0.179941 -0.00861781 0.01 76 76 0 0 0
251 -0.195253 -0.00892952 0.01 75 75 0 0 0
252 -0.13012 -0.00794741 0.01 75 75 0 0 0
254 -0.195972 -0.00878133 0.01 76 76 0 0 0
255 -0.182474 -0.00910719 0.01 75 75 0 0 0
256 -0.191602 -0.00868961 0.01 75 75 0 0 0
257 -0.139967 -0.00916999 0.01 72 72 0 0 0
260 -0.166364 -0.0087378 0.01 69 69 0 0 0
261 -0.136733 -0.00927682 0.01 68 68 0 0 0
263 -0.195972 -0.00861781 0.01 77 77 0 0 0
264 -0.190099 -0.00882788 0.01 72 71 0 0 0
265 -0.165621 -0.00895248 0.01 72 72 0 0 0
266 -0.195253 -0.00814515 0.01 72 72 0 0 0
267 -0.166469 -0.00858559 0.01 67 67 0 0 0
268 -0.166364 -0.00876511 0.01 67 67 0 0 0
270 -0.113027 -0.00931217 0.01 67 67 -0.00504479 0.0210708 0
271 -0.195253 -0.00892952 0.01 75 75 0 0 0
273 -0.121744 -0.00914587 0.01 69 69 0 0 0
274 -0.170349 -0.00898195 0.01 75 75 0 0 0
276 -0.138336 -0.00809982 0.01 69 69 0 0 0
277 -0.194018 -0.00919583 0.01 77 77 0 0 0
278 -0.163204 -0.00878791 0.01 72 72 0 0 0
279 -0.149652 -0.00936704 0.01 68 68 0 0 0
280 -0.174298 -0.0089841 0.01 69 69 0 0 0
282 -0.14055 -0.00910719 0.01 75 75 -0.00156182 0.00257522 0
283 -0.107168 -0.00873341 0.01 69 69 0 0 0
285 -0.150217 -0.0087378 0.01 67 67 0 0 0
288 -0.136733 -0.00890179 0.01 67 67 0 0 0
291 -0.195253 -0.00825237 0.01 76 75 0 0 0
292 -0.167884 -0.00865725 0.01 76 76 0 0 0
294 -0.136733 -0.00890179 0.01 68 68 0 0 0
295 -0.148795 -0.0087378 0.01 68 68 0 0 0
296 -0.165621 -0.00895248 0.01 72 72 0 0 0
297 -0.117944 -0.0089562 0.01 68 68 0 0 0
298 -0.134098 -0.00931217 0.01 68 68 0 0 0
299 -0.136984 -0.00849934 0.01 69 70 0 0 0
300 -0.13771 -0.00931217 0.01 69 69 0 0 0
302 -0.134098 -0.00900374 0.01 69 69 0 0 0
303 -0.121745 -0.00922771 0.01 69 69 0 0 0
304 -0.140762 -0.00903085 0.01 68 68 0 0 0
306 -0.134098 -0.00968374 0.01 69 69 0 0 0
307 -0.149652 -0.00936704 0.01 68 69 0 0 0
308 -0.206422 -0.00861781 0.01 77 77 0 0 0
310 -0.167884 -0.00865725 0.01 77 76 0 0 0
313 -0.195972 -0.00868912 0.01 76 76 0 0 0
314 -0.122166 -0.00880221 0.01 68 68 0 0 0
317 -0.18306 -0.00874975 0.01 69 69 0 0 0
319 -0.186285 -0.00890851 0.01 75 74 0 0 0
320 -0.166364 -0.0087378 0.01 69 69 0 0 0
321 -0.0973426 -0.00890285 0.01 68 68 0 0 0
322 -0.185322 -0.00844052 0.01 76 77 0 0 0
323 -0.195972 -0.00878133 0.01 75 75 0 0 0
324 -0.186285 -0.00896595 0.01 75 75 -5.21243e-05 0 -5.7443e-05
325 -0.183359 -0.00905102 0.01 72 72 0 0 0
330 -0.134098 -0.00917417 0.01 68 68 0 0 0
331 -0.146729 -0.00841629 0.01 68 68 0 0 0
332 -0.135364 -0.0082626 0.01 76 76 0 0 0
333 -0.134098 -0.00934831 0.01 68 68 0 0 0
334 -0.183359 -0.00905102 0.01 69 69 0 0 0
336 -0.210562 -0.008815 0.01 77 77 0 0 0
337 -0.166364 -0.0087378 0.01 67 67 0 0 0
345 -0.125081 -0.00869049 0.01 67 67 0 0 0
346 -0.186285 -0.00919583 0.01 77 77 0 0 0
347 -0.131902 -0.00909979 0.01 69 69 0 0 0
348 -0.182279 -0.00870683 0.01 69 69 0 0 0
349 -0.134098 -0.00931217 0.01 67 67 0 0 0
350 -0.170253 -0.00928457 0.01 72 72 0 0 0
351 -0.213983 -0.00879541 0.01 76 76 0 0 0
353 -0.162598 -0.00868961 0.01 75 75 0 0 0
354 -0.187513 -0.00864843 0.01 72 72 0 0 0
357 -0.165205 -0.00826298 0.01 69 68 0 0 0
358 -0.195972 -0.00878133 0.01 76 76 0 0 0
359 -0.186285 -0.00890851 0.01 72 72 0 0 0
361 -0.134098 -0.00958012 0.01 69 69 0 0 0
362 -0.142874 -0.00846437 0.01 67 67 0 0 0
365 -0.181123 -0.00890851 0.01 72 72 0 0 0
366 -0.121125 -0.0087852 0.01 69 69 0 0 0
367 -0.105955 -0.00872345 0.01 67 67 0 0 0
369 -0.191602 -0.00912395 0.01 75 75 0 0 0
372 -0.134098 -0.00931217 0.01 67 67 0 0 0
374 -0.153371 -0.00905102 0.01 75 75 0 0 0
375 -0.119614 -0.00931217 0.01 69 69 -0.00463279 0.0144834 0
377 -0.140154 -0.00890179 0.01 67 68 0 0 0
379 -0.175363 -0.00929874 0.01 68 68 0 0 0
380 -0.141118 -0.00871483 0.01 69 69 0 0 0
381 -0.140762 -0.00857579 0.01 69 69 0 0 0
382 -0.134098 -0.0094344 0.01 67 67 0 0 0
383 -0.134098 -0.00900374 0.01 68 68 0 0 0
384 -0.166364 -0.00876511 0.01 67 67 0 0 0
387 -0.149652 -0.00936704 0.01 68 68 0 0 0
388 -0.153371 -0.00905102 0.01 67 68 0 0 0
390 -0.134098 -0.00931217 0.01 68 68 0 0 0
391 -0.167884 -0.00865725 0.01 77 77 0 0 0
393 -0.190671 -0.00942228 0.01 76 76 0 0 0
398 -0.134098 -0.00931217 0.01 67 67 0 0 0
400 -0.195972 -0.00896523 0.01 77 77 0 0 0
401 -0.13012 -0.00794741 0.01 75 75 0 0 0
403 -0.186285 -0.00890851 0.01 72 72 0 0 0
405 -0.190099 -0.00882788 0.01 72 72 0 0 0
406 -0.134098 -0.00960963 0.01 69 68 0 0 0
409 -0.105955 -0.00872345 0.01 68 68 0 0 0
410 -0.186285 -0.00919583 0.01 77 77 0 0 0
411 -0.135364 -0.00857763 0.01 67 67 0 0 0
412 -0.154048 -0.00927986 0.01 69 69 -0.000813469 0.00791319 0
415 -0.18897 -0.00845589 0.01 76 76 0 0 0
416 -0.175363 -0.00929874 0.01 68 68 0 0 0
421 -0.17902 -0.0086556 0.01 76 76 0 0 0
422 -0.141118 -0.00890179 0.01 69 69 0 0 0
424 -0.150217 -0.0087378 0.01 67 67 0 0 0
425 -0.121745 -0.00922771 0.01 69 69 0 0 0
427 -0.161346 -0.00935086 0.01 76 76 0 0 0
429 -0.195253 -0.00814515 0.01 75 75 0 0 0
430 -0.171291 -0.00877568 0.01 77 77 0 0 0
431 -0.134098 -0.00931217 0.01 67 68 0 0 0
432 -0.153371 -0.00921386 0.01 76 76 0 0 0
436 -0.139548 -0.00860095 0.01 72 72 0 0 0
438 -0.143828 -0.00910991 0.01 67 67 0 0 0
440 -0.145823 -0.00969819 0.01 68 69 0 0 0
441 -0.190099 -0.00882788 0.01 72 72 0 0 0
442 -0.117944 -0.00905046 0.01 67 67 0 0 0
443 -0.195623 -0.00930757 0.01 69 70 0 0 0
445 -0.141118 -0.00890179 0.01 68 69 0 0 0
446 -0.134098 -0.00900374 0.01 69 69 0 0 0
447 -0.13832 -0.00880221 0.01 72 72 0 0 0
448 -0.200417 -0.00907582 0.01 75 75 -0.000316203 0.00459829 0
450 -0.125011 -0.0088241 0.01 68 68 0 0 0
452 -0.182279 -0.008895 0.01 69 70 0 0 0
453 -0.125193 -0.00965703 0.01 69 69 -0.00271162 0.00890484 0
454 -0.134098 -0.00931217 0.01 67 67 0 0 0
455 -0.206422 -0.00861781 0.01 75 75 0 0 0
456 -0.156159 -0.00846437 0.01 68 68 0 0 0
459 -0.156159 -0.00846437 0.01 67 67 0 0 0
461 -0.212179 -0.00867367 0.01 75 75 7.68304e-05 0 0.000229437
463 -0.191602 -0.00878528 0.01 75 74 0 0 0
464 -0.182474 -0.00910719 0.01 76 76 0 0 0
465 -0.186334 -0.00912508 0.01 67 67 0 0 0
466 -0.136733 -0.00890179 0.01 68 68 0 0 0
468 -0.167715 -0.0089841 0.01 72 71 0 0 0
470 -0.145889 -0.00894853 0.01 67 69 0 0 0
471 -0.136733 -0.00890179 0.01 69 69 0 0 0
472 -0.205015 -0.00907582 0.01 75 75 0 0 0
473 -0.132139 -0.00931217 0.01 68 68 0 0 0
475 -0.139679 -0.00939099 0.01 76 76 0 0 0
476 -0.127108 -0.0090536 0.01 67 67 0 0 0
477 -0.117944 -0.0089562 0.01 67 67 0 0 0
478 -0.176819 -0.0089841 0.01 72 71 0 0 0
482 -0.143125 -0.00910719 0.01 72 72 0 0 0
483 -0.165205 -0.00826298 0.01 72 72 0 0 0
484 -0.139052 -0.0095571 0.01 72 72 0 0 0
485 -0.162726 -0.00873546 0.01 72 72 0 0 0
487 -0.14055 -0.00910719 0.01 75 75 0 0 0
489 -0.197521 -0.00861781 0.01 75 75 0 0 0
490 -0.150217 -0.0087378 0.01 67 67 0 0 0
492 -0.134098 -0.00917417 0.01 67 67 0 0 0
493 -0.18306 -0.00874975 0.01 69 70 0 0 0
494 -0.166364 -0.00876511 0.01 67 67 0 0 0
498 -0.122463 -0.0089823 0.01 72 72 0.000722423 0 0.000188475
499 -0.191282 -0.00898802 0.01 76 76 0 0 0
500 -0.209348 -0.00861781 0.01 77 77 0 0 0
501 -0.168839 -0.00927179 0.01 76 76 0 0 0
502 -0.121125 -0.0087852 0.01 72 71 0 0 0
503 -0.131902 -0.00909979 0.01 69 69 0 0 0
506 -0.143828 -0.00910991 0.01 67 67 0 0 0
507 -0.134098 -0.00965703 0.01 69 69 0 0 0
508 -0.165621 -0.00895248 0.01 72 72 0 0 0
509 -0.146729 -0.00841629 0.01 68 68 0 0 0
510 -0.195972 -0.00861781 0.01 76 77 0 0 0
511 -0.131566 -0.00890179 0.01 67 67 0 0 0
512 -0.175363 -0.00929874 0.01 68 68 0 0 0
515 -0.22492 -0.00930757 0.01 76 76 0 0 0
516 -0.182474 -0.00910719 0.01 75 75 0 0 0
517 -0.16017 -0.00860217 0.01 69 69 0 0 0
519 -0.138174 -0.00855752 0.01 76 75 0 0 0
520 -0.149652 -0.00936704 0.01 68 68 0 0 0
521 -0.111369 -0.00868744 0.01 69 69 0.000480831 0 0.000215413
523 -0.166469 -0.00858559 0.01 68 68 0 0 0
524 -0.140762 -0.00857579 0.01 69 69 0 0 0
526 -0.16017 -0.00856803 0.01 75 75 0 0 0
527 -0.22492 -0.00930757 0.01 75 75 0 0 0
528 -0.195972 -0.00863335 0.01 76 77 0 0 0
530 -0.197263 -0.00907207 0.01 75 75 0.000110984 -0.00129145 0
532 -0.231457 -0.00855966 0.01 77 77 1.54674e-05 0 5.81499e-05
533 -0.195253 -0.00892952 0.01 75 75 0 0 0
535 -0.161956 -0.00902261 0.01 76 76 0 0 0
538 -0.165798 -0.00904954 0.01 76 76 0 0 0
541 -0.206422 -0.00861781 0.01 77 77 0 0 0
542 -0.163341 -0.00908377 0.01 77 77 0 0 0
543 -0.109537 -0.0086411 0.01 68 68 0 0 0
544 -0.134098 -0.00968374 0.01 69 69 0 0 0
549 -0.134098 -0.00931217 0.01 67 67 0 0 0
552 -0.206729 -0.00861781 0.01 75 75 0 0 0
553 -0.163204 -0.00878791 0.01 72 72 0 0 0
554 -0.152255 -0.0087378 0.01 69 69 0 0 0
555 -0.144799 -0.00838153 0.01 75 75 0 0 0
556 -0.206422 -0.00861781 0.01 76 76 0 0 0
559 -0.135364 -0.00857763 0.01 67 67 0 0 0
560 -0.165798 -0.00904954 0.01 75 75 0 0 0
561 -0.212179 -0.00890311 0.01 75 76 0 0 0
562 -0.150115 -0.00807267 0.01 72 72 0 0 0
564 -0.131902 -0.00890836 0.01 69 69 0.000217587 0 0.000191425
566 -0.134098 -0.00931217 0.01 69 69 0 0 0
567 -0.135364 -0.0082626 0.01 77 77 0 0 0
568 -0.151221 -0.00857579 0.01 72 72 0 0 0
569 -0.195623 -0.00941218 0.01 72 72 0 0 0
573 -0.136984 -0.00849934 0.01 69 69 0 0 0
576 -0.166364 -0.00876511 0.01 67 67 0 0 0
579 -0.195623 -0.00909728 0.01 72 72 0 0 0
580 -0.135653 -0.00874181 0.01 69 69 0 0 0
581 -0.205015 -0.00926766 0.01 76 76 0 0 0
584 -0.153371 -0.00908043 0.01 69 69 0 0 0
585 -0.114524 -0.00928865 0.01 67 67 0 0 0
586 -0.21781 -0.00857767 0.01 72 72 0 0 0
587 -0.184076 -0.00868912 0.01 76 76 0 0 0
588 -0.163341 -0.00906606 0.01 77 77 0 0 0
593 -0.183359 -0.00905102 0.01 69 69 0 0 0
594 -0.143828 -0.00910991 0.01 69 69 0 0 0
596 -0.166469 -0.00858559 0.01 69 69 0 0 0
597 -0.140154 -0.00887934 0.01 67 67 0 0 0
599 -0.17902 -0.0086556 0.01 77 77 0 0 0
601 -0.195253 -0.00885928 0.01 75 75 0 0 0
602 -0.141683 -0.0101196 0.01 68 68 0 0 0
604 -0.161956 -0.00893065 0.01 75 76 0 0 0
605 -0.16017 -0.00856803 0.01 75 75 0 0 0
606 -0.195972 -0.00878133 0.01 76 76 0 0 0
609 -0.134098 -0.00931217 0.01 67 67 0 0 0
610 -0.111369 -0.00890285 0.01 68 68 0 0 0
612 -0.105955 -0.00881821 0.01 68 68 0 0 0
615 -0.134098 -0.00931217 0.01 67 67 0 0 0
616 -0.153811 -0.00909969 0.01 75 75 0 0 0
617 -0.134098 -0.00936704 0.01 69 68 0 0 0
621 -0.131612 -0.00920793 0.01 72 72 0 0 0
622 -0.163938 -0.00880506 0.01 75 75 0 0 0
623 -0.131566 -0.00890179 0.01 67 67 0 0 0
627 -0.197917 -0.00878528 0.01 77 77 0 0 0
628 -0.191602 -0.00868961 0.01 75 75 0 0 0
630 -0.123933 -0.00906594 0.01 77 77 0 0 0
631 -0.219216 -0.00930757 0.01 76 76 0 0 0
632 -0.194957 -0.00910332 0.01 69 69 0 0 0
634 -0.131612 -0.00920793 0.01 72 72 0 0 0
635 -0.134098 -0.00867135 0.01 67 67 0 0 0
637 -0.136733 -0.00927682 0.01 68 68 0 0 0
640 -0.16017 -0.00856803 0.01 75 75 0 0 0
644 -0.195972 -0.00907207 0.01 75 75 0 0 0
645 -0.125081 -0.00890387 0.01 68 68 0 0 0
647 -0.125695 -0.00917078 0.01 76 76 0 0 0
648 -0.19825 -0.008782 0.01 67 67 0 0 0
650 -0.191602 -0.00912395 0.01 76 76 0 0 0
654 -0.183359 -0.00905102 0.01 68 68 0 0 0
656 -0.153371 -0.00905102 0.01 67 67 0 0 0
658 -0.147784 -0.00860095 0.01 72 72 0 0 0
659 -0.165798 -0.00899918 0.01 72 74 0 0 0
660 -0.179218 -0.00891637 0.01 75 75 0 0 0
661 -0.166469 -0.00858559 0.01 67 67 0 0 0
662 -0.132124 -0.00894049 0.01 72 72 0 0 0
663 -0.207767 -0.00882788 0.01 69 69 0 0 0
664 -0.170219 -0.00880048 0.01 67 67 0 0 0
665 -0.195972 -0.00861781 0.01 77 77 0 0 0
667 -0.187932 -0.00951161 0.01 72 72 0 0 0
669 -0.170349 -0.00898195 0.01 75 75 0 0 0
670 -0.143828 -0.00910991 0.01 68 68 0 0 0
672 -0.172255 -0.00878791 0.01 72 72 0 0 0
673 -0.142936 -0.00936704 0.01 72 72 0 0 0
674 -0.160884 -0.00907337 0.01 75 75 0 0 0
675 -0.13012 -0.00794741 0.01 75 75 0 0 0
676 -0.195972 -0.00861781 0.01 76 76 0 0 0
677 -0.186285 -0.00890851 0.01 72 72 0 0 0
678 -0.186285 -0.00890851 0.01 76 75 0 0 0
679 -0.151366 -0.00928086 0.01 75 75 0.00162059 -0.00332734 0
680 -0.163938 -0.00880506 0.01 75 75 0 0 0
681 -0.134098 -0.00968374 0.01 68 68 0 0 0
682 -0.134098 -0.00934831 0.01 69 69 0 0 0
685 -0.183359 -0.00905102 0.01 72 72 0 0 0
686 -0.134098 -0.00979768 0.01 69 68 0 0 0
687 -0.143125 -0.00910719 0.01 72 72 0 0 0
688 -0.139679 -0.00939099 0.01 77 77 0 0 0
691 -0.191602 -0.00868961 0.01 75 75 0 0 0
693 -0.141118 -0.00890179 0.01 69 69 0 0 0
696 -0.131566 -0.00890179 0.01 68 69 0 0 0
697 -0.130873 -0.00965703 0.01 69 69 0 0 0
699 -0.13896 -0.00925833 0.01 77 77 0 0 0
702 -0.195253 -0.00892952 0.01 75 75 0 0 0
703 -0.136733 -0.00890179 0.01 68 68 0 0 0
704 -0.192245 -0.00869324 0.01 76 77 -0.00133225 0.0120146 0
706 -0.131566 -0.00890179 0.01 67 67 0 0 0
709 -0.183359 -0.00905102 0.01 69 69 0 0 0
710 -0.195253 -0.00871004 0.01 72 72 0 0 0
713 -0.111369 -0.00890285 0.01 68 69 0 0 0
715 -0.092304 -0.00881821 0.01 69 68 -0.00354427 0.00503957 0
717 -0.194957 -0.00910332 0.01 69 69 0 0 0
720 -0.182279 -0.00889512 0.01 67 67 0 0 0
724 -0.187932 -0.00950081 0.01 76 77 0 0 0
726 -0.187932 -0.00970522 0.01 76 76 0 0 0
727 -0.169243 -0.00912038 0.01 76 76 0 0 0
729 -0.166837 -0.0087237 0.01 77 76 0 0 0
731 -0.190893 -0.00878528 0.01 77 77 0 0 0
732 -0.142936 -0.00938144 0.01 72 72 0 0 0
734 -0.166364 -0.0087378 0.01 67 68 0 0 0
736 -0.195972 -0.00878133 0.01 76 76 0 0 0
739 -0.156041 -0.00877865 0.01 67 67 0 0 0
740 -0.16571 -0.00913691 0.01 75 76 0 0 0
743 -0.163204 -0.00878791 0.01 72 72 0 0 0
747 -0.186285 -0.00905036 0.01 77 77 0 0 0
748 -0.16017 -0.00809459 0.01 72 72 0.000314415 0 0.000360977
749 -0.171291 -0.0089377 0.01 76 76 0 0 0
750 -0.149652 -0.00936704 0.01 68 68 0 0 0
751 -0.14097 -0.00931217 0.01 68 68 0 0 0
752 -0.150381 -0.00894602 0.01 72 72 0 0 0
753 -0.130201 -0.00873105 0.01 69 69 0 0 0
754 -0.195972 -0.00896398 0.01 75 75 0 0 0
755 -0.161346 -0.00935086 0.01 76 76 0 0 0
757 -0.134098 -0.00931217 0.01 69 69 0 0 0
760 -0.195972 -0.00863335 0.01 77 77 0 0 0
761 -0.14097 -0.00931217 0.01 69 68 0 0 0
762 -0.206804 -0.00917446 0.01 77 76 -0.000309348 0 -0.000556658
765 -0.183359 -0.00905102 0.01 69 69 0 0 0
766 -0.170349 -0.00898195 0.01 75 75 0 0 0
767 -0.195972 -0.00868912 0.01 76 77 0 0 0
769 -0.190365 -0.00930159 0.01 69 68 0 0 0
770 -0.190893 -0.00878528 0.01 76 76 0 0 0
771 -0.195253 -0.00885928 0.01 69 69 0 0 0
772 -0.162726 -0.00873546 0.01 75 75 0 0 0
773 -0.13896 -0.00925833 0.01 76 76 0 0 0
774 -0.125011 -0.0088241 0.01 68 68 0 0 0
775 -0.168839 -0.00927179 0.01 76 76 0 0 0
777 -0.129249 -0.00935211 0.01 69 69 0 0 0
778 -0.179218 -0.00891637 0.01 75 75 0 0 0
782 -0.18897 -0.00845589 0.01 77 77 0 0 0
783 -0.176819 -0.0089841 0.01 72 72 0 0 0
786 -0.205015 -0.00907582 0.01 77 76 0 0 0
795 -0.191059 -0.00907207 0.01 75 75 -0.000473738 0.00491227 0
798 -0.150217 -0.0087378 0.01 67 67 0 0 0
799 -0.134098 -0.00931217 0.01 69 69 0 0 0
801 -0.105955 -0.00872345 0.01 68 67 0 0 0
802 -0.134098 -0.00931217 0.01 67 67 0 0 0
803 -0.18101 -0.00928457 0.01 72 72 0 0 0
804 -0.157747 -0.00927682 0.01 68 68 0 0 0
805 -0.154129 -0.00868975 0.01 69 70 0 0 0
807 -0.195253 -0.00885928 0.01 72 72 0 0 0
809 -0.143828 -0.00910991 0.01 67 67 0 0 0
810 -0.210053 -0.00885928 0.01 72 72 0 0 0
811 -0.186285 -0.00919583 0.01 77 77 0 0 0
812 -0.182279 -0.00887276 0.01 77 77 0 0 0
813 -0.182474 -0.00910719 0.01 77 76 0 0 0
814 -0.139679 -0.00939099 0.01 76 76 0 0 0
815 -0.205015 -0.00907582 0.01 76 76 0 0 0
817 -0.135653 -0.00874181 0.01 69 69 0 0 0
818 -0.16571 -0.00913691 0.01 76 76 0 0 0
821 -0.160884 -0.00958289 0.01 75 75 -0.00105444 0 -0.00041418
823 -0.122166 -0.00880221 0.01 68 68 0 0 0
825 -0.187513 -0.00864843 0.01 72 72 0 0 0
827 -0.139162 -0.00859217 0.01 72 73 0.000306308 0 0.000116317
828 -0.13012 -0.00794741 0.01 75 75 0 0 0
830 -0.183359 -0.00883027 0.01 68 68 0 0 0
832 -0.175363 -0.00929874 0.01 68 68 0 0 0
834 -0.175363 -0.00929874 0.01 68 68 0 0 0
835 -0.195972 -0.0090013 0.01 75 74 0 0 0
836 -0.160884 -0.00907337 0.01 76 75 0 0 0
839 -0.170219 -0.00903783 0.01 67 67 0 0 0
840 -0.153371 -0.00905102 0.01 67 67 0 0 0
841 -0.195253 -0.00892952 0.01 76 75 0 0 0
842 -0.173974 -0.00906924 0.01 75 75 0 0 0
843 -0.182279 -0.00903493 0.01 68 68 0 0 0
846 -0.140154 -0.00890179 0.01 69 68 0 0 0
847 -0.205015 -0.00907582 0.01 76 76 0 0 0
848 -0.111369 -0.00890285 0.01 68 68 0 0 0
850 -0.206422 -0.00861781 0.01 77 76 0 0 0
851 -0.134098 -0.00960963 0.01 69 69 0 0 0
852 -0.140154 -0.00890179 0.01 67 67 0 0 0
854 -0.156329 -0.00925149 0.01 72 73 0 0 0
856 -0.168839 -0.00927179 0.01 76 76 0 0 0
857 -0.195253 -0.00892952 0.01 75 75 0 0 0
861 -0.18897 -0.00845589 0.01 77 77 0 0 0
863 -0.125011 -0.0088241 0.01 67 67 0 0 0
864 -0.178808 -0.00868961 0.01 72 73 0 0 0
865 -0.17902 -0.0086556 0.01 76 77 0 0 0
868 -0.195972 -0.00861781 0.01 77 77 0 0 0
873 -0.131471 -0.00942791 0.01 72 72 0 0 0
874 -0.119209 -0.00958036 0.01 76 76 0 0 0
875 -0.195972 -0.00878133 0.01 75 75 0 0 0
876 -0.162684 -0.00902761 0.01 72 72 0 0 0
878 -0.140154 -0.00866336 0.01 72 72 0.0004742 0 0.000238425
879 -0.159713 -0.00890679 0.01 72 72 0 0 0
880 -0.16571 -0.00934624 0.01 77 77 0 0 0
882 -0.190893 -0.00871024 0.01 75 75 0 0 0
884 -0.150217 -0.0087378 0.01 67 67 0 0 0
887 -0.160177 -0.00902761 0.01 72 72 0 0 0
888 -0.187932 -0.00930757 0.01 76 76 0 0 0
890 -0.131418 -0.00827868 0.01 72 72 0 0 0
891 -0.16571 -0.00921111 0.01 72 72 0 0 0
893 -0.14097 -0.00931217 0.01 67 67 0 0 0
894 -0.17566 -0.00905102 0.01 68 67 0.000182316 -0.00500643 0
895 -0.187873 -0.00865725 0.01 75 75 0 0 0
897 -0.191602 -0.00912395 0.01 77 77 0 0 0
898 -0.134098 -0.00917417 0.01 67 68 0 0 0
900 -0.121744 -0.00914587 0.01 69 69 0 0 0
901 -0.175363 -0.00929874 0.01 68 68 0 0 0
902 -0.144506 -0.00935995 0.01 72 72 0 0 0
904 -0.195972 -0.00878133 0.01 77 77 0 0 0
905 -0.117944 -0.0089562 0.01 67 67 0 0 0
907 -0.207767 -0.00882788 0.01 69 70 0 0 0
909 -0.186285 -0.00897208 0.01 76 75 0 0 0
910 -0.200417 -0.00907582 0.01 75 75 0 0 0
912 -0.186285 -0.00890851 0.01 72 72 0 0 0
913 -0.119209 -0.00958036 0.01 76 76 0 0 0
914 -0.0973426 -0.00890285 0.01 68 68 0 0 0
915 -0.143125 -0.00910719 0.01 72 72 0 0 0
917 -0.135653 -0.00874181 0.01 69 69 0 0 0
918 -0.131566 -0.00890179 0.01 68 68 0 0 0
919 -0.206422 -0.00861781 0.01 77 77 0 0 0
921 -0.195972 -0.00868912 0.01 77 75 0 0 0
922 -0.143828 -0.00910991 0.01 67 67 0 0 0
924 -0.209348 -0.00861781 0.01 77 77 0 0 0
925 -0.162684 -0.00902761 0.01 72 72 0 0 0
926 -0.166837 -0.0087237 0.01 77 77 0 0 0
928 -0.134098 -0.00960963 0.01 68 68 0 0 0
929 -0.19931 -0.00891943 0.01 69 69 -1.05202e-05 0 -0.000114459
930 -0.168867 -0.00858559 0.01 67 67 0 0 0
932 -0.210053 -0.00885928 0.01 76 76 0 0 0
933 -0.134098 -0.00929533 0.01 69 68 1.33812e-05 0 1.68392e-05
935 -0.160884 -0.00901952 0.01 77 77 0 0 0
936 -0.174298 -0.0089841 0.01 69 69 0 0 0
938 -0.155073 -0.00857579 0.01 72 72 0 0 0
940 -0.163938 -0.00880506 0.01 75 75 0 0 0
941 -0.195623 -0.00941218 0.01 72 72 0 0 0
942 -0.140762 -0.00857579 0.01 69 69 0 0 0
944 -0.139967 -0.00916999 0.01 72 72 0 0 0
945 -0.165798 -0.00904954 0.01 76 75 0 0 0
947 -0.153371 -0.00905102 0.01 77 77 0 0 0
948 -0.134098 -0.00900374 0.01 69 69 0 0 0
949 -0.135364 -0.00883647 0.01 69 67 0 0 0
950 -0.111369 -0.00890285 0.01 69 68 0 0 0
951 -0.168839 -0.00927179 0.01 76 76 0 0 0
954 -0.206422 -0.00879541 0.01 77 77 0 0 0
955 -0.105955 -0.00872345 0.01 69 69 0 0 0
956 -0.114524 -0.00928865 0.01 67 67 0 0 0
958 -0.117944 -0.00895347 0.01 67 67 2.6226e-06 0 2.72971e-06
960 -0.165621 -0.00895248 0.01 72 72 0 0 0
961 -0.194018 -0.00919583 0.01 77 77 0 0 0
962 -0.186285 -0.00890851 0.01 75 74 0 0 0
963 -0.128797 -0.00883642 0.01 67 67 0 0 0
966 -0.150217 -0.0087378 0.01 68 67 0 0 0
968 -0.18306 -0.00874975 0.01 69 69 0 0 0
969 -0.117944 -0.0089562 0.01 67 67 0 0 0
971 -0.20426 -0.00869324 0.01 76 76 0 0 0
973 -0.143125 -0.00910719 0.01 72 72 0 0 0
974 -0.195972 -0.00878133 0.01 75 75 0 0 0
976 -0.109537 -0.0086411 0.01 68 68 0 0 0
977 -0.150217 -0.00888726 0.01 67 67 -4.34667e-05 0 -0.000149459
978 -0.166364 -0.00877621 0.01 68 68 0 0 0
980 -0.195972 -0.00868912 0.01 75 77 0 0 0
982 -0.131471 -0.00942791 0.01 69 69 0 0 0
983 -0.190099 -0.00882788 0.01 69 69 0 0 0
985 -0.123933 -0.00906594 0.01 77 76 0 0 0
988 -0.134098 -0.00943782 0.01 67 67 0 0 0
989 -0.219216 -0.00930757 0.01 76 76 0 0 0
990 -0.191282 -0.00898802 0.01 76 76 0 0 0
994 -0.181123 -0.00890851 0.01 72 72 0 0 0
996 -0.165613 -0.0086556 0.01 76 76 0 0 0
999 -0.187932 -0.00930757 0.01 75 75 0 0 0
1000 -0.134098 -0.00931217 0.01 67 67 0 0 0
1003 -0.165798 -0.00904954 0.01 75 75 0 0 0
1006 -0.140762 -0.00857579 0.01 69 69 0 0 0
1007 -0.167984 -0.008895 0.01 69 69 0 0 0
1009 -0.155428 -0.00935086 0.01 75 75 0 0 0
1011 -0.170617 -0.00876511 0.01 68 68 0 0 0
1013 -0.143125 -0.00910719 0.01 72 72 0 0 0
1016 -0.174298 -0.0089841 0.01 69 69 0 0 0
1018 -0.20426 -0.00869324 0.01 76 76 0 0 0
1019 -0.186285 -0.00890851 0.01 72 72 0 0 0
1020 -0.166364 -0.0087378 0.01 69 69 0 0 0
1021 -0.139299 -0.00950049 0.01 68 68 0 0 0
1025 -0.210466 -0.00882788 0.01 75 75 0 0 0
1026 -0.125081 -0.00890387 0.01 67 68 0 0 0
1028 -0.134098 -0.00931217 0.01 67 67 0 0 0
1029 -0.139679 -0.00939099 0.01 76 76 0 0 0
1030 -0.136978 -0.00910719 0.01 75 75 0 0 0
1031 -0.163811 -0.00890679 0.01 72 72 0 0 0
1032 -0.161956 -0.00902261 0.01 76 76 0 0 0
1034 -0.136733 -0.00927682 0.01 68 68 0 0 0
1036 -0.221312 -0.00904541 0.01 68 68 0 0 0
1045 -0.105955 -0.00881821 0.01 67 67 0 0 0
1046 -0.153371 -0.00905102 0.01 68 67 0 0 0
1047 -0.187932 -0.00930757 0.01 72 71 0 0 0
1049 -0.212179 -0.00867367 0.01 76 75 0 0 0
1052 -0.195972 -0.00907207 0.01 76 76 0 0 0
1055 -0.150217 -0.0087378 0.01 67 67 0 0 0
1059 -0.181123 -0.00890851 0.01 72 72 0 0 0
1060 -0.182279 -0.00903493 0.01 69 68 0 0 0
1062 -0.150217 -0.0087378 0.01 67 67 0 0 0
1063 -0.195972 -0.00907207 0.01 76 76 0 0 0
1065 -0.143828 -0.00910991 0.01 67 67 0 0 0
1066 -0.105955 -0.00872345 0.01 69 69 0 0 0
1067 -0.195253 -0.00814515 0.01 72 72 0 0 0
1068 -0.175363 -0.00929874 0.01 68 68 0 0 0
1073 -0.134098 -0.0094344 0.01 67 67 0 0 0
1074 -0.16017 -0.00856803 0.01 75 75 0 0 0
1075 -0.127108 -0.00895709 0.01 68 69 0 0 0
1076 -0.123933 -0.00906594 0.01 76 76 0 0 0
1078 -0.13143 -0.00914587 0.01 68 69 0 0 0
1079 -0.186285 -0.00890851 0.01 72 72 0 0 0
1080 -0.170219 -0.00903783 0.01 69 68 0 0 0
1081 -0.182279 -0.00903493 0.01 69 69 0 0 0
1083 -0.22492 -0.00930757 0.01 76 76 0 0 0
1086 -0.204553 -0.00930757 0.01 72 72 0 0 0
1087 -0.210562 -0.00861781 0.01 76 76 0 0 0
1090 -0.139679 -0.00939099 0.01 77 77 0 0 0
1091 -0.163204 -0.00878791 0.01 72 72 0 0 0
1092 -0.164918 -0.00845088 0.01 72 72 0 0 0
1093 -0.174298 -0.0089841 0.01 69 69 0 0 0
1094 -0.16017 -0.00851972 0.01 69 69 0 0 0
1097 -0.219216 -0.00898721 0.01 75 75 0 0 0
1099 -0.121744 -0.00914587 0.01 69 69 0 0 0
1100 -0.166364 -0.0087378 0.01 67 67 0 0 0
1101 -0.165621 -0.00895248 0.01 72 72 0 0 0
1103 -0.111369 -0.00892465 0.01 67 67 0 0 0
1104 -0.206422 -0.00861781 0.01 77 77 0 0 0
1105 -0.129249 -0.00935211 0.01 69 69 0 0 0
1107 -0.186334 -0.00904017 0.01 72 72 0 0 0
1111 -0.174161 -0.00903561 0.01 77 77 0 0 0
1114 -0.121125 -0.0087852 0.01 72 72 0 0 0
1118 -0.162726 -0.00873546 0.01 72 73 0 0 0
1119 -0.166469 -0.00858559 0.01 68 68 0 0 0
1120 -0.167884 -0.00876448 0.01 75 75 0 0 0
1121 -0.198547 -0.00930757 0.01 72 72 0 0 0
1122 -0.165798 -0.00904954 0.01 75 75 0 0 0
1124 -0.170654 -0.00905102 0.01 68 68 0 0 0
1125 -0.131902 -0.00909979 0.01 69 69 0 0 0
1126 -0.198547 -0.00930757 0.01 75 74 0 0 0
1127 -0.136733 -0.00890179 0.01 68 68 0 0 0
1128 -0.187655 -0.00885701 0.01 77 77 0 0 0
1129 -0.136733 -0.00927682 0.01 68 68 0 0 0
1130 -0.162726 -0.00873546 0.01 75 75 0 0 0
1131 -0.212179 -0.00890311 0.01 76 76 0 0 0
1132 -0.155073 -0.00857579 0.01 72 72 0 0 0
1133 -0.121125 -0.0087852 0.01 68 68 0 0 0
1134 -0.165205 -0.00826298 0.01 72 72 0 0 0
1135 -0.162726 -0.00873546 0.01 76 75 0 0 0
1138 -0.167494 -0.00910719 0.01 76 76 0 0 0
1139 -0.172255 -0.00878791 0.01 72 72 0 0 0
1141 -0.150217 -0.0087378 0.01 67 67 0 0 0
1142 -0.195253 -0.00892952 0.01 76 76 0 0 0
1144 -0.183359 -0.00883027 0.01 68 68 0 0 0
1145 -0.134098 -0.00931217 0.01 68 68 0 0 0
1146 -0.125193 -0.00965703 0.01 69 69 0 0 0
1147 -0.18306 -0.00874975 0.01 69 69 0 0 0
1153 -0.165621 -0.00895248 0.01 72 72 0 0 0
1154 -0.143125 -0.00910719 0.01 72 72 0 0 0
1155 -0.182279 -0.008895 0.01 69 69 0 0 0
1156 -0.134098 -0.0094344 0.01 67 67 0 0 0
1157 -0.191602 -0.00912395 0.01 76 77 0 0 0
1159 -0.129203 -0.00904293 0.01 68 68 -8.76784e-05 0 -9.69153e-05
1160 -0.210053 -0.00885928 0.01 76 75 0 0 0
1162 -0.195972 -0.00881958 0.01 75 75 0.000160962 0 0.00025249
1163 -0.163938 -0.00880506 0.01 75 75 0 0 0
1168 -0.134098 -0.00931217 0.01 67 67 0 0 0
1169 -0.134098 -0.00931217 0.01 67 67 0 0 0
1170 -0.166364 -0.0087378 0.01 67 67 0 0 0
1171 -0.195623 -0.00920034 0.01 72 72 0 0 0
1172 -0.212179 -0.00867367 0.01 75 75 0 0 0
1173 -0.195972 -0.00868912 0.01 76 76 0 0 0
1174 -0.213825 -0.00885928 0.01 75 75 0 0 0
1175 -0.137385 -0.0087378 0.01 68 68 -0.00166208 0.0128316 0
1176 -0.127108 -0.00884519 0.01 67 67 0 0 0
1177 -0.140154 -0.00890179 0.01 67 67 0 0 0
1178 -0.195253 -0.00825237 0.01 75 75 0 0 0
1180 -0.197484 -0.00909713 0.01 69 70 0 0 0
1183 -0.134098 -0.00958216 0.01 68 68 0 0 0
1187 -0.174161 -0.00903561 0.01 77 77 0 0 0
1188 -0.189213 -0.00946187 0.01 76 76 0 0 0
1189 -0.117944 -0.0089562 0.01 68 68 0 0 0
1190 -0.125011 -0.00885403 0.01 68 68 0 0 0
1192 -0.139679 -0.00911274 0.01 77 77 0.00232023 0 0.000278242
1193 -0.166364 -0.0087378 0.01 67 67 0 0 0
1194 -0.160177 -0.00902761 0.01 72 72 0 0 0
1196 -0.136984 -0.00849934 0.01 69 70 0 0 0
1197 -0.139299 -0.00950049 0.01 68 68 0 0 0
1198 -0.165621 -0.00895248 0.01 72 72 0 0 0
1199 -0.117944 -0.00899986 0.01 68 68 0 0 0
1200 -0.115971 -0.00873327 0.01 68 68 0.00023675 0 0.000168514
1201 -0.182279 -0.00889512 0.01 67 67 0 0 0
1202 -0.185322 -0.00844052 0.01 77 77 0 0 0
1204 -0.140762 -0.00857579 0.01 69 69 0 0 0
1205 -0.134098 -0.00934647 0.01 69 69 0.000264376 0 0.000233654
1206 -0.130873 -0.00965703 0.01 68 68 0 0 0
1207 -0.195972 -0.00878133 0.01 76 76 0 0 0
1209 -0.195972 -0.00861781 0.01 77 77 0 0 0
1211 -0.125081 -0.00890387 0.01 68 68 0 0 0
1212 -0.109537 -0.0086411 0.01 68 68 0 0 0
1214 -0.195972 -0.00861781 0.01 76 76 0 0 0
1215 -0.205015 -0.00907582 0.01 76 76 0 0 0
1216 -0.131566 -0.00890179 0.01 67 67 0 0 0
1217 -0.187932 -0.00950081 0.01 76 76 0 0 0
1219 -0.182279 -0.00858387 0.01 68 67 0 0 0
1220 -0.151107 -0.00838153 0.01 75 74 0.00214654 -0.0063085 0
1221 -0.165621 -0.00895248 0.01 72 72 0 0 0
1222 -0.105955 -0.00872345 0.01 69 68 0 0 0
1223 -0.157296 -0.00890679 0.01 72 72 -0.000427857 0.0024167 0
1226 -0.186285 -0.00919583 0.01 75 75 0 0 0
1229 -0.167884 -0.00865725 0.01 77 77 0 0 0
1231 -0.143828 -0.00910991 0.01 67 67 0 0 0
1232 -0.150217 -0.0087378 0.01 67 67 0 0 0
1233 -0.179218 -0.00891637 0.01 75 75 0 0 0
1236 -0.155428 -0.00935086 0.01 75 75 0 0 0
1239 -0.16017 -0.00856803 0.01 75 75 0 0 0
1242 -0.22492 -0.00930757 0.01 77 77 0 0 0
1245 -0.125081 -0.00869049 0.01 69 69 0 0 0
1246 -0.163204 -0.00923979 0.01 72 72 0 0 0
1247 -0.143828 -0.00910991 0.01 67 67 0 0 0
1248 -0.206422 -0.00861781 0.01 76 76 0 0 0
1249 -0.195623 -0.00941218 0.01 72 72 0 0 0
1250 -0.156159 -0.00846437 0.01 68 68 0 0 0
1251 -0.194755 -0.00890851 0.01 72 71 0 0 0
1252 -0.107168 -0.00873341 0.01 69 69 0 0 0
1253 -0.143828 -0.00910991 0.01 68 67 0 0 0
1254 -0.144799 -0.00852104 0.01 76 76 0 0 0
1257 -0.195972 -0.00896523 0.01 77 77 0 0 0
1258 -0.139679 -0.00939099 0.01 76 76 0 0 0
1259 -0.135364 -0.00883647 0.01 68 68 0 0 0
1260 -0.195972 -0.00861781 0.01 77 77 0 0 0
1261 -0.195972 -0.00868912 0.01 76 76 0 0 0
1263 -0.0973426 -0.00890285 0.01 68 68 0 0 0
1264 -0.187513 -0.00864843 0.01 72 72 0 0 0
1266 -0.19931 -0.00880497 0.01 69 69 0 0 0
1267 -0.168867 -0.00858559 0.01 67 67 0 0 0
1271 -0.119209 -0.00939099 0.01 76 76 0 0 0
1272 -0.135364 -0.0090529 0.01 67 67 0 0 0
1273 -0.135175 -0.00925833 0.01 77 77 -0.00402457 0.00378546 0
1274 -0.175363 -0.00929874 0.01 69 69 0 0 0
1275 -0.186285 -0.00919583 0.01 75 75 0 0 0
1277 -0.186285 -0.00919583 0.01 75 76 0 0 0
1278 -0.142874 -0.00846437 0.01 67 67 0 0 0
1279 -0.148415 -0.00883117 0.01 76 76 0 0 0
1280 -0.167715 -0.0089841 0.01 72 72 0 0 0
1281 -0.143828 -0.00910991 0.01 69 69 0 0 0
1283 -0.205015 -0.00907582 0.01 75 75 0 0 0
1285 -0.127108 -0.00884519 0.01 67 67 0 0 0
1286 -0.167884 -0.00865725 0.01 77 77 0 0 0
1287 -0.161346 -0.00935086 0.01 75 75 0 0 0
1288 -0.206422 -0.00879541 0.01 76 76 0 0 0
1289 -0.127108 -0.00919825 0.01 67 67 0 0 0
1291 -0.136733 -0.00890179 0.01 68 68 0 0 0
1292 -0.125081 -0.00869049 0.01 67 67 0 0 0
1296 -0.172255 -0.00878791 0.01 72 72 0 0 0
1297 -0.206202 -0.00869324 0.01 76 76 0 0 0
1298 -0.139679 -0.00939099 0.01 76 76 0 0 0
1299 -0.163811 -0.00890679 0.01 72 72 0 0 0
1300 -0.141118 -0.00890179 0.01 67 67 0 0 0
1301 -0.136507 -0.00890816 0.01 72 71 0 0 0
1304 -0.209798 -0.00885928 0.01 69 69 0 0 0
1305 -0.197484 -0.00909713 0.01 69 69 0 0 0
1307 -0.13896 -0.00950442 0.01 77 77 -0.00216782 0 -0.000246089
1309 -0.170654 -0.00905102 0.01 67 67 0 0 0
1312 -0.129028 -0.00902292 0.01 72 72 0 0 0
1313 -0.165295 -0.0087378 0.01 67 67 0.000949323 -0.0150789 0
1315 -0.17902 -0.00890999 0.01 72 72 0 0 0
1317 -0.183303 -0.00903783 0.01 69 69 0 0 0
1319 -0.134061 -0.0087487 0.01 68 68 0 0 0
1321 -0.123933 -0.00906594 0.01 77 77 0 0 0
1322 -0.117944 -0.0089562 0.01 67 67 0 0 0
1323 -0.163356 -0.00898661 0.01 76 76 -0.00462767 0.0156641 -0.00033101
1325 -0.195972 -0.00878133 0.01 76 75 0 0 0
1326 -0.173974 -0.00906924 0.01 75 74 0 0 0
1328 -0.206422 -0.00879541 0.01 77 77 0 0 0
1329 -0.165621 -0.00895248 0.01 72 72 0 0 0
1333 -0.182279 -0.00889512 0.01 67 67 0 0 0
1334 -0.195972 -0.00878133 0.01 76 76 0 0 0
1335 -0.147805 -0.00939099 0.01 77 77 0 0 0
1336 -0.117944 -0.0089562 0.01 67 67 0 0 0
1337 -0.160177 -0.00883767 0.01 75 75 0 0 0
1338 -0.195972 -0.00891781 0.01 76 76 0 0 0
1339 -0.195623 -0.00930757 0.01 72 72 0 0 0
1340 -0.134098 -0.00931217 0.01 68 68 0 0 0
1341 -0.199572 -0.00861781 0.01 77 77 0 0 0
1342 -0.187513 -0.00864843 0.01 72 72 0 0 0
1345 -0.145473 -0.00954683 0.01 76 77 0 0 0
1346 -0.206422 -0.00861781 0.01 76 76 0 0 0
1347 -0.165621 -0.00895248 0.01 72 72 0 0 0
1348 -0.165798 -0.00904954 0.01 75 75 0 0 0
1349 -0.146729 -0.00841629 0.01 68 68 0 0 0
1352 -0.182474 -0.00910719 0.01 75 75 0 0 0
1353 -0.134098 -0.00979768 0.01 68 68 0 0 0
1355 -0.134098 -0.00931217 0.01 68 67 0 0 0
1356 -0.187513 -0.0085722 0.01 72 72 2.61068e-05 0 7.6225e-05
1360 -0.134098 -0.00958216 0.01 68 68 0 0 0
1361 -0.167884 -0.00865725 0.01 76 76 0 0 0
1362 -0.186285 -0.00922889 0.01 77 77 -0.000296205 0 -0.000178528
1364 -0.150217 -0.0087378 0.01 67 67 0 0 0
1365 -0.123933 -0.00906594 0.01 77 77 0 0 0
1367 -0.170219 -0.00903783 0.01 68 68 0 0 0
1368 -0.111369 -0.00892465 0.01 67 67 0 0 0
1369 -0.171407 -0.00901149 0.01 68 68 -7.95126e-05 0 -0.000427625
1370 -0.150361 -0.00858559 0.01 67 67 -0.00107256 0.0185056 0
1372 -0.186285 -0.00897208 0.01 75 75 0 0 0
1374 -0.185322 -0.00844052 0.01 77 77 0 0 0
1376 -0.16571 -0.00910719 0.01 72 73 0 0 0
1377 -0.141118 -0.00890179 0.01 68 68 0 0 0
1379 -0.191602 -0.00912395 0.01 75 76 0 0 0
1381 -0.195623 -0.00930757 0.01 72 72 0 0 0
1383 -0.166469 -0.00858559 0.01 67 67 0 0 0
1384 -0.166469 -0.00858559 0.01 68 68 0 0 0
1385 -0.149331 -0.00895248 0.01 72 72 0 0 0
1386 -0.212179 -0.00890311 0.01 76 76 0 0 0
1389 -0.170253 -0.00927327 0.01 76 76 0 0 0
1390 -0.162726 -0.00873546 0.01 75 75 0 0 0
1391 -0.134098 -0.00900374 0.01 69 69 0 0 0
1392 -0.145473 -0.00928656 0.01 76 76 0 0 0
1393 -0.206422 -0.00861781 0.01 77 77 0 0 0
1394 -0.127108 -0.00919825 0.01 67 67 0 0 0
1397 -0.131418 -0.00892272 0.01 69 69 0 0 0
1399 -0.114524 -0.00928865 0.01 68 67 0 0 0
1400 -0.139252 -0.00936704 0.01 68 68 0 0 0
1401 -0.163204 -0.00923979 0.01 72 72 0 0 0
1402 -0.166469 -0.00858559 0.01 68 68 0 0 0
1404 -0.131418 -0.00827868 0.01 69 70 0 0 0
1405 -0.18897 -0.00845589 0.01 77 77 0 0 0
1406 -0.200417 -0.00907582 0.01 75 75 0 0 0
1408 -0.150217 -0.0087378 0.01 67 67 0 0 0
1411 -0.195972 -0.00878133 0.01 75 75 0 0 0
1413 -0.195253 -0.00885928 0.01 69 69 0 0 0
1414 -0.190893 -0.00878528 0.01 77 77 0 0 0
1423 -0.195972 -0.00878133 0.01 76 76 0 0 0
1424 -0.143828 -0.00910991 0.01 67 67 0 0 0
1426 -0.19825 -0.008782 0.01 68 67 0 0 0
1427 -0.146729 -0.00841629 0.01 68 68 0 0 0
1428 -0.180039 -0.00861781 0.01 76 76 0 0 0
1430 -0.115971 -0.00890179 0.01 67 67 0 0 0
1432 -0.134098 -0.00968374 0.01 69 69 0 0 0
1434 -0.150217 -0.0087378 0.01 68 68 0 0 0
1435 -0.134098 -0.00936704 0.01 69 68 0 0 0
1436 -0.131902 -0.00909979 0.01 69 69 0 0 0
1438 -0.139548 -0.00809982 0.01 68 68 0 0 0
1439 -0.131418 -0.00844434 0.01 72 72 -0.000408456 0 -0.000165658
1440 -0.210053 -0.00885928 0.01 72 72 0 0 0
1441 -0.164372 -0.00950231 0.01 77 77 0 0 0
1442 -0.135653 -0.00874181 0.01 69 69 0 0 0
1443 -0.145153 -0.00929081 0.01 72 73 0 0 0
1444 -0.143828 -0.00910991 0.01 67 67 0 0 0
1448 -0.148415 -0.00883117 0.01 76 76 0 0 0
1449 -0.183359 -0.00905102 0.01 72 72 0 0 0
1451 -0.16017 -0.00856803 0.01 75 75 0 0 0
1453 -0.140154 -0.00890179 0.01 68 68 0 0 0
1454 -0.206422 -0.00861781 0.01 76 76 0 0 0
1455 -0.193955 -0.00869324 0.01 76 76 -0.000899643 0.0103042 0
1456 -0.14097 -0.00931217 0.01 68 68 0 0 0
1457 -0.195253 -0.00912491 0.01 72 72 0 0 0
1458 -0.195972 -0.00896398 0.01 76 76 0 0 0
1459 -0.16571 -0.00964473 0.01 69 70 0 0 0
1460 -0.125081 -0.00890387 0.01 68 68 0 0 0
1463 -0.159239 -0.00920461 0.01 76 77 0 0 0
1466 -0.143047 -0.00926257 0.01 69 68 0 0 0
1467 -0.150217 -0.0087378 0.01 68 68 0 0 0
1468 -0.195972 -0.00907207 0.01 76 76 0 0 0
1469 -0.185322 -0.00844052 0.01 77 77 0 0 0
1470 -0.160884 -0.00958289 0.01 75 75 0 0 0
1471 -0.143828 -0.00921881 0.01 69 69 0 0 0
1472 -0.179218 -0.00891637 0.01 75 75 0 0 0
1473 -0.136733 -0.00890179 0.01 67 67 0 0 0
1474 -0.115971 -0.00890179 0.01 68 68 0 0 0
1475 -0.150217 -0.0087378 0.01 67 67 0 0 0
1477 -0.140154 -0.0093197 0.01 68 68 0 0 0
1479 -0.139052 -0.0095571 0.01 72 72 0 0 0
1481 -0.163204 -0.00878791 0.01 72 72 0 0 0
1482 -0.166469 -0.00858559 0.01 68 67 0 0 0
1484 -0.150217 -0.0087378 0.01 67 67 0 0 0
1485 -0.15301 -0.00880506 0.01 75 75 0 0 0
1487 -0.210053 -0.00858838 0.01 75 75 9.64403e-05 0 0.000270897
1488 -0.195972 -0.00878133 0.01 76 76 0 0 0
1490 -0.105955 -0.00801037 0.01 67 67 0 0 0
1492 -0.220554 -0.00930757 0.01 75 77 0 0 0
1493 -0.186334 -0.00912508 0.01 67 67 0 0 0
1495 -0.154129 -0.00894602 0.01 68 68 0 0 0
1497 -0.195253 -0.00814515 0.01 72 72 0 0 0
1498 -0.183303 -0.00903783 0.01 68 68 0 0 0
1500 -0.17902 -0.00890999 0.01 72 72 0 0 0
1501 -0.175363 -0.00929874 0.01 69 69 0 0 0
1503 -0.139299 -0.00950049 0.01 68 68 0 0 0
1505 -0.131566 -0.00890179 0.01 67 67 0 0 0
1507 -0.16017 -0.00856803 0.01 75 75 0 0 0
1508 -0.167884 -0.00865725 0.01 77 77 0 0 0
1509 -0.132124 -0.00894049 0.01 72 72 0 0 0
1513 -0.210562 -0.00861781 0.01 77 77 0 0 0
1515 -0.183303 -0.00903783 0.01 69 69 0 0 0
1516 -0.105955 -0.00872345 0.01 69 68 0 0 0
1517 -0.149331 -0.00895248 0.01 72 72 0 0 0
1518 -0.22492 -0.00930757 0.01 75 75 0 0 0
1520 -0.171291 -0.0089377 0.01 77 77 0 0 0
1522 -0.183722 -0.00905102 0.01 68 68 0 0 0
1523 -0.190893 -0.00871024 0.01 75 75 0 0 0
1526 -0.136978 -0.00910719 0.01 75 75 0 0 0
1528 -0.105955 -0.00872345 0.01 69 70 0 0 0
1531 -0.126045 -0.00839264 0.01 77 77 -0.0106769 0.0105032 0
1532 -0.147784 -0.00860095 0.01 72 72 0 0 0
1533 -0.135364 -0.00857763 0.01 67 67 0 0 0
1536 -0.105955 -0.00918602 0.01 69 69 0 0 0
1537 -0.136548 -0.00839264 0.01 76 77 0 0 0
1538 -0.127108 -0.00884519 0.01 67 67 0 0 0
1539 -0.132124 -0.00894049 0.01 72 72 0 0 0
1542 -0.153371 -0.00905102 0.01 67 67 0 0 0
1543 -0.197521 -0.00861781 0.01 75 75 0 0 0
1544 -0.195253 -0.00936708 0.01 75 75 0 0 0
1546 -0.139967 -0.00916999 0.01 72 72 0 0 0
1547 -0.206422 -0.00861781 0.01 76 76 0 0 0
1548 -0.186285 -0.00919583 0.01 76 75 0 0 0
1549 -0.139679 -0.00939099 0.01 77 77 0 0 0
1551 -0.195972 -0.00896398 0.01 75 75 0 0 0
1553 -0.195972 -0.00868912 0.01 77 76 0 0 0
1554 -0.183359 -0.00905102 0.01 69 69 0 0 0
1555 -0.17902 -0.0086556 0.01 77 77 0 0 0
1556 -0.114524 -0.00928865 0.01 68 68 0 0 0
1558 -0.205015 -0.00907582 0.01 76 76 0 0 0
1559 -0.150217 -0.0087378 0.01 67 67 0 0 0
1561 -0.170477 -0.00851972 0.01 69 69 0.000713482 -0.0103066 0
1562 -0.21781 -0.00857767 0.01 72 72 0 0 0
1564 -0.170219 -0.00903783 0.01 69 69 0 0 0
1566 -0.123933 -0.00906594 0.01 77 77 0 0 0
1567 -0.136733 -0.00890179 0.01 68 68 0 0 0
1569 -0.182141 -0.00860552 0.01 76 76 0 0 0
1570 -0.127108 -0.00884519 0.01 67 67 0 0 0
1575 -0.111369 -0.00892465 0.01 67 67 0 0 0
1577 -0.121744 -0.00914587 0.01 69 69 0 0 0
1579 -0.17174 -0.0089841 0.01 72 72 0 0 0
1580 -0.143828 -0.00910991 0.01 68 68 0 0 0
1581 -0.129249 -0.00935211 0.01 69 69 0 0 0
1582 -0.153371 -0.00905102 0.01 75 75 0 0 0
1583 -0.111369 -0.00890285 0.01 68 68 0 0 0
1584 -0.143328 -0.00846437 0.01 67 67 4.69387e-05 -0.000454023 0
1586 -0.187513 -0.00864843 0.01 72 72 0 0 0
1589 -0.16571 -0.00934624 0.01 72 72 0 0 0
1590 -0.171291 -0.0089377 0.01 76 76 0 0 0
1591 -0.139967 -0.00916999 0.01 72 72 0 0 0
1592 -0.195253 -0.00892952 0.01 75 75 0 0 0
1593 -0.131566 -0.00890179 0.01 67 67 0 0 0
1594 -0.139052 -0.0095571 0.01 72 72 0 0 0
1595 -0.182474 -0.00910719 0.01 75 75 0 0 0
1596 -0.0973426 -0.00890285 0.01 68 68 0 0 0
1597 -0.136733 -0.00927682 0.01 69 68 0 0 0
1599 -0.122549 -0.00906594 0.01 77 77 -0.00206891 0.00138389 0
1601 -0.139052 -0.00937931 0.01 72 72 0 0 0
1602 -0.142936 -0.00936704 0.01 75 73 0 0 0
1603 -0.195972 -0.00861781 0.01 77 77 0 0 0
1605 -0.109537 -0.0086411 0.01 69 69 0 0 0
1606 -0.141118 -0.00890179 0.01 68 68 0 0 0
1608 -0.147784 -0.00860095 0.01 72 72 0 0 0
1609 -0.190893 -0.00878528 0.01 77 77 0 0 0
1610 -0.163341 -0.00906606 0.01 77 77 0 0 0
1611 -0.124562 -0.0093433 0.01 68 68 0 0 0
1612 -0.179218 -0.00891637 0.01 75 75 0 0 0
1615 -0.128674 -0.00881492 0.01 69 69 0 0 0
1618 -0.152255 -0.00887609 0.01 69 69 -7.28518e-05 0 -0.000138289
1621 -0.171882 -0.00924023 0.01 72 72 -9.19104e-05 0 -0.000133038
1622 -0.210053 -0.00885928 0.01 75 75 0 0 0
1623 -0.166469 -0.00858559 0.01 67 67 0 0 0
1624 -0.105955 -0.00872345 0.01 67 67 0 0 0
1626 -0.132774 -0.00968374 0.01 68 68 -0.000284031 0.00132392 0
1628 -0.135653 -0.00874181 0.01 72 72 0 0 0
1629 -0.175363 -0.00926666 0.01 68 68 0 0 0
1630 -0.195253 -0.00814515 0.01 72 72 0 0 0
1631 -0.166469 -0.00858559 0.01 67 67 0 0 0
1632 -0.143828 -0.00910991 0.01 68 68 0 0 0
1636 -0.145823 -0.00969819 0.01 69 69 0 0 0
1639 -0.181123 -0.00890851 0.01 72 72 0 0 0
1644 -0.136733 -0.00890179 0.01 67 67 0 0 0
1646 -0.105955 -0.00872345 0.01 67 67 0 0 0
1648 -0.17902 -0.0086556 0.01 76 76 0 0 0
1649 -0.125011 -0.00894602 0.01 72 71 0 0 0
1650 -0.136733 -0.00890179 0.01 68 67 0 0 0
1651 -0.135364 -0.0082626 0.01 76 76 0 0 0
1653 -0.158702 -0.00905102 0.01 67 67 0 0 0
1654 -0.134098 -0.00965703 0.01 67 67 0 0 0
1655 -0.187932 -0.00930757 0.01 72 73 0 0 0
1657 -0.139052 -0.0095571 0.01 72 72 0 0 0
1660 -0.191602 -0.00912395 0.01 76 76 0 0 0
1661 -0.185322 -0.00844052 0.01 77 77 0 0 0
1664 -0.143828 -0.00910991 0.01 67 67 0 0 0
1666 -0.150217 -0.0087378 0.01 67 67 0 0 0
1669 -0.161346 -0.00935086 0.01 76 76 0 0 0
1672 -0.231457 -0.00861781 0.01 77 77 0 0 0
1673 -0.171291 -0.0089377 0.01 76 76 0 0 0
1674 -0.18897 -0.00845589 0.01 77 77 0 0 0
1675 -0.168737 -0.00868912 0.01 76 76 0 0 0
1676 -0.127108 -0.00884519 0.01 67 67 0 0 0
1677 -0.134098 -0.00965703 0.01 67 67 0 0 0
1679 -0.195972 -0.00868912 0.01 77 77 0 0 0
1683 -0.150115 -0.00807267 0.01 72 72 0 0 0
1685 -0.190365 -0.00930159 0.01 68 68 0 0 0
1686 -0.139548 -0.00809982 0.01 68 68 0 0 0
1688 -0.166469 -0.00858559 0.01 69 69 0 0 0
1689 -0.195972 -0.00861781 0.01 77 77 0 0 0
1690 -0.16571 -0.00913691 0.01 76 76 0 0 0
1691 -0.129649 -0.00876547 0.01 69 69 0 0 0
1692 -0.131902 -0.00909979 0.01 68 68 0 0 0
1693 -0.136978 -0.00910719 0.01 75 75 0 0 0
1696 -0.140154 -0.00890179 0.01 67 67 0 0 0
1697 -0.195972 -0.00861781 0.01 77 77 0 0 0
1698 -0.134098 -0.00958012 0.01 69 69 0 0 0
1700 -0.186285 -0.00890851 0.01 72 72 0 0 0
1701 -0.22492 -0.00923156 0.01 76 76 0 0 0
1703 -0.200417 -0.00907582 0.01 75 75 0 0 0
1708 -0.165798 -0.00904954 0.01 76 76 0 0 0
1709 -0.195253 -0.00885928 0.01 69 69 0 0 0
1710 -0.165798 -0.00904954 0.01 75 74 0 0 0
1712 -0.127108 -0.00884519 0.01 67 67 0 0 0
1713 -0.206422 -0.00861781 0.01 76 76 0 0 0
1714 -0.17902 -0.0086556 0.01 76 76 0 0 0
1718 -0.188998 -0.008782 0.01 67 67 -0.000150859 0.00925277 0
1719 -0.185322 -0.00856693 0.01 75 75 0 0 0
1720 -0.162684 -0.00902761 0.01 72 72 0 0 0
1721 -0.18897 -0.00845589 0.01 76 76 0 0 0
1722 -0.111369 -0.00890285 0.01 68 68 0 0 0
1723 -0.166364 -0.0087378 0.01 69 69 0 0 0
1725 -0.140762 -0.00903085 0.01 69 69 0 0 0
1727 -0.205015 -0.00907582 0.01 75 75 0 0 0
1728 -0.166469 -0.00858559 0.01 69 69 0 0 0
1730 -0.195253 -0.00936708 0.01 75 75 -4.33922e-05 0 -5.95115e-05
1731 -0.160177 -0.00925964 0.01 75 74 0 0 0
1732 -0.135364 -0.0082626 0.01 76 76 0 0 0
1733 -0.160884 -0.00958289 0.01 75 75 0 0 0
1734 -0.16571 -0.00910719 0.01 72 72 0 0 0
1736 -0.16017 -0.00851972 0.01 69 69 0 0 0
1738 -0.206422 -0.00861781 0.01 75 76 0 0 0
1741 -0.231457 -0.00861781 0.01 77 77 0 0 0
1742 -0.142267 -0.0087378 0.01 67 67 0 0 0
1744 -0.160177 -0.00883767 0.01 75 75 0 0 0
1745 -0.166364 -0.0087378 0.01 69 69 0 0 0
1747 -0.175363 -0.00929874 0.01 69 69 0 0 0
1748 -0.115971 -0.00890179 0.01 68 68 0 0 0
1749 -0.195972 -0.00868912 0.01 76 76 0 0 0
1754 -0.136733 -0.00890179 0.01 68 68 0 0 0
1755 -0.140762 -0.00857579 0.01 69 69 0 0 0
1759 -0.139052 -0.0095571 0.01 72 72 0 0 0
1761 -0.180467 -0.00915073 0.01 68 68 0 0 0
1765 -0.119209 -0.00958036 0.01 75 75 0 0 0
1766 -0.121745 -0.00894115 0.01 69 69 0 0 0
1768 -0.134098 -0.00934831 0.01 69 69 0 0 0
1772 -0.163938 -0.00880506 0.01 75 75 0 0 0
1773 -0.143828 -0.00910991 0.01 68 68 0 0 0
1774 -0.195253 -0.00892952 0.01 75 75 0 0 0
1776 -0.209348 -0.00861781 0.01 77 77 0 0 0
1778 -0.117944 -0.0089562 0.01 67 67 0 0 0
1780 -0.206804 -0.00917446 0.01 76 77 0 0 0
1781 -0.105955 -0.00872345 0.01 68 68 0 0 0
1784 -0.136697 -0.00769378 0.01 72 72 0 0 0
1785 -0.143828 -0.00910991 0.01 67 67 0 0 0
1789 -0.195972 -0.00861781 0.01 76 76 0 0 0
1790 -0.182279 -0.00903493 0.01 69 69 0 0 0
1792 -0.173974 -0.00906924 0.01 75 75 0 0 0
1793 -0.134098 -0.00979768 0.01 68 68 0 0 0
1794 -0.168839 -0.00927179 0.01 76 76 0 0 0
1796 -0.163341 -0.00906606 0.01 76 77 0 0 0
1798 -0.190099 -0.00862786 0.01 72 72 6.38366e-05 0 0.000200019
1799 -0.194755 -0.00890851 0.01 72 71 0 0 0
1800 -0.16017 -0.00845556 0.01 72 71 0 0 0
1801 -0.187655 -0.00885701 0.01 76 77 0 0 0
1802 -0.165621 -0.00895248 0.01 72 72 0 0 0
1803 -0.209348 -0.00861781 0.01 77 77 0 0 0
1805 -0.231457 -0.00861781 0.01 76 77 0 0 0
1807 -0.131902 -0.00909979 0.01 69 69 0 0 0
1809 -0.152255 -0.0087378 0.01 69 69 0 0 0
1810 -0.122261 -0.0086353 0.01 68 68 0 0 0
1811 -0.16017 -0.00856803 0.01 75 75 0 0 0
1812 -0.12152 -0.00846437 0.01 67 67 0 0 0
1813 -0.191282 -0.00898802 0.01 77 76 0 0 0
1814 -0.141118 -0.00890179 0.01 69 69 0 0 0
1815 -0.21781 -0.00857767 0.01 72 72 0 0 0
1816 -0.210466 -0.00882788 0.01 75 75 0 0 0
1817 -0.182474 -0.00910719 0.01 76 76 0 0 0
1818 -0.22492 -0.00930757 0.01 75 76 0 0 0
1819 -0.210562 -0.008815 0.01 77 77 -0.000118166 0 -0.000197191
1822 -0.183359 -0.00883027 0.01 68 68 0 0 0
1823 -0.136644 -0.00839373 0.01 72 74 0 0 0
1824 -0.131902 -0.00909979 0.01 68 68 0 0 0
1825 -0.123933 -0.00906594 0.01 77 77 0 0 0
1826 -0.16017 -0.00851972 0.01 69 69 0 0 0
1827 -0.195972 -0.00861781 0.01 77 77 0 0 0
1831 -0.167796 -0.00858559 0.01 68 68 0 0 0
1832 -0.139548 -0.00809982 0.01 69 69 0 0 0
1835 -0.150217 -0.00856719 0.01 68 68 0 0 0
1837 -0.147784 -0.00860095 0.01 72 72 0 0 0
1838 -0.166469 -0.00858559 0.01 67 67 0 0 0
1841 -0.156159 -0.00846437 0.01 68 67 0 0 0
1842 -0.184076 -0.00868912 0.01 76 76 0 0 0
1843 -0.195972 -0.00881958 0.01 75 75 0 0 0
1844 -0.168839 -0.00927179 0.01 76 76 0 0 0
1845 -0.22492 -0.00930757 0.01 76 76 0 0 0
1847 -0.19825 -0.008782 0.01 69 68 0 0 0
1852 -0.195253 -0.00855047 0.01 72 72 0 0 0
1853 -0.135364 -0.0082626 0.01 77 77 0 0 0
1854 -0.182279 -0.00903493 0.01 69 69 0 0 0
1855 -0.190893 -0.00871024 0.01 75 75 0 0 0
1856 -0.161346 -0.00935086 0.01 76 76 0 0 0
1860 -0.119209 -0.00939099 0.01 76 76 0 0 0
1861 -0.206422 -0.00861781 0.01 77 77 0 0 0
1862 -0.191282 -0.00898802 0.01 76 76 0 0 0
1863 -0.13143 -0.00914587 0.01 68 69 0 0 0
1865 -0.18306 -0.00874975 0.01 68 69 0 0 0
1866 -0.187932 -0.00930757 0.01 75 75 0 0 0
1867 -0.134098 -0.00931217 0.01 69 69 0 0 0
1868 -0.141118 -0.00890179 0.01 68 68 0 0 0
1869 -0.117944 -0.00899986 0.01 68 68 0 0 0
1870 -0.220554 -0.00930757 0.01 77 77 0 0 0
1871 -0.156159 -0.00846437 0.01 67 67 0 0 0
1872 -0.182279 -0.00889512 0.01 67 67 0 0 0
1873 -0.162598 -0.00868961 0.01 77 77 0 0 0
1875 -0.134098 -0.00965703 0.01 67 67 0 0 0
1876 -0.163938 -0.00880506 0.01 76 75 0 0 0
1877 -0.16017 -0.00851972 0.01 69 69 0 0 0
1880 -0.135364 -0.0090529 0.01 67 67 0 0 0
1881 -0.160177 -0.00902761 0.01 72 72 0 0 0
1883 -0.182279 -0.00903493 0.01 69 69 0 0 0
1884 -0.128797 -0.00883642 0.01 67 67 0 0 0
1885 -0.135364 -0.0082626 0.01 77 77 0 0 0
1886 -0.175124 -0.00885701 0.01 77 77 0 0 0
1889 -0.17902 -0.00890999 0.01 72 72 0 0 0
1890 -0.174298 -0.0089841 0.01 68 69 0 0 0
1891 -0.150217 -0.0087378 0.01 67 67 0 0 0
1892 -0.195253 -0.00861741 0.01 75 75 0 0 0
1897 -0.151976 -0.00904501 0.01 69 69 0 0 0
1898 -0.151311 -0.00873105 0.01 68 69 0 0 0
1899 -0.134098 -0.00931217 0.01 67 67 0 0 0
1904 -0.186334 -0.00912508 0.01 67 67 0 0 0
1906 -0.16571 -0.00934624 0.01 75 73 0 0 0
1908 -0.147805 -0.00939099 0.01 77 77 0 0 0
1910 -0.212594 -0.00885928 0.01 72 72 6.30021e-05 -0.00254083 0
1911 -0.115971 -0.00873327 0.01 69 68 0 0 0
1913 -0.180039 -0.00861781 0.01 76 76 0 0 0
1914 -0.195623 -0.00930757 0.01 72 72 0 0 0
1915 -0.200377 -0.00861781 0.01 72 72 0 0 0
1916 -0.136733 -0.00890179 0.01 68 69 0 0 0
1917 -0.177347 -0.00926369 0.01 75 75 0 0 0
1918 -0.148415 -0.00883117 0.01 76 76 0 0 0
1919 -0.209348 -0.00861781 0.01 77 77 0 0 0
1920 -0.134098 -0.00960963 0.01 69 69 0 0 0
1921 -0.166364 -0.0087378 0.01 67 67 0 0 0
1922 -0.182279 -0.008895 0.01 68 69 0 0 0
1923 -0.190099 -0.00882788 0.01 69 69 0 0 0
1925 -0.17902 -0.00861296 0.01 72 72 0.000144094 0 0.000297033
1926 -0.139679 -0.00939099 0.01 77 77 0 0 0
1927 -0.206422 -0.00861781 0.01 77 77 0 0 0
1928 -0.134098 -0.00931217 0.01 68 68 0 0 0
1929 -0.16571 -0.00921111 0.01 72 72 0 0 0
1930 -0.143828 -0.00910991 0.01 68 68 0 0 0
1933 -0.136733 -0.00890179 0.01 69 69 0 0 0
1934 -0.16571 -0.00910719 0.01 72 72 0 0 0
1936 -0.19888 -0.00861781 0.01 77 77 -0.000691861 0.00754209 0
1938 -0.131566 -0.00890179 0.01 68 67 0 0 0
1939 -0.160884 -0.00907337 0.01 75 75 0 0 0
1940 -0.210562 -0.00861781 0.01 77 77 0 0 0
1941 -0.165205 -0.00826298 0.01 69 69 0 0 0
1942 -0.150217 -0.0087378 0.01 68 67 0 0 0
1944 -0.160884 -0.00907337 0.01 75 75 0 0 0
1945 -0.205015 -0.00907582 0.01 76 76 0 0 0
1946 -0.176018 -0.00890527 0.01 69 69 0 0 0
1947 -0.16571 -0.00934624 0.01 75 75 0 0 0
1948 -0.151221 -0.00857579 0.01 69 69 0 0 0
1949 -0.16017 -0.00856803 0.01 75 75 0 0 0
1950 -0.134098 -0.00917417 0.01 68 68 0 0 0
1951 -0.16571 -0.00939184 0.01 72 71 -0.000118896 0 -0.000180729
1952 -0.186285 -0.00890851 0.01 72 72 0 0 0
1958 -0.115971 -0.00890179 0.01 68 68 0 0 0
1959 -0.167884 -0.00865725 0.01 76 76 0 0 0
1960 -0.176364 -0.00899351 0.01 76 76 0 0 0
1962 -0.114524 -0.00928865 0.01 67 67 0 0 0
1963 -0.105955 -0.00872345 0.01 67 67 0 0 0
1966 -0.170219 -0.00877865 0.01 67 67 0 0 0
1967 -0.127108 -0.00919825 0.01 67 67 0 0 0
1968 -0.210053 -0.00885928 0.01 72 72 0 0 0
1969 -0.187513 -0.00864843 0.01 72 72 0 0 0
1970 -0.191602 -0.00912395 0.01 77 77 0 0 0
1971 -0.195972 -0.00861781 0.01 72 72 0 0 0
1974 -0.163938 -0.00880506 0.01 75 75 0 0 0
1975 -0.161079 -0.0086105 0.01 68 68 0 0 0
1976 -0.154129 -0.00894602 0.01 68 68 0 0 0
1977 -0.204553 -0.00930757 0.01 72 72 0.000812978 -0.0166209 0
1978 -0.141118 -0.00890179 0.01 68 68 0 0 0
1979 -0.105955 -0.00872345 0.01 67 67 0 0 0
1980 -0.195623 -0.00930757 0.01 72 72 0 0 0
1983 -0.0973426 -0.00890285 0.01 69 69 0 0 0
1985 -0.206422 -0.00861781 0.01 76 76 0 0 0
1986 -0.153811 -0.00909969 0.01 75 75 0 0 0
1987 -0.134098 -0.00931217 0.01 67 67 0 0 0
1988 -0.139679 -0.00939099 0.01 77 77 0 0 0
1989 -0.134098 -0.00965703 0.01 67 67 0 0 0
1990 -0.162726 -0.00873546 0.01 75 75 0 0 0
1991 -0.134098 -0.00931217 0.01 68 68 0 0 0
1993 -0.190893 -0.00878528 0.01 77 77 0 0 0
1996 -0.166364 -0.0087378 0.01 69 69 0 0 0
1997 -0.208903 -0.008815 0.01 76 77 -0.000124365 0.00165878 0
1998 -0.098797 -0.00872345 0.01 67 67 0 0 0
1999 -0.212179 -0.00890311 0.01 75 75 0 0 0
2000 -0.163938 -0.00880506 0.01 75 75 0 0 0
2001 -0.166364 -0.0087378 0.01 67 67 0 0 0
2002 -0.11319 -0.00909979 0.01 67 67 0 0 0
2003 -0.191602 -0.00912395 0.01 77 77 0 0 0
2004 -0.205015 -0.00907582 0.01 75 75 0 0 0
2006 -0.186334 -0.00912508 0.01 67 67 0 0 0
2008 -0.131471 -0.00942791 0.01 69 69 0 0 0
2009 -0.135364 -0.0090529 0.01 67 67 0 0 0
2011 -0.192282 -0.00882788 0.01 68 68 0 0 0
2012 -0.22492 -0.00930757 0.01 76 76 0 0 0
2013 -0.134098 -0.00931217 0.01 67 67 0 0 0
2014 -0.139967 -0.00916999 0.01 72 72 0 0 0
2015 -0.140762 -0.00857579 0.01 69 69 0 0 0
2016 -0.195972 -0.00863335 0.01 75 75 0 0 0
2017 -0.105955 -0.00872345 0.01 68 68 0 0 0
2018 -0.221711 -0.00930757 0.01 75 75 0 0 0
2019 -0.117944 -0.00916651 0.01 67 67 -1.85519e-05 0 -1.88863e-05
2021 -0.205015 -0.00926766 0.01 76 76 0 0 0
2023 -0.165798 -0.00904954 0.01 75 74 0 0 0
2027 -0.203783 -0.00855047 0.01 72 72 0 0 0
2028 -0.191983 -0.00872642 0.01 68 68 0 0 0
2031 -0.170219 -0.00903783 0.01 67 67 0 0 0
2032 -0.171291 -0.0089377 0.01 77 76 0 0 0
2035 -0.122166 -0.00880221 0.01 69 69 0 0 0
2036 -0.143125 -0.00910719 0.01 72 72 0 0 0
2038 -0.140593 -0.00841629 0.01 72 72 0 0 0
2039 -0.205015 -0.00907582 0.01 75 75 0 0 0
2041 -0.191282 -0.00898802 0.01 76 76 0 0 0
2045 -0.190893 -0.00878528 0.01 77 77 0 0 0
2046 -0.129203 -0.00894602 0.01 68 68 0 0 0
2049 -0.117944 -0.00899986 0.01 68 68 0 0 0
2050 -0.20426 -0.00885731 0.01 77 77 -0.000126272 0 -0.000164075
2052 -0.16571 -0.00921111 0.01 72 72 0 0 0
2053 -0.167884 -0.00865725 0.01 77 77 0 0 0
2054 -0.182279 -0.00887276 0.01 77 77 0 0 0
2058 -0.190365 -0.00930159 0.01 68 68 0 0 0
2059 -0.191602 -0.00868961 0.01 75 75 0 0 0
2060 -0.141118 -0.00871483 0.01 69 69 0 0 0
2061 -0.183359 -0.00883027 0.01 68 68 0 0 0
2063 -0.143828 -0.00910991 0.01 67 67 0 0 0
2064 -0.147805 -0.00939099 0.01 77 77 0 0 0
2066 -0.136733 -0.00890179 0.01 68 67 0 0 0
2067 -0.136733 -0.00890179 0.01 68 68 0 0 0
2070 -0.180039 -0.00861781 0.01 76 76 0 0 0
2071 -0.166364 -0.0087378 0.01 69 69 0 0 0
2073 -0.164372 -0.00950231 0.01 77 77 0 0 0
2074 -0.134098 -0.00931217 0.01 68 69 0 0 0
2078 -0.105955 -0.00881821 0.01 67 67 0 0 0
2079 -0.153371 -0.00905102 0.01 75 75 0 0 0
2082 -0.134098 -0.00900374 0.01 69 69 0 0 0
2083 -0.19825 -0.008782 0.01 69 68 0 0 0
2084 -0.121745 -0.00922771 0.01 69 69 0 0 0
2086 -0.187873 -0.00865725 0.01 75 75 0 0 0
2088 -0.134098 -0.00931217 0.01 67 67 0 0 0
2090 -0.19825 -0.008782 0.01 68 68 0 0 0
2091 -0.18306 -0.00874975 0.01 69 69 0 0 0
2092 -0.140154 -0.00890179 0.01 69 69 0 0 0
2093 -0.170219 -0.00903783 0.01 67 68 0 0 0
2095 -0.162726 -0.00873546 0.01 75 75 0 0 0
2099 -0.13771 -0.00931217 0.01 69 69 0 0 0
2100 -0.119209 -0.00958036 0.01 75 76 -0.00233977 0 -0.000189374
2101 -0.170349 -0.00898195 0.01 75 75 0 0 0
2103 -0.16017 -0.00856803 0.01 75 76 0 0 0
2104 -0.16571 -0.00913691 0.01 76 76 0 0 0
2105 -0.190099 -0.00862786 0.01 72 72 0 0 0
2106 -0.153371 -0.00905102 0.01 67 67 0 0 0
2107 -0.182279 -0.00903493 0.01 68 69 0 0 0
2108 -0.134098 -0.00900374 0.01 68 69 0 0 0
2110 -0.22492 -0.00930757 0.01 76 76 0 0 0
2112 -0.150217 -0.00856719 0.01 68 68 0 0 0
2113 -0.191602 -0.00868961 0.01 75 75 0 0 0
2114 -0.143828 -0.00910991 0.01 67 67 0 0 0
2115 -0.134098 -0.00931217 0.01 69 69 0 0 0
2116 -0.16017 -0.00855268 0.01 69 69 0 0 0
2117 -0.178326 -0.0090434 0.01 75 74 0 0 0
2120 -0.195253 -0.00892952 0.01 75 75 0 0 0
2122 -0.160884 -0.00901952 0.01 76 76 0 0 0
2123 -0.203439 -0.00882788 0.01 72 72 0 0 0
2124 -0.131418 -0.00915649 0.01 68 68 0 0 0
2125 -0.136733 -0.00890179 0.01 67 67 0 0 0
2127 -0.166364 -0.0087378 0.01 67 67 0 0 0
2130 -0.150217 -0.0087378 0.01 68 68 0 0 0
2132 -0.191602 -0.00912395 0.01 76 76 0 0 0
2137 -0.135364 -0.0082626 0.01 77 77 0 0 0
2138 -0.150217 -0.0087378 0.01 67 67 0 0 0
2141 -0.191282 -0.00898802 0.01 76 76 0 0 0
2142 -0.177347 -0.00926369 0.01 77 77 0 0 0
2144 -0.150217 -0.0087378 0.01 67 67 0 0 0
2146 -0.138797 -0.00954163 0.01 75 74 0 0 0
2147 -0.16017 -0.00856803 0.01 75 75 0 0 0
2148 -0.139967 -0.00916999 0.01 72 72 0 0 0
2149 -0.131566 -0.00890179 0.01 67 67 0 0 0
2150 -0.139679 -0.00939099 0.01 76 76 0 0 0
2152 -0.161956 -0.00893065 0.01 76 76 0 0 0
2153 -0.182884 -0.0089841 0.01 69 70 0 0 0
2154 -0.14565 -0.00925561 0.01 69 70 0 0 0
2155 -0.186285 -0.00919583 0.01 77 77 0 0 0
2156 -0.109537 -0.0086411 0.01 68 68 0 0 0
2159 -0.166364 -0.0087378 0.01 67 67 0 0 0
2160 -0.159061 -0.00877621 0.01 68 68 -0.000469774 0.00730345 0
2161 -0.166364 -0.0087378 0.01 67 67 0 0 0
2162 -0.206422 -0.00879541 0.01 76 76 0 0 0
2163 -0.195972 -0.00861781 0.01 77 77 0 0 0
2165 -0.157831 -0.00890589 0.01 76 76 0 0 0
2166 -0.139548 -0.00809982 0.01 69 69 0 0 0
2168 -0.210562 -0.00861781 0.01 77 77 0 0 0
2169 -0.195972 -0.00868912 0.01 76 76 0 0 0
2171 -0.171133 -0.00880506 0.01 75 75 0.00166151 -0.00719504 0
2174 -0.119209 -0.00958036 0.01 76 76 0 0 0
2178 -0.153371 -0.00905102 0.01 75 75 0 0 0
2180 -0.186285 -0.00919583 0.01 75 76 0 0 0
2182 -0.185322 -0.00844052 0.01 76 76 0 0 0
2184 -0.17902 -0.0086556 0.01 76 76 0 0 0
2186 -0.156329 -0.00925149 0.01 75 74 0 0 0
2191 -0.134098 -0.00936704 0.01 67 67 0 0 0
2192 -0.0973426 -0.00890285 0.01 67 68 0 0 0
2193 -0.16571 -0.00934624 0.01 69 69 0 0 0
2194 -0.136733 -0.00890179 0.01 67 67 0 0 0
2195 -0.191282 -0.00898802 0.01 76 76 0 0 0
2196 -0.135364 -0.00883647 0.01 67 67 0 0 0
2197 -0.183722 -0.00905102 0.01 67 68 0 0 0
2198 -0.186285 -0.00890851 0.01 72 72 0 0 0
2199 -0.135364 -0.0082626 0.01 77 77 0 0 0
2200 -0.14565 -0.00931217 0.01 69 70 0 0 0
2201 -0.148039 -0.00928086 0.01 76 76 0 0 0
2202 -0.170219 -0.00903783 0.01 67 68 0 0 0
2203 -0.132139 -0.00931217 0.01 68 68 0 0 0
2205 -0.134098 -0.0094344 0.01 67 67 0 0 0
2206 -0.186285 -0.00919583 0.01 77 77 0 0 0
2207 -0.191602 -0.00912395 0.01 76 77 0 0 0
2208 -0.16017 -0.00856803 0.01 75 75 0 0 0
2209 -0.136697 -0.00769378 0.01 72 72 0 0 0
2210 -0.206422 -0.00861781 0.01 76 76 0 0 0
2211 -0.149652 -0.00936704 0.01 67 67 0 0 0
2213 -0.131471 -0.00942791 0.01 68 69 0 0 0
2215 -0.139548 -0.00809982 0.01 69 69 0 0 0
2219 -0.145473 -0.00928656 0.01 76 76 0 0 0
2220 -0.152255 -0.0087378 0.01 69 69 0 0 0
2221 -0.197521 -0.00861781 0.01 75 75 0 0 0
2223 -0.195253 -0.00847547 0.01 77 76 -0.000162095 0 -0.000223096
2224 -0.140154 -0.00912381 0.01 68 68 0 0 0
2225 -0.183359 -0.00905102 0.01 69 69 0 0 0
2226 -0.131566 -0.00890179 0.01 67 67 0 0 0
2227 -0.123933 -0.00906594 0.01 77 77 0 0 0
2228 -0.166469 -0.00858559 0.01 67 67 0 0 0
2229 -0.152316 -0.00967478 0.01 72 72 0 0 0
2233 -0.177347 -0.00926369 0.01 76 76 0 0 0
2234 -0.121745 -0.00922771 0.01 69 69 0 0 0
2235 -0.205015 -0.00926766 0.01 76 76 0 0 0
2237 -0.134098 -0.00931217 0.01 67 67 0 0 0
2238 -0.125011 -0.0088241 0.01 68 67 0 0 0
2239 -0.111369 -0.00890285 0.01 68 68 0 0 0
2240 -0.182474 -0.00910719 0.01 76 76 0 0 0
2242 -0.127108 -0.00884519 0.01 67 67 0 0 0
2244 -0.210053 -0.00885928 0.01 75 75 0 0 0
2245 -0.125011 -0.00880452 0.01 67 67 1.43051e-05 0 1.95773e-05
2247 -0.127108 -0.00884519 0.01 68 68 0 0 0
2248 -0.143828 -0.00910991 0.01 68 67 0 0 0
2249 -0.158293 -0.00909211 0.01 75 75 0 0 0
2250 -0.186285 -0.00890851 0.01 72 73 0 0 0
2251 -0.143828 -0.00910991 0.01 69 69 0 0 0
2252 -0.140154 -0.00890179 0.01 69 70 0 0 0
2254 -0.186285 -0.00919583 0.01 77 76 0 0 0
2255 -0.134098 -0.00931217 0.01 67 67 0 0 0
2257 -0.166469 -0.00858559 0.01 67 67 0 0 0
2259 -0.136733 -0.00890179 0.01 67 67 0 0 0
2261 -0.206422 -0.00861781 0.01 76 76 0 0 0
2262 -0.17902 -0.0086556 0.01 76 76 0 0 0
2263 -0.169243 -0.00912038 0.01 76 76 0 0 0
2264 -0.11319 -0.00909979 0.01 68 69 0 0 0
2265 -0.195623 -0.00920034 0.01 72 72 0 0 0
2266 -0.170477 -0.00851972 0.01 68 68 0 0 0
2267 -0.183359 -0.00883027 0.01 68 68 0 0 0
2268 -0.183359 -0.00883027 0.01 68 68 0 0 0
2269 -0.131074 -0.00890179 0.01 68 68 -0.000101686 0.000491485 0
2273 -0.155428 -0.00935086 0.01 76 75 0 0 0
2276 -0.231457 -0.00861781 0.01 76 77 0 0 0
2282 -0.134098 -0.00900374 0.01 68 69 0 0 0
2283 -0.149652 -0.00936704 0.01 69 69 0 0 0
2285 -0.122261 -0.0086353 0.01 68 68 0 0 0
2287 -0.160884 -0.00958289 0.01 75 75 0 0 0
2288 -0.195972 -0.00907207 0.01 75 75 0 0 0
2290 -0.186285 -0.00919583 0.01 77 77 0 0 0
2291 -0.115971 -0.00890179 0.01 67 67 0 0 0
2292 -0.134098 -0.00933579 0.01 69 69 0 0 0
2293 -0.195972 -0.00896523 0.01 77 77 0 0 0
2294 -0.136697 -0.00769378 0.01 72 72 0 0 0
2295 -0.186285 -0.00890851 0.01 72 72 0 0 0
2296 -0.150217 -0.0087378 0.01 67 67 0 0 0
2297 -0.140154 -0.00887934 0.01 67 67 0 0 0
2298 -0.115971 -0.00890179 0.01 68 68 0 0 0
2300 -0.231457 -0.00861781 0.01 77 77 0 0 0
2303 -0.140762 -0.00857579 0.01 69 69 0 0 0
2305 -0.183359 -0.00905102 0.01 72 72 0 0 0
2308 -0.123102 -0.00916999 0.01 72 72 0 0 0
2312 -0.182279 -0.00890527 0.01 69 69 0 0 0
2314 -0.170219 -0.00903783 0.01 69 68 0 0 0
2316 -0.125081 -0.00890387 0.01 68 68 0 0 0
2317 -0.163204 -0.00923979 0.01 72 72 0 0 0
2318 -0.182279 -0.00890527 0.01 69 69 0 0 0
2319 -0.163204 -0.00878791 0.01 72 72 0 0 0
2321 -0.163204 -0.00861316 0.01 72 71 0 0 0
2322 -0.231457 -0.00861781 0.01 76 76 0 0 0
2323 -0.177347 -0.00926369 0.01 77 76 0 0 0
2324 -0.140154 -0.0093197 0.01 68 68 0 0 0
2327 -0.145473 -0.00928656 0.01 76 76 0 0 0
2328 -0.166364 -0.0087378 0.01 67 67 0 0 0
2330 -0.170253 -0.00928457 0.01 72 72 0 0 0
2333 -0.134098 -0.00913238 0.01 68 68 0 0 0
2338 -0.143828 -0.00910991 0.01 67 67 0 0 0
2339 -0.166364 -0.0087378 0.01 69 67 0 0 0
2343 -0.173974 -0.00906924 0.01 75 75 0 0 0
2346 -0.134098 -0.00965703 0.01 69 69 0 0 0
2347 -0.123933 -0.00906594 0.01 75 75 0 0 0
2348 -0.125045 -0.00870849 0.01 75 75 0 0 0
2349 -0.155428 -0.00935086 0.01 75 75 0 0 0
2352 -0.187932 -0.00951161 0.01 72 72 -8.21352e-05 0 -0.000204039
2354 -0.183359 -0.00905102 0.01 69 69 0 0 0
2355 -0.171291 -0.0089377 0.01 76 76 0 0 0
2359 -0.123933 -0.00906594 0.01 77 77 0 0 0
2360 -0.203865 -0.00861781 0.01 76 76 0 0 0
2361 -0.123933 -0.00906594 0.01 77 77 0 0 0
2362 -0.187932 -0.00930757 0.01 75 75 0 0 0
2363 -0.131566 -0.00890179 0.01 67 67 0 0 0
2364 -0.185322 -0.00844052 0.01 77 77 0 0 0
2365 -0.223797 -0.00885928 0.01 69 70 0 0 0
2366 -0.134098 -0.00931217 0.01 69 70 0 0 0
2368 -0.174298 -0.0089841 0.01 69 69 0 0 0
2369 -0.168839 -0.00927179 0.01 76 76 0 0 0
2370 -0.128674 -0.00881492 0.01 69 69 0 0 0
2371 -0.164918 -0.00845088 0.01 72 72 0 0 0
2373 -0.220554 -0.00930757 0.01 76 76 0 0 0
2374 -0.134098 -0.00965703 0.01 67 67 0 0 0
2375 -0.150217 -0.0087378 0.01 67 67 0 0 0
2376 -0.195972 -0.00907207 0.01 75 75 0 0 0
2378 -0.127108 -0.00884519 0.01 67 67 0 0 0
2380 -0.114386 -0.00928865 0.01 68 68 0 0 0
2381 -0.190671 -0.00919583 0.01 76 76 0 0 0
2382 -0.191282 -0.00898802 0.01 76 76 0 0 0
2383 -0.195008 -0.00882788 0.01 75 75 -0.00100362 0.0154577 0
2386 -0.150217 -0.0087378 0.01 69 68 0 0 0
2387 -0.131566 -0.00890179 0.01 69 69 0 0 0
2388 -0.114386 -0.00928865 0.01 68 68 0 0 0
2389 -0.205015 -0.00907582 0.01 76 76 0 0 0
2390 -0.221711 -0.00930757 0.01 76 76 0 0 0
2391 -0.160844 -0.00904954 0.01 75 75 -0.00141677 0.00495337 0
2392 -0.186285 -0.00890851 0.01 72 72 0 0 0
2394 -0.158297 -0.00905102 0.01 68 68 0 0 0
2396 -0.141118 -0.00890179 0.01 68 68 0 0 0
2397 -0.186285 -0.00919583 0.01 75 76 0 0 0
2399 -0.148415 -0.00883117 0.01 76 76 0 0 0
2401 -0.140762 -0.00857579 0.01 69 69 0 0 0
2402 -0.155459 -0.00890179 0.01 72 72 0 0 0
2403 -0.16571 -0.00910719 0.01 72 71 0 0 0
2404 -0.139299 -0.00950049 0.01 68 68 0 0 0
2405 -0.135653 -0.00874181 0.01 72 72 0 0 0
2406 -0.141778 -0.00863465 0.01 69 69 0 0 0
2407 -0.131566 -0.00890179 0.01 67 67 0 0 0
2410 -0.121745 -0.00894115 0.01 68 69 0.000470698 0 0.000286559
2411 -0.179959 -0.00868961 0.01 77 77 0 0 0
2412 -0.134098 -0.00931217 0.01 67 67 0 0 0
2413 -0.13896 -0.00925833 0.01 77 77 0 0 0
2415 -0.149652 -0.00947078 0.01 68 68 -4.74751e-05 0 -0.000103734
2417 -0.136733 -0.00878295 0.01 68 68 8.01682e-05 0 0.000118831
2418 -0.157747 -0.00927682 0.01 68 68 0 0 0
2420 -0.165205 -0.00826298 0.01 69 69 0 0 0
2422 -0.166364 -0.00876511 0.01 67 67 0 0 0
2423 -0.165621 -0.00895248 0.01 72 72 0 0 0
2424 -0.175363 -0.00929874 0.01 68 68 0 0 0
2425 -0.150217 -0.0087378 0.01 67 67 0 0 0
2427 -0.136978 -0.00910719 0.01 75 75 0 0 0
2428 -0.231457 -0.00861781 0.01 77 77 0 0 0
2431 -0.139252 -0.00936704 0.01 68 70 0 0 0
2433 -0.191602 -0.00912395 0.01 77 77 0 0 0
2435 -0.134098 -0.00931217 0.01 69 69 0 0 0
2436 -0.150217 -0.0087378 0.01 67 67 0 0 0
2437 -0.117944 -0.0089562 0.01 67 67 0 0 0
2439 -0.175363 -0.00929874 0.01 68 68 0 0 0
2440 -0.136978 -0.00910719 0.01 75 75 0 0 0
2442 -0.139052 -0.00937931 0.01 69 69 0 0 0
2443 -0.151221 -0.00857579 0.01 69 69 0 0 0
2444 -0.155831 -0.00904501 0.01 69 69 0 0 0
2445 -0.136733 -0.00890179 0.01 68 68 0 0 0
2446 -0.16017 -0.00856803 0.01 75 75 0 0 0
2447 -0.19825 -0.008782 0.01 68 68 0 0 0
2448 -0.206422 -0.00861781 0.01 76 76 0 0 0
2450 -0.162598 -0.00868961 0.01 75 75 0 0 0
2452 -0.134098 -0.00931217 0.01 67 67 0 0 0
2453 -0.134098 -0.00931217 0.01 67 67 0 0 0
2455 -0.166364 -0.0087378 0.01 67 67 0 0 0
2456 -0.206422 -0.00879541 0.01 76 76 0 0 0
2458 -0.166364 -0.00876511 0.01 68 67 0 0 0
2459 -0.172255 -0.00878791 0.01 72 72 0 0 0
2462 -0.105955 -0.00872345 0.01 69 68 0 0 0
2463 -0.195972 -0.00863335 0.01 77 77 0 0 0
2464 -0.148039 -0.00928086 0.01 76 76 0 0 0
2466 -0.170219 -0.00903783 0.01 68 68 0 0 0
2467 -0.105955 -0.00872345 0.01 67 67 0 0 0
2468 -0.134098 -0.00931217 0.01 67 67 0 0 0
2469 -0.131902 -0.00909979 0.01 68 68 0 0 0
2470 -0.134098 -0.00931217 0.01 68 67 0 0 0
2471 -0.195972 -0.00861781 0.01 77 77 0 0 0
2472 -0.195972 -0.00861781 0.01 77 77 0 0 0
2473 -0.152688 -0.00910719 0.01 72 72 -0.00236835 0.013022 0
2476 -0.105955 -0.00872345 0.01 68 68 0 0 0
2479 -0.206422 -0.00879541 0.01 77 77 0 0 0
2480 -0.139679 -0.00939099 0.01 77 77 0 0 0
2481 -0.140154 -0.00887934 0.01 67 67 0 0 0
2483 -0.147805 -0.00939099 0.01 77 77 0.00731072 -0.00812602 0
2484 -0.195623 -0.00930757 0.01 72 72 0 0 0
2487 -0.170349 -0.00898195 0.01 75 75 0 0 0
2488 -0.16017 -0.00851972 0.01 69 69 0 0 0
2490 -0.22492 -0.00930757 0.01 76 76 0 0 0
2491 -0.134098 -0.00931217 0.01 67 67 0 0 0
2492 -0.195253 -0.00885928 0.01 69 69 0 0 0
2493 -0.186285 -0.00919583 0.01 75 75 0 0 0
2496 -0.131074 -0.00890179 0.01 68 68 0 0 0
2497 -0.170253 -0.00928457 0.01 72 72 0 0 0
2499 -0.168737 -0.00868912 0.01 76 76 0 0 0
2500 -0.191602 -0.00912395 0.01 76 76 0 0 0
2501 -0.165621 -0.00895248 0.01 72 72 0 0 0
2503 -0.161346 -0.00935086 0.01 76 76 0 0 0
2505 -0.197521 -0.00861781 0.01 75 75 0 0 0
2506 -0.142214 -0.00936704 0.01 67 67 0.00113407 -0.00811568 0
2507 -0.117944 -0.00899986 0.01 68 68 0 0 0
2509 -0.0973426 -0.00890285 0.01 68 68 0 0 0
2510 -0.186285 -0.00890851 0.01 72 72 0 0 0
2511 -0.125081 -0.00869049 0.01 69 69 0 0 0
2513 -0.173974 -0.00906924 0.01 77 75 0 0 0
2518 -0.119209 -0.00939099 0.01 75 75 0 0 0
2524 -0.210053 -0.00885928 0.01 75 75 0 0 0
2525 -0.195972 -0.00878133 0.01 76 76 0 0 0
2527 -0.179218 -0.00891637 0.01 75 75 0 0 0
2528 -0.143828 -0.00921881 0.01 69 69 0 0 0
2531 -0.113027 -0.00931217 0.01 67 67 0 0 0
2532 -0.16571 -0.00913691 0.01 76 75 0 0 0
2533 -0.105955 -0.00872345 0.01 67 67 0 0 0
2535 -0.195253 -0.00885928 0.01 68 69 0 0 0
2537 -0.134098 -0.00934831 0.01 69 69 0 0 0
2538 -0.187932 -0.00970522 0.01 76 76 -0.000278622 0 -0.000204406
2539 -0.139052 -0.00937931 0.01 69 71 0 0 0
2540 -0.152255 -0.0087378 0.01 69 69 0 0 0
2542 -0.142874 -0.00846437 0.01 67 67 0 0 0
2543 -0.195972 -0.00861781 0.01 72 72 0 0 0
2545 -0.132139 -0.00931217 0.01 68 68 0 0 0
2546 -0.170253 -0.00928457 0.01 72 72 0 0 0
2547 -0.16017 -0.00855268 0.01 69 69 0 0 0
2548 -0.182279 -0.00903493 0.01 69 69 0 0 0
2549 -0.206422 -0.00861781 0.01 77 77 0 0 0
2550 -0.138174 -0.00855752 0.01 75 75 0 0 0
2551 -0.195972 -0.00878133 0.01 76 76 0 0 0
2552 -0.122942 -0.00910719 0.01 75 75 0 0 0
2554 -0.152255 -0.0087378 0.01 69 69 0 0 0
2555 -0.124562 -0.00931217 0.01 68 68 0 0 0
2556 -0.176364 -0.00899351 0.01 76 76 0 0 0
2559 -0.205976 -0.00907582 0.01 76 76 0 0 0
2561 -0.127108 -0.00895709 0.01 67 67 0 0 0
2562 -0.136733 -0.00890179 0.01 67 67 0 0 0
2563 -0.163204 -0.00861316 0.01 72 72 0 0 0
2564 -0.16571 -0.00934624 0.01 72 72 0 0 0
2565 -0.176819 -0.0089841 0.01 72 72 0 0 0
2567 -0.170253 -0.00928457 0.01 72 72 0 0 0
2569 -0.127108 -0.00919825 0.01 68 68 0 0 0
2572 -0.131612 -0.00920793 0.01 72 72 0 0 0
2574 -0.195972 -0.00861781 0.01 77 77 0 0 0
2576 -0.162726 -0.00873546 0.01 75 75 0 0 0
2578 -0.161346 -0.00935086 0.01 75 76 0 0 0
2579 -0.149806 -0.00909979 0.01 69 69 0 0 0
2580 -0.105955 -0.00801037 0.01 67 67 0 0 0
2581 -0.139679 -0.00939099 0.01 77 77 0 0 0
2584 -0.174298 -0.0089841 0.01 69 69 0 0 0
2585 -0.190099 -0.00882788 0.01 72 72 0 0 0
2586 -0.195972 -0.00896398 0.01 75 75 0 0 0
2587 -0.136548 -0.00877876 0.01 77 77 0 0 0
2590 -0.144799 -0.00838153 0.01 75 75 0 0 0
2591 -0.149652 -0.00936704 0.01 68 68 0 0 0
2592 -0.16571 -0.00910719 0.01 72 72 0 0 0
2593 -0.134098 -0.00979768 0.01 68 68 0 0 0
2594 -0.169243 -0.00912038 0.01 76 76 0 0 0
2595 -0.159713 -0.00890679 0.01 72 72 0 0 0
2596 -0.131612 -0.00920793 0.01 72 72 0 0 0
2599 -0.210466 -0.00882788 0.01 76 75 0 0 0
2600 -0.123933 -0.00906594 0.01 77 77 0 0 0
2601 -0.117944 -0.0089562 0.01 67 67 0 0 0
2602 -0.130201 -0.00873105 0.01 69 69 0 0 0
2604 -0.150217 -0.0087378 0.01 67 67 0 0 0
2605 -0.18101 -0.00928457 0.01 72 72 0.00111318 -0.0107569 0
2606 -0.195253 -0.00825237 0.01 75 75 0 0 0
2607 -0.206804 -0.00861781 0.01 75 76 0 0 0
2610 -0.160884 -0.00901952 0.01 76 76 0 0 0
2612 -0.21781 -0.00857767 0.01 72 73 0 0 0
2613 -0.150217 -0.00856719 0.01 68 68 0 0 0
2615 -0.231457 -0.00861781 0.01 77 77 0 0 0
2616 -0.231457 -0.00861781 0.01 77 77 0 0 0
2617 -0.186285 -0.00919583 0.01 77 77 0 0 0
2619 -0.190099 -0.00882788 0.01 72 72 0 0 0
2620 -0.134098 -0.00958012 0.01 69 69 0 0 0
2622 -0.163938 -0.00880506 0.01 75 75 0 0 0
2623 -0.195972 -0.00878133 0.01 75 75 0 0 0
2624 -0.175363 -0.00929874 0.01 68 68 0 0 0
2625 -0.168839 -0.00927179 0.01 76 76 0 0 0
2628 -0.170253 -0.00928457 0.01 72 72 0 0 0
2629 -0.182279 -0.00889512 0.01 67 67 0 0 0
2630 -0.22492 -0.00923156 0.01 76 76 0 0 0
2631 -0.136978 -0.00910719 0.01 75 75 0 0 0
2632 -0.165205 -0.00826298 0.01 72 72 0 0 0
2634 -0.160177 -0.00902761 0.01 72 72 0 0 0
2635 -0.134098 -0.00933579 0.01 69 69 1.39028e-05 0 1.25207e-05
2636 -0.194011 -0.00930159 0.01 68 68 8.38488e-05 -0.00364612 0
2638 -0.105955 -0.00858612 0.01 68 68 0.000264853 0 0.000137326
2640 -0.195972 -0.00868912 0.01 76 76 0 0 0
2641 -0.175363 -0.00923066 0.01 68 68 0 0 0
2642 -0.117944 -0.0089562 0.01 67 67 0 0 0
2643 -0.158702 -0.00905102 0.01 67 67 0.000368595 -0.00533129 0
2644 -0.191602 -0.00900322 0.01 77 77 0 0 0
2645 -0.20426 -0.00869324 0.01 77 77 0 0 0
2646 -0.153371 -0.00905102 0.01 67 67 0 0 0
2649 -0.143828 -0.00910991 0.01 69 69 0 0 0
2650 -0.206422 -0.00861781 0.01 76 76 0 0 0
2651 -0.195972 -0.00907207 0.01 75 76 0 0 0
2652 -0.180039 -0.00861781 0.01 76 76 0 0 0
2653 -0.134098 -0.00931217 0.01 68 68 0 0 0
2654 -0.117944 -0.0089562 0.01 67 67 0 0 0
2655 -0.182279 -0.00858387 0.01 68 68 0 0 0
2656 -0.187932 -0.00930757 0.01 75 75 0 0 0
2658 -0.186285 -0.00919583 0.01 75 75 0 0 0
2659 -0.153371 -0.00905102 0.01 67 67 0 0 0
2661 -0.114386 -0.00928865 0.01 69 67 0 0 0
2662 -0.22492 -0.00930757 0.01 76 76 0 0 0
2664 -0.195972 -0.00873821 0.01 72 73 0 0 0
2665 -0.186334 -0.00904017 0.01 72 71 0 0 0
2668 -0.186285 -0.00890851 0.01 72 72 0 0 0
2669 -0.205976 -0.00907582 0.01 76 76 0 0 0
2670 -0.146729 -0.00841629 0.01 67 68 0 0 0
2671 -0.22492 -0.00930757 0.01 76 76 0 0 0
2672 -0.0973426 -0.00890285 0.01 68 68 0 0 0
2673 -0.187932 -0.00930757 0.01 76 76 0 0 0
2674 -0.170219 -0.00903783 0.01 68 68 0 0 0
2675 -0.13012 -0.00794741 0.01 75 75 0 0 0
2677 -0.129249 -0.00935211 0.01 69 69 0 0 0
2678 -0.186536 -0.00863335 0.01 77 77 0 0 0
2680 -0.209348 -0.00861781 0.01 77 77 0 0 0
2682 -0.189679 -0.00878133 0.01 76 76 -0.000707507 0.00629286 0
2684 -0.187873 -0.00865725 0.01 75 75 0 0 0
2687 -0.171291 -0.0089377 0.01 76 76 0 0 0
2688 -0.185322 -0.00844052 0.01 77 77 0 0 0
2690 -0.176364 -0.00911241 0.01 76 76 0 0 0
2693 -0.136733 -0.00890179 0.01 67 68 0 0 0
2695 -0.160884 -0.00907337 0.01 75 75 0 0 0
2698 -0.150217 -0.0087378 0.01 67 67 0 0 0
2699 -0.187873 -0.00865725 0.01 76 76 0 0 0
2702 -0.16571 -0.00921111 0.01 72 72 0 0 0
2704 -0.20426 -0.00869324 0.01 77 77 0 0 0
2705 -0.143828 -0.00910991 0.01 67 67 0 0 0
2711 -0.186285 -0.00889583 0.01 76 76 0.0003694 0 0.000299999
2712 -0.170253 -0.00928457 0.01 72 72 0 0 0
2714 -0.134098 -0.00931217 0.01 68 68 0 0 0
2717 -0.206422 -0.00861781 0.01 76 76 0 0 0
2719 -0.195972 -0.00861781 0.01 72 72 0 0 0
2720 -0.131902 -0.00909979 0.01 68 69 0 0 0
2723 -0.166469 -0.00858559 0.01 68 67 0 0 0
2724 -0.166364 -0.0087378 0.01 67 67 0 0 0
2725 -0.148415 -0.00883117 0.01 76 77 0 0 0
2726 -0.134098 -0.00931217 0.01 67 67 0 0 0
2728 -0.197521 -0.00861781 0.01 75 75 0 0 0
2730 -0.125011 -0.00885403 0.01 68 68 0 0 0
2733 -0.151976 -0.00904501 0.01 69 69 0 0 0
2735 -0.168839 -0.00927179 0.01 76 76 0 0 0
2736 -0.170477 -0.00851972 0.01 68 68 0 0 0
2737 -0.161956 -0.00902261 0.01 76 76 0 0 0
2739 -0.164918 -0.00845088 0.01 72 72 0 0 0
2740 -0.186285 -0.00919583 0.01 75 75 0 0 0
2741 -0.187513 -0.00864843 0.01 72 72 0 0 0
2744 -0.205015 -0.00926766 0.01 76 76 0 0 0
2745 -0.16017 -0.00835331 0.01 72 72 0 0 0
2746 -0.16017 -0.00851972 0.01 69 69 0 0 0
2747 -0.136984 -0.00849934 0.01 69 69 0 0 0
2751 -0.169243 -0.00962751 0.01 76 76 -0.00126469 0 -0.00050713
2754 -0.125081 -0.00890387 0.01 68 68 0 0 0
2757 -0.143828 -0.00910991 0.01 68 68 0 0 0
2761 -0.152255 -0.0087378 0.01 69 69 0 0 0
2762 -0.13896 -0.00925833 0.01 77 77 0 0 0
2763 -0.134098 -0.00931217 0.01 67 67 0 0 0
2765 -0.134098 -0.0094344 0.01 67 67 0 0 0
2769 -0.182474 -0.00910719 0.01 75 75 0 0 0
2771 -0.139052 -0.0095571 0.01 72 72 0 0 0
2772 -0.194799 -0.00905102 0.01 72 71 0 0 0
2773 -0.149652 -0.00936704 0.01 68 68 0 0 0
2775 -0.125695 -0.00917078 0.01 76 76 0 0 0
2776 -0.18897 -0.00845589 0.01 77 77 0 0 0
2777 -0.195972 -0.00868912 0.01 76 76 0 0 0
2778 -0.143125 -0.00910719 0.01 72 72 0 0 0
2780 -0.16017 -0.00856803 0.01 75 75 0 0 0
2784 -0.150217 -0.0087378 0.01 67 67 0 0 0
2785 -0.105955 -0.00872345 0.01 67 67 0 0 0
2786 -0.150217 -0.0087378 0.01 68 67 0 0 0
2787 -0.134098 -0.00979768 0.01 68 68 0 0 0
2788 -0.195253 -0.00821193 0.01 75 75 0 0 0
2789 -0.18897 -0.00845589 0.01 76 76 0 0 0
2791 -0.163811 -0.00890679 0.01 72 72 0 0 0
2792 -0.209348 -0.00861781 0.01 77 77 0 0 0
2794 -0.134098 -0.0094344 0.01 68 67 0 0 0
2796 -0.13012 -0.00794741 0.01 75 75 0 0 0
2797 -0.215098 -0.00861781 0.01 75 76 0 0 0
2799 -0.140154 -0.00890179 0.01 72 70 0 0 0
2800 -0.187873 -0.00865725 0.01 76 76 0 0 0
2801 -0.134098 -0.00965703 0.01 69 68 0 0 0
2802 -0.117944 -0.0089562 0.01 68 68 0 0 0
2804 -0.163341 -0.00906606 0.01 76 77 0 0 0
2805 -0.168867 -0.00858559 0.01 67 67 0 0 0
2808 -0.150115 -0.00807267 0.01 72 72 0 0 0
2809 -0.149652 -0.00936704 0.01 68 68 0 0 0
2811 -0.187513 -0.00864843 0.01 72 72 0 0 0
2812 -0.163938 -0.00880506 0.01 75 75 0 0 0
2813 -0.170219 -0.00903783 0.01 69 69 0 0 0
2819 -0.134098 -0.00913238 0.01 67 67 0 0 0
2822 -0.105955 -0.00872345 0.01 67 67 0 0 0
2823 -0.183303 -0.00903783 0.01 69 69 0 0 0
2825 -0.158293 -0.00909211 0.01 75 75 0 0 0
2826 -0.174298 -0.0089841 0.01 69 69 0 0 0
2828 -0.143125 -0.00910719 0.01 72 72 0 0 0
2830 -0.139679 -0.00939099 0.01 77 77 0 0 0
2833 -0.107168 -0.00873341 0.01 69 69 0 0 0
2836 -0.144799 -0.00851506 0.01 75 74 0 0 0
2837 -0.22492 -0.00930757 0.01 76 76 0 0 0
2839 -0.143828 -0.00910991 0.01 68 68 0 0 0
2840 -0.140979 -0.00965703 0.01 68 68 0 0 0
2841 -0.141118 -0.00890179 0.01 68 68 0 0 0
2842 -0.124562 -0.00931217 0.01 68 68 0 0 0
2843 -0.155073 -0.00857579 0.01 72 72 0 0 0
2846 -0.129203 -0.00894602 0.01 68 68 0 0 0
2847 -0.134098 -0.00900374 0.01 68 68 0 0 0
2848 -0.132774 -0.00968374 0.01 68 68 0 0 0
2849 -0.134098 -0.00931217 0.01 68 69 0 0 0
2851 -0.209348 -0.00861781 0.01 77 77 0 0 0
2852 -0.143828 -0.00910991 0.01 68 68 0 0 0
2857 -0.170253 -0.00927327 0.01 76 76 0 0 0
2859 -0.144799 -0.00838153 0.01 75 75 0 0 0
2861 -0.155428 -0.00935086 0.01 76 76 0 0 0
2862 -0.195972 -0.00861781 0.01 77 77 0 0 0
2863 -0.160884 -0.00907337 0.01 75 75 0 0 0
2864 -0.182474 -0.00910719 0.01 76 76 0 0 0
2865 -0.186285 -0.00890851 0.01 72 72 0 0 0
2866 -0.197521 -0.00861781 0.01 75 75 0 0 0
2867 -0.119209 -0.00939099 0.01 76 76 0 0 0
2869 -0.119209 -0.00939099 0.01 75 74 0 0 0
2871 -0.125081 -0.00869049 0.01 69 69 0 0 0
2873 -0.182141 -0.00860552 0.01 76 76 0 0 0
2875 -0.122463 -0.00917078 0.01 72 72 0 0 0
2876 -0.17902 -0.0086556 0.01 76 76 0 0 0
2877 -0.139679 -0.00939099 0.01 77 77 0 0 0
2879 -0.162684 -0.00902761 0.01 72 72 0 0 0
2881 -0.163341 -0.00908377 0.01 77 77 0 0 0
2882 -0.149806 -0.00909979 0.01 69 69 0 0 0
2885 -0.134098 -0.00931217 0.01 67 67 0 0 0
2887 -0.165621 -0.00895248 0.01 72 72 0 0 0
2890 -0.191602 -0.00912395 0.01 76 77 0 0 0
2892 -0.141683 -0.0101196 0.01 68 68 0 0 0
2894 -0.122166 -0.00880221 0.01 69 69 0 0 0
2895 -0.191602 -0.00868961 0.01 75 75 0 0 0
2896 -0.165621 -0.00895248 0.01 72 72 0 0 0
2897 -0.134098 -0.00960963 0.01 68 68 0 0 0
2898 -0.176819 -0.0089841 0.01 72 72 0 0 0
2899 -0.187932 -0.00930757 0.01 72 72 0 0 0
2900 -0.150217 -0.0087378 0.01 67 67 0 0 0
2901 -0.150217 -0.0087378 0.01 67 67 0 0 0
2902 -0.170219 -0.00903783 0.01 69 69 0 0 0
2910 -0.231457 -0.00861781 0.01 77 77 0 0 0
2911 -0.166469 -0.00858559 0.01 68 68 0 0 0
2912 -0.182279 -0.00889512 0.01 67 67 0 0 0
2914 -0.195972 -0.00861781 0.01 77 77 0 0 0
2917 -0.190893 -0.00871024 0.01 75 75 0 0 0
2918 -0.195972 -0.00861781 0.01 77 77 0 0 0
2919 -0.195253 -0.00885928 0.01 72 72 0 0 0
2920 -0.22492 -0.00930757 0.01 77 77 0 0 0
2921 -0.134098 -0.00931217 0.01 69 69 0 0 0
2922 -0.155428 -0.00935086 0.01 75 75 0 0 0
2923 -0.17902 -0.0086556 0.01 76 76 0 0 0
2927 -0.182279 -0.008895 0.01 68 68 0 0 0
2928 -0.195972 -0.00896398 0.01 76 76 0 0 0
2930 -0.182474 -0.00910719 0.01 75 75 0 0 0
2932 -0.236206 -0.00898721 0.01 75 75 0.000457376 -0.0169899 0
2933 -0.206422 -0.00861781 0.01 76 76 0 0 0
2934 -0.127108 -0.00919825 0.01 68 67 0 0 0
2936 -0.195972 -0.00861781 0.01 77 77 0 0 0
2937 -0.143125 -0.00910719 0.01 72 72 0 0 0
2939 -0.145473 -0.00928656 0.01 76 76 0 0 0
2940 -0.164918 -0.00845088 0.01 72 72 0 0 0
2941 -0.117944 -0.0089562 0.01 67 67 0 0 0
2942 -0.16017 -0.00856803 0.01 75 75 0 0 0
2945 -0.205015 -0.00907582 0.01 75 75 0 0 0
2947 -0.164372 -0.00950231 0.01 77 77 0 0 0
2949 -0.182474 -0.00910719 0.01 75 75 0 0 0
2951 -0.143828 -0.00910991 0.01 68 67 0 0 0
2952 -0.162598 -0.00868961 0.01 75 75 0 0 0
2953 -0.195972 -0.00861781 0.01 77 77 0 0 0
2954 -0.166364 -0.00876511 0.01 67 67 0 0 0
2957 -0.13771 -0.00931217 0.01 69 69 0 0 0
2958 -0.165798 -0.00904954 0.01 75 75 0 0 0
2960 -0.156184 -0.00910991 0.01 67 67 0 0 0
2961 -0.155459 -0.00890179 0.01 72 72 0.00401872 -0.0153052 0
2966 -0.221711 -0.00930757 0.01 75 75 0 0 0
2967 -0.169243 -0.00912038 0.01 76 76 0 0 0
2968 -0.186285 -0.00890851 0.01 76 75 0 0 0
2969 -0.148415 -0.00883117 0.01 76 76 0 0 0
2970 -0.105955 -0.00872345 0.01 68 68 0 0 0
2971 -0.166364 -0.0087378 0.01 69 69 0 0 0
2972 -0.134098 -0.00931217 0.01 67 67 0 0 0
2973 -0.186285 -0.00890851 0.01 72 72 0 0 0
2974 -0.136733 -0.00890179 0.01 67 67 0 0 0
2975 -0.114524 -0.00928865 0.01 67 67 0 0 0
2977 -0.195972 -0.00893126 0.01 77 77 -0.000326902 0 -0.000313457
2978 -0.182279 -0.00903493 0.01 69 68 0 0 0
2979 -0.170219 -0.00903783 0.01 67 67 0 0 0
2980 -0.140762 -0.00857579 0.01 69 69 0 0 0
2981 -0.115971 -0.00890179 0.01 67 67 0 0 0
2984 -0.187513 -0.00864843 0.01 72 72 0 0 0
2985 -0.140762 -0.00857579 0.01 69 69 0 0 0
2986 -0.139548 -0.00809982 0.01 68 68 0 0 0
2987 -0.187873 -0.00865725 0.01 76 76 0 0 0
2991 -0.205015 -0.00907582 0.01 75 75 0 0 0
2994 -0.176364 -0.00916777 0.01 76 76 -0.000100166 0 -5.53522e-05
2995 -0.160177 -0.00902761 0.01 72 72 0 0 0
2997 -0.186285 -0.00890851 0.01 72 72 0 0 0
2998 -0.236206 -0.00898721 0.01 75 75 0 0 0
2999 -0.134098 -0.00933579 0.01 69 69 0 0 0
3001 -0.171291 -0.0089377 0.01 76 76 0 0 0
3003 -0.12152 -0.00846437 0.01 67 67 0 0 0
3004 -0.206804 -0.0083195 0.01 76 76 0 0 0
3005 -0.195972 -0.00861781 0.01 77 77 0 0 0
3006 -0.163938 -0.00880506 0.01 75 75 0 0 0
3007 -0.204793 -0.00882788 0.01 68 68 0.00021258 -0.0125113 0
3011 -0.186285 -0.00919583 0.01 75 75 0 0 0
3012 -0.165621 -0.00895248 0.01 72 72 0 0 0
3013 -0.131418 -0.00827868 0.01 72 73 0 0 0
3014 -0.132124 -0.00894049 0.01 72 72 0 0 0
3015 -0.134098 -0.00965703 0.01 67 67 0 0 0
3017 -0.115971 -0.00890179 0.01 69 67 0 0 0
3018 -0.17902 -0.00890999 0.01 72 72 0 0 0
3020 -0.155073 -0.00857579 0.01 72 72 0 0 0
3021 -0.125011 -0.0088241 0.01 68 68 0 0 0
3023 -0.149806 -0.00909979 0.01 69 69 0 0 0
3024 -0.187513 -0.00864843 0.01 72 72 0 0 0
3026 -0.111369 -0.00890285 0.01 67 67 0 0 0
3028 -0.135364 -0.00883647 0.01 69 69 0 0 0
3029 -0.168867 -0.00858559 0.01 67 67 0 0 0
3030 -0.153371 -0.00905102 0.01 77 77 0 0 0
3031 -0.20426 -0.00869324 0.01 76 77 0 0 0
3033 -0.14055 -0.00910719 0.01 75 75 0 0 0
3034 -0.139679 -0.00939099 0.01 77 77 0 0 0
3035 -0.182474 -0.00910719 0.01 75 75 0 0 0
3036 -0.150217 -0.0087378 0.01 67 67 0 0 0
3040 -0.127108 -0.00895709 0.01 69 69 0 0 0
3042 -0.198547 -0.00925548 0.01 72 72 1.37389e-05 0 5.20842e-05
3043 -0.149652 -0.00936704 0.01 68 68 0 0 0
3044 -0.193955 -0.00869324 0.01 76 76 0 0 0
3045 -0.170253 -0.00927327 0.01 75 76 0 0 0
3047 -0.134098 -0.00931217 0.01 67 67 0 0 0
3048 -0.159713 -0.00890679 0.01 72 71 0 0 0
3050 -0.182279 -0.008895 0.01 68 68 0 0 0
3052 -0.182474 -0.00910719 0.01 75 75 0 0 0
3053 -0.164372 -0.00950231 0.01 77 77 0 0 0
3056 -0.170253 -0.00928457 0.01 72 72 0 0 0
3057 -0.156159 -0.00846437 0.01 67 67 0 0 0
3060 -0.156041 -0.00877865 0.01 67 67 0 0 0
3061 -0.174298 -0.0089841 0.01 69 69 0 0 0
3062 -0.187932 -0.00950081 0.01 77 77 0 0 0
3063 -0.191282 -0.00898802 0.01 76 76 0 0 0
3064 -0.195972 -0.00896523 0.01 76 76 0 0 0
3065 -0.195253 -0.00885928 0.01 69 69 0 0 0
3066 -0.143125 -0.00910719 0.01 72 72 0 0 0
3068 -0.139052 -0.00937931 0.01 72 72 0 0 0
3069 -0.139679 -0.00939099 0.01 77 77 0 0 0
3070 -0.209348 -0.00861781 0.01 77 77 0 0 0
3071 -0.195972 -0.00878133 0.01 76 76 0 0 0
3072 -0.209348 -0.00861781 0.01 77 77 0 0 0
3074 -0.166364 -0.00876511 0.01 68 68 0 0 0
3075 -0.171291 -0.0089377 0.01 76 76 0 0 0
3076 -0.140154 -0.0091236 0.01 69 69 0 0 0
3077 -0.156159 -0.00846437 0.01 67 67 0 0 0
3078 -0.136733 -0.00890179 0.01 68 68 0 0 0
3079 -0.139548 -0.00860095 0.01 72 72 0 0 0
3080 -0.150217 -0.0087378 0.01 67 67 0 0 0
3082 -0.16017 -0.00851972 0.01 69 69 0 0 0
3083 -0.166364 -0.00876511 0.01 67 67 0 0 0
3088 -0.185322 -0.00844052 0.01 77 77 0 0 0
3089 -0.122261 -0.0086353 0.01 68 68 0 0 0
3090 -0.210053 -0.00885928 0.01 75 75 0 0 0
3091 -0.147805 -0.00939099 0.01 77 77 0 0 0
3092 -0.139967 -0.00916999 0.01 72 72 0 0 0
3093 -0.134098 -0.00958012 0.01 69 69 0 0 0
3095 -0.17902 -0.0086556 0.01 76 76 0 0 0
3096 -0.195253 -0.00930757 0.01 76 75 0 0 0
3097 -0.22492 -0.00923156 0.01 77 76 0 0 0
3098 -0.190671 -0.00919583 0.01 76 76 0 0 0
3099 -0.160884 -0.00907337 0.01 75 75 0 0 0
3101 -0.127108 -0.00895709 0.01 69 69 0 0 0
3105 -0.131418 -0.00892272 0.01 69 69 0 0 0
3106 -0.182474 -0.00910719 0.01 76 76 0 0 0
3108 -0.209348 -0.00861781 0.01 77 77 0 0 0
3109 -0.121744 -0.00914587 0.01 69 69 0 0 0
3111 -0.212179 -0.00890311 0.01 76 76 0 0 0
3112 -0.163341 -0.00908377 0.01 76 76 0 0 0
3113 -0.134098 -0.00936704 0.01 69 69 0 0 0
3114 -0.20426 -0.00864828 0.01 76 76 0 0 0
3115 -0.160884 -0.00916871 0.01 76 76 0 0 0
3116 -0.149652 -0.00936704 0.01 69 70 0 0 0
3117 -0.19333 -0.008782 0.01 67 68 0 0 0
3118 -0.105955 -0.00872345 0.01 68 68 0 0 0
3121 -0.135364 -0.0082626 0.01 76 76 0 0 0
3122 -0.129203 -0.00894602 0.01 68 68 0 0 0
3124 -0.186304 -0.00903493 0.01 69 69 0.000148833 -0.00402425 0
3126 -0.195972 -0.00861781 0.01 77 77 0 0 0
3127 -0.182474 -0.00910719 0.01 77 77 0 0 0
3128 -0.176749 -0.00890851 0.01 72 73 0 0 0
3131 -0.179218 -0.00891637 0.01 75 75 0 0 0
3132 -0.195623 -0.00930757 0.01 72 72 0 0 0
3134 -0.109537 -0.0086411 0.01 69 68 0 0 0
3135 -0.195972 -0.00861781 0.01 77 77 0 0 0
3136 -0.187655 -0.00885701 0.01 76 77 0 0 0
3137 -0.195253 -0.00892952 0.01 75 75 0 0 0
3138 -0.209348 -0.00861781 0.01 77 77 0 0 0
3139 -0.158702 -0.00905102 0.01 67 67 0 0 0
3140 -0.139679 -0.00930477 0.01 76 76 0.000576019 0 8.62116e-05
3142 -0.16571 -0.00910719 0.01 72 72 0 0 0
3143 -0.202488 -0.00925113 0.01 72 72 0.000312835 -0.00723493 0
3146 -0.155428 -0.00935086 0.01 75 75 0 0 0
3149 -0.182279 -0.008895 0.01 68 68 0 0 0
3150 -0.186334 -0.00904017 0.01 72 71 0 0 0
3152 -0.107168 -0.00873341 0.01 68 69 0 0 0
3153 -0.193955 -0.00869324 0.01 76 76 0 0 0
3154 -0.153371 -0.00905102 0.01 75 75 0 0 0
3155 -0.182279 -0.008895 0.01 68 68 0 0 0
3156 -0.140762 -0.00857579 0.01 69 69 0 0 0
3157 -0.148039 -0.00928086 0.01 77 77 0 0 0
3160 -0.135364 -0.00883647 0.01 68 68 0 0 0
3165 -0.195253 -0.00892952 0.01 75 75 0 0 0
3167 -0.145823 -0.00969819 0.01 69 69 0 0 0
3168 -0.163938 -0.00880506 0.01 75 75 0 0 0
3169 -0.127108 -0.00884519 0.01 67 68 0 0 0
3170 -0.163204 -0.00861316 0.01 72 72 0 0 0
3171 -0.153371 -0.00905102 0.01 75 75 0 0 0
3173 -0.210562 -0.00861781 0.01 77 77 0 0 0
3174 -0.155428 -0.00935086 0.01 76 76 0 0 0
3176 -0.149652 -0.00936704 0.01 68 68 0 0 0
3177 -0.150217 -0.0087378 0.01 67 67 0 0 0
3178 -0.166364 -0.0087378 0.01 67 67 0 0 0
3180 -0.153371 -0.00905102 0.01 67 67 0 0 0
3181 -0.115971 -0.00890179 0.01 67 67 0 0 0
3182 -0.140762 -0.00857579 0.01 69 69 0 0 0
3185 -0.125011 -0.0088241 0.01 68 68 0 0 0
3186 -0.141778 -0.00863465 0.01 68 69 0 0 0
3187 -0.149652 -0.00936704 0.01 69 69 0 0 0
3188 -0.206422 -0.00861781 0.01 76 76 0 0 0
3189 -0.195972 -0.00891781 0.01 76 77 0 0 0
3191 -0.170219 -0.00903783 0.01 67 67 0 0 0
3193 -0.131902 -0.00909979 0.01 69 69 0 0 0
3194 -0.174161 -0.00903561 0.01 75 75 0 0 0
3196 -0.150217 -0.0087378 0.01 68 67 0 0 0
3197 -0.16017 -0.00856803 0.01 75 75 0 0 0
3198 -0.206422 -0.00879541 0.01 77 77 0 0 0
3199 -0.212179 -0.00890311 0.01 76 76 0 0 0
3200 -0.17902 -0.0086556 0.01 77 77 0 0 0
3201 -0.191282 -0.00898802 0.01 76 76 0 0 0
3202 -0.176364 -0.00899351 0.01 76 76 0 0 0
3203 -0.18681 -0.00929874 0.01 68 68 0 0 0
3204 -0.195972 -0.00861781 0.01 76 76 0 0 0
3205 -0.167796 -0.00858559 0.01 68 68 0 0 0
3207 -0.132774 -0.00968374 0.01 68 68 0 0 0
3208 -0.13012 -0.0082626 0.01 72 73 0 0 0
3209 -0.149652 -0.00936704 0.01 69 69 0 0 0
3210 -0.139967 -0.00916999 0.01 72 72 0 0 0
3211 -0.185322 -0.00844052 0.01 76 77 0 0 0
3214 -0.170617 -0.00876511 0.01 68 68 0.000219643 -0.00425264 0
3215 -0.210562 -0.00861781 0.01 77 77 0 0 0
3216 -0.205015 -0.00907582 0.01 76 76 0 0 0
3219 -0.205015 -0.00926766 0.01 76 76 0 0 0
3220 -0.186334 -0.00912508 0.01 67 67 0 0 0
3221 -0.219216 -0.00930757 0.01 76 76 0 0 0
3223 -0.170654 -0.00925159 0.01 68 68 -4.04567e-05 0 -0.000200567
3225 -0.22492 -0.00930757 0.01 76 76 0 0 0
3227 -0.139967 -0.00916999 0.01 72 72 0 0 0
3228 -0.179218 -0.00891637 0.01 75 75 0 0 0
3229 -0.195253 -0.00861741 0.01 75 73 0 0 0
3231 -0.195253 -0.00885928 0.01 69 70 0 0 0
3232 -0.132499 -0.00890179 0.01 69 68 0.0044592 -0.0165286 0
3233 -0.195972 -0.00891781 0.01 76 76 0 0 0
3234 -0.16571 -0.00910719 0.01 72 72 0 0 0
3235 -0.131902 -0.00909979 0.01 69 69 0 0 0
3236 -0.197521 -0.00861781 0.01 75 75 0 0 0
3237 -0.182279 -0.00903493 0.01 69 69 0 0 0
3238 -0.154129 -0.00868975 0.01 69 69 0 0 0
3240 -0.153811 -0.00909969 0.01 75 75 0 0 0
3241 -0.17902 -0.0086556 0.01 77 77 0 0 0
3242 -0.195972 -0.00861781 0.01 77 77 0 0 0
3243 -0.18897 -0.00845589 0.01 76 76 0 0 0
3245 -0.143828 -0.00910991 0.01 68 68 0 0 0
3246 -0.17566 -0.00905102 0.01 67 67 0 0 0
3247 -0.195972 -0.00878133 0.01 76 76 0 0 0
3248 -0.190099 -0.00882788 0.01 69 69 0 0 0
3249 -0.143208 -0.00881412 0.01 72 72 0 0 0
3250 -0.134098 -0.00917417 0.01 68 68 0 0 0
3252 -0.186285 -0.00890851 0.01 72 72 0 0 0
3255 -0.105955 -0.00801037 0.01 67 67 0 0 0
3257 -0.185322 -0.00856693 0.01 75 75 0 0 0
3259 -0.220554 -0.00930757 0.01 75 75 0 0 0
3260 -0.195972 -0.00878133 0.01 76 76 0 0 0
3261 -0.174298 -0.0089841 0.01 69 69 0 0 0
3264 -0.16017 -0.00856803 0.01 76 76 0 0 0
3266 -0.195972 -0.00863335 0.01 77 77 0 0 0
3267 -0.161346 -0.00935086 0.01 76 76 0 0 0
3269 -0.195972 -0.00907207 0.01 76 76 0 0 0
3271 -0.195972 -0.00861781 0.01 77 77 0 0 0
3272 -0.195972 -0.00861781 0.01 77 77 0 0 0
3273 -0.160884 -0.00958289 0.01 75 75 0 0 0
3274 -0.195972 -0.00861781 0.01 77 77 0 0 0
3275 -0.170219 -0.00903783 0.01 67 67 0 0 0
3276 -0.191602 -0.00912395 0.01 76 76 0 0 0
3277 -0.143828 -0.00910991 0.01 68 68 0 0 0
3278 -0.186285 -0.00890851 0.01 72 72 0 0 0
3279 -0.176364 -0.00899351 0.01 76 76 0 0 0
3280 -0.131902 -0.00909979 0.01 68 68 0 0 0
3281 -0.219216 -0.00930757 0.01 76 76 0 0 0
3282 -0.190099 -0.00882788 0.01 69 71 0 0 0
3286 -0.202999 -0.00882788 0.01 72 72 0 0 0
3287 -0.121744 -0.00914587 0.01 69 69 0 0 0
3288 -0.131566 -0.00890179 0.01 67 67 0 0 0
3289 -0.105955 -0.00872345 0.01 68 68 0 0 0
3292 -0.18306 -0.00874975 0.01 69 69 0 0 0
3293 -0.191602 -0.00912395 0.01 77 77 0 0 0
3294 -0.128513 -0.0086353 0.01 68 68 0 0 0
3297 -0.22492 -0.00930757 0.01 76 76 0 0 0
3298 -0.202999 -0.00882788 0.01 72 71 0 0 0
3299 -0.174161 -0.00890179 0.01 76 76 0.000249535 0 0.000133818
3302 -0.145153 -0.00919444 0.01 72 72 0 0 0
3303 -0.162684 -0.00902761 0.01 72 72 0 0 0
3309 -0.135364 -0.0082626 0.01 77 77 0 0 0
3310 -0.13012 -0.00794741 0.01 75 75 0 0 0
3314 -0.119209 -0.00958036 0.01 75 75 0 0 0
3315 -0.149652 -0.00936704 0.01 68 68 0 0 0
3316 -0.153371 -0.00905102 0.01 67 67 0 0 0
3318 -0.171882 -0.00924023 0.01 72 72 0 0 0
3319 -0.195972 -0.00878133 0.01 76 76 0 0 0
3320 -0.140979 -0.0100564 0.01 67 68 0 0 0
3322 -0.134098 -0.00913238 0.01 67 67 0 0 0
3323 -0.17902 -0.00890999 0.01 72 72 0 0 0
3326 -0.114524 -0.00928865 0.01 67 67 0 0 0
3327 -0.153371 -0.00905102 0.01 75 75 0 0 0
3329 -0.206422 -0.00861781 0.01 76 77 0 0 0
3330 -0.16571 -0.00934624 0.01 69 69 0 0 0
3332 -0.140154 -0.00890179 0.01 69 69 0 0 0
3333 -0.195972 -0.00861781 0.01 77 77 0 0 0
3334 -0.162726 -0.00873546 0.01 75 75 0 0 0
3338 -0.183359 -0.00883027 0.01 68 68 0 0 0
3340 -0.167884 -0.00865725 0.01 76 76 0 0 0
3342 -0.122261 -0.0086353 0.01 68 68 0 0 0
3344 -0.179218 -0.00891637 0.01 75 75 0 0 0
3345 -0.153371 -0.00905102 0.01 77 77 0 0 0
3346 -0.163341 -0.00908377 0.01 76 76 0 0 0
3347 -0.157831 -0.00890589 0.01 76 76 0.00652152 -0.0127839 0
3349 -0.143828 -0.00910991 0.01 67 67 0 0 0
3350 -0.162726 -0.00873546 0.01 72 72 0 0 0
3352 -0.143984 -0.00857579 0.01 75 74 0 0 0
3354 -0.127108 -0.00919825 0.01 68 67 0 0 0
3355 -0.183359 -0.00907496 0.01 68 68 -2.97576e-05 0 -0.000244692
3356 -0.203865 -0.00861781 0.01 76 77 0 0 0
3357 -0.140154 -0.00890179 0.01 69 69 0 0 0
3358 -0.170219 -0.00903783 0.01 68 67 0 0 0
3360 -0.186285 -0.00890851 0.01 75 75 0 0 0
3361 -0.166469 -0.00858559 0.01 68 68 0 0 0
3362 -0.195972 -0.00861781 0.01 72 72 0 0 0
3365 -0.148039 -0.00928086 0.01 75 75 0 0 0
3366 -0.166364 -0.00877621 0.01 68 67 0 0 0
3367 -0.175363 -0.00929874 0.01 69 68 0 0 0
3368 -0.125081 -0.00869049 0.01 67 67 0 0 0
3369 -0.136733 -0.00890179 0.01 67 67 0 0 0
3370 -0.197484 -0.0092005 0.01 69 69 0 0 0
3371 -0.187932 -0.00930757 0.01 75 75 0 0 0
3374 -0.195253 -0.00925113 0.01 69 69 0 0 0
3376 -0.18306 -0.00874975 0.01 69 69 0 0 0
3377 -0.19825 -0.008782 0.01 67 67 0 0 0
3378 -0.187365 -0.0089841 0.01 72 71 0 0 0
3379 -0.143125 -0.00910719 0.01 75 75 0 0 0
3380 -0.148795 -0.0087378 0.01 67 68 0 0 0
3381 -0.150217 -0.0087378 0.01 67 67 0 0 0
3382 -0.205015 -0.00907582 0.01 75 75 0 0 0
3383 -0.139052 -0.0095571 0.01 72 72 0 0 0
3384 -0.143828 -0.00910991 0.01 68 68 0 0 0
3385 -0.148039 -0.00928086 0.01 76 76 0 0 0
3387 -0.163341 -0.00908377 0.01 77 77 0 0 0
3389 -0.139679 -0.00939099 0.01 76 76 0 0 0
3390 -0.140154 -0.00890179 0.01 67 68 0 0 0
3391 -0.194957 -0.008895 0.01 67 67 0 0 0
3393 -0.184181 -0.00878528 0.01 76 77 -0.00112548 0.00671259 0
3394 -0.131418 -0.00892272 0.01 69 69 0 0 0
3395 -0.163938 -0.00880506 0.01 75 75 0 0 0
3396 -0.187932 -0.00930757 0.01 72 72 0 0 0
3397 -0.105988 -0.00894602 0.01 67 67 0 0 0
3398 -0.163938 -0.00880506 0.01 75 75 0 0 0
3399 -0.119209 -0.00939099 0.01 76 76 0 0 0
3400 -0.141118 -0.00890179 0.01 69 69 0 0 0
3401 -0.119209 -0.00939099 0.01 76 76 0 0 0
3402 -0.125011 -0.0088241 0.01 68 68 0 0 0
3404 -0.231457 -0.00861781 0.01 77 77 0 0 0
3405 -0.170477 -0.00851972 0.01 68 69 0 0 0
3406 -0.143828 -0.00910991 0.01 67 67 0 0 0
3407 -0.195253 -0.00814515 0.01 72 72 0 0 0
3408 -0.106809 -0.00873341 0.01 68 68 -0.000168905 0.000358745 0
3410 -0.175363 -0.00923066 0.01 68 68 1.17272e-05 0 6.80732e-05
3411 -0.181854 -0.00906924 0.01 76 76 0 0 0
3412 -0.160177 -0.00925893 0.01 72 72 0 0 0
3414 -0.122166 -0.00880221 0.01 69 69 0 0 0
3415 -0.125011 -0.00885403 0.01 68 68 0 0 0
3417 -0.144799 -0.00838153 0.01 75 75 0 0 0
3418 -0.143828 -0.00910991 0.01 69 68 0 0 0
3419 -0.209348 -0.00861781 0.01 76 77 0 0 0
3420 -0.17902 -0.0086556 0.01 77 77 0 0 0
3421 -0.123933 -0.00906594 0.01 77 77 0 0 0
3422 -0.162684 -0.00902761 0.01 72 72 0 0 0
3423 -0.178808 -0.0089377 0.01 75 75 0 0 0
3425 -0.168839 -0.00927179 0.01 77 76 0 0 0
3429 -0.195972 -0.00861781 0.01 76 77 0 0 0
3430 -0.127108 -0.00895709 0.01 69 69 0 0 0
3431 -0.16017 -0.00851972 0.01 69 69 0 0 0
3436 -0.131902 -0.00909979 0.01 69 69 0 0 0
3437 -0.22492 -0.00930757 0.01 77 77 0 0 0
3440 -0.182279 -0.00887276 0.01 76 76 0 0 0
3441 -0.127108 -0.00895709 0.01 67 67 0 0 0
3442 -0.136733 -0.00890179 0.01 67 67 0 0 0
3444 -0.16017 -0.00856803 0.01 75 75 0 0 0
3446 -0.20426 -0.00869324 0.01 77 77 0 0 0
3447 -0.136733 -0.00890179 0.01 69 69 0 0 0
3448 -0.134098 -0.00934831 0.01 69 69 0 0 0
3449 -0.139967 -0.00916999 0.01 72 72 0 0 0
3450 -0.119209 -0.00939099 0.01 75 75 0 0 0
3451 -0.195972 -0.00863335 0.01 77 76 0 0 0
3452 -0.149652 -0.00936704 0.01 69 68 0 0 0
3453 -0.141118 -0.00890179 0.01 68 68 0 0 0
3454 -0.13012 -0.00794741 0.01 75 75 0 0 0
3455 -0.143828 -0.00910991 0.01 69 69 0 0 0
3456 -0.195253 -0.00892952 0.01 75 75 0 0 0
3458 -0.152063 -0.00895248 0.01 72 72 -0.00241713 0.0135578 0
3463 -0.142267 -0.0087378 0.01 67 67 0 0 0
3464 -0.105955 -0.00881821 0.01 68 67 0 0 0
3466 -0.194788 -0.00930757 0.01 72 72 0 0 0
3467 -0.176364 -0.00899351 0.01 76 76 0 0 0
3468 -0.122261 -0.0086353 0.01 69 68 0 0 0
3470 -0.119209 -0.00939099 0.01 76 76 0 0 0
3471 -0.134098 -0.00931878 0.01 68 67 0 0 0
3472 -0.166364 -0.00877621 0.01 68 68 0 0 0
3473 -0.162726 -0.00873546 0.01 72 72 0 0 0
3476 -0.174298 -0.0089841 0.01 69 69 0 0 0
3477 -0.180039 -0.00861781 0.01 76 76 0 0 0
3479 -0.162598 -0.00868961 0.01 75 75 0 0 0
3481 -0.127108 -0.00895709 0.01 68 68 0 0 0
3482 -0.135364 -0.00883647 0.01 68 68 0 0 0
3483 -0.143828 -0.00910991 0.01 67 67 0 0 0
3485 -0.213825 -0.00885928 0.01 75 75 0 0 0
3486 -0.175363 -0.00929874 0.01 69 69 0 0 0
3490 -0.194957 -0.008895 0.01 67 68 0 0 0
3493 -0.155073 -0.00857579 0.01 72 72 0 0 0
3495 -0.143828 -0.00910991 0.01 68 68 0 0 0
3497 -0.191525 -0.00885928 0.01 75 75 0 0 0
3498 -0.206422 -0.00861781 0.01 76 77 0 0 0
3499 -0.19825 -0.008782 0.01 68 68 0 0 0
3500 -0.134098 -0.00936704 0.01 67 67 0 0 0
3501 -0.134098 -0.00931217 0.01 67 67 0 0 0
3503 -0.190099 -0.00882788 0.01 72 72 0 0 0
3507 -0.195972 -0.00861781 0.01 77 77 0 0 0
3510 -0.174298 -0.0089841 0.01 69 69 0 0 0
3512 -0.195972 -0.00878133 0.01 75 75 0 0 0
3513 -0.198547 -0.00930757 0.01 72 73 0 0 0
3514 -0.134098 -0.00960963 0.01 69 69 0 0 0
3519 -0.136733 -0.00927682 0.01 68 68 0 0 0
3520 -0.149806 -0.00909979 0.01 68 69 0 0 0
3523 -0.166364 -0.00876511 0.01 68 68 0 0 0
3526 -0.135653 -0.00874181 0.01 69 69 0 0 0
3527 -0.186285 -0.00868842 0.01 72 72 8.22246e-05 0 0.000220093
3528 -0.195253 -0.00825237 0.01 75 75 0 0 0
3529 -0.139967 -0.00916999 0.01 72 72 0 0 0
3530 -0.188998 -0.008782 0.01 67 67 0 0 0
3531 -0.16017 -0.00856803 0.01 75 75 0 0 0
3532 -0.170253 -0.00928457 0.01 72 72 0 0 0
3534 -0.195253 -0.00821193 0.01 75 74 0 0 0
3540 -0.198547 -0.00930757 0.01 72 72 0 0 0
3541 -0.142936 -0.00936704 0.01 72 72 0 0 0
3543 -0.154129 -0.00868975 0.01 72 71 0 0 0
3544 -0.194957 -0.008895 0.01 68 68 0 0 0
3547 -0.153371 -0.00905102 0.01 75 75 0 0 0
3550 -0.175363 -0.00929874 0.01 68 68 0 0 0
3553 -0.149652 -0.00936704 0.01 68 68 0 0 0
3554 -0.132139 -0.00931217 0.01 68 68 0 0 0
3555 -0.183359 -0.00905102 0.01 68 69 0 0 0
3557 -0.20195 -0.00870628 0.01 76 76 0 0 0
3559 -0.174298 -0.0089841 0.01 69 69 0 0 0
3560 -0.139548 -0.00860095 0.01 72 72 0 0 0
3561 -0.166364 -0.00876511 0.01 68 68 0 0 0
3563 -0.22492 -0.00923156 0.01 76 76 0 0 0
3564 -0.170219 -0.00903783 0.01 68 68 0 0 0
3565 -0.172255 -0.00878791 0.01 72 72 0 0 0
3566 -0.134098 -0.00931217 0.01 69 69 0 0 0
3569 -0.143828 -0.00910991 0.01 67 67 0 0 0
3570 -0.195253 -0.00814515 0.01 75 75 0 0 0
3571 -0.138174 -0.00855752 0.01 75 75 0 0 0
3572 -0.122166 -0.00880221 0.01 68 69 0 0 0
3574 -0.122166 -0.00880221 0.01 72 72 0 0 0
3575 -0.171291 -0.00868202 0.01 76 76 0.000504911 0 0.000255683
3577 -0.183291 -0.00890679 0.01 75 75 0 0 0
3578 -0.174298 -0.0089841 0.01 69 69 0 0 0
3579 -0.143984 -0.00857579 0.01 75 74 0 0 0
3580 -0.144799 -0.00838153 0.01 76 76 0 0 0
3581 -0.205015 -0.00926766 0.01 76 76 0 0 0
3585 -0.219216 -0.00930757 0.01 76 76 0 0 0
3586 -0.16017 -0.00851972 0.01 69 69 0 0 0
3587 -0.134061 -0.0087487 0.01 69 69 0 0 0
3588 -0.143828 -0.00910991 0.01 69 69 0 0 0
3589 -0.16571 -0.00921111 0.01 72 72 0 0 0
3592 -0.131471 -0.00942791 0.01 68 68 0 0 0
3594 -0.146729 -0.00841629 0.01 67 68 0 0 0
3595 -0.195253 -0.00825237 0.01 75 76 0 0 0
3596 -0.136733 -0.00890179 0.01 69 69 0 0 0
3597 -0.163938 -0.00880506 0.01 75 75 0 0 0
3599 -0.195972 -0.00861781 0.01 76 77 0 0 0
3603 -0.195972 -0.00878133 0.01 76 76 0 0 0
3604 -0.134098 -0.00931217 0.01 68 68 0 0 0
3605 -0.20426 -0.00869324 0.01 77 76 0 0 0
3607 -0.176364 -0.00899351 0.01 76 76 0 0 0
3609 -0.127108 -0.00919825 0.01 67 67 0 0 0
3610 -0.166364 -0.00876511 0.01 68 68 0 0 0
3612 -0.195972 -0.00891781 0.01 76 76 0 0 0
3614 -0.18306 -0.00874975 0.01 68 68 0 0 0
3615 -0.195972 -0.00861781 0.01 72 72 0 0 0
3616 -0.190671 -0.00919583 0.01 76 76 0 0 0
3617 -0.134061 -0.0087487 0.01 69 68 0 0 0
3619 -0.22492 -0.00930757 0.01 77 77 0 0 0
3620 -0.171291 -0.0089377 0.01 76 76 0 0 0
3621 -0.131902 -0.00909979 0.01 68 68 0 0 0
3622 -0.150032 -0.00857579 0.01 72 72 0 0 0
3623 -0.136733 -0.00890179 0.01 68 68 0 0 0
3624 -0.140762 -0.00903085 0.01 69 69 0 0 0
3625 -0.140154 -0.0093197 0.01 69 68 0 0 0
3626 -0.166364 -0.0087378 0.01 67 67 0 0 0
3628 -0.142936 -0.00936704 0.01 72 72 0 0 0
3629 -0.187655 -0.00885701 0.01 76 76 0 0 0
3633 -0.170219 -0.00903783 0.01 68 68 0 0 0
3634 -0.153371 -0.00908043 0.01 69 69 -1.5527e-05 0 -2.9413e-05
3636 -0.124562 -0.0093433 0.01 68 68 0 0 0
3637 -0.140154 -0.00887934 0.01 68 68 0 0 0
3638 -0.206422 -0.00861781 0.01 77 77 0 0 0
3639 -0.195972 -0.00878133 0.01 76 76 0 0 0
3640 -0.187932 -0.00930757 0.01 75 75 0 0 0
3642 -0.117944 -0.0089562 0.01 68 68 0 0 0
3645 -0.128513 -0.0086353 0.01 68 68 0.001542 -0.00625208 0
3649 -0.182474 -0.00910719 0.01 76 76 0 0 0
3652 -0.182279 -0.00858387 0.01 68 68 0 0 0
3654 -0.223797 -0.00885928 0.01 69 69 0 0 0
3655 -0.127108 -0.00895709 0.01 69 68 0 0 0
3657 -0.142936 -0.00938144 0.01 72 72 -2.94298e-05 0 -1.4402e-05
3661 -0.117944 -0.0089562 0.01 67 67 0 0 0
3662 -0.143828 -0.00910991 0.01 67 67 0 0 0
3663 -0.177347 -0.00910719 0.01 72 73 0 0 0
3666 -0.127108 -0.00884519 0.01 67 67 0 0 0
3667 -0.190099 -0.00882788 0.01 69 70 0 0 0
3669 -0.139299 -0.00950049 0.01 68 68 0 0 0
3671 -0.187873 -0.00865725 0.01 76 76 0 0 0
3672 -0.206422 -0.00861781 0.01 75 75 0 0 0
3674 -0.192282 -0.00882788 0.01 68 68 0 0 0
3676 -0.204295 -0.00868912 0.01 75 75 0.000567138 -0.00832361 0
3678 -0.206422 -0.00861781 0.01 77 77 0 0 0
3679 -0.140979 -0.0100564 0.01 69 68 0 0 0
3681 -0.125011 -0.0088241 0.01 68 68 0 0 0
3682 -0.139298 -0.00931217 0.01 69 69 0.00116482 -0.00520007 0
3683 -0.165798 -0.00904954 0.01 75 75 0 0 0
3684 -0.140154 -0.00890179 0.01 72 72 0 0 0
3686 -0.134098 -0.00908705 0.01 68 68 3.49581e-05 0 4.532e-05
3687 -0.136733 -0.00890179 0.01 67 68 0 0 0
3688 -0.17902 -0.0086556 0.01 76 76 0 0 0
3690 -0.131418 -0.00915649 0.01 68 68 0 0 0
3693 -0.143828 -0.00910991 0.01 67 67 0 0 0
3694 -0.174298 -0.0089841 0.01 69 69 0 0 0
3700 -0.183359 -0.00883027 0.01 68 68 0 0 0
3701 -0.160177 -0.00902761 0.01 72 72 0 0 0
3706 -0.136733 -0.00890179 0.01 69 68 0 0 0
3707 -0.127108 -0.00895709 0.01 68 68 0 0 0
3710 -0.143984 -0.00857579 0.01 75 75 0 0 0
3711 -0.131612 -0.00920793 0.01 72 71 0 0 0
3713 -0.191602 -0.00868961 0.01 75 75 0 0 0
3714 -0.12152 -0.00846437 0.01 67 67 0 0 0
3717 -0.170253 -0.00928457 0.01 72 72 0 0 0
3718 -0.163204 -0.00878791 0.01 72 72 0 0 0
3721 -0.143828 -0.00910991 0.01 67 67 0 0 0
3722 -0.191282 -0.00898802 0.01 76 76 0 0 0
3723 -0.146988 -0.00922593 0.01 67 68 0 0 0
3724 -0.167823 -0.00906924 0.01 72 72 0 0 0
3726 -0.141118 -0.00890179 0.01 68 68 0 0 0
3728 -0.153371 -0.00905102 0.01 77 77 0 0 0
3731 -0.128071 -0.00867135 0.01 68 67 -0.000995636 0.00602697 0
3732 -0.166469 -0.00858559 0.01 68 68 0 0 0
3734 -0.123933 -0.00906594 0.01 75 75 0 0 0
3736 -0.205015 -0.00907582 0.01 76 77 0 0 0
3737 -0.153371 -0.00905102 0.01 77 77 0 0 0
3738 -0.195972 -0.00868912 0.01 75 75 0 0 0
3740 -0.186334 -0.00904017 0.01 72 71 0 0 0
3743 -0.162726 -0.00873546 0.01 72 72 0 0 0
3745 -0.19825 -0.008782 0.01 67 68 0 0 0
3746 -0.210562 -0.00861781 0.01 77 77 0 0 0
3749 -0.134098 -0.00931217 0.01 68 68 0 0 0
3750 -0.187932 -0.00950081 0.01 76 76 0 0 0
3751 -0.183359 -0.00905102 0.01 72 71 0 0 0
3753 -0.185322 -0.00856693 0.01 75 75 0 0 0
3756 -0.154129 -0.00894602 0.01 68 68 0 0 0
3757 -0.136733 -0.00927682 0.01 68 68 0 0 0
3758 -0.179218 -0.00891637 0.01 75 75 0 0 0
3760 -0.166837 -0.0087237 0.01 76 76 0 0 0
3761 -0.16017 -0.00856803 0.01 75 75 0 0 0
3762 -0.150217 -0.0087378 0.01 67 67 0 0 0
3763 -0.127108 -0.00884519 0.01 67 67 0 0 0
3764 -0.176364 -0.00911241 0.01 77 76 0 0 0
3765 -0.186285 -0.00890851 0.01 72 72 0 0 0
3766 -0.143828 -0.00910991 0.01 67 67 0 0 0
3767 -0.195972 -0.00868912 0.01 77 77 0 0 0
3770 -0.209348 -0.00861781 0.01 77 77 0 0 0
3772 -0.195623 -0.00941218 0.01 72 72 0 0 0
3773 -0.207767 -0.00882788 0.01 69 70 0 0 0
3775 -0.127108 -0.00895709 0.01 69 69 0 0 0
3776 -0.176018 -0.00890527 0.01 69 69 0 0 0
3777 -0.19333 -0.008782 0.01 68 68 0 0 0
3780 -0.170349 -0.00898195 0.01 75 75 0 0 0
3784 -0.180039 -0.00861781 0.01 76 76 0 0 0
3786 -0.187873 -0.00865725 0.01 76 76 0 0 0
3788 -0.14097 -0.00931217 0.01 67 68 0 0 0
3789 -0.171291 -0.0089377 0.01 76 76 0 0 0
3790 -0.145153 -0.00919444 0.01 72 72 0 0 0
3791 -0.141778 -0.00863465 0.01 69 69 0 0 0
3793 -0.170219 -0.00903783 0.01 69 68 0 0 0
3794 -0.125011 -0.00885403 0.01 68 68 0 0 0
3796 -0.205015 -0.00907582 0.01 75 75 0 0 0
3797 -0.135653 -0.00874181 0.01 69 69 0 0 0
3798 -0.161961 -0.00927986 0.01 69 69 0 0 0
3801 -0.195972 -0.00861781 0.01 76 77 0 0 0
3802 -0.149863 -0.00975362 0.01 72 73 -0.00310341 0.0103141 0
3804 -0.180039 -0.00861781 0.01 76 76 0 0 0
3805 -0.184076 -0.00868912 0.01 75 76 0 0 0
3806 -0.166837 -0.0087237 0.01 76 76 0 0 0
3809 -0.134098 -0.00965703 0.01 69 69 0 0 0
3811 -0.195253 -0.00892952 0.01 76 76 0 0 0
3812 -0.19825 -0.008782 0.01 68 68 0 0 0
3813 -0.176364 -0.00899351 0.01 76 76 0 0 0
3814 -0.186334 -0.00903783 0.01 72 72 0 0 0
3816 -0.20426 -0.00869324 0.01 76 76 0 0 0
3817 -0.182279 -0.00903493 0.01 69 69 0 0 0
3818 -0.149652 -0.00936704 0.01 68 68 0 0 0
3820 -0.119209 -0.00939099 0.01 76 76 0 0 0
3821 -0.146729 -0.00841629 0.01 68 68 0 0 0
3822 -0.134098 -0.00960963 0.01 67 68 0 0 0
3824 -0.191602 -0.00912395 0.01 76 76 0 0 0
3826 -0.136978 -0.00910719 0.01 76 75 0 0 0
3827 -0.16571 -0.00910719 0.01 72 72 0 0 0
3829 -0.135364 -0.00883647 0.01 68 68 0 0 0
3831 -0.166469 -0.00858559 0.01 69 69 0 0 0
3833 -0.140762 -0.00903085 0.01 69 69 0 0 0
3834 -0.163341 -0.00908377 0.01 76 76 0 0 0
3836 -0.163341 -0.00908377 0.01 75 76 0 0 0
3837 -0.17902 -0.0086556 0.01 77 77 0 0 0
3838 -0.151221 -0.00857579 0.01 69 70 0 0 0
3839 -0.130607 -0.00795938 0.01 75 75 0 0 0
3841 -0.18897 -0.00845589 0.01 77 77 0 0 0
3843 -0.134098 -0.00931217 0.01 67 67 0 0 0
3846 -0.149652 -0.00936704 0.01 68 68 0 0 0
3847 -0.148795 -0.0087378 0.01 68 68 -0.000147998 0.00142187 0
3848 -0.134098 -0.00917417 0.01 67 67 0 0 0
3850 -0.182279 -0.00889512 0.01 67 67 0 0 0
3854 -0.119209 -0.00958036 0.01 76 76 0 0 0
3855 -0.145473 -0.00954683 0.01 76 76 0 0 0
3856 -0.182279 -0.008895 0.01 69 69 0 0 0
3857 -0.123933 -0.00906594 0.01 77 77 0 0 0
3858 -0.170349 -0.00898195 0.01 75 75 0 0 0
3859 -0.183359 -0.00905102 0.01 69 69 0 0 0
3860 -0.174298 -0.0089841 0.01 69 69 0 0 0
3862 -0.195972 -0.00878133 0.01 76 76 0 0 0
3863 -0.195972 -0.00868912 0.01 77 77 0 0 0
3867 -0.17566 -0.00905102 0.01 68 68 0 0 0
3868 -0.210562 -0.00861781 0.01 76 76 0 0 0
3869 -0.140762 -0.00857579 0.01 69 69 0 0 0
3871 -0.121744 -0.00914587 0.01 69 69 0 0 0
3872 -0.141683 -0.0101196 0.01 68 68 0 0 0
3873 -0.186866 -0.00903493 0.01 69 69 1.90735e-05 -0.000562832 0
3874 -0.121745 -0.00922771 0.01 69 69 0 0 0
3875 -0.195972 -0.00861781 0.01 77 77 0 0 0
3876 -0.17902 -0.00890999 0.01 72 72 0 0 0
3877 -0.136733 -0.00890179 0.01 67 67 0 0 0
3878 -0.195972 -0.00878133 0.01 75 75 0 0 0
3879 -0.18897 -0.00845589 0.01 77 77 0 0 0
3881 -0.186285 -0.00890851 0.01 72 72 0 0 0
3884 -0.167984 -0.008895 0.01 68 69 -0.000735328 0.0142959 0
3885 -0.167884 -0.00865725 0.01 76 76 0 0 0
3886 -0.190099 -0.00882788 0.01 72 72 0 0 0
3887 -0.141118 -0.00890179 0.01 68 68 0 0 0
3888 -0.134098 -0.00931217 0.01 67 67 0 0 0
3889 -0.11319 -0.00909979 0.01 68 68 0 0 0
3891 -0.143828 -0.00910991 0.01 68 68 0 0 0
3892 -0.153811 -0.00909969 0.01 75 75 0 0 0
3893 -0.148039 -0.00928086 0.01 77 77 0 0 0
3895 -0.190893 -0.00871024 0.01 75 75 0 0 0
3896 -0.130201 -0.00873105 0.01 69 70 0 0 0
3899 -0.129649 -0.00876547 0.01 68 68 0 0 0
3901 -0.162726 -0.00873546 0.01 75 75 0 0 0
3902 -0.166364 -0.00876511 0.01 67 67 0 0 0
3903 -0.182279 -0.00903493 0.01 69 69 0 0 0
3904 -0.195972 -0.00861781 0.01 77 77 0 0 0
3908 -0.165621 -0.00895248 0.01 72 72 0 0 0
3909 -0.170381 -0.00895248 0.01 72 72 0 0 0
3910 -0.159239 -0.00920461 0.01 77 77 0 0 0
3911 -0.187543 -0.00930757 0.01 75 75 -0.000715911 0.00626256 0
3912 -0.195972 -0.00868912 0.01 76 77 0 0 0
3916 -0.135364 -0.0082626 0.01 77 77 0 0 0
3917 -0.191602 -0.00912395 0.01 77 77 0 0 0
3919 -0.182279 -0.008895 0.01 68 68 0 0 0
3922 -0.131074 -0.00890179 0.01 68 68 0 0 0
3923 -0.163341 -0.00908377 0.01 76 76 0 0 0
3924 -0.186285 -0.00890851 0.01 72 72 0 0 0
3925 -0.166469 -0.00858559 0.01 68 68 0 0 0
3926 -0.122166 -0.00880221 0.01 69 69 0 0 0
3928 -0.165621 -0.00895248 0.01 72 72 0 0 0
3929 -0.139052 -0.00949962 0.01 72 72 0 0 0
3930 -0.105955 -0.00872345 0.01 68 68 0 0 0
3931 -0.168839 -0.00927179 0.01 76 76 0 0 0
3932 -0.210562 -0.00861781 0.01 77 77 0 0 0
3933 -0.176819 -0.0089841 0.01 72 73 0 0 0
3937 -0.143828 -0.00910991 0.01 67 68 0 0 0
3938 -0.152255 -0.0087378 0.01 69 69 0 0 0
3941 -0.143125 -0.00910719 0.01 72 72 0 0 0
3942 -0.134098 -0.00931217 0.01 69 70 0 0 0
3944 -0.195972 -0.00861781 0.01 76 76 0 0 0
3946 -0.111369 -0.00890285 0.01 67 67 0 0 0
3951 -0.141118 -0.00890179 0.01 67 68 0 0 0
3954 -0.117944 -0.0089562 0.01 68 68 0 0 0
3956 -0.171882 -0.00910719 0.01 72 72 0 0 0
3957 -0.144799 -0.00852104 0.01 76 76 0 0 0
3958 -0.155428 -0.00935086 0.01 75 75 0 0 0
3959 -0.206422 -0.00861781 0.01 77 77 0 0 0
3961 -0.13012 -0.00794741 0.01 75 75 0 0 0
3966 -0.182474 -0.00910719 0.01 76 76 0 0 0
3967 -0.206804 -0.0083195 0.01 76 75 0.00011158 0 0.000298308
3968 -0.139548 -0.00809982 0.01 69 69 0 0 0
3969 -0.22492 -0.00930757 0.01 76 77 0 0 0
3971 -0.158293 -0.00909211 0.01 75 75 0 0 0
3972 -0.149652 -0.00936704 0.01 69 69 0 0 0
3973 -0.16017 -0.00860217 0.01 69 69 0 0 0
3980 -0.213825 -0.00885928 0.01 75 75 0 0 0
3981 -0.140508 -0.00922593 0.01 69 69 0 0 0
3982 -0.163341 -0.00906606 0.01 76 76 0 0 0
3985 -0.129203 -0.00894602 0.01 68 68 0 0 0
3986 -0.166469 -0.00858559 0.01 69 69 0 0 0
3987 -0.16017 -0.00856803 0.01 75 75 0 0 0
3988 -0.195972 -0.00861781 0.01 77 77 0 0 0
3991 -0.195972 -0.00868912 0.01 77 77 0 0 0
3992 -0.18897 -0.00845589 0.01 77 77 0 0 0
3993 -0.156329 -0.00925149 0.01 75 75 0 0 0
3994 -0.195623 -0.00941218 0.01 72 72 0 0 0
3995 -0.166364 -0.0087378 0.01 69 69 0 0 0
3998 -0.13012 -0.00794741 0.01 75 75 0 0 0
4002 -0.160844 -0.00904954 0.01 75 75 0 0 0
4004 -0.203439 -0.00882788 0.01 72 72 0 0 0
4007 -0.119209 -0.00939099 0.01 75 75 0 0 0
4008 -0.160844 -0.00904954 0.01 75 75 0 0 0
4011 -0.195253 -0.00892952 0.01 75 75 0 0 0
4012 -0.136733 -0.00890179 0.01 69 69 0 0 0
4013 -0.191602 -0.00900322 0.01 77 77 0 0 0
4014 -0.195972 -0.00868912 0.01 77 77 0 0 0
4015 -0.194957 -0.008895 0.01 68 68 0 0 0
4016 -0.121744 -0.00914587 0.01 69 69 0 0 0
4017 -0.165205 -0.00826298 0.01 69 69 0 0 0
4018 -0.187932 -0.00950081 0.01 76 76 0 0 0
4023 -0.195972 -0.00868912 0.01 76 76 0 0 0
4024 -0.125081 -0.00869049 0.01 67 67 0 0 0
4025 -0.195972 -0.00861781 0.01 77 77 0 0 0
4026 -0.16571 -0.00910719 0.01 72 72 0 0 0
4027 -0.195972 -0.00878133 0.01 75 75 0 0 0
4028 -0.195972 -0.00861781 0.01 77 77 0 0 0
4029 -0.167796 -0.00858559 0.01 68 68 7.011e-05 -0.00132708 0
4033 -0.141118 -0.00890179 0.01 69 69 0 0 0
4034 -0.139967 -0.00916999 0.01 72 72 0 0 0
4035 -0.139679 -0.00939099 0.01 77 77 0 0 0
4036 -0.134098 -0.00931217 0.01 67 67 0 0 0
4037 -0.162726 -0.00873546 0.01 76 76 0 0 0
4038 -0.16017 -0.00856803 0.01 75 75 0 0 0
4041 -0.149652 -0.00936704 0.01 68 68 0 0 0
4042 -0.16571 -0.00913691 0.01 76 76 0 0 0
4043 -0.150217 -0.0087378 0.01 67 67 0 0 0
4044 -0.191602 -0.00868961 0.01 72 72 0 0 0
4045 -0.186285 -0.00890851 0.01 72 72 0 0 0
4046 -0.122261 -0.00856779 0.01 69 69 0 0 0
4048 -0.166469 -0.00858559 0.01 69 69 0 0 0
4050 -0.107168 -0.00873341 0.01 69 69 0 0 0
4051 -0.210466 -0.00882788 0.01 75 75 0 0 0
4052 -0.19825 -0.008782 0.01 67 67 0 0 0
4055 -0.129203 -0.00894602 0.01 67 67 0 0 0
4059 -0.206422 -0.00861781 0.01 76 76 0 0 0
4060 -0.145823 -0.00969819 0.01 69 69 0 0 0
4061 -0.171291 -0.00877568 0.01 77 77 0.000421315 0 0.000162023
4062 -0.134098 -0.00931217 0.01 68 68 0 0 0
4063 -0.173974 -0.00906924 0.01 72 72 0 0 0
4065 -0.165205 -0.00826298 0.01 72 72 0 0 0
4069 -0.190671 -0.00942228 0.01 76 76 0 0 0
4070 -0.210053 -0.00885928 0.01 75 75 0 0 0
4071 -0.123933 -0.00906594 0.01 76 76 0 0 0
4072 -0.186285 -0.00890003 0.01 72 72 0 0 0
4073 -0.135364 -0.0090529 0.01 67 67 0 0 0
4075 -0.15301 -0.00880506 0.01 75 75 0 0 0
4077 -0.167884 -0.00865725 0.01 77 77 0 0 0
4078 -0.163938 -0.00880506 0.01 75 75 0 0 0
4079 -0.170219 -0.00903783 0.01 67 67 0 0 0
4081 -0.205015 -0.00926766 0.01 76 76 0 0 0
4082 -0.153371 -0.00905102 0.01 67 67 0 0 0
4083 -0.105955 -0.00881821 0.01 67 67 0 0 0
4085 -0.127108 -0.00895709 0.01 69 69 0 0 0
4086 -0.195972 -0.00878133 0.01 75 75 0 0 0
4088 -0.16571 -0.00921111 0.01 72 72 0 0 0
4089 -0.164372 -0.00950231 0.01 77 77 0 0 0
4091 -0.205015 -0.00907582 0.01 75 75 0 0 0
4093 -0.187932 -0.00957519 0.01 75 75 -0.000262648 0 -0.000267622
4094 -0.195253 -0.00814515 0.01 72 72 0 0 0
4096 -0.136548 -0.00877876 0.01 77 77 0 0 0
4097 -0.187932 -0.00950081 0.01 76 76 0 0 0
4098 -0.135364 -0.0082626 0.01 77 77 0 0 0
4101 -0.109537 -0.0086411 0.01 68 68 0 0 0
4103 -0.195972 -0.00861781 0.01 77 77 0 0 0
4104 -0.195972 -0.00868912 0.01 77 76 0 0 0
4106 -0.186285 -0.00897208 0.01 75 75 0 0 0
4109 -0.125081 -0.00890387 0.01 67 67 0 0 0
4110 -0.119209 -0.00939099 0.01 76 76 0 0 0
4113 -0.166364 -0.0087378 0.01 67 67 0 0 0
4114 -0.143828 -0.00921881 0.01 69 69 0 0 0
4115 -0.160177 -0.00902761 0.01 72 72 0 0 0
4118 -0.195972 -0.00868912 0.01 76 76 0 0 0
4119 -0.167884 -0.00865725 0.01 77 77 0 0 0
4120 -0.192667 -0.0089377 0.01 76 75 0.00172904 -0.0138593 0
4121 -0.153371 -0.00905102 0.01 67 67 0 0 0
4123 -0.134098 -0.00931217 0.01 67 67 0 0 0
4125 -0.150361 -0.00858559 0.01 67 67 0 0 0
4127 -0.160884 -0.00907337 0.01 75 75 0 0 0
4128 -0.105955 -0.00801037 0.01 67 67 0 0 0
4129 -0.195972 -0.00902706 0.01 76 76 -0.000276506 0 -0.000337944
4131 -0.115971 -0.00890179 0.01 68 68 0 0 0
4133 -0.160177 -0.00925893 0.01 72 72 0 0 0
4136 -0.206422 -0.00861781 0.01 76 77 0 0 0
4137 -0.131566 -0.00890179 0.01 68 68 0 0 0
4138 -0.136733 -0.00927682 0.01 68 68 0 0 0
4139 -0.134098 -0.00913238 0.01 67 67 0 0 0
4140 -0.183359 -0.00905102 0.01 72 72 0 0 0
4141 -0.186285 -0.00897208 0.01 75 74 -4.372e-05 0 -6.35749e-05
4143 -0.139548 -0.00809982 0.01 68 69 0 0 0
4144 -0.140154 -0.00890179 0.01 67 67 0 0 0
4145 -0.144799 -0.00838153 0.01 75 75 0 0 0
4147 -0.134098 -0.00936704 0.01 67 67 0 0 0
4149 -0.149652 -0.00947078 0.01 68 68 0 0 0
4151 -0.125081 -0.00869049 0.01 67 67 0 0 0
4152 -0.176364 -0.00929762 0.01 77 77 0 0 0
4153 -0.134098 -0.00931217 0.01 68 68 0 0 0
4154 -0.195972 -0.00861781 0.01 77 77 0 0 0
4155 -0.123933 -0.00906594 0.01 76 76 0 0 0
4156 -0.18897 -0.00845589 0.01 77 77 0 0 0
4157 -0.187543 -0.00930757 0.01 75 75 0 0 0
4158 -0.16017 -0.00851972 0.01 69 69 0 0 0
4159 -0.122463 -0.00917078 0.01 72 72 0 0 0
4160 -0.166364 -0.0087378 0.01 69 69 0 0 0
4162 -0.195253 -0.00885928 0.01 76 75 0 0 0
4164 -0.0973426 -0.00890285 0.01 69 69 0 0 0
4166 -0.195253 -0.00885928 0.01 72 72 0 0 0
4167 -0.154129 -0.00894602 0.01 68 68 0 0 0
4168 -0.13896 -0.00925833 0.01 77 77 0 0 0
4169 -0.20426 -0.00864828 0.01 76 76 0 0 0
4170 -0.195623 -0.00941218 0.01 72 72 0 0 0
4171 -0.135364 -0.0082626 0.01 76 76 0 0 0
4175 -0.15593 -0.00851972 0.01 69 69 -0.000382558 0.00424023 0
4176 -0.195972 -0.00896523 0.01 77 77 0 0 0
4177 -0.134098 -0.00917417 0.01 68 67 0 0 0
4179 -0.150217 -0.0087378 0.01 67 67 0 0 0
4180 -0.115971 -0.00890179 0.01 68 68 0 0 0
4182 -0.170219 -0.00903783 0.01 68 68 0 0 0
4183 -0.160844 -0.00904954 0.01 75 75 0 0 0
4184 -0.191602 -0.00912395 0.01 77 77 0 0 0
4186 -0.134098 -0.00917417 0.01 67 67 0 0 0
4187 -0.205015 -0.00926766 0.01 76 76 0 0 0
4190 -0.16571 -0.00910719 0.01 72 72 0 0 0
4191 -0.187513 -0.00864843 0.01 72 72 0 0 0
4193 -0.122219 -0.00979768 0.01 68 68 -0.00314687 0.0118793 0
4194 -0.142936 -0.00936704 0.01 72 72 0 0 0
4195 -0.143828 -0.00910991 0.01 68 68 0 0 0
4197 -0.149652 -0.00936704 0.01 68 68 0 0 0
4198 -0.177347 -0.00926369 0.01 76 76 0 0 0
4200 -0.168839 -0.00927179 0.01 76 76 0 0 0
4201 -0.155428 -0.00958157 0.01 75 75 -0.000726491 0 -0.00023071
4202 -0.130873 -0.00965703 0.01 68 68 0 0 0
4204 -0.18306 -0.00874975 0.01 69 69 0 0 0
4205 -0.18897 -0.00849864 0.01 77 77 0 0 0
4206 -0.143828 -0.00910991 0.01 67 67 0 0 0
4207 -0.105955 -0.00872345 0.01 68 68 0 0 0
4208 -0.111369 -0.00892465 0.01 67 67 0 0 0
4209 -0.185322 -0.00844052 0.01 76 76 0 0 0
4211 -0.139548 -0.00809982 0.01 69 69 0 0 0
4212 -0.20426 -0.00864828 0.01 76 76 0 0 0
4213 -0.19825 -0.008782 0.01 68 68 0 0 0
4215 -0.125695 -0.00917078 0.01 76 74 0 0 0
4220 -0.202329 -0.00861781 0.01 77 77 0.000662506 -0.0063577 0
4222 -0.184008 -0.00905102 0.01 68 67 0 0 0
4224 -0.183291 -0.00890679 0.01 75 75 0 0 0
4226 -0.17902 -0.0086556 0.01 76 77 0 0 0
4228 -0.183359 -0.00905102 0.01 69 69 0 0 0
4229 -0.195972 -0.00861781 0.01 76 76 0 0 0
4230 -0.14097 -0.00931217 0.01 67 67 0 0 0
4231 -0.203627 -0.00869324 0.01 76 77 0 0 0
4233 -0.186285 -0.00890851 0.01 72 72 0 0 0
4234 -0.182279 -0.00858387 0.01 68 68 0 0 0
4237 -0.19825 -0.008782 0.01 69 67 0 0 0
4238 -0.136733 -0.00890179 0.01 68 68 0 0 0
4239 -0.195972 -0.00907207 0.01 75 75 0 0 0
4242 -0.117944 -0.0089562 0.01 67 67 0 0 0
4243 -0.123933 -0.00906594 0.01 75 76 0 0 0
4244 -0.114386 -0.00928865 0.01 69 68 0 0 0
4246 -0.16571 -0.00934624 0.01 75 75 0 0 0
4247 -0.195972 -0.00878133 0.01 76 76 0 0 0
4248 -0.206422 -0.00861781 0.01 75 75 0 0 0
4249 -0.166469 -0.00858559 0.01 69 69 0 0 0
4251 -0.124562 -0.00931217 0.01 68 68 0 0 0
4252 -0.134098 -0.00931217 0.01 68 67 0 0 0
4253 -0.195972 -0.00907207 0.01 75 75 0 0 0
4254 -0.125011 -0.0088241 0.01 68 68 0 0 0
4256 -0.131902 -0.00909979 0.01 72 72 0 0 0
4257 -0.161956 -0.00902261 0.01 76 76 0 0 0
4258 -0.164918 -0.00845088 0.01 72 72 0 0 0
4259 -0.167823 -0.00906924 0.01 72 72 0 0 0
4260 -0.185322 -0.00844052 0.01 76 77 0 0 0
4261 -0.153371 -0.00905102 0.01 77 77 0 0 0
4263 -0.139052 -0.00949962 0.01 72 72 0 0 0
4264 -0.143828 -0.00910991 0.01 67 67 0 0 0
4265 -0.134098 -0.00960963 0.01 69 69 0 0 0
4266 -0.139679 -0.00939099 0.01 77 76 0 0 0
4268 -0.150217 -0.0087378 0.01 67 67 0 0 0
4269 -0.19825 -0.008782 0.01 68 68 0 0 0
4270 -0.134098 -0.00960963 0.01 69 69 0 0 0
4272 -0.105955 -0.00872345 0.01 67 67 0 0 0
4274 -0.186285 -0.00890851 0.01 72 72 0 0 0
4275 -0.170219 -0.00877865 0.01 67 67 0 0 0
4276 -0.145823 -0.00969819 0.01 69 69 0 0 0
4277 -0.170219 -0.00903783 0.01 69 69 0 0 0
4278 -0.180039 -0.00861781 0.01 76 76 0 0 0
4279 -0.141118 -0.00890179 0.01 69 69 0 0 0
4281 -0.153371 -0.00905102 0.01 67 67 0 0 0
4282 -0.140762 -0.00857579 0.01 69 69 0 0 0
4283 -0.206422 -0.00879541 0.01 76 76 0 0 0
4286 -0.163938 -0.00880506 0.01 75 75 0 0 0
4288 -0.163938 -0.00880506 0.01 75 75 0 0 0
4289 -0.143671 -0.00857579 0.01 69 69 -0.001018 0.00755006 0
4290 -0.134098 -0.00931217 0.01 68 67 0 0 0
4291 -0.166469 -0.00858559 0.01 68 67 0 0 0
4292 -0.136733 -0.00927682 0.01 67 67 0 0 0
4294 -0.164372 -0.00950231 0.01 77 77 0 0 0
4295 -0.134098 -0.00934831 0.01 69 69 0 0 0
4296 -0.166469 -0.00858559 0.01 68 68 0 0 0
4297 -0.17902 -0.00890999 0.01 72 72 0 0 0
4298 -0.156041 -0.00877865 0.01 67 67 0 0 0
4300 -0.136733 -0.00890179 0.01 69 69 0 0 0
4301 -0.11319 -0.00909979 0.01 67 68 0 0 0
4302 -0.187932 -0.00950081 0.01 76 76 0 0 0
4304 -0.139252 -0.00936704 0.01 68 68 0 0 0
4305 -0.174161 -0.00903561 0.01 76 76 0 0 0
4307 -0.139679 -0.00939099 0.01 77 77 0 0 0
4308 -0.117944 -0.0089562 0.01 68 68 0 0 0
4309 -0.206422 -0.00861781 0.01 76 76 0 0 0
4310 -0.145153 -0.00919444 0.01 72 72 0 0 0
4311 -0.22492 -0.00930757 0.01 77 77 0 0 0
4312 -0.141118 -0.00871483 0.01 69 69 0 0 0
4315 -0.162726 -0.00873546 0.01 75 75 0 0 0
4316 -0.143208 -0.00881412 0.01 72 72 0 0 0
4317 -0.203783 -0.00855047 0.01 72 72 0 0 0
4320 -0.195972 -0.00861781 0.01 77 77 0 0 0
4321 -0.206422 -0.00832259 0.01 77 77 0 0 0
4322 -0.173974 -0.00906924 0.01 75 75 0 0 0
4323 -0.164918 -0.00845088 0.01 72 72 0 0 0
4324 -0.127108 -0.00919825 0.01 67 67 0 0 0
4325 -0.148039 -0.00928086 0.01 77 76 0 0 0
4326 -0.150217 -0.0087378 0.01 67 67 0 0 0
4328 -0.205015 -0.00907582 0.01 75 75 0 0 0
4329 -0.153371 -0.00905102 0.01 75 75 0 0 0
4330 -0.206422 -0.00861781 0.01 75 75 0 0 0
4331 -0.13832 -0.00880221 0.01 72 72 0 0 0
4332 -0.17902 -0.00861296 0.01 72 72 0 0 0
4333 -0.186285 -0.00890851 0.01 75 75 0 0 0
4334 -0.162726 -0.00873546 0.01 75 75 0 0 0
4335 -0.166469 -0.00858559 0.01 67 67 0 0 0
4339 -0.149652 -0.00936704 0.01 69 70 0 0 0
4340 -0.181854 -0.00906924 0.01 76 76 0 0 0
4341 -0.167884 -0.00865725 0.01 76 76 0 0 0
4342 -0.122261 -0.0086353 0.01 69 69 0 0 0
4345 -0.158293 -0.00909211 0.01 75 75 0 0 0
4346 -0.183359 -0.00883027 0.01 68 68 0 0 0
4347 -0.209348 -0.00861781 0.01 77 77 0 0 0
4348 -0.195972 -0.00861781 0.01 77 77 0 0 0
4349 -0.150217 -0.0087378 0.01 67 67 0 0 0
4352 -0.134098 -0.00929533 0.01 68 68 0 0 0
4354 -0.134098 -0.00931217 0.01 68 68 0 0 0
4358 -0.129028 -0.00920793 0.01 69 70 0 0 0
4359 -0.153371 -0.00905102 0.01 76 77 0 0 0
4360 -0.209348 -0.00861781 0.01 77 77 0 0 0
4362 -0.163938 -0.00880506 0.01 75 75 0 0 0
4363 -0.161079 -0.00837245 0.01 68 68 0 0 0
4365 -0.206422 -0.00861781 0.01 77 77 0 0 0
4367 -0.22492 -0.00930757 0.01 76 76 0 0 0
4368 -0.163341 -0.00906606 0.01 77 77 0 0 0
4370 -0.19825 -0.008782 0.01 67 67 0 0 0
4371 -0.149652 -0.00936704 0.01 68 68 0 0 0
4372 -0.143828 -0.00910991 0.01 67 67 0 0 0
4375 -0.139052 -0.00949962 0.01 72 72 0 0 0
4376 -0.117944 -0.0089562 0.01 67 67 0 0 0
4379 -0.134098 -0.0094344 0.01 68 68 0 0 0
4380 -0.185322 -0.00844052 0.01 77 77 0 0 0
4381 -0.183303 -0.00877856 0.01 69 69 0 0 0
4382 -0.131471 -0.00942791 0.01 68 68 0 0 0
4383 -0.122261 -0.0086353 0.01 68 68 0 0 0
4384 -0.187932 -0.00950081 0.01 75 76 0 0 0
4385 -0.148795 -0.0087378 0.01 68 68 0 0 0
4386 -0.151311 -0.00873105 0.01 72 71 0 0 0
4388 -0.135364 -0.0082626 0.01 77 77 0 0 0
4389 -0.22492 -0.00930757 0.01 77 77 0 0 0
4390 -0.143828 -0.00910991 0.01 67 67 0 0 0
4392 -0.140154 -0.00890179 0.01 67 67 0 0 0
4394 -0.141118 -0.00890179 0.01 68 68 0 0 0
4395 -0.140154 -0.00890179 0.01 69 70 0 0 0
4398 -0.186285 -0.00890851 0.01 75 75 0 0 0
4399 -0.195972 -0.00907207 0.01 76 76 0 0 0
4400 -0.182279 -0.00858387 0.01 68 68 0 0 0
4401 -0.17902 -0.0086556 0.01 76 76 0 0 0
4403 -0.210466 -0.00882788 0.01 75 75 0 0 0
4404 -0.195253 -0.00885928 0.01 69 70 0 0 0
4405 -0.194567 -0.00863335 0.01 75 75 0 0 0
4406 -0.209798 -0.00885928 0.01 69 69 0.000266165 -0.0145441 0
4407 -0.139052 -0.0095571 0.01 69 70 0 0 0
4411 -0.155428 -0.00935086 0.01 76 76 0 0 0
4413 -0.205015 -0.00907582 0.01 75 75 0 0 0
4414 -0.166364 -0.0087378 0.01 67 67 0 0 0
4415 -0.122267 -0.00928865 0.01 67 67 0 0 0
4416 -0.165205 -0.00826298 0.01 69 69 0 0 0
4417 -0.195972 -0.00863335 0.01 76 76 0 0 0
4418 -0.138174 -0.00855752 0.01 75 75 0 0 0
4419 -0.187372 -0.00874975 0.01 68 68 0.000118643 -0.0043122 0
4420 -0.220554 -0.00930757 0.01 77 77 0 0 0
4422 -0.170892 -0.00890999 0.01 72 72 0 0 0
4423 -0.159979 -0.00925149 0.01 69 69 0 0 0
4424 -0.150217 -0.00856719 0.01 68 68 0 0 0
4430 -0.105955 -0.00872345 0.01 68 68 0 0 0
4431 -0.162726 -0.00873546 0.01 75 75 0 0 0
4433 -0.13012 -0.00794741 0.01 75 75 0 0 0
4435 -0.195972 -0.00861781 0.01 77 77 0 0 0
4436 -0.205015 -0.00907582 0.01 75 75 0 0 0
4437 -0.171882 -0.00924023 0.01 72 72 0 0 0
4442 -0.183359 -0.00883027 0.01 68 68 0 0 0
4443 -0.134098 -0.00965703 0.01 69 69 0 0 0
4446 -0.195623 -0.00930757 0.01 72 72 0 0 0
4447 -0.195623 -0.00930757 0.01 75 74 0 0 0
4448 -0.195972 -0.00868912 0.01 77 77 0 0 0
4450 -0.220554 -0.00930757 0.01 77 77 0 0 0
4451 -0.134098 -0.00913238 0.01 67 67 0 0 0
4452 -0.152688 -0.00910719 0.01 72 72 0 0 0
4454 -0.179959 -0.00868961 0.01 76 76 0 0 0
4455 -0.191282 -0.00898802 0.01 76 76 0 0 0
4459 -0.134098 -0.00934831 0.01 69 69 0 0 0
4463 -0.195972 -0.00868912 0.01 77 77 0 0 0
4464 -0.19333 -0.008782 0.01 68 67 0 0 0
4466 -0.127108 -0.00884519 0.01 67 67 0 0 0
4467 -0.195972 -0.00861781 0.01 77 77 0 0 0
4469 -0.147805 -0.00939099 0.01 77 77 0 0 0
4471 -0.13012 -0.00794741 0.01 75 74 0 0 0
4472 -0.161079 -0.00837245 0.01 68 68 0 0 0
4475 -0.117944 -0.0089562 0.01 69 68 0 0 0
4476 -0.143828 -0.00910991 0.01 67 67 0 0 0
4477 -0.166364 -0.0087378 0.01 69 69 0 0 0
4479 -0.131902 -0.00909979 0.01 68 68 0 0 0
4480 -0.183303 -0.0087951 0.01 69 69 0 0 0
4482 -0.206804 -0.00917446 0.01 77 77 0 0 0
4483 -0.105955 -0.00881821 0.01 68 68 0 0 0
4484 -0.140508 -0.00921979 0.01 69 69 0 0 0
4487 -0.17902 -0.00890999 0.01 72 72 0 0 0
4489 -0.195253 -0.00892952 0.01 75 75 0 0 0
4490 -0.134098 -0.00917417 0.01 67 67 0 0 0
4491 -0.191602 -0.00912395 0.01 77 77 0 0 0
4493 -0.195972 -0.00891781 0.01 76 76 0 0 0
4495 -0.206804 -0.0083195 0.01 76 76 0 0 0
4497 -0.212179 -0.00890311 0.01 75 75 0 0 0
4498 -0.121125 -0.0087852 0.01 68 68 0 0 0
4499 -0.18897 -0.00845589 0.01 76 76 0 0 0
4501 -0.191602 -0.00868961 0.01 75 75 0 0 0
4502 -0.134098 -0.00931217 0.01 68 68 0 0 0
4503 -0.150217 -0.0087378 0.01 67 68 0 0 0
4504 -0.134098 -0.00931217 0.01 69 69 0 0 0
4506 -0.18897 -0.00845589 0.01 77 77 0 0 0
4507 -0.182474 -0.00910719 0.01 75 75 0 0 0
4509 -0.129203 -0.00894602 0.01 68 68 0 0 0
4511 -0.143828 -0.00910991 0.01 69 69 0 0 0
4512 -0.191602 -0.00868961 0.01 75 75 0 0 0
4513 -0.205015 -0.00907582 0.01 76 75 0 0 0
4514 -0.144829 -0.0090645 0.01 69 70 0.000818685 -0.00467575 -0.000162716
4516 -0.195972 -0.00861781 0.01 77 77 0 0 0
4517 -0.143125 -0.00910719 0.01 72 72 0 0 0
4519 -0.203439 -0.00882788 0.01 72 72 0 0 0
4520 -0.195972 -0.00861781 0.01 77 77 0 0 0
4521 -0.16017 -0.00851972 0.01 69 69 0 0 0
4523 -0.153371 -0.00905102 0.01 75 75 0 0 0
4525 -0.105955 -0.00872345 0.01 67 67 0 0 0
4528 -0.18306 -0.00874975 0.01 69 69 0 0 0
4529 -0.17902 -0.0086556 0.01 77 77 0 0 0
4530 -0.134098 -0.00965703 0.01 69 69 0 0 0
4531 -0.164372 -0.00950231 0.01 77 77 0 0 0
4532 -0.172617 -0.0086556 0.01 76 76 -0.00128791 0.00640301 0
4533 -0.119209 -0.00939099 0.01 75 75 0 0 0
4534 -0.206422 -0.00879541 0.01 76 76 0 0 0
4536 -0.105955 -0.00872345 0.01 67 67 0 0 0
4537 -0.195972 -0.00861781 0.01 77 77 0 0 0
4539 -0.195253 -0.00821193 0.01 75 75 0 0 0
4540 -0.131566 -0.00890179 0.01 67 67 0 0 0
4542 -0.122261 -0.0086353 0.01 68 68 0 0 0
4543 -0.187513 -0.00864843 0.01 72 72 0 0 0
4544 -0.153811 -0.00909969 0.01 75 75 0 0 0
4546 -0.111369 -0.00890285 0.01 67 67 0 0 0
4547 -0.105955 -0.00872345 0.01 67 67 0 0 0
4548 -0.149652 -0.00936704 0.01 69 69 0 0 0
4551 -0.145153 -0.00919444 0.01 72 72 0 0 0
4552 -0.186285 -0.00905157 0.01 76 76 0 0 0
4553 -0.151107 -0.00838153 0.01 75 75 0 0 0
4554 -0.143828 -0.00910991 0.01 67 67 0 0 0
4555 -0.203865 -0.00861781 0.01 77 77 0 0 0
4556 -0.156041 -0.00877865 0.01 67 67 -0.000732958 0.0141773 0
4558 -0.187873 -0.00865725 0.01 75 75 0 0 0
4560 -0.183359 -0.00905102 0.01 72 71 0 0 0
4563 -0.134098 -0.00900374 0.01 69 69 0 0 0
4564 -0.176364 -0.00929762 0.01 77 76 -0.000341505 0 -0.000185204
4565 -0.149652 -0.00936704 0.01 68 68 0 0 0
4566 -0.150217 -0.0087378 0.01 67 68 0 0 0
4567 -0.18681 -0.00929874 0.01 68 68 0 0 0
4568 -0.166364 -0.0087378 0.01 68 68 0 0 0
4569 -0.136697 -0.00769378 0.01 72 73 0 0 0
4570 -0.163204 -0.00923979 0.01 72 72 0 0 0
4571 -0.150217 -0.0087378 0.01 68 68 0 0 0
4572 -0.134098 -0.00931217 0.01 68 68 0 0 0
4573 -0.131902 -0.00890836 0.01 69 69 0 0 0
4574 -0.143125 -0.00910719 0.01 72 72 0 0 0
4577 -0.163341 -0.00906606 0.01 77 77 0 0 0
4578 -0.196536 -0.00814515 0.01 75 75 0 0 0
4580 -0.139679 -0.00939099 0.01 76 76 0 0 0
4583 -0.195972 -0.00902706 0.01 76 76 0 0 0
4585 -0.134098 -0.00979768 0.01 68 68 0 0 0
4587 -0.166469 -0.00858559 0.01 68 68 0 0 0
4589 -0.221441 -0.00904541 0.01 69 69 0 0 0
4592 -0.140154 -0.00887934 0.01 67 67 0 0 0
4593 -0.125011 -0.0088241 0.01 68 68 0 0 0
4594 -0.139252 -0.00936704 0.01 68 68 0 0 0
4595 -0.187513 -0.00864843 0.01 72 72 0 0 0
4596 -0.176819 -0.0089841 0.01 72 72 0 0 0
4597 -0.182474 -0.00910719 0.01 75 75 0 0 0
4599 -0.139052 -0.00937931 0.01 69 69 0 0 0
4600 -0.141118 -0.00890179 0.01 68 68 0 0 0
4604 -0.163938 -0.00880506 0.01 75 75 0 0 0
4605 -0.16017 -0.00856803 0.01 75 75 0 0 0
4607 -0.134098 -0.00917417 0.01 68 68 0 0 0
4608 -0.164372 -0.00950231 0.01 77 77 0 0 0
4611 -0.122166 -0.00880221 0.01 72 72 0 0 0
4614 -0.173974 -0.00924458 0.01 76 76 0 0 0
4615 -0.150217 -0.0087378 0.01 67 67 0 0 0
4617 -0.205015 -0.00907582 0.01 75 75 0 0 0
4619 -0.183722 -0.00905102 0.01 68 68 1.1161e-05 -0.000363559 0
4620 -0.121745 -0.00922771 0.01 69 69 0 0 0
4621 -0.192282 -0.00882788 0.01 68 68 0 0 0
4625 -0.150217 -0.0087378 0.01 67 67 0 0 0
4626 -0.134098 -0.00960963 0.01 68 68 0 0 0
4627 -0.21781 -0.00857767 0.01 72 72 0 0 0
4628 -0.195972 -0.00861781 0.01 77 77 0 0 0
4630 -0.206202 -0.00869324 0.01 76 76 0 0 0
4633 -0.140154 -0.00890179 0.01 72 72 0 0 0
4634 -0.145153 -0.00929081 0.01 72 73 0 0 0
4636 -0.187873 -0.00865725 0.01 76 76 0 0 0
4637 -0.183359 -0.00905102 0.01 68 69 0 0 0
4640 -0.195972 -0.00907207 0.01 75 75 0 0 0
4641 -0.127108 -0.00884519 0.01 67 67 0 0 0
4645 -0.22492 -0.00930757 0.01 76 76 0 0 0
4646 -0.149331 -0.00895248 0.01 72 72 0 0 0
4647 -0.153371 -0.00905102 0.01 67 67 0 0 0
4649 -0.212179 -0.00890311 0.01 76 76 0 0 0
4650 -0.195972 -0.00861781 0.01 77 77 0 0 0
4653 -0.186285 -0.00890851 0.01 72 72 0 0 0
4654 -0.195253 -0.00814515 0.01 75 75 0 0 0
4655 -0.191602 -0.00912395 0.01 76 76 0 0 0
4656 -0.183291 -0.00890679 0.01 72 73 0 0 0
4658 -0.183303 -0.00903783 0.01 68 68 0 0 0
4661 -0.131262 -0.0089562 0.01 68 68 0 0 0
4662 -0.206422 -0.00879541 0.01 76 77 0 0 0
4663 -0.168415 -0.00865725 0.01 75 75 0 0 0
4665 -0.159979 -0.00925149 0.01 69 70 0 0 0
4667 -0.121125 -0.0087852 0.01 68 68 0 0 0
4669 -0.114524 -0.00928865 0.01 68 68 0 0 0
4671 -0.14565 -0.00931217 0.01 69 69 0 0 0
4672 -0.122166 -0.00872729 0.01 72 73 0.000355005 0 7.49137e-05
4673 -0.160884 -0.00901952 0.01 77 76 0 0 0
4674 -0.163341 -0.00908377 0.01 75 76 0 0 0
4676 -0.170654 -0.00905102 0.01 67 67 0 0 0
4677 -0.134098 -0.00965703 0.01 67 67 0 0 0
4678 -0.140154 -0.00890179 0.01 72 72 0 0 0
4679 -0.136733 -0.00927682 0.01 68 68 0 0 0
4680 -0.148795 -0.0087378 0.01 68 68 0 0 0
4682 -0.162598 -0.00868961 0.01 75 75 0 0 0
4683 -0.143828 -0.00910991 0.01 67 67 0 0 0
4684 -0.166364 -0.00876511 0.01 68 68 0 0 0
4686 -0.139252 -0.00936704 0.01 68 68 0 0 0
4688 -0.125011 -0.0088241 0.01 68 68 0 0 0
4691 -0.128797 -0.00883642 0.01 67 67 0 0 0
4692 -0.125081 -0.00869049 0.01 67 67 0 0 0
4693 -0.185322 -0.00844052 0.01 77 77 0 0 0
4694 -0.195972 -0.00861781 0.01 77 77 0 0 0
4695 -0.134061 -0.0087487 0.01 68 68 0 0 0
4696 -0.150217 -0.0087378 0.01 67 67 0 0 0
4697 -0.175124 -0.00885701 0.01 77 77 -0.00269654 0.0125304 0
4698 -0.170219 -0.00903783 0.01 67 67 0 0 0
4700 -0.209348 -0.00861781 0.01 77 77 0 0 0
4701 -0.210053 -0.00885928 0.01 75 75 0 0 0
4702 -0.201913 -0.00885928 0.01 75 75 -0.000468224 0.00814049 0
4704 -0.136733 -0.00890179 0.01 69 69 0 0 0
4707 -0.134098 -0.00931217 0.01 68 68 0 0 0
4708 -0.143984 -0.00857579 0.01 75 75 0 0 0
4711 -0.134098 -0.00931217 0.01 68 68 0 0 0
4713 -0.166469 -0.00858559 0.01 69 68 0 0 0
4716 -0.137385 -0.0087378 0.01 68 68 0 0 0
4720 -0.165621 -0.00895248 0.01 72 72 0 0 0
4721 -0.206422 -0.00861781 0.01 75 75 0 0 0
4723 -0.203627 -0.00869324 0.01 77 77 0 0 0
4724 -0.134098 -0.00933579 0.01 69 69 0 0 0
4729 -0.164372 -0.00950231 0.01 77 77 0 0 0
4730 -0.186285 -0.00919583 0.01 77 77 0 0 0
4731 -0.220554 -0.00930757 0.01 76 77 0 0 0
4734 -0.166364 -0.0087378 0.01 69 69 0 0 0
4736 -0.131902 -0.00909979 0.01 68 68 0 0 0
4739 -0.139052 -0.00949962 0.01 72 72 0 0 0
4740 -0.19825 -0.008782 0.01 68 67 0 0 0
4742 -0.123933 -0.00906594 0.01 75 75 0 0 0
4746 -0.176364 -0.00899351 0.01 76 76 0 0 0
4747 -0.170654 -0.00905102 0.01 67 67 0 0 0
4748 -0.182279 -0.00889512 0.01 67 67 0 0 0
4749 -0.148039 -0.00928086 0.01 76 76 0 0 0
4751 -0.145889 -0.00894853 0.01 68 68 0 0 0
4752 -0.127108 -0.00884519 0.01 67 67 0 0 0
4755 -0.136984 -0.00849934 0.01 69 69 0 0 0
4756 -0.220554 -0.00930757 0.01 77 77 0 0 0
4757 -0.197484 -0.00909713 0.01 69 69 0 0 0
4758 -0.195972 -0.00868912 0.01 77 77 0 0 0
4759 -0.140154 -0.00887934 0.01 69 69 1.86265e-05 0 2.2443e-05
4760 -0.195972 -0.00841412 0.01 77 77 0.00019595 0 0.000203686
4761 -0.182279 -0.00887276 0.01 76 76 0 0 0
4762 -0.139967 -0.00916999 0.01 72 72 0 0 0
4763 -0.212179 -0.00890311 0.01 75 75 0 0 0
4764 -0.139693 -0.0082626 0.01 72 72 0 0 0
4765 -0.191602 -0.00900322 0.01 77 77 0 0 0
4768 -0.170219 -0.00880048 0.01 68 67 0 0 0
4771 -0.119209 -0.00939099 0.01 76 76 0 0 0
4773 -0.129249 -0.00935211 0.01 69 69 0 0 0
4775 -0.176819 -0.0089841 0.01 72 72 0 0 0
4776 -0.181123 -0.00890851 0.01 72 72 0 0 0
4777 -0.161346 -0.00935086 0.01 76 76 0 0 0
4778 -0.134098 -0.00931217 0.01 67 67 0 0 0
4780 -0.150217 -0.0087378 0.01 67 67 0 0 0
4781 -0.141118 -0.00890179 0.01 69 69 0 0 0
4782 -0.174298 -0.0089841 0.01 69 69 0 0 0
4784 -0.140979 -0.0100564 0.01 68 68 0 0 0
4786 -0.162726 -0.00873546 0.01 75 75 0 0 0
4787 -0.098797 -0.00872345 0.01 67 67 0 0 0
4788 -0.121125 -0.0087852 0.01 68 68 0 0 0
4791 -0.143828 -0.00910991 0.01 69 69 0 0 0
4793 -0.22492 -0.00930757 0.01 76 76 0 0 0
4794 -0.131566 -0.00890179 0.01 67 67 0 0 0
4795 -0.18897 -0.00845589 0.01 77 77 0 0 0
4796 -0.197521 -0.00861781 0.01 75 75 0 0 0
4798 -0.130873 -0.00965703 0.01 67 68 0 0 0
4799 -0.17902 -0.00890999 0.01 72 72 0 0 0
4800 -0.147805 -0.00939099 0.01 77 77 0 0 0
4801 -0.136978 -0.00910719 0.01 75 75 0 0 0
4802 -0.186831 -0.0089841 0.01 72 71 0 0 0
4803 -0.190099 -0.00882788 0.01 72 72 0 0 0
4804 -0.197521 -0.00861781 0.01 75 75 0 0 0
4805 -0.13012 -0.00794741 0.01 75 75 0 0 0
4807 -0.182279 -0.00889512 0.01 67 67 0 0 0
4809 -0.158297 -0.00905102 0.01 68 68 0 0 0
4810 -0.167823 -0.00906924 0.01 72 73 0 0 0
4811 -0.150217 -0.0087378 0.01 67 67 0 0 0
4812 -0.182279 -0.00889512 0.01 67 67 0 0 0
4814 -0.169243 -0.00912038 0.01 76 76 0 0 0
4815 -0.134098 -0.00931217 0.01 67 67 0 0 0
4816 -0.195972 -0.00863335 0.01 77 75 0 0 0
4818 -0.134098 -0.00917417 0.01 67 67 0 0 0
4819 -0.195972 -0.00868912 0.01 77 77 0 0 0
4820 -0.117944 -0.0089562 0.01 68 67 0 0 0
4821 -0.148415 -0.00883117 0.01 76 76 0 0 0
4822 -0.143125 -0.00939438 0.01 72 72 -0.000567973 0 -0.000287182
4823 -0.142267 -0.0087378 0.01 67 68 0 0 0
4824 -0.166364 -0.00877621 0.01 68 68 -8.55327e-06 0 -3.84077e-05
4825 -0.135364 -0.0082626 0.01 77 77 0 0 0
4827 -0.12152 -0.00846437 0.01 67 67 0 0 0
4828 -0.135653 -0.00874181 0.01 69 69 0 0 0
4829 -0.188998 -0.008782 0.01 67 67 0 0 0
4830 -0.131418 -0.00827868 0.01 72 72 0 0 0
4831 -0.109537 -0.00868321 0.01 69 70 0 0 0
4832 -0.16571 -0.00910719 0.01 72 72 0 0 0
4836 -0.231457 -0.00861781 0.01 77 77 0 0 0
4839 -0.134098 -0.00917417 0.01 67 67 0 0 0
4840 -0.166364 -0.0087378 0.01 69 69 0 0 0
4844 -0.139679 -0.00939099 0.01 77 77 0 0 0
4845 -0.138336 -0.00799665 0.01 69 69 0 0 0
4846 -0.153371 -0.00905102 0.01 75 75 0 0 0
4849 -0.153811 -0.00909969 0.01 75 75 0 0 0
4850 -0.105955 -0.00872345 0.01 67 67 0 0 0
4852 -0.136733 -0.00890179 0.01 69 69 0 0 0
4853 -0.121744 -0.00914587 0.01 69 69 0 0 0
4854 -0.195972 -0.00861781 0.01 77 77 0 0 0
4855 -0.195253 -0.00885928 0.01 75 75 0 0 0
4856 -0.152255 -0.0087378 0.01 69 69 0 0 0
4858 -0.145153 -0.00929081 0.01 72 72 0 0 0
4859 -0.205015 -0.00926766 0.01 76 76 0 0 0
4860 -0.139967 -0.00916999 0.01 72 72 0 0 0
4863 -0.150217 -0.0087378 0.01 68 67 0 0 0
4866 -0.123933 -0.00906594 0.01 77 77 0 0 0
4867 -0.195253 -0.00885928 0.01 75 75 0 0 0
4870 -0.175363 -0.00929874 0.01 68 68 0 0 0
4871 -0.129649 -0.00876547 0.01 69 69 0 0 0
4872 -0.190671 -0.00942228 0.01 76 76 0 0 0
4877 -0.197521 -0.00861781 0.01 75 75 0 0 0
4880 -0.195253 -0.00814515 0.01 72 72 0 0 0
4881 -0.166469 -0.00858559 0.01 68 68 0 0 0
4883 -0.197484 -0.0092005 0.01 69 69 0 0 0
4884 -0.107168 -0.00873341 0.01 69 69 0 0 0
4886 -0.117944 -0.0089562 0.01 67 67 0 0 0
4887 -0.171291 -0.0089377 0.01 76 76 0 0 0
4890 -0.175363 -0.00926666 0.01 69 69 0 0 0
4891 -0.190893 -0.00871024 0.01 75 75 0 0 0
4895 -0.163204 -0.00878791 0.01 72 72 0 0 0
4897 -0.149652 -0.00967657 0.01 69 69 0 0 0
4899 -0.16571 -0.00934624 0.01 77 76 0 0 0
4900 -0.191602 -0.00912395 0.01 77 77 0 0 0
4901 -0.191602 -0.00868961 0.01 75 75 0 0 0
4902 -0.17902 -0.0086556 0.01 77 76 0 0 0
4906 -0.119209 -0.00939099 0.01 76 76 0 0 0
4907 -0.163938 -0.00880506 0.01 76 75 0 0 0
4908 -0.197521 -0.00861781 0.01 75 75 0 0 0
4910 -0.143828 -0.00910991 0.01 67 67 0 0 0
4912 -0.14097 -0.00931217 0.01 67 67 0 0 0
4915 -0.195972 -0.00861781 0.01 77 77 0 0 0
4917 -0.162726 -0.00873546 0.01 75 75 0 0 0
4918 -0.186285 -0.00919583 0.01 75 75 0 0 0
4921 -0.139967 -0.00916999 0.01 72 72 0 0 0
4922 -0.215098 -0.00861781 0.01 75 75 0 0 0
4923 -0.16571 -0.00910719 0.01 72 72 0 0 0
4924 -0.195253 -0.00885928 0.01 72 72 0 0 0
4925 -0.174298 -0.0089841 0.01 69 69 0 0 0
4926 -0.140154 -0.00890179 0.01 72 72 0 0 0
4928 -0.195972 -0.00861781 0.01 77 77 0 0 0
4929 -0.131262 -0.0089562 0.01 68 68 0 0 0
4931 -0.195972 -0.00861781 0.01 72 72 0 0 0
4933 -0.0973426 -0.00864417 0.01 68 68 0.000668854 0 0.000258685
4934 -0.174161 -0.00903561 0.01 76 76 0 0 0
4936 -0.187873 -0.00865725 0.01 76 76 0 0 0
4937 -0.143828 -0.00910991 0.01 69 69 0 0 0
4938 -0.16017 -0.00856803 0.01 75 75 0 0 0
4939 -0.195972 -0.00868912 0.01 76 76 0 0 0
4942 -0.134098 -0.00931217 0.01 69 69 0 0 0
4943 -0.134098 -0.00931217 0.01 68 68 0 0 0
4945 -0.143828 -0.00910991 0.01 68 68 0 0 0
4948 -0.195623 -0.00930757 0.01 72 72 0 0 0
4949 -0.22492 -0.00930757 0.01 77 77 0 0 0
4951 -0.166469 -0.00858559 0.01 67 67 0 0 0
4952 -0.195972 -0.00861781 0.01 77 77 0 0 0
4953 -0.138174 -0.00855752 0.01 75 75 0 0 0
4955 -0.195972 -0.00863335 0.01 77 77 0 0 0
4957 -0.151221 -0.00857579 0.01 69 69 0 0 0
4958 -0.123102 -0.00916999 0.01 72 72 0 0 0
4960 -0.140979 -0.0100564 0.01 68 68 0 0 0
4961 -0.186285 -0.00890851 0.01 72 72 0 0 0
4962 -0.173974 -0.00906924 0.01 72 72 0 0 0
